1  1  MET  N  21.005  50.503  57.298  122.49
2  1  MET  CA  19.791  50.519  58.057  55.33
3  1  MET  C  18.895  49.476  57.441  175.73
4  1  MET  O  19.052  49.212  56.248  0
5  1  MET  CB  19.089  51.837  57.937  32.98
6  1  MET  CG  19.802  52.903  58.721  31.93
7  1  MET  SD  18.587  54.215  58.893  4.13
8  1  MET  CE  18.466  54.571  57.161  17.48
9  1  MET  H  21.277  51.338  57.155  8.53
10  1  MET  H2  21.632  50.06  57.749  8.28
11  1  MET  H3  20.862  50.101  56.517  1.48
12  1  MET  HA  19.989  50.357  58.993  4.39
13  1  MET  HB2  19.039  52.096  57.004  2.21
14  1  MET  HB3  18.177  51.751  58.257  2.35
15  1  MET  HG2  20.091  52.573  59.586  2.64
16  1  MET  HG3  20.595  53.213  58.256  2.55
17  1  MET  HE1  17.829  55.289  57.022  4.76
18  1  MET  HE2  19.335  54.841  56.824  63.85
19  1  MET  HE3  18.168  53.778  56.688  52.6
20  2  PHE  N  18.035  48.845  58.235  121.32
21  2  PHE  CA  16.979  48.002  57.683  58.38
22  2  PHE  C  15.953  48.976  57.09  174.02
23  2  PHE  O  15.835  50.11  57.589  3.88
24  2  PHE  CB  16.279  47.215  58.769  28.1
25  2  PHE  CG  17.064  46.021  59.267  126.49
26  2  PHE  CD1  18.148  46.194  60.112  8.52
27  2  PHE  CD2  16.675  44.753  58.867  4.51
28  2  PHE  CE1  18.834  45.073  60.549  2.95
29  2  PHE  CE2  17.363  43.637  59.304  2.95
30  2  PHE  CZ  18.442  43.8  60.147  119.59
31  2  PHE  H  18.045  48.891  59.094  8.76
32  2  PHE  HA  17.348  47.376  57.041  4.66
33  2  PHE  HB2  16.097  47.805  59.517  3.34
34  2  PHE  HB3  15.422  46.91  58.433  2.87
35  2  PHE  HD1  18.41  47.045  60.38  7.25
36  2  PHE  HD2  15.945  44.652  58.3  7.25
37  2  PHE  HE1  19.564  45.172  61.117  7.48
38  2  PHE  HE2  17.102  42.787  59.033  7.48
39  2  PHE  HZ  18.91  43.055  60.448  7.48
40  3  LYS  N  15.214  48.597  56.058  2.08
41  3  LYS  CA  14.164  49.432  55.491  1.99
42  3  LYS  C  12.869  48.669  55.651  124.89
43  3  LYS  O  12.774  47.509  55.249  52.31
44  3  LYS  CB  14.335  49.676  54.017  177.15
45  3  LYS  CG  15.413  50.674  53.741  32.93
46  3  LYS  CD  15.209  51.107  52.296  19.11
47  3  LYS  CE  16.234  52.178  51.986  20.57
48  3  LYS  NZ  15.769  52.985  50.874  8.05
49  3  LYS  H  15.308  47.84  55.662  8.73
50  3  LYS  HA  14.185  50.289  55.945  5.25
51  3  LYS  HB2  14.547  48.84  53.573  1.94
52  3  LYS  HB3  13.498  49.992  53.642  1.58
53  3  LYS  HG2  15.35  51.431  54.344  1.53
54  3  LYS  HG3  16.291  50.283  53.867  1.51
55  3  LYS  HD2  15.314  50.352  51.696  1.99
56  3  LYS  HD3  14.31  51.449  52.167  1.73
57  3  LYS  HE2  16.378  52.737  52.766  2.9
58  3  LYS  HE3  17.087  51.77  51.768  2.9
59  3  LYS  HZ1  16.371  53.615  50.692  177.29
60  3  LYS  HZ2  15.655  52.468  50.159  40.81
61  3  LYS  HZ3  14.995  53.369  51.088  42.63
62  4  VAL  N  11.862  49.29  56.238  27.13
63  4  VAL  CA  10.574  48.651  56.514  26.03
64  4  VAL  C  9.479  49.442  55.784  8.29
65  4  VAL  O  9.222  50.616  56.099  4.61
66  4  VAL  CB  10.282  48.658  58.06  2.73
67  4  VAL  CG1  8.95  47.961  58.32  2.64
68  4  VAL  CG2  11.449  48.005  58.839  112.89
69  4  VAL  H  11.902  50.11  56.495  9.03
70  4  VAL  HA  10.592  47.731  56.207  4.87
71  4  VAL  HB  10.213  49.571  58.379  2.33
72  4  VAL  HG11  8.764  47.962  59.272  69.51
73  4  VAL  HG12  8.242  48.431  57.852  2.5
74  4  VAL  HG13  8.996  47.046  58.001  21.41
75  4  VAL  HG21  11.252  48.018  59.789  7.92
76  4  VAL  HG22  11.561  47.087  58.545  4.25
77  4  VAL  HG23  12.267  48.5  58.672  4.26
78  5  TYR  N  8.831  48.837  54.788  176.31
79  5  TYR  CA  7.706  49.436  54.084  56.22
80  5  TYR  C  6.456  48.981  54.822  30.58
81  5  TYR  O  6.31  47.784  55.139  27.48
82  5  TYR  CB  7.599  48.942  52.633  123.09
83  5  TYR  CG  8.692  49.472  51.736  54.71
84  5  TYR  CD1  9.959  48.898  51.781  176.45
85  5  TYR  CD2  8.415  50.537  50.88  4.63
86  5  TYR  CE1  10.961  49.4  50.96  40.81
87  5  TYR  CE2  9.426  51.032  50.065  8.28
88  5  TYR  CZ  10.685  50.467  50.116  4.68
89  5  TYR  OH  11.708  50.978  49.318  1.88
90  5  TYR  H  9.039  48.054  54.5  9.61
91  5  TYR  HA  7.817  50.399  54.061  5.19
92  5  TYR  HB2  7.626  47.972  52.626  2.64
93  5  TYR  HB3  6.738  49.205  52.272  3.19
94  5  TYR  HD1  10.133  48.187  52.354  7.11
95  5  TYR  HD2  7.564  50.912  50.855  7.11
96  5  TYR  HE1  11.811  49.024  50.976  6.57
97  5  TYR  HE2  9.255  51.741  49.488  6.57
98  5  TYR  HH  11.478  51.726  49.012  3.7
99  6  GLY  N  5.533  49.874  55.11  3.61
100  6  GLY  CA  4.317  49.477  55.789  118.54
101  6  GLY  C  3.333  50.62  55.891  7.86
102  6  GLY  O  3.372  51.588  55.127  3.99
103  6  GLY  H  5.588  50.712  54.923  8.47
104  6  GLY  HA2  3.907  48.738  55.313  4.1
105  6  GLY  HA3  4.533  49.156  56.678  3.87
106  7  TYR  N  2.442  50.507  56.862  26.32
107  7  TYR  CA  1.413  51.506  57.119  122.79
108  7  TYR  C  1.67  52.119  58.461  55.11
109  7  TYR  O  2.084  51.417  59.378  179.05
110  7  TYR  CB  0.005  50.927  57.232  4.77
111  7  TYR  CG  -0.521  50.237  56.001  17.91
112  7  TYR  CD1  -0.985  51.011  54.951  2.14
113  7  TYR  CD2  -0.569  48.854  55.936  2.41
114  7  TYR  CE1  -1.502  50.387  53.835  2.41
115  7  TYR  CE2  -1.086  48.222  54.817  6.9
116  7  TYR  CZ  -1.549  49.003  53.779  8.19
117  7  TYR  OH  -2.106  48.406  52.664  3.77
118  7  TYR  H  2.416  49.837  57.401  7.27
119  7  TYR  HA  1.455  52.123  56.372  5.38
120  7  TYR  HB2  -0.008  50.294  57.967  2.86
121  7  TYR  HB3  -0.604  51.645  57.465  3.62
122  7  TYR  HD1  -0.949  51.939  54.998  7.31
123  7  TYR  HD2  -0.252  48.347  56.648  7.31
124  7  TYR  HE1  -1.818  50.894  53.122  6.83
125  7  TYR  HE2  -1.12  47.294  54.767  6.83
126  7  TYR  HH  -2.075  47.571  52.748  179.05
127  8  ASP  N  1.353  53.383  58.618  1.86
128  8  ASP  CA  1.379  54.012  59.918  29.01
129  8  ASP  C  0.072  53.524  60.555  3.68
130  8  ASP  O  -1.014  53.786  60.032  3.77
131  8  ASP  CB  1.368  55.515  59.744  8.11
132  8  ASP  CG  1.385  56.331  61.039  3.95
133  8  ASP  OD1  0.88  55.917  62.095  175.45
134  8  ASP  OD2  1.931  57.431  60.951  36.12
135  8  ASP  H  1.116  53.903  57.975  8.73
136  8  ASP  HA  2.16  53.799  60.452  4.68
137  8  ASP  HB2  2.138  55.768  59.211  2.91
138  8  ASP  HB3  0.578  55.76  59.237  2.84
139  9  SER  N  0.064  52.892  61.725  4.11
140  9  SER  CA  -1.173  52.358  62.288  118.79
141  9  SER  C  -2.171  53.409  62.766  58.31
142  9  SER  O  -3.34  53.082  63.002  179.05
143  9  SER  CB  -0.884  51.432  63.465  1.68
144  9  SER  OG  -0.305  50.228  62.993  28.21
145  9  SER  H  0.763  52.762  62.209  7.4
146  9  SER  HA  -1.579  51.883  61.546  4.14
147  9  SER  HB2  -0.283  51.867  64.09  4.61
148  9  SER  HB3  -1.704  51.24  63.946  4.41
149  9  SER  HG  0.042  49.813  63.636  4.17
150  10  ASN  N  -1.723  54.648  62.956  3.76
151  10  ASN  CA  -2.659  55.732  63.202  118.37
152  10  ASN  C  -3.518  55.978  61.988  57.12
153  10  ASN  O  -4.628  56.464  62.145  123.03
154  10  ASN  CB  -1.958  57.05  63.504  58.41
155  10  ASN  CG  -1.189  56.951  64.807  174.89
156  10  ASN  OD1  -1.733  56.536  65.839  8.54
157  10  ASN  ND2  0.113  57.238  64.812  27.78
158  10  ASN  H  -0.894  54.876  62.946  8.38
159  10  ASN  HA  -3.186  55.453  63.967  4.5
160  10  ASN  HB2  -1.353  57.275  62.78  3.22
161  10  ASN  HB3  -2.611  57.765  63.56  3.03
162  10  ASN  HD21  0.573  57.135  65.531  2.96
163  10  ASN  HD22  0.493  57.526  64.096  32.01
164  11  ILE  N  -3.063  55.713  60.763  8.04
165  11  ILE  CA  -3.859  55.957  59.566  3.43
166  11  ILE  C  -4.489  54.638  59.165  174.58
167  11  ILE  O  -5.677  54.6  58.838  6.67
168  11  ILE  CB  -2.936  56.525  58.453  35.38
169  11  ILE  CG1  -2.419  57.872  58.904  122.09
170  11  ILE  CG2  -3.673  56.641  57.124  67.51
171  11  ILE  CD  -1.159  58.375  58.2  177.35
172  11  ILE  H  -2.283  55.386  60.605  8.1
173  11  ILE  HA  -4.561  56.608  59.721  4.07
174  11  ILE  HB  -2.193  55.918  58.309  2.11
175  11  ILE  HG21  -3.073  56.997  56.451  8.78
176  11  ILE  HG22  -3.983  55.764  56.848  3.79
177  11  ILE  HG23  -4.433  57.235  57.226  30.02
178  12  HSE  N  -3.764  53.513  59.144  42.12
179  12  HSE  CA  -4.323  52.242  58.734  7.51
180  12  HSE  C  -3.681  51.215  59.641  119.79
181  12  HSE  O  -2.469  51.006  59.589  54.71
182  12  HSE  CB  -3.962  52.008  57.296  180.45
183  12  HSE  CG  -4.635  50.801  56.669  8.56
184  12  HSE  ND1  -5.696  50.809  55.872  17.91
185  12  HSE  CD2  -4.176  49.512  56.726  24.68
186  12  HSE  CE1  -5.895  49.594  55.423  28.98
187  12  HSE  NE2  -4.976  48.833  55.943  41.73
188  13  LYS  N  -4.454  50.568  60.487  0.98
189  13  LYS  CA  -3.913  49.659  61.489  8.84
190  13  LYS  C  -3.055  48.558  60.876  4.93
191  13  LYS  O  -3.491  47.931  59.898  8.09
192  13  LYS  CB  -5.077  49.06  62.264  4.01
193  13  LYS  CG  -4.581  48.271  63.463  1.23
194  13  LYS  CD  -5.696  47.747  64.361  1.33
195  13  LYS  CE  -5.125  47.55  65.754  1.47
196  13  LYS  NZ  -6.117  47.166  66.752  1.58
197  13  LYS  H  -5.311  50.639  60.502  8.09
198  13  LYS  HA  -3.329  50.16  62.08  4.24
199  13  LYS  HB2  -5.671  49.767  62.561  1.44
200  13  LYS  HB3  -5.594  48.481  61.682  1.68
201  13  LYS  HG2  -4.051  47.522  63.149  1.74
202  13  LYS  HG3  -3.992  48.834  63.989  1.74
203  13  LYS  HD2  -6.436  48.374  64.384  1.99
204  13  LYS  HD3  -6.044  46.91  64.016  1.99
205  13  LYS  HE2  -4.436  46.869  65.718  3.15
206  13  LYS  HE3  -4.696  48.373  66.037  3.15
207  13  LYS  HZ1  -5.72  47.067  67.542  27.08
208  13  LYS  HZ2  -6.74  47.799  66.811  26.08
209  13  LYS  HZ3  -6.497  46.398  66.513  26.63
210  14  CYS  N  -1.84  48.367  61.392  9.3
211  14  CYS  CA  -0.992  47.311  60.887  7.66
212  14  CYS  C  -0.176  46.758  62.031  4.17
213  14  CYS  O  0.958  47.176  62.3  3.92
214  14  CYS  CB  -0.081  47.849  59.785  3.92
215  14  CYS  SG  0.906  46.497  59.054  4.08
216  14  CYS  H  -1.499  48.836  62.027  9.18
217  14  CYS  HA  -1.535  46.603  60.506  4.77
218  14  CYS  HB2  -0.615  48.276  59.097  3.39
219  14  CYS  HB3  0.509  48.528  60.148  3.39
220  15  GLY  N  -0.745  45.803  62.754  123.67
221  15  GLY  CA  -0.066  45.169  63.887  122.25
222  15  GLY  C  1.297  44.56  63.509  53.93
223  15  GLY  O  2.3  44.868  64.165  172.84
224  15  GLY  H  -1.536  45.501  62.605  9.13
225  15  GLY  HA2  0.063  45.826  64.589  63.01
226  15  GLY  HA3  -0.636  44.473  64.251  177.05
227  16  PRO  N  1.441  43.75  62.43  43.38
228  16  PRO  CA  2.722  43.233  61.953  40.01
229  16  PRO  C  3.756  44.331  61.685  5.47
230  16  PRO  O  4.949  44.126  61.944  2.54
231  16  PRO  CB  2.361  42.431  60.697  2.51
232  16  PRO  CG  0.961  41.944  60.95  8.4
233  16  PRO  CD  0.35  43.177  61.613  3.73
234  16  PRO  HA  3.16  42.684  62.622  4.21
235  16  PRO  HB2  2.404  42.983  59.901  3.27
236  16  PRO  HB3  2.973  41.691  60.562  3.27
237  16  PRO  HG2  0.502  41.7  60.131  1.53
238  16  PRO  HG3  0.94  41.166  61.529  2.52
239  16  PRO  HD2  0.035  43.813  60.951  7.28
240  16  PRO  HD3  -0.413  42.939  62.163  7.34
241  17  CYS  N  3.322  45.484  61.134  9.26
242  17  CYS  CA  4.203  46.62  60.883  5.33
243  17  CYS  C  4.775  47.153  62.194  118.99
244  17  CYS  O  5.993  47.336  62.287  60.31
245  17  CYS  CB  3.465  47.784  60.221  178.45
246  17  CYS  SG  2.7  47.388  58.627  50.48
247  17  CYS  H  2.506  45.618  60.899  8.49
248  17  CYS  HA  4.902  46.294  60.295  4.4
249  17  CYS  HB2  2.776  48.1  60.826  2.88
250  17  CYS  HB3  4.089  48.516  60.093  2.78
251  18  ASP  N  3.929  47.366  63.213  8.21
252  18  ASP  CA  4.4  47.85  64.519  3.56
253  18  ASP  C  5.301  46.854  65.213  1.99
254  18  ASP  O  6.33  47.235  65.785  1.89
255  18  ASP  CB  3.252  48.13  65.453  119.35
256  18  ASP  CG  2.275  49.174  64.947  57.08
257  18  ASP  OD1  2.661  50.072  64.202  178.33
258  18  ASP  OD2  1.114  49.053  65.326  61.82
259  18  ASP  H  3.08  47.236  63.167  7.95
260  18  ASP  HA  4.893  48.663  64.326  4.31
261  18  ASP  HB2  2.771  47.303  65.614  2.74
262  18  ASP  HB3  3.608  48.422  66.307  2.9
263  19  ASN  N  4.971  45.566  65.104  64.61
264  19  ASN  CA  5.811  44.521  65.668  180.45
265  19  ASN  C  7.214  44.473  65.059  1.08
266  19  ASN  O  8.207  44.255  65.775  37.51
267  19  ASN  CB  5.155  43.16  65.492  7.25
268  19  ASN  CG  3.963  42.993  66.423  3.78
269  19  ASN  OD1  3.705  43.776  67.34  0.8
270  19  ASN  ND2  3.136  42.008  66.186  5.13
271  19  ASN  H  4.264  45.281  64.706  8.82
272  19  ASN  HA  5.907  44.738  66.609  4.26
273  19  ASN  HB2  4.866  43.055  64.572  1.85
274  19  ASN  HB3  5.804  42.461  65.667  1.85
275  19  ASN  HD21  2.428  41.916  66.666  6.98
276  19  ASN  HD22  3.3  41.452  65.55  5.83
277  20  ALA  N  7.325  44.679  63.742  57.92
278  20  ALA  CA  8.61  44.724  63.054  7.63
279  20  ALA  C  9.472  45.856  63.609  3.91
280  20  ALA  O  10.647  45.669  63.916  1.91
281  20  ALA  CB  8.379  44.972  61.565  1.18
282  20  ALA  H  6.649  44.797  63.224  7.93
283  20  ALA  HA  9.064  43.878  63.19  4.18
284  20  ALA  HB1  9.233  45.002  61.106  51.01
285  20  ALA  HB2  7.84  44.255  61.197  178.35
286  20  ALA  HB3  7.918  45.817  61.445  3.22
287  21  LYS  N  8.899  47.054  63.754  18.91
288  21  LYS  CA  9.633  48.188  64.32  53.72
289  21  LYS  C  10.115  47.899  65.731  7.39
290  21  LYS  O  11.303  48.087  66.036  70.01
291  21  LYS  CB  8.75  49.44  64.355  8.11
292  21  LYS  CG  8.442  49.885  62.945  4.32
293  21  LYS  CD  7.857  51.275  62.964  174.55
294  21  LYS  CE  6.42  51.296  63.387  25.12
295  21  LYS  NZ  5.911  52.643  63.201  116.59
296  21  LYS  H  8.087  47.23  63.531  7.45
297  21  LYS  HA  10.402  48.337  63.748  3.26
298  21  LYS  HB2  7.926  49.252  64.832  1.54
299  21  LYS  HB3  9.201  50.151  64.837  1.54
300  21  LYS  HG2  9.251  49.873  62.409  1.73
301  21  LYS  HG3  7.818  49.268  62.531  1.22
302  21  LYS  HD2  8.375  51.831  63.567  1.94
303  21  LYS  HD3  7.935  51.666  62.08  1.94
304  21  LYS  HE2  5.904  50.664  62.862  8.08
305  21  LYS  HE3  6.337  51.028  64.316  4.04
306  21  LYS  HZ1  5.056  52.674  63.448  3.98
307  21  LYS  HZ2  6.384  53.21  63.697  3.98
308  21  LYS  HZ3  5.98  52.871  62.343  4.53
309  22  ARG  N  9.237  47.363  66.582  4.76
310  22  ARG  CA  9.685  47.087  67.937  36.32
311  22  ARG  C  10.741  46.003  68.054  31.12
312  22  ARG  O  11.628  46.11  68.92  117.61
313  22  ARG  CB  8.484  46.746  68.832  58.98
314  22  ARG  CG  8.061  48.144  69.28  173.26
315  22  ARG  CD  6.611  48.292  69.05  6.25
316  22  ARG  NE  6.21  49.686  69.06  28.63
317  22  ARG  CZ  4.919  50.013  68.971  1.87
318  22  ARG  NH1  3.935  49.111  68.851  55.81
319  22  ARG  NH2  4.606  51.298  68.989  175.35
320  22  ARG  H  8.42  47.162  66.404  8.13
321  22  ARG  HA  10.116  47.903  68.235  4.03
322  22  ARG  HB2  7.781  46.286  68.346  1.92
323  22  ARG  HB3  8.731  46.178  69.579  1.92
324  22  ARG  HG2  8.268  48.274  70.219  1.68
325  22  ARG  HG3  8.551  48.819  68.785  1.75
326  22  ARG  HD2  6.375  47.892  68.198  3.24
327  22  ARG  HD3  6.123  47.809  69.735  3.24
328  22  ARG  HE  6.805  50.303  69.123  7.3
329  22  ARG  HH11  4.121  48.272  68.828  29.38
330  22  ARG  HH12  3.117  49.371  68.797  41.23
331  22  ARG  HH21  5.226  51.891  69.056  118.69
332  22  ARG  HH22  3.783  51.541  68.933  55.61
333  23  LEU  N  10.666  44.965  67.194  5
334  23  LEU  CA  11.678  43.916  67.198  1.59
335  23  LEU  C  13.035  44.505  66.789  31.71
336  23  LEU  O  14.05  44.224  67.446  1.21
337  23  LEU  CB  11.282  42.771  66.245  1.34
338  23  LEU  CG  12.294  41.607  66.148  1.55
339  23  LEU  CD1  12.538  41.057  67.542  1.61
340  23  LEU  CD2  11.79  40.524  65.201  2.79
341  23  LEU  H  10.041  44.861  66.612  8.05
342  23  LEU  HA  11.746  43.552  68.094  4.19
343  23  LEU  HB2  10.427  42.413  66.532  1.94
344  23  LEU  HB3  11.151  43.14  65.358  1.94
345  23  LEU  HG  13.132  41.932  65.783  1.37
346  23  LEU  HD11  13.172  40.325  67.495  0.63
347  23  LEU  HD12  12.896  41.758  68.109  174.66
348  23  LEU  HD13  11.702  40.736  67.914  2.73
349  23  LEU  HD21  12.44  39.805  65.156  42.23
350  23  LEU  HD22  10.946  40.176  65.527  8.63
351  23  LEU  HD23  11.663  40.901  64.316  131.28
352  24  LEU  N  13.089  45.376  65.765  131.28
353  24  LEU  CA  14.351  45.998  65.398  63.11
354  24  LEU  C  14.858  46.889  66.521  171.45
355  24  LEU  O  16.068  46.867  66.775  129.58
356  24  LEU  CB  14.139  46.777  64.101  31.31
357  24  LEU  CG  13.832  45.897  62.878  5.12
358  24  LEU  CD1  13.309  46.756  61.737  2.65
359  24  LEU  CD2  15.102  45.142  62.456  3.13
360  24  LEU  H  12.414  45.61  65.285  7.59
361  24  LEU  HA  15.032  45.322  65.254  3.49
362  24  LEU  HB2  13.409  47.403  64.228  1.31
363  24  LEU  HB3  14.934  47.302  63.917  1.31
364  24  LEU  HG  13.148  45.249  63.108  1.42
365  24  LEU  HD11  13.118  46.194  60.97  113.75
366  24  LEU  HD12  12.497  47.207  62.017  45.13
367  24  LEU  HD13  13.978  47.416  61.495  172.86
368  24  LEU  HD21  14.908  44.587  61.685  25.02
369  24  LEU  HD22  15.797  45.779  62.228  8.91
370  24  LEU  HD23  15.404  44.582  63.188  3.52
371  25  THR  N  14.018  47.642  67.229  113.99
372  25  THR  CA  14.464  48.415  68.382  54.41
373  25  THR  C  15.004  47.494  69.474  170.85
374  25  THR  O  16.103  47.754  69.967  171.66
375  25  THR  CB  13.306  49.249  68.929  40.21
376  25  THR  OG1  12.981  50.157  67.876  34.78
377  25  THR  CG2  13.634  50.005  70.218  21.73
378  25  THR  H  13.179  47.718  67.055  7.9
379  25  THR  HA  15.179  49.006  68.098  4.29
380  25  THR  HB  12.569  48.67  69.179  4.51
381  25  THR  HG1  12.494  49.769  67.312  1.35
382  25  THR  HG21  12.856  50.509  70.504  1.53
383  25  THR  HG22  13.881  49.372  70.91  7.21
384  25  THR  HG23  14.372  50.613  70.058  115.92
385  26  VAL  N  14.354  46.393  69.851  114.97
386  26  VAL  CA  14.897  45.533  70.909  54.92
387  26  VAL  C  16.238  44.9  70.499  174.65
388  26  VAL  O  17.125  44.728  71.329  128.12
389  26  VAL  CB  13.827  44.458  71.259  49.53
390  26  VAL  CG1  14.409  43.438  72.22  116.79
391  26  VAL  CG2  12.663  45.098  72.001  58.91
392  26  VAL  H  13.609  46.127  69.514  8.79
393  26  VAL  HA  15.089  46.066  71.696  3.89
394  26  VAL  HB  13.543  44.05  70.426  2.3
395  26  VAL  HG11  13.736  42.773  72.433  9.03
396  26  VAL  HG12  15.173  43.005  71.809  5.06
397  26  VAL  HG13  14.69  43.884  73.034  1.6
398  26  VAL  HG21  12.003  44.42  72.214  120.73
399  26  VAL  HG22  12.985  45.504  72.821  51.18
400  26  VAL  HG23  12.258  45.779  71.442  124.69
401  27  LYS  N  16.438  44.618  69.21  53.01
402  27  LYS  CA  17.697  44.1  68.703  179.05
403  27  LYS  C  18.753  45.176  68.457  8.83
404  27  LYS  O  19.826  44.88  67.898  43.91
405  27  LYS  CB  17.449  43.361  67.398  27.31
406  27  LYS  CG  16.52  42.181  67.547  7.69
407  27  LYS  CD  17.125  41.219  68.538  116.47
408  27  LYS  CE  16.318  39.946  68.583  117.76
409  27  LYS  NZ  17.234  38.885  68.968  8.84
410  27  LYS  H  15.837  44.725  68.604  7.76
411  27  LYS  HA  18.044  43.511  69.391  4.2
412  27  LYS  HB2  17.076  43.979  66.75  1.44
413  27  LYS  HB3  18.297  43.054  67.041  1.4
414  27  LYS  HG2  15.647  42.475  67.852  1.72
415  27  LYS  HG3  16.389  41.745  66.691  1.72
416  27  LYS  HD2  18.041  41.021  68.289  1.33
417  27  LYS  HD3  17.152  41.625  69.419  1.18
418  27  LYS  HE2  15.591  40.021  69.22  2.61
419  27  LYS  HE3  15.919  39.76  67.718  2.61
420  27  LYS  HZ1  16.794  38.112  69.006  4.63
421  27  LYS  HZ2  17.888  38.824  68.367  1.78
422  27  LYS  HZ3  17.582  39.068  69.767  2.22
423  28  LYS  N  18.472  46.443  68.797  1.29
424  28  LYS  CA  19.361  47.58  68.574  9.74
425  28  LYS  C  19.789  47.753  67.122  3.88
426  28  LYS  O  20.954  47.978  66.781  3.24
427  28  LYS  CB  20.586  47.433  69.46  7.31
428  28  LYS  CG  20.138  47.469  70.899  173.75
429  28  LYS  CD  21.274  46.838  71.658  119.58
430  28  LYS  CE  20.943  46.73  73.131  114.19
431  28  LYS  NZ  22.048  46.04  73.788  59.21
432  28  LYS  H  17.733  46.665  69.176  8.06
433  28  LYS  HA  18.859  48.378  68.801  4.04
434  28  LYS  HB2  21.043  46.599  69.269  2.18
435  28  LYS  HB3  21.217  48.148  69.285  2.02
436  28  LYS  HG2  19.975  48.378  71.196  1.45
437  28  LYS  HG3  19.312  46.977  71.025  1.52
438  28  LYS  HD2  21.458  45.956  71.298  1.98
439  28  LYS  HD3  22.079  47.366  71.541  1.56
440  28  LYS  HE2  20.816  47.611  73.516  3.1
441  28  LYS  HE3  20.114  46.242  73.258  3.1
442  28  LYS  HZ1  21.876  45.964  74.658  6.19
443  28  LYS  HZ2  22.145  45.229  73.433  121.23
444  28  LYS  HZ3  22.798  46.505  73.674  63.28
445  29  GLN  N  18.825  47.624  66.219  176.23
446  29  GLN  CA  19.07  47.766  64.796  129.97
447  29  GLN  C  18.415  49.039  64.243  26.28
448  29  GLN  O  17.186  49.185  64.338  173.45
449  29  GLN  CB  18.517  46.535  64.075  118.49
450  29  GLN  CG  19.346  45.315  64.37  58.81
451  29  GLN  CD  20.779  45.423  63.869  178.15
452  29  GLN  OE1  21.12  46.03  62.843  2.86
453  29  GLN  NE2  21.697  44.851  64.622  29.11
454  29  GLN  H  18.007  47.451  66.418  8.31
455  29  GLN  HA  20.026  47.839  64.647  5.02
456  29  GLN  HB2  17.6  46.38  64.35  2.31
457  29  GLN  HB3  18.503  46.696  63.119  2.31
458  29  GLN  HG2  19.356  45.163  65.328  1.81
459  29  GLN  HG3  18.926  44.541  63.964  1.81
460  29  GLN  HE21  21.466  44.429  65.335  7.07
461  29  GLN  HE22  22.527  44.9  64.401  4.01
462  30  PRO  N  19.153  50.002  63.668  2.65
463  30  PRO  CA  18.596  51.204  63.067  1.9
464  30  PRO  C  17.738  50.814  61.876  2.29
465  30  PRO  O  18.118  49.908  61.113  2.29
466  30  PRO  CB  19.783  52.034  62.646  2.1
467  30  PRO  CG  20.85  51.531  63.593  2.43
468  30  PRO  CD  20.597  50.037  63.589  2.43
469  30  PRO  HA  18.029  51.703  63.676  4.65
470  30  PRO  HB2  20.02  51.888  61.717  2.43
471  30  PRO  HB3  19.62  52.984  62.751  2.14
472  30  PRO  HG2  21.743  51.749  63.283  2.82
473  30  PRO  HG3  20.757  51.912  64.48  2.66
474  30  PRO  HD2  20.931  49.61  62.784  4.16
475  30  PRO  HD3  21.017  49.592  64.342  4.06
476  31  PHE  N  16.603  51.488  61.701  36.13
477  31  PHE  CA  15.759  51.228  60.551  42.11
478  31  PHE  C  15.145  52.531  60.065  26.61
479  31  PHE  O  15.052  53.52  60.802  177.35
480  31  PHE  CB  14.616  50.231  60.89  7.54
481  31  PHE  CG  13.647  50.682  61.985  4.01
482  31  PHE  CD1  12.526  51.442  61.67  2.08
483  31  PHE  CD2  13.915  50.381  63.315  2.08
484  31  PHE  CE1  11.696  51.894  62.681  7.51
485  31  PHE  CE2  13.068  50.842  64.314  3.87
486  31  PHE  CZ  11.962  51.599  64.005  2.21
487  31  PHE  H  16.31  52.095  62.235  8.42
488  31  PHE  HA  16.315  50.834  59.861  5.66
489  31  PHE  HB2  14.108  50.06  60.082  3.09
490  31  PHE  HB3  15.013  49.388  61.159  2.74
491  31  PHE  HD1  12.335  51.646  60.783  7.35
492  31  PHE  HD2  14.661  49.871  63.536  7.35
493  31  PHE  HE1  10.948  52.404  62.466  7.21
494  31  PHE  HE2  13.251  50.637  65.202  7.21
495  31  PHE  HZ  11.4  51.908  64.678  7.29
496  32  GLU  N  14.684  52.51  58.829  1.45
497  32  GLU  CA  13.95  53.593  58.225  113.69
498  32  GLU  C  12.566  53.009  57.937  58.31
499  32  GLU  O  12.459  51.916  57.371  177.75
500  32  GLU  CB  14.667  53.949  56.967  4.24
501  32  GLU  CG  13.973  54.945  56.083  30.21
502  32  GLU  CD  14.729  55.326  54.802  28.61
503  32  GLU  OE1  15.802  54.776  54.508  43.11
504  32  GLU  OE2  14.224  56.201  54.09  1.97
505  32  GLU  H  14.795  51.839  58.302  8.71
506  32  GLU  HA  13.874  54.391  58.771  4.62
507  32  GLU  HB2  15.54  54.301  57.2  2.12
508  32  GLU  HB3  14.815  53.137  56.458  2.15
509  32  GLU  HG2  13.107  54.586  55.835  2.42
510  32  GLU  HG3  13.809  55.752  56.596  2.42
511  33  PHE  N  11.485  53.672  58.281  1.44
512  33  PHE  CA  10.147  53.178  57.973  116.79
513  33  PHE  C  9.589  54.01  56.814  58.31
514  33  PHE  O  9.658  55.244  56.807  3.91
515  33  PHE  CB  9.253  53.305  59.218  1.71
516  33  PHE  CG  7.869  52.7  59.024  31.11
517  33  PHE  CD1  7.687  51.343  59.216  27.31
518  33  PHE  CD2  6.802  53.499  58.641  7.65
519  33  PHE  CE1  6.436  50.789  59.028  4.5
520  33  PHE  CE2  5.556  52.939  58.454  7.48
521  33  PHE  CZ  5.384  51.59  58.648  4.16
522  33  PHE  H  11.497  54.423  58.7  9.29
523  33  PHE  HA  10.175  52.243  57.717  5.53
524  33  PHE  HB2  9.688  52.87  59.968  3.39
525  33  PHE  HB3  9.161  54.243  59.449  2.98
526  33  PHE  HD1  8.403  50.806  59.47  7.19
527  33  PHE  HD2  6.927  54.411  58.51  7.19
528  33  PHE  HE1  6.305  49.877  59.158  7.03
529  33  PHE  HE2  4.837  53.471  58.198  7.03
530  33  PHE  HZ  4.544  51.212  58.521  6.95
531  34  ILE  N  9.024  53.368  55.798  85
532  34  ILE  CA  8.472  54.04  54.638  118.77
533  34  ILE  C  6.973  53.748  54.671  58.52
534  34  ILE  O  6.536  52.594  54.558  172.75
535  34  ILE  CB  9.142  53.478  53.348  8.06
536  34  ILE  CG1  10.605  53.856  53.284  34.11
537  34  ILE  CG2  8.446  54.045  52.136  1.96
538  34  ILE  CD1  11.302  53.478  54.566  4.7
539  34  ILE  H  8.951  52.512  55.767  9.01
540  34  ILE  HA  8.633  54.997  54.644  3.91
541  34  ILE  HB  9.068  52.511  53.366  1
542  34  ILE  HG12  11.028  53.408  52.535  0.9
543  34  ILE  HG13  10.692  54.81  53.131  0.19
544  34  ILE  HG21  8.861  53.697  51.332  1.01
545  34  ILE  HG22  7.51  53.791  52.152  2.23
546  34  ILE  HG23  8.519  55.012  52.144  51.61
547  34  ILE  HD11  12.238  53.726  54.511  2.04
548  34  ILE  HD12  10.888  53.944  55.309  116.7
549  34  ILE  HD13  11.229  52.521  54.704  42.61
550  35  ASN  N  6.166  54.792  54.866  27.31
551  35  ASN  CA  4.714  54.653  54.968  119.52
552  35  ASN  C  4.103  54.707  53.574  4.91
553  35  ASN  O  4.298  55.692  52.855  1.89
554  35  ASN  CB  4.122  55.782  55.827  1.29
555  35  ASN  CG  2.598  55.732  55.945  42.08
556  35  ASN  OD1  1.918  54.728  55.674  26.92
557  35  ASN  ND2  2.013  56.857  56.341  0.79
558  35  ASN  H  6.446  55.601  54.943  8.47
559  35  ASN  HA  4.511  53.802  55.387  4.9
560  35  ASN  HB2  4.509  55.738  56.716  3.11
561  35  ASN  HB3  4.381  56.636  55.447  2.84
562  35  ASN  HD21  1.157  56.895  56.412  1.89
563  35  ASN  HD22  2.491  57.548  56.527  1.64
564  36  ILE  N  3.358  53.697  53.143  1.78
565  36  ILE  CA  2.813  53.718  51.788  3.12
566  36  ILE  C  1.415  54.343  51.725  3.12
567  36  ILE  O  0.846  54.49  50.639  174.95
568  36  ILE  CB  2.765  52.263  51.154  7.22
569  36  ILE  CG1  1.854  51.314  51.971  40.02
570  36  ILE  CG2  4.222  51.753  51.018  108.19
571  36  ILE  CD  1.552  49.957  51.275  47.83
572  36  ILE  H  3.158  53.001  53.608  7.91
573  36  ILE  HA  3.417  54.273  51.271  4.09
574  36  ILE  HB  2.363  52.29  50.272  2
575  36  ILE  HG21  4.219  50.863  50.632  32.01
576  36  ILE  HG22  4.723  52.353  50.443  3.71
577  36  ILE  HG23  4.638  51.723  51.894  120.94
578  37  MET  N  0.803  54.699  52.842  66.13
579  37  MET  CA  -0.523  55.306  52.821  177.69
580  37  MET  C  -0.453  56.609  53.627  2.17
581  37  MET  O  -0.633  56.589  54.848  4.23
582  37  MET  CB  -1.551  54.355  53.441  8.09
583  37  MET  CG  -2.945  54.929  53.268  8.91
584  37  MET  SD  -4.23  53.864  53.922  4.06
585  37  MET  CE  -4.327  52.868  52.489  2.97
586  37  MET  H  1.137  54.598  53.628  7.97
587  37  MET  HA  -0.797  55.487  51.908  5.44
588  37  MET  HB2  -1.495  53.484  53.018  1.91
589  37  MET  HB3  -1.359  54.226  54.383  1.73
590  37  MET  HG2  -2.991  55.791  53.71  2.42
591  37  MET  HG3  -3.11  55.084  52.325  2.42
592  37  MET  HE1  -4.998  52.18  52.618  39.71
593  37  MET  HE2  -4.57  53.418  51.728  8.86
594  37  MET  HE3  -3.466  52.452  52.325  4.34
595  38  PRO  N  -0.069  57.747  53.033  7.77
596  38  PRO  CA  0.13  59.004  53.753  2.5
597  38  PRO  C  -1.161  59.54  54.366  2.44
598  38  PRO  O  -1.088  60.325  55.314  119.49
599  38  PRO  CB  0.742  59.923  52.71  61.01
600  38  PRO  CG  0.18  59.391  51.392  177.85
601  38  PRO  CD  0.301  57.877  51.623  7.95
602  38  PRO  HA  0.706  58.908  54.527  4.29
603  38  PRO  HB2  0.491  60.848  52.858  2.41
604  38  PRO  HB3  1.711  59.886  52.726  2.12
605  38  PRO  HG2  -0.737  59.669  51.244  2.04
606  38  PRO  HG3  0.694  59.689  50.625  2.03
607  38  PRO  HD2  -0.294  57.374  51.045  4.19
608  38  PRO  HD3  1.2  57.556  51.454  3.4
609  39  GLU  N  -2.347  59.218  53.855  2.26
610  39  GLU  CA  -3.58  59.608  54.506  1.67
611  39  GLU  C  -4.621  58.576  54.12  2.57
612  39  GLU  O  -4.435  57.772  53.204  2.57
613  39  GLU  CB  -4.036  61.02  54.086  9.13
614  39  GLU  CG  -4.588  61.145  52.709  6.71
615  39  GLU  CD  -5.126  62.533  52.424  122.79
616  39  GLU  OE1  -6.188  62.907  52.919  56.41
617  39  GLU  OE2  -4.454  63.22  51.686  178.85
618  39  GLU  H  -2.453  58.771  53.128  7.35
619  39  GLU  HA  -3.451  59.642  55.467  4.58
620  39  GLU  HB2  -4.71  61.323  54.714  1.84
621  39  GLU  HB3  -3.28  61.622  54.168  2.08
622  39  GLU  HG2  -3.895  60.931  52.065  2.26
623  39  GLU  HG3  -5.298  60.495  52.588  2.37
624  40  LYS  N  -5.705  58.589  54.877  1.33
625  40  LYS  CA  -6.757  57.578  54.836  1.58
626  40  LYS  C  -7.234  57.352  53.418  1.58
627  40  LYS  O  -7.586  58.298  52.725  8.89
628  40  LYS  CB  -7.784  58.137  55.781  3.77
629  40  LYS  CG  -8.887  57.314  56.382  58.83
630  40  LYS  CD  -9.56  58.36  57.281  173.77
631  40  LYS  CE  -10.62  57.764  58.185  7.02
632  40  LYS  NZ  -11.1  58.732  59.16  39.23
633  40  LYS  H  -5.858  59.21  55.453  8.93
634  40  LYS  HA  -6.487  56.687  55.109  3.73
635  40  LYS  HB2  -7.292  58.52  56.524  1.83
636  40  LYS  HB3  -8.213  58.872  55.316  1.83
637  40  LYS  HG2  -9.492  56.961  55.711  1.51
638  40  LYS  HG3  -8.55  56.557  56.886  1.59
639  40  LYS  HD2  -8.885  58.795  57.825  1.55
640  40  LYS  HD3  -9.963  59.046  56.726  1.5
641  40  LYS  HE2  -11.364  57.449  57.648  3.11
642  40  LYS  HE3  -10.256  56.992  58.646  3.11
643  40  LYS  HZ1  -11.72  58.353  59.675  3.92
644  40  LYS  HZ2  -10.421  59.005  59.666  2.21
645  40  LYS  HZ3  -11.453  59.43  58.736  2.11
646  41  GLY  N  -7.092  56.125  52.927  7.22
647  41  GLY  CA  -7.542  55.739  51.597  119.69
648  41  GLY  C  -6.706  56.276  50.425  61.91
649  41  GLY  O  -7.11  56.102  49.266  176.85
650  41  GLY  H  -6.725  55.483  53.366  8.11
651  41  GLY  HA2  -7.554  54.77  51.547  4.2
652  41  GLY  HA3  -8.457  56.04  51.484  3.67
653  42  VAL  N  -5.539  56.901  50.662  34.33
654  42  VAL  CA  -4.668  57.406  49.617  1.83
655  42  VAL  C  -3.305  56.701  49.689  7.56
656  42  VAL  O  -2.574  56.844  50.663  4.01
657  42  VAL  CB  -4.477  58.938  49.771  7.71
658  42  VAL  CG1  -3.52  59.471  48.683  3.95
659  42  VAL  CG2  -5.826  59.653  49.617  2.19
660  42  VAL  H  -5.237  57.04  51.455  8.09
661  42  VAL  HA  -5.076  57.226  48.755  4.3
662  42  VAL  HB  -4.105  59.109  50.65  1.91
663  42  VAL  HG11  -3.409  60.429  48.79  6.87
664  42  VAL  HG12  -2.658  59.035  48.768  7.66
665  42  VAL  HG13  -3.891  59.285  47.806  119.51
666  42  VAL  HG21  -5.698  60.61  49.714  114.49
667  42  VAL  HG22  -6.194  59.464  48.74  63.81
668  42  VAL  HG23  -6.439  59.338  50.299  175.55
669  43  PHE  N  -2.981  55.933  48.65  44.13
670  43  PHE  CA  -1.694  55.276  48.503  27.71
671  43  PHE  C  -0.689  56.178  47.833  25.73
672  43  PHE  O  -1.007  57.031  46.986  22.33
673  43  PHE  CB  -1.807  54.027  47.654  8.47
674  43  PHE  CG  -2.448  52.908  48.447  5.01
675  43  PHE  CD1  -1.674  52.148  49.313  7.7
676  43  PHE  CD2  -3.793  52.637  48.293  3.55
677  43  PHE  CE1  -2.246  51.109  50.022  3.15
678  43  PHE  CE2  -4.359  51.592  49.009  2.35
679  43  PHE  CZ  -3.585  50.828  49.87  120.89
680  43  PHE  H  -3.52  55.779  47.998  8.55
681  43  PHE  HA  -1.402  55.052  49.4  5.13
682  43  PHE  HB2  -2.335  54.214  46.862  3
683  43  PHE  HB3  -0.927  53.754  47.351  3
684  43  PHE  HD1  -0.77  52.338  49.416  7.43
685  43  PHE  HD2  -4.313  53.149  47.716  7.43
686  43  PHE  HE1  -1.727  50.6  50.602  7.33
687  43  PHE  HE2  -5.264  51.402  48.911  7.33
688  43  PHE  HZ  -3.97  50.127  50.344  6.98
689  44  ASP  N  0.559  55.981  48.219  65.41
690  44  ASP  CA  1.648  56.676  47.609  176.75
691  44  ASP  C  2.148  55.749  46.503  4.48
692  44  ASP  O  2.969  54.837  46.727  38.21
693  44  ASP  CB  2.727  56.921  48.641  1.97
694  44  ASP  CG  3.851  57.807  48.123  2.08
695  44  ASP  OD1  4.136  57.836  46.93  2.22
696  44  ASP  OD2  4.466  58.475  48.937  3.58
697  44  ASP  H  0.789  55.437  48.844  8.43
698  44  ASP  HA  1.39  57.54  47.252  4.91
699  44  ASP  HB2  2.331  57.333  49.425  2.42
700  44  ASP  HB3  3.096  56.07  48.924  2.42
701  45  ASP  N  1.729  56.044  45.279  0.69
702  45  ASP  CA  2.074  55.193  44.152  31.78
703  45  ASP  C  3.544  55.165  43.751  0.81
704  45  ASP  O  4.028  54.128  43.262  8.53
705  45  ASP  CB  1.196  55.606  42.978  16.88
706  45  ASP  CG  -0.276  55.169  43.109  8.79
707  45  ASP  OD1  -0.642  54.44  44.043  4.75
708  45  ASP  OD2  -1.058  55.533  42.223  2.08
709  45  ASP  H  1.247  56.728  45.081  8.37
710  45  ASP  HA  1.91  54.28  44.434  4.4
711  45  ASP  HB2  1.23  56.571  42.885  2.82
712  45  ASP  HB3  1.564  55.229  42.163  2.7
713  46  GLU  N  4.295  56.236  44.041  57.81
714  46  GLU  CA  5.738  56.262  43.81  1.98
715  46  GLU  C  6.419  55.264  44.753  1.61
716  46  GLU  O  7.287  54.507  44.311  32.71
717  46  GLU  CB  6.285  57.691  44.06  25.01
718  46  GLU  CG  7.817  57.877  44.132  4.67
719  46  GLU  CD  8.325  58.939  45.136  41.81
720  46  GLU  OE1  7.863  60.082  45.076  7.57
721  46  GLU  OE2  9.188  58.652  45.976  4.05
722  46  GLU  H  3.979  56.963  44.376  8.43
723  46  GLU  HA  5.925  56.014  42.891  4.22
724  46  GLU  HB2  5.948  58.266  43.355  2.24
725  46  GLU  HB3  5.907  58.013  44.893  2.24
726  46  GLU  HG2  8.218  57.024  44.36  2.55
727  46  GLU  HG3  8.138  58.114  43.248  2.43
728  47  LYS  N  6.007  55.188  46.022  2.89
729  47  LYS  CA  6.595  54.232  46.948  115.22
730  47  LYS  C  6.178  52.81  46.615  55.61
731  47  LYS  O  7.003  51.909  46.78  176.75
732  47  LYS  CB  6.185  54.544  48.389  2
733  47  LYS  CG  6.77  55.89  48.845  32.11
734  47  LYS  CD  8.263  55.77  49.033  26.81
735  47  LYS  CE  9.097  56.857  48.364  42.01
736  47  LYS  NZ  8.714  58.206  48.749  4.32
737  47  LYS  H  5.39  55.682  46.36  7.87
738  47  LYS  HA  7.558  54.309  46.861  4.24
739  47  LYS  HB2  5.218  54.568  48.456  1.94
740  47  LYS  HB3  6.493  53.837  48.977  2.18
741  47  LYS  HG2  6.574  56.575  48.187  1.55
742  47  LYS  HG3  6.353  56.167  49.676  1.04
743  47  LYS  HD2  8.455  55.776  49.984  1.71
744  47  LYS  HD3  8.548  54.908  48.691  1.71
745  47  LYS  HE2  10.031  56.719  48.585  3.09
746  47  LYS  HE3  9.017  56.769  47.401  3.1
747  47  LYS  HZ1  8.701  58.728  48.028  34.11
748  47  LYS  HZ2  7.905  58.191  49.119  8
749  47  LYS  HZ3  9.302  58.526  49.336  4.21
750  48  ILE  N  4.954  52.544  46.147  3.92
751  48  ILE  CA  4.574  51.175  45.767  2.13
752  48  ILE  C  5.4  50.768  44.548  1.69
753  48  ILE  O  5.935  49.653  44.554  43.48
754  48  ILE  CB  3.036  51.092  45.467  61.31
755  48  ILE  CG1  2.286  51.433  46.777  1.69
756  48  ILE  CG2  2.604  49.685  45.023  2.34
757  48  ILE  CD  0.773  51.661  46.639  32.01
758  48  ILE  H  4.336  53.132  46.042  8.24
759  48  ILE  HA  4.755  50.563  46.498  3.69
760  48  ILE  HB  2.83  51.709  44.747  2.02
761  48  ILE  HG21  1.65  49.679  44.849  1.83
762  48  ILE  HG22  3.081  49.44  44.215  1.41
763  48  ILE  HG23  2.808  49.047  45.725  1.67
764  49  ALA  N  5.592  51.65  43.542  3.14
765  49  ALA  CA  6.428  51.322  42.387  3.14
766  49  ALA  C  7.875  50.984  42.805  4.59
767  49  ALA  O  8.493  50.019  42.35  2.35
768  49  ALA  CB  6.431  52.514  41.431  2
769  49  ALA  H  5.245  52.436  43.519  8.1
770  49  ALA  HA  6.06  50.537  41.952  4.03
771  49  ALA  HB1  6.983  52.309  40.66  118.62
772  49  ALA  HB2  5.524  52.698  41.14  52.63
773  49  ALA  HB3  6.788  53.293  41.886  176.8
774  50  GLU  N  8.42  51.753  43.762  32.02
775  50  GLU  CA  9.754  51.519  44.282  52.41
776  50  GLU  C  9.824  50.151  44.98  177.75
777  50  GLU  O  10.783  49.382  44.768  26.73
778  50  GLU  CB  10.071  52.653  45.226  18.61
779  50  GLU  CG  11.325  52.457  46.033  8.8
780  50  GLU  CD  11.503  53.587  47.03  8.47
781  50  GLU  OE1  11.927  54.654  46.595  4.38
782  50  GLU  OE2  11.218  53.423  48.217  1.89
783  50  GLU  H  8.017  52.423  44.121  7.78
784  50  GLU  HA  10.411  51.496  43.569  4
785  50  GLU  HB2  10.154  53.472  44.714  2.29
786  50  GLU  HB3  9.324  52.772  45.833  2.16
787  50  GLU  HG2  11.284  51.609  46.502  2.44
788  50  GLU  HG3  12.093  52.417  45.442  2.44
789  51  LEU  N  8.796  49.803  45.757  8.3
790  51  LEU  CA  8.772  48.508  46.402  116.28
791  51  LEU  C  8.758  47.383  45.375  55.53
792  51  LEU  O  9.544  46.436  45.473  173.47
793  51  LEU  CB  7.545  48.399  47.296  1.74
794  51  LEU  CG  7.324  47.081  48.078  32.78
795  51  LEU  CD1  8.51  46.703  48.971  8.5
796  51  LEU  CD2  6.091  47.281  48.927  9.23
797  51  LEU  H  8.114  50.302  45.917  7.84
798  51  LEU  HA  9.576  48.423  46.938  3.48
799  51  LEU  HB2  7.583  49.123  47.94  1.02
800  51  LEU  HB3  6.762  48.551  46.744  1.89
801  51  LEU  HG  7.225  46.353  47.445  1.18
802  51  LEU  HD11  8.315  45.873  49.434  55.38
803  51  LEU  HD12  9.303  46.59  48.425  178.23
804  51  LEU  HD13  8.663  47.407  49.621  9.28
805  51  LEU  HD21  5.915  46.475  49.437  40.88
806  51  LEU  HD22  6.234  48.023  49.535  27.18
807  51  LEU  HD23  5.332  47.474  48.355  44.51
808  52  LEU  N  7.912  47.499  44.338  23.48
809  52  LEU  CA  7.852  46.455  43.322  9.22
810  52  LEU  C  9.185  46.293  42.614  5.15
811  52  LEU  O  9.584  45.139  42.359  4.03
812  52  LEU  CB  6.783  46.76  42.296  3.5
813  52  LEU  CG  5.362  46.76  42.865  1.71
814  52  LEU  CD1  4.409  47.143  41.755  1.11
815  52  LEU  CD2  4.99  45.393  43.428  114.9
816  52  LEU  H  7.379  48.162  44.213  8.79
817  52  LEU  HA  7.635  45.627  43.779  3.74
818  52  LEU  HB2  6.964  47.627  41.901  1.62
819  52  LEU  HB3  6.836  46.106  41.582  1.62
820  52  LEU  HG  5.308  47.397  43.594  1.85
821  52  LEU  HD11  3.501  47.149  42.096  61.13
822  52  LEU  HD12  4.636  48.026  41.424  177.68
823  52  LEU  HD13  4.479  46.5  41.032  55.32
824  52  LEU  HD21  4.087  45.423  43.781  39.18
825  52  LEU  HD22  5.04  44.728  42.723  45.51
826  52  LEU  HD23  5.606  45.157  44.139  132.43
827  53  THR  N  9.904  47.411  42.382  132.43
828  53  THR  CA  11.223  47.366  41.743  118.28
829  53  THR  C  12.202  46.58  42.608  118.28
830  53  THR  O  12.899  45.671  42.126  8.98
831  53  THR  CB  11.766  48.807  41.518  3.9
832  53  THR  OG1  10.835  49.469  40.656  8.71
833  53  THR  CG2  13.162  48.837  40.902  4.15
834  53  THR  H  9.639  48.202  42.59  8.19
835  53  THR  HA  11.131  46.925  40.884  4.06
836  53  THR  HB  11.851  49.249  42.377  4.28
837  53  THR  HG1  10.142  49.665  41.089  1.26
838  53  THR  HG21  13.445  49.758  40.786  6.65
839  53  THR  HG22  13.784  48.379  41.488  6.65
840  53  THR  HG23  13.145  48.394  40.039  1.54
841  54  LYS  N  12.217  46.887  43.909  59.61
842  54  LYS  CA  13.102  46.219  44.832  173.05
843  54  LYS  C  12.81  44.733  44.943  176.82
844  54  LYS  O  13.706  43.894  45.089  62.61
845  54  LYS  CB  12.965  46.853  46.189  29.58
846  54  LYS  CG  13.636  48.188  46.328  35.78
847  54  LYS  CD  13.588  48.526  47.809  3.52
848  54  LYS  CE  14.561  49.653  48.122  3.83
849  54  LYS  NZ  14.275  50.86  47.352  3.73
850  54  LYS  H  11.714  47.485  44.268  7.81
851  54  LYS  HA  14.006  46.314  44.494  4.04
852  54  LYS  HB2  12.022  46.956  46.391  1.74
853  54  LYS  HB3  13.333  46.249  46.853  1.47
854  54  LYS  HG2  14.551  48.152  46.009  1.24
855  54  LYS  HG3  13.179  48.863  45.802  0.96
856  54  LYS  HD2  12.688  48.788  48.059  110.61
857  54  LYS  HD3  13.811  47.742  48.334  52.78
858  54  LYS  HE2  14.521  49.859  49.069  2.61
859  54  LYS  HE3  15.466  49.358  47.934  2.54
860  54  LYS  HZ1  14.766  51.534  47.663  42.68
861  54  LYS  HZ2  14.473  50.72  46.496  120.97
862  54  LYS  HZ3  13.412  51.063  47.427  64.11
863  55  LEU  N  11.531  44.377  44.905  177.25
864  55  LEU  CA  11.13  42.976  44.972  6.62
865  55  LEU  C  11.34  42.248  43.66  31.71
866  55  LEU  O  11.424  41.017  43.683  2.42
867  55  LEU  CB  9.646  42.848  45.362  4.28
868  55  LEU  CG  9.265  43.266  46.773  108.02
869  55  LEU  CD1  7.755  43.294  46.907  2.28
870  55  LEU  CD2  9.881  42.319  47.757  1.9
871  55  LEU  H  10.878  44.933  44.84  7.9
872  55  LEU  HA  11.695  42.569  45.648  4.23
873  55  LEU  HB2  9.124  43.378  44.739  1.7
874  55  LEU  HB3  9.381  41.923  45.24  1.49
875  55  LEU  HG  9.6  44.158  46.957  1.8
876  55  LEU  HD11  7.515  43.561  47.808  63.68
877  55  LEU  HD12  7.385  43.928  46.273  174.75
878  55  LEU  HD13  7.397  42.411  46.726  2.03
879  55  LEU  HD21  9.638  42.585  48.658  8.57
880  55  LEU  HD22  9.558  41.42  47.588  1.45
881  55  LEU  HD23  10.846  42.338  47.664  21.48
882  56  GLY  N  11.455  42.952  42.525  8.3
883  56  GLY  CA  11.525  42.334  41.214  3.98
884  56  GLY  C  10.164  41.769  40.833  4.1
885  56  GLY  O  10.081  40.762  40.13  119.27
886  56  GLY  H  11.494  43.811  42.505  7.97
887  56  GLY  HA2  11.809  42.987  40.555  3.98
888  56  GLY  HA3  12.188  41.626  41.216  3.98
889  57  ARG  N  9.056  42.383  41.229  125.89
890  57  ARG  CA  7.732  41.847  40.95  121.69
891  57  ARG  C  7.015  42.653  39.888  53.41
892  57  ARG  O  7.168  43.877  39.827  177.25
893  57  ARG  CB  6.847  41.867  42.198  30.08
894  57  ARG  CG  7.27  40.907  43.286  20.01
895  57  ARG  CD  6.765  39.494  43.037  3.88
896  57  ARG  NE  5.309  39.509  42.945  1.93
897  57  ARG  CZ  4.456  39.277  43.947  1.66
898  57  ARG  NH1  4.847  39.018  45.181  7.78
899  57  ARG  NH2  3.16  39.333  43.692  3.91
900  57  ARG  H  9.051  43.123  41.667  8.08
901  57  ARG  HA  7.874  40.937  40.645  4.65
902  57  ARG  HB2  6.841  42.766  42.561  1.89
903  57  ARG  HB3  5.936  41.66  41.937  1.71
904  57  ARG  HG2  8.238  40.896  43.347  1.66
905  57  ARG  HG3  6.936  41.222  44.14  1.22
906  57  ARG  HD2  7.147  39.143  42.218  3.11
907  57  ARG  HD3  7.048  38.907  43.756  3.11
908  57  ARG  HE  4.968  39.683  42.175  7.62
909  57  ARG  HH11  5.686  38.993  45.37  7.62
910  57  ARG  HH12  4.263  38.875  45.796  7.62
911  57  ARG  HH21  2.886  39.515  42.898  7.62
912  57  ARG  HH22  2.591  39.187  44.321  7.62
913  58  ASP  N  6.207  41.956  39.087  1.85
914  58  ASP  CA  5.293  42.579  38.15  9.34
915  58  ASP  C  3.843  42.635  38.597  4.87
916  58  ASP  O  3.041  43.261  37.909  1.99
917  58  ASP  CB  5.31  41.86  36.804  1.05
918  58  ASP  CG  6.551  42.112  35.946  0.7
919  58  ASP  OD1  7.307  43.063  36.189  0.63
920  58  ASP  OD2  6.749  41.341  35.013  116.76
921  58  ASP  H  6.179  41.096  39.078  8.63
922  58  ASP  HA  5.623  43.489  38.088  4.69
923  58  ASP  HB2  5.232  40.906  36.962  2.83
924  58  ASP  HB3  4.526  42.129  36.3  2.74
925  59  THR  N  3.402  41.944  39.654  174.75
926  59  THR  CA  2.003  41.98  40.075  21.33
927  59  THR  C  2.042  42.251  41.586  41.01
928  59  THR  O  3.101  42.119  42.211  9.06
929  59  THR  CB  1.229  40.623  39.804  4.74
930  59  THR  OG1  1.654  39.648  40.77  7.43
931  59  THR  CG2  1.48  40.065  38.389  3.2
932  59  THR  H  3.905  41.445  40.142  7.43
933  59  THR  HA  1.527  42.658  39.57  4.63
934  59  THR  HB  0.28  40.808  39.879  4.27
935  59  THR  HG1  1.248  38.925  40.636  1.22
936  59  THR  HG21  0.986  39.238  38.275  177.87
937  59  THR  HG22  1.185  40.711  37.729  36.71
938  59  THR  HG23  2.428  39.894  38.272  7.1
939  60  GLN  N  0.923  42.587  42.217  4.09
940  60  GLN  CA  0.86  42.841  43.647  42.15
941  60  GLN  C  0.191  41.696  44.392  2.21
942  60  GLN  O  -0.02  41.755  45.606  2
943  60  GLN  CB  0.083  44.138  43.892  133.49
944  60  GLN  CG  0.752  45.382  43.343  55.71
945  60  GLN  CD  -0.2  46.571  43.38  178.95
946  60  GLN  OE1  -1.105  46.721  42.552  115.36
947  60  GLN  NE2  -0.054  47.428  44.372  17.11
948  60  GLN  H  0.167  42.675  41.817  8.93
949  60  GLN  HA  1.767  42.922  43.982  4.24
950  60  GLN  HB2  -0.797  44.055  43.493  2.16
951  60  GLN  HB3  -0.047  44.249  44.847  1.98
952  60  GLN  HG2  1.547  45.583  43.862  2.06
953  60  GLN  HG3  1.042  45.223  42.431  2.06
954  60  GLN  HE21  0.578  47.319  44.945  7.34
955  60  GLN  HE22  -0.59  48.096  44.445  5.81
956  61  ILE  N  -0.126  40.611  43.683  2.59
957  61  ILE  CA  -0.846  39.468  44.218  2.71
958  61  ILE  C  -0.127  38.883  45.417  113.74
959  61  ILE  O  1.056  38.53  45.397  57.13
960  61  ILE  CB  -0.99  38.374  43.128  175.41
961  61  ILE  CG1  -1.627  38.92  41.847  123.12
962  61  ILE  CG2  -1.847  37.233  43.716  28.63
963  61  ILE  CD  -3.091  39.33  41.987  122.79
964  61  ILE  H  0.081  40.523  42.853  8.15
965  61  ILE  HA  -1.723  39.773  44.498  3.88
966  61  ILE  HB  -0.11  38.051  42.88  1.93
967  61  ILE  HG21  -1.953  36.533  43.053  18.51
968  61  ILE  HG22  -1.408  36.87  44.501  4.39
969  61  ILE  HG23  -2.719  37.578  43.964  7.83
970  62  GLY  N  -0.881  38.847  46.502  4.09
971  62  GLY  CA  -0.441  38.279  47.754  2.88
972  62  GLY  C  0.502  39.14  48.581  2.44
973  62  GLY  O  0.972  38.69  49.632  38.18
974  62  GLY  H  -1.681  39.16  46.528  9.05
975  62  GLY  HA2  -1.224  38.08  48.291  4.2
976  62  GLY  HA3  -0.001  37.434  47.569  3.78
977  63  LEU  N  0.859  40.336  48.132  130.48
978  63  LEU  CA  1.732  41.19  48.902  41.31
979  63  LEU  C  1.034  41.776  50.121  129.33
980  63  LEU  O  -0.031  42.407  50.002  7.38
981  63  LEU  CB  2.216  42.332  48.029  4.41
982  63  LEU  CG  3.407  42.998  47.384  3.21
983  63  LEU  CD1  3.093  44.447  47.004  3
984  63  LEU  CD2  4.542  42.927  48.387  7.01
985  63  LEU  H  0.603  40.667  47.381  7.79
986  63  LEU  HA  2.474  40.645  49.209  4.42
987  63  LEU  HB2  1.656  42.196  47.249  1.81
988  63  LEU  HB3  1.846  43.085  48.516  1.31
989  63  LEU  HG  3.648  42.548  46.559  1.48
990  63  LEU  HD11  3.873  44.85  46.593  8.13
991  63  LEU  HD12  2.353  44.464  46.378  4.01
992  63  LEU  HD13  2.854  44.946  47.801  4.32
993  63  LEU  HD21  5.332  43.346  48.012  3.82
994  63  LEU  HD22  4.286  43.391  49.199  3.82
995  63  LEU  HD23  4.735  41.999  48.592  115.19
996  64  THR  N  1.609  41.565  51.285  61.71
997  64  THR  CA  1.098  42.152  52.502  176.15
998  64  THR  C  2.197  43.02  53.128  2.41
999  64  THR  O  3.368  42.991  52.732  62.51
1000  64  THR  CB  0.678  41.061  53.494  2.25
1001  64  THR  OG1  1.805  40.199  53.678  4.14
1002  64  THR  CG2  -0.525  40.271  53.005  3.54
1003  64  THR  H  2.308  41.076  51.393  8.32
1004  64  THR  HA  0.319  42.692  52.294  4.77
1005  64  THR  HB  0.409  41.47  54.331  4.46
1006  64  THR  HG1  1.606  39.589  54.22  1.38
1007  64  THR  HG21  -0.756  39.594  53.66  7.55
1008  64  THR  HG22  -1.277  40.87  52.881  3.67
1009  64  THR  HG23  -0.31  39.844  52.161  4.19
1010  65  MET  N  1.761  43.922  53.995  121.48
1011  65  MET  CA  2.669  44.782  54.721  53.28
1012  65  MET  C  2.899  44.2  56.11  176.65
1013  65  MET  O  1.95  43.687  56.706  7.35
1014  65  MET  CB  2.071  46.19  54.846  122.99
1015  65  MET  CG  1.967  46.894  53.501  53.71
1016  65  MET  SD  3.577  47.123  52.682  179.35
1017  65  MET  CE  3.194  46.29  51.174  23.63
1018  65  MET  H  0.93  44.05  54.176  8.73
1019  65  MET  HA  3.511  44.84  54.244  5.24
1020  65  MET  HB2  1.19  46.131  55.247  2.52
1021  65  MET  HB3  2.62  46.72  55.445  2.08
1022  65  MET  HG2  1.385  46.381  52.919  2.24
1023  65  MET  HG3  1.55  47.76  53.628  2.29
1024  65  MET  HE1  3.966  46.311  50.587  126.67
1025  65  MET  HE2  2.958  45.369  51.364  56.32
1026  65  MET  HE3  2.447  46.732  50.741  7.46
1027  66  PRO  N  4.081  44.299  56.717  4.26
1028  66  PRO  CA  5.246  45.002  56.188  59.82
1029  66  PRO  C  6.066  44.193  55.186  2.07
1030  66  PRO  O  5.934  42.966  55.087  62.08
1031  66  PRO  CB  6.034  45.354  57.433  176.37
1032  66  PRO  CG  5.875  44.064  58.208  3.93
1033  66  PRO  CD  4.392  43.743  58.04  31.93
1034  66  PRO  HA  4.988  45.776  55.663  5.36
1035  66  PRO  HB2  6.962  45.56  57.24  2.43
1036  66  PRO  HB3  5.665  46.118  57.903  2.13
1037  66  PRO  HG2  6.438  43.359  57.851  1.84
1038  66  PRO  HG3  6.115  44.174  59.141  1.69
1039  66  PRO  HD2  4.225  42.788  58.077  4.22
1040  66  PRO  HD3  3.855  44.152  58.737  3.45
1041  67  GLN  N  6.987  44.867  54.479  3.5
1042  67  GLN  CA  8  44.233  53.656  115.39
1043  67  GLN  C  9.305  44.847  54.159  58.31
1044  67  GLN  O  9.452  46.089  54.229  175.75
1045  67  GLN  CB  7.805  44.569  52.173  175.97
1046  67  GLN  CG  6.63  43.812  51.545  39.11
1047  67  GLN  CD  6.785  42.295  51.627  38.43
1048  67  GLN  OE1  7.875  41.758  51.405  56.25
1049  67  GLN  NE2  5.768  41.525  51.936  33.22
1050  67  GLN  H  7.031  45.726  54.472  8.62
1051  67  GLN  HA  7.973  43.266  53.721  4.9
1052  67  GLN  HB2  7.658  45.523  52.078  2.38
1053  67  GLN  HB3  8.618  44.357  51.688  2.38
1054  67  GLN  HG2  5.809  44.073  51.991  3.02
1055  67  GLN  HG3  6.543  44.073  50.615  3.02
1056  67  GLN  HE21  4.998  41.873  52.095  7.71
1057  67  GLN  HE22  5.872  40.672  51.979  108.59
1058  68  VAL  N  10.212  43.967  54.584  45.41
1059  68  VAL  CA  11.476  44.368  55.215  173.75
1060  68  VAL  C  12.675  43.98  54.367  56.95
1061  68  VAL  O  12.691  42.891  53.782  38.78
1062  68  VAL  CB  11.576  43.704  56.617  175.95
1063  68  VAL  CG1  12.772  44.291  57.384  7.78
1064  68  VAL  CG2  10.249  43.916  57.37  31.22
1065  68  VAL  H  10.113  43.116  54.515  9.39
1066  68  VAL  HA  11.483  45.334  55.302  5.41
1067  68  VAL  HB  11.725  42.749  56.53  1.92
1068  68  VAL  HG11  12.832  43.875  58.258  120.19
1069  68  VAL  HG12  13.589  44.121  56.889  56.21
1070  68  VAL  HG13  12.651  45.248  57.489  176.25
1071  68  VAL  HG21  10.305  43.504  58.246  176.04
1072  68  VAL  HG22  10.082  44.866  57.47  30.21
1073  68  VAL  HG23  9.524  43.512  56.868  36.11
1074  69  PHE  N  13.661  44.873  54.314  7.32
1075  69  PHE  CA  14.92  44.686  53.606  4.12
1076  69  PHE  C  16.052  44.85  54.619  8.25
1077  69  PHE  O  15.998  45.68  55.529  4.37
1078  69  PHE  CB  15.084  45.732  52.48  2.08
1079  69  PHE  CG  14.037  45.513  51.389  1.91
1080  69  PHE  CD1  12.748  46.009  51.54  116.39
1081  69  PHE  CD2  14.355  44.764  50.257  58.11
1082  69  PHE  CE1  11.795  45.741  50.561  17.22
1083  69  PHE  CE2  13.394  44.507  49.291  29.88
1084  69  PHE  CZ  12.12  44.992  49.447  64.11
1085  69  PHE  H  13.61  45.636  54.707  9.78
1086  69  PHE  HA  14.937  43.805  53.2  5.22
1087  69  PHE  HB2  14.995  46.626  52.846  3.13
1088  69  PHE  HB3  15.974  45.668  52.099  3.04
1089  69  PHE  HD1  12.524  46.515  52.287  7.5
1090  69  PHE  HD2  15.218  44.434  50.149  7.5
1091  69  PHE  HE1  10.931  46.07  50.658  7.23
1092  69  PHE  HE2  13.613  44.007  48.538  7.23
1093  69  PHE  HZ  11.474  44.816  48.801  6.83
1094  70  ALA  N  17.047  43.981  54.492  128.42
1095  70  ALA  CA  18.224  43.955  55.356  53.63
1096  70  ALA  C  19.137  45.148  55.038  174.42
1097  70  ALA  O  18.995  45.774  53.97  173.85
1098  70  ALA  CB  18.939  42.632  55.088  45.98
1099  70  ALA  H  17.058  43.373  53.884  9.2
1100  70  ALA  HA  17.978  44.024  56.292  3.97
1101  70  ALA  HB1  19.731  42.574  55.645  26.03
1102  70  ALA  HB2  18.344  41.895  55.295  9.26
1103  70  ALA  HB3  19.197  42.587  54.154  5.24
1104  71  PRO  N  20.119  45.481  55.901  1.57
1105  71  PRO  CA  21.084  46.564  55.675  1.74
1106  71  PRO  C  21.845  46.449  54.357  1.78
1107  71  PRO  O  22.212  47.486  53.816  175.85
1108  71  PRO  CB  22.019  46.513  56.859  119.92
1109  71  PRO  CG  21.14  45.985  57.957  33.92
1110  71  PRO  CD  20.344  44.899  57.228  34.82
1111  71  PRO  HA  20.622  47.414  55.6  4.21
1112  71  PRO  HB2  22.777  45.931  56.694  2.25
1113  71  PRO  HB3  22.376  47.389  57.074  1.85
1114  71  PRO  HG2  21.657  45.624  58.694  1.55
1115  71  PRO  HG3  20.564  46.673  58.324  1.23
1116  71  PRO  HD2  20.839  44.067  57.175  3.27
1117  71  PRO  HD3  19.508  44.703  57.68  3.27
1118  72  ASP  N  22.149  45.241  53.845  26.78
1119  72  ASP  CA  22.826  45.123  52.554  23.38
1120  72  ASP  C  21.863  45.225  51.364  26.53
1121  72  ASP  O  22.266  44.978  50.233  9.44
1122  72  ASP  CB  23.591  43.781  52.524  4.8
1123  72  ASP  CG  22.731  42.513  52.405  0.99
1124  72  ASP  OD1  21.563  42.523  52.78  1.75
1125  72  ASP  OD2  23.216  41.505  51.908  1.1
1126  72  ASP  H  21.972  44.492  54.229  7.66
1127  72  ASP  HA  23.441  45.868  52.463  4.54
1128  72  ASP  HB2  24.211  43.8  51.778  3.15
1129  72  ASP  HB3  24.122  43.715  53.333  2.67
1130  73  GLY  N  20.563  45.476  51.575  8.57
1131  73  GLY  CA  19.554  45.591  50.542  5
1132  73  GLY  C  18.794  44.302  50.205  128.44
1133  73  GLY  O  17.839  44.343  49.401  54.28
1134  73  GLY  H  20.242  45.587  52.365  8.59
1135  73  GLY  HA2  18.911  46.264  50.815  4.52
1136  73  GLY  HA3  19.979  45.917  49.733  3.78
1137  74  SER  N  19.161  43.14  50.738  28.33
1138  74  SER  CA  18.426  41.942  50.361  26.03
1139  74  SER  C  17.04  41.941  51.007  26.18
1140  74  SER  O  16.836  42.533  52.077  8.81
1141  74  SER  CB  19.219  40.734  50.779  4.83
1142  74  SER  OG  19.443  40.779  52.171  1.27
1143  74  SER  H  19.805  43.026  51.296  8.46
1144  74  SER  HA  18.3  41.922  49.399  4.43
1145  74  SER  HB2  18.74  39.924  50.544  3.96
1146  74  SER  HB3  20.065  40.711  50.306  3.96
1147  74  SER  HG  20.099  41.278  52.333  2.03
1148  75  HSE  N  16.095  41.291  50.355  3.88
1149  75  HSE  CA  14.733  41.195  50.835  3.34
1150  75  HSE  C  14.605  40.169  51.956  115.27
1151  75  HSE  O  15.052  39.033  51.781  126.08
1152  75  HSE  CB  13.852  40.816  49.658  52.88
1153  75  HSE  CG  12.389  40.645  50.035  176.79
1154  75  HSE  ND1  11.653  39.576  49.778  38.62
1155  75  HSE  CD2  11.595  41.566  50.695  44.98
1156  75  HSE  CE1  10.451  39.794  50.243  26.33
1157  75  HSE  NE2  10.428  40.987  50.784  26.78
1158  76  ILE  N  14.016  40.518  53.094  24.13
1159  76  ILE  CA  13.782  39.55  54.145  8.91
1160  76  ILE  C  12.369  39.01  54.015  4.76
1161  76  ILE  O  12.191  37.794  54.023  1.48
1162  76  ILE  CB  13.995  40.201  55.534  1.63
1163  76  ILE  CG1  15.479  40.579  55.679  1.49
1164  76  ILE  CG2  13.551  39.227  56.645  3.24
1165  76  ILE  CD  15.816  41.44  56.908  3.05
1166  76  ILE  H  13.745  41.314  53.273  8.21
1167  76  ILE  HA  14.413  38.818  54.06  3.89
1168  76  ILE  HB  13.457  41.004  55.616  1.18
1169  76  ILE  HG21  13.687  39.641  57.512  37.5
1170  76  ILE  HG22  12.611  39.014  56.533  112.54
1171  76  ILE  HG23  14.075  38.413  56.59  60.28
1172  77  GLY  N  11.347  39.86  53.905  175.65
1173  77  GLY  CA  9.961  39.427  53.78  175.35
1174  77  GLY  C  9.118  40.183  54.803  70.28
1175  77  GLY  O  9.387  41.362  55.086  28.72
1176  77  GLY  H  11.444  40.715  53.901  6.94
1177  77  GLY  HA2  9.635  39.599  52.883  4.37
1178  77  GLY  HA3  9.893  38.471  53.929  3.2
1179  78  GLY  N  8.115  39.543  55.384  4.4
1180  78  GLY  CA  7.292  40.203  56.373  3.15
1181  78  GLY  C  7.821  40.045  57.784  6.72
1182  78  GLY  O  8.967  39.61  58.017  9.05
1183  78  GLY  H  7.897  38.728  55.218  8.21
1184  78  GLY  HA2  7.233  41.147  56.159  4.4
1185  78  GLY  HA3  6.392  39.845  56.328  4.32
1186  79  PHE  N  6.984  40.342  58.778  178.94
1187  79  PHE  CA  7.384  40.247  60.166  2.98
1188  79  PHE  C  7.719  38.788  60.513  18.23
1189  79  PHE  O  8.71  38.555  61.201  8.43
1190  79  PHE  CB  6.284  40.754  61.091  4.08
1191  79  PHE  CG  6.705  40.642  62.56  116.11
1192  79  PHE  CD1  7.825  41.288  63.022  7.57
1193  79  PHE  CD2  5.989  39.828  63.426  118.39
1194  79  PHE  CE1  8.229  41.132  64.328  110.29
1195  79  PHE  CE2  6.398  39.679  64.737  45.34
1196  79  PHE  CZ  7.527  40.326  65.197  174.61
1197  79  PHE  H  6.173  40.603  58.66  9.15
1198  79  PHE  HA  8.169  40.802  60.293  4.09
1199  79  PHE  HB2  6.08  41.678  60.879  3.29
1200  79  PHE  HB3  5.473  40.243  60.944  2.89
1201  79  PHE  HD1  8.313  41.834  62.449  7.35
1202  79  PHE  HD2  5.232  39.381  63.123  7.35
1203  79  PHE  HE1  8.988  41.578  64.629  7.35
1204  79  PHE  HE2  5.909  39.138  65.314  7.35
1205  79  PHE  HZ  7.808  40.22  66.077  6.98
1206  80  ASP  N  6.987  37.794  60.031  37.33
1207  80  ASP  CA  7.311  36.4  60.306  1.96
1208  80  ASP  C  8.735  36.058  59.814  2.06
1209  80  ASP  O  9.508  35.394  60.53  1.87
1210  80  ASP  CB  6.261  35.514  59.598  7.99
1211  80  ASP  CG  6.484  34.015  59.833  4.58
1212  80  ASP  OD1  6.678  33.603  60.985  2.39
1213  80  ASP  OD2  6.493  33.285  58.849  1.97
1214  80  ASP  H  6.292  37.906  59.538  8.74
1215  80  ASP  HA  7.291  36.24  61.262  3.95
1216  80  ASP  HB2  5.376  35.757  59.912  2.6
1217  80  ASP  HB3  6.284  35.694  58.645  2.44
1218  81  GLN  N  9.127  36.528  58.626  172.29
1219  81  GLN  CA  10.486  36.294  58.166  3.9
1220  81  GLN  C  11.531  37.058  58.969  72.03
1221  81  GLN  O  12.647  36.574  59.177  8.83
1222  81  GLN  CB  10.672  36.695  56.732  21.33
1223  81  GLN  CG  10.113  35.661  55.77  8.31
1224  81  GLN  CD  8.615  35.687  55.718  4.57
1225  81  GLN  OE1  7.987  36.749  55.716  4.07
1226  81  GLN  NE2  8.014  34.514  55.783  120.62
1227  81  GLN  H  8.629  36.975  58.086  7.15
1228  81  GLN  HA  10.614  35.339  58.281  3.98
1229  81  GLN  HB2  10.236  37.548  56.577  2
1230  81  GLN  HB3  11.617  36.823  56.554  1.83
1231  81  GLN  HG2  10.469  35.822  54.882  2.74
1232  81  GLN  HG3  10.41  34.778  56.039  2.41
1233  81  GLN  HE21  8.48  33.791  55.782  7.89
1234  81  GLN  HE22  7.156  34.472  55.826  7.17
1235  82  LEU  N  11.199  38.236  59.496  2.05
1236  82  LEU  CA  12.132  39.016  60.28  125.43
1237  82  LEU  C  12.359  38.33  61.628  7.25
1238  82  LEU  O  13.479  38.313  62.149  130.82
1239  82  LEU  CB  11.567  40.443  60.465  35.92
1240  82  LEU  CG  12.533  41.397  61.159  121.28
1241  82  LEU  CD1  13.762  41.603  60.266  114.83
1242  82  LEU  CD2  11.802  42.682  61.515  122.83
1243  82  LEU  H  10.425  38.599  59.405  8.18
1244  82  LEU  HA  12.986  39.08  59.825  3.92
1245  82  LEU  HB2  11.334  40.806  59.596  2.07
1246  82  LEU  HB3  10.747  40.394  60.98  1.89
1247  82  LEU  HG  12.858  41.029  61.995  1.75
1248  82  LEU  HD11  14.381  42.209  60.702  6.82
1249  82  LEU  HD12  14.198  40.75  60.114  10.4
1250  82  LEU  HD13  13.485  41.98  59.416  7.59
1251  82  LEU  HD21  12.414  43.291  61.957  6.91
1252  82  LEU  HD22  11.462  43.096  60.706  7.1
1253  82  LEU  HD23  11.063  42.48  62.109  7.17
1254  83  ARG  N  11.326  37.775  62.262  122.58
1255  83  ARG  CA  11.443  36.992  63.491  54.18
1256  83  ARG  C  12.452  35.875  63.244  173.35
1257  83  ARG  O  13.354  35.677  64.06  8.62
1258  83  ARG  CB  10.15  36.286  63.882  28.93
1259  83  ARG  CG  9.202  36.954  64.825  2.64
1260  83  ARG  CD  8.26  35.851  65.318  2.56
1261  83  ARG  NE  7.444  35.324  64.234  119.83
1262  83  ARG  CZ  6.134  35.523  64.17  54.12
1263  83  ARG  NH1  5.48  36.201  65.109  174.25
1264  83  ARG  NH2  5.449  35.032  63.163  8.12
1265  83  ARG  H  10.516  37.846  61.981  8.07
1266  83  ARG  HA  11.694  37.613  64.193  3.86
1267  83  ARG  HB2  9.663  36.098  63.065  1.69
1268  83  ARG  HB3  10.392  35.431  64.271  1.44
1269  83  ARG  HG2  9.677  37.363  65.565  1.31
1270  83  ARG  HG3  8.708  37.661  64.38  1.31
1271  83  ARG  HD2  8.779  35.133  65.713  3.17
1272  83  ARG  HD3  7.685  36.202  66.016  3.05
1273  83  ARG  HE  7.825  34.867  63.613  7.08
1274  83  ARG  HH11  5.907  36.525  65.782  3.05
1275  83  ARG  HH12  4.63  36.316  65.043  5.31
1276  83  ARG  HH21  5.85  34.583  62.548  3.08
1277  83  ARG  HH22  4.6  35.159  63.118  3.8
1278  84  GLU  N  12.338  35.175  62.108  119.04
1279  84  GLU  CA  13.262  34.099  61.791  57.78
1280  84  GLU  C  14.672  34.572  61.527  175.06
1281  84  GLU  O  15.618  33.857  61.872  125.32
1282  84  GLU  CB  12.828  33.333  60.561  38.92
1283  84  GLU  CG  11.554  32.581  60.852  32.15
1284  84  GLU  CD  11.711  31.519  61.938  133.18
1285  84  GLU  OE1  12.472  30.568  61.725  133.18
1286  84  GLU  OE2  11.065  31.663  62.98  118.08
1287  84  GLU  H  11.731  35.313  61.514  7.24
1288  84  GLU  HA  13.251  33.537  62.582  4.09
1289  84  GLU  HB2  12.691  33.944  59.821  2.05
1290  84  GLU  HB3  13.525  32.714  60.292  2.04
1291  84  GLU  HG2  10.869  33.212  61.123  2.48
1292  84  GLU  HG3  11.243  32.157  60.037  2.43
1293  85  TYR  N  14.796  35.768  60.941  3
1294  85  TYR  CA  16.085  36.323  60.566  7
1295  85  TYR  C  17.047  36.499  61.723  7
1296  85  TYR  O  18.255  36.341  61.509  6.83
1297  85  TYR  CB  15.85  37.664  59.86  6.83
1298  85  TYR  CG  17.029  38.297  59.137  17.45
1299  85  TYR  CD1  17.286  37.97  57.822  123.83
1300  85  TYR  CD2  17.819  39.216  59.806  61.53
1301  85  TYR  CE1  18.347  38.576  57.171  175.21
1302  85  TYR  CE2  18.874  39.817  59.158  54.15
1303  85  TYR  CZ  19.131  39.494  57.847  33.28
1304  85  TYR  OH  20.194  40.117  57.2  21.03
1305  85  TYR  H  14.128  36.276  60.752  7.83
1306  85  TYR  HA  16.512  35.683  59.975  3.99
1307  85  TYR  HB2  15.135  37.541  59.216  2.96
1308  85  TYR  HB3  15.53  38.298  60.521  3.07
1309  85  TYR  HD1  16.753  37.35  57.378  6.69
1310  85  TYR  HD2  17.637  39.427  60.693  6.69
1311  85  TYR  HE1  18.532  38.367  56.284  6.31
1312  85  TYR  HE2  19.408  40.435  59.603  6.31
1313  85  TYR  HH  20.575  40.645  57.731  2.25
1314  86  PHE  N  16.558  36.815  62.921  113.02
1315  86  PHE  CA  17.444  37.02  64.042  119.81
1316  86  PHE  C  17.819  35.749  64.806  57.98
1317  86  PHE  O  18.614  35.805  65.748  173.48
1318  86  PHE  CB  16.817  38.034  64.983  8.16
1319  86  PHE  CG  16.88  39.444  64.382  63.98
1320  86  PHE  CD1  18.102  40.044  64.125  3.63
1321  86  PHE  CD2  15.701  40.112  64.101  8.21
1322  86  PHE  CE1  18.142  41.316  63.587  4.36
1323  86  PHE  CE2  15.754  41.385  63.562  3.81
1324  86  PHE  CZ  16.971  41.986  63.307  3.86
1325  86  PHE  H  15.722  36.913  63.096  7.07
1326  86  PHE  HA  18.28  37.347  63.675  4.62
1327  86  PHE  HB2  15.894  37.793  65.157  2.84
1328  86  PHE  HB3  17.279  38.02  65.836  3.52
1329  86  PHE  HD1  18.893  39.592  64.314  7.54
1330  86  PHE  HD2  14.881  39.709  64.273  7.54
1331  86  PHE  HE1  18.961  41.721  63.413  7.2
1332  86  PHE  HE2  14.965  41.839  63.37  7.2
1333  86  PHE  HZ  17  42.843  62.946  6.8
1334  87  LYS  N  17.291  34.597  64.408  3.98
1335  87  LYS  CA  17.646  33.34  65.054  8.03
1336  87  LYS  C  18.926  32.777  64.441  4.42
1337  87  LYS  O  19.4  31.755  64.899  2.61
1338  87  LYS  CB  16.49  32.326  64.889  2.7
1339  87  LYS  CG  15.243  32.779  65.636  3.7
1340  87  LYS  CD  14.161  31.773  65.427  2.01
1341  87  LYS  CE  12.898  32.347  66.049  2.12
1342  87  LYS  NZ  11.768  31.463  65.783  127.42
1343  87  LYS  OXT  19.473  33.351  63.488  2.2
1344  87  LYS  H  16.725  34.522  63.765  7.61
1345  87  LYS  HA  17.798  33.501  65.999  4.08
1346  87  LYS  HB2  16.284  32.218  63.947  1.86
1347  87  LYS  HB3  16.769  31.458  65.219  1.73
1348  87  LYS  HG2  15.435  32.873  66.582  1.48
1349  87  LYS  HG3  14.958  33.649  65.316  1.48
1350  87  LYS  HD2  14.03  31.6  64.481  1.64
1351  87  LYS  HD3  14.394  30.927  65.84  1.64
1352  87  LYS  HE2  13.018  32.453  67.006  3.03
1353  87  LYS  HE3  12.721  33.229  65.686  3.03
1354  87  LYS  HZ1  11.085  31.687  66.308  1.32
1355  87  LYS  HZ2  11.524  31.541  64.931  2.38
1356  87  LYS  HZ3  12.004  30.621  65.948  2.38
