1  1  GLY  N  -4.729  6.925  7.597  0
2  1  GLY  CA  -4.063  5.638  7.23  53.2
3  1  GLY  C  -2.643  6.01  6.819  170.3
4  1  GLY  O  -2.343  7.188  6.81  0
5  1  GLY  H  -4.905  6.9  8.469  34.06
6  1  GLY  H2  -4.19  7.613  7.429  0
7  1  GLY  H3  -5.491  7.014  7.146  0
8  1  GLY  HA2  -4.041  5.043  7.996  3.73
9  1  GLY  HA3  -4.524  5.223  6.485  3.53
10  2  VAL  N  -1.827  5.041  6.501  119.23
11  2  VAL  CA  -0.424  5.316  6.088  56.36
12  2  VAL  C  -0.209  4.902  4.62  7.77
13  2  VAL  O  -0.295  3.74  4.258  4.08
14  2  VAL  CB  0.526  4.538  7.055  2.17
15  2  VAL  CG1  0.782  5.418  8.3  2.17
16  2  VAL  CG2  -0.106  3.211  7.566  2.57
17  2  VAL  H  -2.065  4.215  6.519  8.64
18  2  VAL  HA  -0.253  6.268  6.163  4.19
19  2  VAL  HB  1.356  4.336  6.595  2.02
20  2  VAL  HG11  -0.046  5.625  8.761  2.75
21  2  VAL  HG12  1.374  4.954  8.912  3.07
22  2  VAL  HG13  1.207  6.251  8.042  7.06
23  2  VAL  HG21  -0.32  2.633  6.817  8.54
24  2  VAL  HG22  0.529  2.743  8.131  4.1
25  2  VAL  HG23  -0.91  3.369  8.086  1.73
26  3  SER  N  0.058  5.903  3.831  1.73
27  3  SER  CA  0.3  5.72  2.374  2.95
28  3  SER  C  1.789  5.539  2.09  63.12
29  3  SER  O  2.61  5.757  2.959  177.48
30  3  SER  CB  -0.208  6.951  1.626  4.71
31  3  SER  OG  -1.538  7.161  2.092  33.22
32  3  SER  H  0.099  6.704  4.14  8.37
33  3  SER  HA  -0.178  4.936  2.06  5.07
34  3  SER  HB2  0.341  7.73  1.807  3.98
35  3  SER  HB3  -0.225  6.773  0.673  3.78
36  3  SER  HG  -2.008  6.98  1.42  0.92
37  4  CYS  N  2.079  5.152  0.88  7.46
38  4  CYS  CA  3.484  4.935  0.435  3.99
39  4  CYS  C  3.472  4.923  -1.087  1.51
40  4  CYS  O  2.44  4.677  -1.692  1.61
41  4  CYS  CB  4.011  3.594  0.997  1.98
42  4  CYS  SG  3.106  2.051  0.731  1.98
43  4  CYS  H  1.449  5.017  0.31  8.17
44  4  CYS  HA  4.029  5.674  0.747  4.79
45  4  CYS  HB2  4.901  3.457  0.638  3.24
46  4  CYS  HB3  4.109  3.697  1.956  3.11
47  5  LEU  N  4.623  5.198  -1.643  28.6
48  5  LEU  CA  4.768  5.231  -3.11  36.53
49  5  LEU  C  4.503  3.881  -3.753  8.7
50  5  LEU  O  5.098  2.904  -3.337  4.25
51  5  LEU  CB  6.198  5.684  -3.469  2.77
52  5  LEU  CG  6.386  7.21  -3.308  8
53  5  LEU  CD1  6.423  7.626  -1.83  4.3
54  5  LEU  CD2  7.696  7.623  -3.997  1.67
55  5  LEU  H  5.33  5.362  -1.181  8.41
56  5  LEU  HA  4.128  5.873  -3.454  4.59
57  5  LEU  HB2  6.843  5.202  -2.928  1.79
58  5  LEU  HB3  6.349  5.442  -4.396  1.4
59  5  LEU  HG  5.648  7.658  -3.75  1.64
60  5  LEU  HD11  7.153  7.19  -1.362  2.77
61  5  LEU  HD12  6.544  8.587  -1.78  2.77
62  5  LEU  HD13  5.583  7.402  -1.399  132.2
63  5  LEU  HD21  8.453  7.155  -3.611  130.2
64  5  LEU  HD22  7.648  7.41  -4.942  7.88
65  5  LEU  HD23  7.839  8.578  -3.908  4.6
66  6  CYS  N  3.633  3.877  -4.722  3.35
67  6  CYS  CA  3.296  2.625  -5.439  3.12
68  6  CYS  C  4.217  2.562  -6.67  7.18
69  6  CYS  O  4.93  3.503  -6.954  7.18
70  6  CYS  CB  1.821  2.659  -5.841  7.55
71  6  CYS  SG  0.642  2.407  -4.49  8.52
72  6  CYS  H  3.251  4.616  -4.941  9.07
73  6  CYS  HA  3.441  1.868  -4.851  4.7
74  6  CYS  HB2  1.626  3.527  -6.228  3.48
75  6  CYS  HB3  1.647  1.985  -6.516  2.67
76  7  ASP  N  4.191  1.469  -7.377  41.76
77  7  ASP  CA  5.045  1.307  -8.595  40.12
78  7  ASP  C  4.683  2.389  -9.636  6.56
79  7  ASP  O  5.393  2.619  -10.597  7.48
80  7  ASP  CB  4.811  -0.129  -9.169  4.35
81  7  ASP  CG  5.357  -1.264  -8.26  2.86
82  7  ASP  OD1  6.336  -1.043  -7.57  8.39
83  7  ASP  OD2  4.78  -2.34  -8.278  4.33
84  7  ASP  H  3.673  0.825  -7.138  8.75
85  7  ASP  HA  5.975  1.42  -8.344  4.57
86  7  ASP  HB2  3.862  -0.281  -9.302  2.84
87  7  ASP  HB3  5.251  -0.191  -10.031  2.76
88  8  SER  N  3.56  3.012  -9.392  28.72
89  8  SER  CA  3.041  4.092  -10.28  23.12
90  8  SER  C  3.412  5.475  -9.717  25.22
91  8  SER  O  3.032  6.458  -10.32  7.62
92  8  SER  CB  1.493  3.952  -10.395  4.51
93  8  SER  OG  1.072  4.91  -11.365  1.84
94  8  SER  H  3.134  2.764  -8.687  8.55
95  8  SER  HA  3.452  3.994  -11.153  4.24
96  8  SER  HB2  1.238  3.064  -10.691  4.1
97  8  SER  HB3  1.063  4.151  -9.549  3.8
98  8  SER  HG  1.554  5.591  -11.263  7.32
99  9  ASP  N  4.114  5.535  -8.611  4.76
100  9  ASP  CA  4.497  6.866  -8.042  1.42
101  9  ASP  C  5.981  7.085  -8.297  1.92
102  9  ASP  O  6.727  6.154  -8.536  1.47
103  9  ASP  CB  4.253  6.926  -6.51  1.56
104  9  ASP  CG  2.76  6.896  -6.164  1.69
105  9  ASP  OD1  1.981  7.287  -7.011  1.8
106  9  ASP  OD2  2.482  6.481  -5.053  3.05
107  9  ASP  H  4.37  4.827  -8.194  7.74
108  9  ASP  HA  3.99  7.563  -8.486  4.65
109  9  ASP  HB2  4.707  6.206  -6.046  3.1
110  9  ASP  HB3  4.611  7.763  -6.175  3.01
111  10  GLY  N  6.379  8.322  -8.238  7.56
112  10  GLY  CA  7.798  8.684  -8.468  4.59
113  10  GLY  C  7.832  9.722  -9.582  2.26
114  10  GLY  O  8.084  10.876  -9.303  2.17
115  10  GLY  H  5.812  8.945  -8.064  7.8
116  10  GLY  HA2  8.15  9.075  -7.653  4.29
117  10  GLY  HA3  8.313  7.903  -8.722  4.04
118  11  PRO  N  7.583  9.317  -10.808  4.27
119  11  PRO  CA  7.574  10.256  -11.959  1.83
120  11  PRO  C  6.338  11.171  -11.933  2.28
121  11  PRO  O  5.382  10.937  -11.212  2.03
122  11  PRO  CB  7.646  9.33  -13.176  2.07
123  11  PRO  CG  6.864  8.077  -12.704  3.87
124  11  PRO  CD  7.28  7.913  -11.225  3.66
125  11  PRO  HA  8.368  10.811  -11.909  4.48
126  11  PRO  HB2  7.229  9.737  -13.951  2.28
127  11  PRO  HB3  8.567  9.105  -13.38  1.97
128  11  PRO  HG2  5.906  8.209  -12.774  2.03
129  11  PRO  HG3  7.122  7.292  -13.212  2.03
130  11  PRO  HD2  6.53  7.57  -10.714  3.68
131  11  PRO  HD3  8.06  7.348  -11.112  3.63
132  12  SER  N  6.376  12.197  -12.739  62.52
133  12  SER  CA  5.217  13.132  -12.774  8.63
134  12  SER  C  4.217  12.645  -13.803  3.79
135  12  SER  O  4.274  12.975  -14.975  2.43
136  12  SER  CB  5.71  14.491  -13.137  1.19
137  12  SER  OG  6.594  14.238  -14.222  6.85
138  12  SER  H  7.049  12.355  -13.251  8.37
139  12  SER  HA  4.803  13.167  -11.898  4.57
140  12  SER  HB2  4.972  15.047  -13.432  3.94
141  12  SER  HB3  6.158  14.866  -12.362  3.87
142  12  SER  HG  6.095  13.989  -14.85  1.44
143  13  VAL  N  3.354  11.862  -13.24  3.11
144  13  VAL  CA  2.233  11.208  -13.972  3.52
145  13  VAL  C  0.928  11.401  -13.187  123.18
146  13  VAL  O  0.938  11.654  -11.998  56.32
147  13  VAL  CB  2.603  9.691  -14.143  175.08
148  13  VAL  CG1  3.019  9.066  -12.782  7.24
149  13  VAL  CG2  1.418  8.865  -14.699  5.02
150  13  VAL  H  3.475  11.742  -12.397  8.02
151  13  VAL  HA  2.143  11.634  -14.839  4.16
152  13  VAL  HB  3.347  9.625  -14.762  2.18
153  13  VAL  HG11  2.305  9.135  -12.129  2.27
154  13  VAL  HG12  3.238  8.128  -12.896  119.7
155  13  VAL  HG13  3.802  9.514  -12.425  4.26
156  13  VAL  HG21  1.146  9.202  -15.567  9
157  13  VAL  HG22  1.688  7.939  -14.8  7.85
158  13  VAL  HG23  0.662  8.89  -14.092  4.95
159  14  ARG  N  -0.175  11.281  -13.875  2.96
160  14  ARG  CA  -1.499  11.448  -13.197  3.14
161  14  ARG  C  -1.643  10.437  -12.044  7.5
162  14  ARG  O  -1.348  9.268  -12.195  7.5
163  14  ARG  CB  -2.645  11.233  -14.224  8.92
164  14  ARG  CG  -2.323  10.008  -15.101  4.84
165  14  ARG  CD  -3.507  9.645  -16.02  2.05
166  14  ARG  NE  -4.456  8.778  -15.25  2.05
167  14  ARG  CZ  -4.471  7.503  -15.495  2.33
168  14  ARG  NH1  -3.492  6.799  -15.016  2.33
169  14  ARG  NH2  -5.45  7.017  -16.199  118.62
170  14  ARG  H  -0.128  11.105  -14.715  8.23
171  14  ARG  HA  -1.54  12.349  -12.839  4.35
172  14  ARG  HB2  -3.481  11.095  -13.751  1.9
173  14  ARG  HB3  -2.731  12.026  -14.776  1.78
174  14  ARG  HG2  -1.547  10.21  -15.647  1.67
175  14  ARG  HG3  -2.097  9.273  -14.51  1.61
176  14  ARG  HD2  -3.971  10.444  -16.314  3.21
177  14  ARG  HD3  -3.186  9.172  -16.804  3.21
178  14  ARG  HE  -4.974  9.121  -14.655  7.21
179  14  ARG  HH11  -2.883  7.198  -14.559  3.88
180  14  ARG  HH12  -3.426  5.95  -15.138  106.88
181  14  ARG  HH21  -6.06  7.548  -16.491  46.12
182  14  ARG  HH22  -5.509  6.18  -16.388  171.51
183  15  GLY  N  -2.103  10.94  -10.932  2.68
184  15  GLY  CA  -2.308  10.104  -9.705  7.19
185  15  GLY  C  -1.134  10.228  -8.741  9.3
186  15  GLY  O  -1.124  9.587  -7.706  4.46
187  15  GLY  H  -2.291  11.779  -10.922  8.36
188  15  GLY  HA2  -3.112  10.398  -9.249  4.09
189  15  GLY  HA3  -2.391  9.171  -9.958  3.82
190  16  ASN  N  -0.202  11.056  -9.143  10.06
191  16  ASN  CA  1.022  11.302  -8.329  7.55
192  16  ASN  C  0.717  11.661  -6.873  7.38
193  16  ASN  O  -0.377  12.074  -6.527  7.1
194  16  ASN  CB  1.854  12.457  -8.949  7.16
195  16  ASN  CG  1.213  13.814  -8.689  2.17
196  16  ASN  OD1  0.685  14.448  -9.578  2.11
197  16  ASN  ND2  1.22  14.329  -7.5  2.17
198  16  ASN  H  -0.299  11.46  -9.896  8.1
199  16  ASN  HA  1.54  10.482  -8.337  4.84
200  16  ASN  HB2  2.757  12.458  -8.595  2.85
201  16  ASN  HB3  1.903  12.361  -9.913  2.76
202  16  ASN  HD21  1.576  13.955  -6.812  7.58
203  16  ASN  HD22  0.837  15.095  -7.417  6.9
204  17  THR  N  1.774  11.479  -6.121  3.94
205  17  THR  CA  1.913  11.702  -4.643  46.12
206  17  THR  C  1.907  10.252  -4.103  119.13
207  17  THR  O  1.702  9.329  -4.861  8.73
208  17  THR  CB  0.709  12.576  -4.109  4.56
209  17  THR  OG1  0.734  13.722  -4.958  3.47
210  17  THR  CG2  1.021  13.229  -2.748  2.79
211  17  THR  H  2.477  11.185  -6.519  8.11
212  17  THR  HA  2.773  12.109  -4.453  4.29
213  17  THR  HB  -0.155  12.137  -4.143  4.14
214  17  THR  HG1  0.055  13.622  -5.442  2.17
215  17  THR  HG21  1.81  13.788  -2.821  31.52
216  17  THR  HG22  0.276  13.788  -2.479  7.83
217  17  THR  HG23  1.168  12.566  -2.056  29.02
218  18  LEU  N  2.101  10.017  -2.839  8.13
219  18  LEU  CA  2.098  8.589  -2.389  3.65
220  18  LEU  C  0.651  8.215  -2.075  1.82
221  18  LEU  O  0.12  8.328  -0.992  1.82
222  18  LEU  CB  3.065  8.517  -1.178  1.49
223  18  LEU  CG  2.559  9.161  0.124  1.55
224  18  LEU  CD1  3.673  9.061  1.17  1.81
225  18  LEU  CD2  2.115  10.631  -0.012  1.81
226  18  LEU  H  2.23  10.664  -2.287  8.14
227  18  LEU  HA  2.438  8  -3.081  4.53
228  18  LEU  HB2  3.229  7.577  -1.005  1.62
229  18  LEU  HB3  3.908  8.922  -1.436  1.51
230  18  LEU  HG  1.798  8.625  0.397  1.58
231  18  LEU  HD11  4.469  9.521  0.859  18.76
232  18  LEU  HD12  3.383  9.456  2.007  6.83
233  18  LEU  HD13  3.891  8.129  1.327  123.58
234  18  LEU  HD21  2.841  11.188  -0.333  51.82
235  18  LEU  HD22  1.351  10.695  -0.606  174.98
236  18  LEU  HD23  1.835  10.963  0.855  3.95
237  19  SER  N  0.036  7.754  -3.121  7.96
238  19  SER  CA  -1.397  7.339  -3.044  4.86
239  19  SER  C  -1.687  5.884  -2.621  3.35
240  19  SER  O  -2.856  5.561  -2.495  2.92
241  19  SER  CB  -2.025  7.641  -4.436  4.37
242  19  SER  OG  -3.433  7.514  -4.248  7.12
243  19  SER  H  0.497  7.702  -3.845  9.98
244  19  SER  HA  -1.835  7.913  -2.396  4.7
245  19  SER  HB2  -1.821  8.543  -4.728  4.05
246  19  SER  HB3  -1.727  7.011  -5.111  3.83
247  19  SER  HG  -3.577  6.84  -3.768  3.76
248  20  GLY  N  -0.709  5.038  -2.412  53.9
249  20  GLY  CA  -1.041  3.646  -1.998  44.02
250  20  GLY  C  -1.246  3.589  -0.473  4.23
251  20  GLY  O  -1.508  4.588  0.168  32.83
252  20  GLY  H  0.121  5.242  -2.505  8.55
253  20  GLY  HA2  -1.851  3.394  -2.469  4.65
254  20  GLY  HA3  -0.316  3.051  -2.246  3.9
255  21  THR  N  -1.136  2.424  0.103  4.32
256  21  THR  CA  -1.296  2.256  1.556  1.6
257  21  THR  C  -0.414  1.087  1.901  1.79
258  21  THR  O  -0.395  0.058  1.257  1.46
259  21  THR  CB  -2.671  1.863  2.003  1.48
260  21  THR  OG1  -3.594  2.694  1.312  3.28
261  21  THR  CG2  -2.901  2.188  3.492  8.64
262  21  THR  H  -0.965  1.705  -0.337  9.75
263  21  THR  HA  -0.962  3.052  1.998  4.69
264  21  THR  HB  -2.797  0.913  1.854  3.88
265  21  THR  HG1  -3.185  3.294  0.89  2.95
266  21  THR  HG21  -2.783  3.137  3.652  4.98
267  21  THR  HG22  -3.801  1.931  3.745  125.68
268  21  THR  HG23  -2.275  1.698  4.047  60.22
269  22  LEU  N  0.297  1.322  2.94  175.58
270  22  LEU  CA  1.236  0.315  3.465  45.75
271  22  LEU  C  0.534  -0.5  4.535  39.92
272  22  LEU  O  -0.25  -0.005  5.323  27.22
273  22  LEU  CB  2.455  1.078  3.982  18.72
274  22  LEU  CG  3.385  0.204  4.864  8.27
275  22  LEU  CD1  4.831  0.329  4.372  4.46
276  22  LEU  CD2  3.314  0.738  6.285  2.04
277  22  LEU  H  0.192  2.09  3.312  8.57
278  22  LEU  HA  1.491  -0.275  2.739  4.96
279  22  LEU  HB2  2.947  1.299  3.176  1.59
280  22  LEU  HB3  2.184  1.902  4.416  0.77
281  22  LEU  HG  3.128  -0.731  4.862  1.2
282  22  LEU  HD11  4.876  0.035  3.449  61.12
283  22  LEU  HD12  5.135  1.249  4.416  176.48
284  22  LEU  HD13  5.414  -0.23  4.909  8.68
285  22  LEU  HD21  3.596  1.665  6.318  4.46
286  22  LEU  HD22  2.403  0.672  6.612  4.07
287  22  LEU  HD23  3.899  0.215  6.855  17.42
288  23  TRP  N  0.879  -1.748  4.497  10.2
289  23  TRP  CA  0.33  -2.752  5.433  8.73
290  23  TRP  C  1.527  -3.304  6.194  4.31
291  23  TRP  O  2.551  -3.641  5.633  1.95
292  23  TRP  CB  -0.422  -3.822  4.582  63.79
293  23  TRP  CG  -1.785  -3.201  4.205  174.7
294  23  TRP  CD1  -2.137  -2.58  3.037  8.32
295  23  TRP  CD2  -2.84  -3.163  5.039  5.54
296  23  TRP  NE1  -3.383  -2.204  3.247  4.74
297  23  TRP  CE2  -3.9  -2.504  4.422  173.38
298  23  TRP  CE3  -2.98  -3.656  6.335  2.73
299  23  TRP  CZ2  -5.102  -2.323  5.089  35.22
300  23  TRP  CZ3  -4.194  -3.468  6.999  28.32
301  23  TRP  CH2  -5.25  -2.805  6.381  43.02
302  23  TRP  H  1.462  -1.984  3.911  9.54
303  23  TRP  HA  -0.273  -2.31  6.051  4.61
304  23  TRP  HB2  0.07  -4.016  3.769  2.94
305  23  TRP  HB3  -0.569  -4.644  5.076  2.87
306  23  TRP  HD1  -1.633  -2.445  2.267  6.63
307  23  TRP  HE1  -3.845  -1.789  2.653  7.86
308  23  TRP  HE3  -2.287  -4.123  6.743  7.27
309  23  TRP  HZ2  -5.807  -1.882  4.673  6.69
310  23  TRP  HZ3  -4.301  -3.78  7.869  7.06
311  23  TRP  HH2  -6.054  -2.685  6.833  7.05
312  24  LEU  N  1.353  -3.391  7.48  3.2
313  24  LEU  CA  2.435  -3.905  8.377  3.66
314  24  LEU  C  2.296  -5.426  8.478  7.63
315  24  LEU  O  3.152  -6.136  8.963  6.87
316  24  LEU  CB  2.275  -3.276  9.776  7.98
317  24  LEU  CG  1.739  -1.82  9.678  4.35
318  24  LEU  CD1  1.556  -1.226  11.085  53.86
319  24  LEU  CD2  2.689  -0.927  8.883  115.28
320  24  LEU  H  0.604  -3.139  7.818  8.82
321  24  LEU  HA  3.293  -3.674  7.988  4.57
322  24  LEU  HB2  1.677  -3.815  10.317  1.67
323  24  LEU  HB3  3.145  -3.274  10.205  1.55
324  24  LEU  HG  0.885  -1.851  9.218  1.5
325  24  LEU  HD11  0.924  -1.76  11.592  132.7
326  24  LEU  HD12  2.4  -1.21  11.563  132.7
327  24  LEU  HD13  1.214  -0.32  11.032  119.2
328  24  LEU  HD21  2.796  -1.268  7.981  119.2
329  24  LEU  HD22  2.335  -0.025  8.835  6.96
330  24  LEU  HD23  3.562  -0.893  9.305  7.59
331  25  TYR  N  1.165  -5.829  7.984  4.38
332  25  TYR  CA  0.755  -7.253  7.945  1.91
333  25  TYR  C  1.817  -8.093  7.223  1.99
334  25  TYR  O  2.409  -7.636  6.266  1.82
335  25  TYR  CB  -0.604  -7.306  7.224  2.26
336  25  TYR  CG  -1.744  -6.684  8.06  6.85
337  25  TYR  CD1  -1.537  -5.96  9.228  7.46
338  25  TYR  CD2  -3.041  -6.872  7.625  6.97
339  25  TYR  CE1  -2.605  -5.444  9.928  4.77
340  25  TYR  CE2  -4.107  -6.354  8.331  119.88
341  25  TYR  CZ  -3.891  -5.634  9.491  55.12
342  25  TYR  OH  -4.924  -5.086  10.219  172.88
343  25  TYR  H  0.645  -5.223  7.665  6.96
344  25  TYR  HA  0.68  -7.567  8.86  4.99
345  25  TYR  HB2  -0.527  -6.854  6.369  3.34
346  25  TYR  HB3  -0.876  -8.214  7.016  3.09
347  25  TYR  HD1  -0.68  -5.812  9.557  7.14
348  25  TYR  HD2  -3.202  -7.353  6.845  7.14
349  25  TYR  HE1  -2.462  -4.96  10.709  6.74
350  25  TYR  HE2  -4.969  -6.496  8.013  6.74
351  25  TYR  HH  -5.644  -5.418  9.942  1.01
352  26  PRO  N  2.032  -9.305  7.67  1.01
353  26  PRO  CA  3.227  -10.095  7.269  1.17
354  26  PRO  C  3.256  -10.445  5.786  1.17
355  26  PRO  O  4.234  -10.954  5.28  2.7
356  26  PRO  CB  3.176  -11.316  8.188  2.66
357  26  PRO  CG  1.654  -11.503  8.423  7.41
358  26  PRO  CD  1.147  -10.06  8.606  7.41
359  26  PRO  HA  4.008  -9.548  7.446  4.59
360  26  PRO  HB2  3.557  -12.093  7.749  2.44
361  26  PRO  HB3  3.648  -11.147  9.019  2.07
362  26  PRO  HG2  1.228  -11.928  7.662  2.13
363  26  PRO  HG3  1.486  -12.03  9.22  2.13
364  26  PRO  HD2  0.218  -9.969  8.342  4.02
365  26  PRO  HD3  1.278  -9.743  9.513  3.83
366  27  SER  N  2.169  -10.145  5.145  133.2
367  27  SER  CA  2.027  -10.422  3.685  133.2
368  27  SER  C  1.475  -9.202  2.942  7.65
369  27  SER  O  0.987  -9.276  1.828  4.22
370  27  SER  CB  1.111  -11.629  3.546  1.75
371  27  SER  OG  -0.058  -11.297  4.299  1.08
372  27  SER  H  1.527  -9.779  5.585  7.76
373  27  SER  HA  2.894  -10.634  3.306  4.33
374  27  SER  HB2  0.913  -11.772  2.607  3.92
375  27  SER  HB3  1.532  -12.42  3.918  3.79
376  27  SER  HG  -0.719  -11.256  3.782  7.38
377  28  GLY  N  1.578  -8.092  3.614  7.38
378  28  GLY  CA  1.094  -6.824  3.032  6.51
379  28  GLY  C  -0.384  -6.718  2.783  6.51
380  28  GLY  O  -1.2  -6.661  3.682  179.74
381  28  GLY  H  1.937  -8.088  4.395  6.94
382  28  GLY  HA2  1.336  -6.086  3.613  3.43
383  28  GLY  HA3  1.556  -6.716  2.186  1.27
384  29  CYS  N  -0.639  -6.684  1.517  184.95
385  29  CYS  CA  -2.012  -6.572  1.023  38.32
386  29  CYS  C  -3.036  -7.532  1.689  8.13
387  29  CYS  O  -2.921  -8.741  1.589  4.52
388  29  CYS  CB  -2.012  -6.791  -0.488  2
389  29  CYS  SG  -3.298  -5.767  -1.232  7.8
390  29  CYS  H  0.027  -6.723  0.974  7.83
391  29  CYS  HA  -2.237  -5.641  1.174  4.07
392  29  CYS  HB2  -1.155  -6.545  -0.87  2.56
393  29  CYS  HB3  -2.19  -7.722  -0.693  2.48
394  30  PRO  N  -4.01  -6.964  2.364  8.08
395  30  PRO  CA  -5.12  -7.724  2.947  126.38
396  30  PRO  C  -6.174  -8.016  1.868  54.92
397  30  PRO  O  -6.361  -7.321  0.889  179.48
398  30  PRO  CB  -5.597  -6.832  4.1  4.27
399  30  PRO  CG  -5.256  -5.386  3.656  19.22
400  30  PRO  CD  -4.13  -5.514  2.633  8.84
401  30  PRO  HA  -4.766  -8.554  3.303  4.08
402  30  PRO  HB2  -6.55  -6.931  4.251  1.45
403  30  PRO  HB3  -5.116  -7.049  4.914  1.45
404  30  PRO  HG2  -5.997  -4.899  3.262  0.05
405  30  PRO  HG3  -4.934  -4.891  4.425  0.51
406  30  PRO  HD2  -4.373  -5.078  1.801  2.39
407  30  PRO  HD3  -3.29  -5.185  2.989  2.04
408  31  SER  N  -6.85  -9.086  2.103  3.7
409  31  SER  CA  -7.911  -9.57  1.205  31.22
410  31  SER  C  -8.996  -8.522  1.233  25.42
411  31  SER  O  -9.7  -8.338  2.207  29.52
412  31  SER  CB  -8.439  -10.939  1.709  42.42
413  31  SER  OG  -9.303  -11.398  0.675  2.22
414  31  SER  H  -6.645  -9.502  2.827  8.1
415  31  SER  HA  -7.502  -9.572  0.325  4.12
416  31  SER  HB2  -7.721  -11.579  1.834  3.77
417  31  SER  HB3  -8.942  -10.84  2.532  3.77
418  31  SER  HG  -10.064  -11.56  0.991  3.21
419  32  GLY  N  -9.048  -7.877  0.112  1.88
420  32  GLY  CA  -10.011  -6.788  -0.142  1.74
421  32  GLY  C  -9.207  -5.66  -0.774  8.93
422  32  GLY  O  -9.774  -4.638  -1.106  3.23
423  32  GLY  H  -8.494  -8.101  -0.506  8.91
424  32  GLY  HA2  -10.703  -7.083  -0.755  4.38
425  32  GLY  HA3  -10.393  -6.489  0.698  3.63
426  33  TRP  N  -7.912  -5.871  -0.904  8.03
427  33  TRP  CA  -7.035  -4.851  -1.511  4.46
428  33  TRP  C  -6.615  -5.411  -2.866  4.46
429  33  TRP  O  -7.325  -6.225  -3.43  178.08
430  33  TRP  CB  -5.839  -4.608  -0.515  119.68
431  33  TRP  CG  -6.361  -3.699  0.595  20.72
432  33  TRP  CD1  -7.405  -3.958  1.428  6.86
433  33  TRP  CD2  -5.878  -2.47  0.845  4.29
434  33  TRP  NE1  -7.492  -2.841  2.131  31.68
435  33  TRP  CE2  -6.621  -1.881  1.857  7.89
436  33  TRP  CE3  -4.824  -1.774  0.251  4.21
437  33  TRP  CZ2  -6.321  -0.589  2.271  106.68
438  33  TRP  CZ3  -4.526  -0.495  0.661  45.82
439  33  TRP  CH2  -5.272  0.099  1.664  173.58
440  33  TRP  H  -7.512  -6.59  -0.653  8.44
441  33  TRP  HA  -7.565  -4.055  -1.676  4.72
442  33  TRP  HB2  -5.511  -5.435  -0.129  3.12
443  33  TRP  HB3  -5.091  -4.157  -0.937  2.85
444  33  TRP  HD1  -7.912  -4.735  1.49  6.99
445  33  TRP  HE1  -8.094  -2.738  2.737  10.37
446  33  TRP  HE3  -4.297  -2.158  -0.413  7.22
447  33  TRP  HZ2  -6.817  -0.182  2.944  7.73
448  33  TRP  HZ3  -3.826  -0.033  0.259  7.51
449  33  TRP  HH2  -5.063  0.971  1.911  7.47
450  34  HSE  N  -5.488  -4.992  -3.361  3.25
451  34  HSE  CA  -5.007  -5.477  -4.681  3.25
452  34  HSE  C  -3.514  -5.813  -4.756  7.16
453  34  HSE  O  -3.145  -6.956  -4.95  4.74
454  34  HSE  CB  -5.425  -4.381  -5.724  1.73
455  34  HSE  CG  -5.102  -4.781  -7.173  1.43
456  34  HSE  ND1  -5.257  -4.019  -8.207  1.6
457  34  HSE  CD2  -4.603  -5.958  -7.698  171.37
458  34  HSE  CE1  -4.891  -4.651  -9.278  7.47
459  34  HSE  NE2  -4.477  -5.862  -9.006  4.07
460  34  HSE  H  -4.976  -4.368  -2.839  9.17
461  34  HSE  HA  -5.524  -6.371  -4.841  5.15
462  34  HSE  HB2  -6.493  -4.228  -5.639  3.32
463  34  HSE  HB3  -4.945  -3.443  -5.497  3.22
464  34  HSE  HD1  -5.612  -3.105  -8.178  57.82
465  34  HSE  HD2  -4.356  -6.832  -7.114  7.14
466  34  HSE  HE1  -4.922  -4.24  -10.278  8.46
467  35  ASN  N  -2.749  -4.774  -4.604  4.37
468  35  ASN  CA  -1.239  -4.713  -4.615  1.97
469  35  ASN  C  -0.803  -3.493  -5.419  2.04
470  35  ASN  O  -1.492  -3.118  -6.347  2.44
471  35  ASN  CB  -0.599  -5.937  -5.279  2.44
472  35  ASN  CG  -0.855  -5.959  -6.787  2.67
473  35  ASN  OD1  -0.125  -5.368  -7.557  122.98
474  35  ASN  ND2  -1.868  -6.614  -7.259  53.92
475  35  ASN  HA  -0.891  -4.64  -3.712  4.87
476  35  ASN  HB2  0.358  -5.886  -5.129  3.05
477  35  ASN  HB3  -0.944  -6.746  -4.87  2.95
478  35  ASN  HD21  -2.375  -7.056  -6.723  7.86
479  35  ASN  HD22  -2.03  -6.601  -8.103  7.59
480  36  CYS  N  0.287  -2.867  -5.079  2.99
481  36  CYS  CA  0.728  -1.678  -5.878  3.25
482  36  CYS  C  2.245  -1.547  -5.831  8.81
483  36  CYS  O  2.795  -0.658  -6.443  4.83
484  36  CYS  CB  0.079  -0.395  -5.313  2.15
485  36  CYS  SG  0.876  0.474  -3.945  1.73
486  36  CYS  H  0.736  -3.138  -4.398  9.51
487  36  CYS  HA  0.49  -1.806  -6.81  5.47
488  36  CYS  HB2  0.026  0.247  -6.038  3.53
489  36  CYS  HB3  -0.827  -0.6  -5.032  3.25
490  37  LYS  N  2.878  -2.434  -5.113  108.18
491  37  LYS  CA  4.351  -2.424  -4.971  8.45
492  37  LYS  C  4.864  -3.85  -5.003  4.59
493  37  LYS  O  4.695  -4.587  -4.05  1.2
494  37  LYS  CB  4.675  -1.724  -3.63  2.05
495  37  LYS  CG  4.485  -0.199  -3.778  1.49
496  37  LYS  CD  5.557  0.371  -4.753  1.51
497  37  LYS  CE  6.933  0.253  -4.141  1.71
498  37  LYS  NZ  6.937  1.071  -2.887  1.71
499  37  LYS  H  2.461  -3.063  -4.701  8.38
500  37  LYS  HA  4.718  -1.958  -5.739  4.85
501  37  LYS  HB2  4.033  -2.1  -3.008  2.03
502  37  LYS  HB3  5.545  -1.93  -3.253  1.63
503  37  LYS  HG2  3.587  -0.047  -4.111  1.5
504  37  LYS  HG3  4.563  0.257  -2.925  1.5
505  37  LYS  HD2  5.523  -0.08  -5.611  1.82
506  37  LYS  HD3  5.427  1.316  -4.927  1.82
507  37  LYS  HE2  7.162  -0.669  -3.944  3.1
508  37  LYS  HE3  7.594  0.608  -4.756  3.1
509  37  LYS  HZ1  6.242  1.627  -2.891  114.09
510  37  LYS  HZ2  6.877  0.535  -2.179  133.7
511  37  LYS  HZ3  7.679  1.56  -2.838  4.62
512  38  ALA  N  5.472  -4.202  -6.102  1.74
513  38  ALA  CA  6.016  -5.597  -6.215  2.54
514  38  ALA  C  7.214  -5.817  -5.283  2.04
515  38  ALA  O  7.627  -6.935  -5.041  2.18
516  38  ALA  CB  6.447  -5.857  -7.676  3.83
517  38  ALA  H  5.537  -3.627  -6.738  9.64
518  38  ALA  HA  5.324  -6.212  -5.925  4.16
519  38  ALA  HB1  5.692  -5.763  -8.277  7.25
520  38  ALA  HB2  7.134  -5.222  -7.933  7.25
521  38  ALA  HB3  6.807  -6.754  -7.759  7.31
522  39  HSE  N  7.723  -4.729  -4.785  7.31
523  39  HSE  CA  8.903  -4.782  -3.864  7.17
524  39  HSE  C  8.855  -3.805  -2.677  118.58
525  39  HSE  O  8.019  -3.983  -1.821  4.22
526  39  HSE  CB  10.179  -4.545  -4.731  1.64
527  39  HSE  CG  10.457  -5.768  -5.609  1.96
528  39  HSE  ND1  10.276  -6.994  -5.244  2.11
529  39  HSE  CD2  10.937  -5.865  -6.903  2.27
530  39  HSE  CE1  10.612  -7.789  -6.211  3.93
531  39  HSE  NE2  11.029  -7.129  -7.262  3.66
532  39  HSE  H  7.289  -3.892  -5.038  8.92
533  39  HSE  HA  8.94  -5.77  -3.433  4.85
534  39  HSE  HB2  10.064  -3.681  -5.372  3.22
535  39  HSE  HB3  11.034  -4.406  -4.093  3.12
536  39  HSE  HD1  9.922  -7.285  -4.374  3.74
537  39  HSE  HD2  11.2  -5.028  -7.534  7.26
538  39  HSE  HE1  10.555  -8.868  -6.16  8.55
539  40  GLY  N  9.726  -2.822  -2.645  1.96
540  40  GLY  CA  9.778  -1.814  -1.529  129.58
541  40  GLY  C  8.43  -1.471  -0.86  54.82
542  40  GLY  O  7.484  -1.152  -1.562  174.58
543  40  GLY  H  10.29  -2.751  -3.291  8.37
544  40  GLY  HA2  10.387  -2.164  -0.86  4.16
545  40  GLY  HA3  10.153  -0.99  -1.876  3.44
546  41  PRO  N  8.355  -1.513  0.456  2
547  41  PRO  CA  9.482  -1.728  1.435  1.3
548  41  PRO  C  10.116  -3.143  1.532  1.48
549  41  PRO  O  9.827  -4.037  0.767  3.21
550  41  PRO  CB  8.862  -1.245  2.751  3.21
551  41  PRO  CG  7.4  -1.711  2.597  6.99
552  41  PRO  CD  7.052  -1.329  1.153  9.43
553  41  PRO  HA  10.204  -1.118  1.216  4.46
554  41  PRO  HB2  9.267  -1.651  3.534  2.06
555  41  PRO  HB3  8.909  -0.279  2.824  1.85
556  41  PRO  HG2  7.34  -2.674  2.697  6.87
557  41  PRO  HG3  6.812  -1.272  3.231  7.95
558  41  PRO  HD2  6.39  -1.919  0.76  6.96
559  41  PRO  HD3  6.769  -0.404  1.076  7.06
560  42  THR  N  10.99  -3.299  2.491  9.97
561  42  THR  CA  11.686  -4.611  2.712  114.08
562  42  THR  C  11.402  -5.086  4.151  8.68
563  42  THR  O  12.107  -5.926  4.673  4.85
564  42  THR  CB  13.222  -4.359  2.415  3.19
565  42  THR  OG1  13.984  -5.492  2.814  2.76
566  42  THR  CG2  13.807  -3.215  3.257  4.31
567  42  THR  H  11.175  -2.635  3.006  8.24
568  42  THR  HA  11.337  -5.277  2.099  3.81
569  42  THR  HB  13.373  -4.204  1.47  4.08
570  42  THR  HG1  13.523  -5.971  3.328  173.58
571  42  THR  HG21  13.723  -3.415  4.203  1.44
572  42  THR  HG22  14.749  -3.108  3.05  4.36
573  42  THR  HG23  13.357  -2.377  3.067  4.23
574  43  ILE  N  10.374  -4.521  4.729  2.91
575  43  ILE  CA  9.955  -4.864  6.131  8.61
576  43  ILE  C  8.444  -5.101  6.089  4.85
577  43  ILE  O  7.992  -6.226  6.144  2.02
578  43  ILE  CB  10.327  -3.667  7.079  2.02
579  43  ILE  CG1  11.876  -3.517  7.11  2.27
580  43  ILE  CG2  9.784  -3.951  8.508  2.35
581  43  ILE  CD  12.29  -2.266  7.911  7.8
582  43  ILE  H  9.925  -3.942  4.278  7.4
583  43  ILE  HA  10.386  -5.687  6.408  4.07
584  43  ILE  HB  9.943  -2.84  6.749  1.68
585  43  ILE  HG12  12.278  -4.305  7.507  1.34
586  43  ILE  HG13  12.216  -3.433  6.206  1.03
587  43  ILE  HG21  8.82  -4.061  8.5  9.23
588  43  ILE  HG22  10.18  -4.761  8.865  5.03
589  43  ILE  HG23  9.994  -3.218  9.107  2.84
590  43  ILE  HD11  11.866  -1.374  7.476  2.56
591  43  ILE  HD12  11.965  -2.339  8.938  44.02
592  43  ILE  HD13  13.366  -2.172  7.905  7.01
593  44  GLY  N  7.705  -4.024  6.003  7.12
594  44  GLY  CA  6.211  -4.137  5.943  113.43
595  44  GLY  C  5.913  -4.223  4.445  60.31
596  44  GLY  O  6.777  -4.632  3.694  9.12
597  44  GLY  H  8.081  -3.251  5.98  7.81
598  44  GLY  HA2  5.916  -4.949  6.384  3.99
599  44  GLY  HA3  5.793  -3.353  6.333  3.67
600  45  TRP  N  4.744  -3.85  3.998  4.08
601  45  TRP  CA  4.468  -3.935  2.527  1.87
602  45  TRP  C  3.651  -2.723  2.09  0.88
603  45  TRP  O  3.119  -1.994  2.899  1.44
604  45  TRP  CB  3.627  -5.14  2.161  7.48
605  45  TRP  CG  4.082  -6.466  2.783  1.96
606  45  TRP  CD1  4.1  -6.742  4.119  3.08
607  45  TRP  CD2  4.488  -7.555  2.097  3.53
608  45  TRP  NE1  4.517  -7.991  4.156  122.18
609  45  TRP  CE2  4.777  -8.574  3  117.88
610  45  TRP  CE3  4.64  -7.784  0.726  53.82
611  45  TRP  CZ2  5.21  -9.811  2.548  180.18
612  45  TRP  CZ3  5.078  -9.027  0.272  41.86
613  45  TRP  CH2  5.362  -10.04  1.186  19.72
614  45  TRP  H  4.132  -3.556  4.526  8.5
615  45  TRP  HA  5.303  -3.949  2.034  4.62
616  45  TRP  HB2  2.723  -4.95  2.456  3.17
617  45  TRP  HB3  3.612  -5.243  1.197  2.79
618  45  TRP  HD1  3.869  -6.187  4.828  7.26
619  45  TRP  HE1  4.609  -8.406  4.904  9.42
620  45  TRP  HE3  4.452  -7.112  0.111  7.69
621  45  TRP  HZ2  5.389  -10.491  3.156  7.45
622  45  TRP  HZ3  5.179  -9.185  -0.639  7.19
623  45  TRP  HH2  5.657  -10.869  0.885  7.26
624  46  CYS  N  3.581  -2.574  0.8  8.17
625  46  CYS  CA  2.833  -1.462  0.157  29.32
626  46  CYS  C  1.808  -2.037  -0.822  8.9
627  46  CYS  O  2.147  -2.848  -1.665  4.24
628  46  CYS  CB  3.835  -0.569  -0.562  3.98
629  46  CYS  SG  4.589  0.703  0.478  4.06
630  46  CYS  H  3.985  -3.144  0.299  9.92
631  46  CYS  HA  2.378  -0.938  0.835  5.26
632  46  CYS  HB2  4.551  -1.131  -0.896  3.07
633  46  CYS  HB3  3.414  -0.164  -1.336  2.65
634  47  CYS  N  0.584  -1.612  -0.688  1.22
635  47  CYS  CA  -0.508  -2.092  -1.582  8.3
636  47  CYS  C  -1.464  -0.925  -1.812  7.13
637  47  CYS  O  -1.18  0.207  -1.472  4.74
638  47  CYS  CB  -1.29  -3.285  -0.921  120.02
639  47  CYS  SG  -2.38  -4.173  -2.061  56.31
640  47  CYS  H  0.396  -1.037  -0.076  8.97
641  47  CYS  HA  -0.123  -2.336  -2.438  5.88
642  47  CYS  HB2  -0.642  -3.919  -0.577  3.36
643  47  CYS  HB3  -1.829  -2.967  -0.18  3.34
644  48  LYS  N  -2.582  -1.239  -2.391  1.73
645  48  LYS  CA  -3.65  -0.246  -2.7  8.01
646  48  LYS  C  -4.872  -1.136  -2.611  4.12
647  48  LYS  O  -4.726  -2.343  -2.77  3.75
648  48  LYS  CB  -3.527  0.33  -4.149  1.69
649  48  LYS  CG  -3.727  -0.787  -5.243  1.72
650  48  LYS  CD  -4.012  -0.153  -6.63  1.54
651  48  LYS  CE  -2.771  -0.117  -7.533  2.46
652  48  LYS  NZ  -2.366  -1.512  -7.902  8.4
653  48  LYS  H  -2.74  -2.057  -2.604  9.5
654  48  LYS  HA  -3.699  0.422  -1.998  5.18
655  48  LYS  HB2  -4.204  1.015  -4.261  1.86
656  48  LYS  HB3  -2.661  0.756  -4.242  1.79
657  48  LYS  HG2  -2.94  -1.354  -5.268  1.59
658  48  LYS  HG3  -4.488  -1.344  -5.017  1.59
659  48  LYS  HD2  -4.721  -0.653  -7.063  1.89
660  48  LYS  HD3  -4.345  0.751  -6.517  1.89
661  48  LYS  HE2  -2.962  0.389  -8.338  3.05
662  48  LYS  HE3  -2.042  0.321  -7.067  3.05
663  48  LYS  HZ1  -2.078  -1.983  -7.204  7.04
664  48  LYS  HZ2  -3.011  -1.964  -8.316  7.04
665  48  LYS  HZ3  -1.645  -1.499  -8.424  7.32
666  49  GLN  N  -6.015  -0.562  -2.364  7.32
667  49  GLN  CA  -7.199  -1.385  -2.273  7.25
668  49  GLN  C  -7.593  -1.968  -3.652  1.73
669  49  GLN  O  -6.885  -1.717  -4.616  35.52
670  49  GLN  CB  -8.286  -0.471  -1.66  175.2
671  49  GLN  CG  -8.954  -1.387  -0.718  1.46
672  49  GLN  CD  -10.199  -0.846  -0.041  1.64
673  49  GLN  OE1  -10.317  0.31  0.306  7.27
674  49  GLN  NE2  -11.176  -1.667  0.178  5.06
675  49  GLN  OXT  -8.597  -2.65  -3.664  9.43
676  49  GLN  H  -6.161  0.275  -2.231  8.18
677  49  GLN  HA  -6.961  -2.119  -1.686  4.02
678  49  GLN  HB2  -7.93  0.294  -1.182  1.57
679  49  GLN  HB3  -8.91  -0.176  -2.341  1.24
680  49  GLN  HG2  -9.137  -2.172  -1.258  0.71
681  49  GLN  HG3  -8.3  -1.6  -0.034  0.26
682  49  GLN  HE21  -11.115  -2.486  -0.077  9.14
683  49  GLN  HE22  -11.879  -1.378  0.581  39.42
