1  1  MET  N  -18.296  7.322  12.803  0
2  1  MET  CA  -17.701  7.19  11.462  55.43
3  1  MET  C  -18.739  7.434  10.359  173.62
4  1  MET  O  -19.929  7.596  10.636  0
5  1  MET  CB  -17.075  5.779  11.315  33.97
6  1  MET  CG  -18.048  4.605  11.579  29.13
7  1  MET  SD  -19.388  4.498  10.364  24.16
8  1  MET  CE  -20.317  3.104  11.049  41.43
9  1  MET  H  -17.972  6.678  13.325  4.5
10  1  MET  H2  -18.096  8.117  13.148  2.1
11  1  MET  H3  -19.179  7.232  12.743  3.64
12  1  MET  HA  -16.997  7.851  11.37  1.99
13  1  MET  HB2  -16.728  5.687  10.414  4
14  1  MET  HB3  -16.33  5.705  11.932  1.66
15  1  MET  HG2  -17.544  3.776  11.558  1.94
16  1  MET  HG3  -18.435  4.704  12.463  1.16
17  1  MET  HE1  -20.615  3.321  11.946  1.37
18  1  MET  HE2  -21.088  2.925  10.488  0.68
19  1  MET  HE3  -19.751  2.317  11.078  1.1
20  2  ARG  N  -18.299  7.458  9.097  1.77
21  2  ARG  CA  -19.223  7.596  7.955  1.86
22  2  ARG  C  -18.65  6.838  6.744  1.89
23  2  ARG  O  -17.549  7.156  6.29  0.83
24  2  ARG  CB  -19.419  9.077  7.528  2
25  2  ARG  CG  -19.549  10.13  8.655  3.59
26  2  ARG  CD  -18.175  10.636  9.15  8.34
27  2  ARG  NE  -17.466  11.215  7.995  4.07
28  2  ARG  CZ  -16.207  11.642  8.042  1.89
29  2  ARG  NH1  -15.518  11.672  9.182  31.76
30  2  ARG  NH2  -15.655  12.053  6.905  21.33
31  2  ARG  H  -17.457  7.384  8.941  20.96
32  2  ARG  HA  -20.088  7.231  8.199  8.89
33  2  ARG  HB2  -18.671  9.33  6.964  4.97
34  2  ARG  HB3  -20.222  9.126  6.986  2.03
35  2  ARG  HG2  -20.05  10.887  8.313  4.5
36  2  ARG  HG3  -20.043  9.752  9.4  1.93
37  2  ARG  HD2  -18.308  11.318  9.827  3.14
38  2  ARG  HD3  -17.659  9.902  9.52  3.14
39  2  ARG  HE  -17.882  11.335  7.252  7.18
40  2  ARG  HH11  -15.889  11.409  9.912  4.31
41  2  ARG  HH12  -14.705  11.952  9.19  1.77
42  2  ARG  HH21  -16.125  11.997  6.187  58.98
43  2  ARG  HH22  -14.853  12.361  6.878  118.54
44  3  PRO  N  -19.348  5.819  6.216  56.9
45  3  PRO  CA  -18.958  5.106  4.985  42.21
46  3  PRO  C  -19.347  5.898  3.723  56.04
47  3  PRO  O  -20.089  5.44  2.852  8.43
48  3  PRO  CB  -19.731  3.781  5.107  4.94
49  3  PRO  CG  -21.03  4.21  5.777  2.65
50  3  PRO  CD  -20.562  5.238  6.818  2.79
51  3  PRO  HA  -18.004  4.932  4.988  7.04
52  3  PRO  HB2  -19.904  3.395  4.234  7.04
53  3  PRO  HB3  -19.247  3.155  5.668  6.67
54  3  PRO  HG2  -21.629  4.62  5.133  6.67
55  3  PRO  HG3  -21.455  3.453  6.211  3.19
56  3  PRO  HD2  -21.24  5.921  6.942  7.02
57  3  PRO  HD3  -20.35  4.802  7.658  7.02
58  4  GLU  N  -18.831  7.123  3.639  7.22
59  4  GLU  CA  -19.114  8.037  2.517  7.22
60  4  GLU  C  -18.482  7.559  1.207  7.52
61  4  GLU  O  -17.606  6.694  1.193  3.17
62  4  GLU  CB  -18.507  9.412  2.86  43.98
63  4  GLU  CG  -19.094  10.027  4.151  8.99
64  4  GLU  CD  -18.291  11.247  4.641  4.66
65  4  GLU  OE1  -17.121  11.404  4.289  4.46
66  4  GLU  OE2  -18.847  12.026  5.411  4.35
67  4  GLU  H  -18.318  7.363  4.286  4
68  4  GLU  HA  -20.074  8.123  2.404  53.95
69  4  GLU  HB2  -17.548  9.31  2.962  60.38
70  4  GLU  HB3  -18.675  10.022  2.125  6.77
71  4  GLU  HG2  -20.007  10.304  3.977  45.56
72  4  GLU  HG3  -19.101  9.353  4.848  31.02
73  5  VAL  N  -18.915  8.146  0.089  27.4
74  5  VAL  CA  -18.265  7.906  -1.212  43.58
75  5  VAL  C  -16.823  8.426  -1.154  1.81
76  5  VAL  O  -15.872  7.727  -1.503  1.82
77  5  VAL  CB  -19.057  8.622  -2.337  1.84
78  5  VAL  CG1  -18.438  8.367  -3.73  8.99
79  5  VAL  CG2  -20.55  8.224  -2.328  4.94
80  5  VAL  H  -19.591  8.676  0.132  2.76
81  5  VAL  HA  -18.254  6.953  -1.391  2.87
82  5  VAL  HB  -19.009  9.576  -2.17  2.11
83  5  VAL  HG11  -18.437  7.415  -3.918  1.66
84  5  VAL  HG12  -18.959  8.827  -4.406  1.76
85  5  VAL  HG13  -17.527  8.699  -3.75  3.48
86  5  VAL  HG21  -20.632  7.266  -2.457  3.88
87  5  VAL  HG22  -20.95  8.469  -1.479  7.52
88  5  VAL  HG23  -21.014  8.686  -3.044  8.97
89  6  ALA  N  -16.662  9.672  -0.698  4.64
90  6  ALA  CA  -15.328  10.254  -0.472  2.68
91  6  ALA  C  -14.507  9.374  0.476  3.18
92  6  ALA  O  -13.389  8.977  0.152  8.71
93  6  ALA  CB  -15.48  11.663  0.136  54.68
94  6  ALA  H  -17.361  10.142  -0.524  7.82
95  6  ALA  HA  -14.865  10.324  -1.322  4.05
96  6  ALA  HB1  -15.954  11.605  0.98  33.71
97  6  ALA  HB2  -14.603  12.048  0.287  117.94
98  6  ALA  HB3  -15.978  12.229  -0.474  8.57
99  7  SER  N  -15.066  9.057  1.65  9.5
100  7  SER  CA  -14.397  8.183  2.631  4.44
101  7  SER  C  -13.821  6.913  1.985  4.51
102  7  SER  O  -12.609  6.706  2.011  4.38
103  7  SER  CB  -15.411  7.809  3.738  58.94
104  7  SER  OG  -14.778  7.016  4.745  6.95
105  7  SER  H  -15.809  9.429  1.872  7.28
106  7  SER  HA  -13.669  8.68  3.037  3.94
107  7  SER  HB2  -15.758  8.619  4.144  35.44
108  7  SER  HB3  -16.144  7.306  3.35  2.96
109  7  SER  HG  -14.151  7.453  5.093  4.28
110  8  THR  N  -14.659  6.074  1.369  1.69
111  8  THR  CA  -14.184  4.807  0.78  8.08
112  8  THR  C  -13.11  5.027  -0.301  4.13
113  8  THR  O  -12.155  4.256  -0.398  2.21
114  8  THR  CB  -15.362  3.967  0.219  2.34
115  8  THR  OG1  -14.844  2.71  -0.226  7.38
116  8  THR  CG2  -16.121  4.63  -0.95  4.62
117  8  THR  H  -15.494  6.273  1.315  7.79
118  8  THR  HA  -13.773  4.291  1.491  3.57
119  8  THR  HB  -15.991  3.804  0.939  4.02
120  8  THR  HG1  -14.045  2.844  -0.449  2.45
121  8  THR  HG21  -15.516  4.787  -1.692  40.16
122  8  THR  HG22  -16.838  4.045  -1.241  26.04
123  8  THR  HG23  -16.498  5.474  -0.656  22.46
124  9  PHE  N  -13.275  6.048  -1.147  28.28
125  9  PHE  CA  -12.27  6.376  -2.176  8.59
126  9  PHE  C  -10.888  6.628  -1.554  3.77
127  9  PHE  O  -9.894  6.012  -1.942  9.07
128  9  PHE  CB  -12.743  7.636  -2.936  3.93
129  9  PHE  CG  -11.896  7.993  -4.088  4.04
130  9  PHE  CD1  -11.779  7.115  -5.17  3.95
131  9  PHE  CD2  -11.245  9.229  -4.121  4.39
132  9  PHE  CE1  -11.022  7.476  -6.287  2.02
133  9  PHE  CE2  -10.485  9.589  -5.237  1.95
134  9  PHE  CZ  -10.375  8.714  -6.32  2.29
135  9  PHE  H  -14.003  6.506  -1.132  7.88
136  9  PHE  HA  -12.206  5.635  -2.798  3.9
137  9  PHE  HB2  -13.646  7.482  -3.256  2.94
138  9  PHE  HB3  -12.768  8.383  -2.317  2.94
139  9  PHE  HD1  -12.205  6.289  -5.149  4.94
140  9  PHE  HD2  -11.321  9.815  -3.403  18.73
141  9  PHE  HE1  -10.95  6.894  -7.009  8.37
142  9  PHE  HE2  -10.052  10.412  -5.26  3.62
143  9  PHE  HZ  -9.875  8.958  -7.065  23.72
144  10  LYS  N  -10.816  7.538  -0.58  8.62
145  10  LYS  CA  -9.548  7.838  0.109  5.31
146  10  LYS  C  -8.954  6.603  0.798  1.64
147  10  LYS  O  -7.749  6.371  0.718  55.2
148  10  LYS  CB  -9.719  8.996  1.121  7.42
149  10  LYS  CG  -9.73  10.395  0.459  5.18
150  10  LYS  CD  -10.975  10.685  -0.408  2.26
151  10  LYS  CE  -10.887  12.024  -1.17  2.31
152  10  LYS  NZ  -9.763  11.986  -2.119  2.63
153  10  LYS  H  -11.536  7.944  -0.343  7.79
154  10  LYS  HA  -8.909  8.125  -0.562  3.56
155  10  LYS  HB2  -10.551  8.87  1.603  1.45
156  10  LYS  HB3  -8.99  8.964  1.76  1.74
157  10  LYS  HG2  -9.682  11.063  1.16  55.1
158  10  LYS  HG3  -8.937  10.476  -0.093  4.09
159  10  LYS  HD2  -11.102  9.967  -1.048  40.96
160  10  LYS  HD3  -11.747  10.725  0.177  17.95
161  10  LYS  HE2  -11.714  12.172  -1.656  7.8
162  10  LYS  HE3  -10.754  12.748  -0.538  4.29
163  10  LYS  HZ1  -10.039  12.272  -2.915  1.36
164  10  LYS  HZ2  -9.109  12.513  -1.825  8.16
165  10  LYS  HZ3  -9.463  11.151  -2.191  4.53
166  11  VAL  N  -9.778  5.812  1.491  2.89
167  11  VAL  CA  -9.319  4.545  2.097  3.04
168  11  VAL  C  -8.65  3.632  1.058  6.12
169  11  VAL  O  -7.567  3.1  1.3  7.48
170  11  VAL  CB  -10.516  3.828  2.778  32.78
171  11  VAL  CG1  -10.163  2.4  3.254  35.58
172  11  VAL  CG2  -11.041  4.648  3.978  3
173  11  VAL  H  -10.594  6.058  1.605  7.73
174  11  VAL  HA  -8.662  4.755  2.779  3.37
175  11  VAL  HB  -11.233  3.757  2.129  1.97
176  11  VAL  HG11  -9.433  2.438  3.891  1.91
177  11  VAL  HG12  -10.938  1.999  3.677  1.56
178  11  VAL  HG13  -9.901  1.856  2.495  9.19
179  11  VAL  HG21  -11.318  5.529  3.683  3.29
180  11  VAL  HG22  -11.797  4.191  4.378  2.14
181  11  VAL  HG23  -10.337  4.743  4.638  2.14
182  12  LEU  N  -9.292  3.43  -0.096  1.62
183  12  LEU  CA  -8.715  2.632  -1.196  62.17
184  12  LEU  C  -7.308  3.13  -1.551  59.42
185  12  LEU  O  -6.345  2.365  -1.516  4.14
186  12  LEU  CB  -9.664  2.731  -2.419  2.96
187  12  LEU  CG  -9.354  1.779  -3.604  32.33
188  12  LEU  CD1  -10.543  1.751  -4.587  25.24
189  12  LEU  CD2  -8.065  2.142  -4.377  30.14
190  12  LEU  H  -10.091  3.735  -0.185  7.88
191  12  LEU  HA  -8.66  1.705  -0.915  3.7
192  12  LEU  HB2  -10.566  2.549  -2.112  1.29
193  12  LEU  HB3  -9.643  3.642  -2.752  1.53
194  12  LEU  HG  -9.243  0.884  -3.246  0.85
195  12  LEU  HD11  -11.338  1.44  -4.126  7.29
196  12  LEU  HD12  -10.702  2.643  -4.934  4.98
197  12  LEU  HD13  -10.345  1.15  -5.322  3.39
198  12  LEU  HD21  -8.139  3.045  -4.724  3.13
199  12  LEU  HD22  -7.29  2.076  -3.797  1.75
200  12  LEU  HD23  -7.951  1.523  -5.115  3.05
201  13  ARG  N  -7.177  4.419  -1.88  3.05
202  13  ARG  CA  -5.864  5.007  -2.215  111.74
203  13  ARG  C  -4.815  4.775  -1.121  57.24
204  13  ARG  O  -3.689  4.374  -1.408  3.2
205  13  ARG  CB  -6  6.519  -2.507  3.2
206  13  ARG  CG  -6.449  6.814  -3.955  58.69
207  13  ARG  CD  -7.853  6.275  -4.304  9.03
208  13  ARG  NE  -8.11  6.436  -5.745  4.28
209  13  ARG  CZ  -7.536  5.652  -6.661  1.42
210  13  ARG  NH1  -6.691  4.68  -6.312  2
211  13  ARG  NH2  -7.817  5.846  -7.946  1.2
212  13  ARG  H  -7.886  4.906  -1.894  8.38
213  13  ARG  HA  -5.542  4.575  -3.021  3.57
214  13  ARG  HB2  -6.646  6.901  -1.892  1.51
215  13  ARG  HB3  -5.143  6.948  -2.356  1.73
216  13  ARG  HG2  -6.449  7.776  -4.083  1.22
217  13  ARG  HG3  -5.798  6.428  -4.562  1.22
218  13  ARG  HD2  -7.922  5.337  -4.066  2.73
219  13  ARG  HD3  -8.516  6.782  -3.81  2.9
220  13  ARG  HE  -8.643  7.06  -6.003  1.6
221  13  ARG  HH11  -6.505  4.549  -5.483  1.73
222  13  ARG  HH12  -6.33  4.182  -6.914  3.17
223  13  ARG  HH21  -8.362  6.47  -8.177  3.21
224  13  ARG  HH22  -7.457  5.351  -8.55  7.56
225  14  ASN  N  -5.166  5.038  0.138  4.72
226  14  ASN  CA  -4.275  4.755  1.277  2.84
227  14  ASN  C  -3.746  3.314  1.233  3.87
228  14  ASN  O  -2.538  3.089  1.181  8.48
229  14  ASN  CB  -5.069  4.995  2.583  3.66
230  14  ASN  CG  -4.297  4.466  3.795  55.93
231  14  ASN  OD1  -3.28  5.015  4.212  2
232  14  ASN  ND2  -4.767  3.361  4.365  1.38
233  14  ASN  H  -5.933  5.397  0.289  8.06
234  14  ASN  HA  -3.524  5.368  1.249  4.07
235  14  ASN  HB2  -5.215  5.948  2.692  2.86
236  14  ASN  HB3  -5.93  4.552  2.526  2.46
237  14  ASN  HD21  -5.467  2.981  4.04  6.45
238  14  ASN  HD22  -4.382  3.015  5.052  7.14
239  15  VAL  N  -4.65  2.332  1.232  2.05
240  15  VAL  CA  -4.268  0.908  1.219  2.32
241  15  VAL  C  -3.33  0.576  0.049  2.11
242  15  VAL  O  -2.28  -0.032  0.247  2.29
243  15  VAL  CB  -5.548  0.031  1.168  7.63
244  15  VAL  CG1  -5.232  -1.474  1.001  3.94
245  15  VAL  CG2  -6.411  0.237  2.433  4.12
246  15  VAL  H  -5.484  2.543  1.233  8.46
247  15  VAL  HA  -3.796  0.712  2.044  3.31
248  15  VAL  HB  -6.071  0.311  0.401  1.92
249  15  VAL  HG11  -4.688  -1.778  1.744  3.92
250  15  VAL  HG12  -6.06  -1.978  0.981  41.27
251  15  VAL  HG13  -4.753  -1.62  0.17  25.04
252  15  VAL  HG21  -6.668  1.169  2.511  20.95
253  15  VAL  HG22  -7.21  -0.31  2.374  23.65
254  15  VAL  HG23  -5.903  -0.019  3.218  7.16
255  16  THR  N  -3.698  0.965  -1.174  3.96
256  16  THR  CA  -2.874  0.672  -2.362  8.74
257  16  THR  C  -1.456  1.255  -2.259  4.42
258  16  THR  O  -0.475  0.552  -2.502  3.9
259  16  THR  CB  -3.586  1.157  -3.65  4.01
260  16  THR  OG1  -3.909  2.547  -3.548  61.64
261  16  THR  CG2  -4.877  0.361  -3.939  174.32
262  16  THR  H  -4.438  1.393  -1.272  7.61
263  16  THR  HA  -2.782  -0.292  -2.426  3.49
264  16  THR  HB  -2.98  1.036  -4.398  4.04
265  16  THR  HG1  -4.283  2.802  -4.256  4.83
266  16  THR  HG21  -4.66  -0.578  -4.05  56.15
267  16  THR  HG22  -5.496  0.462  -3.199  2.15
268  16  THR  HG23  -5.289  0.693  -4.752  1.86
269  17  VAL  N  -1.326  2.536  -1.902  7.96
270  17  VAL  CA  -0.004  3.173  -1.735  4.8
271  17  VAL  C  0.847  2.455  -0.676  3.07
272  17  VAL  O  2.021  2.161  -0.905  2.58
273  17  VAL  CB  -0.193  4.67  -1.374  7.06
274  17  VAL  CG1  1.139  5.368  -1.013  7.55
275  17  VAL  CG2  -0.875  5.435  -2.53  2.41
276  17  VAL  H  -2.031  3.009  -1.767  7.72
277  17  VAL  HA  0.467  3.123  -2.582  3.41
278  17  VAL  HB  -0.774  4.72  -0.599  2.02
279  17  VAL  HG11  1.751  5.312  -1.763  1.4
280  17  VAL  HG12  0.97  6.3  -0.803  2.15
281  17  VAL  HG13  1.537  4.937  -0.24  37.37
282  17  VAL  HG21  -1.739  5.04  -2.725  9.08
283  17  VAL  HG22  -0.998  6.364  -2.278  3.4
284  17  VAL  HG23  -0.319  5.388  -3.323  1.7
285  18  VAL  N  0.27  2.18  0.497  8.32
286  18  VAL  CA  0.981  1.433  1.552  4.02
287  18  VAL  C  1.491  0.085  1.022  2.85
288  18  VAL  O  2.677  -0.217  1.127  3.06
289  18  VAL  CB  0.044  1.238  2.774  55.42
290  18  VAL  CG1  0.652  0.294  3.837  59.48
291  18  VAL  CG2  -0.296  2.594  3.433  7.74
292  18  VAL  H  -0.535  2.444  0.647  7.73
293  18  VAL  HA  1.746  1.957  1.835  3.39
294  18  VAL  HB  -0.784  0.841  2.46  2.02
295  18  VAL  HG11  1.494  0.658  4.153  38.47
296  18  VAL  HG12  0.038  0.208  4.583  4.9
297  18  VAL  HG13  0.805  -0.582  3.45  8.4
298  18  VAL  HG21  -0.723  3.181  2.789  5.14
299  18  VAL  HG22  -0.895  2.452  4.183  3.21
300  18  VAL  HG23  0.519  3.014  3.75  2.9
301  19  LEU  N  0.608  -0.725  0.434  3
302  19  LEU  CA  0.981  -2.035  -0.135  4.2
303  19  LEU  C  2.173  -1.886  -1.092  8.05
304  19  LEU  O  3.185  -2.574  -0.96  4.28
305  19  LEU  CB  -0.259  -2.591  -0.881  9.21
306  19  LEU  CG  -0.223  -4.099  -1.237  3.83
307  19  LEU  CD1  -1.591  -4.546  -1.793  4.02
308  19  LEU  CD2  0.898  -4.484  -2.227  7.21
309  19  LEU  H  -0.214  -0.477  0.384  2.15
310  19  LEU  HA  1.22  -2.638  0.586  3.81
311  19  LEU  HB2  -1.039  -2.434  -0.326  1.62
312  19  LEU  HB3  -0.375  -2.088  -1.702  1.7
313  19  LEU  HG  -0.067  -4.589  -0.414  0.86
314  19  LEU  HD11  -2.279  -4.392  -1.127  3.6
315  19  LEU  HD12  -1.799  -4.039  -2.593  3.52
316  19  LEU  HD13  -1.563  -5.491  -2.009  27.44
317  19  LEU  HD21  0.8  -3.975  -3.047  8.54
318  19  LEU  HD22  1.767  -4.308  -1.834  4.05
319  19  LEU  HD23  0.838  -5.431  -2.427  2.05
320  20  TRP  N  2.064  -0.96  -2.047  2.05
321  20  TRP  CA  3.14  -0.672  -3.011  2.48
322  20  TRP  C  4.497  -0.439  -2.331  2.48
323  20  TRP  O  5.473  -1.115  -2.651  6.95
324  20  TRP  CB  2.737  0.581  -3.823  7.65
325  20  TRP  CG  3.886  1.016  -4.738  1.84
326  20  TRP  CD1  4.426  0.297  -5.817  2.24
327  20  TRP  CD2  4.65  2.192  -4.647  1.19
328  20  TRP  NE1  5.467  0.97  -6.376  1.36
329  20  TRP  CE2  5.624  2.133  -5.677  8.73
330  20  TRP  CE3  4.608  3.29  -3.785  3.62
331  20  TRP  CZ2  6.533  3.184  -5.817  4.24
332  20  TRP  CZ3  5.524  4.332  -3.938  111.86
333  20  TRP  CH2  6.484  4.279  -4.952  64.14
334  20  TRP  H  1.327  -0.523  -2.118  8.32
335  20  TRP  HA  3.22  -1.423  -3.619  4.18
336  20  TRP  HB2  1.959  0.375  -4.364  3.1
337  20  TRP  HB3  2.519  1.306  -3.217  3.16
338  20  TRP  HD1  4.137  -0.528  -6.134  6.95
339  20  TRP  HE1  5.941  0.711  -7.045  9.68
340  20  TRP  HE3  3.97  3.328  -3.109  7.3
341  20  TRP  HZ2  7.173  3.156  -6.491  7.03
342  20  TRP  HZ3  5.496  5.063  -3.364  6.62
343  20  TRP  HH2  7.092  4.976  -5.052  6.77
344  21  SER  N  4.582  0.516  -1.4  6.77
345  21  SER  CA  5.86  0.81  -0.717  6.11
346  21  SER  C  6.384  -0.41  0.061  4.78
347  21  SER  O  7.576  -0.723  0.049  38.81
348  21  SER  CB  5.703  2.039  0.212  3.54
349  21  SER  OG  4.881  1.741  1.347  133.87
350  21  SER  H  3.878  0.973  -1.214  7.9
351  21  SER  HA  6.518  1.035  -1.393  4
352  21  SER  HB2  6.58  2.316  0.52  3.78
353  21  SER  HB3  5.302  2.768  -0.286  3.88
354  21  SER  HG  4.24  1.238  1.142  5.12
355  22  ALA  N  5.482  -1.101  0.759  9.28
356  22  ALA  CA  5.812  -2.334  1.49  4.43
357  22  ALA  C  6.302  -3.463  0.573  1.2
358  22  ALA  O  7.046  -4.333  1.017  1.27
359  22  ALA  CB  4.558  -2.81  2.25  0.98
360  22  ALA  H  4.674  -0.81  0.804  4.1
361  22  ALA  HA  6.509  -2.136  2.135  1.24
362  22  ALA  HB1  4.276  -2.122  2.872  1.36
363  22  ALA  HB2  3.843  -2.987  1.619  2.67
364  22  ALA  HB3  4.764  -3.621  2.74  2.8
365  23  TYR  N  5.911  -3.47  -0.705  7.2
366  23  TYR  CA  6.195  -4.608  -1.6  4.67
367  23  TYR  C  7.699  -4.923  -1.71  1.94
368  23  TYR  O  8.095  -6.062  -1.463  63.98
369  23  TYR  CB  5.587  -4.34  -2.997  7.09
370  23  TYR  CG  5.812  -5.445  -3.946  8.91
371  23  TYR  CD1  5.25  -6.702  -3.705  4.57
372  23  TYR  CD2  6.602  -5.242  -5.08  4.23
373  23  TYR  CE1  5.481  -7.754  -4.594  4.37
374  23  TYR  CE2  6.833  -6.294  -5.97  9.07
375  23  TYR  CZ  6.273  -7.551  -5.726  5.38
376  23  TYR  OH  6.501  -8.593  -6.601  2.87
377  23  TYR  H  5.583  -2.759  -1.061  7.65
378  23  TYR  HA  5.757  -5.391  -1.232  4.1
379  23  TYR  HB2  4.631  -4.209  -2.896  2.79
380  23  TYR  HB3  5.966  -3.525  -3.361  2.95
381  23  TYR  HD1  4.721  -6.841  -2.953  6.4
382  23  TYR  HD2  6.978  -4.407  -5.245  6.4
383  23  TYR  HE1  5.106  -8.59  -4.432  6.75
384  23  TYR  HE2  7.361  -6.155  -6.723  6.75
385  23  TYR  HH  6.994  -8.333  -7.23  1.69
386  24  PRO  N  8.573  -3.969  -2.073  9.85
387  24  PRO  CA  10.028  -4.194  -2.127  4.3
388  24  PRO  C  10.615  -4.586  -0.765  2.05
389  24  PRO  O  11.541  -5.392  -0.697  1.53
390  24  PRO  CB  10.604  -2.861  -2.633  1.41
391  24  PRO  CG  9.553  -1.839  -2.229  2.55
392  24  PRO  CD  8.239  -2.592  -2.469  2.45
393  24  PRO  HA  10.219  -4.892  -2.773  3.84
394  24  PRO  HB2  11.451  -2.665  -2.203  1.85
395  24  PRO  HB3  10.708  -2.881  -3.597  2.06
396  24  PRO  HG2  9.649  -1.599  -1.294  1.34
397  24  PRO  HG3  9.604  -1.053  -2.795  1.59
398  24  PRO  HD2  7.54  -2.223  -1.906  3.44
399  24  PRO  HD3  7.988  -2.556  -3.405  3.51
400  25  VAL  N  10.106  -4.007  0.328  3.68
401  25  VAL  CA  10.558  -4.388  1.682  1.63
402  25  VAL  C  10.326  -5.889  1.934  55.78
403  25  VAL  O  11.25  -6.631  2.269  6.95
404  25  VAL  CB  9.807  -3.545  2.747  8.62
405  25  VAL  CG1  10.294  -3.861  4.179  8.46
406  25  VAL  CG2  9.901  -2.029  2.463  4.17
407  25  VAL  H  9.509  -3.395  0.24  6.94
408  25  VAL  HA  11.508  -4.206  1.755  3.42
409  25  VAL  HB  8.869  -3.787  2.706  2.01
410  25  VAL  HG11  11.242  -3.669  4.251  4.22
411  25  VAL  HG12  9.806  -3.316  4.816  2.32
412  25  VAL  HG13  10.141  -4.798  4.378  2.88
413  25  VAL  HG21  10.831  -1.754  2.462  25.43
414  25  VAL  HG22  9.507  -1.831  1.599  29.63
415  25  VAL  HG23  9.422  -1.539  3.149  42.28
416  26  VAL  N  9.082  -6.341  1.762  58.94
417  26  VAL  CA  8.714  -7.76  1.924  7.62
418  26  VAL  C  9.561  -8.662  1.017  6.16
419  26  VAL  O  10.044  -9.708  1.45  29.71
420  26  VAL  CB  7.202  -7.938  1.622  8.99
421  26  VAL  CG1  6.764  -9.421  1.642  3.52
422  26  VAL  CG2  6.333  -7.133  2.615  4.03
423  26  VAL  H  8.474  -5.775  1.538  7.5
424  26  VAL  HA  8.877  -8.017  2.845  3.26
425  26  VAL  HB  7.033  -7.592  0.732  1.86
426  26  VAL  HG11  6.944  -9.803  2.515  114.76
427  26  VAL  HG12  5.814  -9.482  1.453  121.33
428  26  VAL  HG13  7.253  -9.918  0.968  123.6
429  26  VAL  HG21  6.556  -6.19  2.562  8.2
430  26  VAL  HG22  5.395  -7.252  2.398  4.63
431  26  VAL  HG23  6.497  -7.448  3.518  3.8
432  27  TRP  N  9.727  -8.279  -0.253  3.8
433  27  TRP  CA  10.614  -9.012  -1.175  7.31
434  27  TRP  C  12.007  -9.212  -0.565  9.36
435  27  TRP  O  12.452  -10.344  -0.393  7.77
436  27  TRP  CB  10.748  -8.227  -2.502  7.47
437  27  TRP  CG  11.752  -8.939  -3.414  6.32
438  27  TRP  CD1  11.575  -10.166  -4.072  6.8
439  27  TRP  CD2  13.074  -8.548  -3.696  1.95
440  27  TRP  NE1  12.709  -10.537  -4.725  66.68
441  27  TRP  CE2  13.642  -9.563  -4.509  59.37
442  27  TRP  CE3  13.84  -7.445  -3.315  4.45
443  27  TRP  CZ2  14.97  -9.44  -4.923  2.83
444  27  TRP  CZ3  15.168  -7.339  -3.736  3.11
445  27  TRP  CH2  15.73  -8.333  -4.539  22.3
446  27  TRP  H  9.278  -7.611  -0.555  7.84
447  27  TRP  HA  10.224  -9.88  -1.362  3.92
448  27  TRP  HB2  9.885  -8.188  -2.943  2.79
449  27  TRP  HB3  11.058  -7.326  -2.322  3
450  27  TRP  HD1  10.802  -10.683  -4.081  6.73
451  27  TRP  HE1  12.821  -11.256  -5.183  9.46
452  27  TRP  HE3  13.468  -6.782  -2.78  7.23
453  27  TRP  HZ2  15.352  -10.099  -5.456  7.07
454  27  TRP  HZ3  15.678  -6.604  -3.48  6.74
455  27  TRP  HH2  16.615  -8.259  -4.816  6.81
456  28  LEU  N  12.688  -8.114  -0.224  60.75
457  28  LEU  CA  14.048  -8.151  0.349  1.81
458  28  LEU  C  14.141  -9.135  1.52  6.51
459  28  LEU  O  15.069  -9.94  1.596  42.21
460  28  LEU  CB  14.419  -6.711  0.79  53.62
461  28  LEU  CG  15.852  -6.487  1.343  7.67
462  28  LEU  CD1  16.044  -7.001  2.789  4.4
463  28  LEU  CD2  16.927  -7.077  0.403  2.2
464  28  LEU  H  12.322  -7.347  -0.354  7.8
465  28  LEU  HA  14.665  -8.435  -0.344  3.69
466  28  LEU  HB2  14.303  -6.126  0.025  1.53
467  28  LEU  HB3  13.787  -6.433  1.471  1.64
468  28  LEU  HG  15.995  -5.528  1.366  4.69
469  28  LEU  HD11  15.414  -6.554  3.376  17.06
470  28  LEU  HD12  15.905  -7.96  2.835  8.1
471  28  LEU  HD13  16.947  -6.803  3.083  3.73
472  28  LEU  HD21  16.861  -6.657  -0.469  4.08
473  28  LEU  HD22  17.809  -6.911  0.771  30.76
474  28  LEU  HD23  16.795  -8.033  0.31  33.4
475  29  ILE  N  13.183  -9.075  2.448  26.35
476  29  ILE  CA  13.106  -10.069  3.536  8.33
477  29  ILE  C  13.106  -11.494  2.956  4.29
478  29  ILE  O  13.952  -12.319  3.304  2
479  29  ILE  CB  11.831  -9.811  4.382  1.76
480  29  ILE  CG1  11.879  -8.408  5.039  1.52
481  29  ILE  CG2  11.612  -10.918  5.441  1.52
482  29  ILE  CD  10.567  -8.012  5.749  1.71
483  29  ILE  H  12.614  -8.431  2.411  8.01
484  29  ILE  HA  13.884  -9.968  4.106  3.48
485  29  ILE  HB  11.068  -9.829  3.783  1.64
486  29  ILE  HG12  12.599  -8.393  5.689  0.92
487  29  ILE  HG13  12.073  -7.744  4.359  1.52
488  29  ILE  HG21  11.517  -11.777  5.001  109.64
489  29  ILE  HG22  12.373  -10.949  6.042  29.48
490  29  ILE  HG23  10.806  -10.735  5.948  23.02
491  29  ILE  HD11  9.749  -8.011  5.028  26.7
492  29  ILE  HD12  10.349  -8.72  6.548  42.41
493  29  ILE  HD13  10.673  -7.014  6.174  33.41
494  30  GLY  N  12.166  -11.791  2.055  7.94
495  30  GLY  CA  12.117  -13.108  1.393  2.58
496  30  GLY  C  13.112  -13.248  0.23  0.98
497  30  GLY  O  12.853  -13.984  -0.723  8.53
498  30  GLY  H  11.576  -11.197  1.859  8.35
499  30  GLY  HA2  12.306  -13.801  2.045  3.49
500  30  GLY  HA3  11.22  -13.247  1.05  3.57
501  31  SER  N  14.253  -12.552  0.28  7.1
502  31  SER  CA  15.359  -12.782  -0.668  7.91
503  31  SER  C  16.658  -12.164  -0.125  2.68
504  31  SER  O  17.446  -11.562  -0.854  115.44
505  31  SER  CB  15.015  -12.194  -2.064  121.84
506  31  SER  OG  14.845  -10.777  -1.981  57.07
507  31  SER  H  14.345  -11.902  0.835  7.79
508  31  SER  HA  15.495  -13.738  -0.759  3.85
509  31  SER  HB2  15.734  -12.388  -2.686  3.37
510  31  SER  HB3  14.195  -12.595  -2.393  3.55
511  31  SER  HG  14.172  -10.615  -1.505  39.51
512  32  GLU  N  16.881  -12.301  1.183  8.48
513  32  GLU  CA  18.159  -11.921  1.818  4.63
514  32  GLU  C  19.388  -12.472  1.07  1.78
515  32  GLU  O  20.19  -11.718  0.519  1.94
516  32  GLU  CB  18.159  -12.373  3.31  2.2
517  32  GLU  CG  17.173  -13.519  3.69  2.31
518  32  GLU  CD  17.474  -14.823  2.937  6.79
519  32  GLU  OE1  18.403  -15.527  3.326  7.52
520  32  GLU  OE2  16.798  -15.112  1.951  2.31
521  32  GLU  H  16.218  -12.517  1.687  7.99
522  32  GLU  HA  18.22  -10.953  1.804  3.92
523  32  GLU  HB2  19.056  -12.656  3.548  1.8
524  32  GLU  HB3  17.939  -11.6  3.853  1.9
525  32  GLU  HG2  17.248  -13.685  4.643  7.37
526  32  GLU  HG3  16.264  -13.237  3.503  9.11
527  33  GLY  N  19.541  -13.794  1.046  5.46
528  33  GLY  CA  20.606  -14.466  0.289  2.8
529  33  GLY  C  20.27  -14.516  -1.202  3.16
530  33  GLY  O  21.141  -14.346  -2.054  57.4
531  33  GLY  H  18.986  -14.275  1.494  8.03
532  33  GLY  HA2  21.441  -13.99  0.417  3.59
533  33  GLY  HA3  20.707  -15.371  0.622  3.59
534  34  ALA  N  19  -14.77  -1.534  31.43
535  34  ALA  CA  18.592  -14.901  -2.947  3.14
536  34  ALA  C  18.967  -13.658  -3.77  8.55
537  34  ALA  O  19.8  -13.73  -4.675  9.29
538  34  ALA  CB  17.074  -15.158  -3.03  4.87
539  34  ALA  H  18.422  -14.853  -0.903  7.67
540  34  ALA  HA  19.05  -15.667  -3.327  3.91
541  34  ALA  HB1  16.594  -14.42  -2.624  2.21
542  34  ALA  HB2  16.811  -15.241  -3.96  57.72
543  34  ALA  HB3  16.858  -15.979  -2.56  42.36
544  35  GLY  N  18.393  -12.497  -3.444  7.01
545  35  GLY  CA  18.714  -11.256  -4.167  29.13
546  35  GLY  C  19.887  -10.526  -3.506  67.36
547  35  GLY  O  19.939  -9.295  -3.496  9.61
548  35  GLY  H  17.925  -12.421  -2.727  7.73
549  35  GLY  HA2  18.94  -11.459  -5.088  3.58
550  35  GLY  HA3  17.936  -10.677  -4.156  3.58
551  36  ILE  N  20.849  -11.272  -2.953  4.49
552  36  ILE  CA  22.055  -10.655  -2.379  2.1
553  36  ILE  C  22.902  -10.029  -3.492  8.3
554  36  ILE  O  23.5  -8.975  -3.305  4.46
555  36  ILE  CB  22.878  -11.701  -1.579  4.05
556  36  ILE  CG1  23.844  -10.982  -0.603  1.49
557  36  ILE  CG2  23.634  -12.698  -2.496  37.88
558  36  ILE  CD  24.707  -11.935  0.249  117.14
559  36  ILE  H  20.769  -12.127  -2.905  7.44
560  36  ILE  HA  21.78  -9.951  -1.771  3.82
561  36  ILE  HB  22.255  -12.214  -1.041  1.7
562  36  ILE  HG12  24.431  -10.397  -1.106  1.03
563  36  ILE  HG13  23.317  -10.432  -0.002  1.32
564  36  ILE  HG21  23.004  -13.151  -3.077  8.25
565  36  ILE  HG22  24.281  -12.223  -3.041  3.66
566  36  ILE  HG23  24.096  -13.358  -1.956  4.1
567  36  ILE  HD11  24.062  -12.579  0.847  7.94
568  36  ILE  HD12  25.334  -12.548  -0.399  56.8
569  36  ILE  HD13  25.344  -11.349  0.912  1.97
570  37  VAL  N  22.945  -10.674  -4.664  2.23
571  37  VAL  CA  23.804  -10.242  -5.788  36.66
572  37  VAL  C  23.76  -8.72  -6.046  2.5
573  37  VAL  O  24.804  -8.071  -5.985  130.52
574  37  VAL  CB  23.435  -11.044  -7.065  130.52
575  37  VAL  CG1  24.271  -10.613  -8.291  131.07
576  37  VAL  CG2  23.568  -12.566  -6.83  8.14
577  37  VAL  H  22.433  -11.358  -4.763  7.43
578  37  VAL  HA  24.72  -10.469  -5.562  3.83
579  37  VAL  HB  22.503  -10.87  -7.272  2.02
580  37  VAL  HG11  25.214  -10.752  -8.11  2.6
581  37  VAL  HG12  24.01  -11.139  -9.063  2.6
582  37  VAL  HG13  24.114  -9.675  -8.48  6.99
583  37  VAL  HG21  24.482  -12.781  -6.585  6.99
584  37  VAL  HG22  22.971  -12.842  -6.117  7.45
585  37  VAL  HG23  23.331  -13.042  -7.641  7.45
586  38  PRO  N  22.596  -8.105  -6.314  7.78
587  38  PRO  CA  22.487  -6.65  -6.528  4.5
588  38  PRO  C  22.928  -5.837  -5.304  3.53
589  38  PRO  O  23.594  -4.81  -5.437  30.5
590  38  PRO  CB  21  -6.426  -6.852  122.84
591  38  PRO  CG  20.305  -7.602  -6.18  39.72
592  38  PRO  CD  21.282  -8.758  -6.428  2.65
593  38  PRO  HA  23.024  -6.396  -7.295  4.04
594  38  PRO  HB2  20.687  -5.587  -6.479  1.72
595  38  PRO  HB3  20.855  -6.448  -7.811  2.01
596  38  PRO  HG2  20.194  -7.437  -5.231  8.2
597  38  PRO  HG3  19.45  -7.78  -6.602  4.84
598  38  PRO  HD2  21.167  -9.446  -5.754  3.98
599  38  PRO  HD3  21.159  -9.121  -7.319  8.3
600  39  LEU  N  22.546  -6.284  -4.102  3.78
601  39  LEU  CA  22.975  -5.625  -2.852  2.03
602  39  LEU  C  24.507  -5.5  -2.81  64.35
603  39  LEU  O  25.043  -4.41  -2.625  0.19
604  39  LEU  CB  22.44  -6.456  -1.654  2.56
605  39  LEU  CG  22.551  -5.814  -0.246  69.37
606  39  LEU  CD1  24.002  -5.702  0.27  3.25
607  39  LEU  CD2  21.832  -4.449  -0.183  18.22
608  39  LEU  H  22.035  -6.974  -4.052  7.28
609  39  LEU  HA  22.586  -4.737  -2.821  3.93
610  39  LEU  HB2  21.505  -6.655  -1.819  1.44
611  39  LEU  HB3  22.921  -7.298  -1.628  1.44
612  39  LEU  HG  22.084  -6.405  0.365  2.25
613  39  LEU  HD11  24.406  -6.583  0.299  2.1
614  39  LEU  HD12  24.524  -5.127  -0.311  2.1
615  39  LEU  HD13  23.999  -5.323  1.163  3.76
616  39  LEU  HD21  20.894  -4.565  -0.4  3.93
617  39  LEU  HD22  21.908  -4.083  0.712  115.51
618  39  LEU  HD23  22.235  -3.833  -0.815  120.64
619  40  ASN  N  25.216  -6.614  -3.015  29.14
620  40  ASN  CA  26.693  -6.629  -3.051  34.95
621  40  ASN  C  27.246  -5.593  -4.034  7.92
622  40  ASN  O  28.135  -4.816  -3.692  3.44
623  40  ASN  CB  27.218  -8.012  -3.501  127.44
624  40  ASN  CG  26.786  -9.128  -2.545  7.89
625  40  ASN  OD1  27.117  -9.138  -1.361  4.45
626  40  ASN  ND2  26.029  -10.091  -3.055  8.42
627  40  ASN  H  24.778  -7.346  -3.127  7.98
628  40  ASN  HA  27.031  -6.437  -2.162  4.28
629  40  ASN  HB2  26.887  -8.205  -4.392  2.53
630  40  ASN  HB3  28.187  -7.987  -3.529  2.81
631  40  ASN  HD21  25.781  -10.039  -3.877  6.26
632  40  ASN  HD22  25.765  -10.755  -2.577  7.22
633  41  ILE  N  26.74  -5.595  -5.271  53.51
634  41  ILE  CA  27.177  -4.629  -6.3  177.62
635  41  ILE  C  27.104  -3.181  -5.788  116.94
636  41  ILE  O  28.082  -2.436  -5.863  19.07
637  41  ILE  CB  26.309  -4.81  -7.576  6.85
638  41  ILE  CG1  26.509  -6.224  -8.177  4.15
639  41  ILE  CG2  26.589  -3.714  -8.632  4.34
640  41  ILE  CD  25.546  -6.547  -9.339  1.9
641  41  ILE  H  26.171  -6.206  -5.477  7.94
642  41  ILE  HA  28.1  -4.821  -6.53  3.48
643  41  ILE  HB  25.378  -4.73  -7.314  1.69
644  41  ILE  HG12  27.419  -6.296  -8.504  1.28
645  41  ILE  HG13  26.386  -6.888  -7.481  1.44
646  41  ILE  HG21  27.522  -3.746  -8.896  72.7
647  41  ILE  HG22  26.029  -3.857  -9.411  130.77
648  41  ILE  HG23  26.39  -2.841  -8.26  22.35
649  41  ILE  HD11  24.516  -6.481  -8.99  8.22
650  41  ILE  HD12  25.699  -5.841  -10.155  5.14
651  41  ILE  HD13  25.741  -7.557  -9.699  3.75
652  42  GLU  N  25.945  -2.775  -5.262  3.61
653  42  GLU  CA  25.781  -1.415  -4.715  3.45
654  42  GLU  C  26.772  -1.131  -3.578  6.9
655  42  GLU  O  27.451  -0.107  -3.574  8.61
656  42  GLU  CB  24.329  -1.223  -4.219  4.34
657  42  GLU  CG  24.033  0.171  -3.607  1.97
658  42  GLU  CD  24.251  1.294  -4.635  2.14
659  42  GLU  OE1  25.4  1.649  -4.899  2.34
660  42  GLU  OE2  23.264  1.801  -5.166  2.44
661  42  GLU  H  25.281  -3.321  -5.259  8.44
662  42  GLU  HA  25.947  -0.783  -5.432  3.65
663  42  GLU  HB2  23.729  -1.359  -4.969  1.84
664  42  GLU  HB3  24.138  -1.898  -3.549  1.97
665  42  GLU  HG2  23.112  0.189  -3.302  2.09
666  42  GLU  HG3  24.614  0.318  -2.844  2.17
667  43  THR  N  26.863  -2.035  -2.599  2.73
668  43  THR  CA  27.798  -1.88  -1.468  2.23
669  43  THR  C  29.231  -1.623  -1.954  3.86
670  43  THR  O  29.911  -0.721  -1.469  121.24
671  43  THR  CB  27.751  -3.157  -0.595  56.23
672  43  THR  OG1  26.41  -3.373  -0.148  3.68
673  43  THR  CG2  28.676  -3.087  0.639  7.27
674  43  THR  H  26.35  -2.725  -2.623  7.69
675  43  THR  HA  27.513  -1.123  -0.932  3.67
676  43  THR  HB  28.021  -3.914  -1.138  4.06
677  43  THR  HG1  26.126  -2.685  0.24  4.68
678  43  THR  HG21  28.418  -2.339  1.2  8.88
679  43  THR  HG22  28.602  -3.911  1.145  5.36
680  43  THR  HG23  29.595  -2.97  0.352  3.71
681  44  LEU  N  29.7  -2.427  -2.911  8.78
682  44  LEU  CA  31.03  -2.246  -3.52  4.52
683  44  LEU  C  31.179  -0.833  -4.095  1.73
684  44  LEU  O  32.112  -0.111  -3.746  1.85
685  44  LEU  CB  31.207  -3.322  -4.623  1.66
686  44  LEU  CG  32.591  -3.392  -5.324  1.66
687  44  LEU  CD1  32.854  -2.223  -6.3  3.18
688  44  LEU  CD2  33.741  -3.519  -4.302  3.18
689  44  LEU  H  29.214  -3.088  -3.167  7.62
690  44  LEU  HA  31.704  -2.38  -2.836  3.87
691  44  LEU  HB2  31.03  -4.19  -4.227  1.49
692  44  LEU  HB3  30.535  -3.17  -5.305  1.55
693  44  LEU  HG  32.595  -4.205  -5.854  8.46
694  44  LEU  HD11  32.163  -2.209  -6.981  4.77
695  44  LEU  HD12  32.858  -1.377  -5.826  52.53
696  44  LEU  HD13  33.717  -2.347  -6.725  3.37
697  44  LEU  HD21  33.616  -4.322  -3.772  2.65
698  44  LEU  HD22  34.588  -3.574  -4.772  40.95
699  44  LEU  HD23  33.75  -2.745  -3.717  60.35
700  45  LEU  N  30.257  -0.425  -4.972  174.65
701  45  LEU  CA  30.283  0.92  -5.583  7.68
702  45  LEU  C  30.436  2.013  -4.516  8.87
703  45  LEU  O  31.341  2.847  -4.581  5.13
704  45  LEU  CB  28.967  1.098  -6.388  2.85
705  45  LEU  CG  28.807  2.407  -7.206  2.91
706  45  LEU  CD1  28.523  3.65  -6.333  130.44
707  45  LEU  CD2  30.015  2.654  -8.136  130.44
708  45  LEU  H  29.633  -0.973  -5.197  8.04
709  45  LEU  HA  31.035  0.969  -6.194  3.74
710  45  LEU  HB2  28.89  0.352  -7.003  1.39
711  45  LEU  HB3  28.223  1.042  -5.768  1.54
712  45  LEU  HG  28.032  2.285  -7.776  68.68
713  45  LEU  HD11  27.713  3.506  -5.819  7.23
714  45  LEU  HD12  29.263  3.823  -5.73  21.96
715  45  LEU  HD13  28.402  4.423  -6.907  8.75
716  45  LEU  HD21  30.105  1.913  -8.755  4.13
717  45  LEU  HD22  29.878  3.474  -8.636  4.38
718  45  LEU  HD23  30.825  2.734  -7.609  120.64
719  46  PHE  N  29.554  1.995  -3.515  55.92
720  46  PHE  CA  29.59  2.949  -2.393  7.95
721  46  PHE  C  30.978  2.98  -1.732  4.32
722  46  PHE  O  31.585  4.039  -1.59  29.62
723  46  PHE  CB  28.52  2.503  -1.364  54.68
724  46  PHE  CG  28.256  3.429  -0.242  22.07
725  46  PHE  CD1  28.759  4.736  -0.225  8.56
726  46  PHE  CD2  27.415  3.005  0.792  40.09
727  46  PHE  CE1  28.426  5.604  0.818  2.51
728  46  PHE  CE2  27.083  3.872  1.834  7.92
729  46  PHE  CZ  27.589  5.173  1.848  4.04
730  46  PHE  H  28.933  1.401  -3.534  8.03
731  46  PHE  HA  29.369  3.833  -2.726  3.86
732  46  PHE  HB2  27.685  2.366  -1.839  2.95
733  46  PHE  HB3  28.794  1.65  -0.991  3.03
734  46  PHE  HD1  29.315  5.044  -0.904  111.74
735  46  PHE  HD2  27.073  2.14  0.787  45.17
736  46  PHE  HE1  28.765  6.47  0.826  119.61
737  46  PHE  HE2  26.526  3.583  2.521  9.14
738  46  PHE  HZ  27.371  5.752  2.543  7.87
739  47  MET  N  31.498  1.814  -1.342  3.73
740  47  MET  CA  32.828  1.704  -0.713  4.42
741  47  MET  C  33.929  2.369  -1.554  8.19
742  47  MET  O  34.75  3.118  -1.028  58.2
743  47  MET  CB  33.155  0.208  -0.504  8.33
744  47  MET  CG  34.492  -0.028  0.23  4.44
745  47  MET  SD  34.826  -1.791  0.468  66.02
746  47  MET  CE  36.41  -1.69  1.34  2.08
747  47  MET  H  31.028  1.1  -1.435  8.05
748  47  MET  HA  32.795  2.139  0.153  3.76
749  47  MET  HB2  32.442  -0.196  0.015  2.16
750  47  MET  HB3  33.194  -0.231  -1.368  1.93
751  47  MET  HG2  35.214  0.361  -0.289  2.68
752  47  MET  HG3  34.458  0.408  1.096  3.32
753  47  MET  HE1  37.061  -1.237  0.781  62.08
754  47  MET  HE2  36.295  -1.197  2.167  4.05
755  47  MET  HE3  36.725  -2.585  1.54  8.47
756  48  VAL  N  33.978  2.084  -2.858  71.81
757  48  VAL  CA  34.955  2.724  -3.763  3.94
758  48  VAL  C  34.888  4.255  -3.661  20.26
759  48  VAL  O  35.912  4.924  -3.507  9.08
760  48  VAL  CB  34.704  2.258  -5.223  4.89
761  48  VAL  CG1  35.602  3  -6.239  3.77
762  48  VAL  CG2  34.909  0.734  -5.367  30.77
763  48  VAL  H  33.432  1.495  -3.164  8.08
764  48  VAL  HA  35.845  2.442  -3.501  3.33
765  48  VAL  HB  33.781  2.456  -5.446  2.02
766  48  VAL  HG11  36.535  2.843  -6.026  7.85
767  48  VAL  HG12  35.417  2.675  -7.134  52.19
768  48  VAL  HG13  35.42  3.952  -6.203  4.5
769  48  VAL  HG21  34.301  0.262  -4.777  2.01
770  48  VAL  HG22  34.738  0.467  -6.284  41.78
771  48  VAL  HG23  35.821  0.505  -5.13  2.34
772  49  LEU  N  33.681  4.82  -3.755  2.27
773  49  LEU  CA  33.49  6.273  -3.575  116.94
774  49  LEU  C  34.08  6.75  -2.242  8.8
775  49  LEU  O  34.86  7.7  -2.198  5.23
776  49  LEU  CB  31.985  6.625  -3.623  2.03
777  49  LEU  CG  31.287  6.25  -4.951  2.67
778  49  LEU  CD1  29.782  6.581  -4.891  36.21
779  49  LEU  CD2  31.953  6.92  -6.172  59.39
780  49  LEU  H  33.008  4.317  -3.938  8.09
781  49  LEU  HA  33.945  6.738  -4.295  3.7
782  49  LEU  HB2  31.535  6.17  -2.894  1.54
783  49  LEU  HB3  31.891  7.58  -3.482  1.59
784  49  LEU  HG  31.37  5.291  -5.067  133.48
785  49  LEU  HD11  29.662  7.53  -4.73  133.48
786  49  LEU  HD12  29.362  6.342  -5.732  118.59
787  49  LEU  HD13  29.368  6.078  -4.172  118.59
788  49  LEU  HD21  31.922  7.885  -6.074  119.84
789  49  LEU  HD22  32.877  6.633  -6.24  54.43
790  49  LEU  HD23  31.482  6.663  -6.98  8.99
791  50  ASP  N  33.718  6.083  -1.144  4.78
792  50  ASP  CA  34.237  6.418  0.196  2.66
793  50  ASP  C  35.765  6.519  0.2  2.96
794  50  ASP  O  36.331  7.523  0.63  7.11
795  50  ASP  CB  33.8  5.328  1.211  7.11
796  50  ASP  CG  32.272  5.158  1.302  6.83
797  50  ASP  OD1  31.527  6.023  0.842  6.83
798  50  ASP  OD2  31.843  4.152  1.863  3.18
799  50  ASP  H  33.129  5.462  -1.223  8.23
800  50  ASP  HA  33.863  7.27  0.472  4.03
801  50  ASP  HB2  34.201  4.479  0.966  2.12
802  50  ASP  HB3  34.121  5.582  2.09  2.41
803  51  VAL  N  36.443  5.478  -0.287  9.02
804  51  VAL  CA  37.916  5.461  -0.369  4.33
805  51  VAL  C  38.461  6.678  -1.129  4.41
806  51  VAL  O  39.294  7.415  -0.602  8.73
807  51  VAL  CB  38.389  4.141  -1.035  61.46
808  51  VAL  CG1  39.917  4.111  -1.267  4.59
809  51  VAL  CG2  37.973  2.91  -0.199  2.77
810  51  VAL  H  35.993  4.794  -0.549  8.27
811  51  VAL  HA  38.272  5.488  0.533  3.31
812  51  VAL  HB  37.957  4.072  -1.901  1.9
813  51  VAL  HG11  40.38  4.206  -0.42  118.94
814  51  VAL  HG12  40.167  3.268  -1.676  9.2
815  51  VAL  HG13  40.175  4.837  -1.857  4.31
816  51  VAL  HG21  37.008  2.883  -0.105  1.66
817  51  VAL  HG22  38.272  2.1  -0.642  34.55
818  51  VAL  HG23  38.377  2.963  0.681  24.85
819  52  SER  N  37.996  6.912  -2.361  2.53
820  52  SER  CA  38.519  8.029  -3.175  6.84
821  52  SER  C  38.355  9.381  -2.46  53.13
822  52  SER  O  39.28  10.193  -2.42  4.72
823  52  SER  CB  37.859  8.047  -4.576  1.5
824  52  SER  OG  36.486  8.448  -4.514  42.48
825  52  SER  H  37.393  6.391  -2.684  7.83
826  52  SER  HA  39.469  7.881  -3.304  3.84
827  52  SER  HB2  38.343  8.668  -5.143  3.63
828  52  SER  HB3  37.912  7.16  -4.965  3.7
829  52  SER  HG  36.098  8.114  -3.848  4.42
830  53  ALA  N  37.174  9.624  -1.884  1.48
831  53  ALA  CA  36.909  10.851  -1.11  1.75
832  53  ALA  C  37.903  11.027  0.045  1.21
833  53  ALA  O  38.484  12.097  0.218  1.53
834  53  ALA  CB  35.475  10.79  -0.546  8.37
835  53  ALA  H  36.541  9.049  -1.974  8.19
836  53  ALA  HA  36.978  11.615  -1.703  3.85
837  53  ALA  HB1  35.383  10.016  0.031  1.78
838  53  ALA  HB2  35.293  11.595  -0.036  1.16
839  53  ALA  HB3  34.842  10.722  -1.278  1.44
840  54  LYS  N  38.092  9.981  0.853  55.23
841  54  LYS  CA  39.053  10.001  1.974  1.58
842  54  LYS  C  40.467  10.39  1.522  2.92
843  54  LYS  O  41.109  11.245  2.132  2.92
844  54  LYS  CB  39.069  8.601  2.628  47.24
845  54  LYS  CG  37.712  8.251  3.28  175.22
846  54  LYS  CD  37.506  6.734  3.464  108.98
847  54  LYS  CE  36.083  6.408  3.962  122.86
848  54  LYS  NZ  35.847  4.959  3.888  7.94
849  54  LYS  H  37.614  9.276  0.734  7.88
850  54  LYS  HA  38.751  10.648  2.631  3.74
851  54  LYS  HB2  39.281  7.938  1.952  1.63
852  54  LYS  HB3  39.759  8.581  3.309  1.81
853  54  LYS  HG2  37.673  8.676  4.151  1.1
854  54  LYS  HG3  36.992  8.608  2.737  1.55
855  54  LYS  HD2  37.655  6.292  2.614  1.32
856  54  LYS  HD3  38.153  6.405  4.107  1.32
857  54  LYS  HE2  35.989  6.7  4.882  2.63
858  54  LYS  HE3  35.432  6.87  3.411  2.63
859  54  LYS  HZ1  36.436  4.542  4.408  2.78
860  54  LYS  HZ2  35.021  4.771  4.161  39.14
861  54  LYS  HZ3  35.956  4.682  3.049  19.28
862  55  VAL  N  40.968  9.759  0.456  58.55
863  55  VAL  CA  42.283  10.116  -0.114  4.29
864  55  VAL  C  42.349  11.611  -0.463  7.67
865  55  VAL  O  43.274  12.314  -0.053  4.02
866  55  VAL  CB  42.567  9.248  -1.37  1.86
867  55  VAL  CG1  43.881  9.653  -2.077  51.66
868  55  VAL  CG2  42.61  7.745  -1.018  5.64
869  55  VAL  H  40.512  9.118  0.109  8.53
870  55  VAL  HA  42.966  9.928  0.549  3.46
871  55  VAL  HB  41.84  9.385  -1.997  1.93
872  55  VAL  HG11  44.626  9.553  -1.464  2.24
873  55  VAL  HG12  44.022  9.084  -2.849  4.05
874  55  VAL  HG13  43.827  10.576  -2.37  43.92
875  55  VAL  HG21  41.761  7.47  -0.637  121.04
876  55  VAL  HG22  42.783  7.227  -1.82  50.82
877  55  VAL  HG23  43.315  7.581  -0.372  67.09
878  56  GLY  N  41.367  12.106  -1.221  8.47
879  56  GLY  CA  41.296  13.535  -1.584  5.66
880  56  GLY  C  41.383  14.446  -0.354  3.39
881  56  GLY  O  42.183  15.379  -0.312  3.08
882  56  GLY  H  40.767  11.569  -1.523  8.2
883  56  GLY  HA2  42.028  13.743  -2.186  3.48
884  56  GLY  HA3  40.457  13.703  -2.042  3.57
885  57  PHE  N  40.552  14.176  0.656  60.87
886  57  PHE  CA  40.564  14.929  1.924  2.02
887  57  PHE  C  41.972  14.98  2.531  1.94
888  57  PHE  O  42.452  16.045  2.914  65.2
889  57  PHE  CB  39.567  14.264  2.906  3.93
890  57  PHE  CG  39.409  14.977  4.189  9.19
891  57  PHE  CD1  40.447  14.992  5.128  5.18
892  57  PHE  CD2  38.238  15.697  4.443  4.44
893  57  PHE  CE1  40.317  15.729  6.307  4.44
894  57  PHE  CE2  38.107  16.432  5.623  7.65
895  57  PHE  CZ  39.147  16.449  6.555  45.4
896  57  PHE  H  39.974  13.548  0.551  8.33
897  57  PHE  HA  40.269  15.836  1.75  4.08
898  57  PHE  HB2  38.702  14.205  2.471  2.95
899  57  PHE  HB3  39.87  13.362  3.092  3.04
900  57  PHE  HD1  41.223  14.501  4.98  27.08
901  57  PHE  HD2  37.543  15.689  3.825  42.82
902  57  PHE  HE1  41.011  15.74  6.926  42.61
903  57  PHE  HE2  37.326  16.91  5.789  7.13
904  57  PHE  HZ  39.061  16.941  7.34  5.63
905  58  GLY  N  42.636  13.826  2.64  45.41
906  58  GLY  CA  44.022  13.763  3.142  8.78
907  58  GLY  C  44.946  14.734  2.398  4.11
908  58  GLY  O  45.635  15.548  3.012  1.48
909  58  GLY  H  42.227  13.095  2.443  8.09
910  58  GLY  HA2  44.026  13.981  4.087  3.45
911  58  GLY  HA3  44.358  12.86  3.027  3.64
912  59  LEU  N  44.957  14.658  1.065  2.88
913  59  LEU  CA  45.774  15.563  0.231  2.88
914  59  LEU  C  45.504  17.039  0.553  6.78
915  59  LEU  O  46.43  17.819  0.775  7.41
916  59  LEU  CB  45.472  15.302  -1.263  8.2
917  59  LEU  CG  45.804  13.862  -1.725  9.01
918  59  LEU  CD1  45.361  13.634  -3.185  3.79
919  59  LEU  CD2  47.3  13.525  -1.545  3.49
920  59  LEU  H  44.479  14.047  0.694  8.1
921  59  LEU  HA  46.712  15.381  0.399  3.7
922  59  LEU  HB2  44.531  15.47  -1.425  1.56
923  59  LEU  HB3  45.989  15.926  -1.796  1.56
924  59  LEU  HG  45.301  13.247  -1.169  8.22
925  59  LEU  HD11  44.404  13.772  -3.258  125.1
926  59  LEU  HD12  45.822  14.256  -3.769  2.38
927  59  LEU  HD13  45.573  12.725  -3.45  126.44
928  59  LEU  HD21  47.839  14.143  -2.063  54.29
929  59  LEU  HD22  47.542  13.593  -0.608  119.88
930  59  LEU  HD23  47.467  12.619  -1.849  114.16
931  60  ILE  N  44.227  17.431  0.57  121.23
932  60  ILE  CA  43.823  18.805  0.927  124.87
933  60  ILE  C  44.41  19.227  2.281  7.16
934  60  ILE  O  45.025  20.284  2.392  4.43
935  60  ILE  CB  42.273  18.893  0.951  1.82
936  60  ILE  CG1  41.681  18.607  -0.451  1.86
937  60  ILE  CG2  41.777  20.257  1.489  7.11
938  60  ILE  CD  40.148  18.435  -0.445  10.05
939  60  ILE  H  43.625  16.855  0.358  7.68
940  60  ILE  HA  44.154  19.414  0.249  3.35
941  60  ILE  HB  41.947  18.207  1.555  1.78
942  60  ILE  HG12  41.903  19.347  -1.038  0.8
943  60  ILE  HG13  42.082  17.801  -0.812  1.52
944  60  ILE  HG21  42.112  20.972  0.926  59.67
945  60  ILE  HG22  40.807  20.277  1.494  29.59
946  60  ILE  HG23  42.096  20.389  2.395  118.74
947  60  ILE  HD11  39.878  17.603  0.205  33.61
948  60  ILE  HD12  39.673  19.347  -0.084  3.39
949  60  ILE  HD13  39.804  18.227  -1.458  128.55
950  61  LEU  N  44.223  18.407  3.317  28.47
951  61  LEU  CA  44.75  18.694  4.665  33.9
952  61  LEU  C  46.263  18.963  4.654  4.31
953  61  LEU  O  46.73  19.952  5.219  123.17
954  61  LEU  CB  44.426  17.493  5.586  114.67
955  61  LEU  CG  44.879  17.673  7.055  122.29
956  61  LEU  CD1  44.211  18.894  7.724  3.98
957  61  LEU  CD2  44.622  16.388  7.87  7.44
958  61  LEU  H  43.751  17.698  3.196  8.01
959  61  LEU  HA  44.298  19.481  5.008  3.65
960  61  LEU  HB2  43.467  17.346  5.573  1.28
961  61  LEU  HB3  44.859  16.704  5.226  1.52
962  61  LEU  HG  45.837  17.828  7.053  10.21
963  61  LEU  HD11  43.247  18.785  7.714  7.78
964  61  LEU  HD12  44.517  18.97  8.641  7.23
965  61  LEU  HD13  44.449  19.702  7.243  6.85
966  61  LEU  HD21  43.675  16.18  7.86  7.08
967  61  LEU  HD22  45.118  15.651  7.48  4.06
968  61  LEU  HD23  44.913  16.52  8.786  53.1
969  62  LEU  N  47.038  18.077  4.021  54.77
970  62  LEU  CA  48.499  18.257  3.887  -0.38
971  62  LEU  C  48.851  19.622  3.282  46.11
972  62  LEU  O  49.673  20.367  3.818  34.88
973  62  LEU  CB  49.069  17.143  2.978  7.61
974  62  LEU  CG  48.897  15.714  3.546  5.84
975  62  LEU  CD1  49.298  14.655  2.498  2.58
976  62  LEU  CD2  49.702  15.516  4.846  3.08
977  62  LEU  H  46.666  17.373  3.697  7.57
978  62  LEU  HA  48.906  18.19  4.765  51.6
979  62  LEU  HB2  48.624  17.188  2.117  1.42
980  62  LEU  HB3  50.014  17.31  2.838  1.77
981  62  LEU  HG  47.96  15.583  3.76  40.54
982  62  LEU  HD11  50.226  14.778  2.245  0.81
983  62  LEU  HD12  49.181  13.768  2.871  116.34
984  62  LEU  HD13  48.736  14.747  1.713  53.95
985  62  LEU  HD21  49.399  16.146  5.519  8.22
986  62  LEU  HD22  49.569  14.613  5.174  5.5
987  62  LEU  HD23  50.644  15.658  4.663  2.48
988  63  ARG  N  48.23  19.95  2.149  2.87
989  63  ARG  CA  48.421  21.254  1.486  29.63
990  63  ARG  C  48.124  22.426  2.432  41.96
991  63  ARG  O  48.933  23.341  2.583  119.54
992  63  ARG  CB  47.471  21.312  0.27  51.6
993  63  ARG  CG  47.833  20.271  -0.815  4.41
994  63  ARG  CD  46.62  19.854  -1.668  3.01
995  63  ARG  NE  45.976  21.031  -2.277  41.03
996  63  ARG  CZ  44.719  20.976  -2.723  0.81
997  63  ARG  NH1  43.993  19.864  -2.595  1
998  63  ARG  NH2  44.187  22.047  -3.304  1.36
999  63  ARG  H  47.707  19.371  1.786  8.17
1000  63  ARG  HA  49.338  21.322  1.177  3.71
1001  63  ARG  HB2  46.562  21.157  0.571  1.58
1002  63  ARG  HB3  47.52  22.199  -0.12  1.69
1003  63  ARG  HG2  48.512  20.648  -1.396  1.41
1004  63  ARG  HG3  48.199  19.479  -0.391  1.53
1005  63  ARG  HD2  46.916  19.253  -2.369  2.88
1006  63  ARG  HD3  45.982  19.392  -1.102  2.92
1007  63  ARG  HE  46.419  21.765  -2.339  6.67
1008  63  ARG  HH11  44.336  19.174  -2.213  3.86
1009  63  ARG  HH12  43.185  19.832  -2.889  4.16
1010  63  ARG  HH21  44.652  22.766  -3.39  23.01
1011  63  ARG  HH22  43.378  22.025  -3.596  55.36
1012  64  SER  N  46.956  22.402  3.075  1.07
1013  64  SER  CA  46.54  23.457  4.017  6.82
1014  64  SER  C  47.584  23.703  5.112  31.53
1015  64  SER  O  48.022  24.835  5.314  26.48
1016  64  SER  CB  45.201  23.054  4.673  43.64
1017  64  SER  OG  44.196  22.893  3.667  2.74
1018  64  SER  H  46.411  21.757  2.911  7.84
1019  64  SER  HA  46.408  24.281  3.523  3.89
1020  64  SER  HB2  45.31  22.218  5.153  3.63
1021  64  SER  HB3  44.924  23.745  5.295  3.63
1022  64  SER  HG  44.1  23.613  3.246  4.76
1023  65  ARG  N  47.993  22.653  5.831  1.8
1024  65  ARG  CA  48.976  22.81  6.919  1.87
1025  65  ARG  C  50.327  23.34  6.417  1.5
1026  65  ARG  O  50.979  24.127  7.102  1.56
1027  65  ARG  CB  49.106  21.518  7.769  3.15
1028  65  ARG  CG  49.553  20.219  7.056  3.2
1029  65  ARG  CD  51.063  20.156  6.735  7.04
1030  65  ARG  NE  51.43  18.807  6.265  3.08
1031  65  ARG  CZ  51.593  17.788  7.112  1.61
1032  65  ARG  NH1  51.386  17.939  8.42  3.96
1033  65  ARG  NH2  51.967  16.602  6.643  1.68
1034  65  ARG  H  47.67  21.876  5.653  8.09
1035  65  ARG  HA  48.628  23.491  7.516  3.83
1036  65  ARG  HB2  49.734  21.697  8.487  1.52
1037  65  ARG  HB3  48.242  21.346  8.175  1.79
1038  65  ARG  HG2  49.32  19.467  7.622  1.27
1039  65  ARG  HG3  49.054  20.136  6.228  1.42
1040  65  ARG  HD2  51.282  20.786  6.031  2.86
1041  65  ARG  HD3  51.576  20.378  7.528  2.95
1042  65  ARG  HE  51.526  18.678  5.42  7.04
1043  65  ARG  HH11  51.144  18.705  8.727  4.2
1044  65  ARG  HH12  51.494  17.277  8.958  24.52
1045  65  ARG  HH21  52.103  16.496  5.8  24.52
1046  65  ARG  HH22  52.075  15.938  7.179  117.07
1047  66  ALA  N  50.767  22.912  5.229  117.07
1048  66  ALA  CA  52.004  23.437  4.621  8.22
1049  66  ALA  C  51.927  24.951  4.389  63.31
1050  66  ALA  O  52.831  25.696  4.764  8.49
1051  66  ALA  CB  52.257  22.72  3.279  4.84
1052  66  ALA  H  50.36  22.266  4.833  7.69
1053  66  ALA  HA  52.747  23.252  5.216  3.88
1054  66  ALA  HB1  52.349  21.767  3.432  51.3
1055  66  ALA  HB2  51.513  22.879  2.677  4.33
1056  66  ALA  HB3  53.071  23.063  2.879  2.13
1057  67  ILE  N  50.848  25.409  3.749  2.3
1058  67  ILE  CA  50.614  26.848  3.512  1.89
1059  67  ILE  C  50.602  27.644  4.827  1.98
1060  67  ILE  O  51.201  28.716  4.923  3.65
1061  67  ILE  CB  49.267  27.017  2.756  4.02
1062  67  ILE  CG1  49.327  26.338  1.365  7.36
1063  67  ILE  CG2  48.85  28.503  2.629  45.81
1064  67  ILE  CD  47.962  26.279  0.647  29.13
1065  67  ILE  H  50.279  24.838  3.449  7.53
1066  67  ILE  HA  51.33  27.19  2.954  3.55
1067  67  ILE  HB  48.581  26.567  3.274  1.44
1068  67  ILE  HG12  49.949  26.829  0.805  1.26
1069  67  ILE  HG13  49.662  25.433  1.465  1.26
1070  67  ILE  HG21  49.532  28.991  2.141  58.2
1071  67  ILE  HG22  48.006  28.571  2.156  1.69
1072  67  ILE  HG23  48.747  28.892  3.512  2.55
1073  67  ILE  HD11  47.255  25.716  1.257  64
1074  67  ILE  HD12  47.583  27.288  0.486  113.25
1075  67  ILE  HD13  48.083  25.783  -0.316  7.29
1076  68  PHE  N  49.882  27.141  5.832  4.55
1077  68  PHE  CA  49.817  27.782  7.158  3.77
1078  68  PHE  C  51.205  27.974  7.785  4.24
1079  68  PHE  O  51.558  29.077  8.203  56.58
1080  68  PHE  CB  48.941  26.907  8.085  1.89
1081  68  PHE  CG  48.802  27.451  9.448  55.72
1082  68  PHE  CD1  48.193  28.693  9.651  30.28
1083  68  PHE  CD2  49.311  26.74  10.538  1.68
1084  68  PHE  CE1  48.095  29.223  10.939  29.43
1085  68  PHE  CE2  49.213  27.27  11.827  26.8
1086  68  PHE  CZ  48.606  28.512  12.027  42.44
1087  68  PHE  H  49.407  26.439  5.687  7.68
1088  68  PHE  HA  49.398  28.651  7.061  4.28
1089  68  PHE  HB2  48.058  26.827  7.693  2.72
1090  68  PHE  HB3  49.332  26.021  8.136  3.03
1091  68  PHE  HD1  47.852  29.17  8.929  8
1092  68  PHE  HD2  49.718  25.914  10.408  4.23
1093  68  PHE  HE1  47.691  30.05  11.073  1.67
1094  68  PHE  HE2  49.552  26.795  12.551  1.55
1095  68  PHE  HZ  48.541  28.865  12.885  1.84
1096  69  GLY  N  51.987  26.895  7.884  1.88
1097  69  GLY  CA  53.348  26.966  8.451  2.93
1098  69  GLY  C  54.379  27.65  7.534  2.93
1099  69  GLY  O  54.042  28.041  6.416  6.99
1100  69  GLY  OXT  55.527  27.78  7.957  123.84
1101  69  GLY  H  51.691  26.133  7.617  7.74
1102  69  GLY  HA2  53.312  27.452  9.289  3.54
1103  69  GLY  HA3  53.652  26.064  8.635  3.69
