1  1  GLU  N  23.116  29.265  27.651  124.01
2  1  GLU  CA  22.471  28.514  26.529  51.8
3  1  GLU  C  23.176  28.788  25.206  172.65
4  1  GLU  O  23.844  29.813  25.057  0
5  1  GLU  CB  20.99  28.918  26.416  19.57
6  1  GLU  CG  20.002  27.797  26.708  30.89
7  1  GLU  CD  20.366  26.505  26.004  43.11
8  1  GLU  OE1  20.028  26.35  24.815  3.77
9  1  GLU  OE2  21.095  25.686  26.607  4.08
10  1  GLU  H  22.506  29.457  28.27  120.07
11  1  GLU  H2  23.757  28.765  28.013  62.14
12  1  GLU  H3  23.469  30.02  27.339  174.85
13  1  GLU  HA  22.54  27.566  26.722  2.57
14  1  GLU  HB2  20.819  29.651  27.028  32.34
15  1  GLU  HB3  20.826  29.252  25.52  21.01
16  1  GLU  HG2  19.967  27.642  27.665  4.26
17  1  GLU  HG3  19.114  28.073  26.433  63.6
18  2  GLU  N  22.933  27.917  24.229  8.69
19  2  GLU  CA  23.542  28.03  22.898  56.59
20  2  GLU  C  23.052  26.905  21.987  176.08
21  2  GLU  O  22.323  27.15  21.024  3.83
22  2  GLU  CB  25.064  27.975  23.004  32.69
23  2  GLU  CG  25.793  28.507  21.778  1.84
24  2  GLU  CD  27.182  27.912  21.618  122.14
25  2  GLU  OE1  27.276  26.711  21.256  55.34
26  2  GLU  OE2  28.177  28.631  21.812  61.33
27  2  GLU  H  22.305  27.339  24.338  57.05
28  2  GLU  HA  23.28  28.882  22.517  42.44
29  2  GLU  HB2  25.343  28.485  23.781  27.57
30  2  GLU  HB3  25.335  27.056  23.156  24.71
31  2  GLU  HG2  25.269  28.313  20.985  23.68
32  2  GLU  HG3  25.864  29.472  21.842  8.5
33  3  LYS  N  23.458  25.673  22.295  123.46
34  3  LYS  CA  23.017  24.49  21.553  56.49
35  3  LYS  C  22.977  23.221  22.416  176.08
36  3  LYS  O  23.25  22.118  21.926  3.52
37  3  LYS  CB  23.929  24.261  20.343  29.99
38  3  LYS  CG  23.52  25.044  19.111  118.86
39  3  LYS  CD  24.631  25.956  18.629  53.66
40  3  LYS  CE  24.616  26.058  17.118  9.11
41  3  LYS  NZ  24.547  24.708  16.497  4.72
42  3  LYS  H  24.131  25.613  22.827  8.6
43  3  LYS  HZ1  23.71  24.505  16.274  109.14
44  3  LYS  HZ2  25.023  24.669  15.746  44.94
45  3  LYS  HZ3  24.854  24.064  17.03  4.88
46  3  LYS  HA  22.109  24.666  21.262  8.27
47  3  LYS  HB2  24.837  24.503  20.583  8.38
48  3  LYS  HB3  23.935  23.315  20.128  1.73
49  3  LYS  HG2  23.277  24.428  18.402  1.28
50  3  LYS  HG3  22.731  25.572  19.311  1.61
51  3  LYS  HD2  24.525  26.838  19.019  8.24
52  3  LYS  HD3  25.489  25.615  18.927  4.52
53  3  LYS  HE2  23.856  26.589  16.833  2.64
54  3  LYS  HE3  25.413  26.518  16.813  2.58
55  4  ARG  N  22.611  23.386  23.687  123.56
56  4  ARG  CA  22.574  22.285  24.65  56.29
57  4  ARG  C  23.952  21.668  24.942  176.58
58  4  ARG  O  24.846  22.378  25.397  4.48
59  4  ARG  CB  21.562  21.224  24.199  29.99
60  4  ARG  CG  20.494  20.898  25.244  2.12
61  4  ARG  CD  19.615  22.1  25.589  7.97
62  4  ARG  NE  20.221  23.047  26.529  4.37
63  4  ARG  CZ  20.702  22.74  27.73  3.86
64  4  ARG  NH1  20.732  21.487  28.145  3.63
65  4  ARG  NH2  21.181  23.696  28.507  1.56
66  4  ARG  H  22.298  24.159  23.899  8.57
67  4  ARG  HE  20.179  23.875  26.299  1.83
68  4  ARG  HH11  20.457  20.861  27.623  1.7
69  4  ARG  HH12  21.09  21.324  28.91  2.87
70  4  ARG  HH21  21.139  24.493  28.186  3.35
71  4  ARG  HH22  21.528  23.581  29.285  35.94
72  4  ARG  HA  22.284  22.662  25.495  54.2
73  4  ARG  HB2  21.125  21.531  23.389  4.71
74  4  ARG  HB3  22.039  20.41  23.973  8.02
75  4  ARG  HG2  19.934  20.178  24.914  8.01
76  4  ARG  HG3  20.925  20.576  26.051  56.94
77  4  ARG  HD2  19.395  22.571  24.77  1.92
78  4  ARG  HD3  18.78  21.779  25.964  4.2
79  5  SER  N  24.077  20.344  24.823  123.16
80  5  SER  CA  25.318  19.618  25.15  56.29
81  5  SER  C  25.81  19.741  26.604  176.78
82  5  SER  O  26.716  19.02  27.028  61.08
83  5  SER  CB  26.454  20.045  24.208  32.49
84  5  SER  OG  26.126  19.807  22.85  3.12
85  5  SER  H  23.53  19.92  24.313  8.48
86  5  SER  HG  26.603  20.299  22.364  20.85
87  5  SER  HA  25.08  18.685  25.03  20.85
88  5  SER  HB2  26.643  20.988  24.335  8.54
89  5  SER  HB3  27.263  19.56  24.436  8.74
90  6  SER  N  25.173  20.611  27.379  122.16
91  6  SER  CA  25.71  21.045  28.665  55.89
92  6  SER  C  25.153  20.309  29.883  176.38
93  6  SER  O  24.287  20.822  30.591  1.48
94  6  SER  CB  25.485  22.549  28.843  39.44
95  6  SER  OG  24.248  22.955  28.279  127.53
96  6  SER  H  24.452  20.994  27.109  8.42
97  6  SER  HG  24.447  23.262  27.523  125.7
98  6  SER  HA  26.654  20.827  28.63  55.4
99  6  SER  HB2  25.501  22.771  29.787  29.01
100  6  SER  HB3  26.21  23.039  28.424  1.61
101  7  THR  N  25.667  19.112  30.133  8.09
102  7  THR  CA  25.434  18.422  31.404  36.78
103  7  THR  C  26.552  17.42  31.682  8.33
104  7  THR  O  27.143  16.86  30.751  8.04
105  7  THR  CB  24.067  17.684  31.423  1.62
106  7  THR  OG1  23.7  17.392  32.776  7.42
107  7  THR  CG2  24.14  16.379  30.647  5.28
108  7  THR  H  26.122  18.743  29.504  8.43
109  7  THR  HG1  23.98  18.019  33.26  2.88
110  7  THR  HA  25.422  19.101  32.097  115.84
111  7  THR  HB  23.407  18.261  31.008  58.04
112  7  THR  HG21  23.277  15.938  30.673  7.35
113  7  THR  HG22  24.38  16.563  29.726  7.41
114  7  THR  HG23  24.81  15.802  31.046  63.74
115  8  GLY  N  26.907  17.27  32.951  7.01
116  8  GLY  CA  27.996  16.38  33.312  8.18
117  8  GLY  C  28.983  17  34.28  27.97
118  8  GLY  O  28.746  18.093  34.793  26.13
119  8  GLY  H  26.49  17.699  33.569  23.29
120  8  GLY  HA2  27.629  15.574  33.707  9.46
121  8  GLY  HA3  28.467  16.113  32.507  4.42
122  9  PHE  N  30.104  16.319  34.504  53.34
123  9  PHE  CA  31.151  16.814  35.395  61.99
124  9  PHE  C  32.165  17.696  34.638  175.38
125  9  PHE  O  31.806  18.756  34.118  32.34
126  9  PHE  CB  31.836  15.621  36.085  2.45
127  9  PHE  CG  32.729  16.003  37.241  2.27
128  9  PHE  CD1  32.349  16.983  38.142  175.26
129  9  PHE  CD2  33.967  15.402  37.399  8.25
130  9  PHE  CE1  33.19  17.361  39.17  31.67
131  9  PHE  CE2  34.81  15.779  38.423  121.17
132  9  PHE  CZ  34.423  16.76  39.308  51.87
133  9  PHE  H  30.17  15.527  34.175  1.51
134  9  PHE  HA  30.749  17.378  36.074  1.36
135  9  PHE  HB2  31.154  15.01  36.405  40.98
136  9  PHE  HB3  32.363  15.139  35.428  27.3
137  9  PHE  HD1  31.518  17.391  38.054  8.45
138  9  PHE  HD2  34.233  14.736  36.807  4.57
139  9  PHE  HE1  32.925  18.021  39.769  63.54
140  9  PHE  HE2  35.64  15.37  38.516  4.5
141  9  PHE  HZ  34.992  17.017  39.997  3.16
142  10  LEU  N  33.416  17.256  34.543  110.16
143  10  LEU  CA  34.435  18.014  33.818  45.79
144  10  LEU  C  34.668  17.372  32.441  173.48
145  10  LEU  O  33.704  16.977  31.784  8.56
146  10  LEU  CB  35.728  18.07  34.647  4.46
147  10  LEU  CG  35.602  18.742  36.025  3.9
148  10  LEU  CD1  36.842  18.49  36.864  3.84
149  10  LEU  CD2  35.37  20.233  35.858  4.8
150  10  LEU  H  33.65  16.491  34.86  8.42
151  10  LEU  HA  34.135  18.926  33.677  63.14
152  10  LEU  HB2  36.052  17.164  34.774  118.44
153  10  LEU  HB3  36.402  18.543  34.134  55.84
154  10  LEU  HG  34.842  18.355  36.487  31.72
155  10  LEU  HD11  36.742  18.921  37.727  8.41
156  10  LEU  HD12  36.958  17.535  36.992  29.14
157  10  LEU  HD13  37.619  18.852  36.41  2.56
158  10  LEU  HD21  35.292  20.648  36.731  1.08
159  10  LEU  HD22  36.117  20.625  35.38  6.68
160  10  LEU  HD23  34.553  20.379  35.356  6.69
161  11  VAL  N  35.915  17.326  31.976  119.76
162  11  VAL  CA  36.258  16.592  30.75  54.99
163  11  VAL  C  37.325  15.514  30.995  173.78
164  11  VAL  O  38.105  15.601  31.95  119.53
165  11  VAL  CB  36.77  17.541  29.621  56.01
166  11  VAL  CG1  35.714  18.577  29.284  18.84
167  11  VAL  CG2  38.066  18.223  30.034  8.45
168  11  VAL  H  36.544  17.768  32.362  8.18
169  11  VAL  HA  35.433  16.168  30.467  2.88
170  11  VAL  HB  36.946  17.006  28.831  116.14
171  11  VAL  HG11  36.044  19.16  28.582  58.14
172  11  VAL  HG12  34.908  18.131  28.981  137.25
173  11  VAL  HG13  35.514  19.104  30.073  8.11
174  11  VAL  HG21  38.366  18.807  29.32  63.54
175  11  VAL  HG22  37.915  18.746  30.837  1.58
176  11  VAL  HG23  38.744  17.552  30.209  8.15
177  12  LYS  N  37.311  14.467  30.173  121.26
178  12  LYS  CA  38.336  13.421  30.24  53.09
179  12  LYS  C  39.639  13.877  29.572  176.28
180  12  LYS  O  39.612  14.671  28.627  8.47
181  12  LYS  CB  37.842  12.138  29.559  2.79
182  12  LYS  CG  36.714  11.414  30.285  60.91
183  12  LYS  CD  37.104  11.028  31.705  109.58
184  12  LYS  CE  36.046  10.135  32.341  45.76
185  12  LYS  NZ  35.98  10.281  33.824  70.95
186  12  LYS  H  36.675  14.442  29.594  6.04
187  12  LYS  HZ1  35.784  11.097  34.121  8.21
188  12  LYS  HZ2  35.41  9.694  34.174  8.08
189  12  LYS  HZ3  36.73  9.992  34.206  4.65
190  12  LYS  HA  38.51  13.244  31.178  4.8
191  12  LYS  HB2  37.542  12.359  28.663  46.61
192  12  LYS  HB3  38.591  11.529  29.465  2.15
193  12  LYS  HG2  35.929  11.983  30.31  9.09
194  12  LYS  HG3  36.471  10.616  29.789  4.6
195  12  LYS  HD2  37.957  10.567  31.695  4.68
196  12  LYS  HD3  37.22  11.828  32.24  54.98
197  12  LYS  HE2  35.179  10.347  31.961  120.98
198  12  LYS  HE3  36.234  9.21  32.12  60.07
199  13  GLN  N  40.765  13.314  30.004  118.16
200  13  GLN  CA  42.067  13.643  29.41  60.59
201  13  GLN  C  42.079  13.434  27.893  173.08
202  13  GLN  O  42.41  14.342  27.14  5.03
203  13  GLN  CB  43.177  12.806  30.059  32.69
204  13  GLN  CG  44.549  13.473  30.032  3.43
205  13  GLN  CD  45.677  12.542  30.441  8.07
206  13  GLN  OE1  46.753  12.569  29.854  126.05
207  13  GLN  NE2  45.454  11.753  31.476  56.14
208  13  GLN  H  40.732  12.863  30.736  6.93
209  13  GLN  HE21  46.055  11.155  31.62  66.74
210  13  GLN  HE22  44.727  11.807  31.932  29.24
211  13  GLN  HA  42.228  14.584  29.579  4.32
212  13  GLN  HB2  42.935  12.622  30.98  1.72
213  13  GLN  HB3  43.234  11.951  29.604  1.56
214  13  GLN  HG2  44.722  13.807  29.138  129.59
215  13  GLN  HG3  44.54  14.241  30.625  6.25
216  14  ARG  N  41.618  12.264  27.46  125.56
217  14  ARG  CA  41.447  11.936  26.043  55.79
218  14  ARG  C  40.679  12.977  25.217  178.08
219  14  ARG  O  41.039  13.242  24.072  2.44
220  14  ARG  CB  40.732  10.588  25.924  32.79
221  14  ARG  CG  41.604  9.399  25.531  6.91
222  14  ARG  CD  40.95  8.676  24.365  6.91
223  14  ARG  NE  41.125  7.222  24.357  118.54
224  14  ARG  CZ  40.318  6.355  24.959  53.34
225  14  ARG  NH1  39.561  6.736  25.967  9.02
226  14  ARG  NH2  40.38  5.078  24.652  7.81
227  14  ARG  H  41.599  11.625  28.036  8.52
228  14  ARG  HE  41.693  6.877  23.812  1.98
229  14  ARG  HH11  39.64  7.53  26.289  1.85
230  14  ARG  HH12  39.004  6.253  26.41  19.65
231  14  ARG  HH21  40.716  4.924  23.876  8.5
232  14  ARG  HH22  39.695  4.614  24.887  3.66
233  14  ARG  HA  42.343  11.913  25.673  55.04
234  14  ARG  HB2  40.31  10.39  26.775  4.31
235  14  ARG  HB3  40.022  10.676  25.269  8.7
236  14  ARG  HG2  42.492  9.701  25.283  7.8
237  14  ARG  HG3  41.709  8.796  26.284  3.54
238  14  ARG  HD2  40  8.873  24.372  56.84
239  14  ARG  HD3  41.308  9.035  23.538  2.05
240  15  ALA  N  39.574  13.491  25.759  123.16
241  15  ALA  CA  38.773  14.519  25.082  59.99
242  15  ALA  C  39.51  15.855  25.059  177.88
243  15  ALA  O  39.439  16.6  24.084  55.14
244  15  ALA  CB  37.426  14.684  25.776  27.69
245  15  ALA  H  39.378  13.256  26.563  8.94
246  15  ALA  HA  38.626  14.231  24.167  4.22
247  15  ALA  HB1  36.908  15.365  25.319  1.65
248  15  ALA  HB2  36.945  13.842  25.753  8.39
249  15  ALA  HB3  37.567  14.95  26.698  4.47
250  16  PHE  N  40.232  16.137  26.14  116.96
251  16  PHE  CA  41.122  17.294  26.223  59.99
252  16  PHE  C  42.227  17.237  25.164  178.08
253  16  PHE  O  42.494  18.216  24.465  1.28
254  16  PHE  CB  41.743  17.35  27.623  29.49
255  16  PHE  CG  42.447  18.641  27.932  65.29
256  16  PHE  CD1  41.729  19.771  28.27  2.61
257  16  PHE  CD2  43.833  18.703  27.949  2.48
258  16  PHE  CE1  42.378  20.936  28.622  3.84
259  16  PHE  CE2  44.487  19.868  28.3  3.53
260  16  PHE  CZ  43.761  20.985  28.637  3.85
261  16  PHE  H  40.118  15.651  26.84  8.82
262  16  PHE  HA  40.599  18.094  26.056  63.04
263  16  PHE  HB2  41.045  17.208  28.282  56.06
264  16  PHE  HB3  42.374  16.619  27.716  4.4
265  16  PHE  HD1  40.799  19.746  28.26  31.84
266  16  PHE  HD2  44.329  17.95  27.721  44.36
267  16  PHE  HE1  41.885  21.691  28.85  26.7
268  16  PHE  HE2  45.417  19.896  28.308  8.7
269  16  PHE  HZ  44.198  21.771  28.874  4.86
270  17  LEU  N  42.833  16.067  25.014  120.36
271  17  LEU  CA  43.958  15.905  24.107  54.49
272  17  LEU  C  43.527  15.915  22.645  179.18
273  17  LEU  O  44.216  16.484  21.8  1.96
274  17  LEU  CB  44.721  14.617  24.433  18.49
275  17  LEU  CG  45.582  14.66  25.699  8.29
276  17  LEU  CD1  46.071  13.269  26.033  109.21
277  17  LEU  CD2  46.754  15.608  25.493  47.04
278  17  LEU  H  42.552  15.404  25.485  6.63
279  17  LEU  HA  44.546  16.666  24.236  2.01
280  17  LEU  HB2  44.08  13.894  24.521  7.99
281  17  LEU  HB3  45.292  14.399  23.68  106.09
282  17  LEU  HG  45.049  14.986  26.441  44.09
283  17  LEU  HD11  46.616  13.301  26.835  8.41
284  17  LEU  HD12  45.311  12.686  26.182  54.24
285  17  LEU  HD13  46.601  12.927  25.296  8.04
286  17  LEU  HD21  47.296  15.632  26.297  3.15
287  17  LEU  HD22  47.294  15.299  24.749  8.65
288  17  LEU  HD23  46.42  16.499  25.302  4.72
289  18  LYS  N  42.353  15.359  22.358  119.46
290  18  LYS  CA  41.804  15.393  21.003  61.79
291  18  LYS  C  41.608  16.816  20.474  176.88
292  18  LYS  O  41.924  17.098  19.317  6.74
293  18  LYS  CB  40.475  14.643  20.947  40.99
294  18  LYS  CG  40.608  13.135  20.961  6.26
295  18  LYS  CD  39.26  12.467  20.745  4.78
296  18  LYS  CE  39.307  11.005  21.135  2.32
297  18  LYS  NZ  38.09  10.26  20.716  2.42
298  18  LYS  H  41.925  14.949  22.981  8.12
299  18  LYS  HZ1  37.928  10.29  19.841  1.76
300  18  LYS  HZ2  38.17  9.406  20.952  3.66
301  18  LYS  HZ3  37.372  10.562  21.146  3.66
302  18  LYS  HA  42.457  14.958  20.433  124.17
303  18  LYS  HB2  39.93  14.916  21.702  59.61
304  18  LYS  HB3  40  14.908  20.144  1.11
305  18  LYS  HG2  41.226  12.855  20.268  21.24
306  18  LYS  HG3  40.983  12.848  21.808  29.38
307  18  LYS  HD2  38.582  12.923  21.269  46.05
308  18  LYS  HD3  39.001  12.548  19.814  8.9
309  18  LYS  HE2  40.088  10.592  20.735  5.34
310  18  LYS  HE3  39.41  10.934  22.097  2.95
311  19  LEU  N  41.158  17.722  21.341  116.96
312  19  LEU  CA  40.979  19.134  20.978  58.19
313  19  LEU  C  42.28  19.78  20.483  179.68
314  19  LEU  O  42.34  20.308  19.368  6.72
315  19  LEU  CB  40.425  19.924  22.176  6.72
316  19  LEU  CG  40.116  21.42  22.007  8.02
317  19  LEU  CD1  38.955  21.631  21.041  4.57
318  19  LEU  CD2  39.786  22.016  23.356  3.67
319  19  LEU  H  40.924  17.458  22.125  8.62
320  19  LEU  HA  40.344  19.162  20.245  7.47
321  19  LEU  HB2  39.607  19.487  22.461  10.29
322  19  LEU  HB3  41.061  19.837  22.903  7.7
323  19  LEU  HG  40.896  21.862  21.637  7.54
324  19  LEU  HD11  38.778  22.58  20.95  7.29
325  19  LEU  HD12  39.184  21.26  20.174  7.18
326  19  LEU  HD13  38.164  21.187  21.384  115.64
327  19  LEU  HD21  39.59  22.961  23.254  57.78
328  19  LEU  HD22  39.013  21.565  23.729  57.47
329  19  LEU  HD23  40.543  21.906  23.953  9.22
330  20  TYR  N  43.342  19.637  21.272  118.46
331  20  TYR  CA  44.654  20.147  20.892  60.79
332  20  TYR  C  45.176  19.536  19.596  178.48
333  20  TYR  O  45.773  20.227  18.778  6.68
334  20  TYR  CB  45.658  19.909  22.016  6.68
335  20  TYR  CG  45.72  21.051  22.995  6.36
336  20  TYR  CD1  46.553  22.136  22.769  6.36
337  20  TYR  CD2  44.891  21.081  24.109  126.56
338  20  TYR  CE1  46.555  23.22  23.617  53.63
339  20  TYR  CE2  44.887  22.161  24.964  9.68
340  20  TYR  CZ  45.722  23.226  24.713  4
341  20  TYR  OH  45.728  24.3  25.566  46.67
342  20  TYR  H  43.226  19.244  22.028  8.65
343  20  TYR  HH  46.047  24.966  25.166  25.18
344  20  TYR  HA  44.548  21.099  20.737  26.17
345  20  TYR  HB2  45.421  19.096  22.489  8.56
346  20  TYR  HB3  46.538  19.768  21.633  7.76
347  20  TYR  HD1  47.12  22.131  22.032  4.26
348  20  TYR  HD2  44.329  20.36  24.281  1.95
349  20  TYR  HE1  47.115  23.943  23.451  -0.53
350  20  TYR  HE2  44.325  22.17  25.705  4.16
351  21  MET  N  44.927  18.248  19.398  118.16
352  21  MET  CA  45.341  17.573  18.172  58.49
353  21  MET  C  44.579  18.061  16.938  177.18
354  21  MET  O  45.133  18.099  15.84  8.75
355  21  MET  CB  45.172  16.06  18.316  9
356  21  MET  CG  46.065  15.425  19.368  121.46
357  21  MET  SD  45.906  13.639  19.389  56.64
358  21  MET  CE  46.639  13.249  20.95  1.49
359  21  MET  H  44.537  17.813  20.029  7.93
360  21  MET  HA  46.277  17.791  18.038  40.84
361  21  MET  HB2  44.247  15.869  18.535  117.61
362  21  MET  HB3  45.353  15.643  17.459  8.34
363  21  MET  HG2  46.989  15.665  19.195  3.92
364  21  MET  HG3  45.838  15.78  20.242  3.11
365  21  MET  HE1  46.616  12.289  21.088  3.04
366  21  MET  HE2  47.559  13.555  20.961  9.14
367  21  MET  HE3  46.144  13.689  21.659  6.79
368  22  ILE  N  43.317  18.445  17.12  114.76
369  22  ILE  CA  42.533  19.041  16.034  63.09
370  22  ILE  C  43.1  20.407  15.64  177.88
371  22  ILE  O  43.341  20.674  14.465  3.02
372  22  ILE  CB  41.033  19.218  16.417  58.04
373  22  ILE  CG1  40.392  17.866  16.731  6.79
374  22  ILE  CG2  40.278  19.878  15.281  6.66
375  22  ILE  CD  40.491  16.872  15.62  63.94
376  22  ILE  H  42.957  18.303  17.888  7.16
377  22  ILE  HA  42.592  18.426  15.286  108.47
378  22  ILE  HB  40.988  19.78  17.206  8.21
379  22  ILE  HG21  39.346  19.983  15.53  4.5
380  22  ILE  HG22  40.664  20.749  15.099  2.79
381  22  ILE  HG23  40.34  19.325  14.487  2.63
382  23  THR  N  43.364  21.25  16.63  116.96
383  23  THR  CA  43.956  22.559  16.369  58.39
384  23  THR  C  45.351  22.458  15.75  174.68
385  23  THR  O  45.665  23.173  14.802  59.79
386  23  THR  CB  44.041  23.391  17.653  58.84
387  23  THR  OG1  42.752  23.432  18.267  7.13
388  23  THR  CG2  44.474  24.816  17.346  8.38
389  23  THR  H  43.13  21.039  17.43  8.25
390  23  THR  HG1  42.352  24.087  17.926  20.6
391  23  THR  HA  43.37  22.996  15.731  7.47
392  23  THR  HB  44.693  22.982  18.243  4.09
393  23  THR  HG21  44.521  25.325  18.171  4.17
394  23  THR  HG22  45.347  24.805  16.923  8.08
395  23  THR  HG23  43.83  25.228  16.749  3.92
396  24  MET  N  46.163  21.529  16.244  122.46
397  24  MET  CA  47.507  21.322  15.708  66.89
398  24  MET  C  47.498  20.905  14.241  177.78
399  24  MET  O  48.363  21.318  13.466  58.31
400  24  MET  CB  48.257  20.282  16.539  7.47
401  24  MET  CG  48.772  20.823  17.86  6.74
402  24  MET  SD  49.547  19.567  18.887  64.28
403  24  MET  CE  49.837  20.515  20.386  9.38
404  24  MET  H  45.889  21.077  16.923  8.42
405  24  MET  HA  47.964  22.176  15.762  4.56
406  24  MET  HB2  47.668  19.531  16.712  4.37
407  24  MET  HB3  49.005  19.943  16.022  7.76
408  24  MET  HG2  49.413  21.53  17.685  3.63
409  24  MET  HG3  48.035  21.222  18.348  2.01
410  24  MET  HE1  50.263  19.95  21.049  1.87
411  24  MET  HE2  50.414  21.269  20.186  63.44
412  24  MET  HE3  48.991  20.839  20.733  1.18
413  25  THR  N  46.489  20.136  13.847  121.86
414  25  THR  CA  46.319  19.751  12.445  66.09
415  25  THR  C  45.914  20.941  11.567  178.68
416  25  THR  O  46.39  21.079  10.44  1.87
417  25  THR  CB  45.271  18.631  12.305  64.94
418  25  THR  OG1  45.623  17.544  13.169  8.51
419  25  THR  CG2  45.207  18.126  10.871  4.43
420  25  THR  H  45.987  19.77  14.442  8.23
421  25  THR  HG1  44.936  17.222  13.53  1.95
422  25  THR  HA  47.18  19.427  12.139  2.39
423  25  THR  HB  44.403  18.988  12.549  2.39
424  25  THR  HG21  44.542  17.423  10.805  109.44
425  25  THR  HG22  44.964  18.857  10.281  45.24
426  25  THR  HG23  46.074  17.776  10.612  6.88
427  26  GLU  N  45.109  21.844  12.12  118.46
428  26  GLU  CA  44.776  23.106  11.453  59.79
429  26  GLU  C  46.019  23.95  11.153  179.78
430  26  GLU  O  46.061  24.679  10.161  50.04
431  26  GLU  CB  43.816  23.927  12.321  108.04
432  26  GLU  CG  42.468  23.275  12.562  45.14
433  26  GLU  CD  41.638  23.981  13.621  1.65
434  26  GLU  OE1  42.169  24.826  14.375  1.93
435  26  GLU  OE2  40.437  23.67  13.733  8.3
436  26  GLU  H  44.717  21.646  12.859  9.03
437  26  GLU  HA  44.355  22.876  10.61  3.81
438  26  GLU  HB2  44.238  24.096  13.178  119.86
439  26  GLU  HB3  43.674  24.789  11.899  60.92
440  26  GLU  HG2  41.971  23.258  11.729  8.49
441  26  GLU  HG3  42.605  22.353  12.83  5.82
442  27  GLN  N  47.007  23.875  12.041  119.16
443  27  GLN  CA  48.243  24.649  11.916  59.99
444  27  GLN  C  49.356  23.862  11.219  179.68
445  27  GLN  O  50.522  24.251  11.274  8.19
446  27  GLN  CB  48.724  25.088  13.3  4.13
447  27  GLN  CG  47.694  25.861  14.098  8.38
448  27  GLN  CD  48.101  26.067  15.543  22.11
449  27  GLN  OE1  48.948  25.349  16.077  8.62
450  27  GLN  NE2  47.488  27.041  16.19  4.02
451  27  GLN  H  46.85  23.404  12.743  7.87
452  27  GLN  HE21  47.769  27.169  16.993  9.39
453  27  GLN  HE22  46.869  27.487  15.793  4.78
454  27  GLN  HA  48.041  25.423  11.368  4.24
455  27  GLN  HB2  48.986  24.302  13.805  57.05
456  27  GLN  HB3  49.517  25.637  13.197  7.37
457  27  GLN  HG2  47.55  26.725  13.681  1.85
458  27  GLN  HG3  46.848  25.388  14.069  39.26
459  28  GLU  N  48.996  22.726  10.626  125.86
460  28  GLU  CA  49.928  21.89  9.866  60.19
461  28  GLU  C  51.141  21.414  10.67  178.48
462  28  GLU  O  52.226  21.224  10.121  129.88
463  28  GLU  CB  50.389  22.625  8.601  29.79
464  28  GLU  CG  49.299  22.783  7.543  8.6
465  28  GLU  CD  49.73  23.642  6.367  8.78
466  28  GLU  OE1  49.629  24.886  6.464  5.13
467  28  GLU  OE2  50.135  23.076  5.33  2.97
468  28  GLU  H  48.16  22.531  10.574  8.57
469  28  GLU  HA  49.434  21.09  9.629  7.19
470  28  GLU  HB2  50.716  23.504  8.85  53.84
471  28  GLU  HB3  51.137  22.144  8.213  7.1
472  28  GLU  HG2  49.041  21.906  7.219  7.1
473  28  GLU  HG3  48.513  23.176  7.953  30.14
474  29  ARG  N  50.909  21.069  11.935  114.76
475  29  ARG  CA  51.999  20.726  12.849  54.99
476  29  ARG  C  51.786  19.469  13.71  174.28
477  29  ARG  O  52.461  19.286  14.729  7.3
478  29  ARG  CB  52.305  21.924  13.752  27.69
479  29  ARG  CG  51.089  22.525  14.425  8.03
480  29  ARG  CD  51.473  23.672  15.33  4.52
481  29  ARG  NE  52.071  23.201  16.575  6.74
482  29  ARG  CZ  51.714  23.625  17.78  50.31
483  29  ARG  NH1  50.757  24.527  17.912  2.02
484  29  ARG  NH2  52.303  23.132  18.855  118.15
485  29  ARG  H  50.096  21.128  12.208  7.58
486  29  ARG  HE  52.692  22.61  16.506  41.94
487  29  ARG  HH11  50.334  24.797  17.214  3.71
488  29  ARG  HH12  50.492  24.777  18.691  39.6
489  29  ARG  HH21  52.903  22.52  18.785  9.1
490  29  ARG  HH22  52.075  23.383  19.645  8.49
491  29  ARG  HA  52.748  20.507  12.274  4.17
492  29  ARG  HB2  52.936  21.648  14.435  3.86
493  29  ARG  HB3  52.741  22.611  13.224  4.25
494  29  ARG  HG2  50.465  22.837  13.751  2.57
495  29  ARG  HG3  50.632  21.842  14.941  2.85
496  29  ARG  HD2  52.099  24.252  14.869  104.5
497  29  ARG  HD3  50.687  24.204  15.529  45.72
498  30  LEU  N  50.933  18.56  13.249  115.76
499  30  LEU  CA  50.76  17.265  13.91  56.99
500  30  LEU  C  51.564  16.176  13.202  176.18
501  30  LEU  O  51.095  15.569  12.241  3.54
502  30  LEU  CB  49.278  16.869  13.943  26.49
503  30  LEU  CG  48.855  15.893  15.047  116.91
504  30  LEU  CD1  48.82  16.634  16.367  53.8
505  30  LEU  CD2  47.488  15.301  14.749  8.29
506  30  LEU  H  50.468  18.747  12.55  7.96
507  30  LEU  HA  51.087  17.353  14.819  2.52
508  30  LEU  HB2  48.75  17.677  14.034  108.74
509  30  LEU  HB3  49.05  16.476  13.086  45.24
510  30  LEU  HG  49.495  15.165  15.091  87.3
511  30  LEU  HD11  48.553  16.025  17.073  42.22
512  30  LEU  HD12  49.701  16.989  16.563  8.39
513  30  LEU  HD13  48.183  17.364  16.312  3.91
514  30  LEU  HD21  47.239  14.687  15.458  3.91
515  30  LEU  HD22  46.832  16.013  14.693  120.34
516  30  LEU  HD23  47.519  14.824  13.905  56.24
517  31  TYR  N  52.791  15.955  13.662  112.96
518  31  TYR  CA  53.66  14.928  13.086  54.49
519  31  TYR  C  53.732  13.72  14.01  174.88
520  31  TYR  O  53.897  13.874  15.219  0.04
521  31  TYR  CB  55.067  15.485  12.857  30.49
522  31  TYR  CG  55.149  16.57  11.81  2.39
523  31  TYR  CD1  55.365  16.262  10.478  53.24
524  31  TYR  CD2  55.009  17.903  12.159  8.07
525  31  TYR  CE1  55.438  17.254  9.519  4.14
526  31  TYR  CE2  55.074  18.899  11.212  45.75
527  31  TYR  CZ  55.286  18.571  9.893  119.69
528  31  TYR  OH  55.302  19.566  8.944  54.19
529  31  TYR  H  53.007  16.35  14.395  8.55
530  31  TYR  HH  55.201  20.317  9.306  4.33
531  31  TYR  HA  53.286  14.655  12.233  35.74
532  31  TYR  HB2  55.404  15.835  13.696  32.14
533  31  TYR  HB3  55.653  14.756  12.598  54.82
534  31  TYR  HD1  55.463  15.373  10.224  8.22
535  31  TYR  HD2  54.868  18.129  13.05  3.79
536  31  TYR  HE1  55.589  17.034  8.628  1.73
537  31  TYR  HE2  54.975  19.789  11.462  1.62
538  32  GLY  N  53.736  12.53  13.412  125.26
539  32  GLY  CA  53.595  11.285  14.158  53.99
540  32  GLY  C  54.386  11.141  15.44  173.98
541  32  GLY  O  53.951  11.562  16.509  19.14
542  32  GLY  H  53.725  12.54  12.552  8.17
543  32  GLY  HA2  52.656  11.17  14.372  4.26
544  32  GLY  HA3  53.844  10.555  13.57  122.32
545  33  LEU  N  55.494  10.42  15.367  124.96
546  33  LEU  CA  56.401  10.354  16.501  56.59
547  33  LEU  C  57.224  11.646  16.565  177.08
548  33  LEU  O  58.119  11.86  15.74  52.54
549  33  LEU  CB  57.326  9.136  16.387  2.41
550  33  LEU  CG  57.931  8.548  17.673  8.52
551  33  LEU  CD1  59.251  9.231  18.011  20.64
552  33  LEU  CD2  56.941  8.687  18.82  2.53
553  33  LEU  H  55.63  9.965  14.65  7.67
554  33  LEU  HA  55.884  10.26  17.316  114.53
555  33  LEU  HB2  56.83  8.429  15.945  7.63
556  33  LEU  HB3  58.06  9.377  15.8  4.32
557  33  LEU  HG  58.113  7.606  17.53  122.54
558  33  LEU  HD11  59.616  8.847  18.824  52.44
559  33  LEU  HD12  59.878  9.101  17.283  2.43
560  33  LEU  HD13  59.1  10.18  18.142  2.3
561  33  LEU  HD21  57.327  8.315  19.628  19.14
562  33  LEU  HD22  56.739  9.625  18.961  8.19
563  33  LEU  HD23  56.125  8.21  18.603  4.25
564  34  LYS  N  57.053  12.376  17.664  127.46
565  34  LYS  CA  57.301  13.818  17.763  47.39
566  34  LYS  C  56.139  14.419  18.568  58.04
567  34  LYS  O  56.291  15.429  19.265  1.96
568  34  LYS  CB  57.348  14.478  16.376  53.04
569  34  LYS  CG  57.99  15.853  16.369  2.25
570  34  LYS  CD  57.374  16.732  15.3  7.82
571  34  LYS  CE  57.781  18.185  15.473  38.54
572  34  LYS  NZ  56.759  19.123  14.921  3.75
573  34  LYS  H  56.969  11.938  18.399  8.57
574  34  LYS  HZ1  56.125  19.256  15.532  41.41
575  34  LYS  HZ2  57.146  19.902  14.731  8.3
576  34  LYS  HZ3  56.389  18.788  14.184  19.51
577  34  LYS  HA  58.158  13.974  18.19  3.98
578  34  LYS  HB2  57.836  13.9  15.769  8.61
579  34  LYS  HB3  56.444  14.551  16.032  5.11
580  34  LYS  HG2  57.881  16.27  17.238  2.33
581  34  LYS  HG3  58.944  15.768  16.213  2.56
582  34  LYS  HD2  57.649  16.42  14.424  55.34
583  34  LYS  HD3  56.407  16.659  15.336  4.18
584  34  LYS  HE2  57.915  18.372  16.415  3.75
585  34  LYS  HE3  58.631  18.337  15.03  42.14
586  35  LEU  N  54.989  13.753  18.489  120.66
587  35  LEU  CA  53.74  14.221  19.095  56.69
588  35  LEU  C  53.715  14.236  20.629  25.09
589  35  LEU  O  53.305  15.226  21.239  23.84
590  35  LEU  CB  52.571  13.382  18.574  4.28
591  35  LEU  CG  51.159  13.797  18.985  4.76
592  35  LEU  CD1  50.922  15.249  18.604  1.36
593  35  LEU  CD2  50.151  12.886  18.311  2.17
594  35  LEU  H  54.96  13.063  17.976  8.55
595  35  LEU  HA  53.662  15.15  18.829  120.86
596  35  LEU  HB2  52.612  13.383  17.605  58.82
597  35  LEU  HB3  52.709  12.466  18.863  174.49
598  35  LEU  HG  51.056  13.714  19.946  20.82
599  35  LEU  HD11  50.025  15.51  18.866  114.52
600  35  LEU  HD12  51.568  15.812  19.058  120.14
601  35  LEU  HD13  51.021  15.352  17.645  56.94
602  35  LEU  HD21  49.254  13.148  18.571  64.01
603  35  LEU  HD22  50.243  12.958  17.348  70.3
604  35  LEU  HD23  50.311  11.969  18.583  7.2
605  36  LEU  N  54.111  13.135  21.258  118.16
606  36  LEU  CA  54.108  13.081  22.714  55.79
607  36  LEU  C  55.035  14.145  23.315  175.78
608  36  LEU  O  54.673  14.814  24.285  4.33
609  36  LEU  CB  54.505  11.687  23.204  8.32
610  36  LEU  CG  54.51  11.499  24.726  4.2
611  36  LEU  CD1  53.133  11.803  25.296  1.98
612  36  LEU  CD2  54.933  10.08  25.073  2.09
613  36  LEU  H  54.416  12.477  20.796  8.27
614  36  LEU  HA  53.205  13.269  23.014  3.63
615  36  LEU  HB2  53.896  11.039  22.816  109.9
616  36  LEU  HB3  55.391  11.482  22.866  43.72
617  36  LEU  HG  55.147  12.116  25.12  8.15
618  36  LEU  HD11  53.147  11.681  26.258  2.92
619  36  LEU  HD12  52.892  12.72  25.09  8.35
620  36  LEU  HD13  52.48  11.202  24.904  3.91
621  36  LEU  HD21  54.934  9.969  26.037  3.91
622  36  LEU  HD22  54.311  9.45  24.676  104.12
623  36  LEU  HD23  55.824  9.914  24.728  46.14
624  37  GLU  N  56.13  14.424  22.614  120.36
625  37  GLU  CA  57.136  15.383  23.071  58.59
626  37  GLU  C  56.69  16.831  22.881  177.88
627  37  GLU  O  57.015  17.696  23.698  3.89
628  37  GLU  CB  58.457  15.158  22.329  41.79
629  37  GLU  CG  59.105  13.793  22.57  118.97
630  37  GLU  CD  58.28  12.633  22.028  54.65
631  37  GLU  OE1  57.955  12.633  20.821  1.96
632  37  GLU  OE2  57.905  11.747  22.823  60.11
633  37  GLU  H  56.295  13.953  21.914  7.19
634  37  GLU  HA  57.257  15.232  24.022  33.32
635  37  GLU  HB2  58.301  15.264  21.378  29.57
636  37  GLU  HB3  59.083  15.85  22.593  2.99
637  37  GLU  HG2  59.982  13.78  22.155  111.88
638  37  GLU  HG3  59.24  13.669  23.523  7.08
639  38  VAL  N  55.939  17.097  21.814  116.66
640  38  VAL  CA  55.319  18.412  21.631  58.39
641  38  VAL  C  54.094  18.634  22.53  178.18
642  38  VAL  O  53.86  19.748  23.005  2.2
643  38  VAL  CB  54.923  18.677  20.14  41.49
644  38  VAL  CG1  53.823  17.738  19.687  7.42
645  38  VAL  CG2  54.471  20.117  19.97  55.84
646  38  VAL  H  55.908  16.499  21.197  8.22
647  38  VAL  HA  56.003  19.048  21.895  45.87
648  38  VAL  HB  55.705  18.515  19.59  29.44
649  38  VAL  HG11  53.599  17.925  18.762  39.44
650  38  VAL  HG12  54.127  16.82  19.767  7.97
651  38  VAL  HG13  53.038  17.867  20.242  3.53
652  38  VAL  HG21  54.228  20.273  19.044  3.67
653  38  VAL  HG22  53.703  20.285  20.538  116.64
654  38  VAL  HG23  55.193  20.715  20.219  48.97
655  39  LEU  N  53.369  17.561  22.837  118.76
656  39  LEU  CA  52.212  17.649  23.726  59.89
657  39  LEU  C  52.596  17.867  25.194  179.88
658  39  LEU  O  51.993  18.684  25.884  117.12
659  39  LEU  CB  51.336  16.401  23.591  28.49
660  39  LEU  CG  50.376  16.39  22.398  118.61
661  39  LEU  CD1  49.618  15.08  22.368  122.34
662  39  LEU  CD2  49.409  17.556  22.496  56.04
663  39  LEU  H  53.566  16.818  22.451  8.23
664  39  LEU  HA  51.711  18.431  23.447  1.36
665  39  LEU  HB2  51.915  15.625  23.527  33.04
666  39  LEU  HB3  50.817  16.301  24.404  6.74
667  39  LEU  HG  50.885  16.48  21.577  62.08
668  39  LEU  HD11  49.01  15.075  21.612  64.09
669  39  LEU  HD12  50.245  14.345  22.283  31.66
670  39  LEU  HD13  49.112  14.98  23.189  8.35
671  39  LEU  HD21  48.805  17.541  21.737  32.48
672  39  LEU  HD22  48.897  17.484  23.317  27.52
673  39  LEU  HD23  49.906  18.389  22.497  49.87
674  40  ARG  N  53.649  17.193  25.643  121.26
675  40  ARG  CA  54.152  17.383  27.003  66.49
676  40  ARG  C  54.837  18.736  27.186  176.88
677  40  ARG  O  54.622  19.417  28.189  1.98
678  40  ARG  CB  55.114  16.251  27.372  31.29
679  40  ARG  CG  54.443  14.893  27.444  3.51
680  40  ARG  CD  55.399  13.805  27.882  2.43
681  40  ARG  NE  54.686  12.563  28.167  106.54
682  40  ARG  CZ  55.197  11.537  28.835  57.51
683  40  ARG  NH1  56.448  11.574  29.261  125.44
684  40  ARG  NH2  54.447  10.479  29.086  52.54
685  40  ARG  H  53.99  16.599  25.123  8.57
686  40  ARG  HE  53.876  12.502  27.884  9.1
687  40  ARG  HH11  56.918  12.265  29.058  19.34
688  40  ARG  HH12  56.834  10.955  29.717  8.38
689  40  ARG  HH21  53.629  10.523  28.825  4.25
690  40  ARG  HH22  54.751  9.802  29.521  62.33
691  40  ARG  HA  53.386  17.366  27.598  118.32
692  40  ARG  HB2  55.829  16.217  26.718  122.01
693  40  ARG  HB3  55.523  16.449  28.229  122.54
694  40  ARG  HG2  53.698  14.935  28.063  52.54
695  40  ARG  HG3  54.077  14.669  26.574  5.75
696  40  ARG  HD2  56.058  13.651  27.188  3.73
697  40  ARG  HD3  55.882  14.093  28.673  19.24
698  41  SER  N  55.585  19.163  26.172  120.66
699  41  SER  CA  56.26  20.461  26.203  57.49
700  41  SER  C  55.269  21.622  26.264  176.88
701  41  SER  O  55.614  22.724  26.696  7.42
702  41  SER  CB  57.158  20.622  24.972  41.29
703  41  SER  OG  58.041  21.722  25.12  118.54
704  41  SER  H  55.7  18.635  25.503  8.18
705  41  SER  HG  58.823  21.416  25.142  124.67
706  41  SER  HA  56.798  20.484  27.009  56.61
707  41  SER  HB2  57.67  19.81  24.834  40.94
708  41  SER  HB3  56.609  20.749  24.183  33.48
709  42  GLU  N  54.021  21.345  25.899  116.66
710  42  GLU  CA  52.964  22.354  25.867  60.19
711  42  GLU  C  52.35  22.642  27.247  180.18
712  42  GLU  O  51.853  23.739  27.494  4.49
713  42  GLU  CB  51.875  21.906  24.882  29.09
714  42  GLU  CG  50.784  22.925  24.602  4.49
715  42  GLU  CD  51.259  24.082  23.75  119.24
716  42  GLU  OE1  51.652  23.847  22.584  58.14
717  42  GLU  OE2  51.194  25.233  24.236  117.83
718  42  GLU  H  53.845  20.587  25.533  8.61
719  42  GLU  HA  53.368  23.187  25.576  39.34
720  42  GLU  HB2  52.299  21.67  24.042  22.34
721  42  GLU  HB3  51.461  21.099  25.227  23.93
722  42  GLU  HG2  50.044  22.484  24.156  7.13
723  42  GLU  HG3  50.445  23.268  25.444  4.12
724  43  PHE  N  52.423  21.676  28.159  114.76
725  43  PHE  CA  51.761  21.806  29.46  61.79
726  43  PHE  C  52.702  21.739  30.672  176.48
727  43  PHE  O  52.247  21.74  31.819  4.52
728  43  PHE  CB  50.688  20.727  29.619  62.99
729  43  PHE  CG  49.715  20.67  28.486  22.94
730  43  PHE  CD1  48.755  21.652  28.33  7.21
731  43  PHE  CD2  49.774  19.64  27.562  7.67
732  43  PHE  CE1  47.873  21.608  27.269  3.68
733  43  PHE  CE2  48.897  19.589  26.5  4.52
734  43  PHE  CZ  47.946  20.574  26.351  121.24
735  43  PHE  H  52.818  20.945  27.936  8.22
736  43  PHE  HA  51.375  22.696  29.454  56.94
737  43  PHE  HB2  51.121  19.863  29.706  19.04
738  43  PHE  HB3  50.202  20.885  30.443  45.57
739  43  PHE  HD1  48.703  22.348  28.945  30.24
740  43  PHE  HD2  50.415  18.973  27.66  24.23
741  43  PHE  HE1  47.23  22.273  27.171  26.49
742  43  PHE  HE2  48.947  18.892  25.886  8.29
743  43  PHE  HZ  47.354  20.545  25.635  5.65
744  44  LYS  N  54.005  21.65  30.417  121.26
745  44  LYS  CA  55.013  21.602  31.485  57.99
746  44  LYS  C  54.902  22.744  32.502  177.78
747  44  LYS  O  55.111  22.543  33.701  2.16
748  44  LYS  CB  56.428  21.582  30.884  28.69
749  44  LYS  CG  56.622  22.451  29.634  174.41
750  44  LYS  CD  56.973  23.9  29.967  120.74
751  44  LYS  CE  57.045  24.773  28.712  54.44
752  44  LYS  NZ  55.721  24.973  28.039  116.51
753  44  LYS  H  54.206  21.495  29.595  7.58
754  44  LYS  HZ1  55.029  24.732  28.544  40.94
755  44  LYS  HZ2  55.548  25.814  27.805  7.51
756  44  LYS  HZ3  55.639  24.483  27.301  4.42
757  44  LYS  HA  54.839  20.782  31.973  37.21
758  44  LYS  HB2  57.056  21.874  31.563  8.25
759  44  LYS  HB3  56.656  20.666  30.661  4.52
760  44  LYS  HG2  57.326  22.07  29.087  2.59
761  44  LYS  HG3  55.81  22.433  29.104  2.71
762  44  LYS  HD2  56.309  24.262  30.574  122.14
763  44  LYS  HD3  57.825  23.928  30.429  55.84
764  44  LYS  HE2  57.411  25.639  28.951  129.61
765  44  LYS  HE3  57.661  24.369  28.082  56.44
766  45  GLU  N  54.53  23.925  32.021  111.96
767  45  GLU  CA  54.412  25.112  32.863  56.59
768  45  GLU  C  53.289  24.969  33.89  176.28
769  45  GLU  O  53.492  25.204  35.083  126.17
770  45  GLU  CB  54.177  26.361  31.999  40.69
771  45  GLU  CG  52.931  26.319  31.108  4.23
772  45  GLU  CD  53.226  25.841  29.699  1.64
773  45  GLU  OE1  53.503  24.639  29.518  38.22
774  45  GLU  OE2  53.274  26.678  28.776  2.12
775  45  GLU  H  54.312  23.945  31.189  6.93
776  45  GLU  HA  55.247  25.209  33.346  130.89
777  45  GLU  HB2  54.112  27.132  32.583  116.59
778  45  GLU  HB3  54.955  26.497  31.435  116.59
779  45  GLU  HG2  52.271  25.734  31.511  121.63
780  45  GLU  HG3  52.538  27.205  31.068  8.31
781  46  ILE  N  52.138  24.482  33.43  121.56
782  46  ILE  CA  50.96  24.308  34.278  60.09
783  46  ILE  C  51.087  23.073  35.169  178.68
784  46  ILE  O  50.44  22.977  36.212  1.53
785  46  ILE  CB  49.668  24.177  33.425  31.99
786  46  ILE  CG1  49.586  25.312  32.397  6.12
787  46  ILE  CG2  48.438  24.2  34.323  6.4
788  46  ILE  CD  49.641  26.712  32.997  6.4
789  46  ILE  H  52.102  24.298  32.591  7.36
790  46  ILE  HA  50.901  25.099  34.836  4.27
791  46  ILE  HB  49.698  23.33  32.953  1.57
792  46  ILE  HG21  47.639  24.118  33.78  1.69
793  46  ILE  HG22  48.48  23.46  34.949  46.6
794  46  ILE  HG23  48.41  25.037  34.813  41.13
795  47  GLY  N  51.923  22.129  34.753  118.76
796  47  GLY  CA  52.179  20.958  35.571  58.99
797  47  GLY  C  51.415  19.728  35.132  178.18
798  47  GLY  O  51.377  18.723  35.843  7.34
799  47  GLY  H  52.322  22.244  34  8.81
800  47  GLY  HA2  53.129  20.762  35.553  114.74
801  47  GLY  HA3  51.949  21.16  36.491  58.84
802  48  PHE  N  50.855  19.784  33.931  117.56
803  48  PHE  CA  50.193  18.629  33.346  61.99
804  48  PHE  C  51.17  17.847  32.47  176.58
805  48  PHE  O  51.887  18.421  31.65  45.66
806  48  PHE  CB  48.966  19.077  32.535  8.05
807  48  PHE  CG  48.32  17.972  31.729  3.88
808  48  PHE  CD1  48.074  16.729  32.288  4.04
809  48  PHE  CD2  47.948  18.189  30.412  4.11
810  48  PHE  CE1  47.472  15.727  31.548  4.33
811  48  PHE  CE2  47.345  17.193  29.673  109.84
812  48  PHE  CZ  47.107  15.962  30.241  45.44
813  48  PHE  H  50.924  20.507  33.47  7.86
814  48  PHE  HA  49.89  18.044  34.058  35.14
815  48  PHE  HB2  48.307  19.448  33.142  8.32
816  48  PHE  HB3  49.231  19.79  31.933  3.95
817  48  PHE  HD1  48.316  16.566  33.171  3.95
818  48  PHE  HD2  48.107  19.018  30.021  118.74
819  48  PHE  HE1  47.314  14.895  31.933  55.84
820  48  PHE  HE2  47.099  17.353  28.791  1.7
821  48  PHE  HZ  46.7  15.29  29.743  1.95
822  49  LYS  N  51.294  16.559  32.758  125.86
823  49  LYS  CA  52.08  15.65  31.934  45.39
824  49  LYS  C  51.164  14.622  31.264  173.98
825  49  LYS  O  50.795  13.616  31.884  6.96
826  49  LYS  CB  53.123  14.921  32.793  118.71
827  49  LYS  CG  53.969  13.912  32.026  8.16
828  49  LYS  CD  54.187  12.634  32.823  61.37
829  49  LYS  CE  53.177  11.549  32.457  22.19
830  49  LYS  NZ  51.918  11.648  33.243  31.04
831  49  LYS  H  50.876  16.286  33.458  8.01
832  49  LYS  HZ1  52.117  11.656  34.111  27.01
833  49  LYS  HZ2  51.455  12.387  33.067  50.69
834  49  LYS  HZ3  51.411  10.941  33.056  4.57
835  49  LYS  HA  52.535  16.168  31.252  108.74
836  49  LYS  HB2  53.71  15.578  33.198  45.24
837  49  LYS  HB3  52.668  14.463  33.517  2.36
838  49  LYS  HG2  53.535  13.699  31.185  2.13
839  49  LYS  HG3  54.827  14.308  31.809  8.4
840  49  LYS  HD2  55.085  12.305  32.664  3.88
841  49  LYS  HD3  54.12  12.83  33.771  3.88
842  49  LYS  HE2  52.969  11.611  31.512  60.61
843  49  LYS  HE3  53.577  10.677  32.603  57.94
844  50  PRO  N  50.836  14.833  29.976  120.66
845  50  PRO  CA  50.008  13.909  29.191  54.59
846  50  PRO  C  50.43  12.454  29.31  173.28
847  50  PRO  O  51.606  12.118  29.155  21.2
848  50  PRO  CB  50.169  14.426  27.77  40.49
849  50  PRO  CG  50.297  15.893  27.96  4.29
850  50  PRO  CD  51.143  16.052  29.205  1.64
851  50  PRO  HA  49.089  13.898  29.503  37.55
852  50  PRO  HB2  50.952  14.05  27.338  115.51
853  50  PRO  HB3  49.404  14.201  27.217  8.12
854  50  PRO  HG2  50.718  16.311  27.193  124.68
855  50  PRO  HG3  49.428  16.31  28.069  3.08
856  50  PRO  HD2  52.087  16.113  28.992  109.23
857  50  PRO  HD3  50.911  16.855  29.696  114.17
858  51  ASN  N  49.47  11.595  29.626  44.37
859  51  ASN  CA  49.73  10.165  29.729  52.19
860  51  ASN  C  50.075  9.551  28.374  171.68
861  51  ASN  O  49.404  9.796  27.375  8.86
862  51  ASN  CB  48.524  9.447  30.339  32.79
863  51  ASN  CG  48.71  9.142  31.815  53.04
864  51  ASN  OD1  49.31  9.924  32.557  124.11
865  51  ASN  ND2  48.21  7.994  32.248  57.06
866  51  ASN  H  48.671  11.907  29.687  8.79
867  51  ASN  HD21  48.384  7.817  33.071  118.61
868  51  ASN  HD22  47.737  7.478  31.749  29.34
869  51  ASN  HA  50.499  10.051  30.31  35.12
870  51  ASN  HB2  47.733  9.996  30.223  1.07
871  51  ASN  HB3  48.368  8.619  29.858  0.87
872  52  HSE  N  51.11  8.718  28.364  38.21
873  52  HSE  CA  51.624  8.093  27.145  61.49
874  52  HSE  C  50.535  7.363  26.362  175.28
875  52  HSE  O  50.509  7.401  25.135  1.65
876  52  HSE  CB  52.748  7.113  27.513  30.79
877  52  HSE  CG  53.194  6.24  26.377  52.74
878  52  HSE  ND1  52.592  5.033  26.088  1.98
879  52  HSE  CD2  54.208  6.376  25.493  114.32
880  52  HSE  CE1  53.22  4.467  25.073  19.34
881  52  HSE  NE2  54.201  5.259  24.697  8.09
882  52  HSE  H  51.503  8.504  29.234  4.15
883  52  HSE  HD1  51.822  4.613  26.521  9.32
884  52  HSE  HE2  54.815  5.077  23.95  3.59
885  53  THR  N  49.665  6.666  27.082  4.18
886  53  THR  CA  48.62  5.853  26.463  51.99
887  53  THR  C  47.383  6.645  26.036  175.38
888  53  THR  O  46.766  6.331  25.021  3.21
889  53  THR  CB  48.178  4.707  27.398  118.54
890  53  THR  OG1  48.633  4.97  28.733  30.34
891  53  THR  CG2  48.762  3.385  26.925  35.78
892  53  THR  H  49.693  6.68  27.941  8.92
893  53  THR  HG1  48.235  4.449  29.258  42.73
894  53  THR  HA  49.028  5.497  25.658  8.08
895  53  THR  HB  47.21  4.652  27.385  7.74
896  53  THR  HG21  48.477  2.674  27.52  8.17
897  53  THR  HG22  48.451  3.197  26.025  4.53
898  53  THR  HG23  49.73  3.44  26.927  3.06
899  54  GLU  N  47.035  7.677  26.799  1.96
900  54  GLU  CA  45.95  8.578  26.417  60.69
901  54  GLU  C  46.244  9.307  25.105  176.78
902  54  GLU  O  45.365  9.437  24.256  57.61
903  54  GLU  CB  45.681  9.591  27.532  8.36
904  54  GLU  CG  45.246  8.965  28.851  4.91
905  54  GLU  CD  44.038  8.055  28.708  56.54
906  54  GLU  OE1  44.228  6.855  28.416  58.04
907  54  GLU  OE2  42.9  8.523  28.926  8.38
908  54  GLU  H  47.391  7.771  27.576  30.24
909  54  GLU  HA  45.159  8.034  26.279  3.47
910  54  GLU  HB2  46.485  10.113  27.682  3.78
911  54  GLU  HB3  44.994  10.208  27.236  53.96
912  54  GLU  HG2  45.985  8.457  29.221  122.28
913  54  GLU  HG3  45.04  9.67  29.485  8.37
914  55  VAL  N  47.507  9.677  24.902  114.46
915  55  VAL  CA  47.959  10.296  23.65  66.39
916  55  VAL  C  47.81  9.371  22.437  176.88
917  55  VAL  O  47.121  9.699  21.474  4.1
918  55  VAL  CB  49.442  10.75  23.751  68.39
919  55  VAL  CG1  49.941  11.241  22.399  131.76
920  55  VAL  CG2  49.582  11.847  24.794  117.46
921  55  VAL  H  48.031  9.641  25.583  7.88
922  55  VAL  HA  47.383  11.065  23.517  8.14
923  55  VAL  HB  49.982  9.99  24.021  30.37
924  55  VAL  HG11  50.867  11.521  22.478  8.7
925  55  VAL  HG12  49.874  10.524  21.749  5.26
926  55  VAL  HG13  49.401  11.992  22.108  1.03
927  55  VAL  HG21  50.51  12.124  24.85  54.44
928  55  VAL  HG22  49.033  12.606  24.541  6.49
929  55  VAL  HG23  49.292  11.512  25.657  6.49
930  56  TYR  N  48.454  8.211  22.497  120.06
931  56  TYR  CA  48.369  7.203  21.442  58.69
932  56  TYR  C  46.915  6.769  21.187  172.18
933  56  TYR  O  46.54  6.466  20.05  119.62
934  56  TYR  CB  49.248  6.001  21.828  62.25
935  56  TYR  CG  48.891  4.688  21.163  4.56
936  56  TYR  CD1  49.454  4.328  19.946  2.56
937  56  TYR  CD2  47.979  3.814  21.748  33.83
938  56  TYR  CE1  49.114  3.138  19.326  120.94
939  56  TYR  CE2  47.624  2.629  21.13  56.24
940  56  TYR  CZ  48.191  2.298  19.917  8.58
941  56  TYR  OH  47.768  1.169  19.253  4.55
942  56  TYR  H  48.931  8.07  23.198  7.93
943  56  TYR  HH  48.41  0.657  19.075  133.84
944  56  TYR  HA  48.693  7.587  20.612  56.59
945  56  TYR  HB2  50.17  6.213  21.614  6.83
946  56  TYR  HB3  49.2  5.882  22.789  4.3
947  56  TYR  HD1  50.069  4.895  19.541  8.15
948  56  TYR  HD2  47.601  4.031  22.57  4.26
949  56  TYR  HE1  49.505  2.905  18.515  1.7
950  56  TYR  HE2  47.007  2.059  21.53  1.72
951  57  ARG  N  46.096  6.795  22.238  120.96
952  57  ARG  CA  44.687  6.403  22.155  67.49
953  57  ARG  C  43.782  7.437  21.476  176.88
954  57  ARG  O  43.05  7.103  20.547  28.65
955  57  ARG  CB  44.148  6.09  23.552  23.81
956  57  ARG  CG  43.308  4.829  23.62  27.19
957  57  ARG  CD  43.81  3.877  24.701  9.25
958  57  ARG  NE  43.685  4.424  26.054  5.71
959  57  ARG  CZ  43.575  3.684  27.153  1.42
960  57  ARG  NH1  43.498  2.367  27.067  121.64
961  57  ARG  NH2  43.521  4.264  28.337  56.14
962  57  ARG  H  46.428  7.004  23.003  7.92
963  57  ARG  HE  43.728  5.274  26.177  56.83
964  57  ARG  HH11  43.527  1.985  26.297  7.69
965  57  ARG  HH12  43.438  1.884  27.776  4.44
966  57  ARG  HH21  43.595  5.12  28.379  44.14
967  57  ARG  HH22  43.48  3.83  29.078  123.01
968  57  ARG  HA  44.667  5.614  21.591  121.58
969  57  ARG  HB2  44.895  6.004  24.165  8.34
970  57  ARG  HB3  43.615  6.84  23.858  4.31
971  57  ARG  HG2  42.384  5.064  23.799  1.71
972  57  ARG  HG3  43.325  4.381  22.76  1.85
973  57  ARG  HD2  43.314  3.045  24.647  4.08
974  57  ARG  HD3  44.741  3.664  24.529  9.87
975  58  SER  N  43.816  8.68  21.95  117.56
976  58  SER  CA  43.12  9.786  21.29  62.69
977  58  SER  C  43.396  9.837  19.786  178.88
978  58  SER  O  42.481  10.008  18.983  30.42
979  58  SER  CB  43.542  11.117  21.907  37.59
980  58  SER  OG  43.356  11.113  23.308  56.75
981  58  SER  H  44.222  8.838  22.692  8.31
982  58  SER  HG  42.599  11.427  23.494  7.8
983  58  SER  HA  42.171  9.634  21.42  44.44
984  58  SER  HB2  44.474  11.29  21.703  45.44
985  58  SER  HB3  43.027  11.837  21.512  131.89
986  59  LEU  N  44.66  9.655  19.415  119.76
987  59  LEU  CA  45.097  9.721  18.02  59.39
988  59  LEU  C  44.491  8.63  17.14  178.98
989  59  LEU  O  44.042  8.899  16.029  36.07
990  59  LEU  CB  46.625  9.644  17.954  29.49
991  59  LEU  CG  47.298  9.703  16.582  5.48
992  59  LEU  CD1  46.98  11.029  15.913  3.37
993  59  LEU  CD2  48.8  9.526  16.743  32.34
994  59  LEU  H  45.246  9.594  20.042  8.6
995  59  LEU  HA  44.781  10.569  17.67  7.16
996  59  LEU  HB2  46.981  10.371  18.489  4.41
997  59  LEU  HB3  46.898  8.817  18.382  7.39
998  59  LEU  HG  46.961  8.987  16.021  50.84
999  59  LEU  HD11  47.408  11.064  15.043  117.11
1000  59  LEU  HD12  46.02  11.115  15.804  61.55
1001  59  LEU  HD13  47.309  11.757  16.464  3.61
1002  59  LEU  HD21  49.226  9.564  15.872  3.8
1003  59  LEU  HD22  49.151  10.234  17.305  120.74
1004  59  LEU  HD23  48.982  8.667  17.155  55.94
1005  60  HSE  N  44.477  7.398  17.636  116.66
1006  60  HSE  CA  43.874  6.295  16.894  63.99
1007  60  HSE  C  42.364  6.441  16.743  174.68
1008  60  HSE  O  41.841  6.278  15.652  4.07
1009  60  HSE  CB  44.212  4.961  17.553  62.99
1010  60  HSE  CG  45.582  4.462  17.216  37.94
1011  60  HSE  ND1  46.681  5.296  17.16  2.86
1012  60  HSE  CD2  46.014  3.248  16.808  2.86
1013  60  HSE  CE1  47.724  4.619  16.719  126.99
1014  60  HSE  NE2  47.347  3.37  16.498  8.5
1015  60  HSE  H  44.731  7.289  18.577  7.83
1016  60  HSE  HD1  46.718  6.223  17.476  2.98
1017  60  HSE  HE2  47.872  2.665  16.052  24.77
1018  61  GLU  N  41.701  6.934  17.784  120.96
1019  61  GLU  CA  40.279  7.242  17.692  57.79
1020  61  GLU  C  39.961  8.363  16.693  178.28
1021  61  GLU  O  38.978  8.288  15.963  8.94
1022  61  GLU  CB  39.723  7.578  19.077  41.49
1023  61  GLU  CG  39.72  6.382  20.021  115.33
1024  61  GLU  CD  39.206  6.696  21.413  57.52
1025  61  GLU  OE1  38.999  7.883  21.746  8.92
1026  61  GLU  OE2  39.051  5.742  22.204  7.25
1027  61  GLU  H  42.072  6.959  18.56  7.44
1028  61  GLU  HA  39.843  6.446  17.35  61.14
1029  61  GLU  HB2  40.251  8.292  19.468  9.21
1030  61  GLU  HB3  38.818  7.913  18.984  5
1031  61  GLU  HG2  39.174  5.679  19.636  70.44
1032  61  GLU  HG3  40.623  6.034  20.09  3.22
1033  62  LEU  N  40.821  9.373  16.618  114.76
1034  62  LEU  CA  40.653  10.424  15.619  59.79
1035  62  LEU  C  40.861  9.889  14.202  177.48
1036  62  LEU  O  40.239  10.36  13.248  4.41
1037  62  LEU  CB  41.616  11.579  15.887  4.78
1038  62  LEU  CG  41.156  12.648  16.878  24.84
1039  62  LEU  CD1  42.298  13.603  17.156  8.09
1040  62  LEU  CD2  39.969  13.402  16.317  5.58
1041  62  LEU  H  41.444  9.412  17.209  8.27
1042  62  LEU  HA  39.741  10.748  15.688  61.14
1043  62  LEU  HB2  42.451  11.207  16.211  122.86
1044  62  LEU  HB3  41.808  12.014  15.042  114.19
1045  62  LEU  HG  40.887  12.222  17.707  37.74
1046  62  LEU  HD11  42.007  14.282  17.785  1.65
1047  62  LEU  HD12  43.045  13.113  17.533  18.46
1048  62  LEU  HD13  42.574  14.027  16.328  72.15
1049  62  LEU  HD21  39.685  14.077  16.953  8.46
1050  62  LEU  HD22  40.221  13.829  15.483  4.4
1051  62  LEU  HD23  39.24  12.783  16.155  1.87
1052  63  LEU  N  41.717  8.884  14.074  120.06
1053  63  LEU  CA  41.909  8.205  12.798  59.89
1054  63  LEU  C  40.737  7.283  12.471  178.48
1055  63  LEU  O  40.139  7.386  11.398  119.01
1056  63  LEU  CB  43.21  7.399  12.814  61.82
1057  63  LEU  CG  44.492  8.227  12.758  52.23
1058  63  LEU  CD1  45.685  7.337  13.054  8.63
1059  63  LEU  CD2  44.628  8.878  11.392  63.48
1060  63  LEU  H  42.177  8.643  14.76  8.39
1061  63  LEU  HA  41.96  8.887  12.11  54.14
1062  63  LEU  HB2  43.227  6.857  13.618  34.55
1063  63  LEU  HB3  43.204  6.788  12.061  25.5
1064  63  LEU  HG  44.456  8.929  13.427  18.74
1065  63  LEU  HD11  46.499  7.864  13.018  8.29
1066  63  LEU  HD12  45.589  6.951  13.939  4.14
1067  63  LEU  HD13  45.731  6.627  12.395  2.45
1068  63  LEU  HD21  45.444  9.402  11.363  1.96
1069  63  LEU  HD22  44.661  8.191  10.708  1.67
1070  63  LEU  HD23  43.866  9.457  11.232  118.34
1071  64  ASP  N  40.323  6.493  13.456  117.26
1072  64  ASP  CA  39.319  5.454  13.253  57.99
1073  64  ASP  C  37.893  6.018  13.139  180.28
1074  64  ASP  O  37.055  5.46  12.423  29.94
1075  64  ASP  CB  39.409  4.405  14.376  175.64
1076  64  ASP  CG  40.786  3.73  14.453  40.29
1077  64  ASP  OD1  41.469  3.607  13.41  119.9
1078  64  ASP  OD2  41.201  3.336  15.565  54.72
1079  64  ASP  H  40.637  6.595  14.25  7.36
1080  64  ASP  HA  39.512  5.029  12.403  4.09
1081  64  ASP  HB2  39.214  4.83  15.226  2.11
1082  64  ASP  HB3  38.729  3.728  14.235  2.02
1083  65  ASP  N  37.658  7.182  13.742  120.66
1084  65  ASP  CA  36.408  7.918  13.542  57.39
1085  65  ASP  C  36.364  8.673  12.208  180.68
1086  65  ASP  O  35.336  9.244  11.84  57.44
1087  65  ASP  CB  36.177  8.904  14.694  59.79
1088  65  ASP  CG  35.865  8.213  16.018  36.06
1089  65  ASP  OD1  35.996  6.974  16.123  32.54
1090  65  ASP  OD2  35.511  8.925  16.98  29.4
1091  65  ASP  H  38.161  7.373  14.413  7.74
1092  65  ASP  HA  35.701  7.255  13.523  7.25
1093  65  ASP  HB2  36.966  9.458  14.802  8.24
1094  65  ASP  HB3  35.444  9.496  14.464  4.24
1095  66  GLY  N  37.496  8.718  11.512  124.36
1096  66  GLY  CA  37.527  9.269  10.165  57.49
1097  66  GLY  C  37.698  10.773  10.072  178.78
1098  66  GLY  O  37.398  11.37  9.042  25.54
1099  66  GLY  H  38.193  8.356  11.863  9.11
1100  66  GLY  HA2  38.252  8.847  9.678  41.75
1101  66  GLY  HA3  36.703  9.026  9.715  1.74
1102  67  ILE  N  38.252  11.375  11.116  117.26
1103  67  ILE  CA  38.46  12.821  11.15  54.99
1104  67  ILE  C  39.856  13.175  10.641  177.18
1105  67  ILE  O  40.029  14.134  9.886  31.77
1106  67  ILE  CB  38.252  13.366  12.587  30.14
1107  67  ILE  CG1  36.767  13.27  12.958  50.65
1108  67  ILE  CG2  38.731  14.804  12.696  5.49
1109  67  ILE  CD  36.498  13.224  14.448  1.8
1110  67  ILE  H  38.452  10.896  11.801  8.59
1111  67  ILE  HA  37.807  13.237  10.566  1.93
1112  67  ILE  HB  38.774  12.83  13.204  1.93
1113  67  ILE  HG21  38.592  15.124  13.601  8.36
1114  67  ILE  HG22  39.676  14.848  12.48  4.21
1115  67  ILE  HG23  38.232  15.359  12.077  1.85
1116  68  LEU  N  40.833  12.345  10.996  126.56
1117  68  LEU  CA  42.198  12.482  10.49  45.69
1118  68  LEU  C  42.53  11.408  9.452  174.18
1119  68  LEU  O  41.801  10.425  9.285  35.06
1120  68  LEU  CB  43.217  12.408  11.642  21.53
1121  68  LEU  CG  43.213  13.468  12.752  18.39
1122  68  LEU  CD1  44.366  13.203  13.699  8.28
1123  68  LEU  CD2  43.327  14.865  12.173  4.65
1124  68  LEU  H  40.645  11.705  11.539  7.83
1125  68  LEU  HA  42.254  13.351  10.062  123.61
1126  68  LEU  HB2  43.104  11.545  12.07  120.54
1127  68  LEU  HB3  44.101  12.414  11.243  58.34
1128  68  LEU  HG  42.373  13.412  13.233  172.12
1129  68  LEU  HD11  44.367  13.871  14.402  42.47
1130  68  LEU  HD12  44.267  12.321  14.091  32.44
1131  68  LEU  HD13  45.203  13.247  13.211  120.87
1132  68  LEU  HD21  43.322  15.515  12.893  53.79
1133  68  LEU  HD22  44.155  14.942  11.674  8.66
1134  68  LEU  HD23  42.577  15.033  11.582  3.81
1135  69  LYS  N  43.558  11.687  8.665  117.86
1136  69  LYS  CA  44.221  10.679  7.849  63.99
1137  69  LYS  C  45.723  10.944  7.95  177.98
1138  69  LYS  O  46.135  12.012  8.408  89.11
1139  69  LYS  CB  43.756  10.776  6.391  37.69
1140  69  LYS  CG  44.03  12.118  5.732  1.52
1141  69  LYS  CD  43.618  12.114  4.271  1.67
1142  69  LYS  CE  43.677  13.518  3.686  6.92
1143  69  LYS  NZ  43.506  13.515  2.206  5.31
1144  69  LYS  H  43.898  12.476  8.711  7.99
1145  69  LYS  HZ1  42.742  13.118  1.981  1.96
1146  69  LYS  HZ2  43.533  14.332  1.855  1.3
1147  69  LYS  HZ3  44.118  13.019  1.793  1.63
1148  69  LYS  HA  44.005  9.786  8.161  119.84
1149  69  LYS  HB2  44.194  10.08  5.876  58.04
1150  69  LYS  HB3  42.803  10.599  6.355  8.13
1151  69  LYS  HG2  43.548  12.816  6.203  1.92
1152  69  LYS  HG3  44.974  12.328  5.803  29.64
1153  69  LYS  HD2  44.202  11.525  3.768  1.76
1154  69  LYS  HD3  42.718  11.762  4.186  55.23
1155  69  LYS  HE2  42.985  14.065  4.089  125.59
1156  69  LYS  HE3  44.528  13.926  3.911  58.68
1157  70  GLN  N  46.54  9.964  7.582  117.86
1158  70  GLN  CA  47.99  10.138  7.635  52.59
1159  70  GLN  C  48.676  10.197  6.272  174.78
1160  70  GLN  O  48.376  9.409  5.376  2.06
1161  70  GLN  CB  48.626  9.042  8.488  46.19
1162  70  GLN  CG  48.185  7.639  8.144  2.32
1163  70  GLN  CD  48.962  6.585  8.907  119.64
1164  70  GLN  OE1  49.255  5.513  8.383  57.84
1165  70  GLN  NE2  49.301  6.883  10.151  5.01
1166  70  GLN  H  46.189  9.251  7.254  7.09
1167  70  GLN  HE21  49.78  6.268  10.514  29.74
1168  70  GLN  HE22  49.066  7.625  10.518  62.87
1169  70  GLN  HA  48.128  11.009  8.039  8.11
1170  70  GLN  HB2  49.59  9.096  8.397  3.71
1171  70  GLN  HB3  48.419  9.214  9.42  121.2
1172  70  GLN  HG2  47.239  7.543  8.338  8.16
1173  70  GLN  HG3  48.296  7.492  7.192  4.14
1174  71  ILE  N  49.528  11.204  6.102  115.76
1175  71  ILE  CA  50.418  11.306  4.946  54.49
1176  71  ILE  C  51.786  10.751  5.339  173.18
1177  71  ILE  O  52.465  11.304  6.204  25.65
1178  71  ILE  CB  50.596  12.783  4.491  35.69
1179  71  ILE  CG1  49.235  13.449  4.273  57.04
1180  71  ILE  CG2  51.411  12.835  3.213  4.81
1181  71  ILE  CD  48.403  12.827  3.171  1.44
1182  71  ILE  H  49.557  11.806  6.716  9.1
1183  71  ILE  HA  50.028  10.805  4.213  1.29
1184  71  ILE  HB  51.065  13.267  5.189  62.97
1185  71  ILE  HG21  51.518  13.758  2.935  59.53
1186  71  ILE  HG22  52.284  12.441  3.369  8.18
1187  71  ILE  HG23  50.953  12.339  2.516  4.24
1188  72  LYS  N  52.134  9.601  4.777  121.86
1189  72  LYS  CA  53.41  8.959  5.079  54.69
1190  72  LYS  C  54.41  9.175  3.939  174.78
1191  72  LYS  O  54.037  9.092  2.771  2.67
1192  72  LYS  CB  53.211  7.456  5.295  31.29
1193  72  LYS  CG  52.211  7.091  6.383  6.57
1194  72  LYS  CD  52.524  5.724  6.998  33.79
1195  72  LYS  CE  52.549  4.606  5.958  121.84
1196  72  LYS  NZ  53.122  3.331  6.496  53.14
1197  72  LYS  H  51.648  9.304  4.132  8.74
1198  72  LYS  HZ1  53.549  3.457  7.267  5.06
1199  72  LYS  HZ2  52.505  2.695  6.583  18.84
1200  72  LYS  HZ3  53.716  3.015  5.913  7.92
1201  72  LYS  HA  53.761  9.36  5.889  4.24
1202  72  LYS  HB2  52.92  7.058  4.46  1.86
1203  72  LYS  HB3  54.068  7.058  5.515  43.65
1204  72  LYS  HG2  52.224  7.769  7.076  4.6
1205  72  LYS  HG3  51.315  7.082  6.011  117.64
1206  72  LYS  HD2  53.383  5.764  7.446  56.44
1207  72  LYS  HD3  51.86  5.517  7.674  46.83
1208  72  LYS  HE2  51.647  4.443  5.642  56.24
1209  72  LYS  HE3  53.07  4.893  5.192  33.04
1210  73  VAL  N  55.67  9.446  4.277  124.96
1211  73  VAL  CA  56.745  9.452  3.283  59.29
1212  73  VAL  C  57.979  8.717  3.811  173.98
1213  73  VAL  O  58.435  8.975  4.922  116.89
1214  73  VAL  CB  57.12  10.908  2.846  40.19
1215  73  VAL  CG1  58.632  11.093  2.761  4.26
1216  73  VAL  CG2  56.497  11.212  1.505  1.84
1217  73  VAL  H  55.82  9.625  5.105  8.82
1218  73  VAL  HA  56.417  8.983  2.5  1.44
1219  73  VAL  HB  56.778  11.52  3.516  0.88
1220  73  VAL  HG11  58.832  12.002  2.489  57.57
1221  73  VAL  HG12  59.029  10.921  3.629  19.84
1222  73  VAL  HG13  58.998  10.473  2.111  7.63
1223  73  VAL  HG21  56.731  12.114  1.237  4.04
1224  73  VAL  HG22  56.827  10.583  0.845  1.27
1225  73  VAL  HG23  55.532  11.134  1.571  0.93
1226  74  LYS  N  58.481  7.766  3.029  123.16
1227  74  LYS  CA  59.672  6.999  3.393  54.99
1228  74  LYS  C  60.893  7.881  3.657  176.28
1229  74  LYS  O  61.19  8.798  2.888  46.05
1230  74  LYS  CB  60.008  5.973  2.303  33.59
1231  74  LYS  CG  59.885  4.512  2.747  29.94
1232  74  LYS  CD  58.44  4.137  3.078  9.3
1233  74  LYS  CE  58.358  2.858  3.903  3.17
1234  74  LYS  NZ  56.978  2.593  4.434  4.1
1235  74  LYS  H  58.08  7.611  2.284  8.25
1236  74  LYS  HZ1  56.948  1.799  4.834  7.95
1237  74  LYS  HZ2  56.652  3.178  5.02  4.25
1238  74  LYS  HZ3  56.386  2.541  3.771  1.86
1239  74  LYS  HA  59.458  6.543  4.222  2.04
1240  74  LYS  HB2  59.421  6.119  1.545  2.21
1241  74  LYS  HB3  60.914  6.13  1.995  4
1242  74  LYS  HG2  60.217  3.932  2.044  121.84
1243  74  LYS  HG3  60.444  4.363  3.525  55.24
1244  74  LYS  HD2  58.022  4.863  3.566  66.64
1245  74  LYS  HD3  57.939  4.023  2.255  2.12
1246  74  LYS  HE2  58.639  2.107  3.357  33.04
1247  74  LYS  HE3  58.98  2.917  4.645  3.37
1248  75  LYS  N  61.538  7.656  4.797  122.16
1249  75  LYS  CA  62.776  8.346  5.127  60.49
1250  75  LYS  C  63.945  7.784  4.312  174.98
1251  75  LYS  O  64.172  6.578  4.288  4.51
1252  75  LYS  CB  63.08  8.209  6.619  34.29
1253  75  LYS  CG  63.271  9.536  7.335  19.07
1254  75  LYS  CD  64.208  10.448  6.559  2.57
1255  75  LYS  CE  63.685  11.876  6.521  4.2
1256  75  LYS  NZ  64.558  12.794  5.743  2.1
1257  75  LYS  H  61.216  7.062  5.329  8.83
1258  75  LYS  HZ1  64.791  12.464  4.95  4.37
1259  75  LYS  HZ2  64.185  13.595  5.635  115.53
1260  75  LYS  HZ3  65.345  12.9  6.145  51.54
1261  75  LYS  HA  62.664  9.284  4.908  4.15
1262  75  LYS  HB2  62.356  7.724  7.044  2.53
1263  75  LYS  HB3  63.882  7.674  6.729  41.34
1264  75  LYS  HG2  62.412  9.972  7.449  5.47
1265  75  LYS  HG3  63.629  9.379  8.223  132.83
1266  75  LYS  HD2  65.088  10.434  6.968  132.83
1267  75  LYS  HD3  64.311  10.115  5.654  8.82
1268  75  LYS  HE2  62.795  11.879  6.135  4.95
1269  75  LYS  HE3  63.601  12.209  7.428  2.82
1270  76  GLU  N  64.712  8.67  3.685  124.66
1271  76  GLU  CA  65.754  8.249  2.752  55.79
1272  76  GLU  C  66.996  7.581  3.363  176.28
1273  76  GLU  O  67.541  6.633  2.791  2.72
1274  76  GLU  CB  66.169  9.426  1.865  32.99
1275  76  GLU  CG  65.153  9.757  0.77  32.54
1276  76  GLU  CD  64.906  8.593  -0.17  6.91
1277  76  GLU  OE1  65.869  8.122  -0.813  6.4
1278  76  GLU  OE2  63.751  8.117  -0.246  6.4
1279  76  GLU  H  64.458  9.492  3.692  8.47
1280  76  GLU  HA  65.339  7.542  2.233  119.26
1281  76  GLU  HB2  66.3  10.21  2.421  57.3
1282  76  GLU  HB3  67.024  9.225  1.452  1.96
1283  76  GLU  HG2  64.314  10.02  1.181  121.72
1284  76  GLU  HG3  65.47  10.519  0.26  31.29
1285  77  GLY  N  67.45  8.079  4.51  124.96
1286  77  GLY  CA  68.588  7.468  5.185  55.39
1287  77  GLY  C  68.219  6.439  6.246  175.98
1288  77  GLY  O  68.996  6.179  7.164  132.73
1289  77  GLY  H  67.074  8.778  4.841  8.52
1290  77  GLY  HA2  69.152  7.042  4.521  7.4
1291  77  GLY  HA3  69.117  8.168  5.6  9.49
1292  78  ALA  N  67.044  5.829  6.105  124.36
1293  78  ALA  CA  66.55  4.879  7.095  56.99
1294  78  ALA  C  65.535  3.893  6.532  177.08
1295  78  ALA  O  64.402  4.264  6.205  4
1296  78  ALA  CB  65.957  5.63  8.283  1.82
1297  78  ALA  H  66.553  6.003  5.421  8.64
1298  78  ALA  HA  67.312  4.351  7.382  2.13
1299  78  ALA  HB1  65.63  4.994  8.938  8.36
1300  78  ALA  HB2  66.64  6.187  8.687  118.54
1301  78  ALA  HB3  65.223  6.187  7.98  59.74
1302  79  LYS  N  65.934  2.627  6.444  111.36
1303  79  LYS  CA  65.007  1.565  6.049  44.99
1304  79  LYS  C  63.952  1.337  7.137  173.78
1305  79  LYS  O  64.25  1.44  8.333  59.22
1306  79  LYS  CB  65.78  0.265  5.77  173.28
1307  79  LYS  CG  66.451  -0.368  6.989  2.85
1308  79  LYS  CD  66.954  -1.777  6.688  69.95
1309  79  LYS  CE  67.416  -2.476  7.956  7.33
1310  79  LYS  NZ  67.873  -3.865  7.698  3.97
1311  79  LYS  H  66.746  2.457  6.672  8.47
1312  79  LYS  HZ1  67.215  -4.357  7.357  2.08
1313  79  LYS  HZ2  68.481  -3.879  7.048  1.69
1314  79  LYS  HZ3  68.201  -4.256  8.427  17
1315  79  LYS  HA  64.552  1.838  5.237  28.48
1316  79  LYS  HB2  65.169  -0.381  5.383  38.54
1317  79  LYS  HB3  66.46  0.447  5.103  3.04
1318  79  LYS  HG2  67.194  0.187  7.275  123.43
1319  79  LYS  HG3  65.821  -0.4  7.726  52.05
1320  79  LYS  HD2  66.247  -2.293  6.27  8.78
1321  79  LYS  HD3  67.687  -1.733  6.054  4.15
1322  79  LYS  HE2  68.139  -1.969  8.357  118.34
1323  79  LYS  HE3  66.689  -2.491  8.598  58.24
1324  80  LEU  N  62.703  1.162  6.712  124.06
1325  80  LEU  CA  61.586  0.901  7.62  52.59
1326  80  LEU  C  61.168  2.133  8.434  177.98
1327  80  LEU  O  60.417  2.026  9.406  58.6
1328  80  LEU  CB  61.904  -0.271  8.559  19.39
1329  80  LEU  CG  62.14  -1.633  7.908  56.88
1330  80  LEU  CD1  62.665  -2.64  8.926  8.05
1331  80  LEU  CD2  60.847  -2.128  7.29  4
1332  80  LEU  H  62.568  1.246  5.867  8.14
1333  80  LEU  HA  60.832  0.666  7.057  5.93
1334  80  LEU  HB2  62.694  -0.041  9.073  128.55
1335  80  LEU  HB3  61.172  -0.36  9.189  128.55
1336  80  LEU  HG  62.811  -1.537  7.214  128.55
1337  80  LEU  HD11  62.807  -3.495  8.491  128.55
1338  80  LEU  HD12  63.504  -2.321  9.294  122.41
1339  80  LEU  HD13  62.018  -2.745  9.641  7.78
1340  80  LEU  HD21  60.996  -2.993  6.876  4.23
1341  80  LEU  HD22  60.17  -2.212  7.98  117.44
1342  80  LEU  HD23  60.547  -1.496  6.618  59.34
1343  81  GLN  N  61.647  3.306  8.034  118.16
1344  81  GLN  CA  61.235  4.564  8.665  56.49
1345  81  GLN  C  60.478  5.488  7.714  176.48
1346  81  GLN  O  60.739  5.515  6.512  6.7
1347  81  GLN  CB  62.449  5.295  9.243  32.49
1348  81  GLN  CG  62.151  6.699  9.779  125.39
1349  81  GLN  CD  61.137  6.709  10.922  55.22
1350  81  GLN  OE1  60.058  7.289  10.804  7.59
1351  81  GLN  NE2  61.499  6.118  12.051  68.26
1352  81  GLN  H  62.252  3.335  7.424  8.18
1353  81  GLN  HE21  60.864  6.116  12.631  35.08
1354  81  GLN  HE22  62.269  5.737  12.093  8.95
1355  81  GLN  HA  60.623  4.326  9.379  1.51
1356  81  GLN  HB2  62.823  4.76  9.961  1.66
1357  81  GLN  HB3  63.13  5.362  8.555  7.26
1358  81  GLN  HG2  62.978  7.103  10.085  4.11
1359  81  GLN  HG3  61.817  7.251  9.054  1.7
1360  82  GLU  N  59.521  6.228  8.261  121.26
1361  82  GLU  CA  58.709  7.148  7.486  55.09
1362  82  GLU  C  58.294  8.402  8.253  176.88
1363  82  GLU  O  57.965  8.344  9.435  120.14
1364  82  GLU  CB  57.47  6.43  6.948  41.19
1365  82  GLU  CG  56.702  5.64  8.011  3.57
1366  82  GLU  CD  55.975  4.437  7.439  1.96
1367  82  GLU  OE1  55.882  4.31  6.199  37.74
1368  82  GLU  OE2  55.462  3.614  8.224  33.9
1369  82  GLU  H  59.302  6.102  9.083  8.12
1370  82  GLU  HA  59.268  7.45  6.753  2.25
1371  82  GLU  HB2  56.874  7.085  6.551  7.42
1372  82  GLU  HB3  57.74  5.825  6.239  3.91
1373  82  GLU  HG2  57.32  5.343  8.697  2.16
1374  82  GLU  HG3  56.06  6.226  8.442  1.88
1375  83  VAL  N  58.357  9.546  7.582  120.66
1376  83  VAL  CA  57.824  10.784  8.134  55.59
1377  83  VAL  C  56.294  10.752  8.056  175.08
1378  83  VAL  O  55.725  10.461  7.008  6.86
1379  83  VAL  CB  58.348  11.99  7.343  29.89
1380  83  VAL  CG1  57.797  13.274  7.916  112.96
1381  83  VAL  CG2  59.868  12.001  7.369  47.06
1382  83  VAL  H  58.66  9.538  6.777  8.18
1383  83  VAL  HA  58.108  10.867  9.058  58.54
1384  83  VAL  HB  58.052  11.918  6.422  8.73
1385  83  VAL  HG11  58.136  14.027  7.407  3.78
1386  83  VAL  HG12  56.828  13.261  7.867  41.44
1387  83  VAL  HG13  58.072  13.36  8.842  114.65
1388  83  VAL  HG21  60.195  12.765  6.868  55.71
1389  83  VAL  HG22  60.176  12.061  8.287  119.21
1390  83  VAL  HG23  60.205  11.184  6.969  8.47
1391  84  VAL  N  55.638  10.993  9.187  121.56
1392  84  VAL  CA  54.179  10.976  9.248  55.59
1393  84  VAL  C  53.641  12.372  9.549  175.78
1394  84  VAL  O  54.047  13.004  10.525  1.55
1395  84  VAL  CB  53.654  10  10.332  31.49
1396  84  VAL  CG1  52.147  9.811  10.18  3.75
1397  84  VAL  CG2  54.358  8.661  10.232  8.05
1398  84  VAL  H  56.08  11.265  9.872  8.37
1399  84  VAL  HA  53.867  10.675  8.381  49.21
1400  84  VAL  HB  53.84  10.381  11.205  114.29
1401  84  VAL  HG11  51.827  9.199  10.862  118.14
1402  84  VAL  HG12  51.702  10.667  10.279  59.24
1403  84  VAL  HG13  51.953  9.446  9.302  9.37
1404  84  VAL  HG21  54.017  8.064  10.917  4.89
1405  84  VAL  HG22  54.196  8.275  9.357  29.74
1406  84  VAL  HG23  55.312  8.786  10.358  25.1
1407  85  LEU  N  52.826  12.883  8.633  121.86
1408  85  LEU  CA  52.085  14.125  8.828  60.99
1409  85  LEU  C  50.603  13.773  8.953  174.48
1410  85  LEU  O  50.126  12.851  8.291  8.47
1411  85  LEU  CB  52.274  15.043  7.616  33.99
1412  85  LEU  CG  52.38  16.569  7.751  2.03
1413  85  LEU  CD1  51.869  17.198  6.464  2.16
1414  85  LEU  CD2  51.597  17.09  8.942  50.86
1415  85  LEU  H  52.742  12.451  7.894  8.79
1416  85  LEU  HA  52.404  14.58  9.623  122.74
1417  85  LEU  HB2  53.08  14.747  7.165  60.04
1418  85  LEU  HB3  51.533  14.867  7.016  2.22
1419  85  LEU  HG  53.308  16.808  7.901  2.03
1420  85  LEU  HD11  51.928  18.164  6.53  3.68
1421  85  LEU  HD12  52.408  16.892  5.718  4.24
1422  85  LEU  HD13  50.945  16.94  6.322  127.24
1423  85  LEU  HD21  51.689  18.054  8.993  53.8
1424  85  LEU  HD22  50.66  16.86  8.84  130.9
1425  85  LEU  HD23  51.941  16.69  9.756  120.49
1426  86  TYR  N  49.883  14.484  9.812  123.76
1427  86  TYR  CA  48.439  14.301  9.916  61.89
1428  86  TYR  C  47.654  15.427  9.257  175.18
1429  86  TYR  O  48.012  16.6  9.354  123.54
1430  86  TYR  CB  48.022  14.159  11.38  32.49
1431  86  TYR  CG  48.47  12.858  11.999  4.33
1432  86  TYR  CD1  47.781  11.681  11.757  3.13
1433  86  TYR  CD2  49.642  12.786  12.736  1.3
1434  86  TYR  CE1  48.252  10.468  12.221  7.03
1435  86  TYR  CE2  50.122  11.578  13.201  10.14
1436  86  TYR  CZ  49.427  10.423  12.936  7.77
1437  86  TYR  OH  49.926  9.211  13.353  7.3
1438  86  TYR  H  50.287  15.011  10.358  8.19
1439  86  TYR  HH  49.322  8.631  13.292  6.73
1440  86  TYR  HA  48.226  13.485  9.437  115.84
1441  86  TYR  HB2  48.392  14.897  11.889  64.64
1442  86  TYR  HB3  47.056  14.226  11.444  59.36
1443  86  TYR  HD1  46.987  11.708  11.273  3.1
1444  86  TYR  HD2  50.114  13.566  12.921  22.14
1445  86  TYR  HE1  47.778  9.686  12.051  71.13
1446  86  TYR  HE2  50.912  11.546  13.691  4.54
1447  87  GLN  N  46.633  15.043  8.503  110.46
1448  87  GLN  CA  45.715  15.995  7.893  53.69
1449  87  GLN  C  44.263  15.544  8.068  173.68
1450  87  GLN  O  43.996  14.383  8.374  2.05
1451  87  GLN  CB  46.027  16.147  6.404  44.39
1452  87  GLN  CG  47.257  16.987  6.094  120.02
1453  87  GLN  CD  47.522  17.092  4.606  20.94
1454  87  GLN  OE1  47.069  16.257  3.828  7.35
1455  87  GLN  NE2  48.236  18.129  4.2  106.68
1456  87  GLN  H  46.499  14.199  8.409  8.94
1457  87  GLN  HE21  48.333  18.141  3.346  26.34
1458  87  GLN  HE22  48.533  18.724  4.746  26.33
1459  87  GLN  HA  45.83  16.85  8.337  118.34
1460  87  GLN  HB2  46.148  15.265  6.02  58.54
1461  87  GLN  HB3  45.259  16.545  5.964  3.81
1462  87  GLN  HG2  47.14  17.876  6.463  120.69
1463  87  GLN  HG3  48.03  16.598  6.531  52.52
1464  88  PHE  N  43.326  16.442  7.789  118.46
1465  88  PHE  CA  41.904  16.131  7.928  57.39
1466  88  PHE  C  41.363  15.272  6.79  174.48
1467  88  PHE  O  41.651  15.517  5.617  35.71
1468  88  PHE  CB  41.081  17.419  8.012  40.19
1469  88  PHE  CG  41.29  18.186  9.275  3.95
1470  88  PHE  CD1  41.019  17.609  10.502  2.03
1471  88  PHE  CD2  41.788  19.475  9.241  7.64
1472  88  PHE  CE1  41.244  18.301  11.67  4.74
1473  88  PHE  CE2  42.014  20.171  10.406  1.88
1474  88  PHE  CZ  41.741  19.581  11.623  110.34
1475  88  PHE  H  43.586  17.201  7.481  7.58
1476  88  PHE  HA  41.82  15.619  8.748  2.21
1477  88  PHE  HB2  41.306  17.986  7.258  55.84
1478  88  PHE  HB3  40.14  17.198  7.93  8.51
1479  88  PHE  HD1  40.681  16.743  10.538  4.07
1480  88  PHE  HD2  41.972  19.876  8.422  3.94
1481  88  PHE  HE1  41.06  17.903  12.49  118.14
1482  88  PHE  HE2  42.35  21.038  10.373  57.94
1483  88  PHE  HZ  41.893  20.05  12.412  50.51
1484  89  LYS  N  40.629  14.228  7.148  118.46
1485  89  LYS  CA  39.759  13.551  6.196  52.79
1486  89  LYS  C  38.368  14.199  6.253  175.18
1487  89  LYS  O  37.781  14.516  5.219  1.71
1488  89  LYS  CB  39.661  12.059  6.529  33.79
1489  89  LYS  CG  39.529  11.156  5.311  3.88
1490  89  LYS  CD  38.773  9.87  5.631  7.97
1491  89  LYS  CE  39.57  8.953  6.545  4.24
1492  89  LYS  NZ  38.831  7.697  6.874  50.77
1493  89  LYS  H  40.682  13.967  7.966  8.43
1494  89  LYS  HZ1  38.526  7.324  6.126  43.3
1495  89  LYS  HZ2  39.339  7.118  7.32  22.44
1496  89  LYS  HZ3  38.132  7.901  7.385  7.87
1497  89  LYS  HA  40.126  13.637  5.302  4.61
1498  89  LYS  HB2  40.45  11.797  7.029  1.53
1499  89  LYS  HB3  38.897  11.917  7.109  1.53
1500  89  LYS  HG2  39.068  11.634  4.604  116.38
1501  89  LYS  HG3  40.412  10.936  4.975  118.95
1502  89  LYS  HD2  37.927  10.089  6.052  61.64
1503  89  LYS  HD3  38.567  9.403  4.806  116.04
1504  89  LYS  HE2  40.412  8.728  6.119  59.14
1505  89  LYS  HE3  39.784  9.424  7.365  69.33
1506  90  ASP  N  37.932  14.532  7.466  117.56
1507  90  ASP  CA  36.63  15.154  7.693  60.89
1508  90  ASP  C  36.757  16.4  8.575  176.38
1509  90  ASP  O  36.576  16.336  9.793  5.01
1510  90  ASP  CB  35.679  14.139  8.352  38.59
1511  90  ASP  CG  34.208  14.488  8.162  1.4
1512  90  ASP  OD1  33.871  15.688  8.061  8.14
1513  90  ASP  OD2  33.37  13.561  8.176  3.78
1514  90  ASP  H  38.388  14.272  8.147  9.04
1515  90  ASP  HA  36.27  15.429  6.835  128.34
1516  90  ASP  HB2  35.847  13.258  7.982  53.6
1517  90  ASP  HB3  35.874  14.09  9.301  4.84
1518  91  TYR  N  37.02  17.547  7.957  124.36
1519  91  TYR  CA  37.177  18.785  8.714  57.09
1520  91  TYR  C  35.874  19.272  9.34  175.68
1521  91  TYR  O  35.885  19.897  10.397  42.71
1522  91  TYR  CB  37.764  19.895  7.84  32.59
1523  91  TYR  CG  38.112  21.158  8.611  32.5
1524  91  TYR  CD1  38.764  21.096  9.84  24.78
1525  91  TYR  CD2  37.776  22.408  8.117  29.08
1526  91  TYR  CE1  39.07  22.243  10.549  8.61
1527  91  TYR  CE2  38.077  23.559  8.82  4.31
1528  91  TYR  CZ  38.722  23.471  10.034  0.78
1529  91  TYR  OH  39.01  24.622  10.73  9.63
1530  91  TYR  H  37.088  17.515  7.1  8.86
1531  91  TYR  HH  39.846  24.679  10.793  1.91
1532  91  TYR  HA  37.791  18.576  9.436  3.14
1533  91  TYR  HB2  38.563  19.563  7.402  3.14
1534  91  TYR  HB3  37.128  20.116  7.142  7.2
1535  91  TYR  HD1  38.998  20.267  10.191  121.94
1536  91  TYR  HD2  37.34  22.474  7.298  54.55
1537  91  TYR  HE1  39.508  22.185  11.368  18.74
1538  91  TYR  HE2  37.845  24.391  8.475  7.05
1539  92  GLU  N  34.753  18.998  8.687  117.26
1540  92  GLU  CA  33.458  19.374  9.243  52.69
1541  92  GLU  C  33.176  18.623  10.547  175.58
1542  92  GLU  O  32.729  19.221  11.528  116.94
1543  92  GLU  CB  32.34  19.112  8.226  40.99
1544  92  GLU  CG  32.447  19.923  6.929  36.38
1545  92  GLU  CD  32.571  21.421  7.163  29.19
1546  92  GLU  OE1  31.758  21.992  7.921  38.34
1547  92  GLU  OE2  33.499  22.043  6.603  121.6
1548  92  GLU  H  34.795  18.539  7.961  7.45
1549  92  GLU  HA  33.484  20.323  9.442  5.08
1550  92  GLU  HB2  32.338  18.168  8.003  7.68
1551  92  GLU  HB3  31.487  19.307  8.645  4.7
1552  92  GLU  HG2  33.217  19.616  6.426  2.57
1553  92  GLU  HG3  31.664  19.751  6.382  3.13
1554  93  ALA  N  33.518  17.338  10.578  124.96
1555  93  ALA  CA  33.393  16.539  11.798  58.99
1556  93  ALA  C  34.335  17.048  12.891  177.98
1557  93  ALA  O  33.927  17.208  14.04  61.84
1558  93  ALA  CB  33.678  15.077  11.493  40.79
1559  93  ALA  H  33.797  16.96  9.858  9
1560  93  ALA  HA  32.484  16.624  12.125  37.94
1561  93  ALA  HB1  33.593  14.554  12.306  132.47
1562  93  ALA  HB2  33.044  14.754  10.834  116.89
1563  93  ALA  HB3  34.579  14.989  11.145  116.89
1564  94  ALA  N  35.569  17.373  12.51  118.46
1565  94  ALA  CA  36.509  18.041  13.413  59.39
1566  94  ALA  C  35.96  19.371  13.924  179.78
1567  94  ALA  O  36.068  19.684  15.111  1.28
1568  94  ALA  CB  37.83  18.273  12.703  32.49
1569  94  ALA  H  35.826  17.094  11.738  8.18
1570  94  ALA  HA  36.643  17.461  14.179  7.23
1571  94  ALA  HB1  38.448  18.715  13.306  7.23
1572  94  ALA  HB2  38.203  17.421  12.426  6.9
1573  94  ALA  HB3  37.685  18.831  11.923  6.9
1574  95  LYS  N  35.339  20.133  13.027  122.46
1575  95  LYS  CA  34.746  21.425  13.371  54.39
1576  95  LYS  C  33.588  21.267  14.365  181.18
1577  95  LYS  O  33.371  22.122  15.225  2.8
1578  95  LYS  CB  34.248  22.123  12.103  17.89
1579  95  LYS  CG  34.661  23.58  11.981  29.74
1580  95  LYS  CD  34.855  23.985  10.524  8.57
1581  95  LYS  CE  33.551  23.941  9.751  5.41
1582  95  LYS  NZ  33.75  23.972  8.271  108.3
1583  95  LYS  H  35.289  19.832  12.223  7.86
1584  95  LYS  HZ1  34.103  23.218  7.956  41.33
1585  95  LYS  HZ2  32.956  23.895  7.875  117.23
1586  95  LYS  HZ3  34.183  24.681  7.952  7.76
1587  95  LYS  HA  35.432  21.964  13.794  3.97
1588  95  LYS  HB2  34.579  21.639  11.33  1.89
1589  95  LYS  HB3  33.28  22.07  12.078  1.76
1590  95  LYS  HG2  33.985  24.144  12.388  1.38
1591  95  LYS  HG3  35.485  23.726  12.471  3.02
1592  95  LYS  HD2  35.225  24.881  10.483  36.28
1593  95  LYS  HD3  35.499  23.392  10.106  24.92
1594  95  LYS  HE2  33.066  23.136  9.99  8.22
1595  95  LYS  HE3  32.999  24.694  10.014  4.62
1596  96  LEU  N  32.869  20.157  14.244  121.86
1597  96  LEU  CA  31.8  19.811  15.184  55.29
1598  96  LEU  C  32.326  19.517  16.586  178.88
1599  96  LEU  O  31.854  20.084  17.567  122.74
1600  96  LEU  CB  31.048  18.583  14.671  18.99
1601  96  LEU  CG  29.586  18.754  14.272  1.42
1602  96  LEU  CD1  29.019  17.388  13.924  7
1603  96  LEU  CD2  28.798  19.393  15.408  18.34
1604  96  LEU  H  33.046  19.631  13.587  7.59
1605  96  LEU  HA  31.211  20.579  15.243  3.93
1606  96  LEU  HB2  31.528  18.241  13.901  60.92
1607  96  LEU  HB3  31.091  17.9  15.358  8.41
1608  96  LEU  HG  29.519  19.34  13.502  8.55
1609  96  LEU  HD11  28.088  17.48  13.668  117.24
1610  96  LEU  HD12  29.521  17.007  13.187  57.94
1611  96  LEU  HD13  29.085  16.804  14.695  21.08
1612  96  LEU  HD21  27.871  19.496  15.141  8.88
1613  96  LEU  HD22  28.847  18.827  16.194  42.14
1614  96  LEU  HD23  29.174  20.264  15.613  3.88
1615  97  TYR  N  33.238  18.555  16.673  117.56
1616  97  TYR  CA  33.894  18.204  17.93  59.89
1617  97  TYR  C  34.42  19.434  18.678  180.28
1618  97  TYR  O  34.204  19.573  19.879  3.75
1619  97  TYR  CB  35.036  17.224  17.652  31.49
1620  97  TYR  CG  35.613  16.566  18.88  58.09
1621  97  TYR  CD1  35.015  15.444  19.437  1.26
1622  97  TYR  CD2  36.792  17.031  19.454  8.55
1623  97  TYR  CE1  35.573  14.804  20.528  63.96
1624  97  TYR  CE2  37.359  16.398  20.545  124.7
1625  97  TYR  CZ  36.747  15.285  21.076  8.82
1626  97  TYR  OH  37.303  14.65  22.162  4.63
1627  97  TYR  H  33.435  18.11  15.964  8.05
1628  97  TYR  HH  36.694  14.176  22.494  116.94
1629  97  TYR  HA  33.232  17.788  18.503  58.64
1630  97  TYR  HB2  34.715  16.534  17.051  126.26
1631  97  TYR  HB3  35.746  17.696  17.189  53.15
1632  97  TYR  HD1  34.225  15.117  19.07  42.24
1633  97  TYR  HD2  37.207  17.783  19.097  35.21
1634  97  TYR  HE1  35.161  14.054  20.891  39.03
1635  97  TYR  HE2  38.148  16.722  20.917  8.12
1636  98  LYS  N  35.045  20.359  17.954  120.66
1637  98  LYS  CA  35.553  21.592  18.568  57.79
1638  98  LYS  C  34.434  22.486  19.113  179.08
1639  98  LYS  O  34.536  23.023  20.216  5.03
1640  98  LYS  CB  36.411  22.376  17.567  2.85
1641  98  LYS  CG  37.847  21.884  17.464  2.94
1642  98  LYS  CD  38.651  22.706  16.478  7.48
1643  98  LYS  CE  39.376  23.849  17.155  6.79
1644  98  LYS  NZ  40.038  24.713  16.142  119.32
1645  98  LYS  H  35.191  20.182  17.125  7.78
1646  98  LYS  HZ1  39.868  24.423  15.318  1.8
1647  98  LYS  HZ2  39.811  25.572  16.191  109.64
1648  98  LYS  HZ3  40.926  24.647  16.141  60.04
1649  98  LYS  HA  36.099  21.323  19.323  27.27
1650  98  LYS  HB2  35.998  22.325  16.691  27.27
1651  98  LYS  HB3  36.417  23.311  17.823  63.64
1652  98  LYS  HG2  38.267  21.924  18.338  8.1
1653  98  LYS  HG3  37.852  20.954  17.19  8.11
1654  98  LYS  HD2  39.295  22.135  16.031  5
1655  98  LYS  HD3  38.06  23.058  15.794  3.88
1656  98  LYS  HE2  38.749  24.374  17.677  4.27
1657  98  LYS  HE3  40.037  23.5  17.773  112.88
1658  99  LYS  N  33.376  22.62  18.32  121.56
1659  99  LYS  CA  32.153  23.297  18.746  61.39
1660  99  LYS  C  31.615  22.647  20.025  178.18
1661  99  LYS  O  31.585  23.267  21.075  4.1
1662  99  LYS  CB  31.125  23.237  17.61  70.84
1663  99  LYS  CG  29.785  23.924  17.876  117.08
1664  99  LYS  CD  29.073  24.369  16.588  59.85
1665  99  LYS  CE  29.334  23.419  15.419  7.39
1666  99  LYS  NZ  28.309  23.501  14.334  4.94
1667  99  LYS  H  33.452  22.363  17.503  8.05
1668  99  LYS  HZ1  27.472  23.33  14.582  113.61
1669  99  LYS  HZ2  28.357  24.279  13.904  22.12
1670  99  LYS  HZ3  28.512  22.879  13.731  7.87
1671  99  LYS  HA  32.339  24.228  18.945  4.81
1672  99  LYS  HB2  31.521  23.636  16.819  127.24
1673  99  LYS  HB3  30.954  22.305  17.402  59.04
1674  99  LYS  HG2  29.208  23.318  18.366  22.84
1675  99  LYS  HG3  29.93  24.697  18.443  8.18
1676  99  LYS  HD2  28.118  24.422  16.751  34.04
1677  99  LYS  HD3  29.37  25.261  16.349  125.21
1678  99  LYS  HE2  30.207  23.614  15.043  51.48
1679  99  LYS  HE3  29.366  22.509  15.754  7.94
1680  100  GLN  N  31.384  21.343  19.985  117.26
1681  100  GLN  CA  30.855  20.637  21.146  61.49
1682  100  GLN  C  31.777  20.672  22.377  178.08
1683  100  GLN  O  31.299  20.707  23.509  130.7
1684  100  GLN  CB  30.52  19.186  20.768  32.09
1685  100  GLN  CG  29.434  19.084  19.69  128.46
1686  100  GLN  CD  29.311  17.694  19.093  128.46
1687  100  GLN  OE1  30.083  16.789  19.404  22.34
1688  100  GLN  NE2  28.315  17.512  18.241  9.29
1689  100  GLN  H  31.508  20.939  19.236  8.38
1690  100  GLN  HE21  28.332  16.746  17.85  58.54
1691  100  GLN  HE22  27.751  18.148  18.113  3.28
1692  100  GLN  HA  30.05  21.11  21.408  7.06
1693  100  GLN  HB2  31.324  18.745  20.453  30.04
1694  100  GLN  HB3  30.228  18.71  21.561  6.8
1695  100  GLN  HG2  28.581  19.341  20.073  6.8
1696  100  GLN  HG3  29.629  19.717  18.982  119.44
1697  101  LEU  N  33.082  20.808  22.147  117.56
1698  101  LEU  CA  34.037  20.859  23.252  59.89
1699  101  LEU  C  34.132  22.221  23.946  179.68
1700  101  LEU  O  34.518  22.297  25.11  4.16
1701  101  LEU  CB  35.423  20.429  22.766  31.69
1702  101  LEU  CG  36.024  19.171  23.398  3.42
1703  101  LEU  CD1  36.476  19.466  24.821  50.74
1704  101  LEU  CD2  35.009  18.043  23.372  7.08
1705  101  LEU  H  33.373  20.835  21.338  7.76
1706  101  LEU  HA  33.699  20.242  23.92  2.22
1707  101  LEU  HB2  35.376  20.291  21.807  109.64
1708  101  LEU  HB3  36.037  21.165  22.917  63.14
1709  101  LEU  HG  36.8  18.895  22.886  3.99
1710  101  LEU  HD11  36.855  18.664  25.213  3.89
1711  101  LEU  HD12  37.146  20.167  24.809  69.44
1712  101  LEU  HD13  35.715  19.755  25.349  63.11
1713  101  LEU  HD21  35.396  17.25  23.774  8.88
1714  101  LEU  HD22  34.22  18.306  23.872  7.07
1715  101  LEU  HD23  34.761  17.852  22.454  4.04
1716  102  LYS  N  33.752  23.294  23.26  119.16
1717  102  LYS  CA  33.731  24.606  23.906  58.29
1718  102  LYS  C  32.653  24.67  24.985  179.28
1719  102  LYS  O  32.88  25.209  26.067  1.62
1720  102  LYS  CB  33.505  25.725  22.889  27.49
1721  102  LYS  CG  33.995  27.078  23.385  111.44
1722  102  LYS  CD  33.505  28.23  22.532  60.14
1723  102  LYS  CE  33.685  29.552  23.268  3.56
1724  102  LYS  NZ  33.126  29.504  24.654  3.79
1725  102  LYS  H  33.589  23.213  22.419  7.87
1726  102  LYS  HZ1  33.755  29.469  25.283  51.77
1727  102  LYS  HZ2  32.698  30.239  24.917  1.33
1728  102  LYS  HZ3  32.555  28.841  24.814  6.71
1729  102  LYS  HA  34.599  24.733  24.32  4.25
1730  102  LYS  HB2  33.962  25.503  22.063  1.73
1731  102  LYS  HB3  32.559  25.784  22.683  7.66
1732  102  LYS  HG2  33.698  27.209  24.299  119.99
1733  102  LYS  HG3  34.965  27.081  23.398  7.42
1734  102  LYS  HD2  33.994  28.25  21.694  4.57
1735  102  LYS  HD3  32.569  28.101  22.311  2.57
1736  102  LYS  HE2  34.629  29.772  23.309  2.78
1737  102  LYS  HE3  33.249  30.261  22.769  118.14
1738  103  VAL  N  31.533  24  24.729  122.86
1739  103  VAL  CA  30.43  23.907  25.691  55.09
1740  103  VAL  C  30.807  23.101  26.949  179.38
1741  103  VAL  O  30.377  23.432  28.056  42.44
1742  103  VAL  CB  29.16  23.283  25.026  40.49
1743  103  VAL  CG1  28.057  23.083  26.053  4.12
1744  103  VAL  CG2  28.656  24.184  23.908  117.65
1745  103  VAL  H  31.425  23.7  23.93  8.34
1746  103  VAL  HA  30.235  24.815  25.971  3.49
1747  103  VAL  HB  29.405  22.42  24.658  1.28
1748  103  VAL  HG11  27.279  22.696  25.622  41
1749  103  VAL  HG12  28.369  22.487  26.752  8.18
1750  103  VAL  HG13  27.818  23.939  26.442  3.96
1751  103  VAL  HG21  27.869  23.788  23.503  117.94
1752  103  VAL  HG22  28.429  25.054  24.271  8.13
1753  103  VAL  HG23  29.349  24.285  23.236  4.29
1754  104  GLU  N  31.583  22.034  26.768  121.56
1755  104  GLU  CA  32.13  21.271  27.898  59.49
1756  104  GLU  C  33.101  22.11  28.727  177.88
1757  104  GLU  O  33.006  22.155  29.955  56.04
1758  104  GLU  CB  32.85  20.011  27.395  31.39
1759  104  GLU  CG  31.949  18.963  26.742  8.27
1760  104  GLU  CD  30.962  18.341  27.711  28.54
1761  104  GLU  OE1  31.39  17.699  28.692  8.62
1762  104  GLU  OE2  29.74  18.515  27.531  128.64
1763  104  GLU  H  31.687  21.734  25.969  8.29
1764  104  GLU  HA  31.383  21.018  28.463  133.6
1765  104  GLU  HB2  33.528  20.277  26.755  3.96
1766  104  GLU  HB3  33.311  19.599  28.142  118.94
1767  104  GLU  HG2  31.461  19.374  26.011  115.74
1768  104  GLU  HG3  32.501  18.264  26.358  121.24
1769  105  LEU  N  33.966  22.853  28.043  116.66
1770  105  LEU  CA  34.984  23.669  28.703  65.89
1771  105  LEU  C  34.422  24.839  29.509  179.68
1772  105  LEU  O  34.789  25.023  30.67  3.27
1773  105  LEU  CB  35.996  24.177  27.675  31.09
1774  105  LEU  CG  36.924  23.09  27.131  6.66
1775  105  LEU  CD1  37.824  23.671  26.058  9.91
1776  105  LEU  CD2  37.748  22.497  28.267  7.58
1777  105  LEU  H  33.956  22.805  27.184  6.88
1778  105  LEU  HA  35.418  23.087  29.346  6.73
1779  105  LEU  HB2  35.517  24.581  26.935  6.91
1780  105  LEU  HB3  36.533  24.875  28.081  122.74
1781  105  LEU  HG  36.393  22.381  26.735  53.24
1782  105  LEU  HD11  38.41  22.978  25.717  8.75
1783  105  LEU  HD12  37.281  24.02  25.334  29.44
1784  105  LEU  HD13  38.357  24.388  26.436  8.67
1785  105  LEU  HD21  38.334  21.808  27.916  8.63
1786  105  LEU  HD22  38.28  23.195  28.68  4.11
1787  105  LEU  HD23  37.155  22.109  28.929  124.43
1788  106  ASP  N  33.48  25.576  28.925  117.86
1789  106  ASP  CA  32.812  26.668  29.639  59.09
1790  106  ASP  C  32.053  26.179  30.882  180.88
1791  106  ASP  O  31.882  26.926  31.846  44.84
1792  106  ASP  CB  31.84  27.405  28.709  34.17
1793  106  ASP  CG  32.535  28.077  27.533  22.63
1794  106  ASP  OD1  33.666  28.577  27.686  8.67
1795  106  ASP  OD2  31.916  28.164  26.454  3.78
1796  106  ASP  H  33.346  25.492  28.08  7.57
1797  106  ASP  HA  33.51  27.273  29.934  5.63
1798  106  ASP  HB2  31.182  26.776  28.373  58.44
1799  106  ASP  HB3  31.358  28.075  29.219  1.89
1800  107  ARG  N  31.529  24.957  30.826  123.46
1801  107  ARG  CA  30.886  24.352  31.992  58.29
1802  107  ARG  C  31.906  23.938  33.055  173.18
1803  107  ARG  O  31.703  24.184  34.243  8.23
1804  107  ARG  CB  30.042  23.138  31.58  121.98
1805  107  ARG  CG  29.248  22.53  32.731  60.88
1806  107  ARG  CD  28.721  21.153  32.386  7.44
1807  107  ARG  NE  29.779  20.149  32.353  4.24
1808  107  ARG  CZ  30.17  19.508  31.259  1.75
1809  107  ARG  NH1  29.563  19.733  30.109  23.58
1810  107  ARG  NH2  31.175  18.653  31.313  21.91
1811  107  ARG  H  31.585  24.539  30.077  9.03
1812  107  ARG  HE  30.167  19.929  33.088  4.67
1813  107  ARG  HH11  28.955  20.339  30.053  62.14
1814  107  ARG  HH12  29.859  19.362  29.392  174.07
1815  107  ARG  HH21  31.607  18.583  32.053  121.61
1816  107  ARG  HH22  31.49  18.297  30.597  69.04
1817  107  ARG  HA  30.306  25.027  32.379  8.1
1818  107  ARG  HB2  29.428  23.403  30.878  4.88
1819  107  ARG  HB3  30.625  22.46  31.205  39.31
1820  107  ARG  HG2  29.812  22.472  33.518  4.57
1821  107  ARG  HG3  28.506  23.113  32.956  4.41
1822  107  ARG  HD2  28.051  20.893  33.037  9.28
1823  107  ARG  HD3  28.28  21.184  31.522  5.27
1824  108  CYS  N  33.028  23.371  32.619  121.86
1825  108  CYS  CA  34.149  23.091  33.516  57.69
1826  108  CYS  C  34.61  24.349  34.236  179.68
1827  108  CYS  O  34.737  24.37  35.459  57.04
1828  108  CYS  CB  35.326  22.518  32.735  8.93
1829  108  CYS  SG  35.029  20.902  32.033  4.45
1830  108  CYS  H  33.065  23.109  31.801  8.74
1831  108  CYS  HA  33.839  22.446  34.171  56.01
1832  108  CYS  HB2  35.555  23.132  32.02  121.41
1833  108  CYS  HB3  36.096  22.467  33.323  64.54
1834  108  CYS  HG  34.252  20.997  31.123  39.87
1835  109  LYS  N  34.83  25.408  33.468  120.66
1836  109  LYS  CA  35.231  26.701  34.017  59.59
1837  109  LYS  C  34.302  27.192  35.131  178.28
1838  109  LYS  O  34.759  27.587  36.201  2.06
1839  109  LYS  CB  35.283  27.739  32.895  1.43
1840  109  LYS  CG  35.53  29.148  33.374  1.56
1841  109  LYS  CD  35.703  30.105  32.215  1.7
1842  109  LYS  CE  36.064  31.49  32.715  4.78
1843  109  LYS  NZ  36.938  31.441  33.922  3.04
1844  109  LYS  H  34.763  25.311  32.616  8.09
1845  109  LYS  HZ1  36.547  31.057  34.623  6.95
1846  109  LYS  HZ2  37.686  30.99  33.751  6.95
1847  109  LYS  HZ3  37.198  32.262  34.147  6.2
1848  109  LYS  HA  36.109  26.583  34.413  122.74
1849  109  LYS  HB2  35.983  27.492  32.271  57.04
1850  109  LYS  HB3  34.446  27.716  32.406  124.77
1851  109  LYS  HG2  34.787  29.438  33.927  53.78
1852  109  LYS  HG3  36.323  29.167  33.932  30.54
1853  109  LYS  HD2  36.397  29.779  31.621  30.92
1854  109  LYS  HD3  34.883  30.146  31.698  126.74
1855  109  LYS  HE2  36.516  31.979  32.01  17.84
1856  109  LYS  HE3  35.253  31.979  32.924  130.7
1857  110  LYS  N  32.998  27.141  34.88  114.76
1858  110  LYS  CA  32.003  27.557  35.865  63.09
1859  110  LYS  C  31.944  26.645  37.1  174.68
1860  110  LYS  O  31.73  27.116  38.216  120.34
1861  110  LYS  CB  30.624  27.637  35.206  124.44
1862  110  LYS  CG  30.52  28.695  34.114  9.58
1863  110  LYS  CD  29.078  28.892  33.652  4.47
1864  110  LYS  CE  28.576  27.718  32.812  2.72
1865  110  LYS  NZ  29.285  27.596  31.502  2.93
1866  110  LYS  H  32.763  26.873  34.097  7.16
1867  110  LYS  HZ1  30.157  27.544  31.671  10.7
1868  110  LYS  HZ2  29.039  26.875  31.043  7.43
1869  110  LYS  HZ3  29.156  28.312  30.989  7.71
1870  110  LYS  HA  32.276  28.431  36.184  6.84
1871  110  LYS  HB2  30.406  26.771  34.827  7.21
1872  110  LYS  HB3  29.96  27.823  35.888  26.35
1873  110  LYS  HG2  30.872  29.536  34.444  51.74
1874  110  LYS  HG3  31.069  28.435  33.358  20.67
1875  110  LYS  HD2  28.504  29.002  34.426  8.38
1876  110  LYS  HD3  29.015  29.709  33.133  32.74
1877  110  LYS  HE2  28.689  26.896  33.314  1.48
1878  110  LYS  HE3  27.625  27.824  32.652  0.88
1879  111  LEU  N  32.189  25.352  36.9  122.16
1880  111  LEU  CA  32.212  24.375  37.992  60.39
1881  111  LEU  C  33.374  24.601  38.966  177.78
1882  111  LEU  O  33.18  24.619  40.182  4.47
1883  111  LEU  CB  32.289  22.961  37.411  1.23
1884  111  LEU  CG  31.697  21.8  38.207  1.36
1885  111  LEU  CD1  30.254  22.093  38.57  120.11
1886  111  LEU  CD2  31.78  20.537  37.379  110.26
1887  111  LEU  H  32.297  25.075  36.093  8.6
1888  111  LEU  HA  31.392  24.488  38.498  56.07
1889  111  LEU  HB2  31.851  22.976  36.545  59.09
1890  111  LEU  HB3  33.225  22.76  37.252  9.52
1891  111  LEU  HG  32.201  21.683  39.028  3.34
1892  111  LEU  HD11  29.89  21.349  39.075  3.92
1893  111  LEU  HD12  30.213  22.899  39.108  125.03
1894  111  LEU  HD13  29.735  22.218  37.76  53.72
1895  111  LEU  HD21  31.405  19.796  37.88  63.14
1896  111  LEU  HD22  31.28  20.656  36.556  4.97
1897  111  LEU  HD23  32.708  20.348  37.169  38.43
1898  112  ILE  N  34.564  24.844  38.418  117.26
1899  112  ILE  CA  35.763  25.117  39.219  59.49
1900  112  ILE  C  35.669  26.471  39.929  180.08
1901  112  ILE  O  36.083  26.613  41.08  8.46
1902  112  ILE  CB  37.045  25.11  38.335  32.29
1903  112  ILE  CG1  37.152  23.796  37.549  4.64
1904  112  ILE  CG2  38.282  25.323  39.197  2.18
1905  112  ILE  CD  37.218  22.552  38.41  2.02
1906  112  ILE  H  34.616  24.821  37.56  7.65
1907  112  ILE  HA  35.819  24.41  39.881  1.26
1908  112  ILE  HB  36.985  25.839  37.698  119.64
1909  112  ILE  HG21  39.073  25.317  38.636  59.54
1910  112  ILE  HG22  38.216  26.177  39.652  118.28
1911  112  ILE  HG23  38.346  24.611  39.853  120.22
1912  113  GLU  N  35.132  27.464  39.229  121.26
1913  113  GLU  CA  34.88  28.777  39.812  58.39
1914  113  GLU  C  33.841  28.706  40.935  178.68
1915  113  GLU  O  33.992  29.367  41.965  7.77
1916  113  GLU  CB  34.415  29.754  38.725  4.28
1917  113  GLU  CG  35.412  30.869  38.421  2.04
1918  113  GLU  CD  35.721  31.009  36.94  8.55
1919  113  GLU  OE1  34.784  31.178  36.134  18.87
1920  113  GLU  OE2  36.919  30.995  36.57  8.58
1921  113  GLU  H  34.996  27.358  38.386  8.32
1922  113  GLU  HA  35.711  29.095  40.198  124.19
1923  113  GLU  HB2  34.242  29.257  37.91  61.35
1924  113  GLU  HB3  33.574  30.151  38.999  109.84
1925  113  GLU  HG2  35.059  31.71  38.753  43.34
1926  113  GLU  HG3  36.236  30.698  38.903  43.68
1927  114  LYS  N  32.83  27.853  40.768  118.76
1928  114  LYS  CA  31.848  27.611  41.827  63.99
1929  114  LYS  C  32.516  26.994  43.053  177.88
1930  114  LYS  O  32.473  27.563  44.142  3.75
1931  114  LYS  CB  30.724  26.685  41.349  118.14
1932  114  LYS  CG  29.509  26.684  42.272  57.24
1933  114  LYS  CD  28.681  25.413  42.146  52.38
1934  114  LYS  CE  27.291  25.563  42.781  4.2
1935  114  LYS  NZ  27.284  25.874  44.25  30.54
1936  114  LYS  H  32.732  27.484  39.998  8.04
1937  114  LYS  HZ1  26.833  26.613  44.456  7.87
1938  114  LYS  HZ2  26.881  25.259  44.752  4.14
1939  114  LYS  HZ3  28.098  26.008  44.584  8.69
1940  114  LYS  HA  31.466  28.471  42.063  4.23
1941  114  LYS  HB2  30.447  26.956  40.46  2.04
1942  114  LYS  HB3  31.068  25.781  41.276  115.84
1943  114  LYS  HG2  29.804  26.784  43.19  2.66
1944  114  LYS  HG3  28.951  27.451  42.068  2.77
1945  114  LYS  HD2  28.584  25.184  41.209  36.06
1946  114  LYS  HD3  29.152  24.679  42.571  38.99
1947  114  LYS  HE2  26.813  26.267  42.315  7.72
1948  114  LYS  HE3  26.796  24.741  42.638  119.24
1949  115  ALA  N  33.233  25.896  42.843  118.16
1950  115  ALA  CA  33.918  25.213  43.932  59.89
1951  115  ALA  C  34.865  26.132  44.704  179.78
1952  115  ALA  O  34.937  26.073  45.93  18.34
1953  115  ALA  CB  34.674  24.018  43.396  8.58
1954  115  ALA  H  33.229  25.549  42.056  8.69
1955  115  ALA  HA  33.238  24.92  44.558  4.81
1956  115  ALA  HB1  35.128  23.568  44.126  2.75
1957  115  ALA  HB2  34.052  23.404  42.974  3.23
1958  115  ALA  HB3  35.328  24.314  42.743  114.54
1959  116  LEU  N  35.547  27.023  43.993  121.86
1960  116  LEU  CA  36.48  27.949  44.631  59.49
1961  116  LEU  C  35.797  29.029  45.481  177.68
1962  116  LEU  O  36.277  29.373  46.558  42.04
1963  116  LEU  CB  37.38  28.599  43.576  120.5
1964  116  LEU  CG  38.526  27.715  43.078  54.7
1965  116  LEU  CD1  39.066  28.263  41.776  1.3
1966  116  LEU  CD2  39.62  27.636  44.133  7.53
1967  116  LEU  H  35.491  26.988  43.136  8.42
1968  116  LEU  HA  37.012  27.418  45.244  2.82
1969  116  LEU  HB2  36.834  28.857  42.817  7.72
1970  116  LEU  HB3  37.754  29.414  43.946  117.84
1971  116  LEU  HG  38.195  26.817  42.919  52.84
1972  116  LEU  HD11  39.792  27.7  41.464  8.81
1973  116  LEU  HD12  38.359  28.276  41.112  5
1974  116  LEU  HD13  39.394  29.165  41.916  43.94
1975  116  LEU  HD21  40.342  27.074  43.81  2.08
1976  116  LEU  HD22  39.96  28.526  44.314  2.11
1977  116  LEU  HD23  39.257  27.257  44.949  2.11
1978  117  SER  N  34.639  29.504  45.038  120.96
1979  117  SER  CA  33.92  30.552  45.766  54.49
1980  117  SER  C  33.132  30.025  46.967  182.28
1981  117  SER  O  32.972  30.724  47.97  4.05
1982  117  SER  CB  32.974  31.297  44.822  19.49
1983  117  SER  OG  32.647  32.576  45.339  71.58
1984  117  SER  H  34.325  29.187  44.303  8.26
1985  117  SER  HG  32.073  32.488  45.946  130.82
1986  117  SER  HA  34.596  31.155  46.112  129.04
1987  117  SER  HB2  33.39  31.393  43.951  129.04
1988  117  SER  HB3  32.164  30.779  44.694  1.54
1989  118  ASP  N  32.623  28.802  46.849  119.46
1990  118  ASP  CA  31.842  28.172  47.91  58.19
1991  118  ASP  C  32.677  27.72  49.111  178.78
1992  118  ASP  O  32.254  27.858  50.257  2.47
1993  118  ASP  CB  31.07  26.968  47.355  42.19
1994  118  ASP  CG  29.824  27.364  46.572  6.87
1995  118  ASP  OD1  29.454  28.555  46.556  6.61
1996  118  ASP  OD2  29.204  26.468  45.963  7.45
1997  118  ASP  H  32.65  28.41  46.084  8.47
1998  118  ASP  HA  31.233  28.856  48.23  2.34
1999  118  ASP  HB2  31.656  26.452  46.779  54.02
2000  118  ASP  HB3  30.813  26.389  48.09  29.27
2001  119  ASN  N  33.877  27.216  48.854  114.46
2002  119  ASN  CA  34.615  26.495  49.88  60.79
2003  119  ASN  C  35.717  27.261  50.614  177.08
2004  119  ASN  O  36.186  26.808  51.663  8.27
2005  119  ASN  CB  35.165  25.198  49.291  63.69
2006  119  ASN  CG  34.064  24.255  48.855  59.34
2007  119  ASN  OD1  33.492  23.541  49.665  2.13
2008  119  ASN  ND2  33.722  24.29  47.585  119.07
2009  119  ASN  H  34.173  27.271  48.048  8.1
2010  119  ASN  HD21  33.049  23.784  47.412  2.21
2011  119  ASN  HD22  34.141  24.791  47.026  116.86
2012  119  ASN  HA  33.961  26.328  50.577  8.81
2013  119  ASN  HB2  35.731  25.405  48.531  4.88
2014  119  ASN  HB3  35.724  24.757  49.95  4.88
2015  120  PHE  N  36.049  28.459  50.14  116.96
2016  120  PHE  CA  37.15  29.239  50.724  56.29
2017  120  PHE  C  36.778  30.711  51.038  178.58
2018  120  PHE  O  37.694  31.514  51.347  0.96
2019  120  PHE  CB  38.379  29.178  49.798  41.29
2020  120  PHE  CG  38.726  27.782  49.33  66.04
2021  120  PHE  CD1  39.365  26.889  50.175  3.93
2022  120  PHE  CD2  38.346  27.343  48.07  1.89
2023  120  PHE  CE1  39.61  25.583  49.776  31.94
2024  120  PHE  CE2  38.588  26.042  47.668  2.08
2025  120  PHE  CZ  39.218  25.16  48.523  2.08
2026  120  PHE  OXT  35.565  31.041  51.084  119.22
2027  120  PHE  H  35.652  28.842  49.481  8.92
2028  120  PHE  HA  37.355  28.831  51.58  58.15
2029  120  PHE  HB2  38.217  29.738  49.023  177.99
2030  120  PHE  HB3  39.143  29.552  50.264  31.34
2031  120  PHE  HD1  39.633  27.169  51.02  64.97
2032  120  PHE  HD2  37.923  27.932  47.488  9.12
2033  120  PHE  HE1  40.038  24.993  50.353  116.74
2034  120  PHE  HE2  38.326  25.761  46.821  60.14
2035  120  PHE  HZ  39.378  24.284  48.255  3.98
