1  1  ILE  N  -6.515  23.041  0.36  120.92
2  1  ILE  CA  -5.934  21.879  1.1  55.65
3  1  ILE  C  -5.935  22.165  2.603  174
4  1  ILE  O  -5.848  23.322  3.02  0
5  1  ILE  CB  -4.488  21.587  0.619  32.43
6  1  ILE  CG1  -4.189  20.093  0.745  31.93
7  1  ILE  CG2  -3.487  22.408  1.42  123.11
8  1  ILE  CD  -2.724  19.742  0.557  16.9
9  1  ILE  H  -6.433  22.907  -0.516  7.13
10  1  ILE  H2  -7.377  23.124  0.567  124.57
11  1  ILE  H3  -6.082  23.785  0.588  3.9
12  1  ILE  HA  -6.48  21.098  0.921  4.02
13  1  ILE  HB  -4.408  21.841  -0.314  1.85
14  1  ILE  HG21  -2.588  22.216  1.109  2.14
15  1  ILE  HG22  -3.675  23.352  1.302  2.08
16  1  ILE  HG23  -3.559  22.18  2.36  2.4
17  2  ASP  N  -6.035  21.108  3.406  2.4
18  2  ASP  CA  -6.06  21.236  4.866  124.69
19  2  ASP  C  -4.684  21.448  5.495  176.55
20  2  ASP  O  -3.766  20.652  5.293  119.08
21  2  ASP  CB  -6.697  19.99  5.489  58.33
22  2  ASP  CG  -7.071  20.19  6.953  174.16
23  2  ASP  OD1  -6.173  20.111  7.815  8.8
24  2  ASP  OD2  -8.262  20.423  7.248  4.38
25  2  ASP  H  -6.09  20.298  3.123  8.51
26  2  ASP  HA  -6.584  22.031  5.051  4.87
27  2  ASP  HB2  -7.491  19.751  4.986  2.83
28  2  ASP  HB3  -6.08  19.245  5.415  2.79
29  3  CYS  N  -4.56  22.514  6.281  2.92
30  3  CYS  CA  -3.31  22.845  6.966  9.05
31  3  CYS  C  -2.853  21.752  7.936  5.06
32  3  CYS  O  -1.665  21.625  8.22  2.98
33  3  CYS  CB  -3.467  24.155  7.732  3.09
34  3  CYS  SG  -2.337  25.467  7.204  7.3
35  3  CYS  H  -5.2  23.068  6.433  9.28
36  3  CYS  HA  -2.631  22.929  6.278  4.67
37  3  CYS  HB2  -4.379  24.469  7.632  3.39
38  3  CYS  HB3  -3.328  23.984  8.677  2.99
39  4  GLY  N  -3.799  20.976  8.459  2.13
40  4  GLY  CA  -3.446  19.907  9.375  2
41  4  GLY  C  -2.702  18.829  8.611  2.4
42  4  GLY  O  -1.701  18.293  9.079  2.4
43  4  GLY  H  -4.64  21.053  8.296  8.86
44  4  GLY  HA2  -2.893  20.251  10.094  3.97
45  4  GLY  HA3  -4.245  19.538  9.783  3.97
46  5  HSE  N  -3.2  18.518  7.42  4.88
47  5  HSE  CA  -2.595  17.508  6.553  8.17
48  5  HSE  C  -1.208  17.984  6.103  4.54
49  5  HSE  O  -0.23  17.242  6.163  1.93
50  5  HSE  CB  -3.506  17.268  5.342  1.15
51  5  HSE  CG  -3.014  16.213  4.403  1.24
52  5  HSE  ND1  -2.636  14.955  4.824  8.36
53  5  HSE  CD2  -2.865  16.217  3.053  4.8
54  5  HSE  CE1  -2.278  14.231  3.777  4.38
55  5  HSE  NE2  -2.408  14.973  2.693  4.3
56  6  VAL  N  -1.126  19.234  5.66  1.73
57  6  VAL  CA  0.141  19.803  5.221  1.85
58  6  VAL  C  1.158  19.645  6.345  1.59
59  6  VAL  O  2.273  19.158  6.136  121.24
60  6  VAL  CB  -0.013  21.31  4.894  3.12
61  6  VAL  CG1  1.355  21.968  4.778  3.12
62  6  VAL  CG2  -0.806  21.483  3.604  2.01
63  6  VAL  H  -1.796  19.771  5.606  7.88
64  6  VAL  HA  0.433  19.34  4.42  3.39
65  6  VAL  HB  -0.497  21.742  5.615  2.29
66  6  VAL  HG11  1.245  22.91  4.573  8.53
67  6  VAL  HG12  1.832  21.873  5.617  4.71
68  6  VAL  HG13  1.861  21.541  4.069  8.53
69  6  VAL  HG21  -0.899  22.428  3.405  4.73
70  6  VAL  HG22  -0.339  21.044  2.876  2.04
71  6  VAL  HG23  -1.685  21.087  3.709  1.98
72  7  ASP  N  0.755  20.059  7.543  2.28
73  7  ASP  CA  1.603  19.976  8.719  2.28
74  7  ASP  C  2.155  18.567  8.941  111.74
75  7  ASP  O  3.34  18.404  9.247  8.84
76  7  ASP  CB  0.815  20.42  9.953  8.1
77  7  ASP  CG  1.682  20.542  11.185  7.78
78  7  ASP  OD1  2.322  21.596  11.358  4.43
79  7  ASP  OD2  1.732  19.584  11.981  1.78
80  7  ASP  H  -0.022  20.397  7.693  8.64
81  7  ASP  HA  2.36  20.565  8.573  4.14
82  7  ASP  HB2  0.393  21.275  9.773  2.84
83  7  ASP  HB3  0.104  19.783  10.124  2.78
84  8  SER  N  1.298  17.557  8.795  2.98
85  8  SER  CA  1.708  16.17  8.989  2.98
86  8  SER  C  2.742  15.725  7.972  1.92
87  8  SER  O  3.638  14.945  8.288  1.92
88  8  SER  CB  0.501  15.234  8.907  117.49
89  8  SER  OG  0.099  15.037  7.565  126.26
90  8  SER  H  0.471  17.656  8.583  7.53
91  8  SER  HA  2.108  16.123  9.871  4.15
92  8  SER  HB2  0.722  14.38  9.31  4.05
93  8  SER  HB3  -0.236  15.606  9.417  4.05
94  8  SER  HG  -0.182  15.762  7.247  8.25
95  9  LEU  N  2.619  16.216  6.746  5.3
96  9  LEU  CA  3.552  15.838  5.696  3.5
97  9  LEU  C  4.97  16.351  5.929  2.81
98  9  LEU  O  5.941  15.642  5.685  118.14
99  9  LEU  CB  3.053  16.348  4.336  122.3
100  9  LEU  CG  1.787  15.701  3.755  61.38
101  9  LEU  CD1  1.501  16.279  2.381  122.38
102  9  LEU  CD2  1.963  14.201  3.658  54.05
103  9  LEU  H  2.005  16.767  6.502  7.66
104  9  LEU  HA  3.591  14.869  5.707  4.2
105  9  LEU  HB2  2.892  17.301  4.415  2.1
106  9  LEU  HB3  3.77  16.233  3.692  1.45
107  9  LEU  HG  1.039  15.889  4.343  1.68
108  9  LEU  HD11  0.701  15.868  2.017  2.04
109  9  LEU  HD12  1.368  17.237  2.454  8.3
110  9  LEU  HD13  2.251  16.102  1.792  7.93
111  9  LEU  HD21  1.158  13.804  3.29  4.86
112  9  LEU  HD22  2.716  14  3.08  126.09
113  9  LEU  HD23  2.128  13.837  4.542  2.87
114  10  VAL  N  5.085  17.582  6.411  6.9
115  10  VAL  CA  6.388  18.202  6.61  128.28
116  10  VAL  C  6.937  18.186  8.029  61.75
117  10  VAL  O  8.059  18.619  8.259  35.46
118  10  VAL  CB  6.365  19.666  6.1  176.58
119  10  VAL  CG1  5.963  19.691  4.624  7.41
120  10  VAL  CG2  5.39  20.499  6.931  4.07
121  10  VAL  H  4.417  18.078  6.63  7.51
122  10  VAL  HA  6.992  17.643  6.096  4.64
123  10  VAL  HB  7.251  20.049  6.192  2.31
124  10  VAL  HG11  5.949  20.608  4.308  4.03
125  10  VAL  HG12  6.604  19.18  4.105  9.06
126  10  VAL  HG13  5.081  19.301  4.522  4.46
127  10  VAL  HG21  5.384  21.412  6.604  1.81
128  10  VAL  HG22  4.499  20.123  6.857  132.84
129  10  VAL  HG23  5.668  20.491  7.86  1.68
130  11  ARG  N  6.162  17.679  8.977  1.68
131  11  ARG  CA  6.608  17.626  10.365  3.23
132  11  ARG  C  8.036  17.079  10.514  3.23
133  11  ARG  O  8.816  17.59  11.307  9.05
134  11  ARG  CB  5.635  16.782  11.188  4.35
135  11  ARG  CG  5.652  17.081  12.667  55.79
136  11  ARG  CD  4.243  17.106  13.24  119.69
137  11  ARG  NE  4.072  18.2  14.198  42.16
138  11  ARG  CZ  4.377  18.124  15.492  31.93
139  11  ARG  NH1  4.876  17.003  15.996  23.74
140  11  ARG  NH2  4.187  19.17  16.286  27.45
141  11  ARG  H  5.375  17.36  8.84  7.92
142  11  ARG  HA  6.621  18.538  10.696  4.25
143  11  ARG  HB2  4.736  16.922  10.851  2.24
144  11  ARG  HB3  5.845  15.844  11.056  1.97
145  11  ARG  HG2  6.18  16.411  13.129  1.79
146  11  ARG  HG3  6.082  17.937  12.822  1.79
147  11  ARG  HD2  3.601  17.202  12.519  3.31
148  11  ARG  HD3  4.055  16.26  13.676  3.22
149  11  ARG  HE  3.753  18.943  13.905  7.65
150  11  ARG  HH11  5.004  16.322  15.487  6.79
151  11  ARG  HH12  5.072  16.957  16.832  6.79
152  11  ARG  HH21  3.866  19.9  15.965  112.09
153  11  ARG  HH22  4.385  19.117  17.121  4.04
154  12  PRO  N  8.387  16.022  9.763  4.2
155  12  PRO  CA  9.735  15.438  9.842  52.09
156  12  PRO  C  10.901  16.373  9.484  115.34
157  12  PRO  O  12.054  16.028  9.732  53.83
158  12  PRO  CB  9.671  14.247  8.883  2.41
159  12  PRO  CG  8.235  13.979  8.68  2.13
160  12  PRO  CD  7.528  15.277  8.828  41.37
161  12  PRO  HA  9.936  15.209  10.763  4.64
162  12  PRO  HB2  10.11  14.452  8.043  2.54
163  12  PRO  HB3  10.121  13.473  9.257  1.31
164  12  PRO  HG2  8.077  13.6  7.801  2.02
165  12  PRO  HG3  7.911  13.335  9.329  1.96
166  12  PRO  HD2  7.44  15.736  7.978  3.76
167  12  PRO  HD3  6.632  15.159  9.181  3.58
168  13  CYS  N  10.604  17.532  8.89  1.61
169  13  CYS  CA  11.627  18.515  8.484  3.17
170  13  CYS  C  12.028  19.481  9.602  3.17
171  13  CYS  O  12.976  20.256  9.457  7.26
172  13  CYS  CB  11.132  19.366  7.311  119.62
173  13  CYS  SG  10.621  18.475  5.814  46.02
174  13  CYS  H  9.799  17.775  8.708  8.78
175  13  CYS  HA  12.4  17.982  8.239  4.79
176  13  CYS  HB2  10.381  19.897  7.618  3.31
177  13  CYS  HB3  11.837  19.986  7.068  3.21
178  14  LEU  N  11.294  19.444  10.702  2.67
179  14  LEU  CA  11.543  20.324  11.83  7.89
180  14  LEU  C  12.986  20.381  12.324  4.2
181  14  LEU  O  13.566  21.465  12.432  2.13
182  14  LEU  CB  10.626  19.927  12.984  2.19
183  14  LEU  CG  10.778  20.749  14.26  2.58
184  14  LEU  CD1  10.138  22.113  14.061  2.3
185  14  LEU  CD2  10.141  20  15.427  8
186  14  LEU  H  10.634  18.905  10.816  8.24
187  14  LEU  HA  11.356  21.218  11.503  4.01
188  14  LEU  HB2  9.706  19.994  12.683  2.04
189  14  LEU  HB3  10.787  18.995  13.198  1.51
190  14  LEU  HG  11.717  20.881  14.463  2.03
191  14  LEU  HD11  10.234  22.637  14.872  118.54
192  14  LEU  HD12  10.575  22.572  13.326  4.64
193  14  LEU  HD13  9.196  22.002  13.858  2.72
194  14  LEU  HD21  10.238  20.523  16.238  2.86
195  14  LEU  HD22  9.199  19.858  15.245  4.84
196  14  LEU  HD23  10.581  19.143  15.541  38.35
197  15  SER  N  13.56  19.224  12.635  33.72
198  15  SER  CA  14.925  19.169  13.147  0.28
199  15  SER  C  15.924  19.83  12.201  17.46
200  15  SER  O  16.862  20.499  12.649  7.88
201  15  SER  CB  15.33  17.718  13.41  4.58
202  15  SER  OG  15.342  16.975  12.206  7
203  15  SER  H  13.176  18.458  12.557  8.66
204  15  SER  HA  14.942  19.667  13.979  4.24
205  15  SER  HB2  16.209  17.692  13.82  4.06
206  15  SER  HB3  14.712  17.314  14.039  3.96
207  15  SER  HG  15.568  16.182  12.368  0.37
208  16  TYR  N  15.719  19.65  10.899  1.78
209  16  TYR  CA  16.609  20.242  9.908  2.3
210  16  TYR  C  16.436  21.755  9.814  5.54
211  16  TYR  O  17.424  22.484  9.786  6.74
212  16  TYR  CB  16.379  19.614  8.528  6.74
213  16  TYR  CG  17.245  20.211  7.43  7.13
214  16  TYR  CD1  18.637  20.129  7.49  7.4
215  16  TYR  CD2  16.672  20.876  6.345  123.64
216  16  TYR  CE1  19.437  20.698  6.496  4.43
217  16  TYR  CE2  17.463  21.451  5.34  4.43
218  16  TYR  CZ  18.84  21.359  5.423  4.11
219  16  TYR  OH  19.612  21.919  4.433  4.83
220  16  TYR  H  15.071  19.189  10.57  7.3
221  16  TYR  HA  17.516  20.059  10.2  4.65
222  16  TYR  HB2  16.552  18.661  8.583  3.51
223  16  TYR  HB3  15.446  19.719  8.285  3.15
224  16  TYR  HD1  19.039  19.688  8.204  7.04
225  16  TYR  HD2  15.746  20.939  6.287  7.04
226  16  TYR  HE1  20.363  20.636  6.55  6.61
227  16  TYR  HE2  17.065  21.891  4.624  6.61
228  16  TYR  HH  19.12  22.342  3.899  2.57
229  17  VAL  N  15.191  22.232  9.769  2.45
230  17  VAL  CA  14.956  23.673  9.664  6.83
231  17  VAL  C  15.383  24.426  10.917  7.43
232  17  VAL  O  15.442  25.655  10.923  120.29
233  17  VAL  CB  13.475  24.015  9.374  2.33
234  17  VAL  CG1  13.095  23.525  7.985  2.33
235  17  VAL  CG2  12.571  23.421  10.439  118.13
236  17  VAL  H  14.481  21.748  9.797  7.97
237  17  VAL  HA  15.503  23.958  8.915  3.75
238  17  VAL  HB  13.36  24.978  9.399  2.45
239  17  VAL  HG11  12.166  23.742  7.808  114.35
240  17  VAL  HG12  13.659  23.956  7.324  9.04
241  17  VAL  HG13  13.217  22.564  7.936  4.49
242  17  VAL  HG21  11.648  23.645  10.242  2.99
243  17  VAL  HG22  12.674  22.457  10.45  2.78
244  17  VAL  HG23  12.812  23.782  11.307  6.72
245  18  GLN  N  15.693  23.687  11.975  7.81
246  18  GLN  CA  16.133  24.308  13.214  125.19
247  18  GLN  C  17.66  24.254  13.354  2.01
248  18  GLN  O  18.208  24.526  14.427  2.39
249  18  GLN  CB  15.455  23.634  14.409  2.32
250  18  GLN  CG  13.948  23.806  14.406  119.95
251  18  GLN  CD  13.325  23.561  15.767  59.76
252  18  GLN  OE1  12.556  24.384  16.263  9.28
253  18  GLN  NE2  13.648  22.425  16.376  4.49
254  18  GLN  H  15.655  22.828  11.995  7.61
255  18  GLN  HA  15.875  25.243  13.193  4.69
256  18  GLN  HB2  15.668  22.688  14.405  2.43
257  18  GLN  HB3  15.816  24.002  15.23  2.08
258  18  GLN  HG2  13.73  24.704  14.112  2.43
259  18  GLN  HG3  13.558  23.194  13.762  2.37
260  18  GLN  HE21  14.189  21.873  15.998  7.15
261  18  GLN  HE22  13.316  22.241  17.148  6.95
262  19  GLY  N  18.342  23.895  12.268  3.35
263  19  GLY  CA  19.794  23.845  12.29  116.19
264  19  GLY  C  20.452  22.486  12.415  41.71
265  19  GLY  O  21.674  22.402  12.43  109.13
266  19  GLY  H  17.983  23.679  11.517  7.74
267  19  GLY  HA2  20.119  24.26  11.476  4.61
268  19  GLY  HA3  20.1  24.393  13.029  3.5
269  20  GLY  N  19.66  21.423  12.498  8.19
270  20  GLY  CA  20.233  20.095  12.63  3.53
271  20  GLY  C  20.613  19.469  11.303  1.55
272  20  GLY  O  20.372  20.054  10.252  2
273  20  GLY  H  18.801  21.45  12.48  8.33
274  20  GLY  HA2  21.021  20.144  13.194  4.46
275  20  GLY  HA3  19.597  19.519  13.081  3.82
276  21  PRO  N  21.216  18.272  11.316  3.29
277  21  PRO  CA  21.606  17.616  10.064  3.14
278  21  PRO  C  20.387  17.149  9.275  7.03
279  21  PRO  O  19.333  16.866  9.849  7.03
280  21  PRO  CB  22.475  16.451  10.526  7.25
281  21  PRO  CG  21.993  16.154  11.892  7.25
282  21  PRO  CD  21.566  17.462  12.495  7.24
283  21  PRO  HA  22.077  18.208  9.456  4.73
284  21  PRO  HB2  22.377  15.683  9.941  2.35
285  21  PRO  HB3  23.415  16.689  10.527  1.92
286  21  PRO  HG2  21.252  15.528  11.867  2.07
287  21  PRO  HG3  22.694  15.743  12.422  2.03
288  21  PRO  HD2  20.81  17.352  13.093  3.66
289  21  PRO  HD3  22.279  17.869  13.012  3.66
290  22  GLY  N  20.54  17.079  7.958  4.3
291  22  GLY  CA  19.45  16.651  7.107  2.3
292  22  GLY  C  19.579  17.299  5.746  2
293  22  GLY  O  20.67  17.741  5.388  2.2
294  22  GLY  H  21.267  17.275  7.542  8.18
295  22  GLY  HA2  19.459  15.685  7.017  3.92
296  22  GLY  HA3  18.601  16.891  7.51  3.21
297  23  PRO  N  18.489  17.373  4.959  112.44
298  23  PRO  CA  17.152  16.879  5.311  2.42
299  23  PRO  C  17.054  15.354  5.269  6.85
300  23  PRO  O  17.639  14.712  4.401  7.61
301  23  PRO  CB  16.245  17.538  4.277  8.9
302  23  PRO  CG  17.128  17.754  3.09  4.31
303  23  PRO  CD  18.508  18.01  3.628  3.77
304  23  PRO  HA  16.909  17.1  6.224  3.82
305  23  PRO  HB2  15.489  16.971  4.057  1.83
306  23  PRO  HB3  15.884  18.376  4.606  1.79
307  23  PRO  HG2  17.122  16.977  2.509  1.83
308  23  PRO  HG3  16.818  18.506  2.561  1.56
309  23  PRO  HD2  19.19  17.623  3.057  3.35
310  23  PRO  HD3  18.696  18.96  3.69  2.86
311  24  SER  N  16.307  14.782  6.209  7.53
312  24  SER  CA  16.14  13.334  6.272  3.93
313  24  SER  C  15.247  12.854  5.137  0.84
314  24  SER  O  14.547  13.657  4.517  62.78
315  24  SER  CB  15.526  12.932  7.613  8.59
316  24  SER  OG  14.13  13.17  7.62  4.73
317  24  SER  H  15.887  15.216  6.821  8.99
318  24  SER  HA  17.013  12.92  6.184  4.44
319  24  SER  HB2  15.699  11.993  7.784  4.44
320  24  SER  HB3  15.947  13.433  8.329  4.18
321  24  SER  HG  13.81  12.942  8.363  5.67
322  25  GLY  N  15.274  11.55  4.861  3.82
323  25  GLY  CA  14.445  11.004  3.8  4.01
324  25  GLY  C  12.964  11.216  4.068  120.53
325  25  GLY  O  12.172  11.436  3.154  66.6
326  25  GLY  H  15.761  10.974  5.274  9.04
327  25  GLY  HA2  14.683  11.421  2.957  3.96
328  25  GLY  HA3  14.623  10.055  3.707  3.82
329  26  GLN  N  12.579  11.155  5.334  4.64
330  26  GLN  CA  11.182  11.345  5.718  5.41
331  26  GLN  C  10.727  12.778  5.403  4.35
332  26  GLN  O  9.58  13.008  5.019  3.93
333  26  GLN  CB  11.012  11.043  7.21  1.95
334  26  GLN  CG  11.042  9.546  7.564  28
335  26  GLN  CD  12.42  8.903  7.375  23.65
336  26  GLN  OE1  13.444  9.443  7.813  30.39
337  26  GLN  NE2  12.445  7.742  6.727  8.81
338  26  GLN  H  13.112  11.004  5.992  8.37
339  26  GLN  HA  10.628  10.734  5.207  4.2
340  26  GLN  HB2  11.715  11.495  7.702  2.1
341  26  GLN  HB3  10.17  11.418  7.511  2.05
342  26  GLN  HG2  10.764  9.433  8.486  2.6
343  26  GLN  HG3  10.396  9.077  7.013  2.6
344  26  GLN  HE21  11.713  7.396  6.436  7.39
345  26  GLN  HE22  13.193  7.337  6.599  6.93
346  27  CYS  N  11.627  13.739  5.583  3.29
347  27  CYS  CA  11.319  15.126  5.271  3.67
348  27  CYS  C  11.098  15.24  3.75  111.04
349  27  CYS  O  10.073  15.753  3.291  1.29
350  27  CYS  CB  12.469  16.039  5.7  4.06
351  27  CYS  SG  12.354  17.739  5.04  2.16
352  27  CYS  H  12.421  13.607  5.885  8
353  27  CYS  HA  10.521  15.401  5.75  4.37
354  27  CYS  HB2  12.494  16.079  6.669  3.36
355  27  CYS  HB3  13.307  15.646  5.411  2.87
356  28  CYS  N  12.052  14.737  2.97  3.78
357  28  CYS  CA  11.942  14.781  1.51  3.78
358  28  CYS  C  10.678  14.096  0.97  2.52
359  28  CYS  O  10.036  14.608  0.057  121.19
360  28  CYS  CB  13.183  14.154  0.871  8.61
361  28  CYS  SG  14.719  15.109  1.108  4.53
362  28  CYS  H  12.77  14.366  3.264  8.23
363  28  CYS  HA  11.875  15.718  1.269  4.73
364  28  CYS  HB2  13.308  13.265  1.239  3.13
365  28  CYS  HB3  13.025  14.048  -0.08  2.89
366  29  ASP  N  10.318  12.944  1.528  119.42
367  29  ASP  CA  9.119  12.229  1.082  109.5
368  29  ASP  C  7.872  13.056  1.326  7.62
369  29  ASP  O  6.985  13.119  0.475  4.02
370  29  ASP  CB  8.971  10.898  1.814  1.95
371  29  ASP  CG  9.924  9.847  1.297  2.37
372  29  ASP  OD1  10.538  10.08  0.234  2.5
373  29  ASP  OD2  10.062  8.795  1.954  2.5
374  29  ASP  H  10.75  12.558  2.164  8.9
375  29  ASP  HA  9.221  12.067  0.131  4.45
376  29  ASP  HB2  9.127  11.034  2.762  2.77
377  29  ASP  HB3  8.06  10.579  1.719  2.69
378  30  GLY  N  7.802  13.679  2.498  40.73
379  30  GLY  CA  6.655  14.505  2.824  7.69
380  30  GLY  C  6.543  15.642  1.832  4.13
381  30  GLY  O  5.457  15.97  1.359  4.3
382  30  GLY  H  8.404  13.635  3.111  8.03
383  30  GLY  HA2  5.846  13.97  2.808  4.34
384  30  GLY  HA3  6.745  14.857  3.723  3.95
385  31  VAL  N  7.678  16.246  1.51  2.93
386  31  VAL  CA  7.696  17.349  0.567  120.54
387  31  VAL  C  7.288  16.872  -0.83  -0.05
388  31  VAL  O  6.575  17.566  -1.554  123.94
389  31  VAL  CB  9.102  18.005  0.521  62.61
390  31  VAL  CG1  9.207  18.959  -0.661  119.68
391  31  VAL  CG2  9.355  18.76  1.814  8.27
392  31  VAL  H  8.448  16.031  1.827  8.31
393  31  VAL  HA  7.055  18.013  0.866  3.8
394  31  VAL  HB  9.768  17.308  0.417  2.24
395  31  VAL  HG11  10.09  19.36  -0.676  0.77
396  31  VAL  HG12  9.061  18.47  -1.486  116.94
397  31  VAL  HG13  8.537  19.655  -0.575  1.33
398  31  VAL  HG21  10.234  19.169  1.783  1.33
399  31  VAL  HG22  8.682  19.449  1.923  2.92
400  31  VAL  HG23  9.311  18.144  2.562  2.92
401  32  LYS  N  7.738  15.682  -1.209  2.05
402  32  LYS  CA  7.403  15.139  -2.518  2.31
403  32  LYS  C  5.92  14.816  -2.562  111.35
404  32  LYS  O  5.253  15.049  -3.56  8.2
405  32  LYS  CB  8.227  13.881  -2.795  4.53
406  32  LYS  CG  9.572  14.175  -3.439  2.88
407  32  LYS  CD  10.397  12.907  -3.623  2.94
408  32  LYS  CE  11.868  13.218  -3.887  6.89
409  32  LYS  NZ  12.269  12.944  -5.302  7.58
410  32  LYS  H  8.237  15.175  -0.725  8.48
411  32  LYS  HA  7.609  15.796  -3.201  3.95
412  32  LYS  HB2  8.371  13.406  -1.962  1.99
413  32  LYS  HB3  7.72  13.291  -3.374  1.95
414  32  LYS  HG2  9.433  14.599  -4.3  1.56
415  32  LYS  HG3  10.064  14.805  -2.889  1.37
416  32  LYS  HD2  10.321  12.354  -2.83  1.72
417  32  LYS  HD3  10.038  12.392  -4.363  1.72
418  32  LYS  HE2  12.04  14.15  -3.68  2.95
419  32  LYS  HE3  12.419  12.688  -3.29  2.93
420  32  LYS  HZ1  13.131  13.139  -5.41  4.44
421  32  LYS  HZ2  12.134  12.084  -5.488  1.94
422  32  LYS  HZ3  11.781  13.446  -5.852  1.94
423  33  ASN  N  5.404  14.278  -1.467  1.74
424  33  ASN  CA  3.992  13.946  -1.394  1.74
425  33  ASN  C  3.146  15.217  -1.486  1.68
426  33  ASN  O  2.118  15.239  -2.153  1.68
427  33  ASN  CB  3.698  13.199  -0.09  2.52
428  33  ASN  CG  4.099  11.732  -0.156  1.82
429  33  ASN  OD1  3.99  11.09  -1.203  1.83
430  33  ASN  ND2  4.567  11.196  0.96  2.14
431  33  ASN  H  5.854  14.098  -0.757  8.26
432  33  ASN  HA  3.763  13.37  -2.14  4.56
433  33  ASN  HB2  4.172  13.628  0.639  3.07
434  33  ASN  HB3  2.751  13.264  0.11  2.78
435  33  ASN  HD21  4.808  10.371  0.972  7.23
436  33  ASN  HD22  4.63  11.673  1.673  6.98
437  34  LEU  N  3.578  16.278  -0.817  3.78
438  34  LEU  CA  2.845  17.54  -0.868  4.18
439  34  LEU  C  2.857  18.081  -2.303  116.49
440  34  LEU  O  1.845  18.568  -2.815  4.35
441  34  LEU  CB  3.484  18.557  0.083  2.78
442  34  LEU  CG  2.785  19.917  0.207  3.06
443  34  LEU  CD1  1.521  19.756  1.028  5.08
444  34  LEU  CD2  3.707  20.928  0.858  2.84
445  34  LEU  H  4.287  16.291  -0.331  8.56
446  34  LEU  HA  1.928  17.389  -0.591  3.89
447  34  LEU  HB2  3.53  18.158  0.966  2.18
448  34  LEU  HB3  4.397  18.711  -0.207  1.55
449  34  LEU  HG  2.556  20.241  -0.678  1.83
450  34  LEU  HD11  1.076  20.614  1.109  4.05
451  34  LEU  HD12  0.929  19.125  0.59  4.15
452  34  LEU  HD13  1.748  19.426  1.911  57.47
453  34  LEU  HD21  3.252  21.782  0.93  0.79
454  34  LEU  HD22  3.954  20.618  1.743  115.9
455  34  LEU  HD23  4.506  21.032  0.318  8.5
456  35  HSE  N  4.017  17.995  -2.941  4.3
457  35  HSE  CA  4.187  18.452  -4.307  2.21
458  35  HSE  C  3.272  17.673  -5.25  0.88
459  35  HSE  O  2.746  18.217  -6.22  121.79
460  35  HSE  CB  5.637  18.254  -4.726  7.17
461  35  HSE  CG  5.952  18.802  -6.078  7.68
462  35  HSE  ND1  6.411  18.017  -7.112  5.23
463  35  HSE  CD2  5.861  20.061  -6.572  1.75
464  35  HSE  CE1  6.589  18.765  -8.185  1.97
465  35  HSE  NE2  6.262  20.008  -7.885  1.66
466  36  ASN  N  3.087  16.391  -4.956  1.66
467  36  ASN  CA  2.24  15.524  -5.767  1.47
468  36  ASN  C  0.748  15.768  -5.541  1.47
469  36  ASN  O  -0.064  15.518  -6.435  2.78
470  36  ASN  CB  2.548  14.058  -5.462  8.56
471  36  ASN  CG  3.71  13.521  -6.273  5.85
472  36  ASN  OD1  4.171  12.407  -6.037  3.06
473  36  ASN  ND2  4.187  14.306  -7.232  2.64
474  36  ASN  H  3.449  15.999  -4.281  7.91
475  36  ASN  HA  2.439  15.734  -6.693  4.4
476  36  ASN  HB2  2.747  13.963  -4.517  3.03
477  36  ASN  HB3  1.759  13.522  -5.641  2.95
478  36  ASN  HD21  4.845  14.04  -7.718  7.75
479  36  ASN  HD22  3.838  15.08  -7.367  6.96
480  37  GLN  N  0.387  16.248  -4.35  8.2
481  37  GLN  CA  -1.019  16.495  -4.022  4.94
482  37  GLN  C  -1.52  17.911  -4.302  2.53
483  37  GLN  O  -2.657  18.084  -4.729  2.61
484  37  GLN  CB  -1.287  16.134  -2.558  3.02
485  37  GLN  CG  -1.317  14.631  -2.307  8.14
486  37  GLN  CD  -1.395  14.27  -0.841  4.89
487  37  GLN  OE1  -2.215  14.816  -0.098  9.13
488  37  GLN  NE2  -0.537  13.346  -0.415  4.52
489  37  GLN  H  0.94  16.437  -3.719  7.97
490  37  GLN  HA  -1.52  15.922  -4.624  4.32
491  37  GLN  HB2  -0.602  16.536  -2.001  2.19
492  37  GLN  HB3  -2.135  16.519  -2.286  1.99
493  37  GLN  HG2  -2.079  14.248  -2.769  2.65
494  37  GLN  HG3  -0.522  14.23  -2.69  2.49
495  37  GLN  HE21  0.019  12.989  -0.965  7.39
496  37  GLN  HE22  -0.539  13.106  0.411  6.93
497  38  ALA  N  -0.685  18.919  -4.056  0.64
498  38  ALA  CA  -1.075  20.31  -4.302  0.82
499  38  ALA  C  -0.856  20.654  -5.778  7.92
500  38  ALA  O  0.143  21.274  -6.149  3.03
501  38  ALA  CB  -0.258  21.245  -3.407  1.3
502  38  ALA  H  0.111  18.821  -3.747  7.99
503  38  ALA  HA  -2.015  20.423  -4.091  4.65
504  38  ALA  HB1  -0.52  22.164  -3.574  2.62
505  38  ALA  HB2  -0.421  21.027  -2.476  2.79
506  38  ALA  HB3  0.686  21.138  -3.603  6.83
507  39  ARG  N  -1.809  20.258  -6.616  7.54
508  39  ARG  CA  -1.696  20.478  -8.052  120.55
509  39  ARG  C  -2.447  21.67  -8.639  60.26
510  39  ARG  O  -1.887  22.406  -9.439  7.97
511  39  ARG  CB  -2.09  19.197  -8.793  4
512  39  ARG  CG  -1.2  18.013  -8.447  4.28
513  39  ARG  CD  -1.35  16.87  -9.442  5.37
514  39  ARG  NE  -0.3  15.862  -9.289  2.3
515  39  ARG  CZ  0.935  15.985  -9.771  3.17
516  39  ARG  NH1  1.287  17.079  -10.444  7.9
517  39  ARG  NH2  1.819  15.012  -9.581  120.04
518  39  ARG  H  -2.531  19.859  -6.371  8.3
519  39  ARG  HA  -0.764  20.711  -8.184  4.4
520  39  ARG  HB2  -3.01  18.976  -8.581  1.88
521  39  ARG  HB3  -2.05  19.357  -9.749  1.81
522  39  ARG  HG2  -0.274  18.302  -8.426  1.6
523  39  ARG  HG3  -1.419  17.695  -7.557  1.53
524  39  ARG  HD2  -2.217  16.452  -9.323  3.2
525  39  ARG  HD3  -1.327  17.224  -10.345  3.2
526  39  ARG  HE  -0.494  15.143  -8.859  7.08
527  39  ARG  HH11  0.716  17.71  -10.569  130.04
528  39  ARG  HH12  2.086  17.155  -10.754  7.83
529  39  ARG  HH21  1.593  14.304  -9.147  5.03
530  39  ARG  HH22  2.617  15.09  -9.892  2.65
531  40  SER  N  -3.704  21.867  -8.264  3.06
532  40  SER  CA  -4.455  22.997  -8.804  6.95
533  40  SER  C  -3.962  24.293  -8.167  125.74
534  40  SER  O  -3.366  24.272  -7.088  6.58
535  40  SER  CB  -5.954  22.817  -8.554  6.58
536  40  SER  OG  -6.244  22.807  -7.169  10.06
537  40  SER  H  -4.135  21.371  -7.71  8.8
538  40  SER  HA  -4.312  23.039  -9.762  4.56
539  40  SER  HB2  -6.445  23.534  -8.985  4.32
540  40  SER  HB3  -6.254  21.987  -8.956  4.08
541  40  SER  HG  -6.641  23.517  -6.961  2.74
542  41  GLN  N  -4.203  25.421  -8.829  115.16
543  41  GLN  CA  -3.755  26.713  -8.314  59.76
544  41  GLN  C  -4.221  26.966  -6.894  8.71
545  41  GLN  O  -3.462  27.451  -6.057  4.55
546  41  GLN  CB  -4.25  27.854  -9.202  1.86
547  41  GLN  CG  -3.597  29.201  -8.898  1.83
548  41  GLN  CD  -4.394  30.025  -7.899  1.72
549  41  GLN  OE1  -5.624  29.947  -7.851  1.72
550  41  GLN  NE2  -3.694  30.821  -7.092  3.28
551  41  GLN  H  -4.624  25.461  -9.578  9.15
552  41  GLN  HA  -2.785  26.683  -8.317  3.88
553  41  GLN  HB2  -4.084  27.626  -10.13  2.31
554  41  GLN  HB3  -5.211  27.939  -9.099  2.19
555  41  GLN  HG2  -2.704  29.052  -8.55  2.53
556  41  GLN  HG3  -3.5  29.703  -9.722  2.33
557  41  GLN  HE21  -2.837  30.85  -7.154  7.77
558  41  GLN  HE22  -4.099  31.306  -6.509  6.87
559  42  SER  N  -5.476  26.636  -6.623  2.81
560  42  SER  CA  -6.034  26.854  -5.298  2.92
561  42  SER  C  -5.286  26.076  -4.222  8.94
562  42  SER  O  -5.029  26.598  -3.138  4.05
563  42  SER  CB  -7.511  26.465  -5.285  3.66
564  42  SER  OG  -7.724  25.289  -6.042  112.04
565  42  SER  H  -6.019  26.286  -7.19  8.56
566  42  SER  HA  -5.939  27.798  -5.095  4.2
567  42  SER  HB2  -7.806  26.325  -4.371  3.92
568  42  SER  HB3  -8.044  27.19  -5.647  3.88
569  42  SER  HG  -7.902  25.495  -6.836  5.57
570  43  ASP  N  -4.937  24.83  -4.531  2.04
571  43  ASP  CA  -4.221  23.973  -3.591  7.08
572  43  ASP  C  -2.782  24.436  -3.385  4.69
573  43  ASP  O  -2.244  24.349  -2.281  2.06
574  43  ASP  CB  -4.245  22.519  -4.079  1.94
575  43  ASP  CG  -5.49  21.771  -3.615  2.65
576  43  ASP  OD1  -6.127  22.216  -2.634  122.79
577  43  ASP  OD2  -5.832  20.744  -4.232  65.4
578  43  ASP  H  -5.108  24.459  -5.288  7.87
579  43  ASP  HA  -4.673  24.032  -2.735  4.54
580  43  ASP  HB2  -4.205  22.505  -5.048  2.88
581  43  ASP  HB3  -3.455  22.059  -3.755  2.43
582  44  ARG  N  -2.155  24.924  -4.447  17.73
583  44  ARG  CA  -0.787  25.41  -4.339  176.05
584  44  ARG  C  -0.805  26.66  -3.462  7.44
585  44  ARG  O  0.028  26.821  -2.57  3.46
586  44  ARG  CB  -0.224  25.76  -5.722  1.92
587  44  ARG  CG  -0.381  24.665  -6.765  4.12
588  44  ARG  CD  0.792  24.633  -7.732  2.24
589  44  ARG  NE  0.808  25.782  -8.635  1.75
590  44  ARG  CZ  -0.154  26.075  -9.505  2.24
591  44  ARG  NH1  -1.228  25.31  -9.601  1.78
592  44  ARG  NH2  -0.04  27.138  -10.29  3.69
593  44  ARG  H  -2.5  24.982  -5.233  8.68
594  44  ARG  HA  -0.223  24.722  -3.952  4
595  44  ARG  HB2  -0.664  26.562  -6.044  2.1
596  44  ARG  HB3  0.718  25.971  -5.631  1.7
597  44  ARG  HG2  -0.459  23.805  -6.322  1.98
598  44  ARG  HG3  -1.204  24.805  -7.259  1.7
599  44  ARG  HD2  1.621  24.61  -7.229  3.48
600  44  ARG  HD3  0.754  23.816  -8.254  3.18
601  44  ARG  HE  1.489  26.306  -8.601  8.45
602  44  ARG  HH11  -1.308  24.617  -9.098  6.93
603  44  ARG  HH12  -1.846  25.506  -10.166  6.91
604  44  ARG  HH21  0.657  27.639  -10.237  6.93
605  44  ARG  HH22  -0.663  27.326  -10.852  118.06
606  45  GLN  N  -1.768  27.538  -3.722  54.94
607  45  GLN  CA  -1.886  28.773  -2.963  4.89
608  45  GLN  C  -2.242  28.469  -1.521  7.98
609  45  GLN  O  -1.72  29.091  -0.6  4.88
610  45  GLN  CB  -2.952  29.68  -3.573  2.29
611  45  GLN  CG  -3.159  30.968  -2.792  2.78
612  45  GLN  CD  -3.889  32.034  -3.589  7.11
613  45  GLN  OE1  -4.258  31.82  -4.746  9.75
614  45  GLN  NE2  -4.1  33.195  -2.971  7.8
615  45  GLN  H  -2.363  27.436  -4.335  8.24
616  45  GLN  HA  -1.031  29.23  -2.993  3.78
617  45  GLN  HB2  -2.701  29.898  -4.484  2.14
618  45  GLN  HB3  -3.792  29.197  -3.618  2.04
619  45  GLN  HG2  -3.661  30.774  -1.985  2.6
620  45  GLN  HG3  -2.297  31.314  -2.513  2.6
621  45  GLN  HE21  -3.828  33.308  -2.163  7.58
622  45  GLN  HE22  -4.508  33.832  -3.38  6.66
623  46  SER  N  -3.142  27.51  -1.339  4.36
624  46  SER  CA  -3.587  27.094  -0.016  8.64
625  46  SER  C  -2.405  26.504  0.752  5.96
626  46  SER  O  -2.14  26.867  1.9  2.98
627  46  SER  CB  -4.702  26.047  -0.156  2.64
628  46  SER  OG  -5.266  25.73  1.1  124.59
629  46  SER  H  -3.514  27.08  -1.984  8.14
630  46  SER  HA  -3.932  27.859  0.47  4.34
631  46  SER  HB2  -5.393  26.384  -0.748  4.12
632  46  SER  HB3  -4.345  25.243  -0.565  4.01
633  46  SER  HG  -6.103  25.784  1.053  115.76
634  47  ALA  N  -1.688  25.597  0.104  65.23
635  47  ALA  CA  -0.534  24.949  0.72  2.54
636  47  ALA  C  0.55  25.969  1.054  2.38
637  47  ALA  O  1.243  25.853  2.064  38.32
638  47  ALA  CB  0.024  23.884  -0.219  28.62
639  47  ALA  H  -1.853  25.339  -0.7  8.7
640  47  ALA  HA  -0.823  24.531  1.546  3.75
641  47  ALA  HB1  0.79  23.457  0.195  2.58
642  47  ALA  HB2  -0.659  23.219  -0.397  3.18
643  47  ALA  HB3  0.297  24.298  -1.053  7.29
644  48  CYS  N  0.7  26.963  0.189  6.96
645  48  CYS  CA  1.697  27.996  0.39  7.28
646  48  CYS  C  1.366  28.788  1.654  7.14
647  48  CYS  O  2.219  28.968  2.527  7.43
648  48  CYS  CB  1.735  28.913  -0.843  119.04
649  48  CYS  SG  2.912  30.301  -0.76  3.4
650  48  CYS  H  0.229  27.055  -0.525  7.97
651  48  CYS  HA  2.573  27.595  0.503  3.58
652  48  CYS  HB2  1.951  28.374  -1.62  3.28
653  48  CYS  HB3  0.846  29.273  -0.985  2.08
654  49  ASN  N  0.118  29.241  1.76  2.5
655  49  ASN  CA  -0.32  30.013  2.916  31.7
656  49  ASN  C  -0.142  29.215  4.201  35.41
657  49  ASN  O  0.224  29.773  5.234  27.03
658  49  ASN  CB  -1.789  30.423  2.767  9.19
659  49  ASN  CG  -1.967  31.642  1.882  4.76
660  49  ASN  OD1  -2.984  31.789  1.208  7.93
661  49  ASN  ND2  -0.978  32.519  1.877  4.78
662  49  ASN  H  -0.492  29.11  1.168  8.26
663  49  ASN  HA  0.229  30.811  2.963  4.5
664  49  ASN  HB2  -2.292  29.682  2.396  2.91
665  49  ASN  HB3  -2.161  30.607  3.644  2.77
666  49  ASN  HD21  -1.032  33.225  1.389  7.31
667  49  ASN  HD22  -0.281  32.383  2.362  7.15
668  50  CYS  N  -0.415  27.915  4.129  54.05
669  50  CYS  CA  -0.28  27.014  5.274  4.42
670  50  CYS  C  1.174  26.93  5.75  2.83
671  50  CYS  O  1.474  27.146  6.924  2.58
672  50  CYS  CB  -0.752  25.607  4.89  8.23
673  50  CYS  SG  -0.855  24.438  6.279  4.44
674  50  CYS  H  -0.686  27.527  3.411  8.66
675  50  CYS  HA  -0.826  27.369  5.993  4.6
676  50  CYS  HB2  -1.626  25.674  4.474  3.22
677  50  CYS  HB3  -0.147  25.246  4.223  3.08
678  51  LEU  N  2.065  26.606  4.822  1.97
679  51  LEU  CA  3.483  26.461  5.115  1.92
680  51  LEU  C  4.1  27.74  5.659  1.92
681  51  LEU  O  4.98  27.699  6.522  3.87
682  51  LEU  CB  4.225  26.031  3.852  4.05
683  51  LEU  CG  4.017  24.58  3.407  115.84
684  51  LEU  CD1  4.522  24.398  1.982  3.82
685  51  LEU  CD2  4.757  23.634  4.359  1.64
686  51  LEU  H  1.862  26.463  3.999  8.38
687  51  LEU  HA  3.568  25.784  5.804  4.03
688  51  LEU  HB2  3.955  26.614  3.126  2.12
689  51  LEU  HB3  5.174  26.174  3.992  1.5
690  51  LEU  HG  3.07  24.37  3.431  1.9
691  51  LEU  HD11  4.388  23.478  1.706  8.65
692  51  LEU  HD12  4.033  24.988  1.387  4.94
693  51  LEU  HD13  5.467  24.612  1.944  2.8
694  51  LEU  HD21  4.622  22.717  4.073  2.8
695  51  LEU  HD22  5.705  23.84  4.348  6.93
696  51  LEU  HD23  4.413  23.746  5.259  7.49
697  52  LYS  N  3.647  28.881  5.151  112.44
698  52  LYS  CA  4.178  30.154  5.615  53.57
699  52  LYS  C  3.722  30.404  7.04  8.1
700  52  LYS  O  4.458  30.963  7.84  29.45
701  52  LYS  CB  3.716  31.309  4.726  33.37
702  52  LYS  CG  4.327  32.65  5.13  3.57
703  52  LYS  CD  3.754  33.798  4.324  7.86
704  52  LYS  CE  4.144  33.721  2.851  8.08
705  52  LYS  NZ  3.593  34.894  2.105  4.54
706  52  LYS  H  3.04  28.939  4.544  8.37
707  52  LYS  HA  5.146  30.109  5.576  4.28
708  52  LYS  HB2  3.951  31.116  3.805  2.06
709  52  LYS  HB3  2.749  31.374  4.765  1.99
710  52  LYS  HG2  4.167  32.807  6.074  1.91
711  52  LYS  HG3  5.289  32.617  5.007  1.63
712  52  LYS  HD2  2.787  33.794  4.401  1.89
713  52  LYS  HD3  4.065  34.638  4.695  1.89
714  52  LYS  HE2  5.11  33.701  2.767  3.15
715  52  LYS  HE3  3.808  32.897  2.464  3.12
716  52  LYS  HZ1  3.932  34.909  1.282  27.03
717  52  LYS  HZ2  2.707  34.827  2.059  4.67
718  52  LYS  HZ3  3.812  35.645  2.529  8.51
719  53  GLY  N  2.504  29.977  7.349  8.11
720  53  GLY  CA  1.974  30.158  8.685  4.28
721  53  GLY  C  2.635  29.219  9.669  1.83
722  53  GLY  O  2.847  29.565  10.833  1.39
723  53  GLY  H  1.973  29.582  6.8  7.86
724  53  GLY  HA2  2.111  31.076  8.968  3.97
725  53  GLY  HA3  1.017  30.003  8.679  3.83
726  54  ILE  N  2.961  28.02  9.201  5.8
727  54  ILE  CA  3.607  27.015  10.039  5.8
728  54  ILE  C  5.059  27.408  10.306  6.6
729  54  ILE  O  5.562  27.249  11.419  6.6
730  54  ILE  CB  3.582  25.628  9.351  123.54
731  54  ILE  CG1  2.134  25.142  9.2  119.43
732  54  ILE  CG2  4.406  24.628  10.152  57.28
733  54  ILE  CD  2.001  23.778  8.528  33.52
734  54  ILE  H  2.815  27.766  8.392  7.77
735  54  ILE  HA  3.119  26.965  10.876  3.74
736  54  ILE  HB  3.974  25.706  8.467  1.94
737  54  ILE  HG21  4.383  23.764  9.712  8.42
738  54  ILE  HG22  5.324  24.937  10.209  8.38
739  54  ILE  HG23  4.037  24.546  11.045  4.69
740  55  ALA  N  5.723  27.926  9.276  2.56
741  55  ALA  CA  7.116  28.339  9.382  2.68
742  55  ALA  C  7.289  29.471  10.381  121.04
743  55  ALA  O  8.255  29.48  11.151  116.7
744  55  ALA  CB  7.64  28.771  8.02  59.27
745  55  ALA  H  5.378  28.047  8.498  8.14
746  55  ALA  HA  7.625  27.577  9.699  3.69
747  55  ALA  HB1  8.567  29.044  8.101  32.43
748  55  ALA  HB2  7.575  28.03  7.398  24.66
749  55  ALA  HB3  7.112  29.515  7.691  8.06
750  56  ARG  N  6.35  30.417  10.37  4.37
751  56  ARG  CA  6.397  31.566  11.266  2.02
752  56  ARG  C  6.206  31.202  12.731  7.16
753  56  ARG  O  6.421  32.035  13.61  3.92
754  56  ARG  CB  5.34  32.595  10.868  1.76
755  56  ARG  CG  5.721  33.455  9.671  1.76
756  56  ARG  CD  6.892  34.382  9.984  1.24
757  56  ARG  NE  7.218  35.261  8.861  1.45
758  56  ARG  CZ  8.155  36.206  8.892  1.59
759  56  ARG  NH1  8.872  36.407  9.989  40.26
760  56  ARG  NH2  8.374  36.956  7.82  2.82
761  56  ARG  H  5.67  30.409  9.843  7.74
762  56  ARG  HA  7.288  31.937  11.174  3.97
763  56  ARG  HB2  4.511  32.131  10.669  1.96
764  56  ARG  HB3  5.166  33.174  11.626  1.96
765  56  ARG  HG2  5.953  32.883  8.923  1.95
766  56  ARG  HG3  4.955  33.983  9.396  1.75
767  56  ARG  HD2  6.677  34.92  10.762  3.29
768  56  ARG  HD3  7.671  33.851  10.213  3.25
769  56  ARG  HE  6.774  35.16  8.131  7.33
770  56  ARG  HH11  8.733  35.925  10.688  3.85
771  56  ARG  HH12  9.476  37.019  10.002  3.65
772  56  ARG  HH21  7.911  36.831  7.106  41.47
773  56  ARG  HH22  8.979  37.567  7.839  7.68
774  57  GLY  N  5.796  29.969  13.001  7.95
775  57  GLY  CA  5.596  29.559  14.376  3.73
776  57  GLY  C  6.741  28.719  14.904  0.69
777  57  GLY  O  6.712  28.26  16.045  1.07
778  57  GLY  H  5.631  29.366  12.411  7.53
779  57  GLY  HA2  5.493  30.346  14.933  4.29
780  57  GLY  HA3  4.771  29.054  14.443  3.8
781  58  ILE  N  7.763  28.518  14.081  1.18
782  58  ILE  CA  8.898  27.711  14.494  2.03
783  58  ILE  C  9.987  28.564  15.127  2.03
784  58  ILE  O  10.507  29.495  14.502  3.65
785  58  ILE  CB  9.489  26.938  13.295  3.8
786  58  ILE  CG1  8.525  25.823  12.877  119.69
787  58  ILE  CG2  10.839  26.347  13.659  114.62
788  58  ILE  CD  8.666  25.413  11.426  58.27
789  58  ILE  H  7.817  28.838  13.285  7.25
790  58  ILE  HA  8.573  27.08  15.155  4.17
791  58  ILE  HB  9.611  27.552  12.554  1.95
792  58  ILE  HG21  11.197  25.865  12.897  3.31
793  58  ILE  HG22  11.449  27.06  13.906  3.13
794  58  ILE  HG23  10.735  25.738  14.407  7.93
795  59  HSE  N  10.319  28.248  16.376  8.47
796  59  HSE  CA  11.353  28.98  17.083  4.27
797  59  HSE  C  12.712  28.628  16.505  2.04
798  59  HSE  O  12.989  27.471  16.202  1.93
799  59  HSE  CB  11.334  28.647  18.573  2.3
800  59  HSE  CG  12.108  29.614  19.411  2.3
801  59  HSE  ND1  11.789  30.953  19.492  120.79
802  59  HSE  CD2  13.197  29.439  20.198  3.9
803  59  HSE  CE1  12.648  31.561  20.292  6.48
804  59  HSE  NE2  13.512  30.662  20.732  6.48
805  60  ASN  N  13.553  29.639  16.341  6.19
806  60  ASN  CA  14.887  29.438  15.804  6.19
807  60  ASN  C  14.864  28.803  14.423  8.45
808  60  ASN  O  15.661  27.913  14.126  112.19
809  60  ASN  CB  15.703  28.569  16.759  55.16
810  60  ASN  CG  16.366  29.375  17.843  8.43
811  60  ASN  OD1  16.406  28.962  19.001  4.24
812  60  ASN  ND2  16.888  30.543  17.475  2.05
813  60  ASN  H  13.367  30.456  16.537  8.65
814  60  ASN  HA  15.299  30.312  15.715  4.51
815  60  ASN  HB2  15.123  27.904  17.162  2.88
816  60  ASN  HB3  16.38  28.088  16.257  2.81
817  60  ASN  HD21  17.274  31.044  18.058  7.52
818  60  ASN  HD22  16.839  30.796  16.655  6.82
819  61  LEU  N  13.946  29.254  13.579  3.72
820  61  LEU  CA  13.862  28.721  12.23  6.97
821  61  LEU  C  15.09  29.175  11.467  7.58
822  61  LEU  O  15.513  30.319  11.595  8.4
823  61  LEU  CB  12.621  29.245  11.511  60.41
824  61  LEU  CG  12.635  29.086  9.985  2.75
825  61  LEU  CD1  12.125  27.702  9.629  8.43
826  61  LEU  CD2  11.782  30.152  9.326  4.31
827  61  LEU  H  13.368  29.863  13.766  7.61
828  61  LEU  HA  13.809  27.753  12.274  3.87
829  61  LEU  HB2  11.843  28.785  11.863  1.76
830  61  LEU  HB3  12.515  30.186  11.723  1.48
831  61  LEU  HG  13.543  29.191  9.66  1.42
832  61  LEU  HD11  12.131  27.593  8.665  1.85
833  61  LEU  HD12  12.698  27.032  10.033  2.01
834  61  LEU  HD13  11.22  27.595  9.961  3.55
835  61  LEU  HD21  11.804  30.035  8.363  3.87
836  61  LEU  HD22  10.868  30.075  9.64  119.71
837  61  LEU  HD23  12.128  31.029  9.552  8.35
838  62  ASN  N  15.669  28.274  10.685  4.43
839  62  ASN  CA  16.828  28.613  9.88  3.8
840  62  ASN  C  16.31  28.699  8.454  3.8
841  62  ASN  O  16.112  27.679  7.798  5.75
842  62  ASN  CB  17.891  27.52  9.994  122.04
843  62  ASN  CG  19.216  27.929  9.375  7.81
844  62  ASN  OD1  19.256  28.472  8.268  3.76
845  62  ASN  ND2  20.309  27.672  10.09  3.79
846  62  ASN  H  15.404  27.459  10.607  9.04
847  62  ASN  HA  17.241  29.442  10.167  4.8
848  62  ASN  HB2  18.028  27.303  10.929  2.86
849  62  ASN  HB3  17.57  26.714  9.56  2.5
850  62  ASN  HD21  21.083  27.886  9.784  7.49
851  62  ASN  HD22  20.241  27.292  10.858  6.87
852  63  GLU  N  16.08  29.914  7.974  4.2
853  63  GLU  CA  15.553  30.092  6.631  2.06
854  63  GLU  C  16.483  29.568  5.546  1.85
855  63  GLU  O  16.027  29.118  4.497  2.33
856  63  GLU  CB  15.229  31.569  6.375  2.33
857  63  GLU  CG  14.505  31.805  5.056  123.74
858  63  GLU  CD  13.92  33.194  4.945  130.75
859  63  GLU  OE1  14.092  33.999  5.886  9.21
860  63  GLU  OE2  13.285  33.479  3.912  39.31
861  63  GLU  H  16.221  30.643  8.407  8.67
862  63  GLU  HA  14.741  29.563  6.584  3.98
863  63  GLU  HB2  14.682  31.905  7.102  2.1
864  63  GLU  HB3  16.053  32.081  6.381  1.99
865  63  GLU  HG2  15.123  31.66  4.323  2.38
866  63  GLU  HG3  13.794  31.151  4.961  2.31
867  64  ASP  N  17.786  29.628  5.789  3.02
868  64  ASP  CA  18.745  29.143  4.805  8.13
869  64  ASP  C  18.579  27.637  4.611  7.68
870  64  ASP  O  18.66  27.129  3.492  4.44
871  64  ASP  CB  20.178  29.45  5.254  3.16
872  64  ASP  CG  21.23  28.867  4.309  2.93
873  64  ASP  OD1  21.382  29.404  3.187  7.22
874  64  ASP  OD2  21.902  27.879  4.691  7.22
875  64  ASP  H  18.134  29.943  6.51  8.08
876  64  ASP  HA  18.577  29.596  3.964  4.4
877  64  ASP  HB2  20.296  30.411  5.31  2.81
878  64  ASP  HB3  20.317  29.094  6.146  2.69
879  65  ASN  N  18.344  26.928  5.709  27.87
880  65  ASN  CA  18.169  25.484  5.663  117.82
881  65  ASN  C  16.833  25.128  5.038  52.62
882  65  ASN  O  16.741  24.199  4.238  8.45
883  65  ASN  CB  18.246  24.9  7.073  8.34
884  65  ASN  CG  19.645  24.448  7.436  8.46
885  65  ASN  OD1  20.587  24.621  6.664  4.85
886  65  ASN  ND2  19.787  23.861  8.611  1.62
887  65  ASN  H  18.282  27.268  6.496  8.22
888  65  ASN  HA  18.88  25.108  5.12  4.16
889  65  ASN  HB2  17.948  25.566  7.713  2.43
890  65  ASN  HB3  17.638  24.148  7.142  1.07
891  65  ASN  HD21  20.561  23.583  8.862  6.97
892  65  ASN  HD22  19.105  23.757  9.125  6.83
893  66  ALA  N  15.801  25.877  5.407  56.78
894  66  ALA  CA  14.463  25.646  4.89  2.7
895  66  ALA  C  14.426  25.863  3.388  4.32
896  66  ALA  O  13.774  25.116  2.659  30.44
897  66  ALA  CB  13.469  26.578  5.579  8.42
898  66  ALA  H  15.858  26.531  5.962  8.32
899  66  ALA  HA  14.215  24.726  5.074  3.88
900  66  ALA  HB1  12.579  26.418  5.229  2.57
901  66  ALA  HB2  13.475  26.409  6.534  2.8
902  66  ALA  HB3  13.721  27.5  5.412  172.67
903  67  ARG  N  15.137  26.885  2.931  131.38
904  67  ARG  CA  15.185  27.229  1.515  60.14
905  67  ARG  C  15.839  26.145  0.657  54.52
906  67  ARG  O  15.442  25.921  -0.49  21.23
907  67  ARG  CB  15.936  28.555  1.338  39.91
908  67  ARG  CG  15.875  29.116  -0.064  29.65
909  67  ARG  CD  16.333  30.572  -0.112  18.95
910  67  ARG  NE  16.729  31.084  1.198  2.27
911  67  ARG  CZ  16.221  32.177  1.766  9.4
912  67  ARG  NH1  15.288  32.886  1.141  4.63
913  67  ARG  NH2  16.652  32.567  2.96  1.69
914  67  ARG  H  15.607  27.401  3.434  8.75
915  67  ARG  HA  14.268  27.312  1.209  4.1
916  67  ARG  HB2  15.569  29.208  1.954  2.07
917  67  ARG  HB3  16.865  28.425  1.584  1.98
918  67  ARG  HG2  16.433  28.582  -0.651  1.9
919  67  ARG  HG3  14.967  29.051  -0.399  1.76
920  67  ARG  HD2  17.08  30.652  -0.725  3.25
921  67  ARG  HD3  15.616  31.121  -0.466  3.25
922  67  ARG  HE  17.331  30.65  1.632  7.45
923  67  ARG  HH11  15.009  32.64  0.366  8.76
924  67  ARG  HH12  14.963  33.591  1.512  8.76
925  67  ARG  HH21  17.259  32.114  3.367  5.02
926  67  ARG  HH22  16.324  33.273  3.326  35.91
927  68  SER  N  16.837  25.47  1.215  20.84
928  68  SER  CA  17.554  24.427  0.492  21.95
929  68  SER  C  16.878  23.054  0.484  8.61
930  68  SER  O  17.403  22.108  -0.113  5.25
931  68  SER  CB  18.966  24.287  1.059  1.71
932  68  SER  OG  18.958  23.485  2.227  3.68
933  68  SER  H  17.116  25.602  2.018  7.72
934  68  SER  HA  17.564  24.72  -0.433  4.53
935  68  SER  HB2  19.549  23.891  0.393  4.38
936  68  SER  HB3  19.325  25.164  1.265  4.1
937  68  SER  HG  18.325  23.722  2.726  172.85
938  69  ILE  N  15.722  22.935  1.128  111.65
939  69  ILE  CA  15.028  21.651  1.172  46.84
940  69  ILE  C  14.619  21.168  -0.213  121.9
941  69  ILE  O  14.921  20.042  -0.578  8.09
942  69  ILE  CB  13.779  21.703  2.093  9.78
943  69  ILE  CG1  14.203  21.456  3.543  4.48
944  69  ILE  CG2  12.762  20.652  1.67  4.75
945  69  ILE  CD  13.194  21.908  4.555  115.26
946  69  ILE  H  15.326  23.576  1.542  7.43
947  69  ILE  HA  15.664  21.018  1.54  3.82
948  69  ILE  HB  13.37  22.579  2.018  2.16
949  69  ILE  HG21  11.989  20.697  2.254  33.44
950  69  ILE  HG22  12.486  20.818  0.755  117.68
951  69  ILE  HG23  13.163  19.771  1.731  54.05
952  70  PRO  N  13.917  22.005  -0.998  177.45
953  70  PRO  CA  13.534  21.524  -2.328  113.11
954  70  PRO  C  14.716  21.033  -3.178  33.12
955  70  PRO  O  14.696  19.91  -3.681  4.67
956  70  PRO  CB  12.799  22.716  -2.946  8.22
957  70  PRO  CG  12.311  23.5  -1.771  4.95
958  70  PRO  CD  13.407  23.366  -0.748  1.57
959  70  PRO  HA  12.979  20.73  -2.278  4.36
960  70  PRO  HB2  13.39  23.246  -3.504  2.49
961  70  PRO  HB3  12.063  22.426  -3.508  2.36
962  70  PRO  HG2  12.158  24.429  -2.005  2.37
963  70  PRO  HG3  11.471  23.149  -1.437  1.76
964  70  PRO  HD2  14.097  24.037  -0.868  3.77
965  70  PRO  HD3  13.07  23.464  0.156  3.74
966  71  PRO  N  15.76  21.862  -3.35  7.83
967  71  PRO  CA  16.881  21.376  -4.162  4.51
968  71  PRO  C  17.594  20.152  -3.584  3.65
969  71  PRO  O  18.006  19.269  -4.33  116.81
970  71  PRO  CB  17.815  22.583  -4.262  54.1
971  71  PRO  CG  17.451  23.444  -3.109  1.6
972  71  PRO  CD  15.981  23.236  -2.871  55.99
973  71  PRO  HA  16.57  21.057  -5.024  4.45
974  71  PRO  HB2  18.745  22.312  -4.219  2.24
975  71  PRO  HB3  17.695  23.052  -5.103  2
976  71  PRO  HG2  17.966  23.204  -2.323  2.44
977  71  PRO  HG3  17.642  24.376  -3.3  2.17
978  71  PRO  HD2  15.752  23.331  -1.933  3.66
979  71  PRO  HD3  15.443  23.878  -3.361  3.63
980  72  LYS  N  17.735  20.089  -2.265  2.86
981  72  LYS  CA  18.419  18.955  -1.651  7.11
982  72  LYS  C  17.585  17.678  -1.69  7.86
983  72  LYS  O  18.127  16.571  -1.635  120.92
984  72  LYS  CB  18.808  19.289  -0.21  57.33
985  72  LYS  CG  20.082  20.122  -0.094  0.9
986  72  LYS  CD  20.521  20.258  1.352  120.67
987  72  LYS  CE  21.806  21.051  1.465  38.85
988  72  LYS  NZ  22.973  20.168  1.726  56.58
989  72  LYS  H  17.447  20.683  -1.714  8.27
990  72  LYS  HA  19.22  18.789  -2.173  4.17
991  72  LYS  HB2  18.078  19.77  0.21  1.99
992  72  LYS  HB3  18.926  18.463  0.284  1.67
993  72  LYS  HG2  20.79  19.708  -0.612  1.68
994  72  LYS  HG3  19.931  21.002  -0.473  1.53
995  72  LYS  HD2  19.823  20.695  1.864  1.68
996  72  LYS  HD3  20.647  19.377  1.738  1.68
997  72  LYS  HE2  21.953  21.549  0.646  3.12
998  72  LYS  HE3  21.724  21.701  2.181  3.06
999  72  LYS  HZ1  23.711  20.661  1.787  6.59
1000  72  LYS  HZ2  22.847  19.727  2.489  7.01
1001  72  LYS  HZ3  23.06  19.586  1.058  7.01
1002  73  CYS  N  16.268  17.832  -1.807  6.89
1003  73  CYS  CA  15.355  16.689  -1.855  109.52
1004  73  CYS  C  15.033  16.259  -3.277  43.7
1005  73  CYS  O  14.28  15.311  -3.482  176.58
1006  73  CYS  CB  14.043  17.017  -1.142  119.96
1007  73  CYS  SG  14.168  17.016  0.667  9.61
1008  73  CYS  H  15.879  18.597  -1.861  8.29
1009  73  CYS  HA  15.812  15.959  -1.408  4.87
1010  73  CYS  HB2  13.735  17.889  -1.435  2.95
1011  73  CYS  HB3  13.369  16.373  -1.411  2.85
1012  74  GLY  N  15.577  16.968  -4.257  62.13
1013  74  GLY  CA  15.318  16.611  -5.64  19.93
1014  74  GLY  C  14.007  17.112  -6.219  67.76
1015  74  GLY  O  13.582  16.636  -7.266  33.6
1016  74  GLY  H  16.091  17.648  -4.144  7.98
1017  74  GLY  HA2  16.044  16.952  -6.185  3.97
1018  74  GLY  HA3  15.337  15.644  -5.715  3.84
1019  75  VAL  N  13.356  18.056  -5.546  2.86
1020  75  VAL  CA  12.1  18.617  -6.044  4.35
1021  75  VAL  C  12.424  19.96  -6.696  120.9
1022  75  VAL  O  12.739  20.942  -6.021  60.26
1023  75  VAL  CB  11.062  18.818  -4.904  56.83
1024  75  VAL  CG1  11.749  19.288  -3.653  179.85
1025  75  VAL  CG2  9.989  19.814  -5.336  40.38
1026  75  VAL  H  13.623  18.387  -4.798  8.03
1027  75  VAL  HA  11.703  18.002  -6.681  4.22
1028  75  VAL  HB  10.633  17.968  -4.717  1.52
1029  75  VAL  HG11  11.093  19.41  -2.949  54.81
1030  75  VAL  HG12  12.402  18.627  -3.374  123.94
1031  75  VAL  HG13  12.197  20.131  -3.827  55.48
1032  75  VAL  HG21  9.348  19.931  -4.618  31.57
1033  75  VAL  HG22  10.403  20.667  -5.542  8.66
1034  75  VAL  HG23  9.533  19.478  -6.124  4.91
1035  76  ASN  N  12.347  19.994  -8.02  2.63
1036  76  ASN  CA  12.667  21.204  -8.757  2.79
1037  76  ASN  C  11.502  22.163  -8.881  6.75
1038  76  ASN  O  10.452  21.811  -9.405  6.75
1039  76  ASN  CB  13.175  20.851  -10.155  6.73
1040  76  ASN  CG  14.188  19.725  -10.138  6.73
1041  76  ASN  OD1  15.394  19.961  -10.046  3.11
1042  76  ASN  ND2  13.704  18.491  -10.224  118.68
1043  76  ASN  H  12.111  19.327  -8.509  8.55
1044  76  ASN  HA  13.356  21.655  -8.245  4.66
1045  76  ASN  HB2  12.424  20.598  -10.714  2.82
1046  76  ASN  HB3  13.576  21.637  -10.558  2.58
1047  76  ASN  HD21  14.239  17.818  -10.217  7.46
1048  76  ASN  HD22  12.856  18.365  -10.287  6.81
1049  77  LEU  N  11.694  23.378  -8.385  8.42
1050  77  LEU  CA  10.669  24.407  -8.467  5.11
1051  77  LEU  C  11.207  25.523  -9.36  2.15
1052  77  LEU  O  12.408  25.809  -9.362  3.01
1053  77  LEU  CB  10.334  24.954  -7.072  9.15
1054  77  LEU  CG  9.795  23.943  -6.054  8.64
1055  77  LEU  CD1  9.526  24.636  -4.723  7.72
1056  77  LEU  CD2  8.528  23.305  -6.586  118.66
1057  77  LEU  H  12.418  23.628  -7.994  7.27
1058  77  LEU  HA  9.852  24.037  -8.837  4.54
1059  77  LEU  HB2  11.135  25.358  -6.704  1.63
1060  77  LEU  HB3  9.679  25.662  -7.173  0.98
1061  77  LEU  HG  10.457  23.249  -5.911  0.79
1062  77  LEU  HD11  9.185  23.99  -4.085  70.7
1063  77  LEU  HD12  10.35  25.02  -4.385  2.63
1064  77  LEU  HD13  8.871  25.34  -4.851  22.77
1065  77  LEU  HD21  8.191  22.666  -5.939  8.8
1066  77  LEU  HD22  7.86  23.991  -6.741  5.11
1067  77  LEU  HD23  8.721  22.848  -7.42  3.42
1068  78  PRO  N  10.328  26.151  -10.155  32.97
1069  78  PRO  CA  10.747  27.236  -11.048  34.83
1070  78  PRO  C  11.032  28.553  -10.31  130.74
1071  78  PRO  O  11.035  29.622  -10.917  54.52
1072  78  PRO  CB  9.58  27.365  -12.022  118.45
1073  78  PRO  CG  8.4  26.901  -11.25  52.31
1074  78  PRO  CD  8.888  25.864  -10.268  33.12
1075  78  PRO  HA  11.589  27.039  -11.487  4.66
1076  78  PRO  HB2  9.469  28.281  -12.321  2.47
1077  78  PRO  HB3  9.719  26.823  -12.814  2.21
1078  78  PRO  HG2  7.982  27.643  -10.785  2.31
1079  78  PRO  HG3  7.731  26.524  -11.842  1.92
1080  78  PRO  HD2  8.439  25.944  -9.412  3.99
1081  78  PRO  HD3  8.727  24.963  -10.59  3.36
1082  79  TYR  N  11.267  28.472  -9.003  8.97
1083  79  TYR  CA  11.549  29.66  -8.199  5.78
1084  79  TYR  C  12.179  29.294  -6.86  3.04
1085  79  TYR  O  12.214  28.124  -6.478  3.62
1086  79  TYR  CB  10.259  30.449  -7.948  2.33
1087  79  TYR  CG  9.123  29.609  -7.409  6.86
1088  79  TYR  CD1  9.075  29.252  -6.061  8.47
1089  79  TYR  CD2  8.104  29.16  -8.248  9.2
1090  79  TYR  CE1  8.041  28.465  -5.558  120.72
1091  79  TYR  CE2  7.069  28.376  -7.759  56.29
1092  79  TYR  CZ  7.046  28.03  -6.412  1.79
1093  79  TYR  OH  6.04  27.228  -5.924  1.9
1094  79  TYR  H  11.268  27.735  -8.56  6.67
1095  79  TYR  HA  12.178  30.205  -8.697  4.69
1096  79  TYR  HB2  10.445  31.166  -7.322  3.16
1097  79  TYR  HB3  9.977  30.864  -8.778  3.14
1098  79  TYR  HD1  9.746  29.545  -5.487  6.72
1099  79  TYR  HD2  8.118  29.39  -9.149  6.72
1100  79  TYR  HE1  8.021  28.235  -4.657  6.6
1101  79  TYR  HE2  6.395  28.084  -8.329  6.6
1102  79  TYR  HH  5.506  27.039  -6.544  1.93
1103  80  THR  N  12.677  30.304  -6.155  2.25
1104  80  THR  CA  13.289  30.094  -4.85  2.25
1105  80  THR  C  12.229  30.362  -3.793  126.34
1106  80  THR  O  11.338  31.174  -4.01  64.73
1107  80  THR  CB  14.456  31.06  -4.62  9.37
1108  80  THR  OG1  15.412  30.924  -5.678  5.49
1109  80  THR  CG2  15.121  30.764  -3.296  68.71
1110  80  THR  H  12.67  31.123  -6.417  6.8
1111  80  THR  HA  13.628  29.187  -4.802  4.33
1112  80  THR  HB  14.115  31.968  -4.608  4.21
1113  80  THR  HG1  16.05  31.456  -5.55  4.12
1114  80  THR  HG21  15.858  31.38  -3.159  4.27
1115  80  THR  HG22  14.476  30.868  -2.579  2.53
1116  80  THR  HG23  15.457  29.854  -3.299  121.84
1117  81  ILE  N  12.31  29.686  -2.654  53.47
1118  81  ILE  CA  11.319  29.904  -1.608  42.72
1119  81  ILE  C  11.902  30.669  -0.435  122.12
1120  81  ILE  O  13.097  30.597  -0.161  58.79
1121  81  ILE  CB  10.709  28.571  -1.084  26.76
1122  81  ILE  CG1  11.748  27.795  -0.282  20.55
1123  81  ILE  CG2  10.171  27.742  -2.242  29.95
1124  81  ILE  CD  11.147  26.723  0.585  24.89
1125  81  ILE  H  12.918  29.107  -2.468  7.99
1126  81  ILE  HA  10.615  30.429  -2.019  3.8
1127  81  ILE  HB  9.966  28.775  -0.494  1.76
1128  81  ILE  HG21  9.795  26.916  -1.901  9.55
1129  81  ILE  HG22  9.482  28.243  -2.707  3.72
1130  81  ILE  HG23  10.893  27.538  -2.857  1.99
1131  82  SER  N  11.044  31.41  0.253  2.18
1132  82  SER  CA  11.465  32.192  1.403  1.74
1133  82  SER  C  10.243  32.5  2.242  1.45
1134  82  SER  O  9.126  32.185  1.849  1.16
1135  82  SER  CB  12.1  33.499  0.943  1.16
1136  82  SER  OG  11.118  34.312  0.336  2.98
1137  82  SER  H  10.207  31.473  0.067  6.93
1138  82  SER  HA  12.116  31.692  1.919  4.56
1139  82  SER  HB2  12.495  33.962  1.699  3.89
1140  82  SER  HB3  12.817  33.318  0.315  3.12
1141  82  SER  HG  11.217  35.107  0.588  114.9
1142  83  LEU  N  10.454  33.126  3.393  55.29
1143  83  LEU  CA  9.349  33.471  4.273  1.71
1144  83  LEU  C  8.425  34.517  3.654  41.21
1145  83  LEU  O  7.267  34.634  4.046  29.93
1146  83  LEU  CB  9.883  34.001  5.604  4.37
1147  83  LEU  CG  10.098  32.99  6.726  114.26
1148  83  LEU  CD1  10.49  33.724  8.001  57.03
1149  83  LEU  CD2  8.826  32.193  6.94  7.83
1150  83  LEU  H  11.23  33.359  3.682  9.1
1151  83  LEU  HA  8.835  32.661  4.416  4.42
1152  83  LEU  HB2  10.729  34.443  5.433  1.69
1153  83  LEU  HB3  9.268  34.679  5.925  1.61
1154  83  LEU  HG  10.812  32.378  6.486  1.61
1155  83  LEU  HD11  10.627  33.082  8.715  7.57
1156  83  LEU  HD12  11.31  34.219  7.85  7.15
1157  83  LEU  HD13  9.783  34.339  8.251  8.38
1158  83  LEU  HD21  8.963  31.55  7.653  4.68
1159  83  LEU  HD22  8.104  32.794  7.181  120.72
1160  83  LEU  HD23  8.596  31.724  6.123  58.27
1161  84  ASN  N  8.928  35.272  2.683  1.88
1162  84  ASN  CA  8.118  36.311  2.056  120.98
1163  84  ASN  C  7.614  35.983  0.643  41.87
1164  84  ASN  O  7.241  36.871  -0.125  3.21
1165  84  ASN  CB  8.896  37.637  2.064  3.21
1166  84  ASN  CG  10.139  37.599  1.184  8.92
1167  84  ASN  OD1  10.348  36.662  0.414  4.87
1168  84  ASN  ND2  10.97  38.63  1.297  3.46
1169  84  ASN  H  9.728  35.201  2.375  8.64
1170  84  ASN  HA  7.311  36.381  2.59  4.89
1171  84  ASN  HB2  8.313  38.351  1.762  2.89
1172  84  ASN  HB3  9.156  37.849  2.974  2.55
1173  84  ASN  HD21  11.686  38.659  0.821  7.52
1174  84  ASN  HD22  10.792  39.268  1.846  6.88
1175  85  ILE  N  7.591  34.7  0.311  6.8
1176  85  ILE  CA  7.121  34.243  -0.992  6.57
1177  85  ILE  C  5.674  34.694  -1.196  6.57
1178  85  ILE  O  4.88  34.658  -0.262  6.7
1179  85  ILE  CB  7.185  32.702  -1.067  128.3
1180  85  ILE  CG1  6.848  32.223  -2.478  62.25
1181  85  ILE  CG2  6.233  32.095  -0.034  103.75
1182  85  ILE  CD  7.088  30.735  -2.691  45.4
1183  85  ILE  H  7.847  34.067  0.834  7.33
1184  85  ILE  HA  7.687  34.622  -1.683  4.19
1185  85  ILE  HB  8.087  32.408  -0.863  1.84
1186  85  ILE  HG21  6.276  31.127  -0.084  2.13
1187  85  ILE  HG22  6.492  32.384  0.855  8.73
1188  85  ILE  HG23  5.327  32.388  -0.217  4.33
1189  86  ASP  N  5.327  35.123  -2.406  2.26
1190  86  ASP  CA  3.958  35.559  -2.69  1.34
1191  86  ASP  C  3.159  34.326  -3.099  1.58
1192  86  ASP  O  3.39  33.751  -4.166  53.6
1193  86  ASP  CB  3.96  36.601  -3.814  179.33
1194  86  ASP  CG  2.581  36.84  -4.405  63.38
1195  86  ASP  OD1  1.561  36.746  -3.681  117.89
1196  86  ASP  OD2  2.521  37.132  -5.616  124.65
1197  86  ASP  H  5.865  35.17  -3.075  8.4
1198  86  ASP  HA  3.559  35.972  -1.908  4.86
1199  86  ASP  HB2  4.309  37.439  -3.471  2.94
1200  86  ASP  HB3  4.562  36.31  -4.517  2.61
1201  87  CYS  N  2.218  33.924  -2.247  104.45
1202  87  CYS  CA  1.414  32.731  -2.49  40.88
1203  87  CYS  C  0.409  32.803  -3.617  4.46
1204  87  CYS  O  -0.123  31.776  -4.03  1.93
1205  87  CYS  CB  0.695  32.327  -1.208  1.76
1206  87  CYS  SG  1.85  31.815  0.096  3.52
1207  87  CYS  H  2.029  34.334  -1.515  8.67
1208  87  CYS  HA  2.06  32.068  -2.779  4.7
1209  87  CYS  HB2  0.161  33.072  -0.89  3.3
1210  87  CYS  HB3  0.082  31.6  -1.399  2.86
1211  88  SER  N  0.14  34.003  -4.118  5.96
1212  88  SER  CA  -0.826  34.161  -5.196  2.89
1213  88  SER  C  -0.217  33.907  -6.571  2.89
1214  88  SER  O  -0.916  33.987  -7.579  7.17
1215  88  SER  CB  -1.433  35.565  -5.152  7.17
1216  88  SER  OG  -0.514  36.521  -5.648  6.55
1217  88  SER  H  0.504  34.734  -3.849  8.59
1218  88  SER  HA  -1.517  33.494  -5.059  4.38
1219  88  SER  HB2  -2.247  35.588  -5.679  4.06
1220  88  SER  HB3  -1.679  35.788  -4.241  3.95
1221  88  SER  HG  0.061  36.69  -5.059  33.91
1222  89  ARG  N  1.079  33.594  -6.615  23.97
1223  89  ARG  CA  1.756  33.338  -7.885  42.87
1224  89  ARG  C  2.504  32.008  -7.918  55.48
1225  89  ARG  O  3.262  31.749  -8.856  4.36
1226  89  ARG  CB  2.748  34.464  -8.2  1.94
1227  89  ARG  CG  2.158  35.857  -8.204  30.74
1228  89  ARG  CD  1.241  36.077  -9.393  1.62
1229  89  ARG  NE  0.03  36.777  -8.98  1.69
1230  89  ARG  CZ  -0.771  37.442  -9.804  9.2
1231  89  ARG  NH1  -0.49  37.499  -11.099  5.12
1232  89  ARG  NH2  -1.846  38.06  -9.329  2.89
1233  89  ARG  H  1.582  33.525  -5.921  7.4
1234  89  ARG  HA  1.054  33.298  -8.553  4.64
1235  89  ARG  HB2  3.467  34.434  -7.549  2.17
1236  89  ARG  HB3  3.144  34.293  -9.069  1.66
1237  89  ARG  HG2  1.663  36.001  -7.382  1.55
1238  89  ARG  HG3  2.874  36.511  -8.222  1.55
1239  89  ARG  HD2  1.702  36.591  -10.074  3.21
1240  89  ARG  HD3  1.008  35.224  -9.791  3.18
1241  89  ARG  HE  -0.179  36.758  -8.146  7.13
1242  89  ARG  HH11  0.211  37.105  -11.405  8.24
1243  89  ARG  HH12  -1.009  37.93  -11.633  39.86
1244  89  ARG  HH21  -2.023  38.029  -8.488  55.11
1245  89  ARG  HH22  -2.365  38.491  -9.862  13.62
1246  90  VAL  N  2.31  31.174  -6.9  8.29
1247  90  VAL  CA  2.979  29.878  -6.854  33.6
1248  90  VAL  C  2.25  28.873  -7.756  2.13
1249  90  VAL  O  2.842  27.827  -8.111  1.78
1250  90  VAL  CB  3.027  29.33  -5.412  4.58
1251  90  VAL  CG1  3.994  30.157  -4.579  9.13
1252  90  VAL  CG2  1.63  29.347  -4.799  5.35
1253  90  VAL  H  1.798  31.339  -6.229  6.84
1254  90  VAL  HA  3.887  30.001  -7.171  4.3
1255  90  VAL  HB  3.341  28.412  -5.427  2.44
1256  90  VAL  HG11  4.021  29.809  -3.674  6.92
1257  90  VAL  HG12  4.881  30.109  -4.97  6.78
1258  90  VAL  HG13  3.698  31.081  -4.561  6.78
1259  90  VAL  HG21  1.669  29.001  -3.894  122.4
1260  90  VAL  HG22  1.295  30.257  -4.783  121.31
1261  90  VAL  HG23  1.036  28.794  -5.33  53.79
