1  1  LEU  N  3.221  14.539  -5.278  122.29
2  1  LEU  CA  3.115  13.271  -4.577  43.32
3  1  LEU  C  2.262  12.306  -5.403  176.71
4  1  LEU  O  1.041  12.446  -5.462  0
5  1  LEU  CB  2.596  13.487  -3.154  32.92
6  1  LEU  CG  3.566  14.161  -2.182  35.26
7  1  LEU  CD1  2.903  15.349  -1.482  4.13
8  1  LEU  CD2  4.132  13.15  -1.182  3.91
9  1  LEU  HA  4.01  12.904  -4.504  4.09
10  1  LEU  HB2  1.788  14.022  -3.201  1.48
11  1  LEU  HB3  2.344  12.625  -2.787  1.48
12  1  LEU  HG  4.315  14.509  -2.691  1.4
13  1  LEU  HD11  2.113  15.045  -1.007  1.85
14  1  LEU  HD12  3.528  15.743  -0.853  2.16
15  1  LEU  HD13  2.648  16.012  -2.143  2.16
16  1  LEU  HD21  4.594  12.445  -1.662  7.79
17  1  LEU  HD22  4.754  13.597  -0.586  4.76
18  1  LEU  HD23  3.407  12.767  -0.664  3.5
19  1  LEU  H  3.717  15.102  -4.8  8.53
20  1  LEU  H2  3.603  14.409  -6.071  5.6
21  1  LEU  H3  2.409  14.884  -5.393  3.59
22  2  LYS  N  2.938  11.349  -6.021  3.68
23  2  LYS  CA  2.258  10.361  -6.841  50.81
24  2  LYS  C  2.567  8.961  -6.308  4.43
25  2  LYS  O  3.731  8.579  -6.196  1.92
26  2  LYS  CB  2.616  10.551  -8.316  2.28
27  2  LYS  CG  4.029  10.042  -8.607  2
28  2  LYS  CD  4.508  10.509  -9.984  7.93
29  2  LYS  CE  5.904  9.966  -10.292  3.93
30  2  LYS  NZ  6.358  10.428  -11.622  1.71
31  2  LYS  H  3.792  11.257  -5.975  8.48
32  2  LYS  HA  1.305  10.519  -6.755  5.38
33  2  LYS  HB2  1.977  10.078  -8.872  1.39
34  2  LYS  HB3  2.552  11.49  -8.55  1.39
35  2  LYS  HG2  4.638  10.362  -7.924  1.25
36  2  LYS  HG3  4.042  9.073  -8.568  1.36
37  2  LYS  HD2  3.884  10.212  -10.665  1.43
38  2  LYS  HD3  4.52  11.478  -10.014  1.43
39  2  LYS  HE2  6.529  10.26  -9.61  2.81
40  2  LYS  HE3  5.892  8.996  -10.267  2.81
41  2  LYS  HZ1  6.385  11.318  -11.635  33.84
42  2  LYS  HZ2  7.171  10.105  -11.787  8.7
43  2  LYS  HZ3  5.792  10.14  -12.246  9.35
44  3  CYS  N  1.506  8.234  -5.993  3.71
45  3  CYS  CA  1.65  6.884  -5.475  2.85
46  3  CYS  C  0.809  5.944  -6.342  8.95
47  3  CYS  O  0.158  6.383  -7.288  121.59
48  3  CYS  CB  1.258  6.801  -3.998  8.32
49  3  CYS  SG  2.631  7.093  -2.823  8.15
50  3  CYS  H  0.695  8.507  -6.074  8.59
51  3  CYS  HA  2.592  6.661  -5.537  4.99
52  3  CYS  HB2  0.557  7.449  -3.825  2.28
53  3  CYS  HB3  0.882  5.923  -3.825  2.82
54  4  LYS  N  0.852  4.668  -5.988  2.37
55  4  LYS  CA  0.102  3.663  -6.721  6.68
56  4  LYS  C  -1.274  3.487  -6.077  7.61
57  4  LYS  O  -1.43  3.686  -4.873  2.64
58  4  LYS  CB  0.904  2.364  -6.821  8.14
59  4  LYS  CG  2.252  2.603  -7.506  4.39
60  4  LYS  CD  2.914  1.278  -7.89  119.06
61  4  LYS  CE  2.439  0.806  -9.265  30.35
62  4  LYS  NZ  3.213  1.469  -10.338  27.05
63  4  LYS  H  1.309  4.369  -5.324  9.38
64  4  LYS  HA  -0.022  3.994  -7.624  4.21
65  4  LYS  HB2  1.049  1.999  -5.934  1.34
66  4  LYS  HB3  0.397  1.704  -7.319  1.76
67  4  LYS  HG2  2.123  3.146  -8.3  1.04
68  4  LYS  HG3  2.836  3.101  -6.913  1.04
69  4  LYS  HD2  3.878  1.385  -7.896  1.49
70  4  LYS  HD3  2.708  0.604  -7.223  1.49
71  4  LYS  HE2  2.538  -0.156  -9.334  2.82
72  4  LYS  HE3  1.495  1.002  -9.372  2.82
73  4  LYS  HZ1  4.077  1.282  -10.239  1.86
74  4  LYS  HZ2  2.935  1.173  -11.13  1.68
75  4  LYS  HZ3  3.092  2.349  -10.291  3.14
76  5  LYS  N  -2.238  3.117  -6.907  8.19
77  5  LYS  CA  -3.597  2.913  -6.433  4.58
78  5  LYS  C  -3.773  1.451  -6.018  32.05
79  5  LYS  O  -2.799  0.703  -5.937  27.45
80  5  LYS  CB  -4.607  3.38  -7.483  62.18
81  5  LYS  CG  -4.474  4.883  -7.74  4.14
82  5  LYS  CD  -5.85  5.545  -7.842  8.3
83  5  LYS  CE  -6.218  6.248  -6.534  109.38
84  5  LYS  NZ  -7.532  6.917  -6.657  45.39
85  5  LYS  H  -2.123  2.98  -7.748  7.6
86  5  LYS  HA  -3.718  3.472  -5.649  4.24
87  5  LYS  HB2  -4.467  2.894  -8.311  1.61
88  5  LYS  HB3  -5.507  3.178  -7.183  2.14
89  5  LYS  HG2  -3.966  5.293  -7.023  1.31
90  5  LYS  HG3  -3.978  5.032  -8.56  1.25
91  5  LYS  HD2  -5.85  6.187  -8.569  1.62
92  5  LYS  HD3  -6.52  4.876  -8.053  1.62
93  5  LYS  HE2  -6.243  5.604  -5.809  2.93
94  5  LYS  HE3  -5.537  6.901  -6.309  2.93
95  5  LYS  HZ1  -7.498  7.518  -7.312  8.33
96  5  LYS  HZ2  -8.158  6.312  -6.842  4.17
97  5  LYS  HZ3  -7.731  7.324  -5.891  120.11
98  6  LEU  N  -5.022  1.087  -5.767  8.73
99  6  LEU  CA  -5.338  -0.273  -5.363  4.59
100  6  LEU  C  -4.677  -1.255  -6.332  2.96
101  6  LEU  O  -4.2  -2.312  -5.921  2.88
102  6  LEU  CB  -6.852  -0.456  -5.239  4.06
103  6  LEU  CG  -7.474  -0.019  -3.911  7.66
104  6  LEU  CD1  -7.818  1.471  -3.931  70.14
105  6  LEU  CD2  -8.688  -0.883  -3.563  2.1
106  6  LEU  H  -5.698  1.615  -5.825  8.26
107  6  LEU  HA  -4.959  -0.409  -4.481  3.68
108  6  LEU  HB2  -7.28  0.039  -5.955  1.72
109  6  LEU  HB3  -7.059  -1.393  -5.38  1.6
110  6  LEU  HG  -6.818  -0.152  -3.209  1.54
111  6  LEU  HD11  -8.393  1.661  -4.689  2.82
112  6  LEU  HD12  -8.277  1.708  -3.11  45.02
113  6  LEU  HD13  -7.002  1.991  -4.006  8.4
114  6  LEU  HD21  -9.347  -0.814  -4.272  8.31
115  6  LEU  HD22  -8.41  -1.808  -3.469  4.34
116  6  LEU  HD23  -9.076  -0.575  -2.729  3.06
117  7  VAL  N  -4.669  -0.871  -7.6  3
118  7  VAL  CA  -4.074  -1.705  -8.63  7.14
119  7  VAL  C  -2.678  -1.176  -8.966  7.71
120  7  VAL  O  -2.507  0.014  -9.222  3.91
121  7  VAL  CB  -4.997  -1.77  -9.849  5.1
122  7  VAL  CG1  -4.48  -2.779  -10.876  4.34
123  7  VAL  CG2  -6.433  -2.097  -9.433  8.48
124  7  VAL  H  -5.004  -0.13  -7.88  7.41
125  7  VAL  HA  -3.99  -2.602  -8.269  4.31
126  7  VAL  HB  -5.001  -0.895  -10.267  2.11
127  7  VAL  HG11  -3.554  -2.581  -11.087  56.93
128  7  VAL  HG12  -4.543  -3.674  -10.508  124.07
129  7  VAL  HG13  -5.015  -2.722  -11.683  8.74
130  7  VAL  HG21  -6.435  -2.895  -8.881  4.65
131  7  VAL  HG22  -6.801  -1.354  -8.929  4.71
132  7  VAL  HG23  -6.973  -2.25  -10.224  6.08
133  8  PRO  N  -1.691  -2.111  -8.952  2.81
134  8  PRO  CA  -0.315  -1.752  -9.252  2.69
135  8  PRO  C  -0.123  -1.52  -10.752  7.01
136  8  PRO  O  0.735  -2.144  -11.375  7.76
137  8  PRO  CB  0.518  -2.905  -8.717  8.43
138  8  PRO  CG  -0.441  -4.074  -8.559  120.71
139  8  PRO  CD  -1.857  -3.531  -8.653  53.62
140  8  PRO  HA  -0.085  -0.913  -8.822  4.34
141  8  PRO  HB2  1.238  -3.127  -9.328  2.01
142  8  PRO  HB3  0.928  -2.674  -7.869  1.91
143  8  PRO  HG2  -0.284  -4.738  -9.249  1.82
144  8  PRO  HG3  -0.302  -4.514  -7.706  1.96
145  8  PRO  HD2  -2.362  -3.98  -9.349  3.77
146  8  PRO  HD3  -2.341  -3.662  -7.823  3.91
147  9  LEU  N  -0.936  -0.621  -11.288  2.63
148  9  LEU  CA  -0.866  -0.3  -12.703  2.61
149  9  LEU  C  -1.169  1.187  -12.899  6.93
150  9  LEU  O  -0.466  1.875  -13.638  7.95
151  9  LEU  CB  -1.78  -1.225  -13.509  60.39
152  9  LEU  CG  -1.195  -2.588  -13.882  8.01
153  9  LEU  CD1  -2.305  -3.606  -14.151  43.62
154  9  LEU  CD2  -0.23  -2.466  -15.063  26.12
155  9  LEU  H  -1.534  -0.189  -10.846  6.81
156  9  LEU  HA  0.043  -0.47  -12.996  3.88
157  9  LEU  HB2  -2.593  -1.37  -13  1.06
158  9  LEU  HB3  -2.034  -0.768  -14.326  1.06
159  9  LEU  HG  -0.682  -2.915  -13.126  1.26
160  9  LEU  HD11  -2.883  -3.275  -14.856  1.59
161  9  LEU  HD12  -1.911  -4.449  -14.425  1.52
162  9  LEU  HD13  -2.824  -3.74  -13.342  1.4
163  9  LEU  HD21  -0.701  -2.1  -15.828  1.7
164  9  LEU  HD22  0.502  -1.877  -14.823  1.73
165  9  LEU  HD23  0.12  -3.343  -15.287  3.04
166  10  PHE  N  -2.215  1.64  -12.224  3.04
167  10  PHE  CA  -2.619  3.032  -12.314  2.72
168  10  PHE  C  -2.116  3.829  -11.109  27.16
169  10  PHE  O  -2.197  3.361  -9.974  49.8
170  10  PHE  CB  -4.149  3.054  -12.324  4.39
171  10  PHE  CG  -4.767  2.764  -13.693  1.83
172  10  PHE  CD1  -5.012  1.48  -14.07  2.24
173  10  PHE  CD2  -5.072  3.789  -14.532  2
174  10  PHE  CE1  -5.586  1.211  -15.34  7.81
175  10  PHE  CE2  -5.646  3.52  -15.803  4.76
176  10  PHE  CZ  -5.891  2.236  -16.18  3.4
177  10  PHE  H  -2.702  1.153  -11.709  7.91
178  10  PHE  HA  -2.227  3.393  -13.125  4.87
179  10  PHE  HB2  -4.476  2.401  -11.686  2.81
180  10  PHE  HB3  -4.452  3.924  -12.02  3.19
181  10  PHE  HD1  -4.804  0.779  -13.495  7.22
182  10  PHE  HD2  -4.905  4.667  -14.274  7.22
183  10  PHE  HE1  -5.753  0.333  -15.598  7.3
184  10  PHE  HE2  -5.854  4.221  -16.377  7.3
185  10  PHE  HZ  -6.267  2.059  -17.012  7.28
186  11  SER  N  -1.609  5.018  -11.396  6.98
187  11  SER  CA  -1.093  5.884  -10.349  6.98
188  11  SER  C  -1.885  7.193  -10.314  6.89
189  11  SER  O  -2.377  7.652  -11.344  6.89
190  11  SER  CB  0.396  6.17  -10.554  0.74
191  11  SER  OG  0.72  6.351  -11.93  63.92
192  11  SER  H  -1.556  5.339  -12.192  8.55
193  11  SER  HA  -1.216  5.39  -9.523  5.05
194  11  SER  HB2  0.643  6.966  -10.057  3.46
195  11  SER  HB3  0.918  5.437  -10.194  3.54
196  11  SER  HG  0.388  7.07  -12.211  7.49
197  12  LYS  N  -1.984  7.756  -9.119  5.12
198  12  LYS  CA  -2.708  9.003  -8.937  2.27
199  12  LYS  C  -1.952  9.887  -7.944  128.67
200  12  LYS  O  -1.273  9.382  -7.051  60.03
201  12  LYS  CB  -4.158  8.726  -8.534  173.46
202  12  LYS  CG  -5.106  9.752  -9.159  4.38
203  12  LYS  CD  -5.489  9.348  -10.584  41.5
204  12  LYS  CE  -6.314  10.444  -11.261  4.24
205  12  LYS  NZ  -7.648  10.554  -10.628  4.06
206  12  LYS  H  -1.638  7.429  -8.403  8.79
207  12  LYS  HA  -2.73  9.454  -9.795  4.71
208  12  LYS  HB2  -4.412  7.833  -8.815  1.64
209  12  LYS  HB3  -4.239  8.753  -7.568  1.64
210  12  LYS  HG2  -5.906  9.831  -8.616  1.16
211  12  LYS  HG3  -4.683  10.625  -9.169  1.3
212  12  LYS  HD2  -4.687  9.177  -11.102  1.56
213  12  LYS  HD3  -5.996  8.521  -10.564  1.65
214  12  LYS  HE2  -5.849  11.293  -11.199  2.96
215  12  LYS  HE3  -6.415  10.245  -12.205  2.96
216  12  LYS  HZ1  -7.556  10.848  -9.793  1.26
217  12  LYS  HZ2  -8.149  11.125  -11.091  58.12
218  12  LYS  HZ3  -8.039  9.755  -10.621  34.29
219  13  THR  N  -2.094  11.19  -8.133  8.06
220  13  THR  CA  -1.432  12.149  -7.265  5.46
221  13  THR  C  -2.393  12.637  -6.179  29.27
222  13  THR  O  -3.469  13.149  -6.482  8.1
223  13  THR  CB  -0.881  13.277  -8.14  7.5
224  13  THR  OG1  0.394  12.799  -8.56  4.38
225  13  THR  CG2  -0.559  14.538  -7.335  1.62
226  13  THR  H  -2.57  11.536  -8.76  8.73
227  13  THR  HA  -0.699  11.7  -6.816  4.5
228  13  THR  HB  -1.487  13.477  -8.87  3.96
229  13  THR  HG1  0.303  12.26  -9.198  36.42
230  13  THR  HG21  -0.019  14.301  -6.565  122.02
231  13  THR  HG22  -0.071  15.163  -7.894  60.37
232  13  THR  HG23  -1.385  14.95  -7.036  181.22
233  14  CYS  N  -1.968  12.46  -4.936  33.74
234  14  CYS  CA  -2.778  12.876  -3.803  71.15
235  14  CYS  C  -3.113  14.36  -3.97  9.24
236  14  CYS  O  -2.216  15.201  -4.015  4.7
237  14  CYS  CB  -2.075  12.596  -2.473  1.94
238  14  CYS  SG  -1.25  10.966  -2.369  2.04
239  14  CYS  H  -1.214  12.101  -4.731  9.04
240  14  CYS  HA  -3.584  12.336  -3.823  4.91
241  14  CYS  HB2  -1.415  13.289  -2.318  2.71
242  14  CYS  HB3  -2.727  12.661  -1.757  3.45
243  15  PRO  N  -4.44  14.643  -4.061  58.32
244  15  PRO  CA  -4.904  16.01  -4.222  8.15
245  15  PRO  C  -4.793  16.785  -2.908  8.28
246  15  PRO  O  -4.5  16.205  -1.864  8.6
247  15  PRO  CB  -6.335  15.883  -4.718  5.16
248  15  PRO  CG  -6.772  14.469  -4.374  2.55
249  15  PRO  CD  -5.529  13.672  -4.012  3.09
250  15  PRO  HA  -4.344  16.483  -4.858  4.52
251  15  PRO  HB2  -6.91  16.538  -4.292  1.89
252  15  PRO  HB3  -6.387  16.04  -5.674  2.31
253  15  PRO  HG2  -7.398  14.477  -3.633  2.1
254  15  PRO  HG3  -7.229  14.062  -5.126  1.81
255  15  PRO  HD2  -5.609  13.276  -3.13  3.9
256  15  PRO  HD3  -5.382  12.945  -4.637  3.37
257  16  ALA  N  -5.033  18.085  -3.003  3.93
258  16  ALA  CA  -4.964  18.946  -1.835  119.73
259  16  ALA  C  -5.684  18.271  -0.666  61.64
260  16  ALA  O  -6.809  17.795  -0.816  2.89
261  16  ALA  CB  -5.558  20.315  -2.173  6.95
262  16  ALA  H  -5.238  18.484  -3.737  8.37
263  16  ALA  HA  -4.028  19.059  -1.606  4.02
264  16  ALA  HB1  -6.478  20.206  -2.46  8.94
265  16  ALA  HB2  -5.529  20.883  -1.387  4.83
266  16  ALA  HB3  -5.043  20.723  -2.886  1.86
267  17  GLY  N  -5.007  18.251  0.473  1.75
268  17  GLY  CA  -5.569  17.642  1.667  1.98
269  17  GLY  C  -4.757  16.416  2.091  2.17
270  17  GLY  O  -4.474  16.233  3.274  1.72
271  17  GLY  H  -4.221  18.586  0.571  8.7
272  17  GLY  HA2  -5.582  18.29  2.388  4.17
273  17  GLY  HA3  -6.489  17.384  1.5  3.58
274  18  LYS  N  -4.406  15.608  1.101  4.25
275  18  LYS  CA  -3.633  14.405  1.356  8.53
276  18  LYS  C  -2.235  14.565  0.755  4.41
277  18  LYS  O  -2.096  14.87  -0.429  4.96
278  18  LYS  CB  -4.382  13.17  0.852  2.2
279  18  LYS  CG  -5.78  13.087  1.468  2.62
280  18  LYS  CD  -6.639  12.05  0.741  2.1
281  18  LYS  CE  -7.954  11.81  1.484  1.9
282  18  LYS  NZ  -8.767  10.79  0.784  3.77
283  18  LYS  H  -4.607  15.742  0.276  7.52
284  18  LYS  HA  -3.545  14.314  2.318  4.18
285  18  LYS  HB2  -4.451  13.201  -0.115  1.82
286  18  LYS  HB3  -3.879  12.37  1.073  1.82
287  18  LYS  HG2  -5.711  12.853  2.407  0.96
288  18  LYS  HG3  -6.209  13.956  1.424  1.25
289  18  LYS  HD2  -6.824  12.354  -0.161  1.46
290  18  LYS  HD3  -6.15  11.216  0.664  1.46
291  18  LYS  HE2  -7.772  11.518  2.391  2.86
292  18  LYS  HE3  -8.452  12.64  1.548  2.86
293  18  LYS  HZ1  -8.312  10.026  0.744  8.16
294  18  LYS  HZ2  -9.526  10.66  1.23  4.45
295  18  LYS  HZ3  -8.95  11.071  -0.04  2.4
296  19  ASN  N  -1.235  14.351  1.597  2.11
297  19  ASN  CA  0.147  14.467  1.163  1.72
298  19  ASN  C  0.935  13.25  1.652  1.6
299  19  ASN  O  2.164  13.269  1.671  1.9
300  19  ASN  CB  0.803  15.72  1.746  1.9
301  19  ASN  CG  0.128  16.988  1.22  3.13
302  19  ASN  OD1  -0.25  17.088  0.064  3.18
303  19  ASN  ND2  -0.003  17.949  2.13  121.79
304  19  ASN  H  -1.34  14.137  2.423  7.83
305  19  ASN  HA  0.107  14.519  0.195  4.84
306  19  ASN  HB2  0.749  15.698  2.714  2.56
307  19  ASN  HB3  1.745  15.732  1.516  2.92
308  19  ASN  HD21  0.282  17.823  2.932  6.88
309  19  ASN  HD22  -0.373  18.696  1.918  7.41
310  20  LEU  N  0.194  12.22  2.035  6.87
311  20  LEU  CA  0.808  10.997  2.523  7.48
312  20  LEU  C  0.253  9.806  1.739  5.53
313  20  LEU  O  -0.789  9.914  1.094  7.48
314  20  LEU  CB  0.628  10.874  4.037  7.16
315  20  LEU  CG  1.447  11.844  4.891  7.24
316  20  LEU  CD1  0.971  11.832  6.344  1.39
317  20  LEU  CD2  2.944  11.547  4.775  1.39
318  20  LEU  H  -0.666  12.214  2.02  8.1
319  20  LEU  HA  1.761  11.061  2.351  4.8
320  20  LEU  HB2  -0.311  11.001  4.245  1.6
321  20  LEU  HB3  0.857  9.969  4.299  1.28
322  20  LEU  HG  1.306  12.742  4.551  1.42
323  20  LEU  HD11  0.025  12.042  6.377  4.86
324  20  LEU  HD12  1.12  10.953  6.726  8
325  20  LEU  HD13  1.467  12.492  6.853  4.76
326  20  LEU  HD21  3.091  10.592  4.857  1.54
327  20  LEU  HD22  3.268  11.851  3.913  1.74
328  20  LEU  HD23  3.421  12.01  5.482  1.55
329  21  CYS  N  0.974  8.697  1.821  1.27
330  21  CYS  CA  0.567  7.487  1.127  1.22
331  21  CYS  C  0.288  6.405  2.173  1.65
332  21  CYS  O  1.122  6.142  3.037  1.41
333  21  CYS  CB  1.616  7.039  0.108  2.97
334  21  CYS  SG  1.728  8.085  -1.389  178.24
335  21  CYS  H  1.702  8.629  2.274  8.96
336  21  CYS  HA  -0.24  7.706  0.635  6.01
337  21  CYS  HB2  2.484  7.023  0.541  2.86
338  21  CYS  HB3  1.418  6.129  -0.162  2.97
339  22  TYR  N  -0.889  5.806  2.058  120.57
340  22  TYR  CA  -1.288  4.759  2.983  55.6
341  22  TYR  C  -1.312  3.395  2.289  8.53
342  22  TYR  O  -1.641  3.301  1.108  5.8
343  22  TYR  CB  -2.707  5.112  3.434  3.71
344  22  TYR  CG  -3.807  4.506  2.561  3.87
345  22  TYR  CD1  -4.018  3.142  2.566  26.85
346  22  TYR  CD2  -4.588  5.322  1.769  50.75
347  22  TYR  CE1  -5.054  2.571  1.744  7.7
348  22  TYR  CE2  -5.624  4.751  0.947  8.02
349  22  TYR  CZ  -5.805  3.404  0.975  3.73
350  22  TYR  OH  -6.783  2.864  0.199  7.62
351  22  TYR  H  -1.468  5.995  1.451  8.97
352  22  TYR  HA  -0.642  4.735  3.706  6.01
353  22  TYR  HB2  -2.83  4.812  4.348  3.02
354  22  TYR  HB3  -2.804  6.077  3.437  2.86
355  22  TYR  HD1  -3.492  2.592  3.1  6.54
356  22  TYR  HD2  -4.445  6.241  1.766  6.54
357  22  TYR  HE1  -5.205  1.653  1.74  6.51
358  22  TYR  HE2  -6.156  5.292  0.41  6.51
359  22  TYR  HH  -7.227  3.475  -0.17  6.65
360  23  LYS  N  -0.958  2.372  3.053  7.18
361  23  LYS  CA  -0.935  1.018  2.527  6.83
362  23  LYS  C  -1.482  0.055  3.583  43.35
363  23  LYS  O  -1.079  0.107  4.744  4.73
364  23  LYS  CB  0.469  0.658  2.036  111.51
365  23  LYS  CG  1.336  0.139  3.185  56.62
366  23  LYS  CD  2.81  0.091  2.781  4.75
367  23  LYS  CE  3.053  -0.98  1.716  7.94
368  23  LYS  NZ  4.502  -1.139  1.461  9.22
369  23  LYS  H  -0.729  2.445  3.879  8.95
370  23  LYS  HA  -1.523  0.995  1.756  4.79
371  23  LYS  HB2  0.41  -0.016  1.341  1.57
372  23  LYS  HB3  0.886  1.438  1.638  1.68
373  23  LYS  HG2  1.227  0.712  3.96  1.35
374  23  LYS  HG3  1.039  -0.747  3.444  1.35
375  23  LYS  HD2  3.085  0.957  2.442  1.59
376  23  LYS  HD3  3.357  -0.094  3.56  1.59
377  23  LYS  HE2  2.676  -1.825  2.007  2.84
378  23  LYS  HE3  2.599  -0.735  0.894  2.84
379  23  LYS  HZ1  4.913  -1.365  2.217  9.86
380  23  LYS  HZ2  4.628  -1.777  0.853  5.08
381  23  LYS  HZ3  4.837  -0.371  1.16  8.66
382  24  MET  N  -2.393  -0.801  3.142  3.79
383  24  MET  CA  -3  -1.773  4.034  4.34
384  24  MET  C  -2.524  -3.19  3.706  63.2
385  24  MET  O  -2.585  -3.618  2.554  124.01
386  24  MET  CB  -4.523  -1.703  3.907  57.62
387  24  MET  CG  -5.204  -2.477  5.037  9.35
388  24  MET  SD  -6.964  -2.55  4.752  7.5
389  24  MET  CE  -7.216  -4.316  4.817  4.21
390  24  MET  H  -2.67  -0.831  2.328  8.28
391  24  MET  HA  -2.708  -1.527  4.926  5.13
392  24  MET  HB2  -4.81  -0.777  3.927  1.52
393  24  MET  HB3  -4.796  -2.067  3.05  1.66
394  24  MET  HG2  -4.84  -3.375  5.089  1.25
395  24  MET  HG3  -5.023  -2.048  5.888  1.25
396  24  MET  HE1  -6.866  -4.662  5.653  8.69
397  24  MET  HE2  -8.165  -4.51  4.758  3.42
398  24  MET  HE3  -6.754  -4.736  4.075  1.47
399  25  PHE  N  -2.062  -3.879  4.739  1.41
400  25  PHE  CA  -1.576  -5.239  4.575  1.45
401  25  PHE  C  -1.79  -6.055  5.851  8.19
402  25  PHE  O  -2.169  -5.508  6.886  4.87
403  25  PHE  CB  -0.077  -5.147  4.287  3.1
404  25  PHE  CG  0.743  -4.559  5.438  2.54
405  25  PHE  CD1  0.747  -3.216  5.653  59.49
406  25  PHE  CD2  1.466  -5.379  6.246  118.71
407  25  PHE  CE1  1.507  -2.67  6.721  61.32
408  25  PHE  CE2  2.226  -4.833  7.314  7.61
409  25  PHE  CZ  2.231  -3.49  7.529  3.86
410  25  PHE  H  -2.022  -3.573  5.542  8.91
411  25  PHE  HA  -2.08  -5.638  3.849  4.84
412  25  PHE  HB2  0.259  -6.034  4.083  2.76
413  25  PHE  HB3  0.059  -4.603  3.495  2.81
414  25  PHE  HD1  0.252  -2.655  5.1  6.75
415  25  PHE  HD2  1.463  -6.297  6.099  6.75
416  25  PHE  HE1  1.51  -1.752  6.868  6.99
417  25  PHE  HE2  2.721  -5.394  7.867  6.99
418  25  PHE  HZ  2.728  -3.132  8.229  7.11
419  26  MET  N  -1.537  -7.351  5.736  3.24
420  26  MET  CA  -1.697  -8.248  6.868  2.83
421  26  MET  C  -0.403  -8.343  7.679  8.03
422  26  MET  O  0.676  -8.513  7.114  4.02
423  26  MET  CB  -2.088  -9.639  6.365  3.83
424  26  MET  CG  -3.57  -9.689  5.987  2.56
425  26  MET  SD  -3.754  -9.538  4.218  2.82
426  26  MET  CE  -3.422  -11.222  3.727  9.01
427  26  MET  H  -1.272  -7.726  5.009  9.39
428  26  MET  HA  -2.399  -7.858  7.412  5.03
429  26  MET  HB2  -1.547  -9.873  5.595  1.91
430  26  MET  HB3  -1.905  -10.299  7.052  2.23
431  26  MET  HG2  -3.962  -10.523  6.29  2.74
432  26  MET  HG3  -4.049  -8.972  6.432  2.55
433  26  MET  HE1  -2.533  -11.476  4.021  1.79
434  26  MET  HE2  -4.077  -11.812  4.132  1.62
435  26  MET  HE3  -3.475  -11.294  2.761  1.86
436  27  VAL  N  -0.555  -8.229  8.99  3.42
437  27  VAL  CA  0.588  -8.3  9.884  3.34
438  27  VAL  C  1.173  -9.713  9.846  105.5
439  27  VAL  O  1.032  -10.473  10.803  44.61
440  27  VAL  CB  0.179  -7.86  11.292  3.51
441  27  VAL  CG1  -0.816  -8.845  11.907  1.95
442  27  VAL  CG2  1.406  -7.686  12.19  1.49
443  27  VAL  H  -1.313  -8.11  9.378  8.14
444  27  VAL  HA  1.255  -7.677  9.556  3.46
445  27  VAL  HB  -0.261  -6.998  11.219  1.86
446  27  VAL  HG11  -1.19  -9.406  11.209  1.57
447  27  VAL  HG12  -0.36  -9.401  12.558  1.94
448  27  VAL  HG13  -1.529  -8.354  12.344  1.87
449  27  VAL  HG21  1.993  -7.015  11.808  2.06
450  27  VAL  HG22  1.122  -7.403  13.073  4.59
451  27  VAL  HG23  1.879  -8.53  12.257  8.69
452  28  ALA  N  1.817  -10.023  8.731  117.29
453  28  ALA  CA  2.424  -11.331  8.556  7.89
454  28  ALA  C  3.311  -11.315  7.309  4.64
455  28  ALA  O  4.415  -11.857  7.321  3.38
456  28  ALA  CB  1.328  -12.396  8.477  3.26
457  28  ALA  H  1.912  -9.487  8.066  8.18
458  28  ALA  HA  2.976  -11.508  9.334  4.15
459  28  ALA  HB1  0.667  -12.132  7.818  7.71
460  28  ALA  HB2  1.72  -13.245  8.219  7.41
461  28  ALA  HB3  0.902  -12.487  9.344  9
462  29  ALA  N  2.794  -10.687  6.263  5.19
463  29  ALA  CA  3.526  -10.592  5.011  3.51
464  29  ALA  C  3.6  -9.127  4.578  3.25
465  29  ALA  O  2.65  -8.596  4.005  6.74
466  29  ALA  CB  2.854  -11.477  3.959  6.74
467  29  ALA  H  2.021  -10.31  6.261  7.63
468  29  ALA  HA  4.425  -10.922  5.169  4.78
469  29  ALA  HB1  1.934  -11.195  3.839  5.67
470  29  ALA  HB2  3.329  -11.397  3.117  1.86
471  29  ALA  HB3  2.873  -12.401  4.253  1.86
472  30  PRO  N  4.769  -8.498  4.876  1.39
473  30  PRO  CA  4.98  -7.105  4.524  1.49
474  30  PRO  C  5.24  -6.951  3.024  1.69
475  30  PRO  O  5.084  -5.863  2.472  1.69
476  30  PRO  CB  6.154  -6.657  5.379  120.71
477  30  PRO  CG  6.85  -7.93  5.832  9.28
478  30  PRO  CD  5.916  -9.096  5.553  4.42
479  30  PRO  HA  4.182  -6.586  4.709  4.08
480  30  PRO  HB2  6.758  -6.092  4.872  1.38
481  30  PRO  HB3  5.852  -6.137  6.14  1.87
482  30  PRO  HG2  7.688  -8.046  5.358  1.33
483  30  PRO  HG3  7.064  -7.883  6.777  1.33
484  30  PRO  HD2  6.344  -9.765  4.997  3.46
485  30  PRO  HD3  5.65  -9.538  6.375  3.46
486  31  HSE  N  5.632  -8.056  2.408  8.34
487  31  HSE  CA  5.915  -8.058  0.983  3.8
488  31  HSE  C  4.656  -8.456  0.21  2.56
489  31  HSE  O  4.725  -8.77  -0.977  2.81
490  31  HSE  CB  7.112  -8.957  0.668  6.9
491  31  HSE  CG  7.586  -8.87  -0.764  9.02
492  31  HSE  ND1  7.521  -9.939  -1.641  6.76
493  31  HSE  CD2  8.131  -7.832  -1.461  120.01
494  31  HSE  CE1  8.008  -9.55  -2.81  9.3
495  31  HSE  NE2  8.386  -8.244  -2.696  4.55
496  31  HSE  H  5.756  -8.937  2.865  8.39
497  31  HSE  HA  6.186  -7.037  0.716  4.53
498  31  HSE  HB2  7.937  -8.691  1.329  3.28
499  31  HSE  HB3  6.846  -9.991  0.89  3.09
500  31  HSE  HD1  7.166  -10.849  -1.428  175.88
501  31  HSE  HD2  8.324  -6.833  -1.069  7.04
502  31  HSE  HE1  8.092  -10.166  -3.706  8.3
503  32  VAL  N  3.534  -8.431  0.916  4.65
504  32  VAL  CA  2.261  -8.785  0.311  8.95
505  32  VAL  C  1.221  -7.72  0.662  4.11
506  32  VAL  O  0.554  -7.813  1.691  3.54
507  32  VAL  CB  1.848  -10.192  0.748  7.91
508  32  VAL  CG1  0.469  -10.555  0.192  2.31
509  32  VAL  CG2  2.897  -11.226  0.334  2.31
510  32  VAL  H  3.494  -8.211  1.746  7.43
511  32  VAL  HA  2.386  -8.795  -0.651  4.52
512  32  VAL  HB  1.79  -10.198  1.716  2.06
513  32  VAL  HG11  0.461  -10.416  -0.768  2.25
514  32  VAL  HG12  0.278  -11.486  0.386  3.4
515  32  VAL  HG13  -0.205  -9.994  0.607  7.4
516  32  VAL  HG21  2.999  -11.214  -0.631  7.7
517  32  VAL  HG22  3.746  -11.011  0.752  28.79
518  32  VAL  HG23  2.61  -12.108  0.617  59.52
519  33  PRO  N  1.112  -6.705  -0.237  7.82
520  33  PRO  CA  0.164  -5.623  -0.033  3.98
521  33  PRO  C  -1.265  -6.083  -0.327  2.25
522  33  PRO  O  -1.473  -7.173  -0.858  2.16
523  33  PRO  CB  0.632  -4.51  -0.957  1.53
524  33  PRO  CG  1.54  -5.173  -1.98  118.88
525  33  PRO  CD  1.885  -6.561  -1.467  58.37
526  33  PRO  HA  0.167  -5.344  0.896  4.25
527  33  PRO  HB2  -0.122  -4.079  -1.389  1.68
528  33  PRO  HB3  1.108  -3.824  -0.463  1.59
529  33  PRO  HG2  1.098  -5.229  -2.841  1.76
530  33  PRO  HG3  2.346  -4.648  -2.109  2
531  33  PRO  HD2  1.648  -7.244  -2.114  3.88
532  33  PRO  HD3  2.836  -6.648  -1.298  3.74
533  34  VAL  N  -2.213  -5.229  0.031  1.08
534  34  VAL  CA  -3.617  -5.535  -0.188  2.86
535  34  VAL  C  -4.29  -4.349  -0.88  2.86
536  34  VAL  O  -4.843  -4.494  -1.97  7.59
537  34  VAL  CB  -4.283  -5.91  1.137  3.9
538  34  VAL  CG1  -5.732  -6.352  0.917  115.91
539  34  VAL  CG2  -3.485  -6.994  1.865  57.82
540  34  VAL  H  -2.06  -4.468  0.402  8.88
541  34  VAL  HA  -3.661  -6.306  -0.775  4.19
542  34  VAL  HB  -4.295  -5.12  1.7  2
543  34  VAL  HG11  -6.23  -5.63  0.503  178.89
544  34  VAL  HG12  -5.748  -7.13  0.338  8.42
545  34  VAL  HG13  -6.135  -6.575  1.77  32.38
546  34  VAL  HG21  -2.553  -6.73  1.916  9.09
547  34  VAL  HG22  -3.837  -7.109  2.761  3.83
548  34  VAL  HG23  -3.557  -7.83  1.379  2.35
549  35  LYS  N  -4.222  -3.202  -0.22  1.93
550  35  LYS  CA  -4.819  -1.992  -0.759  1.93
551  35  LYS  C  -3.769  -0.879  -0.786  4.04
552  35  LYS  O  -2.758  -0.957  -0.088  119.9
553  35  LYS  CB  -6.083  -1.625  0.02  58.98
554  35  LYS  CG  -7.103  -2.764  -0.022  178.02
555  35  LYS  CD  -7.648  -3.065  1.376  2.53
556  35  LYS  CE  -8.827  -4.038  1.307  28
557  35  LYS  NZ  -10.073  -3.317  0.963  121.92
558  35  LYS  H  -3.834  -3.108  0.542  7.3
559  35  LYS  HA  -5.089  -2.182  -1.671  4.5
560  35  LYS  HB2  -5.854  -1.426  0.941  1.62
561  35  LYS  HB3  -6.475  -0.821  -0.354  1.96
562  35  LYS  HG2  -7.834  -2.527  -0.614  1.55
563  35  LYS  HG3  -6.689  -3.56  -0.39  1.49
564  35  LYS  HD2  -6.944  -3.443  1.926  1.72
565  35  LYS  HD3  -7.928  -2.24  1.802  1.8
566  35  LYS  HE2  -8.65  -4.723  0.644  2.97
567  35  LYS  HE3  -8.932  -4.488  2.16  2.97
568  35  LYS  HZ1  -9.965  -2.889  0.19  1.72
569  35  LYS  HZ2  -10.742  -3.899  0.889  4.63
570  35  LYS  HZ3  -10.261  -2.729  1.604  2.15
571  36  ARG  N  -4.043  0.131  -1.599  2.15
572  36  ARG  CA  -3.135  1.258  -1.726  1.76
573  36  ARG  C  -3.898  2.508  -2.167  1.72
574  36  ARG  O  -4.635  2.474  -3.152  3.51
575  36  ARG  CB  -2.027  0.961  -2.738  3.48
576  36  ARG  CG  -1.256  -0.304  -2.352  3.41
577  36  ARG  CD  -0.037  -0.5  -3.256  1.63
578  36  ARG  NE  0.016  -1.898  -3.737  1.32
579  36  ARG  CZ  -0.787  -2.397  -4.686  2.56
580  36  ARG  NH1  -1.711  -1.615  -5.262  8.46
581  36  ARG  NH2  -0.667  -3.678  -5.06  3.7
582  36  ARG  H  -4.752  0.178  -2.084  8.16
583  36  ARG  HA  -2.759  1.374  -0.84  4.3
584  36  ARG  HB2  -2.412  0.852  -3.621  1.05
585  36  ARG  HB3  -1.417  1.714  -2.786  1.47
586  36  ARG  HG2  -0.97  -0.243  -1.427  1.38
587  36  ARG  HG3  -1.84  -1.076  -2.419  1.54
588  36  ARG  HD2  -0.083  0.108  -4.01  2.86
589  36  ARG  HD3  0.774  -0.286  -2.768  2.86
590  36  ARG  HE  0.6  -2.423  -3.386  7.87
591  36  ARG  HH11  -1.788  -0.793  -5.022  6.95
592  36  ARG  HH12  -2.227  -1.936  -5.871  11.49
593  36  ARG  HH21  -0.074  -4.18  -4.691  123.35
594  36  ARG  HH22  -1.183  -3.999  -5.669  60.26
595  37  GLY  N  -3.696  3.581  -1.418  177.92
596  37  GLY  CA  -4.356  4.84  -1.72  61.89
597  37  GLY  C  -3.656  6.008  -1.022  30.63
598  37  GLY  O  -2.61  5.827  -0.401  4.49
599  37  GLY  H  -3.179  3.598  -0.731  6.55
600  37  GLY  HA2  -4.358  4.986  -2.679  4.2
601  37  GLY  HA3  -5.283  4.799  -1.438  3.75
602  38  CYS  N  -4.262  7.179  -1.148  4.81
603  38  CYS  CA  -3.71  8.377  -0.537  3.8
604  38  CYS  C  -4.468  8.645  0.765  2.91
605  38  CYS  O  -5.548  8.098  0.983  6.62
606  38  CYS  CB  -3.766  9.574  -1.487  7.01
607  38  CYS  SG  -2.536  9.538  -2.841  61.09
608  38  CYS  H  -4.994  7.299  -1.584  8.88
609  38  CYS  HA  -2.774  8.193  -0.359  5.88
610  38  CYS  HB2  -4.654  9.622  -1.875  3.41
611  38  CYS  HB3  -3.638  10.386  -0.972  2.81
612  39  ILE  N  -3.872  9.486  1.597  117.09
613  39  ILE  CA  -4.477  9.833  2.872  59.12
614  39  ILE  C  -3.836  11.117  3.403  7.37
615  39  ILE  O  -2.778  11.528  2.93  4.02
616  39  ILE  CB  -4.392  8.655  3.844  1.95
617  39  ILE  CG1  -5.482  8.747  4.914  7.9
618  39  ILE  CG2  -2.995  8.55  4.457  3.76
619  39  ILE  CD  -5.932  7.354  5.36  9.35
620  39  ILE  H  -3.116  9.865  1.439  9.79
621  39  ILE  HA  -5.418  10.004  2.709  4.32
622  39  ILE  HB  -4.549  7.838  3.345  1.61
623  39  ILE  HG12  -5.149  9.244  5.678  1.31
624  39  ILE  HG13  -6.242  9.239  4.565  1.56
625  39  ILE  HG21  -2.336  8.474  3.75  58.85
626  39  ILE  HG22  -2.813  9.343  4.985  177.76
627  39  ILE  HG23  -2.95  7.766  5.026  127.65
628  39  ILE  HD11  -5.066  6.784  5.697  30.37
629  39  ILE  HD12  -6.647  7.448  6.177  36.71
630  39  ILE  HD13  -6.402  6.839  4.523  4.34
631  40  ASP  N  -4.504  11.714  4.379  9.38
632  40  ASP  CA  -4.013  12.942  4.98  4.04
633  40  ASP  C  -3.449  12.635  6.369  0.79
634  40  ASP  O  -2.272  12.877  6.632  1.07
635  40  ASP  CB  -5.139  13.965  5.142  1.15
636  40  ASP  CG  -4.782  15.192  5.984  2.02
637  40  ASP  OD1  -3.624  15.646  5.862  2.34
638  40  ASP  OD2  -5.675  15.647  6.73  2.51
639  40  ASP  H  -5.244  11.421  4.705  8.63
640  40  ASP  HA  -3.336  13.271  4.369  4.8
641  40  ASP  HB2  -5.417  14.263  4.262  2.69
642  40  ASP  HB3  -5.902  13.524  5.546  2.69
643  41  VAL  N  -4.316  12.107  7.221  0.98
644  41  VAL  CA  -3.919  11.765  8.576  28.54
645  41  VAL  C  -3.732  10.25  8.681  32.02
646  41  VAL  O  -4.635  9.485  8.344  4.4
647  41  VAL  CB  -4.941  12.312  9.574  3.71
648  41  VAL  CG1  -6.207  11.451  9.591  4.22
649  41  VAL  CG2  -4.335  12.422  10.975  5.63
650  41  VAL  H  -5.138  11.941  7.03  7.62
651  41  VAL  HA  -3.068  12.197  8.75  3.92
652  41  VAL  HB  -5.191  13.204  9.286  1.62
653  41  VAL  HG11  -6.493  11.281  8.68  8.87
654  41  VAL  HG12  -6.019  10.609  10.034  4.8
655  41  VAL  HG13  -6.91  11.919  10.069  3.11
656  41  VAL  HG21  -4.03  11.548  11.265  2.69
657  41  VAL  HG22  -3.585  13.037  10.955  7.15
658  41  VAL  HG23  -5.007  12.751  11.592  7.15
659  42  CYS  N  -2.556  9.862  9.15  6.87
660  42  CYS  CA  -2.239  8.452  9.303  6.87
661  42  CYS  C  -3.107  7.885  10.428  6.66
662  42  CYS  O  -3.028  8.339  11.568  60.27
663  42  CYS  CB  -0.748  8.233  9.567  120.19
664  42  CYS  SG  -0.182  6.503  9.38  58.79
665  42  CYS  H  -1.929  10.403  9.384  8.81
666  42  CYS  HA  -2.448  8.026  8.457  4.37
667  42  CYS  HB2  -0.239  8.794  8.961  2.66
668  42  CYS  HB3  -0.544  8.531  10.467  2.96
669  43  PRO  N  -3.938  6.873  10.058  38.52
670  43  PRO  CA  -4.82  6.238  11.022  9.31
671  43  PRO  C  -4.038  5.305  11.949  4.92
672  43  PRO  O  -2.821  5.181  11.828  2.76
673  43  PRO  CB  -5.859  5.511  10.186  2.8
674  43  PRO  CG  -5.257  5.378  8.796  176.9
675  43  PRO  CD  -4.058  6.308  8.717  3.99
676  43  PRO  HA  -5.224  6.905  11.598  3.94
677  43  PRO  HB2  -6.061  4.64  10.562  0.17
678  43  PRO  HB3  -6.692  6.007  10.158  1.62
679  43  PRO  HG2  -4.988  4.461  8.629  0.52
680  43  PRO  HG3  -5.912  5.609  8.119  1.15
681  43  PRO  HD2  -3.255  5.827  8.464  2.39
682  43  PRO  HD3  -4.193  7.003  8.054  3.81
683  44  LYS  N  -4.771  4.671  12.853  7.76
684  44  LYS  CA  -4.162  3.753  13.8  4.73
685  44  LYS  C  -4.144  2.346  13.199  1.86
686  44  LYS  O  -4.923  2.042  12.297  1.86
687  44  LYS  CB  -4.868  3.834  15.155  1.46
688  44  LYS  CG  -3.9  3.515  16.297  1.38
689  44  LYS  CD  -2.852  4.619  16.452  1.69
690  44  LYS  CE  -2.287  4.644  17.873  1.69
691  44  LYS  NZ  -1.232  5.675  17.994  3.01
692  44  LYS  H  -5.622  4.762  12.932  7.89
693  44  LYS  HA  -3.246  4.04  13.936  4.09
694  44  LYS  HB2  -5.238  4.722  15.279  1.72
695  44  LYS  HB3  -5.612  3.211  15.174  1.63
696  44  LYS  HG2  -4.395  3.415  17.125  1.47
697  44  LYS  HG3  -3.459  2.668  16.125  1.47
698  44  LYS  HD2  -2.133  4.478  15.816  1.48
699  44  LYS  HD3  -3.25  5.479  16.244  1.48
700  44  LYS  HE2  -2.999  4.825  18.507  2.94
701  44  LYS  HE3  -1.923  3.773  18.097  2.94
702  44  LYS  HZ1  -0.576  5.496  17.42  31.06
703  44  LYS  HZ2  -1.577  6.475  17.81  8.22
704  44  LYS  HZ3  -0.91  5.673  18.824  4.85
705  45  SER  N  -3.246  1.524  13.723  1.91
706  45  SER  CA  -3.117  0.157  13.25  54.59
707  45  SER  C  -3.784  -0.804  14.236  173.79
708  45  SER  O  -4.001  -0.457  15.396  121.21
709  45  SER  CB  -1.647  -0.221  13.053  35.81
710  45  SER  OG  -1.17  0.147  11.762  24.6
711  45  SER  H  -2.704  1.743  14.354  8.49
712  45  SER  HA  -3.573  0.137  12.394  42.12
713  45  SER  HB2  -1.108  0.214  13.732  3.94
714  45  SER  HB3  -1.54  -1.177  13.177  4.33
715  45  SER  HG  -1.12  0.983  11.701  4.69
716  46  SER  N  -4.09  -1.993  13.739  1.68
717  46  SER  CA  -4.728  -3.006  14.563  1.72
718  46  SER  C  -3.807  -4.219  14.708  1.31
719  46  SER  O  -2.676  -4.205  14.224  4.37
720  46  SER  CB  -6.074  -3.43  13.97  1.56
721  46  SER  OG  -5.928  -4.463  12.999  2.38
722  46  SER  H  -3.935  -2.23  12.927  9.36
723  46  SER  HA  -4.873  -2.584  15.424  4.9
724  46  SER  HB2  -6.657  -3.737  14.682  4.36
725  46  SER  HB3  -6.503  -2.662  13.562  3.87
726  46  SER  HG  -6.677  -4.8  12.823  7.74
727  47  LEU  N  -4.325  -5.239  15.377  40.42
728  47  LEU  CA  -3.562  -6.457  15.592  8.75
729  47  LEU  C  -3.722  -7.375  14.378  4.69
730  47  LEU  O  -2.964  -8.329  14.212  1.72
731  47  LEU  CB  -3.962  -7.113  16.915  8.28
732  47  LEU  CG  -3.445  -6.432  18.184  4.18
733  47  LEU  CD1  -4.195  -5.125  18.449  54.14
734  47  LEU  CD2  -3.509  -7.383  19.381  7.77
735  47  LEU  H  -5.117  -5.242  15.713  8.16
736  47  LEU  HA  -2.628  -6.206  15.667  4.12
737  47  LEU  HB2  -4.93  -7.147  16.959  1.67
738  47  LEU  HB3  -3.646  -8.03  16.91  1.53
739  47  LEU  HG  -2.512  -6.204  18.049  1.63
740  47  LEU  HD11  -5.15  -5.284  18.397  8.61
741  47  LEU  HD12  -3.97  -4.797  19.334  3.6
742  47  LEU  HD13  -3.94  -4.465  17.785  4.5
743  47  LEU  HD21  -4.428  -7.659  19.526  8.44
744  47  LEU  HD22  -2.961  -8.164  19.204  4.77
745  47  LEU  HD23  -3.179  -6.929  20.172  2.7
746  48  LEU  N  -4.714  -7.054  13.56  2.79
747  48  LEU  CA  -4.982  -7.837  12.366  56.97
748  48  LEU  C  -4.335  -7.157  11.158  30.12
749  48  LEU  O  -3.36  -7.664  10.604  122.98
750  48  LEU  CB  -6.486  -8.072  12.206  8.06
751  48  LEU  CG  -6.892  -9.37  11.507  4.58
752  48  LEU  CD1  -8.414  -9.519  11.467  7.84
753  48  LEU  CD2  -6.27  -9.458  10.111  4.52
754  48  LEU  H  -5.24  -6.385  13.682  7.98
755  48  LEU  HA  -4.568  -8.706  12.489  4.45
756  48  LEU  HB2  -6.893  -8.059  13.087  1.53
757  48  LEU  HB3  -6.861  -7.327  11.71  1.63
758  48  LEU  HG  -6.544  -10.115  12.022  1.56
759  48  LEU  HD11  -8.764  -9.507  12.372  32.52
760  48  LEU  HD12  -8.798  -8.785  10.961  28.8
761  48  LEU  HD13  -8.645  -10.36  11.043  175.91
762  48  LEU  HD21  -6.465  -8.645  9.619  3.97
763  48  LEU  HD22  -5.309  -9.567  10.191  8.71
764  48  LEU  HD23  -6.643  -10.219  9.639  9.08
765  49  VAL  N  -4.902  -6.019  10.785  4.84
766  49  VAL  CA  -4.392  -5.264  9.653  3.77
767  49  VAL  C  -3.42  -4.195  10.155  3.81
768  49  VAL  O  -3.393  -3.885  11.345  119.97
769  49  VAL  CB  -5.554  -4.684  8.845  120.51
770  49  VAL  CG1  -6.562  -5.774  8.473  57.12
771  49  VAL  CG2  -6.235  -3.544  9.604  9.16
772  49  VAL  H  -5.584  -5.671  11.177  7.41
773  49  VAL  HA  -3.909  -5.882  9.083  4.64
774  49  VAL  HB  -5.193  -4.32  8.022  1.8
775  49  VAL  HG11  -6.111  -6.477  7.981  4.12
776  49  VAL  HG12  -6.951  -6.143  9.281  63.12
777  49  VAL  HG13  -7.264  -5.392  7.923  176.48
778  49  VAL  HG21  -5.577  -2.869  9.832  8.97
779  49  VAL  HG22  -6.923  -3.149  9.046  31.93
780  49  VAL  HG23  -6.637  -3.89  10.416  2.3
781  50  LYS  N  -2.645  -3.66  9.223  2.3
782  50  LYS  CA  -1.674  -2.632  9.556  50.47
783  50  LYS  C  -1.621  -1.602  8.426  1.7
784  50  LYS  O  -1.49  -1.963  7.257  4.42
785  50  LYS  CB  -0.318  -3.261  9.879  8.31
786  50  LYS  CG  0.252  -2.696  11.182  4.38
787  50  LYS  CD  -0.203  -3.525  12.384  2.4
788  50  LYS  CE  0.549  -3.113  13.651  1.85
789  50  LYS  NZ  1.858  -3.801  13.724  2.11
790  50  LYS  H  -2.669  -3.882  8.392  8.59
791  50  LYS  HA  -1.984  -2.189  10.361  4.66
792  50  LYS  HB2  -0.412  -4.223  9.954  1.05
793  50  LYS  HB3  0.302  -3.093  9.152  1.26
794  50  LYS  HG2  1.221  -2.688  11.138  1.24
795  50  LYS  HG3  -0.035  -1.776  11.292  1.24
796  50  LYS  HD2  -1.157  -3.41  12.518  1.57
797  50  LYS  HD3  -0.054  -4.467  12.207  1.57
798  50  LYS  HE2  0.682  -2.152  13.657  2.73
799  50  LYS  HE3  0.02  -3.331  14.434  2.81
800  50  LYS  HZ1  2.345  -3.588  13.01  116.81
801  50  LYS  HZ2  2.285  -3.547  14.462  8.47
802  50  LYS  HZ3  1.729  -4.681  13.744  4.35
803  51  TYR  N  -1.725  -0.339  8.814  8.35
804  51  TYR  CA  -1.691  0.746  7.848  29.12
805  51  TYR  C  -0.412  1.572  7.997  27.44
806  51  TYR  O  -0.328  2.443  8.861  8.15
807  51  TYR  CB  -2.896  1.633  8.167  4.18
808  51  TYR  CG  -4.247  0.964  7.903  121.88
809  51  TYR  CD1  -4.795  0.991  6.637  57.78
810  51  TYR  CD2  -4.918  0.334  8.932  177.38
811  51  TYR  CE1  -6.067  0.362  6.389  7.53
812  51  TYR  CE2  -6.189  -0.295  8.684  4.32
813  51  TYR  CZ  -6.701  -0.25  7.425  0.77
814  51  TYR  OH  -7.902  -0.844  7.191  1.29
815  51  TYR  H  -1.816  -0.094  9.633  8.17
816  51  TYR  HA  -1.715  0.357  6.96  5.14
817  51  TYR  HB2  -2.853  1.898  9.099  2.7
818  51  TYR  HB3  -2.838  2.444  7.638  2.52
819  51  TYR  HD1  -4.344  1.416  5.944  6.64
820  51  TYR  HD2  -4.548  0.316  9.785  6.64
821  51  TYR  HE1  -6.446  0.374  5.54  6.45
822  51  TYR  HE2  -6.65  -0.722  9.37  6.45
823  51  TYR  HH  -8.239  -1.104  7.915  33.17
824  52  VAL  N  0.554  1.269  7.141  26.97
825  52  VAL  CA  1.825  1.973  7.167  8.65
826  52  VAL  C  1.748  3.189  6.241  4.41
827  52  VAL  O  1.309  3.076  5.098  111.91
828  52  VAL  CB  2.961  1.015  6.803  7.24
829  52  VAL  CG1  4.171  1.78  6.263  4.57
830  52  VAL  CG2  3.35  0.146  8  4.14
831  52  VAL  H  0.489  0.658  6.539  8.84
832  52  VAL  HA  1.971  2.281  8.075  4.43
833  52  VAL  HB  2.642  0.428  6.1  1.95
834  52  VAL  HG11  4.398  2.498  6.874  8.75
835  52  VAL  HG12  4.925  1.175  6.18  58.82
836  52  VAL  HG13  3.957  2.15  5.392  116.59
837  52  VAL  HG21  2.549  -0.214  8.413  63.54
838  52  VAL  HG22  3.915  -0.583  7.7  64.12
839  52  VAL  HG23  3.832  0.684  8.647  26.74
840  53  CYS  N  2.182  4.323  6.771  17.24
841  53  CYS  CA  2.168  5.559  6.006  9.3
842  53  CYS  C  3.616  5.998  5.776  4.53
843  53  CYS  O  4.489  5.723  6.597  1.64
844  53  CYS  CB  1.347  6.646  6.702  2.79
845  53  CYS  SG  -0.237  6.071  7.417  7.93
846  53  CYS  H  2.487  4.394  7.572  9.29
847  53  CYS  HA  1.73  5.36  5.164  5.8
848  53  CYS  HB2  1.884  7.037  7.409  2.97
849  53  CYS  HB3  1.161  7.353  6.064  3.69
850  54  CYS  N  3.825  6.672  4.655  175.4
851  54  CYS  CA  5.152  7.151  4.306  52.32
852  54  CYS  C  5  8.453  3.517  30.07
853  54  CYS  O  4.004  8.65  2.823  1.34
854  54  CYS  CB  5.946  6.101  3.527  8.35
855  54  CYS  SG  4.929  4.802  2.734  3.93
856  54  CYS  H  3.209  6.86  4.085  9.09
857  54  CYS  HA  5.62  7.307  5.141  5.01
858  54  CYS  HB2  6.466  6.549  2.842  3.54
859  54  CYS  HB3  6.576  5.677  4.13  3.36
860  55  ASN  N  6.003  9.308  3.65  8.25
861  55  ASN  CA  5.994  10.586  2.958  4.76
862  55  ASN  C  7.014  10.551  1.818  119.15
863  55  ASN  O  7.854  11.442  1.705  54.13
864  55  ASN  CB  6.379  11.726  3.902  175.66
865  55  ASN  CG  7.733  11.459  4.562  7.23
866  55  ASN  OD1  7.921  10.494  5.286  42.87
867  55  ASN  ND2  8.664  12.363  4.273  120.01
868  55  ASN  H  6.697  9.164  4.137  8.48
869  55  ASN  HA  5.085  10.696  2.638  5.08
870  55  ASN  HB2  6.415  12.561  3.409  3.3
871  55  ASN  HB3  5.697  11.829  4.584  2.57
872  55  ASN  HD21  8.476  13.024  3.756  6.65
873  55  ASN  HD22  9.454  12.287  4.603  7.43
874  56  THR  N  6.908  9.512  1.003  1.46
875  56  THR  CA  7.81  9.35  -0.124  1.55
876  56  THR  C  7.03  8.963  -1.382  1.79
877  56  THR  O  5.941  8.397  -1.291  1.79
878  56  THR  CB  8.877  8.325  0.268  3.1
879  56  THR  OG1  8.163  7.357  1.032  3.1
880  56  THR  CG2  9.902  8.893  1.251  53.87
881  56  THR  H  6.318  8.892  1.088  7.5
882  56  THR  HA  8.233  10.204  -0.303  4.63
883  56  THR  HB  9.314  7.962  -0.518  4.22
884  56  THR  HG1  8.66  6.701  1.201  27.76
885  56  THR  HG21  10.302  9.693  0.875  8.36
886  56  THR  HG22  9.461  9.115  2.086  4.24
887  56  THR  HG23  10.593  8.232  1.416  8.86
888  57  ASP  N  7.616  9.283  -2.526  4.67
889  57  ASP  CA  6.989  8.976  -3.8  1.38
890  57  ASP  C  7.042  7.466  -4.039  1.69
891  57  ASP  O  8.056  6.826  -3.765  7.78
892  57  ASP  CB  7.721  9.664  -4.954  4.18
893  57  ASP  CG  7.653  11.192  -4.944  1.69
894  57  ASP  OD1  6.65  11.719  -5.472  1.08
895  57  ASP  OD2  8.605  11.8  -4.408  1.75
896  57  ASP  H  8.378  9.678  -2.581  8.16
897  57  ASP  HA  6.081  9.308  -3.723  4.77
898  57  ASP  HB2  8.653  9.395  -4.934  2.48
899  57  ASP  HB3  7.352  9.343  -5.791  2.26
900  58  LYS  N  5.938  6.94  -4.548  8.36
901  58  LYS  CA  5.846  5.517  -4.827  4.54
902  58  LYS  C  6.386  4.731  -3.63  65.7
903  58  LYS  O  7.256  3.877  -3.786  4.04
904  58  LYS  CB  6.544  5.184  -6.147  0.7
905  58  LYS  CG  5.898  5.935  -7.313  124.5
906  58  LYS  CD  6.483  5.477  -8.651  57.64
907  58  LYS  CE  5.795  4.201  -9.141  8.8
908  58  LYS  NZ  6.34  3.791  -10.455  4.21
909  58  LYS  H  5.232  7.394  -4.736  9.7
910  58  LYS  HA  4.906  5.303  -4.937  3.44
911  58  LYS  HB2  7.484  5.417  -6.088  1.8
912  58  LYS  HB3  6.499  4.229  -6.308  1.8
913  58  LYS  HG2  4.939  5.786  -7.307  1.09
914  58  LYS  HG3  6.038  6.889  -7.205  0.92
915  58  LYS  HD2  6.378  6.18  -9.311  1.55
916  58  LYS  HD3  7.435  5.319  -8.555  1.55
917  58  LYS  HE2  5.922  3.489  -8.495  2.75
918  58  LYS  HE3  4.839  4.35  -9.214  2.75
919  58  LYS  HZ1  6.206  4.442  -11.047  0.99
920  58  LYS  HZ2  7.213  3.636  -10.378  8.13
921  58  LYS  HZ3  5.929  3.05  -10.729  4.32
922  59  CYS  N  5.846  5.049  -2.462  1.78
923  59  CYS  CA  6.263  4.383  -1.24  1.38
924  59  CYS  C  5.387  3.143  -1.046  1.12
925  59  CYS  O  5.893  2.061  -0.752  24.82
926  59  CYS  CB  6.198  5.322  -0.034  4.71
927  59  CYS  SG  4.594  5.33  0.847  122.96
928  59  CYS  H  5.237  5.648  -2.36  7.57
929  59  CYS  HA  7.192  4.133  -1.362  4.39
930  59  CYS  HB2  6.895  5.073  0.593  3.31
931  59  CYS  HB3  6.394  6.224  -0.331  3.54
932  60  ASN  N  4.089  3.342  -1.217  40.29
933  60  ASN  CA  3.138  2.254  -1.065  7.72
934  60  ASN  C  3.051  1.471  -2.376  4.53
935  60  ASN  O  3.034  0.241  -2.369  4.38
936  60  ASN  CB  1.741  2.785  -0.737  8
937  60  ASN  CG  1.176  3.599  -1.903  4.73
938  60  ASN  OD1  1.899  4.134  -2.728  117.41
939  60  ASN  ND2  -0.152  3.664  -1.925  59.82
940  60  ASN  H  3.742  4.102  -1.422  8.96
941  60  ASN  HA  3.481  1.717  -0.334  4.3
942  60  ASN  HB2  1.148  2.044  -0.539  2.61
943  60  ASN  HB3  1.78  3.338  0.059  2.13
944  60  ASN  HD21  -0.611  3.267  -1.316  7.28
945  60  ASN  HD22  -0.612  3.267  -1.317  7.5
