1  1  GLU  N  8.014  -14.63  8.682  120.46
2  1  GLU  CA  8.033  -15.77  9.582  55.72
3  1  GLU  C  7.427  -15.39  10.935  175.56
4  1  GLU  O  8.016  -15.658  11.981  55.76
5  1  GLU  CB  9.454  -16.311  9.752  32.59
6  1  GLU  CG  9.47  -17.84  9.693  30.71
7  1  GLU  CD  10.209  -18.333  8.447  4.31
8  1  GLU  OE1  9.673  -18.104  7.341  1.79
9  1  GLU  OE2  11.293  -18.929  8.629  8.28
10  1  GLU  HA  7.485  -16.446  9.154  4.33
11  1  GLU  HB2  10.026  -15.951  9.056  64.53
12  1  GLU  HB3  9.819  -16.014  10.6  4.31
13  1  GLU  HG2  9.898  -18.194  10.488  2.37
14  1  GLU  HG3  8.56  -18.176  9.688  2.11
15  1  GLU  H  8.421  -14.846  7.92  1.91
16  1  GLU  H2  7.171  -14.399  8.513  176.88
17  1  GLU  H3  8.439  -13.946  9.061  176.45
18  2  GLU  N  6.257  -14.77  10.869  122.44
19  2  GLU  CA  5.565  -14.35  12.075  55.7
20  2  GLU  C  4.215  -13.724  11.721  115.58
21  2  GLU  O  3.2  -14.032  12.345  58.3
22  2  GLU  CB  6.422  -13.38  12.89  176.73
23  2  GLU  CG  6.304  -13.669  14.388  2.71
24  2  GLU  CD  7.535  -13.164  15.143  63.67
25  2  GLU  OE1  8.54  -13.908  15.151  25.91
26  2  GLU  OE2  7.444  -12.047  15.695  8.28
27  2  GLU  H  5.851  -14.586  10.134  8.31
28  2  GLU  HA  5.427  -15.161  12.589  4.66
29  2  GLU  HB2  7.35  -13.454  12.616  2.95
30  2  GLU  HB3  6.145  -12.468  12.71  2.95
31  2  GLU  HG2  5.507  -13.243  14.741  118.53
32  2  GLU  HG3  6.202  -14.623  14.53  55.39
33  3  TYR  N  4.246  -12.855  10.721  123.74
34  3  TYR  CA  3.037  -12.182  10.276  1.55
35  3  TYR  C  2.321  -11.509  11.449  32.84
36  3  TYR  O  1.571  -12.157  12.178  1.2
37  3  TYR  CB  2.133  -13.275  9.702  3.07
38  3  TYR  CG  0.958  -12.742  8.879  2.84
39  3  TYR  CD1  -0.197  -12.331  9.512  116.94
40  3  TYR  CD2  1.055  -12.673  7.504  58
41  3  TYR  CE1  -1.303  -11.829  8.737  173.91
42  3  TYR  CE2  -0.051  -12.171  6.729  1.86
43  3  TYR  CZ  -1.175  -11.774  7.384  1.91
44  3  TYR  OH  -2.219  -11.301  6.653  2.1
45  3  TYR  H  4.959  -12.643  10.289  8.06
46  3  TYR  HA  3.292  -11.505  9.63  4.04
47  3  TYR  HB2  2.666  -13.862  9.144  2.95
48  3  TYR  HB3  1.788  -13.813  10.432  1.98
49  3  TYR  HD1  -0.262  -12.378  10.439  7.07
50  3  TYR  HD2  1.834  -12.95  7.077  7.07
51  3  TYR  HE1  -2.087  -11.55  9.153  56.12
52  3  TYR  HE2  0.003  -12.12  5.802  175.17
53  3  TYR  HH  -2.814  -10.998  7.163  8.87
54  4  VAL  N  2.577  -10.217  11.595  30.76
55  4  VAL  CA  1.966  -9.45  12.667  36.08
56  4  VAL  C  2.155  -7.957  12.391  173.63
57  4  VAL  O  2.634  -7.219  13.25  8.51
58  4  VAL  CB  2.541  -9.886  14.016  125.11
59  4  VAL  CG1  4.06  -9.713  14.046  8.42
60  4  VAL  CG2  1.879  -9.123  15.166  4.18
61  4  VAL  H  3.103  -9.77  11.081  7.93
62  4  VAL  HA  1.017  -9.649  12.666  3.9
63  4  VAL  HB  2.345  -10.829  14.133  2
64  4  VAL  HG11  4.31  -8.95  13.502  2.06
65  4  VAL  HG12  4.351  -9.567  14.96  118.96
66  4  VAL  HG13  4.484  -10.512  13.695  54.87
67  4  VAL  HG21  0.925  -9.058  15.003  174.55
68  4  VAL  HG22  2.034  -9.597  15.998  4.01
69  4  VAL  HG23  2.259  -8.233  15.225  30.44
70  5  GLY  N  1.769  -7.556  11.188  34.2
71  5  GLY  CA  1.891  -6.165  10.788  175.67
72  5  GLY  C  1.078  -5.256  11.712  123.61
73  5  GLY  O  -0.15  -5.228  11.639  110.96
74  5  GLY  H  1.435  -8.078  10.592  7.98
75  5  GLY  HA2  2.824  -5.9  10.807  4.54
76  5  GLY  HA3  1.584  -6.06  9.874  1.86
77  6  LEU  N  1.796  -4.535  12.561  121.94
78  6  LEU  CA  1.157  -3.627  13.498  2.09
79  6  LEU  C  1.467  -2.184  13.097  1.99
80  6  LEU  O  0.676  -1.279  13.358  7.32
81  6  LEU  CB  1.562  -3.967  14.934  6.52
82  6  LEU  CG  3.06  -3.906  15.24  122.75
83  6  LEU  CD1  3.472  -2.501  15.683  53.93
84  6  LEU  CD2  3.453  -4.969  16.268  176.52
85  6  LEU  H  2.654  -4.56  12.607  7.87
86  6  LEU  HA  0.199  -3.766  13.43  4.45
87  6  LEU  HB2  1.103  -3.358  15.534  1.53
88  6  LEU  HB3  1.244  -4.86  15.139  1.53
89  6  LEU  HG  3.545  -4.103  14.423  42.03
90  6  LEU  HD11  2.723  -1.894  15.573  174.67
91  6  LEU  HD12  3.738  -2.521  16.616  8.55
92  6  LEU  HD13  4.217  -2.197  15.141  4.35
93  6  LEU  HD21  2.819  -4.959  17.002  1.18
94  6  LEU  HD22  3.447  -5.843  15.847  0.68
95  6  LEU  HD23  4.343  -4.78  16.605  1.12
96  7  SER  N  2.621  -2.014  12.468  117.64
97  7  SER  CA  3.046  -0.696  12.027  1.57
98  7  SER  C  3.003  -0.616  10.5  1.57
99  7  SER  O  2.271  -1.364  9.856  2.91
100  7  SER  CB  4.451  -0.371  12.537  2.91
101  7  SER  OG  5.456  -1.091  11.827  7.17
102  7  SER  H  3.169  -2.652  12.288  8.41
103  7  SER  HA  2.41  -0.077  12.418  4.47
104  7  SER  HB2  4.614  0.581  12.45  119.86
105  7  SER  HB3  4.509  -0.584  13.482  53.93
106  7  SER  HG  5.887  -0.568  11.331  175.77
107  8  ALA  N  3.799  0.299  9.965  125.04
108  8  ALA  CA  3.862  0.487  8.526  32.32
109  8  ALA  C  5.089  -0.241  7.974  36.08
110  8  ALA  O  5.661  0.174  6.967  64.55
111  8  ALA  CB  3.878  1.983  8.206  4.41
112  8  ALA  H  4.309  0.819  10.422  8.51
113  8  ALA  HA  3.062  0.095  8.142  4.09
114  8  ALA  HB1  4.786  2.261  8.01  5.48
115  8  ALA  HB2  3.544  2.481  8.969  1.86
116  8  ALA  HB3  3.314  2.156  7.436  1.71
117  9  ASN  N  5.458  -1.314  8.657  116.24
118  9  ASN  CA  6.607  -2.104  8.248  1.95
119  9  ASN  C  6.444  -2.512  6.782  122.12
120  9  ASN  O  7.31  -2.23  5.956  57.82
121  9  ASN  CB  6.725  -3.38  9.084  171.54
122  9  ASN  CG  8.066  -3.432  9.819  8.39
123  9  ASN  OD1  8.209  -2.967  10.937  42.34
124  9  ASN  ND2  9.038  -4.023  9.129  113.1
125  9  ASN  H  5.054  -1.599  9.361  8.34
126  9  ASN  HA  7.375  -1.528  8.389  4.5
127  9  ASN  HB2  5.999  -3.418  9.726  2.77
128  9  ASN  HB3  6.636  -4.156  8.509  2.77
129  9  ASN  HD21  8.88  -4.334  8.343  7.62
130  9  ASN  HD22  9.824  -4.094  9.47  6.92
131  10  GLN  N  5.328  -3.17  6.505  118.84
132  10  GLN  CA  5.04  -3.62  5.154  31.83
133  10  GLN  C  4.888  -2.42  4.216  69.98
134  10  GLN  O  5.172  -2.52  3.024  3.45
135  10  GLN  CB  3.789  -4.501  5.124  1.76
136  10  GLN  CG  2.639  -3.847  5.893  1.39
137  10  GLN  CD  2.333  -4.616  7.18  8.31
138  10  GLN  OE1  1.928  -5.767  7.164  129.16
139  10  GLN  NE2  2.549  -3.918  8.291  111.6
140  10  GLN  H  4.727  -3.363  7.088  8.01
141  10  GLN  HA  5.808  -4.15  4.89  4.22
142  10  GLN  HB2  3.521  -4.657  4.205  2.4
143  10  GLN  HB3  3.99  -5.367  5.511  2.19
144  10  GLN  HG2  2.869  -2.93  6.107  2.78
145  10  GLN  HG3  1.847  -3.818  5.334  2.78
146  10  GLN  HE21  2.835  -3.109  8.242  7.5
147  10  GLN  HE22  2.401  -4.276  9.059  6.81
148  11  CYS  N  4.441  -1.313  4.791  113.44
149  11  CYS  CA  4.248  -0.096  4.021  54.24
150  11  CYS  C  5.248  0.95  4.518  173.52
151  11  CYS  O  4.881  2.099  4.761  117.22
152  11  CYS  CB  2.805  0.406  4.109  36.18
153  11  CYS  SG  1.566  -0.883  4.498  32.01
154  11  CYS  H  4.244  -1.25  5.626  7.58
155  11  CYS  HA  4.419  -0.323  3.094  5.33
156  11  CYS  HB2  2.758  1.097  4.788  3.52
157  11  CYS  HB3  2.568  0.821  3.265  2.7
158  12  ALA  N  6.492  0.515  4.654  129.24
159  12  ALA  CA  7.548  1.4  5.117  1.46
160  12  ALA  C  8.595  1.559  4.013  2.62
161  12  ALA  O  9.787  1.372  4.252  1.99
162  12  ALA  CB  8.145  0.847  6.413  57.99
163  12  ALA  H  6.741  -0.29  4.482  7.32
164  12  ALA  HA  7.148  2.264  5.301  4.57
165  12  ALA  HB1  9.067  1.137  6.493  126.25
166  12  ALA  HB2  7.635  1.176  7.17  54.86
167  12  ALA  HB3  8.112  -0.122  6.396  174.66
168  13  VAL  N  8.112  1.903  2.828  45.21
169  13  VAL  CA  8.991  2.089  1.687  28.77
170  13  VAL  C  9.408  3.559  1.605  33.89
171  13  VAL  O  8.66  4.444  2.017  2.68
172  13  VAL  CB  8.308  1.589  0.413  3.04
173  13  VAL  CG1  9.302  0.86  -0.493  109.96
174  13  VAL  CG2  7.112  0.695  0.746  9.83
175  13  VAL  H  7.277  2.031  2.669  7.56
176  13  VAL  HA  9.782  1.548  1.836  4.23
177  13  VAL  HB  7.976  2.362  -0.07  1.79
178  13  VAL  HG11  10.088  0.616  0.021  2.45
179  13  VAL  HG12  8.887  0.059  -0.85  2.14
180  13  VAL  HG13  9.562  1.443  -1.224  7.42
181  13  VAL  HG21  7.331  0.134  1.506  6.68
182  13  VAL  HG22  6.345  1.248  0.962  125.76
183  13  VAL  HG23  6.903  0.136  -0.019  60.3
184  14  PRO  N  10.633  3.779  1.055  175.17
185  14  PRO  CA  11.158  5.126  0.914  2.43
186  14  PRO  C  10.471  5.865  -0.236  35.49
187  14  PRO  O  10.801  7.014  -0.527  21.99
188  14  PRO  CB  12.651  4.945  0.696  21.99
189  14  PRO  CG  12.837  3.501  0.26  8.54
190  14  PRO  CD  11.546  2.755  0.556  4.88
191  14  PRO  HA  10.972  5.646  1.711  1.49
192  14  PRO  HB2  12.98  5.557  0.019  129.1
193  14  PRO  HB3  13.147  5.129  1.509  53.18
194  14  PRO  HG2  13.046  3.456  -0.686  124.07
195  14  PRO  HG3  13.58  3.096  0.734  58.1
196  14  PRO  HD2  11.194  2.328  -0.241  4.05
197  14  PRO  HD3  11.686  2.057  1.214  3.73
198  15  ALA  N  9.527  5.175  -0.86  126.04
199  15  ALA  CA  8.791  5.751  -1.972  56.75
200  15  ALA  C  9.541  5.471  -3.276  174.02
201  15  ALA  O  8.934  5.396  -4.343  25.28
202  15  ALA  CB  8.585  7.248  -1.728  65.52
203  15  ALA  H  9.301  4.372  -0.652  8.52
204  15  ALA  HA  7.923  5.319  -2.008  4.22
205  15  ALA  HB1  9.27  7.749  -2.198  4.84
206  15  ALA  HB2  7.711  7.511  -2.056  3.76
207  15  ALA  HB3  8.644  7.431  -0.777  3.61
208  16  LYS  N  10.852  5.323  -3.146  112.94
209  16  LYS  CA  11.692  5.052  -4.301  109.3
210  16  LYS  C  11.772  3.54  -4.524  44.7
211  16  LYS  O  12.572  3.07  -5.332  175.06
212  16  LYS  CB  13.057  5.723  -4.139  113.86
213  16  LYS  CG  13.836  5.108  -2.974  8.53
214  16  LYS  CD  14.668  3.912  -3.442  4.65
215  16  LYS  CE  16.159  4.152  -3.197  4.65
216  16  LYS  NZ  16.629  3.358  -2.04  120.67
217  16  LYS  H  11.27  5.376  -2.396  8.3
218  16  LYS  HA  11.264  5.454  -5.073  4.06
219  16  LYS  HB2  13.567  5.63  -4.959  1.74
220  16  LYS  HB3  12.938  6.674  -3.987  1.74
221  16  LYS  HG2  14.418  5.777  -2.581  1.35
222  16  LYS  HG3  13.219  4.826  -2.281  1.35
223  16  LYS  HD2  14.384  3.113  -2.971  27.05
224  16  LYS  HD3  14.512  3.755  -4.387  9.07
225  16  LYS  HE2  16.665  3.912  -3.989  4.81
226  16  LYS  HE3  16.318  5.095  -3.035  2.39
227  16  LYS  HZ1  16.345  2.518  -2.122  1.38
228  16  LYS  HZ2  17.519  3.369  -2.015  2.01
229  16  LYS  HZ3  16.306  3.71  -1.289  1.43
230  17  ASP  N  10.933  2.821  -3.794  118.34
231  17  ASP  CA  10.899  1.372  -3.902  116.6
232  17  ASP  C  9.445  0.906  -4.002  63.03
233  17  ASP  O  9.143  -0.256  -3.736  117.98
234  17  ASP  CB  11.524  0.713  -2.671  62.42
235  17  ASP  CG  12.728  -0.185  -2.958  40.01
236  17  ASP  OD1  12.659  -0.922  -3.965  178.88
237  17  ASP  OD2  13.692  -0.113  -2.166  70.88
238  17  ASP  H  10.376  3.156  -3.231  7.74
239  17  ASP  HA  11.411  1.165  -4.699  4.75
240  17  ASP  HB2  11.796  1.408  -2.052  2.79
241  17  ASP  HB3  10.844  0.185  -2.223  2.33
242  18  ARG  N  8.584  1.837  -4.385  119.84
243  18  ARG  CA  7.169  1.536  -4.522  0.9
244  18  ARG  C  6.919  0.738  -5.803  1.7
245  18  ARG  O  7.469  1.057  -6.856  111.57
246  18  ARG  CB  6.334  2.818  -4.558  67.3
247  18  ARG  CG  6.824  3.82  -3.51  176.58
248  18  ARG  CD  6.175  3.552  -2.15  57.44
249  18  ARG  NE  5.777  4.83  -1.519  107.7
250  18  ARG  CZ  5.687  5.018  -0.195  51.85
251  18  ARG  NH1  5.965  4.012  0.645  38.86
252  18  ARG  NH2  5.318  6.212  0.289  112.1
253  18  ARG  H  8.802  2.648  -4.569  6.9
254  18  ARG  HA  6.949  1.012  -3.736  4.18
255  18  ARG  HB2  6.386  3.218  -5.44  1.5
256  18  ARG  HB3  5.402  2.605  -4.396  1.15
257  18  ARG  HG2  7.789  3.763  -3.428  1.6
258  18  ARG  HG3  6.617  4.723  -3.798  0.42
259  18  ARG  HD2  5.398  2.982  -2.26  2.33
260  18  ARG  HD3  6.795  3.078  -1.575  1.82
261  18  ARG  HE  5.593  5.494  -2.033  5.49
262  18  ARG  HH11  6.201  3.245  0.335  56.18
263  18  ARG  HH12  5.907  4.132  1.495  119.31
264  18  ARG  HH21  5.14  6.858  -0.25  29.27
265  18  ARG  HH22  5.26  6.332  1.139  36.49
266  19  VAL  N  6.087  -0.286  -5.671  126.54
267  19  VAL  CA  5.757  -1.132  -6.805  67.96
268  19  VAL  C  4.447  -0.65  -7.432  121.85
269  19  VAL  O  4.013  -1.178  -8.455  55.22
270  19  VAL  CB  5.706  -2.597  -6.366  180.45
271  19  VAL  CG1  5.634  -3.53  -7.577  2.12
272  19  VAL  CG2  6.901  -2.945  -5.476  17.96
273  19  VAL  H  5.705  -0.503  -4.932  9.65
274  19  VAL  HA  6.468  -1.039  -7.458  4.17
275  19  VAL  HB  4.899  -2.724  -5.844  1.99
276  19  VAL  HG11  5.973  -3.069  -8.36  8.09
277  19  VAL  HG12  6.171  -4.32  -7.409  8.28
278  19  VAL  HG13  4.712  -3.792  -7.729  122.12
279  19  VAL  HG21  7.536  -2.212  -5.486  64.46
280  19  VAL  HG22  6.595  -3.095  -4.568  176.98
281  19  VAL  HG23  7.33  -3.748  -5.81  52.59
282  20  ASP  N  3.854  0.347  -6.792  126.74
283  20  ASP  CA  2.602  0.906  -7.274  58.03
284  20  ASP  C  1.601  -0.226  -7.513  7.67
285  20  ASP  O  1.685  -0.932  -8.517  4
286  20  ASP  CB  2.804  1.646  -8.598  3.19
287  20  ASP  CG  1.52  1.931  -9.381  2.58
288  20  ASP  OD1  1.078  1.011  -10.102  7.24
289  20  ASP  OD2  1.01  3.064  -9.241  118.82
290  20  ASP  H  4.163  0.711  -6.076  8.67
291  20  ASP  HA  2.312  1.518  -6.579  4.48
292  20  ASP  HB2  3.251  2.488  -8.418  2.69
293  20  ASP  HB3  3.398  1.123  -9.158  2.54
294  21  CYS  N  0.677  -0.364  -6.573  125.64
295  21  CYS  CA  -0.339  -1.398  -6.669  3.74
296  21  CYS  C  -1.344  -0.986  -7.746  174.2
297  21  CYS  O  -2.038  -1.832  -8.309  178.08
298  21  CYS  CB  -1.018  -1.65  -5.321  61.64
299  21  CYS  SG  -1.345  -3.41  -4.943  117.72
300  21  CYS  H  0.625  0.134  -5.874  8.99
301  21  CYS  HA  0.118  -2.216  -6.919  4.36
302  21  CYS  HB2  -0.462  -1.279  -4.618  3.32
303  21  CYS  HB3  -1.859  -1.167  -5.301  2.91
304  22  GLY  N  -1.39  0.313  -8.002  107.14
305  22  GLY  CA  -2.298  0.847  -9.002  4.11
306  22  GLY  C  -3.755  0.675  -8.568  26.68
307  22  GLY  O  -4.359  -0.37  -8.807  1.29
308  22  GLY  H  -0.901  0.899  -7.605  8.94
309  22  GLY  HA2  -2.109  1.787  -9.146  3.68
310  22  GLY  HA3  -2.154  0.396  -9.848  3.68
311  23  TYR  N  -4.278  1.716  -7.937  179.59
312  23  TYR  CA  -5.653  1.692  -7.466  1.96
313  23  TYR  C  -6.337  3.04  -7.704  38.25
314  23  TYR  O  -5.685  4.083  -7.682  27.94
315  23  TYR  CB  -5.579  1.43  -5.961  43.6
316  23  TYR  CG  -5.627  -0.052  -5.584  118.3
317  23  TYR  CD1  -6.781  -0.78  -5.791  59.76
318  23  TYR  CD2  -4.516  -0.661  -5.039  178.71
319  23  TYR  CE1  -6.826  -2.175  -5.436  32.2
320  23  TYR  CE2  -4.561  -2.057  -4.684  8.33
321  23  TYR  CZ  -5.714  -2.744  -4.901  3.88
322  23  TYR  OH  -5.756  -4.062  -4.566  1.94
323  23  TYR  H  -3.85  2.444  -7.773  7.56
324  23  TYR  HA  -6.126  1.005  -7.961  4.95
325  23  TYR  HB2  -4.76  1.816  -5.614  1.52
326  23  TYR  HB3  -6.315  1.888  -5.526  3.4
327  23  TYR  HD1  -7.53  -0.369  -6.159  6.95
328  23  TYR  HD2  -3.738  -0.171  -4.9  6.95
329  23  TYR  HE1  -7.599  -2.675  -5.571  118.03
330  23  TYR  HE2  -3.818  -2.478  -4.315  59.94
331  23  TYR  HH  -5.746  -4.535  -5.26  1.19
332  24  PRO  N  -7.676  2.973  -7.933  118.03
333  24  PRO  CA  -8.455  4.175  -8.175  119.3
334  24  PRO  C  -8.68  4.953  -6.877  62.17
335  24  PRO  O  -8.024  5.964  -6.632  175.8
336  24  PRO  CB  -9.748  3.686  -8.806  31.99
337  24  PRO  CG  -9.842  2.206  -8.47  32.25
338  24  PRO  CD  -8.48  1.755  -7.967  30.44
339  24  PRO  HA  -7.972  4.776  -8.764  17.61
340  24  PRO  HB2  -10.511  4.171  -8.456  7.11
341  24  PRO  HB3  -9.74  3.825  -9.766  7.8
342  24  PRO  HG2  -10.521  2.054  -7.794  3.42
343  24  PRO  HG3  -10.101  1.696  -9.253  1.53
344  24  PRO  HD2  -8.546  1.352  -7.087  3.7
345  24  PRO  HD3  -8.089  1.091  -8.556  0.3
346  25  HSE  N  -9.611  4.452  -6.078  115.84
347  25  HSE  CA  -9.932  5.087  -4.811  6.55
348  25  HSE  C  -9.004  4.551  -3.719  108.58
349  25  HSE  O  -9.369  3.635  -2.984  112.71
350  25  HSE  CB  -11.413  4.906  -4.472  58.51
351  25  HSE  CG  -11.791  3.49  -4.107  119.97
352  25  HSE  ND1  -13.012  3.162  -3.546  117.14
353  25  HSE  CD2  -11.096  2.323  -4.229  60.82
354  25  HSE  CE1  -13.041  1.853  -3.343  177.9
355  25  HSE  NE2  -11.852  1.335  -3.767  41.33
356  25  HSE  H  -10.141  3.629  -6.285  8.41
357  25  HSE  HA  -9.748  6.154  -4.941  4.49
358  25  HSE  HB2  -11.668  5.565  -3.642  3.31
359  25  HSE  HB3  -12.012  5.222  -5.326  3.31
360  25  HSE  HD1  -13.749  3.803  -3.33  131.1
361  25  HSE  HD2  -10.091  2.219  -4.638  8.22
362  25  HSE  HE1  -13.869  1.289  -2.913  3.68
363  25  HSE  HE2  -11.616  0.363  -3.786  1.92
364  26  VAL  N  -7.821  5.145  -3.648  117.94
365  26  VAL  CA  -6.838  4.738  -2.659  2.23
366  26  VAL  C  -6.974  5.623  -1.418  1.79
367  26  VAL  O  -7.102  6.841  -1.531  116.73
368  26  VAL  CB  -5.436  4.776  -3.269  59.25
369  26  VAL  CG1  -5.286  3.718  -4.364  179.06
370  26  VAL  CG2  -5.108  6.171  -3.805  8.53
371  26  VAL  H  -7.572  5.785  -4.166  7.41
372  26  VAL  HA  -7.034  3.821  -2.411  4.28
373  26  VAL  HB  -4.8  4.57  -2.566  1.89
374  26  VAL  HG11  -5.965  3.857  -5.043  58.31
375  26  VAL  HG12  -4.406  3.792  -4.766  4.5
376  26  VAL  HG13  -5.391  2.835  -3.977  8.23
377  26  VAL  HG21  -5.8  6.793  -3.532  3.88
378  26  VAL  HG22  -4.253  6.461  -3.45  1.77
379  26  VAL  HG23  -5.064  6.143  -4.774  1.68
380  27  THR  N  -6.942  4.976  -0.262  1.48
381  27  THR  CA  -7.06  5.689  0.998  1.32
382  27  THR  C  -6.316  4.94  2.106  1.53
383  27  THR  O  -5.876  3.809  1.908  1.53
384  27  THR  CB  -8.549  5.886  1.292  3.2
385  27  THR  OG1  -8.946  4.665  1.91  2.87
386  27  THR  CG2  -9.394  5.951  0.018  4
387  27  THR  H  -6.853  4.124  -0.191  7.67
388  27  THR  HA  -6.632  6.554  0.902  4.66
389  27  THR  HB  -8.692  6.671  1.844  4.3
390  27  THR  HG1  -9.776  4.666  2.041  46.73
391  27  THR  HG21  -9.187  5.19  -0.546  175.73
392  27  THR  HG22  -10.335  5.933  0.253  43.06
393  27  THR  HG23  -9.195  6.771  -0.46  7.78
394  28  PRO  N  -6.196  5.62  3.278  3.38
395  28  PRO  CA  -5.513  5.031  4.417  3.72
396  28  PRO  C  -6.381  3.963  5.086  120.4
397  28  PRO  O  -6.407  3.856  6.311  57.17
398  28  PRO  CB  -5.199  6.201  5.335  178.2
399  28  PRO  CG  -6.122  7.329  4.903  58.33
400  28  PRO  CD  -6.705  6.961  3.549  42.19
401  28  PRO  HA  -4.707  4.575  4.128  3.25
402  28  PRO  HB2  -5.351  5.965  6.264  22.93
403  28  PRO  HB3  -4.269  6.465  5.258  22.93
404  28  PRO  HG2  -6.829  7.458  5.554  8.3
405  28  PRO  HG3  -5.633  8.165  4.846  4.16
406  28  PRO  HD2  -7.675  6.973  3.568  3.6
407  28  PRO  HD3  -6.427  7.588  2.863  0.88
408  29  LYS  N  -7.071  3.2  4.251  115.84
409  29  LYS  CA  -7.938  2.144  4.745  44.65
410  29  LYS  C  -8.544  1.39  3.56  32.71
411  29  LYS  O  -8.637  0.164  3.581  8.86
412  29  LYS  CB  -8.981  2.714  5.709  4.31
413  29  LYS  CG  -9.429  1.657  6.72  3.86
414  29  LYS  CD  -10.528  0.768  6.134  116.03
415  29  LYS  CE  -10.846  -0.4  7.07  114.77
416  29  LYS  NZ  -12.302  -0.484  7.316  59.25
417  29  LYS  H  -7.049  3.281  3.395  7.67
418  29  LYS  HA  -7.386  1.528  5.252  3.9
419  29  LYS  HB2  -8.61  3.478  6.178  1.75
420  29  LYS  HB3  -9.748  3.034  5.209  1.61
421  29  LYS  HG2  -8.671  1.111  6.98  1.35
422  29  LYS  HG3  -9.755  2.091  7.524  1.35
423  29  LYS  HD2  -11.329  1.294  5.984  3.37
424  29  LYS  HD3  -10.247  0.428  5.27  7.98
425  29  LYS  HE2  -10.529  -1.229  6.679  3.65
426  29  LYS  HE3  -10.376  -0.285  7.911  1.82
427  29  LYS  HZ1  -12.742  -0.3  6.564  1.69
428  29  LYS  HZ2  -12.51  -1.305  7.588  1.19
429  29  LYS  HZ3  -12.531  0.103  7.945  1.19
430  30  GLU  N  -8.941  2.155  2.553  119.64
431  30  GLU  CA  -9.535  1.575  1.361  1.68
432  30  GLU  C  -8.453  0.946  0.481  3.37
433  30  GLU  O  -8.659  -0.121  -0.095  3.37
434  30  GLU  CB  -10.335  2.621  0.583  61.78
435  30  GLU  CG  -10.982  2.004  -0.659  0.27
436  30  GLU  CD  -12.49  2.263  -0.677  54.63
437  30  GLU  OE1  -12.865  3.414  -0.989  114.15
438  30  GLU  OE2  -13.234  1.304  -0.379  55.66
439  30  GLU  H  -8.873  3.012  2.545  7.47
440  30  GLU  HA  -10.139  0.888  1.682  3.98
441  30  GLU  HB2  -11.021  3  1.154  2.08
442  30  GLU  HB3  -9.752  3.349  0.319  1.88
443  30  GLU  HG2  -10.577  2.377  -1.458  2.23
444  30  GLU  HG3  -10.815  1.049  -0.674  2.23
445  31  CYS  N  -7.323  1.634  0.405  118.14
446  31  CYS  CA  -6.209  1.156  -0.395  119.42
447  31  CYS  C  -5.579  -0.039  0.324  118.01
448  31  CYS  O  -5.044  -0.943  -0.317  6.94
449  31  CYS  CB  -5.188  2.264  -0.663  4.22
450  31  CYS  SG  -3.484  1.677  -0.98  1.95
451  31  CYS  H  -7.186  2.38  0.81  8.38
452  31  CYS  HA  -6.576  0.887  -1.252  3.89
453  31  CYS  HB2  -5.485  2.782  -1.427  3.36
454  31  CYS  HB3  -5.174  2.864  0.099  3.1
455  32  ASN  N  -5.663  -0.005  1.646  117.54
456  32  ASN  CA  -5.108  -1.073  2.459  3.8
457  32  ASN  C  -6.191  -2.119  2.728  6.7
458  32  ASN  O  -5.947  -3.108  3.418  116.75
459  32  ASN  CB  -4.618  -0.542  3.808  56.35
460  32  ASN  CG  -5.617  -0.868  4.92  176.15
461  32  ASN  OD1  -6.815  -0.684  4.788  123.01
462  32  ASN  ND2  -5.057  -1.361  6.022  109.7
463  32  ASN  H  -6.038  0.63  2.088  8.21
464  32  ASN  HA  -4.368  -1.429  1.942  4.87
465  32  ASN  HB2  -3.755  -0.931  4.019  3.89
466  32  ASN  HB3  -4.491  0.418  3.754  2.78
467  32  ASN  HD21  -4.205  -1.469  6.059  7.75
468  32  ASN  HD22  -5.547  -1.571  6.697  7.12
469  33  ASN  N  -7.366  -1.865  2.169  121.44
470  33  ASN  CA  -8.487  -2.773  2.34  4.38
471  33  ASN  C  -8.651  -3.619  1.076  2.1
472  33  ASN  O  -8.911  -4.818  1.157  2.06
473  33  ASN  CB  -9.79  -2.002  2.565  2.65
474  33  ASN  CG  -11.005  -2.91  2.367  2.42
475  33  ASN  OD1  -11.325  -3.332  1.268  57.03
476  33  ASN  ND2  -11.663  -3.185  3.49  110.6
477  33  ASN  H  -7.53  -1.171  1.688  8.55
478  33  ASN  HA  -8.266  -3.307  3.119  4.49
479  33  ASN  HB2  -9.801  -1.633  3.462  2.95
480  33  ASN  HB3  -9.837  -1.254  1.949  2.83
481  33  ASN  HD21  -11.392  -2.859  4.238  7.49
482  33  ASN  HD22  -12.36  -3.689  3.468  6.7
483  34  ARG  N  -8.491  -2.961  -0.063  117.64
484  34  ARG  CA  -8.617  -3.637  -1.342  50.8
485  34  ARG  C  -7.62  -4.795  -1.432  4.22
486  34  ARG  O  -7.883  -5.796  -2.096  2.25
487  34  ARG  CB  -8.372  -2.671  -2.503  2.25
488  34  ARG  CG  -9.294  -2.986  -3.683  2.08
489  34  ARG  CD  -8.951  -4.344  -4.299  1.93
490  34  ARG  NE  -9.383  -4.38  -5.714  3.98
491  34  ARG  CZ  -9.1  -5.38  -6.561  3.57
492  34  ARG  NH1  -8.383  -6.431  -6.14  110.66
493  34  ARG  NH2  -9.533  -5.328  -7.828  45.83
494  34  ARG  H  -8.309  -2.122  -0.112  7.44
495  34  ARG  HA  -9.531  -3.962  -1.362  4.32
496  34  ARG  HB2  -8.521  -1.759  -2.207  2.06
497  34  ARG  HB3  -7.446  -2.73  -2.787  1.8
498  34  ARG  HG2  -10.217  -2.986  -3.385  1.65
499  34  ARG  HG3  -9.213  -2.291  -4.355  1.51
500  34  ARG  HD2  -7.996  -4.502  -4.24  2.72
501  34  ARG  HD3  -9.388  -5.053  -3.802  2.72
502  34  ARG  HE  -9.844  -3.718  -6.013  8.76
503  34  ARG  HH11  -8.105  -6.465  -5.327  31.73
504  34  ARG  HH12  -8.202  -7.072  -6.683  22.93
505  34  ARG  HH21  -9.993  -4.654  -8.098  21.68
506  34  ARG  HH22  -9.351  -5.97  -8.371  7.52
507  35  GLY  N  -6.496  -4.619  -0.752  107.34
508  35  GLY  CA  -5.459  -5.636  -0.746  2.29
509  35  GLY  C  -4.115  -5.052  -1.188  175.51
510  35  GLY  O  -3.675  -5.28  -2.314  172.93
511  35  GLY  H  -6.319  -3.916  -0.289  8.05
512  35  GLY  HA2  -5.374  -6.012  0.144  4.12
513  35  GLY  HA3  -5.71  -6.362  -1.338  3.71
514  36  CYS  N  -3.502  -4.309  -0.279  117.14
515  36  CYS  CA  -2.218  -3.69  -0.56  125.11
516  36  CYS  C  -1.898  -2.71  0.571  118.71
517  36  CYS  O  -2.447  -2.821  1.666  174.13
518  36  CYS  CB  -2.208  -3.005  -1.929  8.49
519  36  CYS  SG  -0.898  -3.585  -3.067  68.36
520  36  CYS  H  -3.816  -4.153  0.506  7.59
521  36  CYS  HA  -1.564  -4.406  -0.59  4.64
522  36  CYS  HB2  -3.07  -3.143  -2.351  9.14
523  36  CYS  HB3  -2.105  -2.05  -1.797  4.08
524  37  CYS  N  -1.011  -1.774  0.266  120.44
525  37  CYS  CA  -0.612  -0.776  1.244  178.99
526  37  CYS  C  -0.948  0.607  0.682  9.26
527  37  CYS  O  -0.958  0.802  -0.533  28.57
528  37  CYS  CB  0.868  -0.9  1.607  117.52
529  37  CYS  SG  1.231  -2.085  2.954  118.16
530  37  CYS  H  -0.631  -1.703  -0.502  8.55
531  37  CYS  HA  -1.124  -0.954  2.049  4.12
532  37  CYS  HB2  1.361  -1.169  0.816  2.17
533  37  CYS  HB3  1.2  -0.026  1.865  1.03
534  38  PHE  N  -1.214  1.532  1.592  121.94
535  38  PHE  CA  -1.549  2.891  1.203  4.54
536  38  PHE  C  -0.507  3.884  1.724  3.45
537  38  PHE  O  0.389  3.509  2.479  7.99
538  38  PHE  CB  -2.905  3.216  1.833  4.69
539  38  PHE  CG  -3.331  4.677  1.673  2.39
540  38  PHE  CD1  -3.896  5.097  0.509  2.13
541  38  PHE  CD2  -3.146  5.555  2.695  120.83
542  38  PHE  CE1  -4.292  6.452  0.361  51.43
543  38  PHE  CE2  -3.542  6.911  2.546  174.35
544  38  PHE  CZ  -4.106  7.331  1.382  17.31
545  38  PHE  H  -1.205  1.389  2.44  8.5
546  38  PHE  HA  -1.561  2.918  0.233  5.99
547  38  PHE  HB2  -3.581  2.645  1.435  3.08
548  38  PHE  HB3  -2.871  3.001  2.778  2.64
549  38  PHE  HD1  -4.022  4.496  -0.19  7.12
550  38  PHE  HD2  -2.759  5.268  3.491  7.12
551  38  PHE  HE1  -4.678  6.74  -0.435  7.38
552  38  PHE  HE2  -3.415  7.512  3.245  7.38
553  38  PHE  HZ  -4.365  8.219  1.285  173.22
554  39  ASP  N  -0.659  5.129  1.299  16.91
555  39  ASP  CA  0.258  6.178  1.713  42.97
556  39  ASP  C  -0.17  7.503  1.08  1.4
557  39  ASP  O  -0.663  7.526  -0.047  120.42
558  39  ASP  CB  1.686  5.874  1.255  114.55
559  39  ASP  CG  2.701  6.988  1.52  8.63
560  39  ASP  OD1  3.295  6.964  2.62  4.99
561  39  ASP  OD2  2.86  7.838  0.618  2.47
562  39  ASP  H  -1.288  5.384  0.771  9.08
563  39  ASP  HA  0.205  6.196  2.681  4.54
564  39  ASP  HB2  1.989  5.066  1.699  3.04
565  39  ASP  HB3  1.673  5.687  0.303  2.85
566  40  SER  N  0.033  8.575  1.832  61.13
567  40  SER  CA  -0.326  9.901  1.358  173.98
568  40  SER  C  0.798  10.89  1.671  39.28
569  40  SER  O  0.602  12.102  1.597  32.64
570  40  SER  CB  -1.639  10.373  1.985  21.99
571  40  SER  OG  -1.513  10.589  3.388  21.36
572  40  SER  H  0.378  8.552  2.619  9.72
573  40  SER  HA  -0.441  9.809  0.399  4.41
574  40  SER  HB2  -1.924  11.195  1.556  1.81
575  40  SER  HB3  -2.331  9.713  1.82  54.06
576  40  SER  HG  -0.971  10.038  3.716  118.3
577  41  ARG  N  1.952  10.337  2.014  120.34
578  41  ARG  CA  3.108  11.156  2.338  178.91
579  41  ARG  C  3.463  12.064  1.159  1.96
580  41  ARG  O  3.67  13.264  1.335  8.17
581  41  ARG  CB  4.318  10.287  2.687  126.71
582  41  ARG  CG  5.151  10.929  3.798  51.11
583  41  ARG  CD  6.603  10.448  3.743  174.86
584  41  ARG  NE  7.051  10.034  5.091  47.04
585  41  ARG  CZ  7.415  10.888  6.057  39.48
586  41  ARG  NH1  7.387  12.208  5.829  4
587  41  ARG  NH2  7.808  10.422  7.25  41.81
588  41  ARG  H  2.083  9.488  2.063  7.76
589  41  ARG  HA  2.834  11.676  3.109  3.84
590  41  ARG  HB2  4.019  9.408  2.968  1.92
591  41  ARG  HB3  4.868  10.161  1.898  1.92
592  41  ARG  HG2  5.123  11.895  3.712  1.8
593  41  ARG  HG3  4.768  10.71  4.662  1.72
594  41  ARG  HD2  6.681  9.705  3.125  3.16
595  41  ARG  HD3  7.173  11.157  3.408  3.16
596  41  ARG  HE  7.079  9.192  5.266  56.88
597  41  ARG  HH11  7.134  12.507  5.063  178.52
598  41  ARG  HH12  7.62  12.757  6.449  3.67
599  41  ARG  HH21  7.827  9.575  7.396  42.34
600  41  ARG  HH22  8.042  10.97  7.87  26.69
601  42  ILE  N  3.524  11.456  -0.017  24.18
602  42  ILE  CA  3.85  12.195  -1.225  24.49
603  42  ILE  C  3.06  11.617  -2.401  8.79
604  42  ILE  O  2.967  10.399  -2.551  3.71
605  42  ILE  CB  5.363  12.212  -1.45  1.64
606  42  ILE  CG1  6.037  11.04  -0.734  1.25
607  42  ILE  CG2  5.964  13.557  -1.037  1.39
608  42  ILE  CD  5.52  9.702  -1.267  38.24
609  42  ILE  H  3.378  10.617  -0.133  8.09
610  42  ILE  HA  3.57  13.114  -1.089  4.63
611  42  ILE  HB  5.531  12.103  -2.399  1.67
612  42  ILE  HG12  6.998  11.091  -0.857  1.37
613  42  ILE  HG13  5.87  11.099  0.22  0.97
614  42  ILE  HG21  5.571  13.842  -0.197  114.48
615  42  ILE  HG22  6.923  13.464  -0.929  55.27
616  42  ILE  HG23  5.779  14.218  -1.722  179.5
617  42  ILE  HD11  5.028  9.859  -2.227  57.11
618  42  ILE  HD12  6.356  9.014  -1.396  16.71
619  42  ILE  HD13  4.808  9.279  -0.559  8.33
620  43  PRO  N  2.498  12.54  -3.225  3.7
621  43  PRO  CA  1.719  12.134  -4.383  2.55
622  43  PRO  C  2.628  11.634  -5.507  125.06
623  43  PRO  O  2.285  10.686  -6.212  8.34
624  43  PRO  CB  0.919  13.367  -4.77  103.98
625  43  PRO  CG  1.62  14.544  -4.111  60.56
626  43  PRO  CD  2.588  13.99  -3.078  174.45
627  43  PRO  HA  1.142  11.388  -4.156  4.77
628  43  PRO  HB2  0.891  13.475  -5.734  2.41
629  43  PRO  HB3  0  13.295  -4.467  2.01
630  43  PRO  HG2  2.095  15.071  -4.773  2.1
631  43  PRO  HG3  0.973  15.132  -3.69  7.3
632  43  PRO  HD2  3.491  14.305  -3.237  4.35
633  43  PRO  HD3  2.343  14.268  -2.182  4.43
634  44  GLY  N  3.769  12.294  -5.64  107.84
635  44  GLY  CA  4.73  11.928  -6.667  4.03
636  44  GLY  C  4.807  10.408  -6.829  117.19
637  44  GLY  O  4.788  9.898  -7.948  59.43
638  44  GLY  H  4.002  12.956  -5.144  8.71
639  44  GLY  HA2  4.477  12.334  -7.511  3.99
640  44  GLY  HA3  5.605  12.277  -6.435  3.64
641  45  VAL  N  4.893  9.728  -5.695  8.4
642  45  VAL  CA  4.973  8.277  -5.697  27.04
643  45  VAL  C  3.559  7.692  -5.684  37.65
644  45  VAL  O  2.584  8.421  -5.507  2.01
645  45  VAL  CB  5.828  7.799  -4.522  1.8
646  45  VAL  CG1  6.924  8.814  -4.193  121.71
647  45  VAL  CG2  4.962  7.509  -3.295  8.16
648  45  VAL  H  4.906  10.092  -4.916  7.12
649  45  VAL  HA  5.414  8.009  -6.518  4.68
650  45  VAL  HB  6.259  6.97  -4.785  2.2
651  45  VAL  HG11  7.09  9.375  -4.967  2.06
652  45  VAL  HG12  6.639  9.367  -3.448  1.66
653  45  VAL  HG13  7.739  8.345  -3.954  109.87
654  45  VAL  HG21  4.289  8.202  -3.204  61.69
655  45  VAL  HG22  4.528  6.648  -3.401  172.76
656  45  VAL  HG23  5.52  7.495  -2.502  1.53
657  46  PRO  N  3.491  6.348  -5.88  70.86
658  46  PRO  CA  2.213  5.658  -5.893  4.06
659  46  PRO  C  1.653  5.515  -4.476  21.05
660  46  PRO  O  1.962  4.551  -3.777  7.54
661  46  PRO  CB  2.495  4.32  -6.558  5.08
662  46  PRO  CG  4  4.121  -6.472  3.69
663  46  PRO  CD  4.625  5.454  -6.093  4.29
664  46  PRO  HA  1.556  6.173  -6.387  4.17
665  46  PRO  HB2  2.023  3.602  -6.108  2.34
666  46  PRO  HB3  2.197  4.321  -7.481  1.63
667  46  PRO  HG2  4.216  3.444  -5.811  1.92
668  46  PRO  HG3  4.35  3.811  -7.322  1.85
669  46  PRO  HD2  5.167  5.374  -5.293  3.75
670  46  PRO  HD3  5.206  5.783  -6.797  3.38
671  47  TRP  N  0.839  6.488  -4.095  124.24
672  47  TRP  CA  0.233  6.483  -2.774  22.03
673  47  TRP  C  0.014  5.026  -2.36  20.46
674  47  TRP  O  0.443  4.612  -1.285  8.19
675  47  TRP  CB  -1.055  7.308  -2.759  4.7
676  47  TRP  CG  -0.846  8.781  -2.402  1.64
677  47  TRP  CD1  0.242  9.535  -2.614  4.53
678  47  TRP  CD2  -1.798  9.654  -1.757  37.01
679  47  TRP  NE1  0.061  10.824  -2.155  126.9
680  47  TRP  CE2  -1.218  10.898  -1.617  56.36
681  47  TRP  CE3  -3.105  9.399  -1.306  177.5
682  47  TRP  CZ2  -1.873  11.987  -1.027  7.84
683  47  TRP  CZ3  -3.745  10.497  -0.719  125.63
684  47  TRP  CH2  -3.176  11.756  -0.571  52.84
685  47  TRP  H  0.627  7.159  -4.589  8.16
686  47  TRP  HA  0.852  6.912  -2.162  5.06
687  47  TRP  HB2  -1.474  7.253  -3.632  41.09
688  47  TRP  HB3  -1.672  6.916  -2.122  108.56
689  47  TRP  HD1  1.02  9.229  -3.02  7.12
690  47  TRP  HE1  0.634  11.464  -2.195  9.72
691  47  TRP  HE3  -3.514  8.568  -1.39  7.73
692  47  TRP  HZ2  -1.463  12.818  -0.943  7.44
693  47  TRP  HZ3  -4.612  10.375  -0.406  7.31
694  47  TRP  HH2  -3.659  12.442  -0.17  2.45
695  48  CYS  N  -0.653  4.289  -3.236  118.44
696  48  CYS  CA  -0.934  2.888  -2.975  6.71
697  48  CYS  C  0.161  2.047  -3.635  124.65
698  48  CYS  O  0.256  1.996  -4.861  61.41
699  48  CYS  CB  -2.329  2.49  -3.462  173.25
700  48  CYS  SG  -3.037  1.015  -2.641  56.33
701  48  CYS  H  -0.95  4.586  -3.986  8.47
702  48  CYS  HA  -0.921  2.776  -2.012  6.04
703  48  CYS  HB2  -2.93  3.239  -3.327  3.55
704  48  CYS  HB3  -2.291  2.326  -4.417  2.75
705  49  PHE  N  0.96  1.408  -2.794  124.84
706  49  PHE  CA  2.045  0.573  -3.28  1.86
707  49  PHE  C  2.054  -0.782  -2.57  1.29
708  49  PHE  O  1.438  -0.939  -1.517  1.34
709  49  PHE  CB  3.35  1.307  -2.967  57.58
710  49  PHE  CG  3.422  1.872  -1.547  179.4
711  49  PHE  CD1  3.569  1.032  -0.488  9.55
712  49  PHE  CD2  3.34  3.214  -1.344  42.57
713  49  PHE  CE1  3.635  1.556  0.83  127.63
714  49  PHE  CE2  3.406  3.738  -0.026  59.88
715  49  PHE  CZ  3.553  2.898  1.033  175.26
716  49  PHE  H  0.888  1.448  -1.938  9.15
717  49  PHE  HA  1.901  0.438  -4.23  5.84
718  49  PHE  HB2  4.093  0.698  -3.101  3.11
719  49  PHE  HB3  3.461  2.033  -3.6  2.54
720  49  PHE  HD1  3.625  0.114  -0.627  7.3
721  49  PHE  HD2  3.239  3.789  -2.068  6.86
722  49  PHE  HE1  3.736  0.981  1.554  5.03
723  49  PHE  HE2  3.35  4.656  0.113  1.49
724  49  PHE  HZ  3.597  3.241  1.896  1.44
725  50  LYS  N  2.759  -1.727  -3.174  0.9
726  50  LYS  CA  2.856  -3.064  -2.613  7.93
727  50  LYS  C  3.618  -3.001  -1.287  3.71
728  50  LYS  O  4.288  -2.011  -0.998  2.04
729  50  LYS  CB  3.47  -4.028  -3.629  1.82
730  50  LYS  CG  2.492  -4.318  -4.77  118.11
731  50  LYS  CD  2.468  -5.811  -5.106  59.89
732  50  LYS  CE  2.742  -6.043  -6.593  124.5
733  50  LYS  NZ  2.054  -7.266  -7.062  54.85
734  50  LYS  H  3.188  -1.61  -3.91  8.42
735  50  LYS  HA  1.953  -3.371  -2.435  4.53
736  50  LYS  HB2  4.287  -3.649  -3.988  2
737  50  LYS  HB3  3.712  -4.858  -3.188  2
738  50  LYS  HG2  1.602  -4.024  -4.52  1.59
739  50  LYS  HG3  2.748  -3.811  -5.556  1.59
740  50  LYS  HD2  3.132  -6.277  -4.574  1.78
741  50  LYS  HD3  1.604  -6.184  -4.87  1.78
742  50  LYS  HE2  2.439  -5.278  -7.106  3.11
743  50  LYS  HE3  3.697  -6.126  -6.742  3.11
744  50  LYS  HZ1  1.608  -7.633  -6.385  9.33
745  50  LYS  HZ2  1.485  -7.055  -7.713  5.45
746  50  LYS  HZ3  2.655  -7.846  -7.37  2.77
747  51  PRO  N  3.486  -4.1  -0.496  2.39
748  51  PRO  CA  4.153  -4.179  0.792  4.34
749  51  PRO  C  5.65  -4.441  0.619  6.5
750  51  PRO  O  6.045  -5.466  0.065  45.87
751  51  PRO  CB  3.437  -5.294  1.538  6.38
752  51  PRO  CG  2.71  -6.104  0.478  7.39
753  51  PRO  CD  2.701  -5.291  -0.806  119.12
754  51  PRO  HA  4.084  -3.332  1.26  4.76
755  51  PRO  HB2  4.068  -5.846  2.026  38.31
756  51  PRO  HB3  2.814  -4.933  2.188  28.01
757  51  PRO  HG2  3.153  -6.955  0.337  42.03
758  51  PRO  HG3  1.804  -6.3  0.763  5.63
759  51  PRO  HD2  3.091  -5.788  -1.542  3.84
760  51  PRO  HD3  1.797  -5.059  -1.069  3.73
761  52  LEU  N  6.444  -3.497  1.103  120.14
762  52  LEU  CA  7.889  -3.613  1.008  4.95
763  52  LEU  C  8.287  -5.085  1.126  2.9
764  52  LEU  O  7.791  -5.798  1.998  2.56
765  52  LEU  CB  8.568  -2.708  2.038  39.65
766  52  LEU  CG  10.09  -2.825  2.134  63.01
767  52  LEU  CD1  10.665  -1.755  3.065  176.79
768  52  LEU  CD2  10.506  -4.236  2.556  1.95
769  52  LEU  H  6.161  -2.782  1.489  8.61
770  52  LEU  HA  8.15  -3.294  0.13  4.21
771  52  LEU  HB2  8.345  -1.787  1.831  1.77
772  52  LEU  HB3  8.191  -2.901  2.91  1.77
773  52  LEU  HG  10.464  -2.667  1.253  2.17
774  52  LEU  HD11  9.984  -1.09  3.253  2.17
775  52  LEU  HD12  10.95  -2.169  3.895  1.9
776  52  LEU  HD13  11.425  -1.329  2.639  1.69
777  52  LEU  HD21  9.763  -4.673  3  3.99
778  52  LEU  HD22  10.76  -4.746  1.771  3.61
779  52  LEU  HD23  11.26  -4.183  3.165  120.8
780  53  GLN  N  9.179  -5.498  0.237  122.64
781  53  GLN  CA  9.649  -6.873  0.231  178.27
782  53  GLN  C  10.401  -7.182  1.526  122.52
783  53  GLN  O  11.629  -7.258  1.533  18.54
784  53  GLN  CB  10.527  -7.146  -0.992  8.53
785  53  GLN  CG  11.633  -6.096  -1.119  4.25
786  53  GLN  CD  11.301  -5.08  -2.214  127.57
787  53  GLN  OE1  11.078  -5.419  -3.364  61.33
788  53  GLN  NE2  11.28  -3.818  -1.793  112.6
789  53  GLN  H  9.521  -4.994  -0.37  8.38
790  53  GLN  HA  8.849  -7.419  0.176  4.27
791  53  GLN  HB2  10.922  -8.029  -0.92  2.03
792  53  GLN  HB3  9.981  -7.144  -1.794  1.89
793  53  GLN  HG2  11.747  -5.638  -0.272  2.38
794  53  GLN  HG3  12.476  -6.532  -1.322  2.23
795  53  GLN  HE21  11.445  -3.637  -0.969  7.52
796  53  GLN  HE22  11.102  -3.184  -2.346  6.83
797  54  GLU  N  9.633  -7.353  2.593  121.04
798  54  GLU  CA  10.212  -7.653  3.891  7.77
799  54  GLU  C  11.283  -8.737  3.758  4.28
800  54  GLU  O  10.994  -9.85  3.32  1.93
801  54  GLU  CB  9.13  -8.07  4.89  1.73
802  54  GLU  CG  8.7  -9.52  4.659  2.08
803  54  GLU  CD  8.275  -9.74  3.205  1.94
804  54  GLU  OE1  7.433  -8.946  2.734  114.23
805  54  GLU  OE2  8.801  -10.698  2.599  59.88
806  54  GLU  H  8.775  -7.299  2.581  8.34
807  54  GLU  HA  10.618  -6.824  4.19  4.29
808  54  GLU  HB2  9.465  -7.969  5.795  2.09
809  54  GLU  HB3  8.362  -7.484  4.805  1.97
810  54  GLU  HG2  9.432  -10.117  4.879  18.86
811  54  GLU  HG3  7.965  -9.742  5.252  8.02
812  55  ALA  N  12.497  -8.375  4.143  125.44
813  55  ALA  CA  13.613  -9.303  4.072  4.18
814  55  ALA  C  14.663  -8.912  5.114  5.35
815  55  ALA  O  14.625  -7.808  5.655  9.12
816  55  ALA  CB  14.178  -9.314  2.65  62.04
817  55  ALA  H  12.692  -7.595  4.448  8.27
818  55  ALA  HA  13.275  -10.188  4.28  4.28
819  55  ALA  HB1  14.631  -10.157  2.489  44.85
820  55  ALA  HB2  13.454  -9.209  2.014  172.72
821  55  ALA  HB3  14.808  -8.584  2.547  68.58
822  56  GLU  N  15.577  -9.839  5.363  121.34
823  56  GLU  CA  16.636  -9.605  6.33  3.89
824  56  GLU  C  17.877  -10.421  5.966  4.13
825  56  GLU  O  17.849  -11.651  6.002  110.22
826  56  GLU  CB  16.164  -9.928  7.749  66.03
827  56  GLU  CG  16.95  -9.123  8.785  176.21
828  56  GLU  CD  16.279  -7.774  9.056  113.3
829  56  GLU  OE1  16.559  -6.836  8.28  67.75
830  56  GLU  OE2  15.502  -7.713  10.033  174.18
831  56  GLU  H  15.598  -10.609  4.98  8.48
832  56  GLU  HA  16.835  -8.658  6.27  8.32
833  56  GLU  HB2  15.218  -9.731  7.832  3.31
834  56  GLU  HB3  16.272  -10.876  7.922  3.91
835  56  GLU  HG2  17.014  -9.627  9.611  32
836  56  GLU  HG3  17.856  -8.98  8.469  8.87
837  57  CYS  N  18.938  -9.705  5.623  120.24
838  57  CYS  CA  20.187  -10.348  5.253  9.57
839  57  CYS  C  21.263  -9.918  6.252  124.56
840  57  CYS  O  21.808  -10.748  6.978  55.21
841  57  CYS  CB  20.585  -10.024  3.811  179.85
842  57  CYS  SG  21.352  -11.41  2.896  4.25
843  57  CYS  H  18.951  -8.845  5.6  8.38
844  57  CYS  HA  20.034  -11.305  5.302  4.67
845  57  CYS  HB2  19.795  -9.733  3.329  3.06
846  57  CYS  HB3  21.203  -9.277  3.82  2.94
847  57  CYS  HG  21.623  -11.054  1.783  174.02
848  58  THR  N  21.538  -8.622  6.256  116.64
849  58  THR  CA  22.539  -8.072  7.154  120.89
850  58  THR  C  22.472  -6.543  7.155  54.46
851  58  THR  O  22.491  -5.917  6.097  180.59
852  58  THR  CB  23.904  -8.62  6.732  4.76
853  58  THR  OG1  24.803  -8.101  7.709  17.64
854  58  THR  CG2  24.396  -8.017  5.415  7.66
855  58  THR  H  21.153  -8.047  5.745  8.11
856  58  THR  HA  22.336  -8.367  8.056  4.34
857  58  THR  HB  23.889  -9.589  6.685  4.13
858  58  THR  HG1  25.531  -8.519  7.68  173.47
859  58  THR  HG21  23.645  -7.639  4.932  120.66
860  58  THR  HG22  25.045  -7.32  5.601  65.31
861  58  THR  HG23  24.811  -8.709  4.877  176.4
862  59  PHE  N  22.395  -5.987  8.355  4.29
863  59  PHE  CA  22.326  -4.544  8.508  43.35
864  59  PHE  C  21.274  -3.944  7.572  29.19
865  59  PHE  O  21.563  -3.655  6.412  17.61
866  59  PHE  CB  23.701  -3.988  8.134  31.7
867  59  PHE  CG  23.794  -2.462  8.2  7.46
868  59  PHE  CD1  23.652  -1.823  9.392  3.22
869  59  PHE  CD2  24.017  -1.745  7.066  1.3
870  59  PHE  CE1  23.738  -0.407  9.453  1.45
871  59  PHE  CE2  24.104  -0.329  7.127  0.51
872  59  PHE  CZ  23.962  0.311  8.319  64.04
873  59  PHE  H  22.383  -6.432  9.091  7.75
874  59  PHE  HA  22.078  -4.364  9.428  4.44
875  59  PHE  HB2  24.366  -4.369  8.728  3.13
876  59  PHE  HB3  23.924  -4.277  7.235  2.91
877  59  PHE  HD1  23.499  -2.313  10.168  122.97
878  59  PHE  HD2  24.114  -2.182  6.251  118.33
879  59  PHE  HE1  23.642  0.03  10.268  59.57
880  59  PHE  HE2  24.257  0.162  6.352  177.32
881  59  PHE  HZ  24.018  1.238  8.36  38.36
