1  1  CYS  N  11.362  -17.079  4.636  0
2  1  CYS  CA  12.41  -18.121  4.471  54.44
3  1  CYS  C  13.725  -17.392  4.41  170.3
4  1  CYS  O  13.737  -16.145  4.386  0
5  1  CYS  CB  12.159  -18.898  3.158  33.14
6  1  CYS  SG  11.743  -17.94  1.642  0
7  1  CYS  H  10.731  -17.377  5.189  0
8  1  CYS  H2  11.727  -16.341  4.974  3.63
9  1  CYS  H3  10.999  -16.895  3.845  3.53
10  1  CYS  HA  12.404  -18.76  5.2  3.75
11  1  CYS  HB2  12.953  -19.422  2.968  2.87
12  1  CYS  HB3  11.437  -19.525  3.319  3.01
13  2  SER  N  14.817  -18.141  4.533  2.15
14  2  SER  CA  16.166  -17.571  4.361  2.11
15  2  SER  C  16.357  -18.103  2.936  8.69
16  2  SER  O  15.571  -18.939  2.502  4.37
17  2  SER  CB  17.23  -18.244  5.263  1.69
18  2  SER  OG  16.828  -18.521  6.603  0.97
19  2  SER  H  14.806  -18.981  4.715  8.74
20  2  SER  HA  16.25  -16.623  4.548  4.46
21  2  SER  HB2  17.501  -19.077  4.847  3.63
22  2  SER  HB3  18.013  -17.673  5.291  3.63
23  2  SER  HG  17.462  -18.885  7.017  0
24  3  CYS  N  17.372  -17.689  2.197  30.64
25  3  CYS  CA  17.492  -18.263  0.862  8.22
26  3  CYS  C  18.876  -18.728  0.493  9.15
27  3  CYS  O  19.856  -18.338  1.119  4.64
28  3  CYS  CB  16.991  -17.297  -0.21  1.95
29  3  CYS  SG  17.048  -17.997  -1.9  1.89
30  3  CYS  H  17.969  -17.114  2.426  8.23
31  3  CYS  HA  16.931  -19.054  0.896  4.77
32  3  CYS  HB2  16.079  -17.04  -0.004  2.87
33  3  CYS  HB3  17.526  -16.489  -0.183  3.18
34  4  SER  N  18.95  -19.599  -0.505  1.93
35  4  SER  CA  20.237  -20.063  -0.998  6.71
36  4  SER  C  20.565  -19.241  -2.245  8.13
37  4  SER  O  20.295  -19.675  -3.369  4.79
38  4  SER  CB  20.223  -21.561  -1.33  3.16
39  4  SER  OG  20.447  -22.364  -0.181  3.03
40  4  SER  H  18.268  -19.932  -0.909  8.78
41  4  SER  HA  20.911  -19.944  -0.311  4.42
42  4  SER  HB2  19.369  -21.796  -1.726  3.62
43  4  SER  HB3  20.905  -21.75  -1.994  3.72
44  4  SER  HG  21.095  -22.879  -0.321  7.94
45  5  SER  N  21.085  -18.032  -2.006  4.8
46  5  SER  CA  21.492  -17.063  -3.027  4.19
47  5  SER  C  21.004  -17.393  -4.408  1.8
48  5  SER  O  21.63  -18.183  -5.087  8.59
49  5  SER  CB  23.02  -16.906  -3.028  4.68
50  5  SER  OG  23.698  -18.14  -2.79  1.52
51  5  SER  H  21.215  -17.743  -1.207  8.09
52  5  SER  HA  21.07  -16.224  -2.786  4.36
53  5  SER  HB2  23.304  -16.544  -3.882  3.83
54  5  SER  HB3  23.276  -16.263  -2.348  3.64
55  5  SER  HG  24.528  -18.01  -2.8  8.7
56  6  LEU  N  19.948  -16.73  -4.861  4.27
57  6  LEU  CA  19.364  -17.017  -6.174  3.1
58  6  LEU  C  19.069  -18.505  -6.367  2.97
59  6  LEU  O  19.916  -19.284  -6.865  132.7
60  6  LEU  CB  20.17  -16.418  -7.338  6.97
61  6  LEU  CG  21.648  -16.491  -7.696  8.52
62  6  LEU  CD1  21.774  -15.651  -8.948  8.63
63  6  LEU  CD2  22.56  -15.917  -6.619  5.67
64  6  LEU  H  19.549  -16.106  -4.424  8.1
65  6  LEU  HA  18.507  -16.562  -6.189  4.21
66  6  LEU  HB2  19.72  -16.749  -8.131  1.58
67  6  LEU  HB3  19.988  -15.467  -7.285  1.58
68  6  LEU  HG  21.921  -17.416  -7.804  1.65
69  6  LEU  HD11  22.698  -15.647  -9.244  7.28
70  6  LEU  HD12  21.213  -16.024  -9.646  6.75
71  6  LEU  HD13  21.492  -14.743  -8.758  121.5
72  6  LEU  HD21  23.484  -15.992  -6.904  8.12
73  6  LEU  HD22  22.341  -14.983  -6.474  4
74  6  LEU  HD23  22.436  -16.41  -5.793  9.33
75  7  MET  N  17.882  -18.855  -5.838  4.07
76  7  MET  CA  17.213  -20.178  -5.796  3.22
77  7  MET  C  17.889  -21.536  -5.572  3.11
78  7  MET  O  17.384  -22.317  -4.767  6.56
79  7  MET  CB  16.149  -20.308  -6.91  6.56
80  7  MET  CG  14.697  -19.838  -6.528  6.91
81  7  MET  SD  13.406  -19.63  -7.921  6.91
82  7  MET  CE  13.33  -21.334  -8.536  1.44
83  7  MET  H  17.395  -18.26  -5.453  7.44
84  7  MET  HA  16.905  -20.06  -4.884  4.3
85  7  MET  HB2  16.445  -19.795  -7.678  1.87
86  7  MET  HB3  16.108  -21.236  -7.188  2.04
87  7  MET  HG2  14.34  -20.474  -5.889  2.42
88  7  MET  HG3  14.774  -18.987  -6.069  2.52
89  7  MET  HE1  12.696  -21.386  -9.268  3.59
90  7  MET  HE2  14.207  -21.605  -8.849  25.22
91  7  MET  HE3  13.046  -21.924  -7.82  34.34
92  8  ASP  N  19.04  -21.771  -6.19  24.94
93  8  ASP  CA  19.775  -23.044  -6.153  29.24
94  8  ASP  C  19.266  -24.337  -5.485  8.01
95  8  ASP  O  18.064  -24.564  -5.378  4.89
96  8  ASP  CB  21.25  -22.822  -5.839  8.98
97  8  ASP  CG  22.133  -23.549  -6.814  8.44
98  8  ASP  OD1  22.252  -23.056  -7.954  4.23
99  8  ASP  OD2  22.658  -24.633  -6.483  8.63
100  8  ASP  H  19.436  -21.172  -6.664  7.52
101  8  ASP  HA  19.57  -23.301  -7.066  4.42
102  8  ASP  HB2  21.449  -21.873  -5.865  2.6
103  8  ASP  HB3  21.44  -23.127  -4.938  2.81
104  9  LYS  N  20.204  -25.205  -5.1  1.26
105  9  LYS  CA  19.945  -26.496  -4.46  7.23
106  9  LYS  C  19.122  -26.391  -3.182  6.87
107  9  LYS  O  18.872  -27.407  -2.526  7.74
108  9  LYS  CB  21.305  -27.139  -4.138  8.85
109  9  LYS  CG  21.293  -28.521  -3.485  4.48
110  9  LYS  CD  22.712  -28.989  -3.094  4.28
111  9  LYS  CE  23.398  -27.961  -2.182  4.65
112  9  LYS  NZ  22.471  -27.457  -1.093  2.97
113  9  LYS  H  21.043  -25.051  -5.209  8.55
114  9  LYS  HA  19.421  -27.032  -5.075  4.03
115  9  LYS  HB2  21.81  -27.202  -4.964  1.79
116  9  LYS  HB3  21.791  -26.536  -3.554  1.61
117  9  LYS  HG2  20.731  -28.499  -2.695  1.4
118  9  LYS  HG3  20.898  -29.163  -4.096  1.4
119  9  LYS  HD2  22.661  -29.845  -2.641  1.53
120  9  LYS  HD3  23.244  -29.123  -3.894  1.53
121  9  LYS  HE2  24.183  -28.362  -1.777  2.78
122  9  LYS  HE3  23.706  -27.212  -2.715  2.78
123  9  LYS  HZ1  22.945  -27.268  -0.363  3.87
124  9  LYS  HZ2  22.054  -26.722  -1.374  57.54
125  9  LYS  HZ3  21.869  -28.084  -0.901  178.6
126  10  GLU  N  18.622  -25.195  -2.873  1.84
127  10  GLU  CA  17.903  -25.003  -1.625  41.94
128  10  GLU  C  17.072  -23.696  -1.502  8.76
129  10  GLU  O  17.259  -22.965  -0.529  4.34
130  10  GLU  CB  18.984  -25.071  -0.52  3.82
131  10  GLU  CG  18.575  -25.183  0.943  2.02
132  10  GLU  CD  19.804  -25.143  1.853  2.02
133  10  GLU  OE1  20.23  -24.041  2.251  3.63
134  10  GLU  OE2  20.381  -26.212  2.135  3.7
135  10  GLU  H  18.689  -24.494  -3.367  8.17
136  10  GLU  HA  17.222  -25.691  -1.557  4.23
137  10  GLU  HB2  19.552  -25.832  -0.719  1.89
138  10  GLU  HB3  19.534  -24.276  -0.605  2.27
139  10  GLU  HG2  17.974  -24.457  1.172  2.38
140  10  GLU  HG3  18.088  -26.01  1.085  2.38
141  11  CYS  N  16.18  -23.352  -2.436  1.27
142  11  CYS  CA  15.432  -22.118  -2.16  1.51
143  11  CYS  C  13.92  -22.112  -2.414  0.97
144  11  CYS  O  13.171  -21.293  -1.855  4.79
145  11  CYS  CB  16.131  -20.849  -2.671  2.71
146  11  CYS  SG  15.464  -19.28  -1.98  2.97
147  11  CYS  H  16.002  -23.77  -3.167  8.33
148  11  CYS  HA  15.463  -22.104  -1.191  4.53
149  11  CYS  HB2  17.076  -20.906  -2.459  2.93
150  11  CYS  HB3  16.058  -20.82  -3.638  3.1
151  12  VAL  N  13.436  -23.081  -3.174  4.61
152  12  VAL  CA  11.999  -23.18  -3.413  8.26
153  12  VAL  C  11.568  -24.639  -3.396  4.63
154  12  VAL  O  12.14  -25.494  -4.018  9.15
155  12  VAL  CB  11.466  -22.374  -4.619  4.26
156  12  VAL  CG1  9.923  -22.55  -4.74  3.72
157  12  VAL  CG2  11.792  -20.9  -4.417  8
158  12  VAL  H  13.912  -23.686  -3.558  7.73
159  12  VAL  HA  11.564  -22.728  -2.673  3.97
160  12  VAL  HB  11.886  -22.698  -5.431  1.94
161  12  VAL  HG11  9.598  -22.041  -5.499  1.05
162  12  VAL  HG12  9.713  -23.489  -4.867  1.05
163  12  VAL  HG13  9.496  -22.23  -3.93  122.1
164  12  VAL  HG21  11.46  -20.389  -5.171  56.34
165  12  VAL  HG22  11.371  -20.584  -3.602  175.5
166  12  VAL  HG23  12.753  -20.787  -4.349  2.89
167  13  TYR  N  10.596  -24.825  -2.529  33.44
168  13  TYR  CA  9.865  -25.995  -2.03  24.94
169  13  TYR  C  9.365  -25.188  -0.791  7.93
170  13  TYR  O  8.32  -25.467  -0.192  4.6
171  13  TYR  CB  10.793  -27.123  -1.531  2.88
172  13  TYR  CG  11.558  -27.879  -2.598  2.79
173  13  TYR  CD1  10.918  -28.793  -3.442  6.92
174  13  TYR  CD2  12.927  -27.658  -2.791  6.92
175  13  TYR  CE1  11.625  -29.461  -4.458  6.48
176  13  TYR  CE2  13.636  -28.314  -3.806  6.48
177  13  TYR  CZ  12.982  -29.206  -4.638  9.04
178  13  TYR  OH  13.685  -29.784  -5.669  1.58
179  13  TYR  H  10.282  -24.127  -2.137  7.63
180  13  TYR  HA  9.258  -26.45  -2.635  4.32
181  13  TYR  HB2  11.433  -26.74  -0.911  2.66
182  13  TYR  HB3  10.258  -27.759  -1.03  2.79
183  13  TYR  HD1  10.01  -28.962  -3.329  6.93
184  13  TYR  HD2  13.375  -27.063  -2.234  6.93
185  13  TYR  HE1  11.188  -30.071  -5.008  6.59
186  13  TYR  HE2  14.544  -28.15  -3.92  6.59
187  13  TYR  HH  14.485  -29.53  -5.64  3.59
188  14  PHE  N  10.155  -24.133  -0.524  4.72
189  14  PHE  CA  10.078  -23.109  0.493  2.77
190  14  PHE  C  9.617  -21.71  0.002  2.98
191  14  PHE  O  8.462  -21.321  0.229  8.38
192  14  PHE  CB  11.489  -22.925  1.055  3.82
193  14  PHE  CG  12.411  -24.075  0.782  5.1
194  14  PHE  CD1  12.085  -25.356  1.2  4.05
195  14  PHE  CD2  13.588  -23.883  0.073  3.58
196  14  PHE  CE1  12.921  -26.43  0.907  7.82
197  14  PHE  CE2  14.427  -24.946  -0.225  3.8
198  14  PHE  CZ  14.101  -26.221  0.189  4.08
199  14  PHE  H  10.845  -23.997  -1.019  7.9
200  14  PHE  HA  9.414  -23.415  1.131  4.57
201  14  PHE  HB2  11.874  -22.118  0.679  2.88
202  14  PHE  HB3  11.43  -22.791  2.014  3.12
203  14  PHE  HD1  11.301  -25.499  1.68  7.23
204  14  PHE  HD2  13.818  -23.027  -0.207  7.23
205  14  PHE  HE1  12.694  -27.287  1.189  7.17
206  14  PHE  HE2  15.21  -24.799  -0.704  7.17
207  14  PHE  HZ  14.662  -26.936  -0.008  7.17
208  15  CYS  N  10.524  -20.986  -0.678  3.59
209  15  CYS  CA  10.297  -19.612  -1.124  3.53
210  15  CYS  C  9.28  -19.167  -2.203  2.83
211  15  CYS  O  8.542  -18.189  -1.973  8.46
212  15  CYS  CB  11.645  -18.913  -1.298  4.27
213  15  CYS  SG  12.732  -18.979  0.188  121.9
214  15  CYS  H  11.299  -21.291  -0.893  8.13
215  15  CYS  HA  9.74  -19.327  -0.383  4.58
216  15  CYS  HB2  12.113  -19.317  -2.046  2.98
217  15  CYS  HB3  11.488  -17.984  -1.53  3.12
218  16  HSE  N  9.26  -19.757  -3.399  4.68
219  16  HSE  CA  8.211  -19.319  -4.33  4.62
220  16  HSE  C  6.947  -20.142  -4.023  8.75
221  16  HSE  O  6.609  -21.181  -4.671  5
222  16  HSE  CB  8.623  -19.287  -5.81  4.07
223  16  HSE  CG  8.376  -17.954  -6.465  3.79
224  16  HSE  ND1  7.132  -17.555  -6.915  0.7
225  16  HSE  CD2  9.217  -16.925  -6.75  1.7
226  16  HSE  CE1  7.218  -16.347  -7.448  1.48
227  16  HSE  NE2  8.468  -15.94  -7.361  8.15
228  17  LEU  N  6.45  -19.73  -2.846  4.45
229  17  LEU  CA  5.264  -20.168  -2.116  174.3
230  17  LEU  C  4.701  -18.806  -1.672  7.23
231  17  LEU  O  4.376  -17.98  -2.527  7.18
232  17  LEU  CB  5.657  -21.017  -0.885  4.09
233  17  LEU  CG  5.405  -22.54  -0.847  2.01
234  17  LEU  CD1  6.111  -23.214  0.315  24.14
235  17  LEU  CD2  3.924  -22.794  -0.769  8.77
236  17  LEU  H  6.856  -19.11  -2.409  7.87
237  17  LEU  HA  4.653  -20.722  -2.626  4.26
238  17  LEU  HB2  6.607  -20.884  -0.741  1.51
239  17  LEU  HB3  5.198  -20.635  -0.12  1.51
240  17  LEU  HG  5.77  -22.923  -1.66  1.55
241  17  LEU  HD11  5.925  -24.166  0.299  1.58
242  17  LEU  HD12  7.067  -23.071  0.24  10.11
243  17  LEU  HD13  5.793  -22.837  1.15  8.25
244  17  LEU  HD21  3.76  -23.75  -0.745  4.44
245  17  LEU  HD22  3.567  -22.385  0.035  2.86
246  17  LEU  HD23  3.488  -22.411  -1.547  8.72
247  18  ASP  N  4.727  -18.491  -0.38  4.73
248  18  ASP  CA  4.172  -17.201  0.063  3.61
249  18  ASP  C  4.775  -15.813  -0.35  2.26
250  18  ASP  O  4.157  -14.771  -0.075  29.54
251  18  ASP  CB  3.872  -17.237  1.573  8.59
252  18  ASP  CG  2.444  -17.721  1.888  4.03
253  18  ASP  OD1  1.832  -18.441  1.066  4.77
254  18  ASP  OD2  1.926  -17.373  2.97  8.31
255  18  ASP  H  5.049  -18.988  0.243  8.62
256  18  ASP  HA  3.391  -17.181  -0.511  4.62
257  18  ASP  HB2  4.511  -17.821  2.011  2.5
258  18  ASP  HB3  3.997  -16.35  1.944  2.78
259  19  ILE  N  5.957  -15.742  -0.963  2.27
260  19  ILE  CA  6.445  -14.403  -1.351  2.12
261  19  ILE  C  5.576  -13.996  -2.529  9.77
262  19  ILE  O  4.837  -13.008  -2.477  8
263  19  ILE  CB  7.914  -14.369  -1.84  3.96
264  19  ILE  CG1  8.876  -14.824  -0.749  2.1
265  19  ILE  CG2  8.281  -12.932  -2.238  2.1
266  19  ILE  CD  9.328  -13.705  0.186  8.52
267  19  ILE  H  6.468  -16.406  -1.156  7.43
268  19  ILE  HA  6.402  -13.824  -0.574  4.22
269  19  ILE  HB  7.991  -14.971  -2.596  1.69
270  19  ILE  HG21  9.201  -12.906  -2.545  2.36
271  19  ILE  HG22  7.694  -12.633  -2.95  39.92
272  19  ILE  HG23  8.18  -12.348  -1.47  7.22
273  20  ILE  N  5.717  -14.775  -3.599  4.14
274  20  ILE  CA  4.977  -14.614  -4.845  13.7
275  20  ILE  C  4.756  -16.055  -5.251  8.93
276  20  ILE  O  5.582  -16.924  -4.941  4.3
277  20  ILE  CB  5.814  -13.887  -5.955  3.6
278  20  ILE  CG1  5.953  -12.398  -5.64  1.53
279  20  ILE  CG2  5.164  -14.049  -7.315  0.69
280  20  ILE  CD  6.834  -11.639  -6.601  1.29
281  20  ILE  H  6.267  -15.436  -3.618  7.7
282  20  ILE  HA  4.176  -14.078  -4.736  4.21
283  20  ILE  HB  6.694  -14.295  -5.972  1.72
284  20  ILE  HG21  5.697  -13.593  -7.985  4.1
285  20  ILE  HG22  5.106  -14.992  -7.536  8.13
286  20  ILE  HG23  4.273  -13.666  -7.296  4.72
287  21  TRP  N  3.652  -16.307  -5.935  3.77
288  21  TRP  CA  3.33  -17.637  -6.401  2.19
289  21  TRP  C  2.565  -17.627  -7.718  1.63
290  21  TRP  O  1.898  -18.632  -8.075  2.37
291  21  TRP  CB  2.669  -18.518  -5.312  2.26
292  21  TRP  CG  1.569  -17.998  -4.36  2.62
293  21  TRP  CD1  0.799  -18.793  -3.549  65.34
294  21  TRP  CD2  1.248  -16.635  -3.989  175.1
295  21  TRP  NE1  0.052  -18.035  -2.684  3.15
296  21  TRP  CE2  0.302  -16.707  -2.925  31.64
297  21  TRP  CE3  1.668  -15.37  -4.436  27.84
298  21  TRP  CZ2  -0.223  -15.559  -2.295  50.44
299  21  TRP  CZ3  1.142  -14.214  -3.806  9.31
300  21  TRP  CH2  0.207  -14.324  -2.745  4.51
301  21  TRP  OXT  2.74  -16.614  -8.428  4.02
302  21  TRP  H  3.069  -15.709  -6.141  8.02
303  21  TRP  HA  4.178  -18.067  -6.594  4.51
304  21  TRP  HB2  2.295  -19.287  -5.77  3.05
305  21  TRP  HB3  3.388  -18.845  -4.749  3.15
306  21  TRP  HD1  0.785  -19.722  -3.582  7.13
307  21  TRP  HE1  -0.486  -18.342  -2.087  10.76
308  21  TRP  HE3  2.28  -15.293  -5.132  7.25
309  21  TRP  HZ2  -0.837  -15.63  -1.601  7.33
310  21  TRP  HZ3  1.414  -13.372  -4.092  5.98
311  21  TRP  HH2  -0.123  -13.552  -2.345  7.06
