1  1  GLN  N  22.217  12.968  32.12  123.7
2  1  GLN  CA  23.622  12.817  31.722  63.66
3  1  GLN  C  24.178  14.141  31.186  174.87
4  1  GLN  O  25.289  14.509  31.562  55.76
5  1  GLN  CB  23.767  11.695  30.681  31.76
6  1  GLN  CG  25.191  11.427  30.225  21.82
7  1  GLN  CD  25.304  10.229  29.298  22.08
8  1  GLN  OE1  26.391  9.707  29.046  17.22
9  1  GLN  NE2  24.172  9.772  28.779  4.76
10  1  GLN  H  21.944  12.229  32.534  2.81
11  1  GLN  H2  22.137  13.663  32.671  4.12
12  1  GLN  H3  21.716  13.104  31.397  2.18
13  1  GLN  HA  24.14  12.572  32.505  4.14
14  1  GLN  HB2  23.401  10.877  31.053  32.51
15  1  GLN  HB3  23.23  11.92  29.905  118.93
16  1  GLN  HG2  25.533  12.213  29.772  52.98
17  1  GLN  HG3  25.752  11.281  31.003  4.48
18  1  GLN  HE21  23.426  10.154  28.971  3.05
19  1  GLN  HE22  24.184  9.093  28.251  121.18
20  2  CYS  N  23.394  14.798  30.334  60.94
21  2  CYS  CA  23.881  15.872  29.475  60.56
22  2  CYS  C  23.11  17.176  29.628  175.18
23  2  CYS  O  23.498  18.128  28.953  28.51
24  2  CYS  CB  23.829  15.46  27.982  36.59
25  2  CYS  SG  25.113  14.246  27.53  55.34
26  2  CYS  H  22.556  14.63  30.238  177.47
27  2  CYS  HA  24.795  16.024  29.762  4.92
28  2  CYS  HB2  22.955  15.087  27.785  9.47
29  2  CYS  HB3  23.931  16.251  27.43  4.09
30  3  THR  N  22.092  17.198  30.49  113.69
31  3  THR  CA  21.178  18.33  30.494  1.99
32  3  THR  C  20.801  18.793  31.899  2.36
33  3  THR  O  20.239  18.02  32.689  2.31
34  3  THR  CB  19.89  17.95  29.741  120.29
35  3  THR  OG1  20.21  17.479  28.41  54.36
36  3  THR  CG2  19.01  19.197  29.607  1.6
37  3  THR  H  21.919  16.582  31.065  7.8
38  3  THR  HA  21.641  19.063  30.059  5.29
39  3  THR  HB  19.431  17.251  30.233  4.13
40  3  THR  HG1  19.502  17.273  28.008  3.98
41  3  THR  HG21  18.195  18.969  29.133  24.87
42  3  THR  HG22  18.788  19.533  30.489  28.82
43  3  THR  HG23  19.49  19.88  29.113  107.52
44  4  GLY  N  21.098  20.067  32.208  111.49
45  4  GLY  CA  20.685  20.698  33.448  59.52
46  4  GLY  C  21.56  20.278  34.616  59.78
47  4  GLY  O  22.365  19.339  34.542  8.52
48  4  GLY  H  21.55  20.584  31.69  8.14
49  4  GLY  HA2  20.721  21.662  33.348  4
50  4  GLY  HA3  19.762  20.467  33.636  4.16
51  5  GLY  N  21.457  20.963  35.758  102.76
52  5  GLY  CA  22.188  20.462  36.938  172.19
53  5  GLY  C  23.614  20.952  37.015  29.98
54  5  GLY  O  24.136  21.696  36.171  63.18
55  5  GLY  H  20.998  21.681  35.874  7.71
56  5  GLY  HA2  21.716  20.733  37.741  4.01
57  5  GLY  HA3  22.187  19.492  36.923  4.21
58  6  ALA  N  24.33  20.553  38.055  120.53
59  6  ALA  CA  25.697  20.973  38.338  7.04
60  6  ALA  C  26.759  20.095  37.708  7.04
61  6  ALA  O  27.87  20.617  37.471  6.96
62  6  ALA  CB  25.921  21.007  39.855  6.82
63  6  ALA  H  24.021  20.006  38.642  8.31
64  6  ALA  HA  25.792  21.854  37.943  4.47
65  6  ALA  HB1  26.831  21.287  40.042  60.89
66  6  ALA  HB2  25.301  21.634  40.26  4.27
67  6  ALA  HB3  25.773  20.122  40.224  50.61
68  7  ASP  N  26.53  18.817  37.45  114.69
69  7  ASP  CA  27.664  18.033  36.914  2.3
70  7  ASP  C  27.211  17.138  35.77  7.43
71  7  ASP  O  26.228  16.415  35.906  4.46
72  7  ASP  CB  28.34  17.213  38.022  3.24
73  7  ASP  CG  29.554  16.498  37.44  2.66
74  7  ASP  OD1  29.421  15.369  36.933  56.68
75  7  ASP  OD2  30.661  17.078  37.46  128.67
76  7  ASP  H  25.788  18.397  37.563  8.12
77  7  ASP  HA  28.32  18.656  36.565  4.95
78  7  ASP  HB2  28.61  17.793  38.751  2.6
79  7  ASP  HB3  27.716  16.568  38.39  2.92
80  8  CYS  N  27.906  17.155  34.644  125.36
81  8  CYS  CA  27.679  16.267  33.533  4.13
82  8  CYS  C  28.993  15.65  33.055  8.27
83  8  CYS  O  29.242  15.542  31.858  4.17
84  8  CYS  CB  27.018  16.962  32.333  1.71
85  8  CYS  SG  25.383  17.616  32.705  114.81
86  8  CYS  H  28.549  17.71  34.506  8.55
87  8  CYS  HA  27.076  15.583  33.864  5.19
88  8  CYS  HB2  27.589  17.686  32.031  3.32
89  8  CYS  HB3  26.948  16.331  31.599  4.26
90  9  THR  N  29.829  15.222  34.014  121.72
91  9  THR  CA  31.157  14.699  33.661  21.61
92  9  THR  C  31.11  13.594  32.633  7.85
93  9  THR  O  31.959  13.558  31.736  4.58
94  9  THR  CB  31.844  14.171  34.949  3.85
95  9  THR  OG1  32.217  15.291  35.76  8.28
96  9  THR  CG2  33.133  13.417  34.651  4.57
97  9  THR  H  29.651  15.226  34.855  8.85
98  9  THR  HA  31.658  15.429  33.265  4.67
99  9  THR  HB  31.214  13.576  35.385  3.64
100  9  THR  HG1  31.61  15.446  36.32  55.13
101  9  THR  HG21  33.526  13.107  35.482  56.28
102  9  THR  HG22  32.939  12.656  34.082  175.99
103  9  THR  HG23  33.756  14.007  34.199  32.17
104  10  SER  N  30.144  12.675  32.677  110.64
105  10  SER  CA  30.173  11.595  31.692  2.09
106  10  SER  C  29.575  11.925  30.327  8.09
107  10  SER  O  29.591  11.067  29.424  129.93
108  10  SER  CB  29.419  10.377  32.259  118.9
109  10  SER  OG  28.034  10.657  32.308  54.32
110  10  SER  H  29.494  12.656  33.239  8.2
111  10  SER  HA  31.115  11.423  31.538  4.22
112  10  SER  HB2  29.581  9.598  31.705  3.97
113  10  SER  HB3  29.747  10.167  33.147  4.05
114  10  SER  HG  27.624  9.992  32.616  5.21
115  11  CYS  N  29.032  13.116  30.125  120.25
116  11  CYS  CA  28.453  13.485  28.83  3.12
117  11  CYS  C  29.512  13.618  27.753  6.98
118  11  CYS  O  30.445  14.437  27.857  10.04
119  11  CYS  CB  27.683  14.814  28.985  7.07
120  11  CYS  SG  26.81  15.336  27.473  7.21
121  11  CYS  H  28.986  13.731  30.724  7.91
122  11  CYS  HA  27.85  12.778  28.552  4.44
123  11  CYS  HB2  27.04  14.724  29.705  3.63
124  11  CYS  HB3  28.305  15.511  29.246  3.71
125  12  THR  N  29.387  12.823  26.671  120.73
126  12  THR  CA  30.26  13.016  25.526  177.79
127  12  THR  C  29.529  13.553  24.313  35.6
128  12  THR  O  30.119  13.629  23.231  24.83
129  12  THR  CB  30.946  11.695  25.09  29.37
130  12  THR  OG1  29.897  10.75  24.806  42.08
131  12  THR  CG2  31.816  11.197  26.228  108.61
132  12  THR  H  28.815  12.186  26.593  8.07
133  12  THR  HA  30.918  13.662  25.827  4.77
134  12  THR  HB  31.506  11.82  24.308  4.67
135  12  THR  HG1  30.235  10.02  24.564  1.84
136  12  THR  HG21  32.25  10.37  25.966  1.48
137  12  THR  HG22  32.489  11.863  26.436  1.33
138  12  THR  HG23  31.266  11.038  27.011  1.62
139  13  GLY  N  28.271  13.92  24.482  111.55
140  13  GLY  CA  27.387  14.418  23.455  2.85
141  13  GLY  C  27.224  15.924  23.563  2.85
142  13  GLY  O  28.154  16.709  23.682  63.3
143  13  GLY  H  27.889  13.881  25.251  7.37
144  13  GLY  HA2  27.739  14.189  22.581  3.52
145  13  GLY  HA3  26.521  13.989  23.533  4.63
146  14  ALA  N  25.975  16.36  23.491  130.08
147  14  ALA  CA  25.642  17.783  23.58  30.68
148  14  ALA  C  25.247  18.089  25.011  66.01
149  14  ALA  O  24.271  17.543  25.493  42.67
150  14  ALA  CB  24.511  18.09  22.606  26.38
151  14  ALA  H  25.294  15.844  23.389  8.43
152  14  ALA  HA  26.4  18.339  23.341  4.82
153  14  ALA  HB1  24.285  19.032  22.659  7.76
154  14  ALA  HB2  24.794  17.877  21.703  3.81
155  14  ALA  HB3  23.733  17.557  22.835  1.47
156  15  CYS  N  26.037  18.955  25.644  126.24
157  15  CYS  CA  25.746  19.376  27.017  1.24
158  15  CYS  C  24.913  20.64  27.001  4.26
159  15  CYS  O  25.242  21.579  26.263  1.78
160  15  CYS  CB  27.066  19.644  27.72  1.78
161  15  CYS  SG  27.246  18.828  29.315  3.68
162  15  CYS  H  26.742  19.309  25.301  8.7
163  15  CYS  HA  25.251  18.683  27.481  5.34
164  15  CYS  HB2  27.791  19.36  27.141  3.64
165  15  CYS  HB3  27.163  20.601  27.847  3.73
166  16  THR  N  23.838  20.686  27.779  122.32
167  16  THR  CA  22.972  21.867  27.704  122.25
168  16  THR  C  22.617  22.35  29.092  69.68
169  16  THR  O  21.999  21.525  29.781  176.49
170  16  THR  CB  21.705  21.52  26.907  22.35
171  16  THR  OG1  22.142  20.965  25.659  9.51
172  16  THR  CG2  20.933  22.775  26.545  4.47
173  16  THR  H  23.596  20.076  28.335  9.23
174  16  THR  HA  23.444  22.583  27.251  5.27
175  16  THR  HB  21.15  20.925  27.435  3.96
176  16  THR  HG1  21.473  20.761  25.194  8.34
177  16  THR  HG21  20.139  22.533  26.043  4.25
178  16  THR  HG22  20.674  23.241  27.355  117.56
179  16  THR  HG23  21.492  23.355  26.004  53.35
180  17  GLY  N  22.962  23.57  29.451  114.38
181  17  GLY  CA  22.579  24.097  30.762  3.14
182  17  GLY  C  23.199  23.339  31.92  41.84
183  17  GLY  O  22.559  23.253  32.975  55.98
184  17  GLY  H  23.415  24.112  28.961  8.25
185  17  GLY  HA2  22.841  25.029  30.817  3.89
186  17  GLY  HA3  21.613  24.068  30.845  4.29
187  18  CYS  N  24.415  22.826  31.76  118.08
188  18  CYS  CA  24.982  21.989  32.834  2.62
189  18  CYS  C  26.281  22.552  33.355  2.48
190  18  CYS  O  27.071  23.14  32.601  7.77
191  18  CYS  CB  25.155  20.587  32.296  7.21
192  18  CYS  SG  25.739  19.427  33.58  115.61
193  18  CYS  H  24.916  22.939  31.07  8.18
194  18  CYS  HA  24.376  21.975  33.591  5.27
195  18  CYS  HB2  24.31  20.273  31.938  2.38
196  18  CYS  HB3  25.788  20.6  31.561  3.39
197  19  GLY  N  26.525  22.373  34.659  108.78
198  19  GLY  CA  27.582  23.06  35.336  8.35
199  19  GLY  C  28.956  22.44  35.239  4.97
200  19  GLY  O  29.914  23.025  35.752  3.36
201  19  GLY  H  26.07  21.844  35.161  8.4
202  19  GLY  HA2  27.631  23.963  34.986  3.88
203  19  GLY  HA3  27.346  23.132  36.274  4.28
204  20  ASN  N  29.078  21.291  34.579  112.68
205  20  ASN  CA  30.413  20.721  34.376  8.51
206  20  ASN  C  30.374  19.73  33.217  4.3
207  20  ASN  O  29.89  18.607  33.393  31.96
208  20  ASN  CB  30.936  20.03  35.639  33.62
209  20  ASN  CG  32.421  19.709  35.527  127.25
210  20  ASN  OD1  33.243  20.515  35.079  52.58
211  20  ASN  ND2  32.822  18.536  36.021  111.44
212  20  ASN  H  28.426  20.837  34.25  6.66
213  20  ASN  HA  31.021  21.448  34.168  4.87
214  20  ASN  HB2  30.785  20.602  36.408  3.06
215  20  ASN  HB3  30.438  19.212  35.791  3.14
216  20  ASN  HD21  33.658  18.336  36.029  7.44
217  20  ASN  HD22  32.244  17.98  36.331  6.63
218  21  CYS  N  30.892  20.17  32.074  7.64
219  21  CYS  CA  30.843  19.331  30.873  6.87
220  21  CYS  C  32.187  19.082  30.237  121.77
221  21  CYS  O  32.382  19.371  29.061  54.06
222  21  CYS  CB  29.952  20.088  29.873  121.54
223  21  CYS  SG  28.234  20.265  30.403  57.73
224  21  CYS  H  31.27  20.935  31.97  8.4
225  21  CYS  HA  30.506  18.455  31.119  5.21
226  21  CYS  HB2  30.327  20.97  29.724  3.38
227  21  CYS  HB3  29.972  19.624  29.021  3.7
228  22  PRO  N  33.159  18.506  30.953  9.4
229  22  PRO  CA  34.524  18.389  30.45  4.75
230  22  PRO  C  34.743  17.367  29.33  2.65
231  22  PRO  O  35.839  17.373  28.784  3.73
232  22  PRO  CB  35.292  17.89  31.689  7.36
233  22  PRO  CG  34.271  17.118  32.434  6.75
234  22  PRO  CD  32.99  17.947  32.297  118.96
235  22  PRO  HA  34.797  19.235  30.062  5.08
236  22  PRO  HB2  36.049  17.337  31.442  2.67
237  22  PRO  HB3  35.639  18.627  32.216  2.73
238  22  PRO  HG2  34.158  16.229  32.062  2.64
239  22  PRO  HG3  34.522  17.006  33.364  2.68
240  22  PRO  HD2  32.191  17.402  32.37  3.64
241  22  PRO  HD3  32.925  18.637  32.976  3.73
242  23  ASN  N  33.746  16.537  29.024  114.78
243  23  ASN  CA  33.899  15.58  27.932  180.17
244  23  ASN  C  32.931  15.81  26.785  8.53
245  23  ASN  O  32.985  15.088  25.796  8.73
246  23  ASN  CB  33.715  14.15  28.488  4.39
247  23  ASN  CG  34.92  13.805  29.37  2.83
248  23  ASN  OD1  36.029  13.761  28.864  3.11
249  23  ASN  ND2  34.645  13.59  30.643  116.76
250  23  ASN  H  32.987  16.512  29.428  8.96
251  23  ASN  HA  34.79  15.702  27.568  5.03
252  23  ASN  HB2  32.895  14.093  29.002  2.43
253  23  ASN  HB3  33.638  13.514  27.76  2.71
254  23  ASN  HD21  35.278  13.4  31.193  8.13
255  23  ASN  HD22  33.833  13.64  30.922  7.27
256  24  ALA  N  32.058  16.811  26.887  124.14
257  24  ALA  CA  31.048  16.999  25.851  1.81
258  24  ALA  C  31.689  17.493  24.559  41.64
259  24  ALA  O  32.681  18.217  24.56  175.77
260  24  ALA  CB  29.983  17.984  26.347  8.05
261  24  ALA  H  32.033  17.379  27.532  6.75
262  24  ALA  HA  30.623  16.148  25.662  4.02
263  24  ALA  HB1  29.312  18.109  25.658  4.21
264  24  ALA  HB2  29.563  17.631  27.147  2.45
265  24  ALA  HB3  30.4  18.836  26.55  2.79
266  25  VAL  N  31.093  17.142  23.409  115.18
267  25  VAL  CA  31.602  17.649  22.134  59.45
268  25  VAL  C  30.951  18.974  21.76  28.48
269  25  VAL  O  31.533  19.765  21.018  6.95
270  25  VAL  CB  31.423  16.703  20.922  28.39
271  25  VAL  CG1  32.259  15.436  21.09  36.84
272  25  VAL  CG2  29.977  16.342  20.678  45.43
273  25  VAL  H  30.409  16.624  23.349  8.07
274  25  VAL  HA  32.553  17.742  22.302  4.34
275  25  VAL  HB  31.736  17.19  20.144  2.23
276  25  VAL  HG11  32.131  14.859  20.32  3.71
277  25  VAL  HG12  33.196  15.674  21.163  1.96
278  25  VAL  HG13  31.981  14.969  21.893  1.85
279  25  VAL  HG21  29.916  15.75  19.912  2.39
280  25  VAL  HG22  29.618  15.895  21.461  2.3
281  25  VAL  HG23  29.467  17.149  20.505  120.18
282  26  THR  N  29.745  19.219  22.285  112.98
283  26  THR  CA  29.083  20.503  22.1  2.16
284  26  THR  C  28.579  21.042  23.435  8.18
285  26  THR  O  28.09  20.256  24.249  39.22
286  26  THR  CB  27.915  20.353  21.1  3.13
287  26  THR  OG1  28.512  19.862  19.866  2.89
288  26  THR  CG2  27.28  21.689  20.792  116.85
289  26  THR  H  29.298  18.651  22.751  7.75
290  26  THR  HA  29.723  21.137  21.74  4.97
291  26  THR  HB  27.236  19.766  21.468  3.97
292  26  THR  HG1  27.913  19.762  19.285  29.38
293  26  THR  HG21  26.552  21.564  20.163  7.62
294  26  THR  HG22  26.937  22.081  21.61  3.85
295  26  THR  HG23  27.943  22.281  20.404  2.96
296  27  CYS  N  28.667  22.342  23.64  120.44
297  27  CYS  CA  28.094  22.947  24.834  6.62
298  27  CYS  C  27.204  24.123  24.491  6.62
299  27  CYS  O  27.598  24.96  23.698  6.45
300  27  CYS  CB  29.191  23.469  25.771  6.31
301  27  CYS  SG  29.92  22.169  26.813  178.49
302  27  CYS  H  29.052  22.894  23.104  8.19
303  27  CYS  HA  27.577  22.25  25.267  5.21
304  27  CYS  HB2  29.891  23.882  25.242  3.44
305  27  CYS  HB3  28.82  24.161  26.34  3.64
306  28  THR  N  26.079  24.167  25.196  119.92
307  28  THR  CA  25.221  25.327  25.19  31.93
308  28  THR  C  24.911  25.731  26.635  178.99
309  28  THR  O  24.324  24.916  27.354  3.71
310  28  THR  CB  23.896  25.036  24.459  8.23
311  28  THR  OG1  24.218  24.602  23.114  3.19
312  28  THR  CG2  23.081  26.318  24.289  2.04
313  28  THR  H  25.798  23.521  25.689  8.49
314  28  THR  HA  25.681  26.044  24.725  5.19
315  28  THR  HB  23.4  24.377  24.97  3.97
316  28  THR  HG1  23.509  24.436  22.696  118.51
317  28  THR  HG21  22.252  26.116  23.828  50.61
318  28  THR  HG22  22.882  26.693  25.161  4.47
319  28  THR  HG23  23.591  26.96  23.77  118.14
320  29  ASN  N  25.278  26.958  27.001  128.51
321  29  ASN  CA  25.048  27.486  28.346  2.49
322  29  ASN  C  25.554  26.516  29.419  119.75
323  29  ASN  O  24.881  26.2  30.407  32.29
324  29  ASN  CB  23.562  27.745  28.631  25.12
325  29  ASN  CG  22.953  28.849  27.773  29.44
326  29  ASN  OD1  22.023  28.525  27.006  41.6
327  29  ASN  ND2  23.431  30.069  27.862  111.78
328  29  ASN  H  25.67  27.512  26.472  9.18
329  29  ASN  HA  25.536  28.324  28.38  5.01
330  29  ASN  HB2  23.066  26.924  28.486  2.82
331  29  ASN  HB3  23.457  27.979  29.566  3.1
332  29  ASN  HD21  23.101  30.697  27.375  7.64
333  29  ASN  HD22  24.074  30.24  28.407  6.78
334  30  SER  N  26.778  26.039  29.193  111.83
335  30  SER  CA  27.364  25.077  30.144  1.51
336  30  SER  C  28.732  25.529  30.574  2.78
337  30  SER  O  29.365  26.393  29.985  2.77
338  30  SER  CB  27.435  23.698  29.467  1.17
339  30  SER  OG  26.129  23.172  29.284  4.07
340  30  SER  H  27.275  26.247  28.522  8.24
341  30  SER  HA  26.809  25.021  30.938  5.49
342  30  SER  HB2  27.883  23.774  28.61  3.23
343  30  SER  HB3  27.962  23.091  30.01  4.49
344  30  SER  HG  25.704  23.657  28.745  8.31
345  31  GLN  N  29.261  24.885  31.637  116.43
346  31  GLN  CA  30.577  25.233  32.16  8.05
347  31  GLN  C  31.658  24.197  31.973  3.96
348  31  GLN  O  31.346  22.999  31.961  176.59
349  31  GLN  CB  30.433  25.459  33.702  118.51
350  31  GLN  CG  29.527  26.627  34.042  37.58
351  31  GLN  CD  29.5  26.904  35.537  115.6
352  31  GLN  OE1  28.469  26.662  36.175  55.38
353  31  GLN  NE2  30.593  27.398  36.109  32.24
354  31  GLN  H  28.866  24.248  32.059  7.53
355  31  GLN  HA  30.855  26.014  31.657  5.15
356  31  GLN  HB2  30.082  24.653  34.112  1.33
357  31  GLN  HB3  31.31  25.613  34.086  1.89
358  31  GLN  HG2  29.83  27.419  33.572  2.18
359  31  GLN  HG3  28.627  26.44  33.731  2.18
360  31  GLN  HE21  31.293  27.555  35.635  3.28
361  31  GLN  HE22  30.6  27.561  36.953  1.08
362  32  HSE  N  32.907  24.666  31.894  114.33
363  32  HSE  CA  34.047  23.757  31.931  0.93
364  32  HSE  C  34.085  22.808  30.741  56.01
365  32  HSE  O  34.415  21.624  30.809  176.64
366  32  HSE  CB  34.082  22.947  33.254  1.87
367  32  HSE  CG  33.926  23.818  34.462  42.06
368  32  HSE  ND1  34.46  25.085  34.538  122.25
369  32  HSE  CD2  33.286  23.562  35.64  58.58
370  32  HSE  CE1  34.156  25.613  35.738  105.17
371  32  HSE  NE2  33.452  24.7  36.393  44.78
372  33  CYS  N  33.791  23.411  29.555  119.29
373  33  CYS  CA  33.672  22.601  28.329  1.68
374  33  CYS  C  34.986  22.396  27.607  7.59
375  33  CYS  O  35.147  22.778  26.444  3.52
376  33  CYS  CB  32.66  23.308  27.409  4.06
377  33  CYS  SG  30.987  23.316  28.149  121.16
378  33  CYS  H  33.663  24.255  29.451  7.8
379  33  CYS  HA  33.375  21.711  28.577  4.84
380  33  CYS  HB2  32.949  24.22  27.246  3
381  33  CYS  HB3  32.634  22.861  26.549  3.84
382  34  VAL  N  35.961  21.796  28.311  111.4
383  34  VAL  CA  37.343  21.815  27.863  2.36
384  34  VAL  C  37.598  20.951  26.615  7.55
385  34  VAL  O  38.635  21.196  25.983  3.6
386  34  VAL  CB  38.336  21.411  28.98  1.31
387  34  VAL  CG1  38.215  22.368  30.166  124.94
388  34  VAL  CG2  38.103  19.974  29.409  8.47
389  34  VAL  H  35.832  21.375  29.05  7.09
390  34  VAL  HA  37.503  22.74  27.62  4.32
391  34  VAL  HB  39.239  21.473  28.632  2.37
392  34  VAL  HG11  38.841  22.106  30.859  3.3
393  34  VAL  HG12  38.415  23.271  29.875  114.89
394  34  VAL  HG13  37.312  22.335  30.518  45.22
395  34  VAL  HG21  38.733  19.739  30.108  175.52
396  34  VAL  HG22  37.198  19.879  29.744  115.75
397  34  VAL  HG23  38.229  19.385  28.649  8.88
398  35  LYS  N  36.719  20.014  26.295  121.5
399  35  LYS  CA  36.913  19.168  25.102  3.92
400  35  LYS  C  35.95  19.509  23.987  120.5
401  35  LYS  O  36.04  18.932  22.887  62.6
402  35  LYS  CB  36.734  17.704  25.525  28.7
403  35  LYS  CG  37.989  17.163  26.22  35.96
404  35  LYS  CD  37.709  15.72  26.627  39.3
405  35  LYS  CE  38.833  15.167  27.501  8.52
406  35  LYS  NZ  38.406  13.862  28.096  4.07
407  35  LYS  H  36.006  19.844  26.745  8.68
408  35  LYS  HA  37.804  19.324  24.753  4.39
409  35  LYS  HB2  35.974  17.629  26.123  1.6
410  35  LYS  HB3  36.536  17.162  24.745  1.6
411  35  LYS  HG2  38.753  17.206  25.624  1.39
412  35  LYS  HG3  38.205  17.7  26.998  1.39
413  35  LYS  HD2  36.868  15.674  27.109  1.84
414  35  LYS  HD3  37.612  15.17  25.834  1.84
415  35  LYS  HE2  39.637  15.045  26.972  3.06
416  35  LYS  HE3  39.05  15.799  28.204  3.06
417  35  LYS  HZ1  39.03  13.575  28.662  7.36
418  35  LYS  HZ2  37.638  13.972  28.533  7.22
419  35  LYS  HZ3  38.295  13.262  27.448  7.22
420  36  ALA  N  35.011  20.425  24.219  124.66
421  36  ALA  CA  33.977  20.689  23.222  55.28
422  36  ALA  C  34.593  21.22  21.922  30.38
423  36  ALA  O  35.551  21.944  21.886  65.8
424  36  ALA  CB  32.983  21.691  23.774  17.75
425  36  ALA  H  34.955  20.897  24.936  6.92
426  36  ALA  HA  33.52  19.857  23.022  4.16
427  36  ALA  HB1  32.297  21.865  23.111  3.05
428  36  ALA  HB2  32.573  21.332  24.576  62.99
429  36  ALA  HB3  33.442  22.518  23.989  128.61
430  37  ASN  N  33.932  20.813  20.813  116.64
431  37  ASN  CA  34.325  21.384  19.526  65.65
432  37  ASN  C  33.508  22.624  19.17  119.85
433  37  ASN  O  33.896  23.493  18.405  59.18
434  37  ASN  CB  34.161  20.295  18.451  67.44
435  37  ASN  CG  34.364  20.814  17.046  174.87
436  37  ASN  OD1  35.477  21.161  16.671  22.34
437  37  ASN  ND2  33.292  20.858  16.257  113.28
438  37  ASN  H  33.291  20.24  20.792  9.44
439  37  ASN  HA  35.249  21.674  19.578  4.86
440  37  ASN  HB2  34.796  19.582  18.621  2.95
441  37  ASN  HB3  33.274  19.909  18.522  3.02
442  37  ASN  HD21  33.365  21.139  15.447  7.84
443  37  ASN  HD22  32.527  20.605  16.557  7.02
444  38  THR  N  32.289  22.742  19.74  112.14
445  38  THR  CA  31.484  23.936  19.558  59.39
446  38  THR  C  30.896  24.41  20.886  7.59
447  38  THR  O  30.427  23.567  21.63  3.89
448  38  THR  CB  30.311  23.619  18.596  29.49
449  38  THR  OG1  30.912  23.166  17.349  27.03
450  38  THR  CG2  29.445  24.817  18.324  44.24
451  38  THR  H  31.925  22.137  20.231  7.26
452  38  THR  HA  32.054  24.632  19.195  5.03
453  38  THR  HB  29.736  22.95  18.999  3.95
454  38  THR  HG1  30.307  22.981  16.797  114.57
455  38  THR  HG21  28.728  24.568  17.719  8.44
456  38  THR  HG22  29.067  25.139  19.157  3.82
457  38  THR  HG23  29.98  25.518  17.92  1.59
458  39  CYS  N  30.97  25.721  21.051  122.36
459  39  CYS  CA  30.413  26.313  22.268  1.21
460  39  CYS  C  29.521  27.518  21.976  1.21
461  39  CYS  O  29.884  28.389  21.186  2.65
462  39  CYS  CB  31.535  26.835  23.158  3.05
463  39  CYS  SG  32.245  25.547  24.216  3.89
464  39  CYS  H  31.324  26.274  20.495  8.19
465  39  CYS  HA  29.898  25.61  22.693  5.28
466  39  CYS  HB2  32.234  27.213  22.602  3.31
467  39  CYS  HB3  31.194  27.553  23.714  3.67
468  40  THR  N  28.406  27.573  22.707  119.22
469  40  THR  CA  27.534  28.722  22.74  58.65
470  40  THR  C  27.276  29.11  24.209  117.79
471  40  THR  O  26.859  28.198  24.938  39.18
472  40  THR  CB  26.186  28.413  22.061  27.89
473  40  THR  OG1  26.474  28.081  20.686  33.58
474  40  THR  CG2  25.29  29.648  22.064  38.74
475  40  THR  H  28.139  26.924  23.204  8.64
476  40  THR  HA  27.962  29.45  22.262  5.43
477  40  THR  HB  25.737  27.693  22.531  4.02
478  40  THR  HG1  25.758  27.905  20.284  3.75
479  40  THR  HG21  24.447  29.437  21.634  1.81
480  40  THR  HG22  25.125  29.926  22.979  1.81
481  40  THR  HG23  25.728  30.367  21.582  1.84
482  41  GLY  N  27.512  30.328  24.63  121.72
483  41  GLY  CA  27.228  30.734  26.013  6.9
484  41  GLY  C  27.923  29.886  27.06  6.82
485  41  GLY  O  27.318  29.661  28.146  116.21
486  41  GLY  H  27.84  30.952  24.137  8.68
487  41  GLY  HA2  27.495  31.659  26.13  4.23
488  41  GLY  HA3  26.27  30.694  26.162  4.67
489  42  SER  N  29.131  29.391  26.819  112.49
490  42  SER  CA  29.771  28.4  27.713  20.8
491  42  SER  C  31.154  28.803  28.149  21.34
492  42  SER  O  31.739  29.76  27.622  6.81
493  42  SER  CB  29.772  27.038  26.986  3.57
494  42  SER  OG  28.435  26.607  26.771  1.63
495  42  SER  H  29.609  29.612  26.139  8.06
496  42  SER  HA  29.261  28.342  28.536  5.97
497  42  SER  HB2  30.236  27.115  26.138  3.16
498  42  SER  HB3  30.252  26.381  27.514  4.23
499  42  SER  HG  28.061  27.118  26.219  62.23
500  43  THR  N  31.707  28.082  29.172  108.88
501  43  THR  CA  33.014  28.486  29.669  109.92
502  43  THR  C  34.084  27.41  29.461  47.16
503  43  THR  O  33.743  26.24  29.248  1.73
504  43  THR  CB  32.972  28.805  31.185  1.31
505  43  THR  OG1  32.528  27.644  31.906  8.85
506  43  THR  CG2  31.978  29.909  31.503  3.43
507  43  THR  H  31.35  27.401  29.557  8.04
508  43  THR  HA  33.245  29.277  29.157  4.71
509  43  THR  HB  33.867  29.079  31.44  4.35
510  43  THR  HG1  32.506  27.816  32.728  175.89
511  43  THR  HG21  31.979  30.081  32.458  3.83
512  43  THR  HG22  32.229  30.717  31.029  39.26
513  43  THR  HG23  31.09  29.635  31.225  121.54
514  44  ASP  N  35.336  27.83  29.556  116.16
515  44  ASP  CA  36.513  27.024  29.356  113.46
516  44  ASP  C  36.477  26.211  28.067  8.26
517  44  ASP  O  36.816  25.033  28.053  4.75
518  44  ASP  CB  36.721  26.045  30.541  2.68
519  44  ASP  CG  36.595  26.83  31.861  2.6
520  44  ASP  OD1  37.459  27.706  32.102  7.4
521  44  ASP  OD2  35.621  26.509  32.569  6.79
522  44  ASP  H  35.527  28.646  29.752  8.22
523  44  ASP  HA  37.248  27.654  29.296  4.03
524  44  ASP  HB2  36.062  25.334  30.509  2.8
525  44  ASP  HB3  37.594  25.626  30.481  2.8
526  45  CYS  N  36.06  26.88  27.001  117.91
527  45  CYS  CA  35.945  26.183  25.696  19.47
528  45  CYS  C  37.289  26.121  25.017  20.86
529  45  CYS  O  37.498  26.593  23.898  7.27
530  45  CYS  CB  34.872  26.922  24.896  4.44
531  45  CYS  SG  33.223  26.66  25.617  2.19
532  45  CYS  H  35.842  27.712  26.995  7.52
533  45  CYS  HA  35.673  25.257  25.792  4.72
534  45  CYS  HB2  35.074  27.871  24.878  2.77
535  45  CYS  HB3  34.879  26.613  23.977  3.55
536  46  ASN  N  38.255  25.525  25.749  114.97
537  46  ASN  CA  39.662  25.656  25.399  24.49
538  46  ASN  C  40.037  24.984  24.079  116.92
539  46  ASN  O  41.076  25.401  23.535  63.81
540  46  ASN  CB  40.514  25.076  26.54  4.21
541  46  ASN  CG  40.302  25.706  27.929  2.1
542  46  ASN  OD1  40.623  24.949  28.88  69.26
543  46  ASN  ND2  39.82  26.918  27.998  177.41
544  46  ASN  H  38.104  25.045  26.447  7.94
545  46  ASN  HA  39.836  26.602  25.275  4.22
546  46  ASN  HB2  40.332  24.125  26.605  2.55
547  46  ASN  HB3  41.449  25.17  26.301  3.24
548  46  ASN  HD21  39.689  27.286  28.764  175.49
549  46  ASN  HD22  39.634  27.348  27.277  61.84
550  47  THR  N  39.219  24.036  23.614  106.3
551  47  THR  CA  39.638  23.376  22.356  1.58
552  47  THR  C  38.545  23.463  21.3  1.99
553  47  THR  O  38.612  22.75  20.284  2.19
554  47  THR  CB  39.991  21.916  22.603  21.7
555  47  THR  OG1  38.872  21.215  23.13  8.34
556  47  THR  CG2  41.126  21.782  23.624  7.09
557  47  THR  H  38.481  23.773  23.968  9.13
558  47  THR  HA  40.424  23.842  22.031  4.52
559  47  THR  HB  40.263  21.546  21.749  4.92
560  47  THR  HG1  38.89  21.248  23.969  59.9
561  47  THR  HG21  41.329  20.843  23.761  177.67
562  47  THR  HG22  41.915  22.238  23.292  108.65
563  47  THR  HG23  40.853  22.18  24.466  117.55
564  48  ALA  N  37.559  24.328  21.544  127.41
565  48  ALA  CA  36.473  24.505  20.579  177.79
566  48  ALA  C  37.012  25.118  19.306  8.49
567  48  ALA  O  37.851  25.998  19.27  30.18
568  48  ALA  CB  35.405  25.413  21.17  1.9
569  48  ALA  H  37.5  24.815  22.251  6.8
570  48  ALA  HA  36.084  23.64  20.377  4.54
571  48  ALA  HB1  34.687  25.528  20.528  176.87
572  48  ALA  HB2  35.053  25.013  21.981  1.86
573  48  ALA  HB3  35.794  26.277  21.378  41.12
574  49  GLN  N  36.498  24.668  18.156  117.91
575  49  GLN  CA  36.769  25.353  16.896  62.48
576  49  GLN  C  35.853  26.526  16.612  4.16
577  49  GLN  O  36.235  27.442  15.87  3.11
578  49  GLN  CB  36.673  24.309  15.741  33.24
579  49  GLN  CG  37.864  23.335  15.805  27.26
580  49  GLN  CD  39.155  24.096  15.597  51.34
581  49  GLN  OE1  39.255  24.937  14.711  4.75
582  49  GLN  NE2  40.14  23.795  16.461  1.86
583  49  GLN  H  35.995  23.974  18.088  8.94
584  49  GLN  HA  37.659  25.734  16.963  4.52
585  49  GLN  HB2  35.84  23.817  15.809  2.26
586  49  GLN  HB3  36.664  24.764  14.884  2.26
587  49  GLN  HG2  37.879  22.884  16.664  2.6
588  49  GLN  HG3  37.769  22.649  15.126  2.6
589  49  GLN  HE21  40.014  23.195  17.064  61.82
590  49  GLN  HE22  40.896  24.203  16.411  1.59
591  50  THR  N  34.666  26.569  17.197  112.02
592  50  THR  CA  33.722  27.667  17.062  70.81
593  50  THR  C  33.173  28.108  18.442  8.71
594  50  THR  O  32.689  27.235  19.173  21.38
595  50  THR  CB  32.522  27.252  16.191  8.52
596  50  THR  OG1  33.015  26.693  14.967  5.2
597  50  THR  CG2  31.718  28.506  15.871  3.96
598  50  THR  H  34.377  25.936  17.702  7.26
599  50  THR  HA  34.203  28.401  16.648  5.03
600  50  THR  HB  31.97  26.601  16.653  3.95
601  50  THR  HG1  32.368  26.462  14.484  30.16
602  50  THR  HG21  30.954  28.27  15.321  127.95
603  50  THR  HG22  31.409  28.912  16.696  60.77
604  50  THR  HG23  32.278  29.136  15.391  28.65
605  51  CYS  N  33.248  29.413  18.692  123.08
606  51  CYS  CA  32.692  29.905  19.94  34.79
607  51  CYS  C  31.754  31.077  19.664  20.2
608  51  CYS  O  32.131  31.972  18.905  21.51
609  51  CYS  CB  33.732  30.48  20.893  9.74
610  51  CYS  SG  34.59  29.148  21.804  5.02
611  51  CYS  H  33.601  30.004  18.176  8.51
612  51  CYS  HA  32.26  29.133  20.337  5.13
613  51  CYS  HB2  34.378  31.004  20.394  3.18
614  51  CYS  HB3  33.303  31.082  21.521  3.77
615  52  THR  N  30.624  31.06  20.34  118.58
616  52  THR  CA  29.728  32.203  20.394  2.77
617  52  THR  C  29.425  32.536  21.871  7.26
618  52  THR  O  28.975  31.586  22.509  127.38
619  52  THR  CB  28.395  31.934  19.678  60.86
620  52  THR  OG1  28.687  31.571  18.314  1.43
621  52  THR  CG2  27.518  33.171  19.665  175.15
622  52  THR  H  30.349  30.379  20.787  8.56
623  52  THR  HA  30.17  32.941  19.945  5.02
624  52  THR  HB  27.924  31.227  20.146  4.04
625  52  THR  HG1  27.97  31.418  17.905  38.07
626  52  THR  HG21  26.686  32.973  19.208  9.81
627  52  THR  HG22  27.329  33.444  20.577  5.01
628  52  THR  HG23  27.978  33.889  19.202  1.61
629  53  ASN  N  29.647  33.761  22.285  129.97
630  53  ASN  CA  29.437  34.224  23.658  38.38
631  53  ASN  C  30.032  33.206  24.628  7.01
632  53  ASN  O  29.386  32.794  25.587  129.35
633  53  ASN  CB  27.939  34.364  23.956  60.39
634  53  ASN  CG  27.684  35.083  25.272  7.44
635  53  ASN  OD1  28.518  35.878  25.693  3.68
636  53  ASN  ND2  26.532  34.812  25.895  110.78
637  53  ASN  H  29.936  34.38  21.762  9.3
638  53  ASN  HA  29.866  35.087  23.763  5.29
639  53  ASN  HB2  27.511  34.851  23.234  2.75
640  53  ASN  HB3  27.532  33.484  23.985  3.16
641  53  ASN  HD21  26.341  35.205  26.636  7.79
642  53  ASN  HD22  25.982  34.245  25.555  6.82
643  54  SER  N  31.261  32.802  24.382  110.89
644  54  SER  CA  31.909  31.801  25.254  42.78
645  54  SER  C  33.289  32.251  25.673  58.84
646  54  SER  O  33.868  33.208  25.132  121.22
647  54  SER  CB  31.959  30.44  24.555  56.81
648  54  SER  OG  30.675  29.964  24.239  7.96
649  54  SER  H  31.745  33.081  23.728  8.39
650  54  SER  HA  31.377  31.71  26.06  5.72
651  54  SER  HB2  32.485  30.513  23.743  3.13
652  54  SER  HB3  32.409  29.799  25.128  4.01
653  54  SER  HG  30.302  30.496  23.707  4.69
654  55  LYS  N  33.853  31.565  26.658  117.67
655  55  LYS  CA  35.095  31.984  27.278  3.55
656  55  LYS  C  36.272  31.043  27.084  178.69
657  55  LYS  O  36.08  29.815  27.086  117.22
658  55  LYS  CB  34.916  32.163  28.815  54.71
659  55  LYS  CG  33.711  33.002  29.163  26.3
660  55  LYS  CD  33.796  34.457  28.776  37.73
661  55  LYS  CE  32.519  35.157  29.292  31.71
662  55  LYS  NZ  32.453  36.55  28.772  34.84
663  55  LYS  H  33.523  30.841  26.985  7.96
664  55  LYS  HA  35.302  32.817  26.825  5.16
665  55  LYS  HB2  34.83  31.291  29.231  1.63
666  55  LYS  HB3  35.712  32.577  29.184  1.63
667  55  LYS  HG2  32.932  32.615  28.733  1.32
668  55  LYS  HG3  33.564  32.947  30.12  1.47
669  55  LYS  HD2  34.587  34.866  29.161  1.75
670  55  LYS  HD3  33.869  34.549  27.813  1.75
671  55  LYS  HE2  31.734  34.662  29.01  2.9
672  55  LYS  HE3  32.516  35.166  30.262  2.9
673  55  LYS  HZ1  31.715  36.945  29.074  7.33
674  55  LYS  HZ2  33.167  37.004  29.048  124.92
675  55  LYS  HZ3  32.438  36.535  27.882  54.42
676  56  ASP  N  37.423  31.684  26.962  118.5
677  56  ASP  CA  38.715  31.003  26.817  8.41
678  56  ASP  C  38.775  30.028  25.632  30.51
679  56  ASP  O  39.098  28.86  25.761  35.4
680  56  ASP  CB  39.046  30.287  28.135  173.69
681  56  ASP  CG  39.283  31.315  29.241  1.64
682  56  ASP  OD1  39.786  32.415  28.972  31.78
683  56  ASP  OD2  38.952  30.992  30.399  8.51
684  56  ASP  H  37.484  32.542  26.96  8.22
685  56  ASP  HA  39.381  31.681  26.62  3.68
686  56  ASP  HB2  38.318  29.696  28.383  1.82
687  56  ASP  HB3  39.835  29.734  28.022  2.35
688  57  CYS  N  38.484  30.581  24.453  119.33
689  57  CYS  CA  38.404  29.765  23.232  116.35
690  57  CYS  C  39.75  29.763  22.549  47.15
691  57  CYS  O  39.884  30.308  21.442  54.33
692  57  CYS  CB  37.32  30.365  22.32  116.55
693  57  CYS  SG  35.694  30.226  23.146  8.96
694  57  CYS  H  38.33  31.419  24.336  7.37
695  57  CYS  HA  38.169  28.847  23.441  4.79
696  57  CYS  HB2  37.52  31.295  22.13  2.78
697  57  CYS  HB3  37.304  29.899  21.469  3.93
698  58  PHE  N  40.747  29.18  23.217  115.83
699  58  PHE  CA  42.117  29.353  22.822  3.58
700  58  PHE  C  42.435  28.771  21.439  40.44
701  58  PHE  O  43.459  29.151  20.856  2.82
702  58  PHE  CB  43.025  28.617  23.827  7.01
703  58  PHE  CG  42.892  29.095  25.284  118.95
704  58  PHE  CD1  42.862  28.168  26.308  8.73
705  58  PHE  CD2  42.83  30.454  25.575  4.5
706  58  PHE  CE1  42.812  28.583  27.645  2.64
707  58  PHE  CE2  42.767  30.867  26.91  2.63
708  58  PHE  CZ  42.744  29.923  27.913  117.77
709  58  PHE  H  40.636  28.678  23.906  6.54
710  58  PHE  HA  42.271  30.31  22.797  4.67
711  58  PHE  HB2  42.824  27.669  23.791  3.27
712  58  PHE  HB3  43.948  28.723  23.548  3.68
713  58  PHE  HD1  42.875  27.26  26.108  7.29
714  58  PHE  HD2  42.83  31.082  24.889  7.29
715  58  PHE  HE1  42.825  27.961  28.336  7.39
716  58  PHE  HE2  42.741  31.773  27.119  7.39
717  58  PHE  HZ  42.68  30.204  28.797  7.31
718  59  GLU  N  41.627  27.829  20.96  112.87
719  59  GLU  CA  41.935  27.092  19.75  1.57
720  59  GLU  C  40.995  27.47  18.607  1.56
721  59  GLU  O  41.26  27.054  17.489  1.34
722  59  GLU  CB  41.837  25.569  19.951  1
723  59  GLU  CG  42.926  24.956  20.812  1.31
724  59  GLU  CD  44.266  24.872  20.096  1.22
725  59  GLU  OE1  44.34  25.002  18.862  2.74
726  59  GLU  OE2  45.309  24.671  20.773  2.74
727  59  GLU  H  40.885  27.603  21.331  8.68
728  59  GLU  HA  42.848  27.331  19.528  4.54
729  59  GLU  HB2  40.977  25.365  20.35  1.5
730  59  GLU  HB3  41.854  25.141  19.081  2.31
731  59  GLU  HG2  43.028  25.482  21.62  2.49
732  59  GLU  HG3  42.654  24.066  21.086  2.49
733  60  ALA  N  39.934  28.186  18.889  124.86
734  60  ALA  CA  38.885  28.422  17.9  31.91
735  60  ALA  C  39.381  29.165  16.669  21.3
736  60  ALA  O  40.152  30.111  16.726  21.71
737  60  ALA  CB  37.742  29.24  18.535  8.56
738  60  ALA  H  39.791  28.553  19.654  6.96
739  60  ALA  HA  38.576  27.548  17.615  4.41
740  60  ALA  HB1  37.048  29.394  17.875  36.98
741  60  ALA  HB2  37.371  28.749  19.285  176.38
742  60  ALA  HB3  38.087  30.092  18.845  1.2
743  61  ASN  N  38.832  28.731  15.517  116.6
744  61  ASN  CA  39.093  29.54  14.316  9.42
745  61  ASN  C  38.076  30.65  14.114  4.75
746  61  ASN  O  38.256  31.631  13.376  124.26
747  61  ASN  CB  39.101  28.599  13.099  60.02
748  61  ASN  CG  37.766  27.954  12.85  8.3
749  61  ASN  OD1  36.769  28.655  12.645  4.16
750  61  ASN  ND2  37.745  26.625  12.86  115.05
751  61  ASN  H  38.345  28.03  15.414  8.76
752  61  ASN  HA  39.951  29.979  14.426  4.97
753  61  ASN  HB2  39.366  29.099  12.311  2.99
754  61  ASN  HB3  39.769  27.908  13.234  2.99
755  61  ASN  HD21  37.008  26.206  12.718  7.89
756  61  ASN  HD22  38.469  26.185  13.008  7.1
757  62  THR  N  36.948  30.542  14.829  114.84
758  62  THR  CA  35.863  31.492  14.716  33.2
759  62  THR  C  35.342  31.874  16.092  37.08
760  62  THR  O  34.971  30.963  16.868  7.44
761  62  THR  CB  34.683  30.93  13.892  118.25
762  62  THR  OG1  35.165  30.602  12.572  121.85
763  62  THR  CG2  33.639  32.018  13.742  61.34
764  62  THR  H  36.802  29.909  15.392  7.51
765  62  THR  HA  36.223  32.269  14.261  5.39
766  62  THR  HB  34.31  30.15  14.331  4.03
767  62  THR  HG1  35.676  29.937  12.617  26.62
768  62  THR  HG21  32.891  31.68  13.226  15.85
769  62  THR  HG22  33.329  32.292  14.619  113.16
770  62  THR  HG23  34.028  32.78  13.285  8.65
771  63  CYS  N  35.365  33.155  16.414  124.16
772  63  CYS  CA  34.889  33.652  17.693  1.72
773  63  CYS  C  33.925  34.823  17.517  2.06
774  63  CYS  O  34.217  35.729  16.72  2.38
775  63  CYS  CB  36.025  34.198  18.56  27.02
776  63  CYS  SG  36.8  32.878  19.566  131.62
777  63  CYS  H  35.661  33.769  15.89  9.13
778  63  CYS  HA  34.461  32.889  18.112  5.38
779  63  CYS  HB2  36.696  34.61  17.994  3.21
780  63  CYS  HB3  35.682  34.892  19.144  3.32
781  64  THR  N  32.836  34.808  18.26  117.74
782  64  THR  CA  31.914  35.937  18.329  43.43
783  64  THR  C  31.548  36.229  19.769  86.13
784  64  THR  O  31.115  35.242  20.392  4.23
785  64  THR  CB  30.611  35.608  17.575  8.03
786  64  THR  OG1  30.934  35.327  16.219  5.5
787  64  THR  CG2  29.651  36.776  17.571  9.46
788  64  THR  H  32.603  34.138  18.746  8.45
789  64  THR  HA  32.354  36.704  17.929  5.17
790  64  THR  HB  30.193  34.855  18.021  3.97
791  64  THR  HG1  30.232  35.144  15.796  1.65
792  64  THR  HG21  28.846  36.532  17.089  1.42
793  64  THR  HG22  29.422  37.01  18.484  3.04
794  64  THR  HG23  30.068  37.537  17.137  3.05
795  65  ASP  N  31.688  37.457  20.236  131.96
796  65  ASP  CA  31.381  37.829  21.607  3.9
797  65  ASP  C  32.083  36.885  22.576  2.67
798  65  ASP  O  31.521  36.502  23.603  67.8
799  65  ASP  CB  29.872  37.8  21.855  119.77
800  65  ASP  CG  29.125  38.66  20.858  120.75
801  65  ASP  OD1  27.932  38.392  20.593  62.1
802  65  ASP  OD2  29.721  39.61  20.32  3.83
803  65  ASP  H  31.97  38.113  19.756  8.89
804  65  ASP  HA  31.699  38.733  21.754  5.06
805  65  ASP  HB2  29.552  36.886  21.798  2.68
806  65  ASP  HB3  29.685  38.111  22.755  3.15
807  66  SER  N  33.325  36.511  22.253  111.89
808  66  SER  CA  33.993  35.479  23.051  5
809  66  SER  C  35.338  35.943  23.562  4.26
810  66  SER  O  35.826  37.011  23.154  2.06
811  66  SER  CB  34.142  34.223  22.197  1.93
812  66  SER  OG  32.911  33.572  21.948  2.3
813  66  SER  H  33.784  36.83  21.599  8.54
814  66  SER  HA  33.451  35.287  23.832  5.89
815  66  SER  HB2  34.553  34.461  21.351  3.23
816  66  SER  HB3  34.744  33.606  22.641  4.07
817  66  SER  HG  32.412  34.077  21.499  4
818  67  THR  N  35.994  35.184  24.455  108.46
819  67  THR  CA  37.257  35.656  25.009  27.24
820  67  THR  C  38.433  34.725  24.67  23.65
821  67  THR  O  38.286  33.513  24.44  25.37
822  67  THR  CB  37.24  35.823  26.55  9.72
823  67  THR  OG1  37.019  34.566  27.2  5.32
824  67  THR  CG2  36.104  36.731  27.007  1.46
825  67  THR  H  35.729  34.418  24.741  7.96
826  67  THR  HA  37.376  36.524  24.593  5.25
827  67  THR  HB  38.102  36.201  26.783  4.08
828  67  THR  HG1  37.015  34.678  28.033  3.76
829  67  THR  HG21  36.124  36.813  27.973  3.9
830  67  THR  HG22  36.21  37.608  26.607  3.9
831  67  THR  HG23  35.255  36.351  26.732  116.9
832  68  ASN  N  39.602  35.367  24.673  117.4
833  68  ASN  CA  40.903  34.71  24.575  114.58
834  68  ASN  C  40.995  33.784  23.368  58.04
835  68  ASN  O  41.445  32.637  23.387  38.51
836  68  ASN  CB  41.177  33.975  25.891  4.43
837  68  ASN  CG  41.419  35.016  26.981  67.8
838  68  ASN  OD1  41.568  36.217  26.725  65.08
839  68  ASN  ND2  41.441  34.582  28.235  8.55
840  68  ASN  H  39.66  36.223  24.734  7.92
841  68  ASN  HA  41.589  35.381  24.434  3.63
842  68  ASN  HB2  40.424  33.41  26.125  2.53
843  68  ASN  HB3  41.95  33.396  25.8  2.64
844  68  ASN  HD21  41.56  35.138  28.88  109.8
845  68  ASN  HD22  41.336  33.745  28.402  63.75
846  69  CYS  N  40.586  34.348  22.239  116.19
847  69  CYS  CA  40.574  33.615  20.99  175.59
848  69  CYS  C  41.893  33.664  20.238  68.53
849  69  CYS  O  42.021  34.292  19.187  3.54
850  69  CYS  CB  39.455  34.183  20.089  22.11
851  69  CYS  SG  37.842  33.929  20.923  8.33
852  69  CYS  H  40.31  35.16  22.179  8.16
853  69  CYS  HA  40.418  32.684  21.212  4.78
854  69  CYS  HB2  39.603  35.127  19.924  3.01
855  69  CYS  HB3  39.461  33.74  19.226  3.65
856  70  TYR  N  42.896  32.984  20.774  114.13
857  70  TYR  CA  44.285  33.052  20.314  55.32
858  70  TYR  C  44.512  32.763  18.826  119.65
859  70  TYR  O  45.458  33.3  18.212  58.06
860  70  TYR  CB  45.114  32.046  21.122  4.57
861  70  TYR  CG  45.28  32.255  22.609  117.65
862  70  TYR  CD1  45.769  31.245  23.447  40.47
863  70  TYR  CD2  44.976  33.453  23.221  179.29
864  70  TYR  CE1  45.941  31.394  24.835  10.15
865  70  TYR  CE2  45.141  33.628  24.584  33.08
866  70  TYR  CZ  45.616  32.595  25.369  7.23
867  70  TYR  OH  45.769  32.798  26.725  7.43
868  70  TYR  H  42.788  32.45  21.439  6.6
869  70  TYR  HA  44.554  33.974  20.449  4.83
870  70  TYR  HB2  44.718  31.17  20.993  3
871  70  TYR  HB3  46.001  32.017  20.73  3.29
872  70  TYR  HD1  45.993  30.428  23.063  7.18
873  70  TYR  HD2  44.653  34.158  22.707  7.18
874  70  TYR  HE1  46.263  30.699  25.362  6.5
875  70  TYR  HE2  44.931  34.446  24.974  6.5
876  70  TYR  HH  45.533  33.58  26.92  7.1
877  71  LYS  N  43.706  31.893  18.254  117.31
878  71  LYS  CA  43.827  31.456  16.877  115.07
879  71  LYS  C  42.7  31.936  15.99  55.89
880  71  LYS  O  42.68  31.487  14.843  53.65
881  71  LYS  CB  43.856  29.912  16.825  174.94
882  71  LYS  CG  45.113  29.41  17.54  36.08
883  71  LYS  CD  45.348  27.941  17.434  24.11
884  71  LYS  CE  46.679  27.549  18.067  29.02
885  71  LYS  NZ  46.818  26.062  18.132  41.39
886  71  LYS  H  43.049  31.526  18.67  9.62
887  71  LYS  HA  44.651  31.843  16.542  4.58
888  71  LYS  HB2  43.063  29.548  17.248  1.43
889  71  LYS  HB3  43.851  29.608  15.904  1.97
890  71  LYS  HG2  45.883  29.875  17.178  1.63
891  71  LYS  HG3  45.053  29.648  18.478  1.63
892  71  LYS  HD2  44.626  27.463  17.871  1.73
893  71  LYS  HD3  45.34  27.676  16.501  1.73
894  71  LYS  HE2  47.41  27.924  17.552  3.05
895  71  LYS  HE3  46.74  27.923  18.96  3.05
896  71  LYS  HZ1  47.398  25.846  18.771  2.64
897  71  LYS  HZ2  46.027  25.697  18.314  38.67
898  71  LYS  HZ3  47.112  25.757  17.349  176.67
899  72  ALA  N  41.782  32.8  16.429  125.45
900  72  ALA  CA  40.629  33.044  15.569  121.38
901  72  ALA  C  40.92  33.955  14.384  51.21
902  72  ALA  O  41.253  35.113  14.606  2.04
903  72  ALA  CB  39.486  33.682  16.377  0.27
904  72  ALA  H  41.803  33.23  17.174  7.25
905  72  ALA  HA  40.383  32.172  15.222  4.34
906  72  ALA  HB1  38.726  33.839  15.795  1.2
907  72  ALA  HB2  39.224  33.085  17.095  111.65
908  72  ALA  HB3  39.786  34.525  16.751  8.49
909  73  THR  N  40.719  33.399  13.199  114.09
910  73  THR  CA  40.85  34.272  12.006  2.59
911  73  THR  C  39.581  35.061  11.742  2.79
912  73  THR  O  39.553  36.084  11.044  7.38
913  73  THR  CB  41.167  33.386  10.793  6.43
914  73  THR  OG1  40.122  32.426  10.677  111.51
915  73  THR  CG2  42.433  32.589  11.031  59.97
916  73  THR  H  40.519  32.576  13.052  8.14
917  73  THR  HA  41.562  34.912  12.165  5.14
918  73  THR  HB  41.262  33.95  10.01  4.29
919  73  THR  HG1  40.271  31.928  10.018  4.08
920  73  THR  HG21  42.618  32.036  10.256  20.38
921  73  THR  HG22  43.175  33.196  11.179  9.42
922  73  THR  HG23  42.318  32.024  11.811  4.77
923  74  ALA  N  38.485  34.57  12.319  126.46
924  74  ALA  CA  37.23  35.332  12.329  4.22
925  74  ALA  C  36.999  35.729  13.783  2.55
926  74  ALA  O  36.745  34.896  14.656  2.55
927  74  ALA  CB  36.077  34.557  11.743  178.45
928  74  ALA  H  38.444  33.804  12.708  7.7
929  74  ALA  HA  37.292  36.117  11.762  4.72
930  74  ALA  HB1  35.274  35.1  11.772  8.31
931  74  ALA  HB2  36.277  34.325  10.823  4.19
932  74  ALA  HB3  35.937  33.746  12.257  33.17
933  75  CYS  N  37.155  37.008  14.055  125.68
934  75  CYS  CA  37.117  37.494  15.425  30.83
935  75  CYS  C  36.19  38.698  15.509  116.45
936  75  CYS  O  36.623  39.741  15.035  121.95
937  75  CYS  CB  38.509  37.891  15.853  8.66
938  75  CYS  SG  38.706  38.8  17.388  5.05
939  75  CYS  H  37.285  37.617  13.461  8.81
940  75  CYS  HA  36.788  36.795  16.011  5.09
941  75  CYS  HB2  39.039  37.082  15.919  2.65
942  75  CYS  HB3  38.895  38.426  15.142  3.57
943  76  THR  N  35.015  38.512  16.093  122.18
944  76  THR  CA  34.063  39.61  16.222  59.63
945  76  THR  C  33.779  39.907  17.684  3.68
946  76  THR  O  33.257  39.013  18.376  0.79
947  76  THR  CB  32.734  39.238  15.532  42.28
948  76  THR  OG1  33.03  38.898  14.178  25.42
949  76  THR  CG2  31.784  40.424  15.535  19.23
950  76  THR  H  34.748  37.763  16.42  8.79
951  76  THR  HA  34.452  40.394  15.803  4.6
952  76  THR  HB  32.316  38.5  16.003  4.14
953  76  THR  HG1  32.32  38.689  13.78  177.01
954  76  THR  HG21  30.954  40.175  15.099  28.8
955  76  THR  HG22  31.601  40.69  16.45  120.65
956  76  THR  HG23  32.19  41.165  15.059  114.64
957  77  ASN  N  34.107  41.109  18.103  122.65
958  77  ASN  CA  33.836  41.569  19.465  113.22
959  77  ASN  C  34.361  40.516  20.445  29.98
960  77  ASN  O  33.642  40.111  21.346  65.05
961  77  ASN  CB  32.35  41.83  19.658  2.1
962  77  ASN  CG  32.078  42.477  21.012  8.1
963  77  ASN  OD1  32.857  43.326  21.457  5.19
964  77  ASN  ND2  30.986  42.099  21.66  3.38
965  77  ASN  H  34.497  41.694  17.608  7.85
966  77  ASN  HA  34.29  42.41  19.631  4.52
967  77  ASN  HB2  32.025  42.407  18.949  3.12
968  77  ASN  HB3  31.861  40.995  19.591  3.33
969  77  ASN  HD21  30.796  42.448  22.423  175.33
970  77  ASN  HD22  30.467  41.504  21.318  7.18
971  78  SER  N  35.58  40.06  20.21  109.63
972  78  SER  CA  36.275  39.048  21.006  2.09
973  78  SER  C  37.686  39.52  21.362  7.47
974  78  SER  O  38.284  40.286  20.603  113.3
975  78  SER  CB  36.371  37.726  20.247  7.47
976  78  SER  OG  35.071  37.191  20.006  6.77
977  78  SER  H  36.053  40.343  19.55  7.79
978  78  SER  HA  35.762  38.913  21.818  5.68
979  78  SER  HB2  36.831  37.864  19.404  3.55
980  78  SER  HB3  36.898  37.092  20.758  3.89
981  78  SER  HG  34.621  37.739  19.555  1.61
982  79  SER  N  38.171  39.083  22.51  116.71
983  79  SER  CA  39.467  39.409  23.066  6.1
984  79  SER  C  40.506  38.358  22.701  6.75
985  79  SER  O  40.161  37.217  22.382  6.61
986  79  SER  CB  39.361  39.576  24.591  6.61
987  79  SER  OG  39.032  38.331  25.186  116.78
988  79  SER  H  37.722  38.554  23.018  8.19
989  79  SER  HA  39.761  40.25  22.683  4.83
990  79  SER  HB2  40.201  39.903  24.949  3.97
991  79  SER  HB3  38.684  40.237  24.807  4.19
992  79  SER  HG  38.976  38.424  26.019  34.46
993  80  GLY  N  41.789  38.76  22.752  108.05
994  80  GLY  CA  42.847  37.797  22.559  1.87
995  80  GLY  C  43.1  37.355  21.143  112.33
996  80  GLY  O  43.848  36.399  20.897  8.85
997  80  GLY  H  42.047  39.568  22.894  8.79
998  80  GLY  HA2  43.669  38.173  22.911  3.77
999  80  GLY  HA3  42.644  37.012  23.091  3.87
1000  81  CYS  N  42.498  37.991  20.133  2.28
1001  81  CYS  CA  42.685  37.5  18.775  2.24
1002  81  CYS  C  44.004  37.919  18.128  7.54
1003  81  CYS  O  44.591  38.937  18.517  6.77
1004  81  CYS  CB  41.574  38.046  17.878  125.78
1005  81  CYS  SG  39.922  37.541  18.421  56.43
1006  81  CYS  H  41.995  38.684  20.212  7.94
1007  81  CYS  HA  42.677  36.533  18.852  4.97
1008  81  CYS  HB2  41.623  39.015  17.863  2.96
1009  81  CYS  HB3  41.719  37.74  16.969  3.58
1010  82  PRO  N  44.426  37.126  17.157  26
1011  82  PRO  CA  45.707  37.398  16.478  23.45
1012  82  PRO  C  45.602  38.713  15.702  9.21
1013  82  PRO  O  46.536  39.514  15.659  4.39
1014  82  PRO  CB  45.913  36.225  15.534  1.56
1015  82  PRO  CG  44.731  35.332  15.65  1.76
1016  82  PRO  CD  43.775  35.921  16.626  1.74
1017  82  PRO  HA  46.449  37.488  17.096  4.48
1018  82  PRO  HB2  46.014  36.537  14.621  1.96
1019  82  PRO  HB3  46.725  35.745  15.761  2.28
1020  82  PRO  HG2  44.305  35.226  14.785  1.88
1021  82  PRO  HG3  45.006  34.448  15.941  1.88
1022  82  PRO  HD2  42.933  36.142  16.197  3.86
1023  82  PRO  HD3  43.575  35.293  17.337  3.95
