1  1  VAL  N  24.396  18.45  -1.523  118.81
2  1  VAL  CA  23.456  18.176  -0.38  63.66
3  1  VAL  C  23.003  19.471  0.304  172.14
4  1  VAL  O  21.862  19.576  0.769  55.76
5  1  VAL  CB  24.11  17.249  0.671  31.76
6  1  VAL  CG1  25.469  17.823  1.095  21.82
7  1  VAL  CG2  23.176  17.07  1.863  22.08
8  1  VAL  H  24.719  17.681  -1.833  4.04
9  1  VAL  H2  23.958  18.871  -2.173  3.76
10  1  VAL  H3  25.068  18.961  -1.239  118.67
11  1  VAL  HA  22.679  17.735  -0.758  4.12
12  1  VAL  HB  24.264  16.373  0.284  2.18
13  1  VAL  HG11  25.876  17.239  1.754  112.8
14  1  VAL  HG12  26.049  17.889  0.32  63.94
15  1  VAL  HG13  25.342  18.705  1.479  10.12
16  1  VAL  HG21  23.593  16.488  2.517  4.55
17  1  VAL  HG22  22.997  17.934  2.267  30.32
18  1  VAL  HG23  22.342  16.675  1.564  3.89
19  2  GLU  N  23.897  20.454  0.368  121.18
20  2  GLU  CA  23.538  21.731  0.96  60.94
21  2  GLU  C  22.438  22.326  0.064  3.33
22  2  GLU  O  21.552  23.045  0.53  32.46
23  2  GLU  CB  24.761  22.661  1.023  28.51
24  2  GLU  CG  25.969  22.052  1.743  36.59
25  2  GLU  CD  26.801  21.136  0.837  123.37
26  2  GLU  OE1  27.292  20.089  1.335  56.2
27  2  GLU  OE2  26.975  21.476  -0.367  175.44
28  2  GLU  H  24.705  20.401  0.078  9.47
29  2  GLU  HA  23.224  21.623  1.871  4.09
30  2  GLU  HB2  25.021  22.9  0.12  2
31  2  GLU  HB3  24.508  23.483  1.472  1.99
32  2  GLU  HG2  26.533  22.766  2.08  2.36
33  2  GLU  HG3  25.661  21.547  2.512  2.31
34  3  ALA  N  22.487  22.001  -1.221  120.29
35  3  ALA  CA  21.481  22.485  -2.162  54.36
36  3  ALA  C  20.055  22.043  -1.779  8.24
37  3  ALA  O  19.08  22.765  -2.04  4.84
38  3  ALA  CB  21.817  21.995  -3.576  18.51
39  3  ALA  H  23.094  21.501  -1.57  8.03
40  3  ALA  HA  21.499  23.454  -2.132  3.98
41  3  ALA  HB1  21.147  22.318  -4.198  6.81
42  3  ALA  HB2  22.689  22.331  -3.837  6.47
43  3  ALA  HB3  21.828  21.025  -3.588  6.47
44  4  PHE  N  19.935  20.867  -1.163  110.45
45  4  PHE  CA  18.63  20.316  -0.752  59.52
46  4  PHE  C  18.246  20.692  0.692  130.22
47  4  PHE  O  17.152  20.362  1.169  8.21
48  4  PHE  CB  18.663  18.787  -0.848  39.8
49  4  PHE  CG  18.986  18.262  -2.214  176.05
50  4  PHE  CD1  18.007  18.196  -3.196  42.8
51  4  PHE  CD2  20.272  17.823  -2.52  55.9
52  4  PHE  CE1  18.296  17.699  -4.459  9.11
53  4  PHE  CE2  20.569  17.325  -3.788  4.64
54  4  PHE  CZ  19.575  17.263  -4.76  3.71
55  4  PHE  H  20.604  20.362  -0.969  7.99
56  4  PHE  HA  17.97  20.698  -1.351  4.31
57  4  PHE  HB2  19.319  18.448  -0.219  2.95
58  4  PHE  HB3  17.801  18.437  -0.574  3.19
59  4  PHE  HD1  17.145  18.489  -3.005  7.04
60  4  PHE  HD2  20.939  17.862  -1.873  7.04
61  4  PHE  HE1  17.628  17.659  -5.105  6.96
62  4  PHE  HE2  21.43  17.035  -3.984  6.82
63  4  PHE  HZ  19.769  16.931  -5.607  7.49
64  5  CYS  N  19.148  21.364  1.397  115.88
65  5  CYS  CA  18.869  21.707  2.78  60.89
66  5  CYS  C  17.947  22.89  2.939  9.39
67  5  CYS  O  18.375  24.034  2.863  4.69
68  5  CYS  CB  20.176  21.932  3.549  26.51
69  5  CYS  SG  21.016  20.373  3.925  8.15
70  5  CYS  H  19.911  21.625  1.1  7.43
71  5  CYS  HA  18.396  20.949  3.157  4.46
72  5  CYS  HB2  20.765  22.498  3.026  3.24
73  5  CYS  HB3  19.988  22.405  4.375  2.66
74  5  CYS  HG  21.42  19.88  2.908  122.07
75  6  ALA  N  16.671  22.593  3.163  128.67
76  6  ALA  CA  15.667  23.625  3.345  50.73
77  6  ALA  C  14.297  23.019  3.591  8.67
78  6  ALA  O  14.107  21.809  3.485  19.25
79  6  ALA  CB  15.616  24.527  2.11  19.36
80  6  ALA  H  16.367  21.79  3.213  8.4
81  6  ALA  HA  15.913  24.15  4.122  4.13
82  6  ALA  HB1  14.943  25.214  2.238  44.81
83  6  ALA  HB2  16.482  24.944  1.977  0.73
84  6  ALA  HB3  15.39  23.996  1.33  9.23
85  7  THR  N  13.342  23.874  3.924  114.81
86  7  THR  CA  11.971  23.438  4.137  63.14
87  7  THR  C  11.276  23.582  2.784  1.8
88  7  THR  O  11.298  24.658  2.184  1.08
89  7  THR  CB  11.279  24.312  5.183  68.82
90  7  THR  OG1  11.838  24.025  6.477  1.47
91  7  THR  CG2  9.776  24.056  5.186  21.61
92  7  THR  H  13.468  24.718  4.032  7.85
93  7  THR  HA  11.938  22.526  4.465  4.58
94  7  THR  HB  11.423  25.247  4.967  3.85
95  7  THR  HG1  11.463  24.503  7.057  4.71
96  7  THR  HG21  9.353  24.618  5.854  1.97
97  7  THR  HG22  9.41  24.263  4.312  126.15
98  7  THR  HG23  9.607  23.124  5.394  1.95
99  8  TRP  N  10.69  22.491  2.296  127.02
100  8  TRP  CA  10.018  22.494  0.997  55.13
101  8  TRP  C  8.527  22.177  1.08  4.43
102  8  TRP  O  8.091  21.382  1.913  7.48
103  8  TRP  CB  10.66  21.467  0.056  32.17
104  8  TRP  CG  12.138  21.585  -0.129  9.1
105  8  TRP  CD1  13.113  21.117  0.707  8.97
106  8  TRP  CD2  12.814  22.228  -1.214  5.23
107  8  TRP  NE1  14.353  21.432  0.213  129.93
108  8  TRP  CE2  14.202  22.117  -0.966  1.73
109  8  TRP  CE3  12.383  22.892  -2.374  1.48
110  8  TRP  CZ2  15.165  22.645  -1.832  39.7
111  8  TRP  CZ3  13.342  23.418  -3.238  31.86
112  8  TRP  CH2  14.719  23.29  -2.959  24.71
113  8  TRP  H  10.67  21.734  2.704  9.7
114  8  TRP  HA  10.119  23.398  0.659  5.21
115  8  TRP  HB2  10.464  20.579  0.393  3.12
116  8  TRP  HB3  10.236  21.541  -0.813  3.12
117  8  TRP  HD1  12.958  20.652  1.497  6.98
118  8  TRP  HE1  15.104  21.232  0.582  10.04
119  8  TRP  HE3  11.476  22.979  -2.562  7.07
120  8  TRP  HZ2  16.074  22.562  -1.651  7.21
121  8  TRP  HZ3  13.07  23.86  -4.01  7.11
122  8  TRP  HH2  15.338  23.651  -3.552  6.76
123  9  LYS  N  7.749  22.791  0.194  120.33
124  9  LYS  CA  6.323  22.545  0.144  54.48
125  9  LYS  C  5.912  22  -1.244  4.21
126  9  LYS  O  6.345  22.503  -2.292  1.84
127  9  LYS  CB  5.564  23.826  0.483  35.6
128  9  LYS  CG  5.789  24.304  1.918  24.83
129  9  LYS  CD  4.982  25.552  2.223  29.37
130  9  LYS  CE  3.489  25.281  2.101  42.08
131  9  LYS  NZ  2.67  26.542  2.085  57.79
132  9  LYS  H  8.034  23.356  -0.388  9.81
133  9  LYS  HA  6.095  21.87  0.803  5.31
134  9  LYS  HB2  5.835  24.527  -0.13  1.73
135  9  LYS  HB3  4.616  23.678  0.343  1.84
136  9  LYS  HG2  5.543  23.599  2.537  1.48
137  9  LYS  HG3  6.732  24.486  2.055  1.33
138  9  LYS  HD2  5.186  25.862  3.119  1.62
139  9  LYS  HD3  5.236  26.262  1.613  1.62
140  9  LYS  HE2  3.32  24.78  1.288  2.85
141  9  LYS  HE3  3.204  24.724  2.842  2.85
142  9  LYS  HZ1  1.807  26.335  2.013  57.56
143  9  LYS  HZ2  2.804  26.993  2.84  176.54
144  9  LYS  HZ3  2.913  27.045  1.392  176.3
145  10  LEU  N  5.097  20.949  -1.232  124.81
146  10  LEU  CA  4.623  20.32  -2.459  56.26
147  10  LEU  C  3.756  21.329  -3.202  172.35
148  10  LEU  O  2.806  21.864  -2.646  8.02
149  10  LEU  CB  3.786  19.075  -2.121  42.67
150  10  LEU  CG  3.512  17.987  -3.171  26.38
151  10  LEU  CD1  2.074  17.513  -2.999  26.7
152  10  LEU  CD2  3.731  18.498  -4.586  23.56
153  10  LEU  H  4.804  20.581  -0.512  7.76
154  10  LEU  HA  5.376  20.049  -3.007  3.81
155  10  LEU  HB2  4.218  18.64  -1.369  1.47
156  10  LEU  HB3  2.923  19.39  -1.809  1.18
157  10  LEU  HG  4.133  17.254  -3.036  1.24
158  10  LEU  HD11  1.88  16.824  -3.654  111.8
159  10  LEU  HD12  1.957  17.152  -2.106  4.04
160  10  LEU  HD13  1.469  18.26  -3.127  2.28
161  10  LEU  HD21  3.549  17.786  -5.219  1.8
162  10  LEU  HD22  3.134  19.243  -4.757  1.97
163  10  LEU  HD23  4.65  18.792  -4.686  2.15
164  11  THR  N  4.086  21.593  -4.458  117.44
165  11  THR  CA  3.3  22.533  -5.238  61.8
166  11  THR  C  2.585  21.843  -6.396  7.5
167  11  THR  O  1.676  22.424  -6.995  4.62
168  11  THR  CB  4.172  23.65  -5.822  69.68
169  11  THR  OG1  5.108  23.085  -6.748  2.63
170  11  THR  CG2  4.901  24.405  -4.699  22.35
171  11  THR  H  4.753  21.243  -4.873  9.51
172  11  THR  HA  2.649  22.909  -4.626  4.47
173  11  THR  HB  3.609  24.286  -6.291  4.09
174  11  THR  HG1  5.586  23.695  -7.071  7.48
175  11  THR  HG21  5.448  25.108  -5.083  3.7
176  11  THR  HG22  4.25  24.796  -4.096  4.36
177  11  THR  HG23  5.466  23.788  -4.208  120.78
178  12  ASN  N  2.992  20.616  -6.716  117.56
179  12  ASN  CA  2.366  19.881  -7.823  53.35
180  12  ASN  C  2.868  18.441  -7.966  5.17
181  12  ASN  O  4.037  18.163  -7.764  122.28
182  12  ASN  CB  2.608  20.64  -9.14  41.84
183  12  ASN  CG  1.859  20.033  -10.315  56.23
184  12  ASN  OD1  0.634  20.058  -10.358  174.24
185  12  ASN  ND2  2.594  19.484  -11.267  111.7
186  12  ASN  H  3.622  20.192  -6.312  7.63
187  12  ASN  HA  1.419  19.826  -7.62  4.79
188  12  ASN  HB2  2.335  21.564  -9.031  2.62
189  12  ASN  HB3  3.558  20.646  -9.335  2.48
190  12  ASN  HD21  2.215  19.126  -11.951  7.77
191  12  ASN  HD22  3.452  19.485  -11.203  7.21
192  13  SER  N  1.977  17.519  -8.305  115.61
193  13  SER  CA  2.384  16.133  -8.508  57.22
194  13  SER  C  1.561  15.526  -9.632  175.74
195  13  SER  O  0.372  15.824  -9.775  4.03
196  13  SER  CB  2.21  15.303  -7.23  64.68
197  13  SER  OG  0.852  15.14  -6.888  1.79
198  13  SER  H  1.139  17.671  -8.422  8.35
199  13  SER  HA  3.325  16.123  -8.743  4.97
200  13  SER  HB2  2.619  14.432  -7.353  3.36
201  13  SER  HB3  2.678  15.735  -6.498  3.64
202  13  SER  HG  0.793  14.681  -6.187  4.01
203  14  GLN  N  2.202  14.683  -10.431  126.48
204  14  GLN  CA  1.54  14.037  -11.55  54.92
205  14  GLN  C  1.667  12.518  -11.509  116.96
206  14  GLN  O  2.748  11.976  -11.255  57.74
207  14  GLN  CB  2.098  14.564  -12.875  31.96
208  14  GLN  CG  1.183  15.593  -13.549  33.62
209  14  GLN  CD  1.711  16.11  -14.89  8.58
210  14  GLN  OE1  0.996  16.814  -15.627  5.35
211  14  GLN  NE2  2.961  15.772  -15.209  112.75
212  14  GLN  H  3.03  14.471  -10.339  9.32
213  14  GLN  HA  0.597  14.253  -11.479  4.72
214  14  GLN  HB2  2.966  14.967  -12.716  1.95
215  14  GLN  HB3  2.237  13.819  -13.48  2.1
216  14  GLN  HG2  0.31  15.194  -13.688  2.24
217  14  GLN  HG3  1.059  16.345  -12.949  2.25
218  14  GLN  HE21  3.424  15.284  -14.674  7.64
219  14  GLN  HE22  3.304  16.042  -15.95  6.87
220  15  ASN  N  0.535  11.85  -11.729  121.77
221  15  ASN  CA  0.463  10.401  -11.766  54.06
222  15  ASN  C  0.79  9.708  -10.445  8.96
223  15  ASN  O  1.119  8.523  -10.429  4.67
224  15  ASN  CB  1.405  9.885  -12.846  39.59
225  15  ASN  CG  1.138  8.46  -13.202  64.25
226  15  ASN  OD1  2.046  7.727  -13.596  4
227  15  ASN  ND2  -0.121  8.047  -13.078  115.18
228  15  ASN  H  -0.221  12.237  -11.862  9.4
229  15  ASN  HA  -0.463  10.185  -11.957  4.75
230  15  ASN  HB2  1.316  10.436  -13.639  2.65
231  15  ASN  HB3  2.322  9.973  -12.541  3.73
232  15  ASN  HD21  -0.329  7.237  -13.277  7.36
233  15  ASN  HD22  -0.726  8.59  -12.799  6.75
234  16  PHE  N  0.703  10.43  -9.337  118.96
235  16  PHE  CA  1.014  9.828  -8.043  59.77
236  16  PHE  C  0.031  8.722  -7.609  64.14
237  16  PHE  O  0.401  7.802  -6.879  8.35
238  16  PHE  CB  1.093  10.914  -6.968  39.82
239  16  PHE  CG  1.635  10.428  -5.656  1.7
240  16  PHE  CD1  2.814  9.69  -5.61  1.71
241  16  PHE  CD2  0.981  10.722  -4.468  1.96
242  16  PHE  CE1  3.337  9.251  -4.396  2.01
243  16  PHE  CE2  1.491  10.291  -3.246  124.94
244  16  PHE  CZ  2.676  9.551  -3.209  62.77
245  16  PHE  H  0.47  11.257  -9.308  8.73
246  16  PHE  HA  1.874  9.392  -8.149  4.39
247  16  PHE  HB2  1.652  11.638  -7.291  2.83
248  16  PHE  HB3  0.207  11.282  -6.826  3.11
249  16  PHE  HD1  3.259  9.487  -6.401  6.96
250  16  PHE  HD2  0.192  11.213  -4.488  6.96
251  16  PHE  HE1  4.126  8.759  -4.379  7.1
252  16  PHE  HE2  1.044  10.495  -2.456  6.96
253  16  PHE  HZ  3.021  9.261  -2.396  6.86
254  17  ASP  N  -1.215  8.809  -8.058  118.96
255  17  ASP  CA  -2.225  7.81  -7.714  58.38
256  17  ASP  C  -1.904  6.44  -8.306  7.67
257  17  ASP  O  -2.101  5.417  -7.651  117.87
258  17  ASP  CB  -3.608  8.247  -8.208  41.64
259  17  ASP  CG  -4.715  7.301  -7.76  174.74
260  17  ASP  OD1  -5.537  6.892  -8.616  8.81
261  17  ASP  OD2  -4.767  6.973  -6.552  4.69
262  17  ASP  H  -1.499  9.442  -8.566  8.7
263  17  ASP  HA  -2.224  7.737  -6.747  4.21
264  17  ASP  HB2  -3.798  9.14  -7.88  2.45
265  17  ASP  HB3  -3.601  8.296  -9.177  2.79
266  18  GLU  N  -1.422  6.414  -9.545  117.14
267  18  GLU  CA  -1.098  5.15  -10.186  59.45
268  18  GLU  C  0.164  4.535  -9.582  125.97
269  18  GLU  O  0.258  3.314  -9.411  53.83
270  18  GLU  CB  -0.899  5.339  -11.682  28.39
271  18  GLU  CG  -1.277  4.09  -12.48  36.84
272  18  GLU  CD  -2.758  3.742  -12.321  19.24
273  18  GLU  OE1  -3.577  4.688  -12.318  8.3
274  18  GLU  OE2  -3.106  2.539  -12.208  4.36
275  18  GLU  H  -1.277  7.112  -10.026  8.23
276  18  GLU  HA  -1.844  4.549  -10.036  3.71
277  18  GLU  HB2  -1.435  6.089  -11.985  1.96
278  18  GLU  HB3  0.028  5.564  -11.857  1.85
279  18  GLU  HG2  -1.077  4.233  -13.418  2.39
280  18  GLU  HG3  -0.735  3.341  -12.185  2.3
281  19  TYR  N  1.143  5.383  -9.28  120.18
282  19  TYR  CA  2.373  4.911  -8.669  62.5
283  19  TYR  C  1.997  4.189  -7.376  8.1
284  19  TYR  O  2.478  3.096  -7.117  4.34
285  19  TYR  CB  3.316  6.094  -8.389  39.22
286  19  TYR  CG  4.52  5.752  -7.536  3.99
287  19  TYR  CD1  4.515  5.999  -6.162  2.18
288  19  TYR  CD2  5.65  5.159  -8.094  2.73
289  19  TYR  CE1  5.597  5.664  -5.37  119.38
290  19  TYR  CE2  6.74  4.816  -7.309  175.14
291  19  TYR  CZ  6.707  5.069  -5.947  9.15
292  19  TYR  OH  7.77  4.705  -5.156  64.21
293  19  TYR  H  1.112  6.231  -9.421  7.62
294  19  TYR  HA  2.842  4.304  -9.263  3.85
295  19  TYR  HB2  3.625  6.453  -9.235  2.96
296  19  TYR  HB3  2.812  6.797  -7.95  2.8
297  19  TYR  HD1  3.77  6.396  -5.772  6.62
298  19  TYR  HD2  5.674  4.99  -9.008  6.62
299  19  TYR  HE1  5.58  5.837  -4.456  6.45
300  19  TYR  HE2  7.488  4.419  -7.694  6.31
301  19  TYR  HH  8.332  4.285  -5.618  175.34
302  20  MET  N  1.107  4.785  -6.59  116.06
303  20  MET  CA  0.681  4.189  -5.32  60.15
304  20  MET  C  -0.054  2.874  -5.503  57.53
305  20  MET  O  0.061  1.966  -4.681  8.22
306  20  MET  CB  -0.228  5.146  -4.548  34.42
307  20  MET  CG  0.462  6.36  -3.984  31.93
308  20  MET  SD  -0.624  7.25  -2.862  36.24
309  20  MET  CE  -1.725  8.093  -4.043  1.75
310  20  MET  H  0.734  5.538  -6.772  8.23
311  20  MET  HA  1.496  4.018  -4.822  3.19
312  20  MET  HB2  -0.941  5.44  -5.137  2.04
313  20  MET  HB3  -0.644  4.659  -3.82  1.17
314  20  MET  HG2  1.267  6.091  -3.515  1.1
315  20  MET  HG3  0.737  6.946  -4.707  1.12
316  20  MET  HE1  -2.377  8.622  -3.557  4.56
317  20  MET  HE2  -1.201  8.673  -4.617  2.57
318  20  MET  HE3  -2.185  7.433  -4.585  2.64
319  21  LYS  N  -0.836  2.799  -6.574  118.14
320  21  LYS  CA  -1.598  1.598  -6.911  59.93
321  21  LYS  C  -0.646  0.432  -7.157  120.97
322  21  LYS  O  -0.893  -0.698  -6.719  54.99
323  21  LYS  CB  -2.421  1.852  -8.172  32.29
324  21  LYS  CG  -3.846  2.247  -7.909  25.12
325  21  LYS  CD  -4.77  1.03  -7.91  29.44
326  21  LYS  CE  -4.482  0.071  -6.756  41.6
327  21  LYS  NZ  -5.445  -1.079  -6.746  177.43
328  21  LYS  H  -0.941  3.446  -7.13  8.51
329  21  LYS  HA  -2.189  1.38  -6.174  3.67
330  21  LYS  HB2  -1.993  2.551  -8.69  1.74
331  21  LYS  HB3  -2.414  1.05  -8.718  1.57
332  21  LYS  HG2  -3.905  2.7  -7.053  1.32
333  21  LYS  HG3  -4.139  2.878  -8.585  1.1
334  21  LYS  HD2  -5.691  1.328  -7.856  1.55
335  21  LYS  HD3  -4.674  0.556  -8.751  1.51
336  21  LYS  HE2  -3.575  -0.265  -6.831  2.78
337  21  LYS  HE3  -4.538  0.549  -5.914  2.77
338  21  LYS  HZ1  -5.255  -1.62  -6.066  114.15
339  21  LYS  HZ2  -6.275  -0.771  -6.656  38.9
340  21  LYS  HZ3  -5.378  -1.53  -7.511  4.32
341  22  ALA  N  0.444  0.729  -7.858  123.29
342  22  ALA  CA  1.468  -0.252  -8.183  54.66
343  22  ALA  C  2.16  -0.748  -6.919  175.05
344  22  ALA  O  2.41  -1.945  -6.759  174.45
345  22  ALA  CB  2.493  0.369  -9.124  17.86
346  22  ALA  H  0.61  1.517  -8.161  8.05
347  22  ALA  HA  1.045  -1.009  -8.618  3.96
348  22  ALA  HB1  3.174  -0.287  -9.339  0.8
349  22  ALA  HB2  2.052  0.656  -9.939  1.61
350  22  ALA  HB3  2.906  1.134  -8.694  1.26
351  23  LEU  N  2.476  0.18  -6.022  115.6
352  23  LEU  CA  3.146  -0.162  -4.778  55.38
353  23  LEU  C  2.22  -1.042  -3.945  28.6
354  23  LEU  O  2.619  -1.625  -2.932  3.28
355  23  LEU  CB  3.497  1.116  -4.011  43.51
356  23  LEU  CG  4.841  1.094  -3.279  26.33
357  23  LEU  CD1  5.945  0.843  -4.289  23.42
358  23  LEU  CD2  5.075  2.414  -2.545  24.82
359  23  LEU  H  2.309  1.018  -6.118  7.38
360  23  LEU  HA  3.967  -0.644  -4.965  3.28
361  23  LEU  HB2  3.497  1.859  -4.634  1.08
362  23  LEU  HB3  2.796  1.289  -3.363  1.06
363  23  LEU  HG  4.838  0.384  -2.618  0.93
364  23  LEU  HD11  6.802  0.827  -3.835  62.99
365  23  LEU  HD12  5.796  -0.01  -4.727  6.62
366  23  LEU  HD13  5.944  1.551  -4.952  4.16
367  23  LEU  HD21  5.93  2.383  -2.087  2.6
368  23  LEU  HD22  5.077  3.144  -3.184  2.81
369  23  LEU  HD23  4.367  2.554  -1.897  122.45
370  24  GLY  N  0.973  -1.133  -4.384  105.17
371  24  GLY  CA  0.004  -1.94  -3.677  44.78
372  24  GLY  C  -0.575  -1.265  -2.454  4.55
373  24  GLY  O  -1.154  -1.934  -1.605  3.97
374  24  GLY  H  0.673  -0.736  -5.085  7.59
375  24  GLY  HA2  -0.718  -2.168  -4.283  3.52
376  24  GLY  HA3  0.423  -2.773  -3.409  4.06
377  25  VAL  N  -0.442  0.053  -2.359  121.16
378  25  VAL  CA  -0.967  0.774  -1.201  62.97
379  25  VAL  C  -2.502  0.809  -1.176  121.99
380  25  VAL  O  -3.151  1.064  -2.193  72.75
381  25  VAL  CB  -0.42  2.23  -1.142  31.61
382  25  VAL  CG1  1.095  2.232  -1.319  22.51
383  25  VAL  CG2  -1.062  3.067  -2.202  13.17
384  25  VAL  H  -0.055  0.547  -2.947  7.55
385  25  VAL  HA  -0.662  0.283  -0.422  3.6
386  25  VAL  HB  -0.634  2.607  -0.274  1.31
387  25  VAL  HG11  1.424  3.144  -1.281  175.41
388  25  VAL  HG12  1.504  1.711  -0.611  43.33
389  25  VAL  HG13  1.321  1.843  -2.178  118.57
390  25  VAL  HG21  -0.714  3.971  -2.156  7.78
391  25  VAL  HG22  -0.867  2.69  -3.074  8.18
392  25  VAL  HG23  -2.022  3.083  -2.064  5.44
393  26  GLY  N  -3.066  0.556  0.003  114.89
394  26  GLY  CA  -4.51  0.545  0.189  45.22
395  26  GLY  C  -5.298  1.804  -0.166  0.55
396  26  GLY  O  -4.801  2.926  -0.088  17.2
397  26  GLY  H  -2.619  0.386  0.718  8.88
398  26  GLY  HA2  -4.87  -0.187  -0.336  3.96
399  26  GLY  HA3  -4.686  0.339  1.12  3.92
400  27  PHE  N  -6.553  1.589  -0.547  120.5
401  27  PHE  CA  -7.469  2.643  -0.956  62.6
402  27  PHE  C  -7.588  3.775  0.051  1.93
403  27  PHE  O  -7.621  4.945  -0.328  2.47
404  27  PHE  CB  -8.841  2.029  -1.213  39.3
405  27  PHE  CG  -9.808  2.949  -1.891  34.53
406  27  PHE  CD1  -9.383  3.814  -2.892  30.83
407  27  PHE  CD2  -11.158  2.911  -1.564  56.93
408  27  PHE  CE1  -10.291  4.626  -3.557  72.35
409  27  PHE  CE2  -12.077  3.718  -2.226  8.7
410  27  PHE  CZ  -11.646  4.575  -3.222  9.19
411  27  PHE  H  -6.903  0.804  -0.575  8.62
412  27  PHE  HA  -7.106  3.041  -1.763  3.77
413  27  PHE  HB2  -8.731  1.233  -1.757  3.14
414  27  PHE  HB3  -9.22  1.744  -0.367  2.92
415  27  PHE  HD1  -8.482  3.849  -3.118  7.1
416  27  PHE  HD2  -11.451  2.338  -0.893  7.1
417  27  PHE  HE1  -9.998  5.203  -4.225  7.36
418  27  PHE  HE2  -12.978  3.681  -2  7.22
419  27  PHE  HZ  -12.257  5.116  -3.668  7.22
420  28  ALA  N  -7.645  3.424  1.33  119.99
421  28  ALA  CA  -7.765  4.419  2.388  55.28
422  28  ALA  C  -6.537  5.331  2.47  8.07
423  28  ALA  O  -6.661  6.503  2.805  4.4
424  28  ALA  CB  -7.999  3.728  3.736  17.75
425  28  ALA  H  -7.616  2.611  1.608  8.8
426  28  ALA  HA  -8.527  4.98  2.172  3.87
427  28  ALA  HB1  -8.078  4.397  4.434  1.71
428  28  ALA  HB2  -8.816  3.207  3.695  1.76
429  28  ALA  HB3  -7.252  3.142  3.933  105.85
430  29  THR  N  -5.362  4.798  2.153  114.98
431  29  THR  CA  -4.133  5.583  2.213  65.65
432  29  THR  C  -3.886  6.422  0.956  58.25
433  29  THR  O  -3.292  7.496  1.044  7.78
434  29  THR  CB  -2.905  4.683  2.472  67.44
435  29  THR  OG1  -3.045  4.043  3.747  4.12
436  29  THR  CG2  -1.626  5.504  2.453  22.34
437  29  THR  H  -5.254  3.983  1.9  7.61
438  29  THR  HA  -4.255  6.195  2.955  3.57
439  29  THR  HB  -2.854  4.014  1.771  3.82
440  29  THR  HG1  -2.379  3.552  3.889  7.92
441  29  THR  HG21  -0.866  4.924  2.617  4.25
442  29  THR  HG22  -1.527  5.929  1.587  37.25
443  29  THR  HG23  -1.668  6.184  3.143  27.94
444  30  ARG  N  -4.336  5.944  -0.205  122.36
445  30  ARG  CA  -4.17  6.704  -1.444  59.39
446  30  ARG  C  -5.055  7.952  -1.425  1.18
447  30  ARG  O  -4.653  9.018  -1.892  1.43
448  30  ARG  CB  -4.52  5.856  -2.667  29.49
449  30  ARG  CG  -3.454  4.871  -3.066  27.03
450  30  ARG  CD  -3.738  4.25  -4.431  44.24
451  30  ARG  NE  -4.965  3.464  -4.422  1.48
452  30  ARG  CZ  -5.929  3.568  -5.332  0.99
453  30  ARG  NH1  -5.808  4.429  -6.333  114.57
454  30  ARG  NH2  -7.025  2.822  -5.231  59.86
455  30  ARG  H  -4.737  5.189  -0.296  8.44
456  30  ARG  HA  -3.238  6.966  -1.504  3.82
457  30  ARG  HB2  -5.341  5.372  -2.487  1.59
458  30  ARG  HB3  -4.697  6.446  -3.416  1.58
459  30  ARG  HG2  -2.593  5.317  -3.086  1.21
460  30  ARG  HG3  -3.395  4.17  -2.398  1.21
461  30  ARG  HD2  -3.808  4.951  -5.097  2.65
462  30  ARG  HD3  -2.994  3.685  -4.691  3.05
463  30  ARG  HE  -5.073  2.895  -3.786  8.45
464  30  ARG  HH11  -5.105  4.921  -6.394  4.8
465  30  ARG  HH12  -6.432  4.495  -6.921  2.42
466  30  ARG  HH21  -7.111  2.271  -4.576  2.64
467  30  ARG  HH22  -7.648  2.89  -5.82  123.45
468  31  GLN  N  -6.271  7.806  -0.905  115.39
469  31  GLN  CA  -7.192  8.934  -0.785  58.65
470  31  GLN  C  -6.442  10.014  -0.009  65.93
471  31  GLN  O  -6.432  11.182  -0.385  176.73
472  31  GLN  CB  -8.447  8.515  -0.01  27.89
473  31  GLN  CG  -9.487  7.797  -0.843  33.58
474  31  GLN  CD  -10.145  8.739  -1.831  57.28
475  31  GLN  OE1  -10.861  9.665  -1.441  7.93
476  31  GLN  NE2  -9.892  8.523  -3.113  114.05
477  31  GLN  H  -6.583  7.059  -0.615  7.74
478  31  GLN  HA  -7.476  9.25  -1.657  3.75
479  31  GLN  HB2  -8.183  7.939  0.724  1.81
480  31  GLN  HB3  -8.851  9.305  0.381  1.81
481  31  GLN  HG2  -9.071  7.062  -1.321  1.84
482  31  GLN  HG3  -10.161  7.412  -0.261  1.92
483  31  GLN  HE21  -9.388  7.867  -3.347  6.9
484  31  GLN  HE22  -10.232  9.039  -3.711  6.82
485  32  VAL  N  -5.797  9.603  1.076  116.21
486  32  VAL  CA  -5.041  10.531  1.899  65
487  32  VAL  C  -3.838  11.066  1.127  39.2
488  32  VAL  O  -3.549  12.256  1.175  118.37
489  32  VAL  CB  -4.573  9.847  3.209  31.52
490  32  VAL  CG1  -3.474  10.65  3.87  20.8
491  32  VAL  CG2  -5.748  9.709  4.153  21.34
492  32  VAL  H  -5.786  8.789  1.352  6.81
493  32  VAL  HA  -5.621  11.273  2.13  3.57
494  32  VAL  HB  -4.222  8.969  2.994  1.63
495  32  VAL  HG11  -3.195  10.207  4.686  1.89
496  32  VAL  HG12  -2.718  10.721  3.267  1.44
497  32  VAL  HG13  -3.804  11.538  4.081  1.7
498  32  VAL  HG21  -5.456  9.281  4.973  2.77
499  32  VAL  HG22  -6.105  10.588  4.357  2.98
500  32  VAL  HG23  -6.437  9.17  3.735  110.67
501  33  GLY  N  -3.153  10.185  0.406  109.92
502  33  GLY  CA  -1.988  10.597  -0.356  47.16
503  33  GLY  C  -2.311  11.502  -1.53  56.27
504  33  GLY  O  -1.418  12.158  -2.064  177.44
505  33  GLY  H  -3.347  9.349  0.347  8.85
506  33  GLY  HA2  -1.371  11.056  0.235  3.43
507  33  GLY  HA3  -1.531  9.807  -0.684  3.57
508  34  ASN  N  -3.58  11.543  -1.931  116.36
509  34  ASN  CA  -4.008  12.373  -3.057  55.38
510  34  ASN  C  -4.423  13.801  -2.686  8.06
511  34  ASN  O  -4.255  14.715  -3.487  4.41
512  34  ASN  CB  -5.165  11.706  -3.815  39.26
513  34  ASN  CG  -4.695  10.605  -4.738  4.17
514  34  ASN  OD1  -3.72  10.776  -5.464  2.61
515  34  ASN  ND2  -5.391  9.474  -4.727  113.46
516  34  ASN  H  -4.214  11.094  -1.561  8.26
517  34  ASN  HA  -3.219  12.449  -3.616  4.75
518  34  ASN  HB2  -5.798  11.341  -3.177  2.68
519  34  ASN  HB3  -5.638  12.377  -4.332  2.6
520  34  ASN  HD21  -5.164  8.824  -5.243  7.4
521  34  ASN  HD22  -6.069  9.391  -4.204  6.79
522  35  VAL  N  -4.96  13.984  -1.484  111.4
523  35  VAL  CA  -5.4  15.3  -1.039  61.77
524  35  VAL  C  -4.446  16.022  -0.071  4.97
525  35  VAL  O  -4.722  17.145  0.361  70.13
526  35  VAL  CB  -6.798  15.219  -0.372  33.1
527  35  VAL  CG1  -7.832  14.718  -1.379  19.47
528  35  VAL  CG2  -6.757  14.293  0.829  20.86
529  35  VAL  H  -5.078  13.355  -0.909  7.27
530  35  VAL  HA  -5.422  15.826  -1.854  4.44
531  35  VAL  HB  -7.05  16.107  -0.074  2.19
532  35  VAL  HG11  -8.702  14.671  -0.953  125.07
533  35  VAL  HG12  -7.873  15.329  -2.131  7.03
534  35  VAL  HG13  -7.578  13.836  -1.693  8.03
535  35  VAL  HG21  -7.636  14.252  1.236  121.87
536  35  VAL  HG22  -6.491  13.405  0.544  57.32
537  35  VAL  HG23  -6.117  14.63  1.476  176.14
538  36  THR  N  -3.327  15.396  0.271  116.92
539  36  THR  CA  -2.396  16.036  1.195  63.81
540  36  THR  C  -1.234  16.718  0.484  2.98
541  36  THR  O  -0.724  16.23  -0.525  3.13
542  36  THR  CB  -1.837  15.015  2.252  69.26
543  36  THR  OG1  -0.773  15.622  3.001  126.59
544  36  THR  CG2  -1.288  13.777  1.575  21.5
545  36  THR  H  -3.09  14.619  -0.012  7.46
546  36  THR  HA  -2.91  16.72  1.652  4.14
547  36  THR  HB  -2.569  14.766  2.837  3.93
548  36  THR  HG1  -0.91  15.512  3.822  1.96
549  36  THR  HG21  -0.95  13.164  2.246  112.73
550  36  THR  HG22  -1.994  13.345  1.069  107
551  36  THR  HG23  -0.568  14.028  0.975  122.37
552  37  LYS  N  -0.853  17.882  0.992  57.46
553  37  LYS  CA  0.284  18.612  0.453  173.03
554  37  LYS  C  1.279  18.655  1.606  9.84
555  37  LYS  O  1.21  19.518  2.483  4.09
556  37  LYS  CB  -0.11  20.026  0.026  1.36
557  37  LYS  CG  -0.795  20.098  -1.332  2.23
558  37  LYS  CD  -1.062  21.546  -1.701  1.22
559  37  LYS  CE  -1.847  21.679  -3.004  1.27
560  37  LYS  NZ  -2.208  23.11  -3.259  2.52
561  37  LYS  H  -1.243  18.269  1.654  2.72
562  37  LYS  HA  0.646  18.189  -0.341  7.04
563  37  LYS  HB2  -0.702  20.403  0.696  9.29
564  37  LYS  HB3  0.685  20.581  0.006  4.46
565  37  LYS  HG2  -0.237  19.682  -2.007  8.19
566  37  LYS  HG3  -1.629  19.603  -1.309  4.72
567  37  LYS  HD2  -1.555  21.974  -0.984  124.67
568  37  LYS  HD3  -0.218  22.017  -1.785  112.89
569  37  LYS  HE2  -1.318  21.337  -3.742  120.57
570  37  LYS  HE3  -2.652  21.14  -2.959  56.61
571  37  LYS  HZ1  -2.664  23.17  -4.021  175.54
572  37  LYS  HZ2  -2.709  23.414  -2.589  9.66
573  37  LYS  HZ3  -1.466  23.597  -3.319  4.54
574  38  PRO  N  2.21  17.693  1.628  173.67
575  38  PRO  CA  3.224  17.597  2.675  62.48
576  38  PRO  C  4.309  18.655  2.625  40.41
577  38  PRO  O  4.58  19.255  1.578  113.3
578  38  PRO  CB  3.792  16.197  2.467  33.24
579  38  PRO  CG  3.743  16.048  0.987  27.26
580  38  PRO  CD  2.362  16.597  0.648  51.34
581  38  PRO  HA  2.835  17.75  3.55  4.75
582  38  PRO  HB2  4.697  16.12  2.808  1.86
583  38  PRO  HB3  3.261  15.521  2.916  2.02
584  38  PRO  HG2  4.449  16.55  0.55  1.92
585  38  PRO  HG3  3.841  15.123  0.713  1.6
586  38  PRO  HD2  2.315  16.919  -0.266  3.68
587  38  PRO  HD3  1.671  15.924  0.747  3.6
588  39  THR  N  4.917  18.886  3.779  116.61
589  39  THR  CA  6.018  19.823  3.885  61.82
590  39  THR  C  7.21  18.899  4.137  4.68
591  39  THR  O  7.218  18.14  5.107  6.56
592  39  THR  CB  5.818  20.8  5.068  70.81
593  39  THR  OG1  4.629  21.577  4.855  118.27
594  39  THR  CG2  7.02  21.739  5.2  21.38
595  39  THR  H  4.703  18.505  4.519  8.52
596  39  THR  HA  6.118  20.388  3.103  5.2
597  39  THR  HB  5.733  20.283  5.885  3.96
598  39  THR  HG1  4.521  22.106  5.499  8.15
599  39  THR  HG21  6.878  22.344  5.945  8.21
600  39  THR  HG22  7.823  21.217  5.356  7.73
601  39  THR  HG23  7.122  22.252  4.383  3.85
602  40  VAL  N  8.186  18.93  3.233  127.95
603  40  VAL  CA  9.38  18.094  3.33  60.77
604  40  VAL  C  10.574  18.911  3.824  54.71
605  40  VAL  O  11.026  19.84  3.158  102.64
606  40  VAL  CB  9.724  17.456  1.955  34.79
607  40  VAL  CG1  10.951  16.574  2.055  20.2
608  40  VAL  CG2  8.549  16.644  1.468  21.51
609  40  VAL  H  8.174  19.441  2.541  9.74
610  40  VAL  HA  9.192  17.387  3.967  5.02
611  40  VAL  HB  9.914  18.168  1.325  1.6
612  40  VAL  HG11  11.144  16.189  1.186  4.23
613  40  VAL  HG12  11.708  17.105  2.349  3.26
614  40  VAL  HG13  10.788  15.863  2.694  3.25
615  40  VAL  HG21  8.764  16.246  0.61  38.17
616  40  VAL  HG22  8.352  15.943  2.109  123.12
617  40  VAL  HG23  7.775  17.22  1.372  15.32
618  41  ILE  N  11.07  18.558  5.007  127.38
619  41  ILE  CA  12.214  19.248  5.592  60.86
620  41  ILE  C  13.452  18.378  5.46  59.8
621  41  ILE  O  13.505  17.274  5.985  173.82
622  41  ILE  CB  11.98  19.556  7.086  40.32
623  41  ILE  CG1  10.673  20.335  7.258  27.77
624  41  ILE  CG2  13.145  20.369  7.635  17.97
625  41  ILE  CD  10.222  20.465  8.68  3.61
626  41  ILE  H  10.756  17.918  5.488  9.81
627  41  ILE  HA  12.334  20.085  5.117  5.01
628  41  ILE  HB  11.918  18.721  7.576  1.61
629  41  ILE  HG21  12.993  20.56  8.574  32.35
630  41  ILE  HG22  13.967  19.864  7.537  113.42
631  41  ILE  HG23  13.218  21.202  7.144  118.29
632  42  ILE  N  14.445  18.877  4.742  129.35
633  42  ILE  CA  15.679  18.14  4.562  60.39
634  42  ILE  C  16.767  18.974  5.217  53.34
635  42  ILE  O  16.857  20.175  4.993  176.61
636  42  ILE  CB  15.997  17.934  3.073  38.07
637  42  ILE  CG1  14.796  17.273  2.373  28.63
638  42  ILE  CG2  17.245  17.071  2.925  15.32
639  42  ILE  CD  14.957  17.128  0.867  3.42
640  42  ILE  H  14.423  19.642  4.35  8.36
641  42  ILE  HA  15.611  17.257  4.958  5.22
642  42  ILE  HB  16.165  18.794  2.657  2.48
643  42  ILE  HG21  17.441  16.944  1.984  33.54
644  42  ILE  HG22  17.995  17.51  3.355  1.54
645  42  ILE  HG23  17.094  16.209  3.342  0.7
646  43  SER  N  17.59  18.321  6.03  121.22
647  43  SER  CA  18.647  19.001  6.758  56.81
648  43  SER  C  19.761  18.037  7.152  123.13
649  43  SER  O  19.578  16.817  7.11  55.82
650  43  SER  CB  18.065  19.602  8.033  65.91
651  43  SER  OG  17.527  18.577  8.858  111.65
652  43  SER  H  17.55  17.474  6.173  9.25
653  43  SER  HA  19.016  19.688  6.181  4.69
654  43  SER  HB2  18.754  20.085  8.515  3.71
655  43  SER  HB3  17.372  20.243  7.809  3.55
656  43  SER  HG  17.575  18.811  9.663  3.21
657  44  GLN  N  20.91  18.598  7.524  117.22
658  44  GLN  CA  22.049  17.816  7.991  54.71
659  44  GLN  C  22.102  18.08  9.493  39.22
660  44  GLN  O  22.256  19.224  9.923  2.96
661  44  GLN  CB  23.356  18.296  7.363  31.71
662  44  GLN  CG  23.365  18.37  5.853  34.84
663  44  GLN  CD  24.774  18.516  5.323  8.35
664  44  GLN  OE1  25.081  19.45  4.573  4.81
665  44  GLN  NE2  25.65  17.586  5.717  111.14
666  44  GLN  H  21.05  19.446  7.512  8.48
667  44  GLN  HA  21.949  16.879  7.76  4.86
668  44  GLN  HB2  23.562  19.176  7.715  1.9
669  44  GLN  HB3  24.069  17.703  7.646  1.76
670  44  GLN  HG2  22.959  17.57  5.485  2.01
671  44  GLN  HG3  22.827  19.122  5.56  2.18
672  44  GLN  HE21  25.398  16.951  6.24  6.73
673  44  GLN  HE22  26.466  17.622  5.448  7.33
674  45  GLU  N  21.961  17.034  10.294  124.92
675  45  GLU  CA  21.989  17.217  11.732  54.42
676  45  GLU  C  23.104  16.373  12.313  2.52
677  45  GLU  O  22.93  15.201  12.639  4.3
678  45  GLU  CB  20.62  16.866  12.326  30.51
679  45  GLU  CG  19.499  17.66  11.654  35.4
680  45  GLU  CD  18.155  17.533  12.346  128.36
681  45  GLU  OE1  17.199  18.194  11.89  4.81
682  45  GLU  OE2  18.046  16.789  13.339  8.22
683  45  GLU  H  21.85  16.223  10.029  8.51
684  45  GLU  HA  22.168  18.144  11.956  4.39
685  45  GLU  HB2  20.454  15.916  12.22  1.53
686  45  GLU  HB3  20.622  17.049  13.278  1.69
687  45  GLU  HG2  19.751  18.596  11.625  1.93
688  45  GLU  HG3  19.409  17.362  10.735  1.93
689  46  GLY  N  24.266  17.002  12.42  116.35
690  46  GLY  CA  25.431  16.322  12.932  47.15
691  46  GLY  C  26.019  15.483  11.819  35.93
692  46  GLY  O  26.295  15.979  10.725  7.53
693  46  GLY  H  24.395  17.823  12.2  8.96
694  46  GLY  HA2  26.084  16.964  13.252  3.52
695  46  GLY  HA3  25.191  15.762  13.687  3.85
696  47  ASP  N  26.18  14.2  12.108  125.89
697  47  ASP  CA  26.745  13.222  11.191  54.12
698  47  ASP  C  25.803  12.802  10.058  42.67
699  47  ASP  O  26.243  12.39  8.978  8.4
700  47  ASP  CB  27.128  11.967  11.988  40.44
701  47  ASP  CG  28.623  11.744  12.038  8.58
702  47  ASP  OD1  29.056  10.699  12.59  4.33
703  47  ASP  OD2  29.365  12.617  11.521  4.18
704  47  ASP  H  25.956  13.864  12.867  8.73
705  47  ASP  HA  27.511  13.648  10.775  4.5
706  47  ASP  HB2  26.786  12.045  12.892  2.64
707  47  ASP  HB3  26.702  11.192  11.589  2.63
708  48  LYS  N  24.506  12.906  10.314  117.77
709  48  LYS  CA  23.528  12.464  9.343  54.37
710  48  LYS  C  22.701  13.482  8.604  7.88
711  48  LYS  O  22.788  14.682  8.837  4.05
712  48  LYS  CB  22.593  11.472  10.008  34.2
713  48  LYS  CG  22.309  11.789  11.45  24.85
714  48  LYS  CD  22.33  10.501  12.249  28.74
715  48  LYS  CE  23.661  9.769  12.053  41.77
716  48  LYS  NZ  23.712  8.468  12.785  8.26
717  48  LYS  H  24.177  13.228  11.04  7.78
718  48  LYS  HA  24.084  12.092  8.641  4.45
719  48  LYS  HB2  21.756  11.449  9.518  1.57
720  48  LYS  HB3  22.98  10.584  9.95  1.56
721  48  LYS  HG2  22.972  12.408  11.794  1.34
722  48  LYS  HG3  21.445  12.222  11.534  1
723  48  LYS  HD2  22.197  10.696  13.19  1.31
724  48  LYS  HD3  21.597  9.93  11.971  1.22
725  48  LYS  HE2  23.803  9.61  11.107  2.74
726  48  LYS  HE3  24.387  10.336  12.357  2.74
727  48  LYS  HZ1  24.5  8.078  12.644  130.97
728  48  LYS  HZ2  23.605  8.613  13.657  56.85
729  48  LYS  HZ3  23.062  7.936  12.491  121.37
730  49  VAL  N  21.903  12.948  7.685  124.25
731  49  VAL  CA  20.995  13.713  6.86  60.9
732  49  VAL  C  19.595  13.265  7.264  4.59
733  49  VAL  O  19.275  12.07  7.243  3.4
734  49  VAL  CB  21.24  13.429  5.384  31.91
735  49  VAL  CG1  20.24  14.187  4.545  21.3
736  49  VAL  CG2  22.668  13.829  5.015  21.71
737  49  VAL  H  21.879  12.104  7.524  8.56
738  49  VAL  HA  21.117  14.667  6.986  4.1
739  49  VAL  HB  21.129  12.481  5.212  0.76
740  49  VAL  HG11  20.4  14.003  3.606  33.54
741  49  VAL  HG12  19.342  13.907  4.781  178.55
742  49  VAL  HG13  20.335  15.138  4.709  113.32
743  49  VAL  HG21  22.822  13.647  4.075  8.22
744  49  VAL  HG22  22.794  14.776  5.186  4.95
745  49  VAL  HG23  23.296  13.318  5.55  1.83
746  50  VAL  N  18.77  14.238  7.627  124.26
747  50  VAL  CA  17.42  13.993  8.095  60.02
748  50  VAL  C  16.35  14.455  7.113  64.74
749  50  VAL  O  16.407  15.57  6.606  108.89
750  50  VAL  CB  17.194  14.719  9.461  33.69
751  50  VAL  CG1  15.854  14.345  10.048  20.55
752  50  VAL  CG2  18.32  14.372  10.426  20.41
753  50  VAL  H  18.985  15.071  7.607  8.56
754  50  VAL  HA  17.333  13.032  8.191  4.58
755  50  VAL  HB  17.198  15.677  9.31  1.74
756  50  VAL  HG11  15.731  14.804  10.894  57.09
757  50  VAL  HG12  15.148  14.604  9.435  177.64
758  50  VAL  HG13  15.82  13.387  10.193  8.57
759  50  VAL  HG21  18.174  14.825  11.271  42.24
760  50  VAL  HG22  18.337  13.413  10.573  9.47
761  50  VAL  HG23  19.168  14.656  10.05  4.86
762  51  ILE  N  15.376  13.586  6.849  121.85
763  51  ILE  CA  14.273  13.924  5.95  61.34
764  51  ILE  C  12.942  13.76  6.674  123.18
765  51  ILE  O  12.503  12.645  6.93  4.83
766  51  ILE  CB  14.253  13.037  4.674  39.18
767  51  ILE  CG1  15.547  13.228  3.877  26.62
768  51  ILE  CG2  13.029  13.39  3.815  15.85
769  51  ILE  CD  15.682  12.288  2.68  62.31
770  51  ILE  H  15.335  12.794  7.181  8.65
771  51  ILE  HA  14.407  14.845  5.678  4.77
772  51  ILE  HB  14.191  12.105  4.934  1.72
773  51  ILE  HG21  13.02  12.834  3.02  9.13
774  51  ILE  HG22  12.219  13.235  4.326  5.46
775  51  ILE  HG23  13.074  14.324  3.556  1.21
776  52  ARG  N  12.317  14.888  6.993  131.62
777  52  ARG  CA  11.04  14.92  7.685  54.81
778  52  ARG  C  9.906  15.315  6.738  2.28
779  52  ARG  O  9.996  16.307  6.017  6.71
780  52  ARG  CB  11.107  15.907  8.848  32.47
781  52  ARG  CG  11.437  15.259  10.163  28.37
782  52  ARG  CD  11.603  16.264  11.264  43.43
783  52  ARG  NE  12.875  16.955  11.121  86.13
784  52  ARG  CZ  13.887  16.877  11.984  117.47
785  52  ARG  NH1  13.795  16.136  13.085  54.85
786  52  ARG  NH2  15.004  17.531  11.726  175.84
787  52  ARG  H  12.63  15.668  6.809  9.46
788  52  ARG  HA  10.857  14.029  8.022  5.08
789  52  ARG  HB2  11.774  16.583  8.652  1.74
790  52  ARG  HB3  10.255  16.364  8.925  1.63
791  52  ARG  HG2  10.733  14.635  10.4  1.65
792  52  ARG  HG3  12.254  14.744  10.072  1.42
793  52  ARG  HD2  10.874  16.904  11.24  3.04
794  52  ARG  HD3  11.563  15.82  12.126  3.05
795  52  ARG  HE  12.982  17.451  10.427  7.21
796  52  ARG  HH11  13.074  15.697  13.249  120.17
797  52  ARG  HH12  14.457  16.096  13.633  65.27
798  52  ARG  HH21  15.072  18  11.008  176.64
799  52  ARG  HH22  15.664  17.488  12.276  69.13
800  53  THR  N  8.836  14.53  6.748  120.75
801  53  THR  CA  7.701  14.798  5.887  62.1
802  53  THR  C  6.52  15.034  6.805  2.46
803  53  THR  O  6.05  14.12  7.48  2.76
804  53  THR  CB  7.43  13.603  4.942  68.68
805  53  THR  OG1  8.666  13.141  4.387  3.86
806  53  THR  CG2  6.517  14.031  3.802  20.96
807  53  THR  H  8.75  13.836  7.249  9
808  53  THR  HA  7.866  15.568  5.321  5
809  53  THR  HB  7.005  12.895  5.451  4.26
810  53  THR  HG1  8.518  12.491  3.875  5.11
811  53  THR  HG21  6.354  13.275  3.216  61.52
812  53  THR  HG22  5.674  14.347  4.163  110.67
813  53  THR  HG23  6.94  14.744  3.299  8.39
814  54  LEU  N  6.051  16.273  6.842  126.25
815  54  LEU  CA  4.95  16.643  7.72  53.29
816  54  LEU  C  3.633  16.675  6.945  3.04
817  54  LEU  O  3.506  17.376  5.93  2.71
818  54  LEU  CB  5.306  17.942  8.462  43.32
819  54  LEU  CG  6.588  17.826  9.288  27.24
820  54  LEU  CD1  7.184  19.185  9.662  23.65
821  54  LEU  CD2  6.382  17.086  10.611  25.37
822  54  LEU  H  6.358  16.918  6.364  9.72
823  54  LEU  HA  4.812  15.973  8.408  5.32
824  54  LEU  HB2  5.406  18.66  7.817  1.46
825  54  LEU  HB3  4.572  18.186  9.047  1.67
826  54  LEU  HG  7.186  17.334  8.704  1.46
827  54  LEU  HD11  7.992  19.052  10.183  8.97
828  54  LEU  HD12  7.398  19.678  8.854  -0.01
829  54  LEU  HD13  6.541  19.687  10.186  3.56
830  54  LEU  HD21  7.223  17.042  11.092  3.82
831  54  LEU  HD22  5.728  17.559  11.148  178.74
832  54  LEU  HD23  6.064  16.187  10.433  122.42
833  55  SER  N  2.703  15.899  7.475  114.58
834  55  SER  CA  1.321  15.833  6.986  58.04
835  55  SER  C  0.368  15.67  8.176  4.32
836  55  SER  O  0.768  15.21  9.256  70.21
837  55  SER  CB  1.151  14.63  6.056  67.8
838  55  SER  OG  0.211  13.719  6.607  21.09
839  55  SER  H  2.853  15.381  8.145  8.55
840  55  SER  HA  1.12  16.65  6.503  4.86
841  55  SER  HB2  0.851  14.927  5.182  3.88
842  55  SER  HB3  2.005  14.188  5.928  4.05
843  55  SER  HG  0.122  13.062  6.091  7.58
844  56  THR  N  -0.873  16.055  7.94  109.8
845  56  THR  CA  -1.91  16.081  8.985  63.75
846  56  THR  C  -2.537  14.693  9.149  2.76
847  56  THR  O  -3.463  14.502  9.951  6.73
848  56  THR  CB  -3.019  17.063  8.602  68.53
849  56  THR  OG1  -3.36  16.9  7.233  7.16
850  56  THR  CG2  -2.618  18.525  8.803  22.11
851  56  THR  H  -1.15  16.312  7.168  8.33
852  56  THR  HA  -1.491  16.356  9.816  3.98
853  56  THR  HB  -3.768  16.863  9.186  4.2
854  56  THR  HG1  -3.322  16.086  7.03  7.2
855  56  THR  HG21  -3.355  19.101  8.546  9.59
856  56  THR  HG22  -2.401  18.676  9.736  56.43
857  56  THR  HG23  -1.844  18.727  8.255  175.24
858  57  PHE  N  -2.009  13.76  8.38  119.65
859  57  PHE  CA  -2.496  12.372  8.369  58.06
860  57  PHE  C  -1.376  11.411  8.772  10.34
861  57  PHE  O  -1.627  10.247  9.12  4.19
862  57  PHE  CB  -3.011  12.002  6.976  40.47
863  57  PHE  CG  -3.768  13.143  6.297  1.55
864  57  PHE  CD1  -3.06  14.163  5.651  1.64
865  57  PHE  CD2  -5.168  13.167  6.318  115.97
866  57  PHE  CE1  -3.751  15.207  5.027  59.78
867  57  PHE  CE2  -5.859  14.211  5.694  8.45
868  57  PHE  CZ  -5.151  15.232  5.048  120.56
869  57  PHE  H  -1.353  13.904  7.842  7.63
870  57  PHE  HA  -3.222  12.298  9.008  4.55
871  57  PHE  HB2  -2.262  11.741  6.418  2.66
872  57  PHE  HB3  -3.594  11.23  7.047  3.08
873  57  PHE  HD1  -2.13  14.147  5.637  7.1
874  57  PHE  HD2  -5.638  12.489  6.747  7.1
875  57  PHE  HE1  -3.28  15.885  4.598  7.24
876  57  PHE  HE2  -6.789  14.227  5.708  7.1
877  57  PHE  HZ  -5.61  15.926  4.633  6.8
878  58  LYS  N  -0.162  11.929  8.714  115.07
879  58  LYS  CA  1.045  11.154  9.043  55.89
880  58  LYS  C  2.269  12.072  9.103  4.48
881  58  LYS  O  2.44  12.965  8.259  2.46
882  58  LYS  CB  1.263  10.058  7.999  36.08
883  58  LYS  CG  0.801  8.679  8.474  24.11
884  58  LYS  CD  1.945  7.668  8.58  29.02
885  58  LYS  CE  1.652  6.535  9.566  41.39
886  58  LYS  NZ  0.861  5.447  8.972  120.16
887  58  LYS  H  -0.003  12.742  8.483  6.92
888  58  LYS  HA  0.923  10.743  9.913  4.12
889  58  LYS  HB2  0.786  10.292  7.188  1.25
890  58  LYS  HB3  2.205  10.017  7.772  1.34
891  58  LYS  HG2  0.373  8.768  9.34  0.95
892  58  LYS  HG3  0.131  8.339  7.86  0.8
893  58  LYS  HD2  2.119  7.29  7.704  1.44
894  58  LYS  HD3  2.753  8.129  8.855  1.3
895  58  LYS  HE2  2.49  6.176  9.896  2.64
896  58  LYS  HE3  1.176  6.894  10.331  2.64
897  58  LYS  HZ1  0.718  4.816  9.583  33.41
898  58  LYS  HZ2  0.08  5.767  8.689  56.26
899  58  LYS  HZ3  1.305  5.098  8.284  106.6
900  59  ASN  N  3.079  11.808  10.116  121.38
901  59  ASN  CA  4.365  12.494  10.328  51.21
902  59  ASN  C  5.496  11.459  10.444  121.66
903  59  ASN  O  5.648  10.792  11.479  8.05
904  59  ASN  CB  4.326  13.284  11.643  40.1
905  59  ASN  CG  3.758  14.699  11.482  2.5
906  59  ASN  OD1  3.425  15.105  10.37  2.68
907  59  ASN  ND2  3.625  15.481  12.537  111.65
908  59  ASN  H  2.902  11.217  10.715  8.49
909  59  ASN  HA  4.52  13.088  9.577  5.87
910  59  ASN  HB2  3.79  12.798  12.289  2.59
911  59  ASN  HB3  5.224  13.342  12.005  2.79
912  59  ASN  HD21  3.305  16.274  12.447  7.38
913  59  ASN  HD22  3.858  15.197  13.315  6.43
914  60  THR  N  6.259  11.36  9.364  111.51
915  60  THR  CA  7.363  10.379  9.23  59.97
916  60  THR  C  8.68  11.015  9.689  8.6
917  60  THR  O  8.7  12.147  10.197  4.12
918  60  THR  CB  7.511  9.976  7.763  72.5
919  60  THR  OG1  8.61  10.66  7.179  2.35
920  60  THR  CG2  6.273  10.304  6.925  20.38
921  60  THR  H  6.159  11.861  8.672  9.42
922  60  THR  HA  7.161  9.602  9.775  4.77
923  60  THR  HB  7.643  9.015  7.762  4.33
924  60  THR  HG1  9.231  10.115  7.027  120.12
925  60  THR  HG21  6.421  10.028  6.007  54.83
926  60  THR  HG22  5.505  9.833  7.284  175.52
927  60  THR  HG23  6.107  11.259  6.953  8.66
928  61  GLU  N  9.79  10.281  9.509  121.83
929  61  GLU  CA  11.103  10.9  9.722  56.16
930  61  GLU  C  12.274  9.958  9.738  63.07
931  61  GLU  O  12.301  9.009  10.509  175.44
932  61  GLU  CB  11.087  11.715  11.015  33.17
933  61  GLU  CG  12.165  11.287  12.01  36.84
934  61  GLU  CD  12.505  12.379  13.026  1.88
935  61  GLU  OE1  13.734  12.721  13.218  63.45
936  61  GLU  OE2  11.563  12.958  13.69  7.95
937  61  GLU  H  9.804  9.454  9.273  8.66
938  61  GLU  HA  11.241  11.463  8.945  5.05
939  61  GLU  HB2  11.207  12.653  10.8  1.96
940  61  GLU  HB3  10.216  11.629  11.434  1.83
941  61  GLU  HG2  11.866  10.494  12.482  1.82
942  61  GLU  HG3  12.968  11.042  11.524  1.83
943  62  ILE  N  13.316  10.242  8.352  118.4
944  62  ILE  CA  14.204  9.104  8.276  59.63
945  62  ILE  C  15.583  9.709  8.449  125.77
946  62  ILE  O  15.798  10.855  8.082  53.14
947  62  ILE  CB  14.085  8.415  6.938  42.28
948  62  ILE  CG1  12.693  7.83  6.704  25.42
949  62  ILE  CG2  15.06  7.245  6.792  19.23
950  62  ILE  CD  12.569  7.103  5.364  2.09
951  62  ILE  HA  14.003  8.428  8.942  4.8
952  62  ILE  HB  14.282  9.113  6.294  1.79
953  62  ILE  HG21  14.946  6.836  5.92  118.47
954  62  ILE  HG22  15.97  7.569  6.881  28.08
955  62  ILE  HG23  14.883  6.588  7.483  117.77
956  63  SER  N  16.659  9.427  9.317  114.64
957  63  SER  CA  17.949  10.076  9.515  55.95
958  63  SER  C  18.956  9.043  9.038  7.56
959  63  SER  O  18.794  7.851  9.304  4.16
960  63  SER  CB  18.159  10.427  10.985  65.05
961  63  SER  OG  17.791  9.327  11.804  8.14
962  63  SER  H  16.592  8.756  9.851  8.1
963  63  SER  HA  18.028  10.915  9.034  5.19
964  63  SER  HB2  19.088  10.659  11.14  3.38
965  63  SER  HB3  17.629  11.205  11.218  3.49
966  63  SER  HG  17.91  9.526  12.611  57.11
967  64  PHE  N  19.997  9.478  8.341  118.78
968  64  PHE  CA  20.925  8.507  7.807  55.45
969  64  PHE  C  22.244  9.079  7.369  4.08
970  64  PHE  O  22.462  10.287  7.392  118.02
971  64  PHE  CB  20.282  7.827  6.593  40.1
972  64  PHE  CG  19.862  8.796  5.525  8.02
973  64  PHE  CD1  20.806  9.377  4.684  38.59
974  64  PHE  CD2  18.531  9.2  5.425  8.36
975  64  PHE  CE1  20.434  10.351  3.763  4.38
976  64  PHE  CE2  18.147  10.174  4.508  59.59
977  64  PHE  CZ  19.101  10.752  3.677  173.71
978  64  PHE  H  20.177  10.302  8.172  8.08
979  64  PHE  HA  21.112  7.889  8.531  4.61
980  64  PHE  HB2  20.91  7.191  6.216  2.69
981  64  PHE  HB3  19.508  7.321  6.885  1.61
982  64  PHE  HD1  21.696  9.111  4.738  6.1
983  64  PHE  HD2  17.891  8.813  5.978  6.1
984  64  PHE  HE1  21.073  10.734  3.206  6.75
985  64  PHE  HE2  17.257  10.437  4.451  6.61
986  64  PHE  HZ  18.85  11.405  3.065  6.61
987  65  GLN  N  23.118  8.176  6.945  116.78
988  65  GLN  CA  24.414  8.541  6.427  53.82
989  65  GLN  C  24.394  8.052  4.984  6.59
990  65  GLN  O  23.964  6.933  4.702  123.61
991  65  GLN  CB  25.51  7.845  7.209  30.41
992  65  GLN  CG  25.322  7.993  8.697  34.46
993  65  GLN  CD  26.503  7.492  9.467  1.7
994  65  GLN  OE1  27.583  8.092  9.427  34.7
995  65  GLN  NE2  26.322  6.377  10.17  112.33
996  65  GLN  H  22.969  7.329  6.952  8.85
997  65  GLN  HA  24.588  9.493  6.493  4.72
998  65  GLN  HB2  25.523  6.903  6.977  1.8
999  65  GLN  HB3  26.371  8.212  6.954  1.99
1000  65  GLN  HG2  25.171  8.927  8.911  2.28
1001  65  GLN  HG3  24.529  7.507  8.971  2.24
1002  65  GLN  HE21  25.554  5.99  10.172  7.54
1003  65  GLN  HE22  26.973  6.044  10.623  6.77
1004  66  LEU  N  24.834  8.914  4.081  125.78
1005  66  LEU  CA  24.876  8.601  2.671  56.43
1006  66  LEU  C  25.644  7.319  2.422  3.82
1007  66  LEU  O  26.715  7.098  2.991  125.58
1008  66  LEU  CB  25.528  9.754  1.909  40.6
1009  66  LEU  CG  24.786  11.088  1.936  27.05
1010  66  LEU  CD1  25.745  12.19  1.503  26
1011  66  LEU  CD2  23.542  11.02  1.037  23.45
1012  66  LEU  H  25.118  9.702  4.274  9.21
1013  66  LEU  HA  23.967  8.475  2.357  4.39
1014  66  LEU  HB2  26.418  9.893  2.27  1.56
1015  66  LEU  HB3  25.636  9.485  0.983  1.76
1016  66  LEU  HG  24.477  11.285  2.834  1.74
1017  66  LEU  HD11  25.284  13.044  1.516  1.18
1018  66  LEU  HD12  26.499  12.221  2.112  1.68
1019  66  LEU  HD13  26.063  12.008  0.605  1.65
1020  66  LEU  HD21  23.078  11.872  1.061  44.74
1021  66  LEU  HD22  23.811  10.825  0.126  173.81
1022  66  LEU  HD23  22.95  10.321  1.356  121.19
1023  67  GLY  N  25.08  6.47  1.571  109.26
1024  67  GLY  CA  25.721  5.213  1.235  45.59
1025  67  GLY  C  25.496  4.095  2.237  113.77
1026  67  GLY  O  25.92  2.968  1.991  114.74
1027  67  GLY  H  24.327  6.606  1.179  9.51
1028  67  GLY  HA2  25.399  4.922  0.367  3.39
1029  67  GLY  HA3  26.675  5.364  1.147  4.18
1030  68  GLU  N  24.848  4.387  3.363  119.7
1031  68  GLU  CA  24.597  3.35  4.361  54.55
1032  68  GLU  C  23.154  2.876  4.422  8.19
1033  68  GLU  O  22.228  3.667  4.59  6.73
1034  68  GLU  CB  25.022  3.811  5.75  31.16
1035  68  GLU  CG  26.409  3.342  6.158  35.48
1036  68  GLU  CD  26.573  3.247  7.677  8.46
1037  68  GLU  OE1  27.725  3.069  8.142  32.78
1038  68  GLU  OE2  25.549  3.344  8.399  126.34
1039  68  GLU  H  24.549  5.167  3.566  7.74
1040  68  GLU  HA  25.134  2.596  4.072  4.67
1041  68  GLU  HB2  24.996  4.78  5.781  1.93
1042  68  GLU  HB3  24.377  3.489  6.399  2.18
1043  68  GLU  HG2  26.583  2.474  5.762  2.22
1044  68  GLU  HG3  27.072  3.954  5.802  2.18
1045  69  GLU  N  22.98  1.566  4.293  129.83
1046  69  GLU  CA  21.66  0.947  4.338  56.81
1047  69  GLU  C  21.076  1.103  5.738  4.22
1048  69  GLU  O  21.804  1.056  6.725  2.2
1049  69  GLU  CB  21.775  -0.534  3.983  31.03
1050  69  GLU  CG  20.468  -1.229  3.672  37.56
1051  69  GLU  CD  20.679  -2.669  3.201  111.31
1052  69  GLU  OE1  21.266  -2.868  2.112  175.83
1053  69  GLU  OE2  20.259  -3.601  3.921  118.27
1054  69  GLU  H  23.625  1.009  4.177  8.96
1055  69  GLU  HA  21.075  1.381  3.697  4.95
1056  69  GLU  HB2  22.362  -0.623  3.216  1.89
1057  69  GLU  HB3  22.202  -0.996  4.721  1.89
1058  69  GLU  HG2  19.906  -1.228  4.463  2.02
1059  69  GLU  HG3  19.994  -0.732  2.987  2.02
1060  70  PHE  N  19.766  1.304  5.812  122.66
1061  70  PHE  CA  19.072  1.455  7.084  55.27
1062  70  PHE  C  17.652  0.909  6.942  4.22
1063  70  PHE  O  17.181  0.69  5.819  120.97
1064  70  PHE  CB  19.051  2.937  7.494  41.87
1065  70  PHE  CG  18.261  3.824  6.563  175.44
1066  70  PHE  CD1  16.922  4.108  6.821  130.69
1067  70  PHE  CD2  18.863  4.398  5.443  120.46
1068  70  PHE  CE1  16.202  4.951  5.985  175.19
1069  70  PHE  CE2  18.149  5.24  4.603  8.75
1070  70  PHE  CZ  16.82  5.52  4.873  34.53
1071  70  PHE  H  19.253  1.357  5.124  9.43
1072  70  PHE  HA  19.534  0.957  7.777  5.13
1073  70  PHE  HB2  18.68  3.01  8.387  3.19
1074  70  PHE  HB3  19.963  3.263  7.539  3.23
1075  70  PHE  HD1  16.506  3.729  7.561  7.34
1076  70  PHE  HD2  19.755  4.214  5.257  7.34
1077  70  PHE  HE1  15.309  5.136  6.167  6.93
1078  70  PHE  HE2  18.562  5.616  3.86  6.79
1079  70  PHE  HZ  16.341  6.087  4.313  6.22
1080  71  ASP  N  16.983  0.653  8.061  119.1
1081  71  ASP  CA  15.611  0.153  8.005  54.08
1082  71  ASP  C  14.668  1.334  7.916  173.24
1083  71  ASP  O  14.91  2.378  8.52  31.16
1084  71  ASP  CB  15.238  -0.648  9.25  41.56
1085  71  ASP  CG  15.985  -1.962  9.352  56.48
1086  71  ASP  OD1  16.092  -2.691  8.34  175.44
1087  71  ASP  OD2  16.448  -2.267  10.467  121.67
1088  71  ASP  H  17.299  0.76  8.854  8.5
1089  71  ASP  HA  15.541  -0.428  7.232  5.12
1090  71  ASP  HB2  15.422  -0.115  10.039  2.56
1091  71  ASP  HB3  14.284  -0.823  9.242  2.65
1092  72  GLU  N  13.581  1.17  7.181  125.12
1093  72  GLU  CA  12.633  2.257  7.04  54.73
1094  72  GLU  C  11.211  1.738  7.021  6.2
1095  72  GLU  O  10.888  0.765  6.334  6.87
1096  72  GLU  CB  12.922  3.041  5.753  33.63
1097  72  GLU  CG  11.905  3.807  5.19  36.01
1098  72  GLU  CD  12.365  4.307  3.828  8.41
1099  72  GLU  OE1  12.36  3.524  2.857  7.71
1100  72  GLU  OE2  12.714  5.498  3.731  129.06
1101  72  GLU  H  13.376  0.448  6.761  8.7
1102  72  GLU  HA  12.731  2.847  7.804  4.7
1103  72  GLU  HB2  13.67  3.632  5.931  1.72
1104  72  GLU  HB3  13.216  2.405  5.082  1.74
1105  72  GLU  HG2  11.097  3.278  5.098  2.24
1106  72  GLU  HG3  11.689  4.556  5.768  2.24
1107  73  THR  N  10.36  2.374  7.805  125.06
1108  73  THR  CA  8.957  2.011  7.837  61.46
1109  73  THR  C  8.291  3.162  7.101  2.71
1110  73  THR  O  8.248  4.29  7.594  55.9
1111  73  THR  CB  8.437  1.917  9.279  69.24
1112  73  THR  OG1  9.118  0.853  9.953  109.34
1113  73  THR  CG2  6.945  1.642  9.298  21.49
1114  73  THR  H  10.575  3.021  8.328  9
1115  73  THR  HA  8.782  1.143  7.44  5.34
1116  73  THR  HB  8.603  2.762  9.725  3.94
1117  73  THR  HG1  8.857  0.115  9.648  59.34
1118  73  THR  HG21  6.638  1.587  10.216  32.15
1119  73  THR  HG22  6.478  2.36  8.844  8.25
1120  73  THR  HG23  6.765  0.803  8.846  4.2
1121  74  THR  N  7.786  2.875  5.909  117.91
1122  74  THR  CA  7.171  3.906  5.102  61.77
1123  74  THR  C  5.773  4.305  5.535  6.96
1124  74  THR  O  5.167  3.669  6.402  8.1
1125  74  THR  CB  7.161  3.493  3.626  70.92
1126  74  THR  OG1  6.288  2.377  3.435  115
1127  74  THR  CG2  8.576  3.099  3.194  23.66
1128  74  THR  H  7.791  2.092  5.554  8.87
1129  74  THR  HA  7.722  4.694  5.233  4.34
1130  74  THR  HB  6.849  4.241  3.093  4.25
1131  74  THR  HG1  5.645  2.605  2.945  5.96
1132  74  THR  HG21  8.568  2.838  2.26  7.49
1133  74  THR  HG22  9.173  3.854  3.313  3.31
1134  74  THR  HG23  8.884  2.355  3.735  3.56
1135  75  ALA  N  5.272  5.371  4.921  121.69
1136  75  ALA  CA  3.948  5.892  5.226  54.57
1137  75  ALA  C  2.879  4.84  4.957  119.09
1138  75  ALA  O  1.9  4.739  5.695  177.16
1139  75  ALA  CB  3.684  7.141  4.398  18.48
1140  75  ALA  H  5.692  5.813  4.315  9.51
1141  75  ALA  HA  3.913  6.122  6.168  3.82
1142  75  ALA  HB1  2.801  7.485  4.604  8.74
1143  75  ALA  HB2  4.35  7.815  4.607  115.21
1144  75  ALA  HB3  3.733  6.92  3.455  115.57
1145  76  ASP  N  3.068  4.054  3.901  109.54
1146  76  ASP  CA  2.109  3.01  3.564  52.52
1147  76  ASP  C  2.426  1.723  4.315  2.43
1148  76  ASP  O  1.89  0.662  4.009  2.87
1149  76  ASP  CB  2.085  2.758  2.055  38.44
1150  76  ASP  CG  3.464  2.583  1.464  7.58
1151  76  ASP  OD1  3.57  1.872  0.448  8.07
1152  76  ASP  OD2  4.444  3.165  1.981  4.4
1153  76  ASP  H  3.742  4.109  3.37  9.05
1154  76  ASP  HA  1.228  3.313  3.835  4.48
1155  76  ASP  HB2  1.557  1.965  1.873  2.73
1156  76  ASP  HB3  1.642  3.5  1.615  2
1157  77  ASP  N  3.318  1.842  5.297  114.23
1158  77  ASP  CA  3.721  0.744  6.171  56.02
1159  77  ASP  C  4.426  -0.455  5.526  56.64
1160  77  ASP  O  4.002  -1.606  5.677  116.46
1161  77  ASP  CB  2.508  0.268  6.966  38.33
1162  77  ASP  CG  1.814  1.403  7.708  33.54
1163  77  ASP  OD1  2.415  1.975  8.649  56.01
1164  77  ASP  OD2  0.658  1.723  7.347  174.5
1165  77  ASP  H  3.715  2.583  5.477  7.96
1166  77  ASP  HA  4.411  1.13  6.734  3.96
1167  77  ASP  HB2  1.876  -0.155  6.364  2.62
1168  77  ASP  HB3  2.788  -0.408  7.603  2.74
1169  78  ARG  N  5.499  -0.173  4.798  115.71
1170  78  ARG  CA  6.302  -1.214  4.17  55.56
1171  78  ARG  C  7.624  -1.117  4.899  118.47
1172  78  ARG  O  8.192  -0.034  5  56.13
1173  78  ARG  CB  6.545  -0.939  2.68  30.68
1174  78  ARG  CG  5.362  -1.209  1.772  24.26
1175  78  ARG  CD  5.296  -0.16  0.679  42.37
1176  78  ARG  NE  6.573  -0.015  0.003  90.43
1177  78  ARG  CZ  7.213  1.137  -0.174  174.54
1178  78  ARG  NH1  8.372  1.136  -0.808  9.16
1179  78  ARG  NH2  6.71  2.279  0.279  72.8
1180  78  ARG  H  5.782  0.626  4.654  7.38
1181  78  ARG  HA  5.867  -2.08  4.222  4.12
1182  78  ARG  HB2  6.809  -0.011  2.576  1.14
1183  78  ARG  HB3  7.292  -1.482  2.383  0.5
1184  78  ARG  HG2  5.442  -2.092  1.379  0.95
1185  78  ARG  HG3  4.541  -1.201  2.288  0.73
1186  78  ARG  HD2  4.613  -0.405  0.035  2.34
1187  78  ARG  HD3  5.033  0.692  1.062  0.23
1188  78  ARG  HE  6.943  -0.727  -0.306  9.45
1189  78  ARG  HH11  8.702  0.397  -1.099  8.44
1190  78  ARG  HH12  8.796  1.874  -0.929  39.08
1191  78  ARG  HH21  5.957  2.282  0.695  6.07
1192  78  ARG  HH22  7.137  3.016  0.156  6.07
1193  79  ASN  N  8.105  -2.234  5.422  121.14
1194  79  ASN  CA  9.376  -2.225  6.121  52.85
1195  79  ASN  C  10.421  -2.5  5.056  4.31
1196  79  ASN  O  10.478  -3.584  4.49  1.54
1197  79  ASN  CB  9.364  -3.28  7.226  38.82
1198  79  ASN  CG  8.288  -3.009  8.253  5.06
1199  79  ASN  OD1  8.389  -2.067  9.057  1.96
1200  79  ASN  ND2  7.231  -3.809  8.219  114.06
1201  79  ASN  H  7.715  -3  5.384  8.68
1202  79  ASN  HA  9.563  -1.382  6.563  5.14
1203  79  ASN  HB2  9.223  -4.156  6.834  2.69
1204  79  ASN  HB3  10.23  -3.3  7.663  2.67
1205  79  ASN  HD21  6.58  -3.686  8.768  7.52
1206  79  ASN  HD22  7.196  -4.451  7.648  6.93
1207  80  CYS  N  11.235  -1.491  4.775  119.96
1208  80  CYS  CA  12.24  -1.594  3.73  57.22
1209  80  CYS  C  13.682  -1.509  4.206  5.38
1210  80  CYS  O  13.958  -1.169  5.346  8.25
1211  80  CYS  CB  12.006  -0.478  2.698  31.46
1212  80  CYS  SG  10.261  -0.213  2.162  4.61
1213  80  CYS  H  11.22  -0.733  5.182  9.18
1214  80  CYS  HA  12.131  -2.482  3.354  5.16
1215  80  CYS  HB2  12.34  0.354  3.068  2.73
1216  80  CYS  HB3  12.54  -0.674  1.912  2.53
1217  80  CYS  HG  9.548  -0.173  3.126  112.54
1218  81  LYS  N  14.59  -1.85  3.3  122.49
1219  81  LYS  CA  16.022  -1.74  3.52  54.48
1220  81  LYS  C  16.363  -0.633  2.523  4.46
1221  81  LYS  O  16.358  -0.846  1.31  120.93
1222  81  LYS  CB  16.74  -3.04  3.156  33.24
1223  81  LYS  CG  17.124  -3.915  4.349  23.88
1224  81  LYS  CD  15.993  -4.024  5.36  28.12
1225  81  LYS  CE  16.317  -5.031  6.48  41.88
1226  81  LYS  NZ  17.602  -4.735  7.194  118.67
1227  81  LYS  H  14.384  -2.158  2.524  9.04
1228  81  LYS  HA  16.28  -1.562  4.438  4.83
1229  81  LYS  HB2  16.17  -3.555  2.564  1.77
1230  81  LYS  HB3  17.544  -2.823  2.658  1.52
1231  81  LYS  HG2  17.364  -4.801  4.036  1.41
1232  81  LYS  HG3  17.909  -3.545  4.782  1.32
1233  81  LYS  HD2  15.823  -3.152  5.749  1.53
1234  81  LYS  HD3  15.18  -4.296  4.907  1.51
1235  81  LYS  HE2  15.591  -5.034  7.123  2.87
1236  81  LYS  HE3  16.364  -5.923  6.101  2.81
1237  81  LYS  HZ1  17.745  -5.354  7.817  4.63
1238  81  LYS  HZ2  18.274  -4.741  6.611  1.09
1239  81  LYS  HZ3  17.551  -3.934  7.578  2.26
1240  82  SER  N  16.65  0.553  3.035  123.53
1241  82  SER  CA  16.922  1.689  2.175  56.52
1242  82  SER  C  18.328  2.247  2.197  1.27
1243  82  SER  O  19.115  1.995  3.109  1.58
1244  82  SER  CB  15.943  2.822  2.515  67.45
1245  82  SER  OG  14.611  2.347  2.537  2.94
1246  82  SER  H  16.692  0.72  3.877  9.04
1247  82  SER  HA  16.809  1.339  1.278  5.7
1248  82  SER  HB2  16.169  3.202  3.378  2.04
1249  82  SER  HB3  16.026  3.534  1.861  3.1
1250  82  SER  HG  14.082  2.998  2.569  5.81
1251  83  VAL  N  18.624  3.033  1.176  116.52
1252  83  VAL  CA  19.906  3.689  1.045  61.5
1253  83  VAL  C  19.701  5.012  0.323  20.22
1254  83  VAL  O  19.056  5.067  -0.728  9.27
1255  83  VAL  CB  20.907  2.853  0.222  35.32
1256  83  VAL  CG1  22.193  3.644  0.027  20.09
1257  83  VAL  CG2  21.203  1.541  0.921  21.01
1258  83  VAL  H  18.078  3.201  0.533  8.21
1259  83  VAL  HA  20.268  3.811  1.937  4.07
1260  83  VAL  HB  20.516  2.657  -0.644  1.78
1261  83  VAL  HG11  22.822  3.117  -0.491  1.93
1262  83  VAL  HG12  21.997  4.469  -0.445  2.03
1263  83  VAL  HG13  22.58  3.851  0.892  2.24
1264  83  VAL  HG21  21.833  1.027  0.392  112.44
1265  83  VAL  HG22  21.585  1.719  1.795  6.83
1266  83  VAL  HG23  20.381  1.036  1.024  6.84
1267  84  VAL  N  20.232  6.082  0.897  129.98
1268  84  VAL  CA  20.135  7.377  0.263  59.68
1269  84  VAL  C  21.554  7.731  -0.139  8.24
1270  84  VAL  O  22.496  7.492  0.605  31.39
1271  84  VAL  CB  19.556  8.443  1.218  32.05
1272  84  VAL  CG1  19.439  9.788  0.501  18.65
1273  84  VAL  CG2  18.188  8.001  1.701  21.58
1274  84  VAL  H  20.649  6.076  1.649  9.76
1275  84  VAL  HA  19.533  7.35  -0.497  5.18
1276  84  VAL  HB  20.152  8.544  1.977  0.94
1277  84  VAL  HG11  19.075  10.449  1.11  2.15
1278  84  VAL  HG12  20.317  10.073  0.202  2.2
1279  84  VAL  HG13  18.851  9.696  -0.265  118.47
1280  84  VAL  HG21  17.824  8.671  2.301  178.15
1281  84  VAL  HG22  17.596  7.893  0.941  60.86
1282  84  VAL  HG23  18.268  7.156  2.171  8.11
1283  85  SER  N  21.722  8.269  -1.335  119.8
1284  85  SER  CA  23.056  8.625  -1.768  56.48
1285  85  SER  C  23.056  9.762  -2.771  175.39
1286  85  SER  O  22.006  10.175  -3.286  10.16
1287  85  SER  CB  23.745  7.405  -2.378  65.89
1288  85  SER  OG  23.015  6.931  -3.499  4.24
1289  85  SER  H  21.093  8.433  -1.898  9.14
1290  85  SER  HA  23.541  8.928  -0.984  4.67
1291  85  SER  HB2  24.647  7.637  -2.647  3.62
1292  85  SER  HB3  23.82  6.703  -1.713  3.61
1293  85  SER  HG  23.405  6.262  -3.825  8.33
1294  86  LEU  N  24.248  10.274  -3.031  122.01
1295  86  LEU  CA  24.434  11.342  -3.988  53.9
1296  86  LEU  C  24.998  10.709  -5.255  115.17
1297  86  LEU  O  25.89  9.857  -5.196  7.61
1298  86  LEU  CB  25.415  12.371  -3.435  43.48
1299  86  LEU  CG  24.931  13.812  -3.332  27.11
1300  86  LEU  CD1  25.861  14.56  -2.407  24.91
1301  86  LEU  CD2  24.876  14.464  -4.731  24.89
1302  86  LEU  H  24.974  10.009  -2.654  8.77
1303  86  LEU  HA  23.596  11.796  -4.171  5
1304  86  LEU  HB2  25.687  12.082  -2.55  1.34
1305  86  LEU  HB3  26.208  12.36  -3.993  1.67
1306  86  LEU  HG  24.031  13.84  -2.97  1.44
1307  86  LEU  HD11  25.568  15.481  -2.329  117.67
1308  86  LEU  HD12  25.851  14.143  -1.531  59.02
1309  86  LEU  HD13  26.762  14.537  -2.766  174.04
1310  86  LEU  HD21  24.567  15.38  -4.65  179.25
1311  86  LEU  HD22  25.762  14.456  -5.127  64.16
1312  86  LEU  HD23  24.265  13.966  -5.297  4.33
1313  87  ASP  N  24.452  11.111  -6.394  125.93
1314  87  ASP  CA  24.893  10.624  -7.692  52.37
1315  87  ASP  C  25.146  11.885  -8.506  8.84
1316  87  ASP  O  24.265  12.357  -9.225  37.57
1317  87  ASP  CB  23.786  9.792  -8.342  41.41
1318  87  ASP  CG  24.242  9.088  -9.618  122.07
1319  87  ASP  OD1  24.914  9.718  -10.472  56.8
1320  87  ASP  OD2  23.908  7.897  -9.769  175.24
1321  87  ASP  H  23.808  11.68  -6.436  9.01
1322  87  ASP  HA  25.679  10.059  -7.63  4.73
1323  87  ASP  HB2  23.471  9.129  -7.708  2.33
1324  87  ASP  HB3  23.033  10.368  -8.547  2.59
1325  88  GLY  N  26.34  12.457  -8.36  114.11
1326  88  GLY  CA  26.665  13.663  -9.092  47.47
1327  88  GLY  C  26.014  14.897  -8.495  8.06
1328  88  GLY  O  26.641  15.628  -7.735  4.29
1329  88  GLY  H  26.964  12.162  -7.847  8.78
1330  88  GLY  HA2  27.628  13.782  -9.103  3.52
1331  88  GLY  HA3  26.381  13.565  -10.014  3.96
1332  89  ASP  N  24.752  15.137  -8.822  125.49
1333  89  ASP  CA  24.059  16.31  -8.298  53.67
1334  89  ASP  C  22.678  15.931  -7.784  66.78
1335  89  ASP  O  21.991  16.757  -7.186  32.41
1336  89  ASP  CB  23.92  17.366  -9.401  40.84
1337  89  ASP  CG  22.949  16.938  -10.488  31.32
1338  89  ASP  OD1  21.75  17.291  -10.393  117.63
1339  89  ASP  OD2  23.373  16.231  -11.431  4.03
1340  89  ASP  H  24.28  14.639  -9.341  8.67
1341  89  ASP  HA  24.579  16.671  -7.563  4.71
1342  89  ASP  HB2  23.618  18.201  -9.011  2.75
1343  89  ASP  HB3  24.79  17.536  -9.795  2.74
1344  90  LYS  N  22.294  14.676  -8.013  118.29
1345  90  LYS  CA  20.995  14.149  -7.597  55.15
1346  90  LYS  C  21.042  13.305  -6.315  3.95
1347  90  LYS  O  22.009  12.591  -6.045  122.43
1348  90  LYS  CB  20.404  13.266  -8.697  34.05
1349  90  LYS  CG  20.553  13.801  -10.113  24.89
1350  90  LYS  CD  19.92  12.835  -11.116  29.11
1351  90  LYS  CE  20.349  13.157  -12.552  41.67
1352  90  LYS  NZ  20.154  14.617  -12.839  7.89
1353  90  LYS  H  22.787  14.1  -8.419  7.9
1354  90  LYS  HA  20.45  14.933  -7.424  4.89
1355  90  LYS  HB2  20.825  12.393  -8.651  1.91
1356  90  LYS  HB3  19.46  13.136  -8.514  1.56
1357  90  LYS  HG2  20.131  14.672  -10.182  1.38
1358  90  LYS  HG3  21.492  13.924  -10.322  1.19
1359  90  LYS  HD2  20.176  11.925  -10.897  1.5
1360  90  LYS  HD3  18.954  12.882  -11.047  1.49
1361  90  LYS  HE2  21.28  12.918  -12.679  2.85
1362  90  LYS  HE3  19.832  12.626  -13.178  2.86
1363  90  LYS  HZ1  20.194  14.755  -13.717  176.04
1364  90  LYS  HZ2  19.359  14.876  -12.535  4.21
1365  90  LYS  HZ3  20.793  15.087  -12.436  32.38
1366  91  LEU  N  19.967  13.38  -5.542  122.1
1367  91  LEU  CA  19.84  12.603  -4.318  53.52
1368  91  LEU  C  18.99  11.384  -4.684  4.5
1369  91  LEU  O  17.825  11.535  -5.041  116.7
1370  91  LEU  CB  19.116  13.419  -3.251  43.9
1371  91  LEU  CG  19.767  13.601  -1.884  26.43
1372  91  LEU  CD1  18.653  13.758  -0.867  24.26
1373  91  LEU  CD2  20.643  12.408  -1.526  24.11
1374  91  LEU  H  19.29  13.883  -5.712  8.48
1375  91  LEU  HA  20.709  12.352  -3.967  4.8
1376  91  LEU  HB2  18.956  14.303  -3.618  1
1377  91  LEU  HB3  18.248  13.009  -3.109  0.57
1378  91  LEU  HG  20.341  14.383  -1.893  0.83
1379  91  LEU  HD11  19.035  13.876  0.017  39.24
1380  91  LEU  HD12  18.116  14.533  -1.093  8.19
1381  91  LEU  HD13  18.094  12.965  -0.874  5.21
1382  91  LEU  HD21  21.043  12.55  -0.654  1.65
1383  91  LEU  HD22  20.102  11.603  -1.505  8.36
1384  91  LEU  HD23  21.343  12.309  -2.19  4.82
1385  92  VAL  N  19.572  10.189  -4.61  130.09
1386  92  VAL  CA  18.851  8.959  -4.947  62.68
1387  92  VAL  C  18.432  8.173  -3.707  3.03
1388  92  VAL  O  19.265  7.854  -2.858  61.03
1389  92  VAL  CB  19.713  8.02  -5.839  33.35
1390  92  VAL  CG1  18.956  6.729  -6.115  20.45
1391  92  VAL  CG2  20.086  8.719  -7.143  21.21
1392  92  VAL  H  20.388  10.067  -4.366  9.62
1393  92  VAL  HA  18.059  9.245  -5.428  4.52
1394  92  VAL  HB  20.533  7.803  -5.369  1.98
1395  92  VAL  HG11  19.498  6.148  -6.671  8.35
1396  92  VAL  HG12  18.761  6.283  -5.276  4.48
1397  92  VAL  HG13  18.126  6.932  -6.574  37.11
1398  92  VAL  HG21  20.623  8.122  -7.688  25.74
1399  92  VAL  HG22  19.279  8.958  -7.625  124.97
1400  92  VAL  HG23  20.594  9.521  -6.946  53.11
1401  93  HSE  N  17.141  7.863  -3.621  130.29
1402  93  HSE  CA  16.568  7.108  -2.502  52.36
1403  93  HSE  C  16.058  5.769  -3.054  19.56
1404  93  HSE  O  15.216  5.738  -3.951  8.27
1405  93  HSE  CB  15.405  7.902  -1.896  36.71
1406  93  HSE  CG  14.908  7.377  -0.583  38.37
1407  93  HSE  ND1  15.069  6.066  -0.189  33
1408  93  HSE  CD2  14.182  7.975  0.392  105.73
1409  93  HSE  CE1  14.46  5.877  0.969  119.47
1410  93  HSE  NE2  13.913  7.019  1.344  163.72
1411  94  ILE  N  16.574  4.666  -2.517  125.79
1412  94  ILE  CA  16.184  3.331  -2.967  60.39
1413  94  ILE  C  15.591  2.511  -1.809  38.97
1414  94  ILE  O  16.166  2.444  -0.713  125.09
1415  94  ILE  CB  17.418  2.587  -3.589  40.16
1416  94  ILE  CG1  17.934  3.368  -4.809  28
1417  94  ILE  CG2  17.041  1.154  -3.991  17.5
1418  94  ILE  CD  19.235  2.809  -5.43  3.65
1419  94  ILE  H  17.157  4.669  -1.885  9.26
1420  94  ILE  HA  15.5  3.427  -3.648  4.47
1421  94  ILE  HB  18.122  2.538  -2.923  1.64
1422  94  ILE  HG21  17.815  0.711  -4.373  4.62
1423  94  ILE  HG22  16.743  0.666  -3.208  177.55
1424  94  ILE  HG23  16.327  1.179  -4.647  120.66
1425  95  GLN  N  14.436  1.902  -2.06  125.41
1426  95  GLN  CA  13.744  1.093  -1.061  54.39
1427  95  GLN  C  13.56  -0.356  -1.532  57.8
1428  95  GLN  O  13.072  -0.599  -2.628  43.4
1429  95  GLN  CB  12.379  1.714  -0.747  32.52
1430  95  GLN  CG  12.431  3.051  -0.007  33.36
1431  95  GLN  CD  11.046  3.654  0.186  56.86
1432  95  GLN  OE1  10.857  4.597  0.96  176.24
1433  95  GLN  NE2  10.073  3.113  -0.524  113.5
1434  95  GLN  H  14.03  1.946  -2.817  8.51
1435  95  GLN  HA  14.291  1.077  -0.26  4.94
1436  95  GLN  HB2  11.897  1.839  -1.579  1.69
1437  95  GLN  HB3  11.868  1.085  -0.215  1.77
1438  95  GLN  HG2  12.85  2.924  0.858  2.02
1439  95  GLN  HG3  12.987  3.672  -0.503  2.02
1440  95  GLN  HE21  10.241  2.457  -1.054  6.92
1441  95  GLN  HE22  9.271  3.417  -0.457  6.25
1442  96  LYS  N  13.942  -1.314  -0.69  120.39
1443  96  LYS  CA  13.83  -2.727  -1.041  55.48
1444  96  LYS  C  13.047  -3.535  -0.009  4.29
1445  96  LYS  O  13.43  -3.593  1.157  177.67
1446  96  LYS  CB  15.225  -3.342  -1.194  35.03
1447  96  LYS  CG  16.127  -2.611  -2.166  25.66
1448  96  LYS  CD  17.551  -3.185  -2.142  29.27
1449  96  LYS  CE  18.486  -2.382  -3.026  41.95
1450  96  LYS  NZ  19.865  -2.934  -3.062  8.27
1451  96  LYS  H  14.269  -1.166  0.091  8.7
1452  96  LYS  HA  13.343  -2.765  -1.879  5.53
1453  96  LYS  HB2  15.654  -3.363  -0.324  1.88
1454  96  LYS  HB3  15.131  -4.262  -1.486  1.85
1455  96  LYS  HG2  15.763  -2.679  -3.063  1.31
1456  96  LYS  HG3  16.152  -1.668  -1.941  1.39
1457  96  LYS  HD2  17.886  -3.187  -1.232  1.55
1458  96  LYS  HD3  17.535  -4.108  -2.44  1.5
1459  96  LYS  HE2  18.129  -2.357  -3.928  2.72
1460  96  LYS  HE3  18.517  -1.466  -2.708  2.72
1461  96  LYS  HZ1  20.373  -2.43  -3.592  41.47
1462  96  LYS  HZ2  20.206  -2.937  -2.24  27.13
1463  96  LYS  HZ3  19.844  -3.766  -3.376  25.53
1464  97  TRP  N  11.961  -4.165  -0.457  127.12
1465  97  TRP  CA  11.107  -4.994  0.397  57.24
1466  97  TRP  C  10.506  -6.125  -0.445  115.57
1467  97  TRP  O  10.324  -5.967  -1.658  62.65
1468  97  TRP  CB  9.982  -4.152  1.01  32.82
1469  97  TRP  CG  8.878  -3.824  0.054  7.8
1470  97  TRP  CD1  7.632  -4.385  0.02  70.11
1471  97  TRP  CD2  8.931  -2.896  -1.043  1.6
1472  97  TRP  NE1  6.908  -3.867  -1.031  129.88
1473  97  TRP  CE2  7.68  -2.952  -1.699  8.12
1474  97  TRP  CE3  9.914  -2.023  -1.534  4.54
1475  97  TRP  CZ2  7.385  -2.166  -2.825  59.67
1476  97  TRP  CZ3  9.619  -1.24  -2.658  174.6
1477  97  TRP  CH2  8.366  -1.319  -3.285  115.67
1478  97  TRP  H  11.696  -4.123  -1.274  8.34
1479  97  TRP  HA  11.641  -5.365  1.117  4.82
1480  97  TRP  HB2  9.61  -4.629  1.768  3.04
1481  97  TRP  HB3  10.358  -3.326  1.351  3.68
1482  97  TRP  HD1  7.319  -5.023  0.619  7.06
1483  97  TRP  HE1  6.101  -4.083  -1.235  10.15
1484  97  TRP  HE3  10.745  -1.965  -1.121  7.15
1485  97  TRP  HZ2  6.556  -2.216  -3.244  7.06
1486  97  TRP  HZ3  10.263  -0.659  -2.994  6.82
1487  97  TRP  HH2  8.195  -0.787  -4.028  6.41
1488  98  ASP  N  10.2  -7.256  0.193  121.26
1489  98  ASP  CA  9.616  -8.414  -0.501  55.16
1490  98  ASP  C  10.161  -8.611  -1.915  4.35
1491  98  ASP  O  9.387  -8.678  -2.874  3.47
1492  98  ASP  CB  8.088  -8.295  -0.604  41.07
1493  98  ASP  CG  7.426  -8.053  0.73  29.23
1494  98  ASP  OD1  8.022  -8.424  1.768  8.24
1495  98  ASP  OD2  6.298  -7.504  0.745  58.87
1496  98  ASP  H  10.323  -7.376  1.036  9.2
1497  98  ASP  HA  9.867  -9.179  0.04  4.15
1498  98  ASP  HB2  7.865  -7.569  -1.207  2.22
1499  98  ASP  HB3  7.731  -9.108  -0.994  2.65
1500  99  GLY  N  11.482  -8.694  -2.04  103.08
1501  99  GLY  CA  12.1  -8.887  -3.337  45.83
1502  99  GLY  C  11.78  -7.797  -4.343  8.17
1503  99  GLY  O  11.952  -7.985  -5.542  4.3
1504  99  GLY  H  12.035  -8.64  -1.383  8.37
1505  99  GLY  HA2  13.062  -8.936  -3.222  3.46
1506  99  GLY  HA3  11.814  -9.741  -3.697  3.85
1507  100  LYS  N  11.319  -6.65  -3.86  122.05
1508  100  LYS  CA  10.976  -5.541  -4.744  54.54
1509  100  LYS  C  11.909  -4.342  -4.563  175.14
1510  100  LYS  O  12.717  -4.287  -3.626  40.63
1511  100  LYS  CB  9.533  -5.105  -4.502  34.28
1512  100  LYS  CG  8.494  -6.163  -4.781  24.46
1513  100  LYS  CD  7.144  -5.715  -4.248  29.16
1514  100  LYS  CE  6.028  -6.649  -4.672  42.09
1515  100  LYS  NZ  6.211  -8.056  -4.199  8.17
1516  100  LYS  H  11.197  -6.492  -3.023  8.39
1517  100  LYS  HA  11.079  -5.86  -5.654  4.24
1518  100  LYS  HB2  9.446  -4.82  -3.579  0.09
1519  100  LYS  HB3  9.345  -4.332  -5.057  0.95
1520  100  LYS  HG2  8.436  -6.327  -5.735  1.16
1521  100  LYS  HG3  8.753  -7  -4.365  0.81
1522  100  LYS  HD2  7.178  -5.671  -3.28  1.54
1523  100  LYS  HD3  6.953  -4.819  -4.566  1.54
1524  100  LYS  HE2  5.185  -6.309  -4.332  2.76
1525  100  LYS  HE3  5.965  -6.647  -5.64  2.67
1526  100  LYS  HZ1  5.514  -8.548  -4.453  3.42
1527  100  LYS  HZ2  6.955  -8.393  -4.551  18.11
1528  100  LYS  HZ3  6.273  -8.065  -3.311  7.7
1529  101  GLU  N  11.777  -3.379  -5.47  117.74
1530  101  GLU  CA  12.59  -2.174  -5.446  55.12
1531  101  GLU  C  11.915  -0.972  -6.14  4.28
1532  101  GLU  O  11.441  -1.072  -7.281  178.6
1533  101  GLU  CB  13.933  -2.464  -6.128  33.97
1534  101  GLU  CG  14.989  -1.396  -5.935  36.21
1535  101  GLU  CD  16.209  -1.602  -6.819  176.82
1536  101  GLU  OE1  16.738  -2.739  -6.858  7.67
1537  101  GLU  OE2  16.647  -0.62  -7.467  4.07
1538  101  GLU  H  11.211  -3.408  -6.117  8.1
1539  101  GLU  HA  12.714  -1.93  -4.515  5.63
1540  101  GLU  HB2  14.277  -3.306  -5.791  1.77
1541  101  GLU  HB3  13.78  -2.581  -7.079  1.77
1542  101  GLU  HG2  14.602  -0.527  -6.124  1.97
1543  101  GLU  HG3  15.267  -1.387  -5.006  1.96
1544  102  THR  N  11.858  0.155  -5.436  116.72
1545  102  THR  CA  11.321  1.392  -5.993  59.45
1546  102  THR  C  12.348  2.464  -5.624  28.87
1547  102  THR  O  13.067  2.32  -4.629  29.32
1548  102  THR  CB  9.928  1.753  -5.415  72.06
1549  102  THR  OG1  9.392  2.88  -6.132  117.68
1550  102  THR  CG2  10.026  2.083  -3.928  20.04
1551  102  THR  H  12.129  0.224  -4.623  9
1552  102  THR  HA  11.185  1.31  -6.95  5.17
1553  102  THR  HB  9.34  0.989  -5.518  4.38
1554  102  THR  HG1  9.745  2.922  -6.893  61.83
1555  102  THR  HG21  9.146  2.306  -3.587  175.24
1556  102  THR  HG22  10.374  1.315  -3.448  4.78
1557  102  THR  HG23  10.621  2.839  -3.803  38.77
1558  103  ASN  N  12.453  3.515  -6.429  119.2
1559  103  ASN  CA  13.428  4.562  -6.14  51.76
1560  103  ASN  C  12.94  5.983  -6.406  1.53
1561  103  ASN  O  12.099  6.21  -7.291  8.02
1562  103  ASN  CB  14.725  4.31  -6.923  43.55
1563  103  ASN  CG  14.64  4.75  -8.38  8.4
1564  103  ASN  OD1  14.674  5.937  -8.679  118.78
1565  103  ASN  ND2  14.536  3.788  -9.29  116.44
1566  103  ASN  H  11.979  3.641  -7.135  7.99
1567  103  ASN  HA  13.583  4.508  -5.184  5.51
1568  103  ASN  HB2  15.454  4.782  -6.491  2.3
1569  103  ASN  HB3  14.939  3.364  -6.888  2.55
1570  103  ASN  HD21  14.49  3.989  -10.125  7.78
1571  103  ASN  HD22  14.515  2.964  -9.044  6.93
1572  104  PHE  N  13.461  6.923  -5.615  118.44
1573  104  PHE  CA  13.13  8.335  -5.771  52.16
1574  104  PHE  C  14.386  9.127  -6.13  62.56
1575  104  PHE  O  15.468  8.934  -5.553  8.1
1576  104  PHE  CB  12.578  8.962  -4.431  41.15
1577  104  PHE  CG  11.616  8.213  -3.562  39.55
1578  104  PHE  CD1  10.711  7.4  -4.233  178.55
1579  104  PHE  CD2  11.672  8.153  -2.17  62.16
1580  104  PHE  CE1  9.871  6.544  -3.53  116.75
1581  104  PHE  CE2  10.836  7.301  -1.458  123.47
1582  104  PHE  CZ  9.931  6.494  -2.143  62.69
1583  104  PHE  H  14.013  6.758  -4.977  9.3
1584  104  PHE  HA  12.455  8.386  -6.466  5.83
1585  104  PHE  HB2  13.348  9.177  -3.881  3.05
1586  104  PHE  HB3  12.153  9.802  -4.665  2.8
1587  104  PHE  HD1  10.667  7.429  -5.162  6.7
1588  104  PHE  HD2  12.277  8.69  -1.712  6.7
1589  104  PHE  HE1  9.268  6.004  -3.989  7.11
1590  104  PHE  HE2  10.881  7.27  -0.53  6.97
1591  104  PHE  HZ  9.368  5.923  -1.673  6.78
1592  105  VAL  N  14.231  10.025  -7.086  126.45
1593  105  VAL  CA  15.322  10.881  -7.489  61.54
1594  105  VAL  C  14.874  12.307  -7.17  61.5
1595  105  VAL  O  13.774  12.741  -7.552  177.72
1596  105  VAL  CB  15.642  10.737  -8.995  34.13
1597  105  VAL  CG1  16.786  11.672  -9.376  21.72
1598  105  VAL  CG2  16.024  9.291  -9.312  21.4
1599  105  VAL  H  13.497  10.153  -7.515  9.33
1600  105  VAL  HA  16.136  10.642  -7.019  4.76
1601  105  VAL  HB  14.854  10.975  -9.509  1.96
1602  105  VAL  HG11  16.981  11.576  -10.321  8.18
1603  105  VAL  HG12  16.53  12.589  -9.19  4.5
1604  105  VAL  HG13  17.575  11.446  -8.859  65.87
1605  105  VAL  HG21  16.223  9.209  -10.258  178.59
1606  105  VAL  HG22  16.806  9.042  -8.794  7.85
1607  105  VAL  HG23  15.286  8.704  -9.085  117.67
1608  106  ARG  N  15.711  13.012  -6.423  126.35
1609  106  ARG  CA  15.437  14.383  -6.048  54.46
1610  106  ARG  C  16.572  15.193  -6.658  66.81
1611  106  ARG  O  17.74  14.883  -6.439  39.02
1612  106  ARG  CB  15.441  14.547  -4.526  32.58
1613  106  ARG  CG  14.322  13.829  -3.771  29.34
1614  106  ARG  CD  14.42  14.163  -2.283  41.84
1615  106  ARG  NE  13.316  13.633  -1.465  108.64
1616  106  ARG  CZ  13.063  12.623  -0.635  7.88
1617  106  ARG  NH1  14.022  12.097  0.109  121.67
1618  106  ARG  NH2  11.832  12.156  -0.53  56.34
1619  106  ARG  H  16.455  12.705  -6.12  9.22
1620  106  ARG  HA  14.564  14.67  -6.359  5.3
1621  106  ARG  HB2  16.292  14.229  -4.187  1.41
1622  106  ARG  HB3  15.39  15.494  -4.32  1.36
1623  106  ARG  HG2  13.458  14.101  -4.118  1.17
1624  106  ARG  HG3  14.392  12.871  -3.903  1.66
1625  106  ARG  HD2  15.258  13.815  -1.939  1.54
1626  106  ARG  HD3  14.45  15.127  -2.181  2.45
1627  106  ARG  HE  12.619  14.13  -1.55  4.46
1628  106  ARG  HH11  14.823  12.407  0.061  121.05
1629  106  ARG  HH12  13.845  11.445  0.641  64.38
1630  106  ARG  HH21  11.199  12.504  -0.996  177.55
1631  106  ARG  HH22  11.664  11.504  0.005  8.34
1632  107  GLU  N  16.232  16.208  -7.446  120.17
1633  107  GLU  CA  17.246  17.053  -8.073  53.97
1634  107  GLU  C  16.719  18.465  -8.163  172.74
1635  107  GLU  O  15.516  18.672  -8.301  7.01
1636  107  GLU  CB  17.619  16.533  -9.475  34.83
1637  107  GLU  CG  16.482  16.51  -10.482  36.58
1638  107  GLU  CD  16.889  15.903  -11.829  66.58
1639  107  GLU  OE1  17.807  16.444  -12.479  119.27
1640  107  GLU  OE2  16.29  14.889  -12.242  51.42
1641  107  GLU  H  15.421  16.425  -7.631  8.9
1642  107  GLU  HA  18.05  17.033  -7.531  4.98
1643  107  GLU  HB2  18.334  17.085  -9.829  1.91
1644  107  GLU  HB3  17.972  15.634  -9.387  1.8
1645  107  GLU  HG2  15.741  16.003  -10.115  2.1
1646  107  GLU  HG3  16.163  17.415  -10.624  2.09
1647  108  ILE  N  17.625  19.433  -8.065  123.04
1648  108  ILE  CA  17.263  20.844  -8.128  57.8
1649  108  ILE  C  17.116  21.284  -9.584  3.81
1650  108  ILE  O  18.045  21.164  -10.378  62.46
1651  108  ILE  CB  18.327  21.721  -7.426  35.24
1652  108  ILE  CG1  18.519  21.256  -5.976  25.32
1653  108  ILE  CG2  17.914  23.175  -7.476  16.69
1654  108  ILE  CD  17.231  21.083  -5.194  63.79
1655  108  ILE  H  18.466  19.29  -7.96  9.02
1656  108  ILE  HA  16.416  20.958  -7.668  4.82
1657  108  ILE  HB  19.174  21.628  -7.89  1.64
1658  108  ILE  HG21  18.586  23.718  -7.034  114.68
1659  108  ILE  HG22  17.829  23.456  -8.401  65.39
1660  108  ILE  HG23  17.062  23.285  -7.025  4.46
1661  109  LYS  N  15.94  21.801  -9.925  127.7
1662  109  LYS  CA  15.672  22.224  -11.293  54.8
1663  109  LYS  C  15.018  23.601  -11.371  118.42
1664  109  LYS  O  13.881  23.788  -10.92  55.07
1665  109  LYS  CB  14.765  21.195  -11.975  34.77
1666  109  LYS  CG  15.058  20.99  -13.428  24.41
1667  109  LYS  CD  16.382  20.264  -13.612  28.85
1668  109  LYS  CE  16.947  20.511  -15.012  41.89
1669  109  LYS  NZ  18.198  19.72  -15.285  174.84
1670  109  LYS  H  15.285  21.915  -9.379  9.11
1671  109  LYS  HA  16.528  22.285  -11.746  4.5
1672  109  LYS  HB2  14.852  20.346  -11.514  1.47
1673  109  LYS  HB3  13.842  21.477  -11.878  1.61
1674  109  LYS  HG2  14.343  20.478  -13.838  1.19
1675  109  LYS  HG3  15.088  21.847  -13.881  1.18
1676  109  LYS  HD2  17.017  20.567  -12.944  1.52
1677  109  LYS  HD3  16.256  19.312  -13.473  1.52
1678  109  LYS  HE2  16.274  20.282  -15.672  2.79
1679  109  LYS  HE3  17.138  21.456  -15.117  2.79
1680  109  LYS  HZ1  18.487  19.897  -16.108  4.57
1681  109  LYS  HZ2  18.826  19.944  -14.696  53.2
1682  109  LYS  HZ3  18.021  18.851  -15.213  31.69
1683  110  ASP  N  15.757  24.551  -11.947  126.73
1684  110  ASP  CA  15.299  25.925  -12.151  55.16
1685  110  ASP  C  14.633  26.527  -10.931  174.25
1686  110  ASP  O  13.53  27.065  -11.02  123.75
1687  110  ASP  CB  14.338  25.982  -13.356  39.61
1688  110  ASP  CG  14.103  27.413  -13.866  123.17
1689  110  ASP  OD1  15.009  28.266  -13.705  59.75
1690  110  ASP  OD2  13.022  27.679  -14.438  65.31
1691  110  ASP  H  16.555  24.411  -12.236  9.47
1692  110  ASP  HA  16.091  26.458  -12.324  4.2
1693  110  ASP  HB2  14.698  25.442  -14.077  2.87
1694  110  ASP  HB3  13.487  25.589  -13.104  2.53
1695  111  GLY  N  15.307  26.433  -9.793  102.04
1696  111  GLY  CA  14.759  26.976  -8.566  45.45
1697  111  GLY  C  14.037  25.966  -7.688  174.63
1698  111  GLY  O  14.083  26.075  -6.465  4.1
1699  111  GLY  H  16.078  26.061  -9.712  8.3
1700  111  GLY  HA2  15.48  27.374  -8.053  3.56
1701  111  GLY  HA3  14.142  27.69  -8.79  4.13
1702  112  LYS  N  13.391  24.971  -8.293  120.49
1703  112  LYS  CA  12.639  23.985  -7.521  54.88
1704  112  LYS  C  13.257  22.591  -7.363  66.93
1705  112  LYS  O  14.236  22.236  -8.021  63.42
1706  112  LYS  CB  11.238  23.816  -8.117  34.32
1707  112  LYS  CG  10.445  25.103  -8.301  25.45
1708  112  LYS  CD  8.978  24.796  -8.635  29.02
1709  112  LYS  CE  8.209  26.033  -9.112  42.22
1710  112  LYS  NZ  8.667  26.479  -10.464  1.71
1711  112  LYS  H  13.376  24.85  -9.144  7.92
1712  112  LYS  HA  12.635  24.363  -6.628  5.02
1713  112  LYS  HB2  11.321  23.379  -8.979  1.83
1714  112  LYS  HB3  10.73  23.22  -7.545  2.06
1715  112  LYS  HG2  10.492  25.636  -7.492  1.51
1716  112  LYS  HG3  10.839  25.632  -9.012  1.51
1717  112  LYS  HD2  8.943  24.113  -9.323  1.64
1718  112  LYS  HD3  8.541  24.431  -7.85  1.63
1719  112  LYS  HE2  7.26  25.834  -9.141  2.93
1720  112  LYS  HE3  8.328  26.755  -8.475  2.93
1721  112  LYS  HZ1  8.12  27.112  -10.769  175.25
1722  112  LYS  HZ2  9.493  26.804  -10.405  33.41
1723  112  LYS  HZ3  8.66  25.787  -11.023  31.62
1724  113  MET  N  12.664  21.804  -6.473  121.2
1725  113  MET  CA  13.12  20.442  -6.262  54.27
1726  113  MET  C  12.162  19.53  -7.01  4.08
1727  113  MET  O  10.967  19.514  -6.723  4.35
1728  113  MET  CB  13.105  20.065  -4.786  33.16
1729  113  MET  CG  13.389  18.587  -4.557  30.54
1730  113  MET  SD  13.652  18.163  -2.826  55.8
1731  113  MET  CE  11.991  17.967  -2.264  119.9
1732  113  MET  H  11.998  22.041  -5.983  8.15
1733  113  MET  HA  14.033  20.355  -6.579  4.87
1734  113  MET  HB2  13.766  20.595  -4.313  1.74
1735  113  MET  HB3  12.24  20.287  -4.408  1.04
1736  113  MET  HG2  12.647  18.066  -4.901  1.69
1737  113  MET  HG3  14.174  18.333  -5.067  1.7
1738  113  MET  HE1  11.993  17.732  -1.323  29.72
1739  113  MET  HE2  11.507  18.798  -2.388  65.97
1740  113  MET  HE3  11.558  17.263  -2.772  176.79
1741  114  VAL  N  12.688  18.786  -7.978  127.86
1742  114  VAL  CA  11.876  17.864  -8.76  60.96
1743  114  VAL  C  12.086  16.453  -8.22  60.55
1744  114  VAL  O  13.21  15.955  -8.157  122.27
1745  114  VAL  CB  12.273  17.905  -10.262  33.39
1746  114  VAL  CG1  11.45  16.891  -11.053  20.83
1747  114  VAL  CG2  12.053  19.305  -10.822  20.69
1748  114  VAL  H  13.519  18.802  -8.198  9.2
1749  114  VAL  HA  10.944  18.124  -8.686  4.45
1750  114  VAL  HB  13.212  17.677  -10.343  1.72
1751  114  VAL  HG11  11.706  16.925  -11.988  1.59
1752  114  VAL  HG12  11.613  16  -10.706  122.91
1753  114  VAL  HG13  10.507  17.103  -10.968  67.05
1754  114  VAL  HG21  12.303  19.322  -11.759  177.5
1755  114  VAL  HG22  11.118  19.546  -10.733  8.23
1756  114  VAL  HG23  12.598  19.94  -10.331  4.65
1757  115  MET  N  11.002  15.807  -7.823  129.34
1758  115  MET  CA  11.103  14.457  -7.292  52.98
1759  115  MET  C  10.488  13.449  -8.244  7.57
1760  115  MET  O  9.287  13.474  -8.495  21.52
1761  115  MET  CB  10.407  14.368  -5.936  37.6
1762  115  MET  CG  10.526  13.014  -5.268  31.88
1763  115  MET  SD  9.726  13.052  -3.652  120.81
1764  115  MET  CE  10.787  14.184  -2.833  121.27
1765  115  MET  H  10.205  16.128  -7.852  9.74
1766  115  MET  HA  12.045  14.249  -7.186  5.69
1767  115  MET  HB2  10.78  15.042  -5.347  1.45
1768  115  MET  HB3  9.467  14.58  -6.051  2.16
1769  115  MET  HG2  10.116  12.333  -5.824  2.01
1770  115  MET  HG3  11.461  12.775  -5.169  1.99
1771  115  MET  HE1  10.48  14.315  -1.922  2.55
1772  115  MET  HE2  11.69  13.831  -2.822  8.33
1773  115  MET  HE3  10.778  15.033  -3.302  4.72
1774  116  THR  N  11.319  12.566  -8.778  124.13
1775  116  THR  CA  10.85  11.533  -9.689  62.32
1776  116  THR  C  10.773  10.197  -8.946  124.67
1777  116  THR  O  11.79  9.695  -8.466  52.9
1778  116  THR  CB  11.802  11.384  -10.885  69.28
1779  116  THR  OG1  11.727  12.557  -11.707  28.95
1780  116  THR  CG2  11.439  10.146  -11.695  21.37
1781  116  THR  H  12.165  12.548  -8.624  9.34
1782  116  THR  HA  9.973  11.788  -10.016  4.99
1783  116  THR  HB  12.71  11.282  -10.56  3.84
1784  116  THR  HG1  12.249  12.476  -12.36  4.21
1785  116  THR  HG21  12.046  10.062  -12.447  50.91
1786  116  THR  HG22  11.51  9.359  -11.133  114.87
1787  116  THR  HG23  10.529  10.228  -12.022  58.68
1788  117  LEU  N  9.571  9.637  -8.838  131.81
1789  117  LEU  CA  9.377  8.358  -8.154  55.89
1790  117  LEU  C  9.075  7.279  -9.186  64.35
1791  117  LEU  O  8.157  7.421  -9.988  29.12
1792  117  LEU  CB  8.212  8.436  -7.159  41.52
1793  117  LEU  CG  8.253  9.526  -6.073  27.82
1794  117  LEU  CD1  7.901  10.863  -6.677  26.78
1795  117  LEU  CD2  7.266  9.192  -4.964  28.31
1796  117  LEU  H  8.85  9.983  -9.155  9.85
1797  117  LEU  HA  10.188  8.145  -7.666  5.21
1798  117  LEU  HB2  7.395  8.556  -7.668  0.76
1799  117  LEU  HB3  8.145  7.577  -6.714  0.96
1800  117  LEU  HG  9.148  9.567  -5.701  1.15
1801  117  LEU  HD11  7.928  11.546  -5.989  33.3
1802  117  LEU  HD12  8.539  11.081  -7.374  120.96
1803  117  LEU  HD13  7.009  10.822  -7.056  61.01
1804  117  LEU  HD21  7.297  9.883  -4.284  176.4
1805  117  LEU  HD22  6.37  9.142  -5.332  7.86
1806  117  LEU  HD23  7.501  8.338  -4.568  4.33
1807  118  THR  N  9.844  6.201  -9.18  115.78
1808  118  THR  CA  9.585  5.14  -10.135  62.29
1809  118  THR  C  9.542  3.724  -9.577  53.89
1810  118  THR  O  10.316  3.345  -8.696  174.35
1811  118  THR  CB  10.577  5.166  -11.297  70.91
1812  118  THR  OG1  10.538  3.9  -11.972  59.45
1813  118  THR  CG2  11.964  5.434  -10.813  21.51
1814  118  THR  H  10.504  6.066  -8.646  8.79
1815  118  THR  HA  8.685  5.345  -10.433  5.4
1816  118  THR  HB  10.327  5.879  -11.905  3.94
1817  118  THR  HG1  11.08  3.907  -12.613  6.13
1818  118  THR  HG21  12.574  5.446  -11.567  8.8
1819  118  THR  HG22  11.99  6.293  -10.364  4.48
1820  118  THR  HG23  12.231  4.737  -10.193  179.35
1821  119  PHE  N  8.601  2.955  -10.104  130.85
1822  119  PHE  CA  8.415  1.567  -9.719  57.61
1823  119  PHE  C  8.248  0.783  -11.016  118.99
1824  119  PHE  O  7.255  0.945  -11.714  58.67
1825  119  PHE  CB  7.171  1.418  -8.843  41.02
1826  119  PHE  CG  6.98  0.033  -8.305  7.81
1827  119  PHE  CD1  7.994  -0.584  -7.569  41.22
1828  119  PHE  CD2  5.809  -0.67  -8.552  45.03
1829  119  PHE  CE1  7.84  -1.881  -7.092  175.38
1830  119  PHE  CE2  5.651  -1.974  -8.076  116.64
1831  119  PHE  CZ  6.668  -2.578  -7.346  8.8
1832  119  PHE  H  8.046  3.228  -10.702  9.72
1833  119  PHE  HA  9.169  1.241  -9.204  5.11
1834  119  PHE  HB2  7.231  2.04  -8.101  3.11
1835  119  PHE  HB3  6.389  1.667  -9.36  2.78
1836  119  PHE  HD1  8.782  -0.122  -7.396  7.28
1837  119  PHE  HD2  5.124  -0.27  -9.038  7.28
1838  119  PHE  HE1  8.522  -2.281  -6.603  7.38
1839  119  PHE  HE2  4.864  -2.439  -8.248  7.24
1840  119  PHE  HZ  6.563  -3.446  -7.029  7.34
1841  120  GLY  N  9.222  -0.057  -11.345  118.5
1842  120  GLY  CA  9.129  -0.807  -12.586  47.09
1843  120  GLY  C  8.982  0.198  -13.719  66.48
1844  120  GLY  O  9.825  1.083  -13.886  179.28
1845  120  GLY  H  9.928  -0.204  -10.876  9.1
1846  120  GLY  HA2  9.921  -1.353  -12.715  3.33
1847  120  GLY  HA3  8.369  -1.41  -12.564  3.58
1848  121  ASP  N  7.909  0.087  -14.493  125.36
1849  121  ASP  CA  7.701  1.021  -15.587  53.72
1850  121  ASP  C  6.725  2.147  -15.252  59.94
1851  121  ASP  O  6.311  2.902  -16.129  178.85
1852  121  ASP  CB  7.24  0.268  -16.828  40.65
1853  121  ASP  CG  8.338  -0.584  -17.421  29.38
1854  121  ASP  OD1  9.377  -0.022  -17.837  31.98
1855  121  ASP  OD2  8.172  -1.814  -17.461  7.95
1856  121  ASP  H  7.299  -0.513  -14.403  8.61
1857  121  ASP  HA  8.555  1.449  -15.755  4.53
1858  121  ASP  HB2  6.484  -0.295  -16.6  2.64
1859  121  ASP  HB3  6.931  0.903  -17.493  2.64
1860  122  VAL  N  6.368  2.268  -13.979  122.75
1861  122  VAL  CA  5.449  3.32  -13.549  63.54
1862  122  VAL  C  6.224  4.485  -12.951  62.52
1863  122  VAL  O  7.005  4.317  -12.013  122.27
1864  122  VAL  CB  4.44  2.779  -12.529  32.08
1865  122  VAL  CG1  3.509  3.887  -12.064  21.53
1866  122  VAL  CG2  3.642  1.656  -13.168  21.43
1867  122  VAL  H  6.645  1.753  -13.348  8.46
1868  122  VAL  HA  4.96  3.632  -14.327  4
1869  122  VAL  HB  4.916  2.439  -11.755  2.4
1870  122  VAL  HG11  2.877  3.53  -11.42  62.27
1871  122  VAL  HG12  4.028  4.594  -11.649  176.89
1872  122  VAL  HG13  3.026  4.245  -12.825  8.6
1873  122  VAL  HG21  3.001  1.309  -12.528  38.34
1874  122  VAL  HG22  3.171  1.995  -13.945  63.23
1875  122  VAL  HG23  4.244  0.945  -13.44  179.15
1876  123  VAL  N  5.995  5.667  -13.514  126.59
1877  123  VAL  CA  6.663  6.893  -13.094  60.27
1878  123  VAL  C  5.704  7.939  -12.533  123.52
1879  123  VAL  O  4.614  8.131  -13.068  56.62
1880  123  VAL  CB  7.41  7.548  -14.282  34.9
1881  123  VAL  CG1  8.25  8.7  -13.793  21.27
1882  123  VAL  CG2  8.282  6.524  -14.98  21.32
1883  123  VAL  H  5.439  5.78  -14.16  8.34
1884  123  VAL  HA  7.278  6.621  -12.395  5.31
1885  123  VAL  HB  6.757  7.884  -14.916  1.76
1886  123  VAL  HG11  8.714  9.104  -14.543  0.69
1887  123  VAL  HG12  7.679  9.362  -13.372  179.88
1888  123  VAL  HG13  8.899  8.377  -13.148  117.42
1889  123  VAL  HG21  8.745  6.944  -15.722  105.19
1890  123  VAL  HG22  8.932  6.171  -14.353  47.2
1891  123  VAL  HG23  7.728  5.801  -15.313  174.88
1892  124  ALA  N  6.122  8.61  -11.461  129.78
1893  124  ALA  CA  5.339  9.678  -10.838  49.82
1894  124  ALA  C  6.293  10.848  -10.575  4
1895  124  ALA  O  7.471  10.647  -10.257  1.93
1896  124  ALA  CB  4.725  9.208  -9.55  22.43
1897  124  ALA  H  6.873  8.458  -11.072  9.68
1898  124  ALA  HA  4.614  9.948  -11.422  5.18
1899  124  ALA  HB1  4.211  9.929  -9.154  58.91
1900  124  ALA  HB2  4.14  8.454  -9.726  31.49
1901  124  ALA  HB3  5.426  8.937  -8.937  32.29
1902  125  VAL  N  5.787  12.067  -10.73  118.12
1903  125  VAL  CA  6.596  13.267  -10.529  61.04
1904  125  VAL  C  5.962  14.201  -9.503  5.02
1905  125  VAL  O  4.748  14.355  -9.459  31.82
1906  125  VAL  CB  6.784  14.042  -11.853  35.54
1907  125  VAL  CG1  7.589  15.303  -11.606  21.7
1908  125  VAL  CG2  7.488  13.165  -12.881  2.03
1909  125  VAL  H  4.971  12.223  -10.953  8.54
1910  125  VAL  HA  7.459  12.969  -10.202  5.05
1911  125  VAL  HB  5.911  14.288  -12.198  1.74
1912  125  VAL  HG11  7.703  15.783  -12.441  122.47
1913  125  VAL  HG12  7.121  15.867  -10.97  63.26
1914  125  VAL  HG13  8.459  15.067  -11.248  178
1915  125  VAL  HG21  7.601  13.661  -13.707  106.06
1916  125  VAL  HG22  8.358  12.902  -12.541  28.58
1917  125  VAL  HG23  6.955  12.373  -13.05  54.59
1918  126  ARG  N  6.797  14.826  -8.684  127.84
1919  126  ARG  CA  6.329  15.742  -7.655  53.83
1920  126  ARG  C  7.249  16.95  -7.671  59.83
1921  126  ARG  O  8.471  16.809  -7.744  8.25
1922  126  ARG  CB  5.773  14.855  -6.585  35
1923  126  ARG  CG  4.497  14.096  -6.908  28.39
1924  126  ARG  CD  3.985  13.31  -5.679  41.77
1925  126  ARG  NE  3.462  14.191  -4.606  54.42
1926  126  ARG  CZ  3.913  14.227  -3.328  7.89
1927  126  ARG  NH1  4.908  13.425  -2.924  59.27
1928  126  ARG  NH2  3.425  15.043  -2.383  9.39
1929  126  ARG  H  7.651  14.731  -8.709  9.54
1930  126  ARG  HA  5.559  16.332  -7.651  4.73
1931  126  ARG  HB2  6.455  14.208  -6.346  1.3
1932  126  ARG  HB3  5.609  15.399  -5.799  1.64
1933  126  ARG  HG2  3.814  14.718  -7.204  1.08
1934  126  ARG  HG3  4.66  13.483  -7.642  1.68
1935  126  ARG  HD2  3.285  12.7  -5.96  1.96
1936  126  ARG  HD3  4.707  12.769  -5.323  116.87
1937  126  ARG  HE  2.819  14.723  -4.812  61.89
1938  126  ARG  HH11  5.271  12.877  -3.479  176.87
1939  126  ARG  HH12  5.184  13.459  -2.11  172.25
1940  126  ARG  HH21  2.786  15.587  -2.573  37.5
1941  126  ARG  HH22  3.75  15.022  -1.587  118.21
1942  127  HSE  N  6.658  18.131  -7.6  120.96
1943  127  HSE  CA  7.423  19.356  -7.588  55.42
1944  127  HSE  C  7.351  20.013  -6.223  8.64
1945  127  HSE  O  6.301  20.034  -5.582  40.08
1946  127  HSE  CB  6.895  20.315  -8.642  33.93
1947  127  HSE  CG  7.197  19.885  -10.039  39.68
1948  127  HSE  ND1  6.763  18.685  -10.558  123.17
1949  127  HSE  CD2  7.895  20.492  -11.025  62.7
1950  127  HSE  CE1  7.179  18.572  -11.804  117.47
1951  127  HSE  NE2  7.869  19.654  -12.113  56.88
1952  128  TYR  N  8.481  20.552  -5.788  119.53
1953  128  TYR  CA  8.56  21.214  -4.501  56.24
1954  128  TYR  C  9.174  22.595  -4.642  30.58
1955  128  TYR  O  10.072  22.809  -5.464  2.8
1956  128  TYR  CB  9.398  20.376  -3.534  42.74
1957  128  TYR  CG  8.682  19.163  -2.99  175.05
1958  128  TYR  CD1  7.722  19.296  -1.989  8.69
1959  128  TYR  CD2  8.956  17.879  -3.472  7.61
1960  128  TYR  CE1  7.053  18.195  -1.477  8.94
1961  128  TYR  CE2  8.28  16.758  -2.958  7.21
1962  128  TYR  CZ  7.333  16.939  -1.964  120.14
1963  128  TYR  OH  6.631  15.877  -1.463  53.63
1964  128  TYR  H  9.219  20.543  -6.23  9.44
1965  128  TYR  HA  7.66  21.309  -4.152  5.41
1966  128  TYR  HB2  10.205  20.087  -3.988  2.75
1967  128  TYR  HB3  9.675  20.936  -2.792  3.01
1968  128  TYR  HD1  7.526  20.142  -1.657  6.72
1969  128  TYR  HD2  9.593  17.765  -4.14  6.72
1970  128  TYR  HE1  6.417  18.305  -0.807  6.52
1971  128  TYR  HE2  8.467  15.906  -3.281  6.38
1972  128  TYR  HH  6.889  15.17  -1.836  4.46
1973  129  GLU  N  8.666  23.527  -3.839  119.2
1974  129  GLU  CA  9.148  24.899  -3.804  53.66
1975  129  GLU  C  9.579  25.218  -2.378  61.74
1976  129  GLU  O  8.938  24.782  -1.427  181.25
1977  129  GLU  CB  8.05  25.866  -4.258  33.6
1978  129  GLU  CG  7.84  25.832  -5.777  36.55
1979  129  GLU  CD  6.992  26.977  -6.314  111.91
1980  129  GLU  OE1  5.74  26.928  -6.21  45.69
1981  129  GLU  OE2  7.586  27.936  -6.847  7.48
1982  129  GLU  H  8.021  23.374  -3.291  9.15
1983  129  GLU  HA  9.9  25  -4.409  5.38
1984  129  GLU  HB2  7.218  25.64  -3.813  1.98
1985  129  GLU  HB3  8.282  26.767  -3.985  2.08
1986  129  GLU  HG2  8.706  25.851  -6.214  2.31
1987  129  GLU  HG3  7.42  24.991  -6.017  2.31
1988  130  LYS  N  10.675  25.959  -2.236  124.28
1989  130  LYS  CA  11.178  26.325  -0.918  57.37
1990  130  LYS  C  10.179  27.193  -0.164  54.96
1991  130  LYS  O  9.417  27.952  -0.767  173.52
1992  130  LYS  CB  12.491  27.097  -1.031  32.53
1993  130  LYS  CG  13.684  26.283  -1.443  25.34
1994  130  LYS  CD  14.904  27.175  -1.473  29.17
1995  130  LYS  CE  16.161  26.396  -1.75  42.09
1996  130  LYS  NZ  17.34  27.296  -1.632  118.58
1997  130  LYS  H  11.142  26.26  -2.893  9.2
1998  130  LYS  HA  11.32  25.497  -0.433  4.03
1999  130  LYS  HB2  12.372  27.815  -1.672  1.37
2000  130  LYS  HB3  12.681  27.51  -0.174  1.39
2001  130  LYS  HG2  13.82  25.55  -0.822  0.32
2002  130  LYS  HG3  13.535  25.89  -2.317  0.76
2003  130  LYS  HD2  14.789  27.856  -2.154  1.11
2004  130  LYS  HD3  14.989  27.635  -0.623  1.24
2005  130  LYS  HE2  16.241  25.659  -1.124  2.42
2006  130  LYS  HE3  16.124  26.01  -2.639  2.64
2007  130  LYS  HZ1  18.083  26.835  -1.796  18.06
2008  130  LYS  HZ2  17.267  27.96  -2.22  32.78
2009  130  LYS  HZ3  17.376  27.633  -0.809  124.99
2010  131  ALA  N  10.197  27.071  1.159  132.53
2011  131  ALA  CA  9.318  27.847  2.022  52.97
2012  131  ALA  C  9.669  29.335  1.955  124.08
2013  131  ALA  O  8.74  30.158  2.104  33.88
2014  131  ALA  CB  9.431  27.348  3.455  20.58
2015  131  ALA  OXT  10.866  29.667  1.774  36.36
2016  131  ALA  H  10.72  26.535  1.581  8.47
2017  131  ALA  HA  8.405  27.735  1.715  4.04
2018  131  ALA  HB1  8.844  27.868  4.026  177.89
2019  131  ALA  HB2  9.175  26.413  3.494  3.55
2020  131  ALA  HB3  10.347  27.444  3.76  17.82
