1  1  SER  N  16.528  4.047  -1.649  110.14
2  1  SER  CA  15.351  4.92  -1.922  62.58
3  1  SER  C  14.714  5.376  -0.604  175.66
4  1  SER  O  14.93  6.483  -0.153  0
5  1  SER  CB  14.384  4.041  -2.716  32.88
6  1  SER  OG  14.281  2.77  -2.088  30.89
7  1  SER  H  17.11  4.114  -2.319  43.11
8  1  SER  H2  16.259  3.202  -1.573  3.77
9  1  SER  H3  16.919  4.302  -0.892  4.08
10  1  SER  HA  15.614  5.687  -2.454  8.34
11  1  SER  HB2  13.508  4.457  -2.739  3.27
12  1  SER  HB3  14.714  3.938  -3.622  4.26
13  1  SER  HG  13.884  2.251  -2.615  4.27
14  2  ALA  N  13.933  4.531  0.018  124.64
15  2  ALA  CA  13.288  4.92  1.305  1.9
16  2  ALA  C  13.707  3.952  2.418  58.08
17  2  ALA  O  14.702  3.263  2.31  174.28
18  2  ALA  CB  11.784  4.824  1.043  117.6
19  2  ALA  H  13.792  3.75  -0.314  8.77
20  2  ALA  HA  13.525  5.83  1.542  4.49
21  2  ALA  HB1  11.631  4.459  0.158  3.83
22  2  ALA  HB2  11.39  5.709  1.099  32.96
23  2  ALA  HB3  11.374  4.246  1.706  30.52
24  3  VAL  N  12.956  3.897  3.485  121.33
25  3  VAL  CA  13.312  2.975  4.606  2.97
26  3  VAL  C  12.208  1.932  4.801  8.24
27  3  VAL  O  11.772  1.677  5.907  4.38
28  3  VAL  CB  13.431  3.875  5.842  4.84
29  3  VAL  CG1  14.422  5.007  5.557  3.62
30  3  VAL  CG2  12.062  4.473  6.185  3.62
31  3  VAL  H  12.256  4.393  3.543  8.32
32  3  VAL  HA  14.161  2.541  4.43  4.12
33  3  VAL  HB  13.752  3.35  6.592  2.01
34  3  VAL  HG11  15.262  4.632  5.25  174.8
35  3  VAL  HG12  14.571  5.518  6.368  124.8
36  3  VAL  HG13  14.058  5.589  4.871  33.2
37  3  VAL  HG21  11.692  4.012  6.954  176.06
38  3  VAL  HG22  11.463  4.369  5.429  8
39  3  VAL  HG23  12.161  5.416  6.391  4.59
40  4  ILE  N  11.751  1.335  3.733  120.4
41  4  ILE  CA  10.668  0.315  3.852  4.35
42  4  ILE  C  10.902  -0.841  2.87  119.4
43  4  ILE  O  11.962  -0.972  2.29  55.89
44  4  ILE  CB  9.37  1.057  3.504  173.3
45  4  ILE  CG1  9.559  1.889  2.224  42.01
46  4  ILE  CG2  8.962  1.978  4.662  38.74
47  4  ILE  CD  9.595  0.968  0.994  55.48
48  4  ILE  H  12.072  1.533  2.96  8.19
49  4  ILE  HA  10.621  -0.018  4.762  4.38
50  4  ILE  HB  8.666  0.405  3.361  1.8
51  4  ILE  HG12  8.821  2.513  2.14  1.48
52  4  ILE  HG13  10.391  2.385  2.279  1.14
53  4  ILE  HG21  8.057  1.766  4.939  124.5
54  4  ILE  HG22  8.999  2.903  4.374  62.78
55  4  ILE  HG23  9.564  1.849  5.412  174.94
56  4  ILE  HD11  10.609  0.866  0.645  126.9
57  4  ILE  HD12  8.987  1.394  0.207  32
58  4  ILE  HD13  9.205  -0.004  1.257  178.38
59  5  SER  N  9.909  -1.678  2.684  113.7
60  5  SER  CA  10.041  -2.839  1.746  8.31
61  5  SER  C  8.805  -3.732  1.863  4.26
62  5  SER  O  7.969  -3.54  2.722  1.39
63  5  SER  CB  11.295  -3.595  2.196  9.22
64  5  SER  OG  11.225  -4.941  1.742  4.88
65  5  SER  H  9.171  -1.56  3.11  7.91
66  5  SER  HA  10.146  -2.531  0.832  4.6
67  5  SER  HB2  12.083  -3.174  1.819  3.66
68  5  SER  HB3  11.354  -3.573  3.164  3.82
69  5  SER  HG  11.982  -5.29  1.846  121.84
70  6  LEU  N  8.693  -4.711  1.011  122.71
71  6  LEU  CA  7.5  -5.618  1.055  173.37
72  6  LEU  C  7.554  -6.51  2.298  177.33
73  6  LEU  O  6.587  -7.155  2.649  31.98
74  6  LEU  CB  7.607  -6.464  -0.22  33.55
75  6  LEU  CG  6.805  -5.825  -1.367  52.98
76  6  LEU  CD1  5.336  -6.249  -1.278  174.18
77  6  LEU  CD2  6.895  -4.298  -1.3  1.99
78  6  LEU  H  9.301  -4.825  0.413  8.8
79  6  LEU  HA  6.678  -5.103  1.04  3.93
80  6  LEU  HB2  8.539  -6.531  -0.481  1.61
81  6  LEU  HB3  7.259  -7.352  -0.043  1.73
82  6  LEU  HG  7.168  -6.129  -2.214  1.44
83  6  LEU  HD11  4.778  -5.466  -1.149  8.55
84  6  LEU  HD12  5.215  -6.858  -0.533  119.04
85  6  LEU  HD13  5.081  -6.692  -2.102  39.58
86  6  LEU  HD21  7.733  -4.036  -0.887  4.5
87  6  LEU  HD22  6.154  -3.951  -0.779  3.85
88  6  LEU  HD23  6.854  -3.935  -2.199  3.85
89  7  ASP  N  8.666  -6.53  2.98  119.24
90  7  ASP  CA  8.777  -7.356  4.218  44.27
91  7  ASP  C  8.866  -6.44  5.442  179.28
92  7  ASP  O  8.938  -6.895  6.567  57.48
93  7  ASP  CB  10.067  -8.158  4.043  119.92
94  7  ASP  CG  9.879  -9.555  4.632  54.18
95  7  ASP  OD1  9.31  -9.65  5.707  178.33
96  7  ASP  OD2  10.302  -10.507  3.998  54.54
97  7  ASP  H  9.334  -6.052  2.725  8.26
98  7  ASP  HA  8.019  -7.956  4.301  4.27
99  7  ASP  HB2  10.276  -8.229  3.098  2.62
100  7  ASP  HB3  10.793  -7.708  4.503  2.53
101  8  GLU  N  8.848  -5.15  5.226  117.7
102  8  GLU  CA  8.92  -4.192  6.364  120.19
103  8  GLU  C  7.869  -3.093  6.177  60.78
104  8  GLU  O  8.006  -2.001  6.69  174.28
105  8  GLU  CB  10.331  -3.6  6.294  0.71
106  8  GLU  CG  11.091  -3.908  7.586  34.38
107  8  GLU  CD  12.546  -3.456  7.441  118.97
108  8  GLU  OE1  12.765  -2.263  7.309  52.82
109  8  GLU  OE2  13.416  -4.311  7.461  175.39
110  8  GLU  H  8.79  -4.85  4.422  7.42
111  8  GLU  HA  8.789  -4.65  7.209  4.02
112  8  GLU  HB2  10.805  -3.987  5.541  1.81
113  8  GLU  HB3  10.273  -2.639  6.177  1.72
114  8  GLU  HG2  10.677  -3.434  8.324  1.94
115  8  GLU  HG3  11.066  -4.862  7.759  2.2
116  9  PHE  N  6.821  -3.371  5.438  116.16
117  9  PHE  CA  5.771  -2.331  5.215  7.81
118  9  PHE  C  4.674  -2.419  6.277  174.26
119  9  PHE  O  3.71  -1.68  6.241  8.29
120  9  PHE  CB  5.187  -2.627  3.833  122.56
121  9  PHE  CG  5.782  -1.687  2.811  55.96
122  9  PHE  CD1  5.927  -0.326  3.104  173.56
123  9  PHE  CD2  6.192  -2.177  1.572  2.8
124  9  PHE  CE1  6.478  0.536  2.155  18.87
125  9  PHE  CE2  6.742  -1.314  0.623  61.78
126  9  PHE  CZ  6.883  0.041  0.915  120.1
127  9  PHE  H  6.74  -4.148  5.078  7.4
128  9  PHE  HA  6.172  -1.448  5.22  4.9
129  9  PHE  HB2  5.386  -3.544  3.586  3.81
130  9  PHE  HB3  4.225  -2.503  3.86  3
131  9  PHE  HD1  5.655  0.005  3.929  7.17
132  9  PHE  HD2  6.096  -3.081  1.377  7.17
133  9  PHE  HE1  6.577  1.44  2.351  7.27
134  9  PHE  HE2  7.012  -1.643  -0.204  7.27
135  9  PHE  HZ  7.246  0.616  0.281  7.25
136  10  GLU  N  4.816  -3.299  7.226  122.71
137  10  GLU  CA  3.781  -3.409  8.297  3.72
138  10  GLU  C  4.135  -2.47  9.454  9.09
139  10  GLU  O  3.607  -2.582  10.543  4.35
140  10  GLU  CB  3.805  -4.877  8.756  1.68
141  10  GLU  CG  5.247  -5.341  8.998  121.04
142  10  GLU  CD  5.327  -6.103  10.322  61.65
143  10  GLU  OE1  4.552  -7.029  10.497  1.73
144  10  GLU  OE2  6.16  -5.747  11.139  2.82
145  10  GLU  H  5.511  -3.806  7.24  7.34
146  10  GLU  HA  2.905  -3.187  7.944  4.08
147  10  GLU  HB2  3.298  -4.962  9.578  1.99
148  10  GLU  HB3  3.401  -5.433  8.071  54.42
149  10  GLU  HG2  5.525  -5.923  8.273  2.1
150  10  GLU  HG3  5.836  -4.571  9.035  2.34
151  11  ASN  N  5.032  -1.543  9.22  117.7
152  11  ASN  CA  5.434  -0.591  10.292  113.67
153  11  ASN  C  4.63  0.71  10.193  4.64
154  11  ASN  O  4.156  1.226  11.188  0.09
155  11  ASN  CB  6.919  -0.319  10.046  8.33
156  11  ASN  CG  7.686  -1.644  9.951  4.85
157  11  ASN  OD1  8.647  -1.748  9.216  67.35
158  11  ASN  ND2  7.299  -2.666  10.667  114.73
159  11  ASN  H  5.393  -1.481  8.442  9.14
160  11  ASN  HA  5.315  -0.995  11.166  4.44
161  11  ASN  HB2  7.021  0.173  9.216  3.05
162  11  ASN  HB3  7.276  0.206  10.779  3.14
163  11  ASN  HD21  6.618  -2.593  11.187  7.69
164  11  ASN  HD22  7.724  -3.412  10.615  7.02
165  12  LYS  N  4.483  1.259  9.01  117.31
166  12  LYS  CA  3.721  2.534  8.887  27.88
167  12  LYS  C  2.273  2.277  8.473  63.48
168  12  LYS  O  1.981  1.417  7.667  176.18
169  12  LYS  CB  4.444  3.348  7.827  8.57
170  12  LYS  CG  5.727  3.916  8.432  4.48
171  12  LYS  CD  6.705  4.287  7.317  1.92
172  12  LYS  CE  7.819  3.238  7.231  1.99
173  12  LYS  NZ  8.444  3.213  8.586  118.76
174  12  LYS  H  4.829  0.894  8.313  7.87
175  12  LYS  HA  3.745  3.012  9.731  4.97
176  12  LYS  HB2  4.656  2.777  7.072  1.94
177  12  LYS  HB3  3.877  4.078  7.534  1.88
178  12  LYS  HG2  5.516  4.705  8.955  1.65
179  12  LYS  HG3  6.132  3.253  9.012  1.53
180  12  LYS  HD2  6.229  4.326  6.473  1.4
181  12  LYS  HD3  7.095  5.155  7.507  1.31
182  12  LYS  HE2  7.447  2.369  7.013  110.09
183  12  LYS  HE3  8.477  3.501  6.568  45.58
184  12  LYS  HZ1  9.328  3.159  8.503  9.32
185  12  LYS  HZ2  8.144  2.507  9.038  4.3
186  12  LYS  HZ3  8.236  3.958  9.026  2.01
187  13  THR  N  1.374  3.031  9.031  111.53
188  13  THR  CA  -0.075  2.871  8.704  172.64
189  13  THR  C  -0.426  3.601  7.401  1.96
190  13  THR  O  -1.179  4.554  7.403  29.61
191  13  THR  CB  -0.828  3.487  9.893  7.55
192  13  THR  OG1  0.098  3.893  10.894  3.87
193  13  THR  CG2  -1.787  2.45  10.48  122.09
194  13  THR  H  1.622  3.632  9.594  8.64
195  13  THR  HA  -0.296  1.93  8.627  4.8
196  13  THR  HB  -1.337  4.257  9.594  4.21
197  13  THR  HG1  -0.241  4.535  11.316  31.69
198  13  THR  HG21  -1.279  1.763  10.939  27.68
199  13  THR  HG22  -2.303  2.047  9.764  54.89
200  13  THR  HG23  -2.387  2.883  11.107  37.54
201  14  LEU  N  0.11  3.159  6.291  120.01
202  14  LEU  CA  -0.187  3.821  4.977  5.14
203  14  LEU  C  -0.265  5.348  5.112  3.63
204  14  LEU  O  -1.28  5.948  4.819  8.17
205  14  LEU  CB  -1.555  3.294  4.541  5.04
206  14  LEU  CG  -1.396  2.195  3.488  1.4
207  14  LEU  CD1  -0.408  2.62  2.397  1.17
208  14  LEU  CD2  -0.879  0.941  4.166  0.77
209  14  LEU  H  0.637  2.48  6.314  8.87
210  14  LEU  HA  0.485  3.573  4.323  3.98
211  14  LEU  HB2  -2.018  2.935  5.314  1.88
212  14  LEU  HB3  -2.076  4.02  4.164  61.5
213  14  LEU  HG  -2.259  2.012  3.084  176.02
214  14  LEU  HD11  -0.646  2.189  1.561  174.28
215  14  LEU  HD12  0.489  2.354  2.654  37.73
216  14  LEU  HD13  -0.441  3.583  2.287  6.8
217  14  LEU  HD21  0  1.116  4.537  127.1
218  14  LEU  HD22  -0.821  0.226  3.513  52.7
219  14  LEU  HD23  -1.485  0.683  4.878  175.68
220  15  ASP  N  0.79  5.985  5.526  115.77
221  15  ASP  CA  0.749  7.48  5.642  33.99
222  15  ASP  C  2.137  8.041  5.949  8.65
223  15  ASP  O  2.506  9.097  5.475  3.77
224  15  ASP  CB  -0.211  7.778  6.799  2.78
225  15  ASP  CG  -1.585  8.178  6.252  3.08
226  15  ASP  OD1  -1.646  8.638  5.123  8.56
227  15  ASP  OD2  -2.555  8.02  6.974  5.1
228  15  ASP  H  1.507  5.55  5.718  8.53
229  15  ASP  HA  0.411  7.868  4.82  4.38
230  15  ASP  HB2  -0.303  6.987  7.353  2.55
231  15  ASP  HB3  0.145  8.505  7.333  2.64
232  16  GLU  N  2.903  7.349  6.742  120.4
233  16  GLU  CA  4.266  7.847  7.084  173.16
234  16  GLU  C  5.167  7.876  5.846  120.19
235  16  GLU  O  6.26  8.408  5.888  59.22
236  16  GLU  CB  4.809  6.849  8.096  175.9
237  16  GLU  CG  3.898  6.786  9.327  59.87
238  16  GLU  CD  3.712  8.189  9.915  38.79
239  16  GLU  OE1  4.555  8.6  10.695  23.88
240  16  GLU  OE2  2.728  8.826  9.577  122.29
241  16  GLU  H  2.622  6.606  7.071  7.58
242  16  GLU  HA  4.216  8.726  7.49  4.13
243  16  GLU  HB2  4.848  5.974  7.678  2.43
244  16  GLU  HB3  5.7  7.118  8.368  2.29
245  16  GLU  HG2  3.036  6.423  9.07  2.03
246  16  GLU  HG3  4.301  6.21  9.995  2.18
247  17  ILE  N  4.745  7.288  4.755  122.33
248  17  ILE  CA  5.62  7.27  3.542  173.05
249  17  ILE  C  4.807  7.188  2.241  8.71
250  17  ILE  O  5.362  6.971  1.191  66.43
251  17  ILE  CB  6.453  5.995  3.705  120.31
252  17  ILE  CG1  5.51  4.814  3.982  61.75
253  17  ILE  CG2  7.426  6.161  4.872  172.39
254  17  ILE  CD  6.293  3.5  3.994  8.1
255  17  ILE  H  3.98  6.894  4.744  8.44
256  17  ILE  HA  6.205  8.044  3.531  3.73
257  17  ILE  HB  6.955  5.828  2.892  1.96
258  17  ILE  HG12  5.079  4.941  4.842  4.49
259  17  ILE  HG13  4.833  4.775  3.289  3.21
260  17  ILE  HG21  6.935  6.148  5.708  3.05
261  17  ILE  HG22  7.892  7.008  4.786  6.99
262  17  ILE  HG23  8.069  5.435  4.865  111.43
263  17  ILE  HD11  6.973  3.492  4.832  46.81
264  17  ILE  HD12  6.85  3.405  3.076  177.65
265  17  ILE  HD13  5.603  2.673  4.084  113.44
266  18  ILE  N  3.509  7.347  2.293  119.63
267  18  ILE  CA  2.69  7.24  1.032  174.73
268  18  ILE  C  2.729  8.56  0.244  4.83
269  18  ILE  O  3.342  9.524  0.657  8.16
270  18  ILE  CB  1.253  6.885  1.486  123.2
271  18  ILE  CG1  1.297  5.993  2.726  122.79
272  18  ILE  CG2  0.518  6.106  0.388  123.1
273  18  ILE  CD  2.181  4.774  2.446  56.94
274  18  ILE  H  3.127  7.497  3.049  8.85
275  18  ILE  HA  3.037  6.523  0.478  4.02
276  18  ILE  HB  0.764  7.698  1.685  2.22
277  18  ILE  HG12  1.656  6.492  3.476  1.55
278  18  ILE  HG13  0.398  5.693  2.932  1.77
279  18  ILE  HG21  1.033  6.137  -0.433  3.93
280  18  ILE  HG22  -0.356  6.5  0.238  8.81
281  18  ILE  HG23  0.406  5.182  0.661  36.3
282  18  ILE  HD11  1.776  4.219  1.611  120.95
283  18  ILE  HD12  2.209  4.141  3.319  62.42
284  18  ILE  HD13  3.181  5.101  2.206  174.45
285  19  GLY  N  2.107  8.59  -0.907  108.8
286  19  GLY  CA  2.128  9.819  -1.759  8.48
287  19  GLY  C  2.655  9.452  -3.15  4.1
288  19  GLY  O  1.928  8.962  -3.992  3.18
289  19  GLY  H  1.697  7.887  -1.185  8.36
290  19  GLY  HA2  1.231  10.18  -1.836  4.03
291  19  GLY  HA3  2.714  10.482  -1.362  4.2
292  20  PHE  N  3.919  9.677  -3.39  120.78
293  20  PHE  CA  4.513  9.338  -4.722  41.27
294  20  PHE  C  5.088  7.927  -4.674  4.04
295  20  PHE  O  4.711  7.071  -5.451  60.43
296  20  PHE  CB  5.613  10.375  -4.925  126.24
297  20  PHE  CG  5.59  10.837  -6.356  53.63
298  20  PHE  CD1  4.596  11.723  -6.784  174.8
299  20  PHE  CD2  6.551  10.368  -7.253  120.09
300  20  PHE  CE1  4.566  12.144  -8.119  42.41
301  20  PHE  CE2  6.522  10.786  -8.589  177.28
302  20  PHE  CZ  5.53  11.675  -9.021  118.33
303  20  PHE  H  4.416  10.019  -2.777  8.16
304  20  PHE  HA  3.852  9.4  -5.429  4.33
305  20  PHE  HB2  5.459  11.131  -4.336  3.42
306  20  PHE  HB3  6.475  9.977  -4.727  3.29
307  20  PHE  HD1  3.957  12.032  -6.183  7.45
308  20  PHE  HD2  7.208  9.778  -6.962  7.45
309  20  PHE  HE1  3.908  12.735  -8.407  7.42
310  20  PHE  HE2  7.163  10.475  -9.187  7.42
311  20  PHE  HZ  5.51  11.954  -9.908  7.93
312  21  TYR  N  5.959  7.658  -3.731  120.01
313  21  TYR  CA  6.514  6.275  -3.602  4.06
314  21  TYR  C  5.333  5.291  -3.55  4.06
315  21  TYR  O  5.471  4.111  -3.781  176.48
316  21  TYR  CB  7.334  6.304  -2.287  119.22
317  21  TYR  CG  6.747  5.38  -1.234  120.36
318  21  TYR  CD1  5.41  5.513  -0.844  118.46
319  21  TYR  CD2  7.544  4.389  -0.653  52.94
320  21  TYR  CE1  4.87  4.658  0.116  173.48
321  21  TYR  CE2  7.002  3.535  0.313  38.03
322  21  TYR  CZ  5.663  3.67  0.696  36.75
323  21  TYR  OH  5.122  2.825  1.643  26.58
324  21  TYR  H  6.186  8.268  -3.169  7.51
325  21  TYR  HA  7.092  6.069  -4.353  4.05
326  21  TYR  HB2  8.244  6.026  -2.477  2.72
327  21  TYR  HB3  7.347  7.21  -1.941  2.9
328  21  TYR  HD1  4.88  6.176  -1.224  6.5
329  21  TYR  HD2  8.434  4.299  -0.906  6.5
330  21  TYR  HE1  3.98  4.748  0.37  6.42
331  21  TYR  HE2  7.53  2.873  0.699  6.42
332  21  TYR  HH  4.287  2.911  1.626  7.84
333  22  GLU  N  4.167  5.798  -3.242  119.63
334  22  GLU  CA  2.952  4.956  -3.167  2.03
335  22  GLU  C  2.667  4.312  -4.518  1.85
336  22  GLU  O  2.573  3.119  -4.624  8.29
337  22  GLU  CB  1.859  5.948  -2.788  4.87
338  22  GLU  CG  0.484  5.449  -3.23  53.63
339  22  GLU  CD  -0.579  6.047  -2.305  124.04
340  22  GLU  OE1  -0.356  7.146  -1.824  55.73
341  22  GLU  OE2  -1.601  5.416  -2.107  8.02
342  22  GLU  H  4.1  6.638  -3.07  9.26
343  22  GLU  HA  3.045  4.281  -2.477  3.38
344  22  GLU  HB2  1.864  6.065  -1.825  2.22
345  22  GLU  HB3  2.041  6.8  -3.214  2.29
346  22  GLU  HG2  0.321  5.731  -4.144  1.99
347  22  GLU  HG3  0.455  4.481  -3.182  2.06
348  23  ALA  N  2.536  5.083  -5.555  118.85
349  23  ALA  CA  2.252  4.48  -6.89  7.33
350  23  ALA  C  2.987  3.137  -7.037  4.91
351  23  ALA  O  2.427  2.16  -7.493  3.74
352  23  ALA  CB  2.774  5.505  -7.896  2.55
353  23  ALA  H  2.611  5.936  -5.473  7.84
354  23  ALA  HA  1.296  4.355  -7  3.18
355  23  ALA  HB1  2.787  5.112  -8.783  1.77
356  23  ALA  HB2  3.673  5.772  -7.646  117.49
357  23  ALA  HB3  2.195  6.283  -7.895  58.58
358  24  GLN  N  4.226  3.082  -6.62  116.16
359  24  GLN  CA  4.998  1.793  -6.713  58.12
360  24  GLN  C  4.823  0.959  -5.442  175.39
361  24  GLN  O  5.167  -0.2  -5.406  118.25
362  24  GLN  CB  6.457  2.211  -6.899  31.53
363  24  GLN  CG  6.946  2.966  -5.661  173.21
364  24  GLN  CD  8.451  2.763  -5.496  4.92
365  24  GLN  OE1  9.239  3.359  -6.204  30.27
366  24  GLN  NE2  8.888  1.937  -4.584  112.09
367  24  GLN  H  4.591  3.783  -6.281  7.19
368  24  GLN  HA  4.701  1.276  -7.478  3.77
369  24  GLN  HB2  7.003  1.42  -7.03  1.89
370  24  GLN  HB3  6.53  2.788  -7.675  2
371  24  GLN  HG2  6.757  3.912  -5.764  2.06
372  24  GLN  HG3  6.491  2.628  -4.874  2.18
373  24  GLN  HE21  8.329  1.515  -4.085  6.64
374  24  GLN  HE22  9.733  1.817  -4.482  6.91
375  25  VAL  N  4.284  1.543  -4.416  120.4
376  25  VAL  CA  4.048  0.808  -3.142  1.95
377  25  VAL  C  2.595  0.3  -3.136  7.69
378  25  VAL  O  2.329  -0.855  -2.886  4.5
379  25  VAL  CB  4.3  1.873  -2.072  120.17
380  25  VAL  CG1  3.332  1.736  -0.886  56.14
381  25  VAL  CG2  5.737  1.727  -1.572  1.25
382  25  VAL  H  4.047  2.368  -4.476  8.16
383  25  VAL  HA  4.677  0.077  -3.039  3.3
384  25  VAL  HB  4.192  2.75  -2.473  1.82
385  25  VAL  HG11  3.833  1.546  -0.078  172.38
386  25  VAL  HG12  2.706  1.014  -1.054  27.29
387  25  VAL  HG13  2.843  2.566  -0.773  46.81
388  25  VAL  HG21  6.243  2.519  -1.811  2.33
389  25  VAL  HG22  6.146  0.948  -1.98  116.86
390  25  VAL  HG23  5.734  1.621  -0.608  4.45
391  26  LEU  N  1.661  1.167  -3.43  118.11
392  26  LEU  CA  0.227  0.764  -3.467  3.35
393  26  LEU  C  -0.01  -0.164  -4.658  1.93
394  26  LEU  O  -0.593  -1.221  -4.519  118.09
395  26  LEU  CB  -0.542  2.071  -3.656  53.58
396  26  LEU  CG  -0.853  2.715  -2.3  173.78
397  26  LEU  CD1  -1.837  1.856  -1.521  121.32
398  26  LEU  CD2  0.427  2.879  -1.484  53.38
399  26  LEU  H  1.875  1.979  -3.613  8.72
400  26  LEU  HA  -0.034  0.333  -2.638  4.08
401  26  LEU  HB2  -0.007  2.683  -4.185  1.15
402  26  LEU  HB3  -1.373  1.889  -4.122  7.35
403  26  LEU  HG  -1.251  3.586  -2.453  1.83
404  26  LEU  HD11  -2.443  2.432  -1.029  43.37
405  26  LEU  HD12  -1.353  1.289  -0.9  2.56
406  26  LEU  HD13  -2.345  1.307  -2.139  8.36
407  26  LEU  HD21  0.334  3.64  -0.89  4.8
408  26  LEU  HD22  1.175  3.027  -2.083  2.74
409  26  LEU  HD23  0.582  2.076  -0.962  2.49
410  27  LYS  N  0.46  0.205  -5.827  120.01
411  27  LYS  CA  0.273  -0.692  -7.001  4.52
412  27  LYS  C  1.048  -1.982  -6.746  38.48
413  27  LYS  O  0.794  -3.012  -7.338  25.45
414  27  LYS  CB  0.856  0.069  -8.191  2.79
415  27  LYS  CG  0.468  -0.638  -9.49  2.4
416  27  LYS  CD  1.401  -0.179  -10.612  6.63
417  27  LYS  CE  1.825  -1.386  -11.454  8.74
418  27  LYS  NZ  3.001  -0.912  -12.235  6.4
419  27  LYS  H  0.89  0.944  -5.914  8.17
420  27  LYS  HA  -0.668  -0.878  -7.146  3.89
421  27  LYS  HB2  0.509  0.975  -8.198  1.88
422  27  LYS  HB3  1.823  0.092  -8.116  3.53
423  27  LYS  HG2  0.546  -1.598  -9.371  9.14
424  27  LYS  HG3  -0.447  -0.412  -9.72  62.8
425  27  LYS  HD2  0.939  0.462  -11.174  176.08
426  27  LYS  HD3  2.19  0.236  -10.229  118.57
427  27  LYS  HE2  2.073  -2.126  -10.878  54.71
428  27  LYS  HE3  1.109  -1.647  -12.054  173.85
429  27  LYS  HZ1  3.613  -0.58  -11.68  121.79
430  27  LYS  HZ2  2.742  -0.28  -12.805  37.48
431  27  LYS  HZ3  3.352  -1.594  -12.687  33.88
432  28  LEU  N  1.987  -1.917  -5.841  120.01
433  28  LEU  CA  2.793  -3.102  -5.489  43.58
434  28  LEU  C  2.07  -3.869  -4.366  41.94
435  28  LEU  O  1.823  -5.043  -4.493  8.54
436  28  LEU  CB  4.129  -2.494  -5.065  6.88
437  28  LEU  CG  4.835  -3.38  -4.053  4.59
438  28  LEU  CD1  6.226  -3.748  -4.563  8.9
439  28  LEU  CD2  4.966  -2.621  -2.743  4.06
440  28  LEU  H  2.137  -1.175  -5.432  7.51
441  28  LEU  HA  2.918  -3.673  -6.263  4.13
442  28  LEU  HB2  4.692  -2.389  -5.848  1.7
443  28  LEU  HB3  3.966  -1.622  -4.672  1.75
444  28  LEU  HG  4.314  -4.186  -3.914  1.5
445  28  LEU  HD11  6.478  -4.615  -4.209  23.85
446  28  LEU  HD12  6.863  -3.08  -4.266  28.75
447  28  LEU  HD13  6.218  -3.781  -5.532  116.67
448  28  LEU  HD21  5.847  -2.218  -2.69  54.22
449  28  LEU  HD22  4.846  -3.24  -2.006  175.87
450  28  LEU  HD23  4.288  -1.928  -2.7  9.44
451  29  PHE  N  1.692  -3.212  -3.287  116.54
452  29  PHE  CA  0.937  -3.915  -2.199  25.28
453  29  PHE  C  -0.228  -4.657  -2.821  6.86
454  29  PHE  O  -0.576  -5.751  -2.436  7.23
455  29  PHE  CB  0.403  -2.799  -1.294  118.68
456  29  PHE  CG  1.541  -2.117  -0.588  121.79
457  29  PHE  CD1  2.845  -2.574  -0.764  4.08
458  29  PHE  CD2  1.289  -1.02  0.24  1.85
459  29  PHE  CE1  3.898  -1.943  -0.12  8.09
460  29  PHE  CE2  2.35  -0.383  0.889  4.13
461  29  PHE  CZ  3.655  -0.845  0.709  1.88
462  29  PHE  H  1.855  -2.371  -3.212  8.5
463  29  PHE  HA  1.513  -4.516  -1.701  4.22
464  29  PHE  HB2  -0.072  -2.149  -1.835  2.96
465  29  PHE  HB3  -0.205  -3.175  -0.638  3.14
466  29  PHE  HD1  3.014  -3.306  -1.312  7.35
467  29  PHE  HD2  0.419  -0.714  0.357  7.35
468  29  PHE  HE1  4.765  -2.256  -0.244  7.08
469  29  PHE  HE2  2.188  0.349  1.439  7.08
470  29  PHE  HZ  4.362  -0.419  1.138  172.81
471  30  TYR  N  -0.825  -4.048  -3.792  121.17
472  30  TYR  CA  -1.973  -4.691  -4.473  63.59
473  30  TYR  C  -1.459  -5.827  -5.366  8.76
474  30  TYR  O  -2.157  -6.786  -5.629  5.27
475  30  TYR  CB  -2.61  -3.578  -5.301  2.84
476  30  TYR  CG  -4.103  -3.678  -5.167  3.85
477  30  TYR  CD1  -4.75  -3.012  -4.122  53.7
478  30  TYR  CD2  -4.835  -4.452  -6.069  123.56
479  30  TYR  CE1  -6.135  -3.119  -3.979  61.62
480  30  TYR  CE2  -6.22  -4.565  -5.926  174.36
481  30  TYR  CZ  -6.872  -3.897  -4.88  174.76
482  30  TYR  OH  -8.24  -4.011  -4.734  38.23
483  30  TYR  H  -0.551  -3.271  -4.037  9.23
484  30  TYR  HA  -2.606  -5.032  -3.822  4.31
485  30  TYR  HB2  -2.311  -2.715  -4.975  3.08
486  30  TYR  HB3  -2.361  -3.68  -6.233  2.93
487  30  TYR  HD1  -4.258  -2.496  -3.525  7.02
488  30  TYR  HD2  -4.399  -4.892  -6.763  7.02
489  30  TYR  HE1  -6.566  -2.673  -3.286  6.69
490  30  TYR  HE2  -6.709  -5.078  -6.528  6.69
491  30  TYR  HH  -8.462  -4.789  -4.959  62.08
492  31  ALA  N  -0.23  -5.732  -5.811  116.16
493  31  ALA  CA  0.347  -6.813  -6.668  62.19
494  31  ALA  C  0.884  -7.935  -5.775  173.78
495  31  ALA  O  0.8  -9.103  -6.102  174.38
496  31  ALA  CB  1.486  -6.144  -7.44  69.58
497  31  ALA  H  0.252  -5.052  -5.599  7.12
498  31  ALA  HA  -0.321  -7.155  -7.283  3.99
499  31  ALA  HB1  2.327  -6.567  -7.207  8.13
500  31  ALA  HB2  1.524  -5.202  -7.211  4.41
501  31  ALA  HB3  1.331  -6.239  -8.393  59.11
502  32  GLU  N  1.414  -7.581  -4.636  115.37
503  32  GLU  CA  1.939  -8.602  -3.692  8.39
504  32  GLU  C  0.809  -9.026  -2.766  5.52
505  32  GLU  O  0.497  -10.191  -2.646  2.73
506  32  GLU  CB  3.044  -7.899  -2.907  2.55
507  32  GLU  CG  3.979  -8.945  -2.293  176.4
508  32  GLU  CD  5.24  -9.076  -3.151  108.74
509  32  GLU  OE1  5.138  -8.885  -4.351  41.25
510  32  GLU  OE2  6.284  -9.367  -2.593  1.55
511  32  GLU  H  1.444  -6.749  -4.42  6.99
512  32  GLU  HA  2.299  -9.365  -4.172  4.13
513  32  GLU  HB2  3.548  -7.323  -3.503  1.78
514  32  GLU  HB3  2.649  -7.366  -2.2  172.89
515  32  GLU  HG2  4.226  -8.669  -1.397  2
516  32  GLU  HG3  3.525  -9.801  -2.254  66.78
517  33  TYR  N  0.179  -8.077  -2.125  126.49
518  33  TYR  CA  -0.959  -8.416  -1.217  9.02
519  33  TYR  C  -2.286  -8.3  -1.987  3.78
520  33  TYR  O  -2.792  -7.209  -2.169  3.7
521  33  TYR  CB  -0.935  -7.392  -0.071  4.57
522  33  TYR  CG  0.466  -6.88  0.212  124.42
523  33  TYR  CD1  1.562  -7.752  0.209  60.95
524  33  TYR  CD2  0.656  -5.524  0.497  176.78
525  33  TYR  CE1  2.845  -7.26  0.487  4.14
526  33  TYR  CE2  1.933  -5.036  0.778  38.47
527  33  TYR  CZ  3.029  -5.902  0.773  111.38
528  33  TYR  OH  4.291  -5.419  1.055  8.19
529  33  TYR  H  0.411  -7.257  -2.237  8.19
530  33  TYR  HA  -0.854  -9.312  -0.859  4.8
531  33  TYR  HB2  -1.501  -6.64  -0.305  3.15
532  33  TYR  HB3  -1.285  -7.812  0.73  2.62
533  33  TYR  HD1  1.441  -8.654  0.02  7.35
534  33  TYR  HD2  -0.072  -4.945  0.499  7.35
535  33  TYR  HE1  3.576  -7.835  0.483  6.93
536  33  TYR  HE2  2.054  -4.133  0.967  6.93
537  33  TYR  HH  4.671  -5.966  1.567  8.77
538  34  PRO  N  -2.817  -9.421  -2.414  128.79
539  34  PRO  CA  -4.099  -9.41  -3.166  122.21
540  34  PRO  C  -5.264  -9.079  -2.235  120.64
541  34  PRO  O  -5.149  -9.159  -1.028  59.38
542  34  PRO  CB  -4.219  -10.835  -3.694  176.93
543  34  PRO  CG  -3.405  -11.664  -2.754  31.49
544  34  PRO  CD  -2.296  -10.783  -2.243  30.52
545  34  PRO  HA  -4.062  -8.781  -3.903  4.02
546  34  PRO  HB2  -5.146  -11.12  -3.681  1.98
547  34  PRO  HB3  -3.857  -10.897  -4.592  1.94
548  34  PRO  HG2  -3.958  -11.967  -2.017  1.73
549  34  PRO  HG3  -3.029  -12.425  -3.223  1.81
550  34  PRO  HD2  -2.118  -10.969  -1.308  3.12
551  34  PRO  HD3  -1.496  -10.904  -2.777  3.45
552  35  SER  N  -6.388  -8.707  -2.792  115.38
553  35  SER  CA  -7.574  -8.362  -1.95  122.24
554  35  SER  C  -7.201  -7.279  -0.939  123.5
555  35  SER  O  -6.556  -7.54  0.058  52.62
556  35  SER  CB  -7.96  -9.66  -1.237  176
557  35  SER  OG  -9.323  -9.958  -1.518  34.78
558  35  SER  H  -6.443  -8.658  -3.649  8.2
559  35  SER  HA  -8.307  -8.061  -2.51  4.92
560  35  SER  HB2  -7.403  -10.387  -1.556  3.8
561  35  SER  HB3  -7.834  -9.552  -0.281  4.17
562  35  SER  HG  -9.777  -9.269  -1.361  8.19
563  36  THR  N  -7.602  -6.06  -1.195  125.02
564  36  THR  CA  -7.274  -4.942  -0.258  126.1
565  36  THR  C  -7.472  -5.379  1.198  65.3
566  36  THR  O  -6.754  -4.963  2.083  175.39
567  36  THR  CB  -8.251  -3.828  -0.618  5.63
568  36  THR  OG1  -8.247  -3.626  -2.023  31.69
569  36  THR  CG2  -7.831  -2.548  0.086  1.2
570  36  THR  H  -8.054  -5.9  -1.909  7.82
571  36  THR  HA  -6.364  -4.638  -0.4  3.95
572  36  THR  HB  -9.143  -4.071  -0.325  4.24
573  36  THR  HG1  -9.035  -3.71  -2.3  53.98
574  36  THR  HG21  -7.133  -2.109  -0.425  1.06
575  36  THR  HG22  -7.499  -2.766  0.971  8.3
576  36  THR  HG23  -8.598  -1.96  0.166  44.18
577  37  ARG  N  -8.433  -6.228  1.441  123.48
578  37  ARG  CA  -8.677  -6.713  2.831  113.15
579  37  ARG  C  -7.417  -7.408  3.363  56.68
580  37  ARG  O  -6.877  -7.035  4.386  176.12
581  37  ARG  CB  -9.841  -7.702  2.694  29.12
582  37  ARG  CG  -9.945  -8.579  3.948  27.48
583  37  ARG  CD  -11.107  -9.563  3.79  109.84
584  37  ARG  NE  -10.491  -10.911  3.951  8.36
585  37  ARG  CZ  -11.215  -11.913  4.368  5.22
586  37  ARG  NH1  -11.893  -12.629  3.513  114.06
587  37  ARG  NH2  -11.259  -12.2  5.64  55.64
588  37  ARG  H  -8.922  -6.515  0.794  8.41
589  37  ARG  HA  -8.93  -5.977  3.41  3.92
590  37  ARG  HB2  -10.667  -7.207  2.578  1.72
591  37  ARG  HB3  -9.693  -8.266  1.919  1.56
592  37  ARG  HG2  -9.117  -9.07  4.067  1.33
593  37  ARG  HG3  -10.102  -8.018  4.723  3.8
594  37  ARG  HD2  -11.773  -9.409  4.478  3.07
595  37  ARG  HD3  -11.503  -9.483  2.908  3.07
596  37  ARG  HE  -9.659  -11.029  3.768  174.98
597  37  ARG  HH11  -11.862  -12.44  2.675  35.76
598  37  ARG  HH12  -12.371  -13.289  3.788  30.68
599  37  ARG  HH21  -10.811  -11.729  6.203  116.92
600  37  ARG  HH22  -11.737  -12.86  5.915  57.98
601  38  LYS  N  -6.942  -8.408  2.669  119.63
602  38  LYS  CA  -5.712  -9.115  3.127  8.49
603  38  LYS  C  -4.495  -8.216  2.906  30.33
604  38  LYS  O  -3.481  -8.349  3.563  1.1
605  38  LYS  CB  -5.622  -10.369  2.257  14.08
606  38  LYS  CG  -6.798  -11.297  2.576  1.5
607  38  LYS  CD  -7.451  -11.772  1.273  7.06
608  38  LYS  CE  -7.518  -13.302  1.262  4.51
609  38  LYS  NZ  -8.643  -13.634  0.343  53.18
610  38  LYS  H  -7.335  -8.652  1.944  7.69
611  38  LYS  HA  -5.789  -9.361  4.062  4.14
612  38  LYS  HB2  -5.652  -10.114  1.322  1.97
613  38  LYS  HB3  -4.789  -10.83  2.44  1.73
614  38  LYS  HG2  -6.475  -12.064  3.074  1.55
615  38  LYS  HG3  -7.453  -10.818  3.107  117.69
616  38  LYS  HD2  -8.349  -11.409  1.212  54.88
617  38  LYS  HD3  -6.927  -11.467  0.516  176.78
618  38  LYS  HE2  -6.686  -13.672  0.928  113.65
619  38  LYS  HE3  -7.705  -13.639  2.152  58.8
620  38  LYS  HZ1  -8.567  -13.156  -0.404  174.35
621  38  LYS  HZ2  -9.416  -13.444  0.74  3.23
622  38  LYS  HZ3  -8.616  -14.501  0.143  32.74
623  39  LEU  N  -4.6  -7.288  1.994  121.55
624  39  LEU  CA  -3.465  -6.36  1.731  7.84
625  39  LEU  C  -3.313  -5.416  2.923  6.95
626  39  LEU  O  -2.222  -5.139  3.384  4.22
627  39  LEU  CB  -3.884  -5.604  0.463  6.89
628  39  LEU  CG  -2.992  -4.381  0.241  4.01
629  39  LEU  CD1  -2.915  -4.07  -1.256  8.58
630  39  LEU  CD2  -3.582  -3.177  0.983  4.82
631  39  LEU  H  -5.332  -7.205  1.55  8.6
632  39  LEU  HA  -2.645  -6.855  1.577  3.75
633  39  LEU  HB2  -3.812  -6.196  -0.302  2.24
634  39  LEU  HB3  -4.805  -5.314  0.557  178.32
635  39  LEU  HG  -2.101  -4.566  0.577  1.76
636  39  LEU  HD11  -2.898  -4.901  -1.756  122.24
637  39  LEU  HD12  -2.108  -3.565  -1.441  2.54
638  39  LEU  HD13  -3.69  -3.55  -1.519  2.96
639  39  LEU  HD21  -3.77  -2.465  0.351  110.89
640  39  LEU  HD22  -2.946  -2.862  1.644  59.68
641  39  LEU  HD23  -4.403  -3.441  1.426  173.88
642  40  ALA  N  -4.411  -4.939  3.427  120.78
643  40  ALA  CA  -4.373  -4.023  4.603  53.11
644  40  ALA  C  -3.869  -4.769  5.843  174.65
645  40  ALA  O  -3.425  -4.167  6.803  28.75
646  40  ALA  CB  -5.824  -3.585  4.804  35.71
647  40  ALA  H  -5.166  -5.162  3.08  8.32
648  40  ALA  HA  -3.816  -3.252  4.414  3.76
649  40  ALA  HB1  -6.349  -3.837  4.028  3.97
650  40  ALA  HB2  -5.861  -2.623  4.919  2.12
651  40  ALA  HB3  -6.188  -4.019  5.591  2.21
652  41  GLN  N  -3.941  -6.075  5.83  115.38
653  41  GLN  CA  -3.475  -6.865  7.007  114.7
654  41  GLN  C  -1.959  -6.741  7.166  60.73
655  41  GLN  O  -1.441  -6.717  8.265  176.2
656  41  GLN  CB  -3.859  -8.311  6.692  52.91
657  41  GLN  CG  -4.266  -9.022  7.983  36.11
658  41  GLN  CD  -5.75  -8.772  8.256  8.52
659  41  GLN  OE1  -6.127  -7.704  8.694  4.98
660  41  GLN  NE2  -6.614  -9.719  8.014  111.87
661  41  GLN  H  -4.264  -6.479  5.143  7.39
662  41  GLN  HA  -3.926  -6.57  7.813  4.06
663  41  GLN  HB2  -4.603  -8.319  6.069  2.13
664  41  GLN  HB3  -3.101  -8.769  6.298  2.19
665  41  GLN  HG2  -4.109  -9.975  7.891  2.38
666  41  GLN  HG3  -3.741  -8.678  8.722  2.54
667  41  GLN  HE21  -6.347  -10.475  7.704  7.53
668  41  GLN  HE22  -7.451  -9.587  8.163  6.89
669  42  ARG  N  -1.242  -6.662  6.077  119.24
670  42  ARG  CA  0.241  -6.539  6.169  2.18
671  42  ARG  C  0.638  -5.069  6.305  1.91
672  42  ARG  O  1.587  -4.735  6.983  1.88
673  42  ARG  CB  0.772  -7.124  4.862  120.15
674  42  ARG  CG  1.16  -8.587  5.081  61.11
675  42  ARG  CD  1.587  -9.211  3.752  174.92
676  42  ARG  NE  2.066  -10.575  4.109  41.22
677  42  ARG  CZ  3.236  -10.983  3.702  27.48
678  42  ARG  NH1  3.564  -10.87  2.443  8.9
679  42  ARG  NH2  4.079  -11.504  4.551  4.05
680  42  ARG  H  -1.626  -6.68  5.308  7.89
681  42  ARG  HA  0.576  -7.051  6.922  4.2
682  42  ARG  HB2  0.084  -7.069  4.18  1.58
683  42  ARG  HB3  1.552  -6.623  4.575  134.26
684  42  ARG  HG2  1.896  -8.633  5.712  57
685  42  ARG  HG3  0.399  -9.073  5.436  173.85
686  42  ARG  HD2  0.831  -9.264  3.147  9.15
687  42  ARG  HD3  2.308  -8.699  3.353  33.78
688  42  ARG  HE  1.572  -11.093  4.586  1.97
689  42  ARG  HH11  3.008  -10.527  1.884  9.75
690  42  ARG  HH12  4.335  -11.139  2.174  4.07
691  42  ARG  HH21  3.863  -11.578  5.38  2.22
692  42  ARG  HH22  4.85  -11.773  4.282  1.86
693  43  LEU  N  -0.086  -4.194  5.665  113.16
694  43  LEU  CA  0.233  -2.74  5.753  125.44
695  43  LEU  C  -0.374  -2.127  7.022  54.72
696  43  LEU  O  -0.325  -0.928  7.22  172.9
697  43  LEU  CB  -0.387  -2.137  4.492  41.99
698  43  LEU  CG  0.682  -1.952  3.392  34.53
699  43  LEU  CD1  1.468  -0.663  3.626  24.83
700  43  LEU  CD2  1.666  -3.125  3.393  24.27
701  43  LEU  H  -0.755  -4.458  5.193  8.1
702  43  LEU  HA  1.192  -2.595  5.746  4.26
703  43  LEU  HB2  -1.082  -2.729  4.165  1.49
704  43  LEU  HB3  -0.779  -1.278  4.713  1.64
705  43  LEU  HG  0.243  -1.903  2.529  1.07
706  43  LEU  HD11  2.403  -0.81  3.413  1.16
707  43  LEU  HD12  1.385  -0.395  4.554  1.62
708  43  LEU  HD13  1.116  0.036  3.053  122.25
709  43  LEU  HD21  2.155  -3.138  4.231  55.05
710  43  LEU  HD22  2.292  -3.015  2.66  174.94
711  43  LEU  HD23  1.179  -3.957  3.286  52.34
712  44  GLY  N  -0.934  -2.936  7.889  110.37
713  44  GLY  CA  -1.532  -2.401  9.151  59.74
714  44  GLY  C  -2.463  -1.233  8.828  8.41
715  44  GLY  O  -2.088  -0.081  8.94  5.28
716  44  GLY  H  -0.954  -3.782  7.735  7.87
717  44  GLY  HA2  -2.036  -3.103  9.592  3.87
718  44  GLY  HA3  -0.823  -2.093  9.737  4.06
719  45  VAL  N  -3.666  -1.517  8.415  113.48
720  45  VAL  CA  -4.609  -0.416  8.067  52.25
721  45  VAL  C  -6.059  -0.893  8.16  174.07
722  45  VAL  O  -6.329  -2.056  8.386  29.25
723  45  VAL  CB  -4.262  -0.031  6.626  39.9
724  45  VAL  CG1  -3.189  1.052  6.638  5.57
725  45  VAL  CG2  -3.74  -1.251  5.86  8.32
726  45  VAL  H  -3.909  -2.338  8.332  7.73
727  45  VAL  HA  -4.468  0.346  8.651  4.68
728  45  VAL  HB  -5.055  0.311  6.185  2.05
729  45  VAL  HG11  -3.387  1.697  7.335  121.19
730  45  VAL  HG12  -3.176  1.499  5.777  56.92
731  45  VAL  HG13  -2.323  0.648  6.807  175.46
732  45  VAL  HG21  -3.95  -1.157  4.918  61.98
733  45  VAL  HG22  -4.16  -2.054  6.205  39.8
734  45  VAL  HG23  -2.779  -1.317  5.973  8.35
735  46  SER  N  -6.992  0.002  7.976  116.54
736  46  SER  CA  -8.43  -0.386  8.043  8.7
737  46  SER  C  -8.922  -0.806  6.655  5.97
738  46  SER  O  -10.023  -0.485  6.254  1.43
739  46  SER  CB  -9.163  0.872  8.509  3.52
740  46  SER  OG  -8.368  1.555  9.47  109.29
741  46  SER  H  -6.775  0.818  7.813  8.48
742  46  SER  HA  -8.56  -1.104  8.682  4.46
743  46  SER  HB2  -9.32  1.457  7.752  4
744  46  SER  HB3  -10.015  0.621  8.9  4.32
745  46  SER  HG  -8.549  2.374  9.42  117.49
746  47  HSE  N  -8.103  -1.519  5.924  121.67
747  47  HSE  CA  -8.478  -1.98  4.553  175.68
748  47  HSE  C  -9.153  -0.868  3.742  60.92
749  47  HSE  O  -8.505  -0.169  2.994  30.48
750  47  HSE  CB  -9.436  -3.158  4.767  2.13
751  47  HSE  CG  -10.112  -3.481  3.461  69.55
752  47  HSE  ND1  -11.173  -4.36  3.364  4.95
753  47  HSE  CD2  -9.891  -3.021  2.188  22.58
754  47  HSE  CE1  -11.543  -4.396  2.07  7.28
755  47  HSE  NE2  -10.793  -3.6  1.314  0.63
756  47  HSE  H  -7.224  -1.755  6.278  9.1
757  47  HSE  HA  -7.604  -2.323  4.029  4.09
758  47  HSE  HB2  -8.882  -4.019  5.11  3.17
759  47  HSE  HB3  -10.18  -2.889  5.501  3.19
760  47  HSE  HD1  -11.58  -4.863  4.099  53.33
761  47  HSE  HD2  -9.141  -2.298  1.919  6.81
762  47  HSE  HE1  -12.35  -4.983  1.694  7.73
763  48  THR  N  -10.452  -0.722  3.856  130.13
764  48  THR  CA  -11.161  0.325  3.06  7.74
765  48  THR  C  -10.309  1.587  2.985  41.25
766  48  THR  O  -10.17  2.196  1.943  4.89
767  48  THR  CB  -12.457  0.612  3.811  56.59
768  48  THR  OG1  -12.759  -0.466  4.69  8.17
769  48  THR  CG2  -13.591  0.789  2.805  5.59
770  48  THR  H  -10.9  -1.241  4.375  7.98
771  48  THR  HA  -11.358  -0.006  2.17  3.98
772  48  THR  HB  -12.353  1.432  4.319  3.79
773  48  THR  HG1  -13.042  -0.141  5.411  175.28
774  48  THR  HG21  -14.343  1.221  3.239  59.78
775  48  THR  HG22  -13.862  -0.08  2.469  126.95
776  48  THR  HG23  -13.283  1.338  2.067  124.23
777  49  ALA  N  -9.716  1.963  4.083  124.64
778  49  ALA  CA  -8.851  3.169  4.073  176.2
779  49  ALA  C  -7.695  2.942  3.097  41.5
780  49  ALA  O  -7.422  3.758  2.242  39.04
781  49  ALA  CB  -8.33  3.307  5.505  27.18
782  49  ALA  H  -9.814  1.506  4.805  7.71
783  49  ALA  HA  -9.368  3.95  3.821  4.15
784  49  ALA  HB1  -9.039  3.638  6.079  8.18
785  49  ALA  HB2  -7.585  3.928  5.519  5.03
786  49  ALA  HB3  -8.034  2.441  5.825  1.42
787  50  ILE  N  -7.029  1.821  3.216  116.93
788  50  ILE  CA  -5.899  1.514  2.292  116.02
789  50  ILE  C  -6.388  1.576  0.839  58.75
790  50  ILE  O  -5.768  2.186  -0.007  171.86
791  50  ILE  CB  -5.427  0.092  2.692  4.12
792  50  ILE  CG1  -3.896  0.034  2.688  72.91
793  50  ILE  CG2  -5.964  -0.976  1.729  25.58
794  50  ILE  CD  -3.357  0.497  1.331  2.27
795  50  ILE  H  -7.251  1.255  3.824  8.02
796  50  ILE  HA  -5.177  2.148  2.426  3.95
797  50  ILE  HB  -5.748  -0.104  3.586  1.96
798  50  ILE  HG12  -3.552  0.609  3.389  1.58
799  50  ILE  HG13  -3.609  -0.878  2.852  1.02
800  50  ILE  HG21  -5.616  -1.845  1.983  3.57
801  50  ILE  HG22  -5.685  -0.772  0.823  117.49
802  50  ILE  HG23  -6.933  -0.997  1.771  54.68
803  50  ILE  HD11  -3.321  1.576  1.307  176.38
804  50  ILE  HD12  -4.006  0.14  0.545  176.58
805  50  ILE  HD13  -2.363  0.101  1.186  35.78
806  51  ALA  N  -7.503  0.953  0.561  124.25
807  51  ALA  CA  -8.055  0.958  -0.824  120.74
808  51  ALA  C  -8.346  2.384  -1.277  53.37
809  51  ALA  O  -7.783  2.852  -2.236  174.52
810  51  ALA  CB  -9.355  0.155  -0.745  39.45
811  51  ALA  H  -7.924  0.538  1.185  8.31
812  51  ALA  HA  -7.44  0.525  -1.437  3.96
813  51  ALA  HB1  -10.088  0.689  -1.09  3.13
814  51  ALA  HB2  -9.536  -0.081  0.178  56
815  51  ALA  HB3  -9.267  -0.653  -1.274  8.02
816  52  ASN  N  -9.226  3.074  -0.596  116.54
817  52  ASN  CA  -9.558  4.477  -1  4.98
818  52  ASN  C  -8.286  5.259  -1.33  2.95
819  52  ASN  O  -8.212  5.946  -2.341  2.79
820  52  ASN  CB  -10.253  5.084  0.219  1.7
821  52  ASN  CG  -11.431  5.941  -0.242  119.1
822  52  ASN  OD1  -11.256  7.073  -0.646  131.21
823  52  ASN  ND2  -12.634  5.44  -0.197  53.17
824  52  ASN  H  -9.619  2.72  0.082  8.04
825  52  ASN  HA  -10.159  4.478  -1.762  4.42
826  52  ASN  HB2  -10.576  4.375  0.797  2.78
827  52  ASN  HB3  -9.625  5.64  0.707  2.89
828  52  ASN  HD21  -12.754  4.637  0.087  7.55
829  52  ASN  HD22  -13.306  5.913  -0.451  6.9
830  53  LYS  N  -7.281  5.157  -0.492  121.94
831  53  LYS  CA  -6.019  5.899  -0.764  2.75
832  53  LYS  C  -5.54  5.594  -2.168  175.38
833  53  LYS  O  -5.466  6.468  -2.989  119.73
834  53  LYS  CB  -4.978  5.407  0.242  34.88
835  53  LYS  CG  -5.512  5.547  1.67  52.19
836  53  LYS  CD  -4.732  6.639  2.406  115.87
837  53  LYS  CE  -5.265  8.012  1.994  58.32
838  53  LYS  NZ  -5.25  8.82  3.245  173.79
839  53  LYS  H  -7.35  4.662  0.208  7.94
840  53  LYS  HA  -6.157  6.853  -0.655  3.89
841  53  LYS  HB2  -4.769  4.478  0.059  1.91
842  53  LYS  HB3  -4.173  5.939  0.144  1.62
843  53  LYS  HG2  -6.452  5.784  1.642  1.52
844  53  LYS  HG3  -5.404  4.705  2.139  1.42
845  53  LYS  HD2  -4.84  6.523  3.363  4.29
846  53  LYS  HD3  -3.791  6.577  2.177  2.16
847  53  LYS  HE2  -4.687  8.409  1.324  1.99
848  53  LYS  HE3  -6.172  7.936  1.659  7.54
849  53  LYS  HZ1  -5.884  8.526  3.796  3.87
850  53  LYS  HZ2  -5.4  9.674  3.046  17.93
851  53  LYS  HZ3  -4.456  8.741  3.639  72.25
852  54  LEU  N  -5.217  4.361  -2.452  117.31
853  54  LEU  CA  -4.732  4.044  -3.828  9.15
854  54  LEU  C  -5.895  3.784  -4.783  119.72
855  54  LEU  O  -5.699  3.572  -5.963  117.6
856  54  LEU  CB  -3.803  2.838  -3.677  59.41
857  54  LEU  CG  -4.575  1.517  -3.685  175.53
858  54  LEU  CD1  -3.64  0.398  -4.136  38.47
859  54  LEU  CD2  -5.067  1.215  -2.275  37.66
860  54  LEU  H  -5.283  3.746  -1.855  8.55
861  54  LEU  HA  -4.217  4.795  -4.162  3.86
862  54  LEU  HB2  -3.165  2.837  -4.408  7.42
863  54  LEU  HB3  -3.324  2.922  -2.838  4.83
864  54  LEU  HG  -5.329  1.573  -4.293  1.94
865  54  LEU  HD11  -4.133  -0.234  -4.683  0.18
866  54  LEU  HD12  -3.284  -0.057  -3.357  2.72
867  54  LEU  HD13  -2.91  0.775  -4.651  2.95
868  54  LEU  HD21  -5.889  1.703  -2.11  8.1
869  54  LEU  HD22  -4.393  1.489  -1.634  124.3
870  54  LEU  HD23  -5.231  0.263  -2.185  57.6
871  55  LYS  N  -7.104  3.838  -4.297  117.31
872  55  LYS  CA  -8.264  3.64  -5.203  178.08
873  55  LYS  C  -8.254  4.789  -6.2  47.43
874  55  LYS  O  -8.434  4.607  -7.389  28.38
875  55  LYS  CB  -9.508  3.702  -4.312  17.98
876  55  LYS  CG  -10.753  3.411  -5.153  118.81
877  55  LYS  CD  -11.277  4.711  -5.773  8.31
878  55  LYS  CE  -11.512  4.505  -7.272  4.68
879  55  LYS  NZ  -12.555  5.503  -7.644  1.86
880  55  LYS  H  -7.229  4.019  -3.466  7.44
881  55  LYS  HA  -8.207  2.785  -5.658  4.1
882  55  LYS  HB2  -9.435  3.04  -3.607  1.89
883  55  LYS  HB3  -9.583  4.586  -3.92  1.68
884  55  LYS  HG2  -10.526  2.784  -5.857  1.52
885  55  LYS  HG3  -11.44  3.025  -4.588  1.41
886  55  LYS  HD2  -12.112  4.957  -5.345  176.48
887  55  LYS  HD3  -10.627  5.419  -5.643  34.66
888  55  LYS  HE2  -10.693  4.669  -7.766  8.98
889  55  LYS  HE3  -11.837  3.607  -7.443  3.56
890  55  LYS  HZ1  -12.715  6.038  -6.951  1.57
891  55  LYS  HZ2  -13.303  5.078  -7.871  9.24
892  55  LYS  HZ3  -12.268  5.989  -8.332  5.07
893  56  GLN  N  -8.01  5.978  -5.714  121.17
894  56  GLN  CA  -7.953  7.157  -6.627  1.49
895  56  GLN  C  -6.622  7.173  -7.403  110.59
896  56  GLN  O  -6.473  7.897  -8.368  58.78
897  56  GLN  CB  -8.066  8.385  -5.715  116.91
898  56  GLN  CG  -6.834  8.482  -4.813  56.12
899  56  GLN  CD  -7.06  9.557  -3.748  174.19
900  56  GLN  OE1  -7.899  9.404  -2.883  37.25
901  56  GLN  NE2  -6.342  10.646  -3.775  110.4
902  56  GLN  H  -7.874  6.075  -4.87  8.12
903  56  GLN  HA  -8.701  7.139  -7.245  3.86
904  56  GLN  HB2  -8.131  9.185  -6.26  1.89
905  56  GLN  HB3  -8.861  8.305  -5.165  1.68
906  56  GLN  HG2  -6.684  7.626  -4.382  1.93
907  56  GLN  HG3  -6.059  8.717  -5.348  1.76
908  56  GLN  HE21  -5.748  10.755  -4.387  6.95
909  56  GLN  HE22  -6.462  11.255  -3.18  6.7
910  57  TYR  N  -5.655  6.379  -6.997  114.23
911  57  TYR  CA  -4.349  6.355  -7.728  124.79
912  57  TYR  C  -4.508  5.595  -9.049  5.75
913  57  TYR  O  -3.697  5.709  -9.946  7.43
914  57  TYR  CB  -3.366  5.612  -6.807  7.55
915  57  TYR  CG  -2.93  6.507  -5.667  5.49
916  57  TYR  CD1  -3.882  7.051  -4.802  1.35
917  57  TYR  CD2  -1.574  6.781  -5.464  1.99
918  57  TYR  CE1  -3.485  7.87  -3.741  1.07
919  57  TYR  CE2  -1.179  7.6  -4.401  1
920  57  TYR  CZ  -2.136  8.145  -3.54  38.63
921  57  TYR  OH  -1.746  8.958  -2.495  172.68
922  57  TYR  H  -5.773  5.864  -6.318  7.56
923  57  TYR  HA  -4.034  7.258  -7.893  4.89
924  57  TYR  HB2  -3.798  4.822  -6.447  2.57
925  57  TYR  HB3  -2.587  5.346  -7.319  3.38
926  57  TYR  HD1  -4.784  6.866  -4.931  7
927  57  TYR  HD2  -0.935  6.414  -6.031  7
928  57  TYR  HE1  -4.121  8.215  -3.157  6.59
929  57  TYR  HE2  -0.276  7.769  -4.255  6.59
930  57  TYR  HH  -1.632  8.473  -1.819  120.13
931  58  GLY  N  -5.551  4.815  -9.167  111.14
932  58  GLY  CA  -5.773  4.033  -10.417  174.42
933  58  GLY  C  -5.632  2.54  -10.107  3.45
934  58  GLY  O  -5.378  1.736  -10.983  31.82
935  58  GLY  H  -6.11  4.747  -8.517  7.84
936  58  GLY  HA2  -6.663  4.214  -10.758  3.9
937  58  GLY  HA3  -5.112  4.287  -11.079  3.95
938  59  ILE  N  -5.791  2.165  -8.864  120.78
939  59  ILE  CA  -5.661  0.727  -8.483  3.51
940  59  ILE  C  -6.926  0.264  -7.757  55.38
941  59  ILE  O  -8.026  0.629  -8.124  174.68
942  59  ILE  CB  -4.442  0.659  -7.559  54.01
943  59  ILE  CG1  -3.391  1.679  -8  34.88
944  59  ILE  CG2  -3.832  -0.748  -7.621  122.31
945  59  ILE  CD  -2.277  1.706  -6.968  57.89
946  59  ILE  H  -5.965  2.751  -8.259  8.28
947  59  ILE  HA  -5.504  0.176  -9.266  3.88
948  59  ILE  HB  -4.718  0.85  -6.649  1.48
949  59  ILE  HG12  -3.031  1.423  -8.864  1.52
950  59  ILE  HG13  -3.792  2.56  -8.061  1.44
951  59  ILE  HG21  -2.884  -0.682  -7.815  8.39
952  59  ILE  HG22  -4.27  -1.262  -8.317  5.23
953  59  ILE  HG23  -3.956  -1.191  -6.767  3.98
954  59  ILE  HD11  -2.185  0.729  -6.519  8.7
955  59  ILE  HD12  -2.517  2.433  -6.209  23.81
956  59  ILE  HD13  -1.351  1.973  -7.448  125.06
957  60  GLY  N  -6.78  -0.535  -6.734  113.46
958  60  GLY  CA  -7.974  -1.024  -5.988  54.98
959  60  GLY  C  -8.844  -1.875  -6.915  173.98
960  60  GLY  O  -8.782  -3.088  -6.901  112.7
961  60  GLY  H  -5.992  -0.779  -6.492  8.22
962  60  GLY  HA2  -7.685  -1.557  -5.231  3.68
963  60  GLY  HA3  -8.489  -0.267  -5.669  3.79
964  61  LYS  N  -9.654  -1.246  -7.721  8.11
965  61  LYS  CA  -10.53  -2.016  -8.653  3.92
966  61  LYS  C  -10.168  -1.696  -10.107  3.96
967  61  LYS  O  -9.442  -0.74  -10.318  120.59
968  61  LYS  CB  -11.954  -1.55  -8.336  63.14
969  61  LYS  CG  -12.85  -2.766  -8.072  175.09
970  61  LYS  CD  -13.291  -2.774  -6.605  173.98
971  61  LYS  CE  -14.11  -1.515  -6.309  31.87
972  61  LYS  NZ  -15.165  -1.959  -5.358  45.88
973  61  LYS  OXT  -10.625  -2.414  -10.981  4.08
974  61  LYS  H  -9.681  -0.386  -7.717  7.65
975  61  LYS  HA  -10.447  -2.968  -8.486  4.18
976  61  LYS  HB2  -11.94  -0.981  -7.55  1.83
977  61  LYS  HB3  -12.306  -1.05  -9.089  1.73
978  61  LYS  HG2  -13.632  -2.72  -8.644  1.7
979  61  LYS  HG3  -12.357  -3.58  -8.263  1.4
980  61  LYS  HD2  -13.834  -3.56  -6.435  1.48
981  61  LYS  HD3  -12.509  -2.789  -6.032  2.78
982  61  LYS  HE2  -13.548  -0.837  -5.902  3
983  61  LYS  HE3  -14.515  -1.176  -7.122  31.64
984  61  LYS  HZ1  -15.725  -2.514  -5.771  69.88
985  61  LYS  HZ2  -15.613  -1.25  -5.061  7.14
986  61  LYS  HZ3  -14.787  -2.38  -4.671  3.61
