1  1  LEU  N  1.43  13.362  0.889  121.95
2  1  LEU  CA  0.915  12.236  0.067  51.16
3  1  LEU  C  -0.428  11.74  0.591  174
4  1  LEU  O  -0.573  11.445  1.777  0
5  1  LEU  CB  1.944  11.103  0.095  20.16
6  1  LEU  CG  2.128  10.362  -1.231  8.35
7  1  LEU  CD1  3.023  11.159  -2.167  123.11
8  1  LEU  CD2  2.704  8.976  -0.989  16.87
9  1  LEU  H  2.211  13.615  0.545  4.26
10  1  LEU  H2  1.527  13.066  1.723  124.57
11  1  LEU  H3  0.834  14.022  0.849  55.81
12  1  LEU  HA  0.805  12.545  -0.846  4.17
13  1  LEU  HB2  2.8  11.477  0.357  1.47
14  1  LEU  HB3  1.67  10.459  0.767  1.47
15  1  LEU  HG  1.263  10.26  -1.658  1.41
16  1  LEU  HD11  3.549  10.549  -2.708  4.33
17  1  LEU  HD12  3.616  11.723  -1.646  33.46
18  1  LEU  HD13  2.475  11.713  -2.745  52.33
19  1  LEU  HD21  2.402  8.374  -1.687  176.55
20  1  LEU  HD22  2.405  8.647  -0.127  116.97
21  1  LEU  HD23  3.673  9.023  -0.998  57.81
22  2  GLU  N  -1.408  11.649  -0.302  7.68
23  2  GLU  CA  -2.741  11.188  0.069  4.38
24  2  GLU  C  -3.125  9.941  -0.721  2.25
25  2  GLU  O  -3.709  10.034  -1.8  1.59
26  2  GLU  CB  -3.771  12.293  -0.169  55.84
27  2  GLU  CG  -3.451  13.59  0.556  175.05
28  2  GLU  CD  -4.611  14.565  0.548  8.36
29  2  GLU  OE1  -5.759  14.12  0.336  29.61
30  2  GLU  OE2  -4.372  15.774  0.753  33.96
31  2  GLU  H  -1.254  11.868  -1.119  8.6
32  2  GLU  HA  -2.728  10.968  1.014  5.14
33  2  GLU  HB2  -3.816  12.48  -1.12  1.77
34  2  GLU  HB3  -4.64  11.983  0.132  1.77
35  2  GLU  HG2  -3.227  13.384  1.477  2.11
36  2  GLU  HG3  -2.69  14.008  0.123  1.96
37  3  CYS  N  -2.794  8.775  -0.176  174.3
38  3  CYS  CA  -3.104  7.51  -0.83  59.67
39  3  CYS  C  -4.421  6.938  -0.316  40.36
40  3  CYS  O  -5.131  7.584  0.455  52.27
41  3  CYS  CB  -1.977  6.5  -0.603  177.14
42  3  CYS  SG  -0.317  7.133  -1.001  7.85
43  3  CYS  H  -2.386  8.766  0.581  8.55
44  3  CYS  HA  -3.187  7.681  -1.781  5.02
45  3  CYS  HB2  -1.975  6.234  0.33  2.93
46  3  CYS  HB3  -2.137  5.72  -1.158  2.32
47  4  HSE  N  -4.74  5.723  -0.749  120.68
48  4  HSE  CA  -5.966  5.06  -0.337  8.42
49  4  HSE  C  -5.77  4.334  0.99  117.53
50  4  HSE  O  -4.717  3.747  1.237  43.66
51  4  HSE  CB  -6.405  4.072  -1.414  169.6
52  4  HSE  CG  -6.988  4.728  -2.627  8.4
53  4  HSE  ND1  -8.282  5.2  -2.68  8.67
54  4  HSE  CD2  -6.443  4.993  -3.839  3.37
55  4  HSE  CE1  -8.51  5.725  -3.871  2.06
56  4  HSE  NE2  -7.409  5.613  -4.592  130.43
57  4  HSE  H  -4.135  5.259  -1.363  9.59
58  4  HSE  HA  -6.729  5.813  -0.217  5.25
59  4  HSE  HB2  -5.548  3.492  -1.732  3.63
60  4  HSE  HB3  -7.149  3.41  -1.001  2.77
61  4  HSE  HD1  -8.937  5.156  -1.952  2.97
62  4  HSE  HD2  -5.436  4.759  -4.154  6.7
63  4  HSE  HE1  -9.437  6.172  -4.198  8.37
64  4  HSE  HE2  -7.333  5.836  -5.543  7.3
65  5  ASN  N  -6.79  4.379  1.841  5.4
66  5  ASN  CA  -6.725  3.724  3.143  1.7
67  5  ASN  C  -7.617  2.487  3.177  1.02
68  5  ASN  O  -7.291  1.492  3.823  178.25
69  5  ASN  CB  -7.138  4.695  4.25  3.31
70  5  ASN  CG  -8.415  5.428  3.933  112.35
71  5  ASN  OD1  -9.025  5.224  2.883  63.06
72  5  ASN  ND2  -8.825  6.292  4.847  175.56
73  5  ASN  H  -7.505  4.803  1.621  8.33
74  5  ASN  HA  -5.807  3.449  3.292  4.83
75  5  ASN  HB2  -7.272  4.205  5.076  2.27
76  5  ASN  HB3  -6.437  5.353  4.376  3.06
77  5  ASN  HD21  -8.35  6.385  5.558  6.92
78  5  ASN  HD22  -9.553  6.725  4.695  7.58
79  6  GLN  N  -8.744  2.557  2.475  43.36
80  6  GLN  CA  -9.681  1.443  2.425  2.02
81  6  GLN  C  -9.092  0.272  1.646  2.02
82  6  GLN  O  -8.252  0.459  0.766  3.62
83  6  GLN  CB  -10.999  1.885  1.786  3.82
84  6  GLN  CG  -12.198  1.068  2.239  118.56
85  6  GLN  CD  -12.728  1.512  3.589  54.25
86  6  GLN  OE1  -12.253  1.064  4.633  8.64
87  6  GLN  NE2  -13.719  2.396  3.575  6.08
88  6  GLN  H  -8.923  3.277  2.041  9.07
89  6  GLN  HA  -9.853  1.157  3.336  4.57
90  6  GLN  HB2  -11.161  2.814  2.012  1.95
91  6  GLN  HB3  -10.921  1.8  0.823  2.6
92  6  GLN  HG2  -12.906  1.163  1.583  2.07
93  6  GLN  HG3  -11.936  0.136  2.298  2.51
94  6  GLN  HE21  -14.007  2.67  2.812  4.54
95  6  GLN  HE22  -14.036  2.662  4.329  114.98
96  7  GLN  N  -9.538  -0.936  1.976  55.26
97  7  GLN  CA  -9.055  -2.138  1.307  171.7
98  7  GLN  C  -10.201  -3.109  1.038  8.57
99  7  GLN  O  -11.261  -3.02  1.655  42.26
100  7  GLN  CB  -7.981  -2.822  2.154  4.21
101  7  GLN  CG  -8.346  -2.932  3.626  3.29
102  7  GLN  CD  -8.132  -4.327  4.18  112.94
103  7  GLN  OE1  -8.839  -5.267  3.816  2.85
104  7  GLN  NE2  -7.151  -4.469  5.064  3.18
105  7  GLN  H  -10.127  -1.011  2.598  8.44
106  7  GLN  HA  -8.666  -1.872  0.459  4.7
107  7  GLN  HB2  -7.835  -3.717  1.81  2
108  7  GLN  HB3  -7.157  -2.315  2.082  2.27
109  7  GLN  HG2  -7.796  -2.312  4.131  2.58
110  7  GLN  HG3  -9.281  -2.696  3.734  2.58
111  7  GLN  HE21  -6.692  -3.773  5.276  8.6
112  7  GLN  HE22  -7.01  -5.251  5.392  121.22
113  8  SER  N  -9.979  -4.035  0.11  59.62
114  8  SER  CA  -10.993  -5.023  -0.242  8.47
115  8  SER  C  -12.272  -4.343  -0.723  105.83
116  8  SER  O  -13.372  -4.859  -0.528  43.36
117  8  SER  CB  -11.297  -5.922  0.958  171.5
118  8  SER  OG  -12.225  -5.309  1.835  4.67
119  8  SER  H  -9.219  -4.053  -0.293  8.97
120  8  SER  HA  -10.639  -5.568  -0.962  4.17
121  8  SER  HB2  -11.672  -6.76  0.645  3.79
122  8  SER  HB3  -10.476  -6.098  1.444  3.79
123  8  SER  HG  -11.927  -5.332  2.62  58.36
124  9  SER  N  -12.118  -3.183  -1.354  172.8
125  9  SER  CA  -13.259  -2.433  -1.864  7.67
126  9  SER  C  -12.981  -1.912  -3.271  65.76
127  9  SER  O  -11.827  -1.81  -3.687  60.38
128  9  SER  CB  -13.587  -1.265  -0.931  8.5
129  9  SER  OG  -14.84  -0.689  -1.257  4.82
130  9  SER  H  -11.325  -2.868  -1.464  8.46
131  9  SER  HA  -14.02  -3.034  -1.897  4.01
132  9  SER  HB2  -13.619  -1.584  -0.016  4.67
133  9  SER  HB3  -12.9  -0.586  -1.013  4.67
134  9  SER  HG  -14.747  0.138  -1.369  54.76
135  10  GLN  N  -14.045  -1.587  -3.998  176.4
136  10  GLN  CA  -13.913  -1.078  -5.357  119.69
137  10  GLN  C  -13.623  0.42  -5.356  42.16
138  10  GLN  O  -12.664  0.877  -5.976  180.34
139  10  GLN  CB  -15.188  -1.362  -6.156  2.52
140  10  GLN  CG  -15.157  -2.691  -6.893  118.1
141  10  GLN  CD  -15.3  -2.53  -8.395  10.87
142  10  GLN  OE1  -14.339  -2.203  -9.09  5.68
143  10  GLN  NE2  -16.505  -2.76  -8.903  3.32
144  10  GLN  H  -14.83  -1.677  -3.658  7.94
145  10  GLN  HA  -13.169  -1.539  -5.776  4.28
146  10  GLN  HB2  -15.943  -1.369  -5.547  2.07
147  10  GLN  HB3  -15.312  -0.654  -6.807  2.29
148  10  GLN  HG2  -14.312  -3.131  -6.709  2.55
149  10  GLN  HG3  -15.886  -3.243  -6.57  2.46
150  10  GLN  HE21  -17.136  -2.985  -8.364  7.74
151  10  GLN  HE22  -16.61  -2.675  -9.752  6.58
152  11  THR  N  -14.462  1.179  -4.656  53.41
153  11  THR  CA  -14.305  2.615  -4.573  176.46
154  11  THR  C  -13.769  3.034  -3.205  9.97
155  11  THR  O  -14.525  3.499  -2.351  4.84
156  11  THR  CB  -15.636  3.313  -4.852  4.88
157  11  THR  OG1  -15.564  4.687  -4.512  8.5
158  11  THR  CG2  -16.798  2.712  -4.091  118.54
159  11  THR  H  -15.121  0.81  -4.244  8.24
160  11  THR  HA  -13.665  2.872  -5.255  4.29
161  11  THR  HB  -15.834  3.245  -5.799  4
162  11  THR  HG1  -15.523  4.767  -3.677  46.76
163  11  THR  HG21  -17.56  3.31  -4.139  176.2
164  11  THR  HG22  -16.546  2.583  -3.163  63.05
165  11  THR  HG23  -17.033  1.857  -4.484  7.83
166  12  PRO  N  -12.454  2.876  -2.979  4.38
167  12  PRO  CA  -11.823  3.242  -1.706  3.75
168  12  PRO  C  -11.776  4.752  -1.495  130.58
169  12  PRO  O  -12.194  5.523  -2.359  60.86
170  12  PRO  CB  -10.407  2.678  -1.837  179.1
171  12  PRO  CG  -10.153  2.631  -3.303  3.92
172  12  PRO  CD  -11.48  2.33  -3.942  30.86
173  12  PRO  HA  -12.272  2.826  -0.953  3.9
174  12  PRO  HB2  -9.78  3.264  -1.384  1.89
175  12  PRO  HB3  -10.372  1.792  -1.443  1.89
176  12  PRO  HG2  -9.821  3.49  -3.606  1.77
177  12  PRO  HG3  -9.514  1.93  -3.506  2.06
178  12  PRO  HD2  -11.552  2.778  -4.799  3.62
179  12  PRO  HD3  -11.597  1.373  -4.045  3.98
180  13  THR  N  -11.263  5.168  -0.341  1.64
181  13  THR  CA  -11.16  6.586  -0.016  3.91
182  13  THR  C  -9.7  7.001  0.141  3.93
183  13  THR  O  -8.836  6.173  0.425  3.01
184  13  THR  CB  -11.931  6.893  1.269  2.89
185  13  THR  OG1  -11.954  5.763  2.122  115.72
186  13  THR  CG2  -13.365  7.31  1.021  61.32
187  13  THR  H  -10.985  4.586  0.227  7.97
188  13  THR  HA  -11.552  7.089  -0.747  4.78
189  13  THR  HB  -11.488  7.619  1.736  4.52
190  13  THR  HG1  -12.418  5.157  1.772  120.48
191  13  THR  HG21  -13.837  6.593  0.568  67.16
192  13  THR  HG22  -13.378  8.106  0.467  177.1
193  13  THR  HG23  -13.797  7.499  1.869  64.79
194  14  THR  N  -9.433  8.29  -0.045  67.66
195  14  THR  CA  -8.077  8.816  0.075  4.31
196  14  THR  C  -7.884  9.525  1.412  42.18
197  14  THR  O  -8.835  10.048  1.991  10.73
198  14  THR  CB  -7.777  9.779  -1.075  3.68
199  14  THR  OG1  -8.587  10.938  -0.981  4.26
200  14  THR  CG2  -8.006  9.169  -2.441  7.78
201  14  THR  H  -10.075  8.827  -0.242  8.69
202  14  THR  HA  -7.463  8.066  0.026  4.98
203  14  THR  HB  -6.847  10.051  -1.022  3.75
204  14  THR  HG1  -9.397  10.72  -1.028  118.68
205  14  THR  HG21  -7.795  9.823  -3.126  58.66
206  14  THR  HG22  -8.935  8.901  -2.525  176.2
207  14  THR  HG23  -7.434  8.393  -2.548  64.31
208  15  THR  N  -6.645  9.538  1.894  29.06
209  15  THR  CA  -6.323  10.183  3.162  56.13
210  15  THR  C  -4.832  10.492  3.253  32.66
211  15  THR  O  -3.993  9.644  2.947  117.45
212  15  THR  CB  -6.745  9.294  4.332  8.16
213  15  THR  OG1  -6.364  9.874  5.567  4.31
214  15  THR  CG2  -6.146  7.905  4.275  1.38
215  15  THR  H  -6.018  9.156  1.446  8.64
216  15  THR  HA  -6.818  11.016  3.205  4.65
217  15  THR  HB  -7.71  9.201  4.324  3.85
218  15  THR  HG1  -6.796  10.585  5.687  1.35
219  15  THR  HG21  -6.676  7.349  3.682  2.93
220  15  THR  HG22  -6.143  7.518  5.164  9.04
221  15  THR  HG23  -5.237  7.958  3.942  117.44
222  16  GLY  N  -4.509  11.712  3.671  30.98
223  16  GLY  CA  -3.128  12.113  3.789  27.29
224  16  GLY  C  -2.476  11.599  5.057  28.2
225  16  GLY  O  -3.077  11.636  6.131  19.08
226  16  GLY  H  -5.132  12.272  3.867  8.3
227  16  GLY  HA2  -2.645  11.77  3.021  4.45
228  16  GLY  HA3  -3.081  13.082  3.783  3.7
229  17  CYS  N  -1.242  11.121  4.933  59.66
230  17  CYS  CA  -0.506  10.599  6.079  180
231  17  CYS  C  0.307  11.701  6.752  21.87
232  17  CYS  O  0.407  12.815  6.236  31.76
233  17  CYS  CB  0.42  9.463  5.642  121.75
234  17  CYS  SG  -0.455  7.984  5.034  1.82
235  17  CYS  H  -0.868  11.12  4.159  8.47
236  17  CYS  HA  -1.151  10.253  6.716  5.04
237  17  CYS  HB2  0.993  9.779  4.926  3.57
238  17  CYS  HB3  0.967  9.192  6.396  2.8
239  18  SER  N  0.884  11.384  7.907  1.99
240  18  SER  CA  1.687  12.347  8.65  8.67
241  18  SER  C  2.933  11.685  9.232  104.35
242  18  SER  O  3.189  10.505  8.993  45.42
243  18  SER  CB  0.856  12.977  9.771  169.98
244  18  SER  OG  0.58  14.339  9.499  115.76
245  18  SER  H  0.781  10.591  8.223  9.11
246  18  SER  HA  1.963  13.043  8.034  4.52
247  18  SER  HB2  0.016  12.499  9.855  3.95
248  18  SER  HB3  1.344  12.919  10.607  4
249  18  SER  HG  0.483  14.756  10.222  3.93
250  19  GLY  N  3.704  12.452  9.996  119.63
251  19  GLY  CA  4.912  11.922  10.6  66.36
252  19  GLY  C  6.117  12.045  9.689  178.4
253  19  GLY  O  6.902  12.987  9.81  3.14
254  19  GLY  H  3.48  13.271  10.133  8.93
255  19  GLY  HA2  5.09  12.406  11.422  4.07
256  19  GLY  HA3  4.772  10.986  10.811  3.81
257  20  GLY  N  6.267  11.091  8.777  7.61
258  20  GLY  CA  7.379  11.109  7.86  3.49
259  20  GLY  C  7.364  9.933  6.905  2
260  20  GLY  O  8.412  9.377  6.578  43.1
261  20  GLY  H  5.692  10.453  8.732  8.57
262  20  GLY  HA2  7.34  11.931  7.346  4.06
263  20  GLY  HA3  8.202  11.087  8.374  3.79
264  21  GLU  N  6.171  9.551  6.457  8.91
265  21  GLU  CA  6.025  8.432  5.534  7.06
266  21  GLU  C  5.507  8.907  4.181  122.43
267  21  GLU  O  4.328  9.233  4.035  55.46
268  21  GLU  CB  5.074  7.384  6.116  179
269  21  GLU  CG  5.433  5.957  5.731  40.97
270  21  GLU  CD  5.426  5.013  6.917  18.26
271  21  GLU  OE1  4.347  4.816  7.514  8.37
272  21  GLU  OE2  6.501  4.471  7.249  3.88
273  21  GLU  H  5.47  9.975  6.718  8.11
274  21  GLU  HA  6.899  8.03  5.41  4.21
275  21  GLU  HB2  5.091  7.45  7.084  2.03
276  21  GLU  HB3  4.175  7.567  5.801  2.18
277  21  GLU  HG2  4.789  5.639  5.079  2.51
278  21  GLU  HG3  6.319  5.954  5.336  2.43
279  22  ASN  N  6.394  8.946  3.192  37.82
280  22  ASN  CA  6.025  9.382  1.851  31.46
281  22  ASN  C  5.919  8.194  0.899  1.91
282  22  ASN  O  6.125  8.332  -0.307  9.23
283  22  ASN  CB  7.051  10.385  1.319  125.41
284  22  ASN  CG  7.032  11.692  2.085  126.12
285  22  ASN  OD1  5.983  12.315  2.247  8.63
286  22  ASN  ND2  8.197  12.118  2.561  3.87
287  22  ASN  H  7.205  8.707  3.348  8.27
288  22  ASN  HA  5.16  9.817  1.906  4.43
289  22  ASN  HB2  7.939  10  1.391  1.2
290  22  ASN  HB3  6.859  10.572  0.387  1.2
291  22  ASN  HD21  8.895  11.637  2.414  2.47
292  22  ASN  HD22  8.211  12.857  3  9.25
293  23  ASN  N  5.597  7.028  1.449  7.25
294  23  ASN  CA  5.464  5.816  0.648  2.12
295  23  ASN  C  4.244  5.009  1.08  2.12
296  23  ASN  O  4.039  4.766  2.269  121.72
297  23  ASN  CB  6.725  4.959  0.773  117.93
298  23  ASN  CG  7.931  5.609  0.124  116.53
299  23  ASN  OD1  7.982  5.774  -1.095  60.86
300  23  ASN  ND2  8.912  5.98  0.938  176.4
301  23  ASN  H  5.464  6.984  2.298  8.55
302  23  ASN  HA  5.353  6.081  -0.278  5.61
303  23  ASN  HB2  6.922  4.819  1.713  2.65
304  23  ASN  HB3  6.57  4.103  0.345  2.32
305  23  ASN  HD21  8.815  5.837  1.78  7.08
306  23  ASN  HD22  9.607  6.352  0.594  6.69
307  24  CYS  N  3.438  4.596  0.108  66.25
308  24  CYS  CA  2.239  3.815  0.39  180.07
309  24  CYS  C  2.338  2.425  -0.229  124.03
310  24  CYS  O  2.432  2.28  -1.448  66.16
311  24  CYS  CB  0.999  4.537  -0.135  176.6
312  24  CYS  SG  0.873  6.274  0.401  4.84
313  24  CYS  H  3.628  4.793  -0.707  9.11
314  24  CYS  HA  2.165  3.722  1.353  5.67
315  24  CYS  HB2  1.014  4.528  -1.105  2.78
316  24  CYS  HB3  0.208  4.072  0.18  3.27
317  25  TYR  N  2.33  1.407  0.624  7.56
318  25  TYR  CA  2.432  0.034  0.183  3.61
319  25  TYR  C  1.094  -0.5  -0.323  2.15
320  25  TYR  O  0.072  0.181  -0.26  175.73
321  25  TYR  CB  2.944  -0.84  1.33  50.52
322  25  TYR  CG  1.941  -1.031  2.447  40.06
323  25  TYR  CD1  1.783  -0.068  3.436  117.73
324  25  TYR  CD2  1.151  -2.175  2.511  57.26
325  25  TYR  CE1  0.867  -0.239  4.457  177.5
326  25  TYR  CE2  0.234  -2.35  3.529  9.74
327  25  TYR  CZ  0.096  -1.38  4.499  30.16
328  25  TYR  OH  -0.818  -1.553  5.514  2.91
329  25  TYR  H  2.274  1.564  1.468  8.85
330  25  TYR  HA  3.077  0.01  -0.541  6.2
331  25  TYR  HB2  3.171  -1.716  0.98  2.83
332  25  TYR  HB3  3.737  -0.429  1.708  3.88
333  25  TYR  HD1  2.304  0.702  3.405  6.73
334  25  TYR  HD2  1.248  -2.829  1.857  1.95
335  25  TYR  HE1  0.774  0.416  5.111  6.54
336  25  TYR  HE2  -0.286  -3.121  3.557  21.63
337  25  TYR  HH  -1.292  -0.863  5.585  8.43
338  26  LYS  N  1.119  -1.734  -0.817  9.2
339  26  LYS  CA  -0.076  -2.392  -1.332  2.7
340  26  LYS  C  0.133  -3.902  -1.364  8.51
341  26  LYS  O  0.536  -4.462  -2.382  102.03
342  26  LYS  CB  -0.41  -1.878  -2.734  4.48
343  26  LYS  CG  -1.9  -1.862  -3.035  123.62
344  26  LYS  CD  -2.198  -2.425  -4.416  50.22
345  26  LYS  CE  -3.289  -1.632  -5.118  116.53
346  26  LYS  NZ  -4.136  -2.5  -5.983  58.76
347  26  LYS  H  1.865  -2.162  -0.828  8.85
348  26  LYS  HA  -0.812  -2.188  -0.734  5.12
349  26  LYS  HB2  -0.073  -0.973  -2.824  1.89
350  26  LYS  HB3  0.027  -2.446  -3.388  1.57
351  26  LYS  HG2  -2.362  -2.398  -2.371  1.2
352  26  LYS  HG3  -2.22  -0.947  -2.992  1.2
353  26  LYS  HD2  -1.39  -2.389  -4.952  1.3
354  26  LYS  HD3  -2.486  -3.347  -4.324  1.3
355  26  LYS  HE2  -3.85  -1.213  -4.447  2.72
356  26  LYS  HE3  -2.875  -0.947  -5.666  2.72
357  26  LYS  HZ1  -4.346  -3.249  -5.551  1.85
358  26  LYS  HZ2  -3.697  -2.711  -6.728  39.8
359  26  LYS  HZ3  -4.886  -2.075  -6.202  49.72
360  27  LYS  N  -0.125  -4.552  -0.234  4.31
361  27  LYS  CA  0.054  -5.989  -0.119  2.26
362  27  LYS  C  -1.174  -6.75  -0.611  119.07
363  27  LYS  O  -2.307  -6.4  -0.283  8.05
364  27  LYS  CB  0.348  -6.349  1.335  4.29
365  27  LYS  CG  -0.783  -6.011  2.292  3.05
366  27  LYS  CD  -0.261  -5.728  3.69  2.53
367  27  LYS  CE  0.197  -7.001  4.382  114.53
368  27  LYS  NZ  -0.952  -7.794  4.901  56.46
369  27  LYS  H  -0.393  -4.112  0.455  9.89
370  27  LYS  HA  0.816  -6.239  -0.665  5.67
371  27  LYS  HB2  0.518  -7.302  1.389  2.02
372  27  LYS  HB3  1.141  -5.869  1.621  1.87
373  27  LYS  HG2  -1.25  -5.226  1.964  1.39
374  27  LYS  HG3  -1.397  -6.761  2.331  1.39
375  27  LYS  HD2  0.49  -5.118  3.627  1.48
376  27  LYS  HD3  -0.968  -5.319  4.214  1.48
377  27  LYS  HE2  0.69  -7.542  3.746  2.42
378  27  LYS  HE3  0.777  -6.762  5.122  2.36
379  27  LYS  HZ1  -1.076  -8.517  4.397  3.97
380  27  LYS  HZ2  -1.695  -7.304  4.886  1.12
381  27  LYS  HZ3  -0.793  -8.05  5.738  8.97
382  28  GLU  N  -0.934  -7.795  -1.397  1.65
383  28  GLU  CA  -2.009  -8.616  -1.938  133.36
384  28  GLU  C  -1.835  -10.073  -1.519  57.16
385  28  GLU  O  -0.763  -10.652  -1.691  174.82
386  28  GLU  CB  -2.043  -8.516  -3.467  44.78
387  28  GLU  CG  -0.711  -8.126  -4.091  33.58
388  28  GLU  CD  -0.815  -7.896  -5.586  117.05
389  28  GLU  OE1  -1.386  -8.761  -6.282  122.22
390  28  GLU  OE2  -0.326  -6.848  -6.06  9.3
391  28  GLU  H  -0.121  -7.994  -1.594  9.38
392  28  GLU  HA  -2.847  -8.284  -1.58  5.89
393  28  GLU  HB2  -2.303  -9.379  -3.827  1.88
394  28  GLU  HB3  -2.703  -7.852  -3.722  1.66
395  28  GLU  HG2  -0.396  -7.31  -3.672  2.96
396  28  GLU  HG3  -0.072  -8.838  -3.931  2.86
397  29  TRP  N  -2.896  -10.664  -0.978  8.78
398  29  TRP  CA  -2.854  -12.057  -0.544  8.57
399  29  TRP  C  -3.964  -12.866  -1.209  123.69
400  29  TRP  O  -5.099  -12.406  -1.324  52.69
401  29  TRP  CB  -2.97  -12.158  0.981  3.45
402  29  TRP  CG  -4.302  -11.748  1.522  8.15
403  29  TRP  CD1  -5.232  -12.573  2.062  5.21
404  29  TRP  CD2  -4.845  -10.424  1.592  3.21
405  29  TRP  NE1  -6.332  -11.855  2.459  2.81
406  29  TRP  CE2  -6.119  -10.53  2.181  3.03
407  29  TRP  CE3  -4.384  -9.161  1.212  3.03
408  29  TRP  CZ2  -6.935  -9.423  2.402  52.74
409  29  TRP  CZ3  -5.192  -8.062  1.431  176.35
410  29  TRP  CH2  -6.455  -8.199  2.021  9.13
411  29  TRP  H  -3.626  -10.218  -0.888  8.85
412  29  TRP  HA  -1.999  -12.424  -0.817  5.21
413  29  TRP  HB2  -2.818  -13.079  1.245  3.54
414  29  TRP  HB3  -2.297  -11.595  1.394  3.39
415  29  TRP  HD1  -5.12  -13.493  2.14  7.02
416  29  TRP  HE1  -7.039  -12.184  2.823  10.33
417  29  TRP  HE3  -3.548  -9.053  0.819  7.29
418  29  TRP  HZ2  -7.775  -9.5  2.793  7.37
419  29  TRP  HZ3  -4.899  -7.214  1.185  6.83
420  29  TRP  HH2  -6.969  -7.435  2.152  7.16
421  30  ARG  N  -3.623  -14.073  -1.65  3.41
422  30  ARG  CA  -4.584  -14.946  -2.309  2.87
423  30  ARG  C  -5.025  -16.075  -1.382  117.63
424  30  ARG  O  -4.357  -16.379  -0.395  55.76
425  30  ARG  CB  -3.98  -15.532  -3.588  177.5
426  30  ARG  CG  -2.491  -15.826  -3.492  50.85
427  30  ARG  CD  -2.094  -16.99  -4.385  39.96
428  30  ARG  NE  -0.668  -16.977  -4.702  1.49
429  30  ARG  CZ  0.006  -18.039  -5.139  1.95
430  30  ARG  NH1  -0.612  -19.201  -5.313  7.78
431  30  ARG  NH2  1.3  -17.939  -5.404  8.55
432  30  ARG  H  -2.813  -14.345  -1.549  8.72
433  30  ARG  HA  -5.359  -14.412  -2.542  4.36
434  30  ARG  HB2  -4.438  -16.362  -3.792  1.61
435  30  ARG  HB3  -4.12  -14.905  -4.315  1.38
436  30  ARG  HG2  -1.996  -15.038  -3.765  1.24
437  30  ARG  HG3  -2.273  -16.046  -2.573  1.11
438  30  ARG  HD2  -2.307  -17.82  -3.93  2.85
439  30  ARG  HD3  -2.601  -16.937  -5.21  2.85
440  30  ARG  HE  -0.246  -16.235  -4.598  6.94
441  30  ARG  HH11  -1.452  -19.272  -5.143  127.51
442  30  ARG  HH12  -0.171  -19.884  -5.595  57.85
443  30  ARG  HH21  1.706  -17.189  -5.293  56.52
444  30  ARG  HH22  1.736  -18.625  -5.685  8.04
445  31  ASP  N  -6.152  -16.694  -1.714  4.34
446  31  ASP  CA  -6.686  -17.794  -0.919  2.15
447  31  ASP  C  -6.785  -19.064  -1.757  7.37
448  31  ASP  O  -6.447  -20.154  -1.296  4.67
449  31  ASP  CB  -8.062  -17.429  -0.36  2.79
450  31  ASP  CG  -9.064  -17.113  -1.454  118.33
451  31  ASP  OD1  -9.133  -15.939  -1.874  66.16
452  31  ASP  OD2  -9.78  -18.039  -1.888  173.6
453  31  ASP  H  -6.577  -16.441  -2.417  8.29
454  31  ASP  HA  -6.077  -17.952  -0.181  4.82
455  31  ASP  HB2  -8.403  -18.174  0.159  2.62
456  31  ASP  HB3  -7.976  -16.65  0.212  2.85
457  32  ASN  N  -7.247  -18.911  -2.994  8.16
458  32  ASN  CA  -7.39  -20.039  -3.906  3.95
459  32  ASN  C  -7.83  -19.562  -5.286  4.27
460  32  ASN  O  -7.028  -19.507  -6.219  8.07
461  32  ASN  CB  -8.395  -21.052  -3.35  4.53
462  32  ASN  CG  -7.83  -22.459  -3.301  8.26
463  32  ASN  OD1  -7.273  -22.95  -4.283  1.78
464  32  ASN  ND2  -7.97  -23.114  -2.155  121.33
465  32  ASN  H  -7.466  -18.125  -3.264  54.06
466  32  ASN  HA  -6.523  -20.467  -3.986  174.4
467  32  ASN  HB2  -8.643  -20.792  -2.449  172.53
468  32  ASN  HB3  -9.187  -21.059  -3.911  37.86
469  32  ASN  HD21  -8.369  -22.715  -1.505  133.12
470  32  ASN  HD22  -7.658  -23.914  -2.104  133.12
471  33  ARG  N  -9.107  -19.213  -5.411  117.42
472  33  ARG  CA  -9.651  -18.739  -6.669  8.3
473  33  ARG  C  -9.579  -17.218  -6.755  5.33
474  33  ARG  O  -9.371  -16.655  -7.83  1.68
475  33  ARG  CB  -11.096  -19.203  -6.818  8.74
476  33  ARG  CG  -11.991  -18.771  -5.673  4.36
477  33  ARG  CD  -12.899  -19.902  -5.215  2.09
478  33  ARG  NE  -12.221  -20.817  -4.301  2
479  33  ARG  CZ  -12.08  -20.596  -2.996  6.06
480  33  ARG  NH1  -12.561  -19.488  -2.447  61.86
481  33  ARG  NH2  -11.454  -21.485  -2.237  124.73
482  33  ARG  H  -9.628  -19.269  -4.729  8.42
483  33  ARG  HA  -9.121  -19.12  -7.386  4.28
484  33  ARG  HB2  -11.456  -18.833  -7.639  1.91
485  33  ARG  HB3  -11.111  -20.171  -6.871  1.73
486  33  ARG  HG2  -11.433  -18.495  -4.929  1.43
487  33  ARG  HG3  -12.538  -18.025  -5.965  1.49
488  33  ARG  HD2  -13.669  -19.521  -4.764  3.15
489  33  ARG  HD3  -13.196  -20.398  -5.994  3.15
490  33  ARG  HE  -11.896  -21.541  -4.633  7.18
491  33  ARG  HH11  -12.967  -18.907  -2.934  3.45
492  33  ARG  HH12  -12.468  -19.35  -1.603  114.73
493  33  ARG  HH21  -11.139  -22.204  -2.588  54.56
494  33  ARG  HH22  -11.363  -21.342  -1.394  175.6
495  34  GLY  N  -9.753  -16.558  -5.614  176.33
496  34  GLY  CA  -9.705  -15.107  -5.579  40.66
497  34  GLY  C  -8.628  -14.584  -4.649  17.95
498  34  GLY  O  -7.941  -15.36  -3.985  2.22
499  34  GLY  H  -9.896  -16.998  -4.889  7.72
500  34  GLY  HA2  -9.533  -14.776  -6.475  4.16
501  34  GLY  HA3  -10.565  -14.772  -5.281  3.79
502  35  TYR  N  -8.478  -13.263  -4.603  2.56
503  35  TYR  CA  -7.475  -12.638  -3.747  4.36
504  35  TYR  C  -7.81  -11.173  -3.49  122.83
505  35  TYR  O  -8.501  -10.534  -4.285  52.06
506  35  TYR  CB  -6.09  -12.754  -4.386  176.8
507  35  TYR  CG  -6.027  -12.224  -5.801  8.31
508  35  TYR  CD1  -6.171  -10.868  -6.064  18.06
509  35  TYR  CD2  -5.822  -13.082  -6.874  8.26
510  35  TYR  CE1  -6.113  -10.381  -7.357  4.13
511  35  TYR  CE2  -5.762  -12.604  -8.169  173.9
512  35  TYR  CZ  -5.908  -11.253  -8.405  68.49
513  35  TYR  OH  -5.851  -10.773  -9.693  4.09
514  35  TYR  H  -8.985  -12.765  -5.088  8.46
515  35  TYR  HA  -7.471  -13.111  -2.9  4.77
516  35  TYR  HB2  -5.452  -12.255  -3.852  2.7
517  35  TYR  HB3  -5.828  -13.688  -4.406  2.7
518  35  TYR  HD1  -6.309  -10.282  -5.355  6.93
519  35  TYR  HD2  -5.724  -13.993  -6.713  3.09
520  35  TYR  HE1  -6.211  -9.47  -7.515  6.77
521  35  TYR  HE2  -5.624  -13.192  -8.876  1.26
522  35  TYR  HH  -6.289  -11.278  -10.202  8.38
523  36  ARG  N  -7.312  -10.645  -2.376  4.57
524  36  ARG  CA  -7.554  -9.252  -2.013  1.63
525  36  ARG  C  -6.235  -8.507  -1.825  1.07
526  36  ARG  O  -5.159  -9.076  -2.008  66.6
527  36  ARG  CB  -8.393  -9.174  -0.735  178.5
528  36  ARG  CG  -9.746  -8.51  -0.938  132.22
529  36  ARG  CD  -10.86  -9.277  -0.244  112.98
530  36  ARG  NE  -10.706  -9.273  1.21  27.72
531  36  ARG  CZ  -10.219  -10.295  1.916  128.82
532  36  ARG  NH1  -9.825  -11.408  1.311  7.71
533  36  ARG  NH2  -10.125  -10.199  3.235  124.18
534  36  ARG  H  -6.833  -11.136  -1.857  8.8
535  36  ARG  HA  -8.045  -8.837  -2.739  4.3
536  36  ARG  HB2  -8.543  -10.074  -0.404  0.18
537  36  ARG  HB3  -7.903  -8.668  -0.068  0.81
538  36  ARG  HG2  -9.712  -7.611  -0.576  1
539  36  ARG  HG3  -9.936  -8.47  -1.888  1
540  36  ARG  HD2  -11.708  -8.864  -0.469  2.84
541  36  ARG  HD3  -10.855  -10.194  -0.562  2.91
542  36  ARG  HE  -10.949  -8.564  1.631  7.15
543  36  ARG  HH11  -9.88  -11.479  0.456  2.65
544  36  ARG  HH12  -9.514  -12.062  1.775  2.35
545  36  ARG  HH21  -10.376  -9.479  3.632  6.95
546  36  ARG  HH22  -9.812  -10.857  3.692  7.72
547  37  THR  N  -6.322  -7.23  -1.463  120.68
548  37  THR  CA  -5.129  -6.416  -1.258  63.36
549  37  THR  C  -5.436  -5.189  -0.401  175.6
550  37  THR  O  -6.486  -4.566  -0.548  8.72
551  37  THR  CB  -4.553  -5.976  -2.606  29.46
552  37  THR  OG1  -3.311  -5.319  -2.43  8.26
553  37  THR  CG2  -5.464  -5.042  -3.372  3.95
554  37  THR  H  -7.097  -6.876  -1.351  7.72
555  37  THR  HA  -4.471  -6.961  -0.799  5.58
556  37  THR  HB  -4.408  -6.763  -3.154  3.79
557  37  THR  HG1  -3.435  -4.58  -2.05  36.22
558  37  THR  HG21  -5.641  -5.412  -4.251  122.19
559  37  THR  HG22  -5.035  -4.177  -3.466  57.94
560  37  THR  HG23  -6.3  -4.938  -2.89  178.73
561  38  GLU  N  -4.507  -4.845  0.488  2.76
562  38  GLU  CA  -4.674  -3.691  1.36  29.05
563  38  GLU  C  -3.545  -2.689  1.148  116.58
564  38  GLU  O  -2.427  -3.065  0.787  53.36
565  38  GLU  CB  -4.723  -4.121  2.83  176.8
566  38  GLU  CG  -4.043  -5.45  3.119  57.12
567  38  GLU  CD  -3.499  -5.531  4.532  37.76
568  38  GLU  OE1  -3.217  -4.466  5.12  2.81
569  38  GLU  OE2  -3.355  -6.658  5.05  125.22
570  38  GLU  H  -3.787  -5.311  0.549  9.54
571  38  GLU  HA  -5.514  -3.265  1.129  4.93
572  38  GLU  HB2  -4.287  -3.439  3.365  2.36
573  38  GLU  HB3  -5.651  -4.188  3.103  2.28
574  38  GLU  HG2  -4.69  -6.162  2.996  2.36
575  38  GLU  HG3  -3.309  -5.569  2.496  2.28
576  39  ARG  N  -3.843  -1.414  1.371  7.1
577  39  ARG  CA  -2.853  -0.355  1.201  117.28
578  39  ARG  C  -2.535  0.311  2.536  54.46
579  39  ARG  O  -2.926  -0.179  3.596  176.2
580  39  ARG  CB  -3.354  0.696  0.203  8
581  39  ARG  CG  -4.317  0.148  -0.84  31.46
582  39  ARG  CD  -5.761  0.27  -0.384  116.67
583  39  ARG  NE  -6.601  -0.792  -0.933  56.26
584  39  ARG  CZ  -7.118  -0.769  -2.16  178.53
585  39  ARG  NH1  -6.88  0.254  -2.97  9
586  39  ARG  NH2  -7.875  -1.774  -2.578  8.39
587  39  ARG  H  -4.64  -1.209  1.619  8.76
588  39  ARG  HA  -2.043  -0.759  0.853  4.83
589  39  ARG  HB2  -3.807  1.401  0.692  1.53
590  39  ARG  HB3  -2.59  1.074  -0.26  1.53
591  39  ARG  HG2  -4.206  0.647  -1.664  1.15
592  39  ARG  HG3  -4.113  -0.787  -0.997  1.15
593  39  ARG  HD2  -5.787  0.222  0.584  38.52
594  39  ARG  HD3  -6.108  1.128  -0.673  122.92
595  39  ARG  HE  -6.768  -1.467  -0.427  61.02
596  39  ARG  HH11  -6.389  0.909  -2.706  7.45
597  39  ARG  HH12  -7.218  0.263  -3.761  7.15
598  39  ARG  HH21  -8.031  -2.44  -2.057  28.92
599  39  ARG  HH22  -8.211  -1.76  -3.37  5.9
600  40  GLY  N  -1.821  1.432  2.476  7.88
601  40  GLY  CA  -1.462  2.148  3.686  117.38
602  40  GLY  C  -0.227  3.008  3.502  60.56
603  40  GLY  O  0.149  3.333  2.376  174.4
604  40  GLY  H  -1.572  1.733  1.71  6.19
605  40  GLY  HA2  -2.204  2.717  3.946  3.83
606  40  GLY  HA3  -1.293  1.505  4.392  3.93
607  41  CYS  N  0.406  3.378  4.611  176.63
608  41  CYS  CA  1.606  4.206  4.565  6.92
609  41  CYS  C  2.781  3.497  5.233  4.68
610  41  CYS  O  2.691  3.078  6.387  2.15
611  41  CYS  CB  1.348  5.551  5.249  7.71
612  41  CYS  SG  0.993  6.915  4.094  3.99
613  41  CYS  H  0.101  3.124  5.374  8.64
614  41  CYS  HA  1.824  4.363  3.633  5.33
615  41  CYS  HB2  0.587  5.462  5.844  2.92
616  41  CYS  HB3  2.131  5.798  5.766  3.27
617  42  GLY  N  3.88  3.366  4.498  119.68
618  42  GLY  CA  5.058  2.707  5.034  56.06
619  42  GLY  C  5.454  1.484  4.23  175.6
620  42  GLY  O  4.607  0.663  3.879  9.94
621  42  GLY  H  3.891  3.677  3.696  9.33
622  42  GLY  HA2  5.797  3.336  5.033  3.76
623  42  GLY  HA3  4.877  2.436  5.947  4.36
624  43  CYS  N  6.745  1.364  3.938  4.93
625  43  CYS  CA  7.252  0.232  3.17  4.5
626  43  CYS  C  8.082  -0.698  4.051  4.16
627  43  CYS  O  9.296  -0.534  4.17  7.69
628  43  CYS  CB  8.097  0.726  1.993  124.33
629  43  CYS  SG  8.435  -0.548  0.735  55.56
630  43  CYS  H  7.295  1.967  4.209  8.07
631  43  CYS  HA  6.491  -0.26  2.825  4.94
632  43  CYS  HB2  7.633  1.457  1.555  2.62
633  43  CYS  HB3  8.95  1.045  2.328  2.82
634  44  PRO  N  7.436  -1.693  4.684  4.03
635  44  PRO  CA  8.122  -2.651  5.557  7.49
636  44  PRO  C  9.037  -3.59  4.777  117.29
637  44  PRO  O  8.805  -3.862  3.599  63.55
638  44  PRO  CB  6.976  -3.434  6.2  115.43
639  44  PRO  CG  5.848  -3.318  5.235  59.66
640  44  PRO  CD  5.988  -1.964  4.597  179
641  44  PRO  HA  8.636  -2.199  6.244  4.27
642  44  PRO  HB2  7.243  -4.358  6.325  1.97
643  44  PRO  HB3  6.751  -3.037  7.056  1.58
644  44  PRO  HG2  5.916  -4.015  4.564  1.02
645  44  PRO  HG3  5.002  -3.383  5.706  0.95
646  44  PRO  HD2  5.695  -1.993  3.673  2.78
647  44  PRO  HD3  5.483  -1.301  5.093  2.78
648  45  SER  N  10.08  -4.08  5.441  4.07
649  45  SER  CA  11.03  -4.988  4.808  2.14
650  45  SER  C  10.894  -6.399  5.371  2.05
651  45  SER  O  11.886  -7.043  5.713  3
652  45  SER  CB  12.46  -4.48  5.005  1.02
653  45  SER  OG  12.831  -3.586  3.97  120.53
654  45  SER  H  10.197  -3.857  6.263  7.88
655  45  SER  HA  10.831  -5.011  3.859  4.34
656  45  SER  HB2  12.523  -4.017  5.855  3.75
657  45  SER  HB3  13.071  -5.233  5.001  3.75
658  45  SER  HG  13.59  -3.266  4.135  3.6
659  46  VAL  N  9.657  -6.873  5.465  57.45
660  46  VAL  CA  9.384  -8.204  5.984  109.82
661  46  VAL  C  9.489  -9.254  4.884  7.93
662  46  VAL  O  9.764  -8.931  3.728  4.55
663  46  VAL  CB  7.982  -8.279  6.616  3.17
664  46  VAL  CG1  7.98  -7.632  7.993  2.93
665  46  VAL  CG2  6.945  -7.63  5.711  120.93
666  46  VAL  H  8.997  -6.382  5.213  8.16
667  46  VAL  HA  10.04  -8.399  6.671  4.3
668  46  VAL  HB  7.749  -9.215  6.721  2.04
669  46  VAL  HG11  7.073  -7.608  8.337  41.16
670  46  VAL  HG12  8.323  -6.727  7.926  7.89
671  46  VAL  HG13  8.54  -8.148  8.594  4.85
672  46  VAL  HG21  7.103  -7.899  4.792  8.28
673  46  VAL  HG22  7.012  -6.665  5.783  3.36
674  46  VAL  HG23  6.057  -7.912  5.982  2.2
675  47  LYS  N  9.269  -10.513  5.25  2.35
676  47  LYS  CA  9.339  -11.61  4.294  8.31
677  47  LYS  C  8.15  -12.551  4.458  4.3
678  47  LYS  O  7.954  -13.142  5.52  3.47
679  47  LYS  CB  10.646  -12.387  4.47  3.12
680  47  LYS  CG  10.934  -12.774  5.911  19.03
681  47  LYS  CD  11.793  -14.027  5.991  1.74
682  47  LYS  CE  13.207  -13.708  6.448  7.88
683  47  LYS  NZ  14.073  -13.276  5.315  3.13
684  47  LYS  H  9.081  -10.683  6.072  7.62
685  47  LYS  HA  9.316  -11.23  3.402  4.41
686  47  LYS  HB2  10.602  -13.198  3.939  1.61
687  47  LYS  HB3  11.38  -11.839  4.149  1.61
688  47  LYS  HG2  11.401  -12.044  6.346  1.36
689  47  LYS  HG3  10.093  -12.937  6.366  1.36
690  47  LYS  HD2  11.391  -14.643  6.623  1.84
691  47  LYS  HD3  11.83  -14.441  5.115  1.84
692  47  LYS  HE2  13.169  -12.995  7.105  2.92
693  47  LYS  HE3  13.591  -14.501  6.854  2.92
694  47  LYS  HZ1  14.632  -12.638  5.585  33.55
695  47  LYS  HZ2  13.572  -12.957  4.652  114.33
696  47  LYS  HZ3  14.547  -13.966  5.012  56.86
697  48  LYS  N  7.355  -12.683  3.399  176.3
698  48  LYS  CA  6.184  -13.551  3.426  3.95
699  48  LYS  C  5.731  -13.899  2.013  28.76
700  48  LYS  O  6.055  -13.195  1.055  4.71
701  48  LYS  CB  5.042  -12.877  4.188  1.88
702  48  LYS  CG  5.164  -12.994  5.699  2.29
703  48  LYS  CD  3.855  -12.653  6.393  113
704  48  LYS  CE  3.071  -13.906  6.749  7.29
705  48  LYS  NZ  1.937  -14.137  5.811  4.21
706  48  LYS  H  7.538  -12.246  2.681  8.29
707  48  LYS  HA  6.429  -14.369  3.887  4.46
708  48  LYS  HB2  5.025  -11.935  3.957  2.78
709  48  LYS  HB3  4.203  -13.283  3.919  2.78
710  48  LYS  HG2  5.412  -13.904  5.924  0.7
711  48  LYS  HG3  5.853  -12.384  6.007  0.7
712  48  LYS  HD2  4.049  -12.161  7.206  0.94
713  48  LYS  HD3  3.319  -12.103  5.8  1.01
714  48  LYS  HE2  3.668  -14.67  6.716  176.6
715  48  LYS  HE3  2.721  -13.809  7.648  114.52
716  48  LYS  HZ1  1.757  -15.007  5.757  40.16
717  48  LYS  HZ2  2.145  -13.836  5  7.69
718  48  LYS  HZ3  1.211  -13.71  6.099  174.34
719  49  GLY  N  4.979  -14.988  1.888  3.76
720  49  GLY  CA  4.494  -15.409  0.588  37.13
721  49  GLY  C  3.603  -14.368  -0.063  1.74
722  49  GLY  O  3.504  -14.304  -1.288  1.49
723  49  GLY  H  4.781  -15.445  2.589  8.71
724  49  GLY  HA2  5.254  -15.576  0.008  4.27
725  49  GLY  HA3  3.989  -16.231  0.693  3.74
726  50  ILE  N  2.952  -13.552  0.761  3.47
727  50  ILE  CA  2.064  -12.509  0.26  2.78
728  50  ILE  C  2.848  -11.428  -0.476  8.05
729  50  ILE  O  3.958  -11.071  -0.078  7.93
730  50  ILE  CB  1.261  -11.861  1.404  64.12
731  50  ILE  CG1  0.569  -12.938  2.243  116.34
732  50  ILE  CG2  0.242  -10.877  0.846  6.81
733  50  ILE  CD  -0.302  -12.379  3.349  121.53
734  50  ILE  H  3.056  -13.642  1.61  7.62
735  50  ILE  HA  1.438  -12.919  -0.357  4.49
736  50  ILE  HB  1.878  -11.368  1.967  1.88
737  50  ILE  HG12  0.005  -13.476  1.666  1.35
738  50  ILE  HG13  1.243  -13.503  2.652  0.97
739  50  ILE  HG21  0.67  -10.308  0.188  29.55
740  50  ILE  HG22  -0.108  -10.331  1.567  36.13
741  50  ILE  HG23  -0.483  -11.367  0.428  112
742  50  ILE  HD11  -0.21  -12.999  4.228  10
743  50  ILE  HD12  -1.332  -12.366  3.023  4.26
744  50  ILE  HD13  0.014  -11.373  3.583  2.11
745  51  GLY  N  2.263  -10.908  -1.551  2.24
746  51  GLY  CA  2.921  -9.872  -2.325  1.35
747  51  GLY  C  2.988  -8.55  -1.586  120.1
748  51  GLY  O  2.068  -8.196  -0.849  6.91
749  51  GLY  H  1.486  -11.191  -1.786  8.64
750  51  GLY  HA2  3.823  -10.161  -2.533  4.63
751  51  GLY  HA3  2.434  -9.743  -3.154  4.63
752  52  ILE  N  4.08  -7.818  -1.782  175
753  52  ILE  CA  4.263  -6.529  -1.127  2.75
754  52  ILE  C  4.959  -5.534  -2.051  42.96
755  52  ILE  O  6.066  -5.784  -2.528  107.25
756  52  ILE  CB  5.079  -6.671  0.175  4.72
757  52  ILE  CG1  5.164  -5.327  0.901  3.63
758  52  ILE  CG2  6.471  -7.207  -0.125  3.79
759  52  ILE  CD  5.067  -5.448  2.406  123.37
760  52  ILE  H  4.694  -8.113  -2.307  8.66
761  52  ILE  HA  3.386  -6.184  -0.899  5.33
762  52  ILE  HB  4.627  -7.312  0.746  1.64
763  52  ILE  HG12  6.012  -4.906  0.692  1.47
764  52  ILE  HG13  4.438  -4.758  0.6  1.2
765  52  ILE  HG21  6.405  -7.955  -0.739  2.09
766  52  ILE  HG22  6.887  -7.502  0.7  115.75
767  52  ILE  HG23  7.009  -6.506  -0.526  1.48
768  52  ILE  HD11  4.441  -6.29  2.661  8.72
769  52  ILE  HD12  4.638  -4.543  2.814  4.28
770  52  ILE  HD13  6.054  -5.596  2.82  124.83
771  53  ASN  N  4.304  -4.404  -2.295  53.66
772  53  ASN  CA  4.858  -3.368  -3.157  175.1
773  53  ASN  C  4.764  -2  -2.487  32.18
774  53  ASN  O  4.053  -1.833  -1.497  48.06
775  53  ASN  CB  4.126  -3.344  -4.5  59.72
776  53  ASN  CG  2.642  -3.078  -4.343  118.79
777  53  ASN  OD1  2.236  -2.03  -3.839  54.2
778  53  ASN  ND2  1.822  -4.028  -4.776  9.2
779  53  ASN  H  3.534  -4.279  -1.933  8.62
780  53  ASN  HA  5.793  -3.577  -3.311  5.1
781  53  ASN  HB2  4.504  -2.645  -5.056  2.62
782  53  ASN  HB3  4.239  -4.202  -4.938  2.74
783  53  ASN  HD21  2.167  -4.737  -5.119  4.61
784  53  ASN  HD22  0.975  -3.901  -4.699  8.19
785  54  CYS  N  5.487  -1.027  -3.03  8.46
786  54  CYS  CA  5.483  0.323  -2.48  2.83
787  54  CYS  C  5.628  1.366  -3.582  2.45
788  54  CYS  O  6.42  1.199  -4.51  119.92
789  54  CYS  CB  6.611  0.482  -1.46  121.83
790  54  CYS  SG  6.642  -0.813  -0.179  61.16
791  54  CYS  H  5.97  -1.196  -3.721  9.18
792  54  CYS  HA  4.633  0.458  -2.032  5.92
793  54  CYS  HB2  7.463  0.456  -1.924  3.55
794  54  CYS  HB3  6.515  1.338  -1.014  3.16
795  55  CYS  N  4.857  2.443  -3.474  56.15
796  55  CYS  CA  4.898  3.518  -4.46  68.46
797  55  CYS  C  5.059  4.873  -3.778  9.02
798  55  CYS  O  5.041  4.965  -2.55  5.28
799  55  CYS  CB  3.63  3.509  -5.318  1.68
800  55  CYS  SG  2.117  3.014  -4.428  4.2
801  55  CYS  H  4.321  2.51  -2.805  9.36
802  55  CYS  HA  5.666  3.365  -5.032  5.32
803  55  CYS  HB2  3.482  4.401  -5.67  3.34
804  55  CYS  HB3  3.753  2.891  -6.056  3.68
805  56  THR  N  5.223  5.922  -4.579  175.7
806  56  THR  CA  5.394  7.268  -4.043  175.09
807  56  THR  C  4.661  8.303  -4.895  44.96
808  56  THR  O  5.279  9.194  -5.477  31.15
809  56  THR  CB  6.881  7.618  -3.96  46.22
810  56  THR  OG1  7.059  8.952  -3.518  118.67
811  56  THR  CG2  7.604  7.473  -5.282  8.88
812  56  THR  H  5.233  5.803  -5.431  8.42
813  56  THR  HA  5.019  7.281  -3.148  5.12
814  56  THR  HB  7.308  7.025  -3.322  4.65
815  56  THR  HG1  6.637  9.068  -2.801  115.06
816  56  THR  HG21  8.441  7.962  -5.248  51.07
817  56  THR  HG22  7.05  7.829  -5.994  113.46
818  56  THR  HG23  7.784  6.535  -5.45  110.26
819  57  THR  N  3.339  8.183  -4.959  38.24
820  57  THR  CA  2.524  9.114  -5.733  35.42
821  57  THR  C  1.091  9.151  -5.206  115.79
822  57  THR  O  0.678  8.279  -4.442  105.93
823  57  THR  CB  2.535  8.739  -7.219  42.06
824  57  THR  OG1  1.457  9.357  -7.901  175.7
825  57  THR  CG2  2.442  7.25  -7.475  9.03
826  57  THR  H  2.953  7.545  -4.53  7.46
827  57  THR  HA  2.912  9.997  -5.631  4.76
828  57  THR  HB  3.363  9.055  -7.614  4.28
829  57  THR  HG1  1.481  9.145  -8.714  115.98
830  57  THR  HG21  1.51  6.993  -7.557  58.76
831  57  THR  HG22  2.845  6.768  -6.736  171
832  57  THR  HG23  2.91  7.033  -8.296  122.12
833  58  ASP  N  0.341  10.171  -5.611  71.36
834  58  ASP  CA  -1.039  10.33  -5.176  8.08
835  58  ASP  C  -1.909  9.173  -5.66  4.29
836  58  ASP  O  -1.889  8.818  -6.838  7.86
837  58  ASP  CB  -1.599  11.655  -5.691  5.48
838  58  ASP  CG  -1.32  11.868  -7.167  3.87
839  58  ASP  OD1  -0.135  11.826  -7.559  123.27
840  58  ASP  OD2  -2.287  12.079  -7.929  57.23
841  58  ASP  H  0.68  10.758  -6.14  8.17
842  58  ASP  HA  -1.046  10.343  -4.206  4.69
843  58  ASP  HB2  -2.56  11.667  -5.557  2.47
844  58  ASP  HB3  -1.198  12.385  -5.194  2.4
845  59  ARG  N  -2.674  8.591  -4.739  176.5
846  59  ARG  CA  -3.557  7.474  -5.066  127.3
847  59  ARG  C  -2.8  6.374  -5.804  32.36
848  59  ARG  O  -3.36  5.683  -6.655  172.23
849  59  ARG  CB  -4.734  7.957  -5.915  47.32
850  59  ARG  CG  -5.562  9.042  -5.246  5.66
851  59  ARG  CD  -6.712  9.491  -6.135  1.87
852  59  ARG  NE  -7.777  8.494  -6.195  7.82
853  59  ARG  CZ  -8.718  8.47  -7.137  3.92
854  59  ARG  NH1  -8.727  9.384  -8.099  3.71
855  59  ARG  NH2  -9.651  7.528  -7.118  121.32
856  59  ARG  H  -2.649  8.881  -3.93  9.4
857  59  ARG  HA  -3.897  7.111  -4.233  3.19
858  59  ARG  HB2  -4.393  8.308  -6.752  1.96
859  59  ARG  HB3  -5.315  7.203  -6.103  1.96
860  59  ARG  HG2  -5.925  8.694  -4.417  0.6
861  59  ARG  HG3  -4.992  9.804  -5.059  1.24
862  59  ARG  HD2  -7.074  10.318  -5.78  2.95
863  59  ARG  HD3  -6.371  9.642  -7.031  3.16
864  59  ARG  HE  -7.793  7.89  -5.583  7.27
865  59  ARG  HH11  -8.124  9.997  -8.116  4.4
866  59  ARG  HH12  -9.337  9.364  -8.705  3.61
867  59  ARG  HH21  -9.649  6.933  -6.497  1.85
868  59  ARG  HH22  -10.259  7.512  -7.726  116.11
869  60  CYS  N  -1.523  6.222  -5.475  1.43
870  60  CYS  CA  -0.684  5.215  -6.106  102.26
871  60  CYS  C  -1.151  3.803  -5.754  129.98
872  60  CYS  O  -0.923  2.858  -6.509  51.86
873  60  CYS  CB  0.774  5.421  -5.685  174.8
874  60  CYS  SG  1.193  4.777  -4.031  2.78
875  60  CYS  H  -1.178  6.734  -4.876  7.81
876  60  CYS  HA  -0.751  5.334  -7.066  4.47
877  60  CYS  HB2  1.352  4.979  -6.326  3.8
878  60  CYS  HB3  0.967  6.372  -5.685  3.37
879  61  ASN  N  -1.804  3.668  -4.604  8.85
880  61  ASN  CA  -2.3  2.372  -4.157  3.26
881  61  ASN  C  -3.807  2.264  -4.371  1.64
882  61  ASN  O  -4.577  2.163  -3.414  1.1
883  61  ASN  CB  -1.963  2.157  -2.68  177.56
884  61  ASN  CG  -2.522  3.254  -1.796  7.17
885  61  ASN  OD1  -3.416  3.997  -2.2  8.22
886  61  ASN  ND2  -1.995  3.361  -0.582  7.99
887  61  ASN  H  -1.937  4.36  -4.112  9.18
888  61  ASN  HA  -1.859  1.687  -4.684  4.76
889  61  ASN  HB2  -2.335  1.31  -2.389  2.23
890  61  ASN  HB3  -0.999  2.138  -2.574  2.73
891  61  ASN  HD21  -1.373  2.81  -0.361  8.23
892  61  ASN  HD22  -2.296  3.977  -0.063  7.91
893  62  ASN  N  -4.222  2.286  -5.633  1.65
894  62  ASN  CA  -5.637  2.191  -5.975  8.05
895  62  ASN  C  -5.911  0.951  -6.82  4.32
896  62  ASN  O  -4.973  0.477  -7.494  3.86
897  62  ASN  CB  -6.085  3.446  -6.728  119.98
898  62  ASN  CG  -7.595  3.572  -6.792  56.36
899  62  ASN  OD1  -8.316  2.927  -6.029  176
900  62  ASN  ND2  -8.081  4.406  -7.702  58.32
901  62  ASN  OXT  -7.061  0.465  -6.799  27.36
902  62  ASN  H  -3.643  2.359  -6.264  7.54
903  62  ASN  HA  -6.14  2.124  -5.148  3.99
904  62  ASN  HB2  -5.731  4.23  -6.28  2.47
905  62  ASN  HB3  -5.742  3.411  -7.635  2.57
906  62  ASN  HD21  -7.524  4.827  -8.205  7.35
907  62  ASN  HD22  -8.935  4.494  -7.756  6.48
