1  1  ALA  N  -13.406  3.782  -12.56  121.22
2  1  ALA  CA  -13.829  3.191  -11.263  51.29
3  1  ALA  C  -12.684  2.418  -10.615  169.93
4  1  ALA  O  -11.653  2.176  -11.242  55.76
5  1  ALA  CB  -15.032  2.282  -11.465  19.78
6  1  ALA  H  -14.104  4.22  -12.897  31.93
7  1  ALA  H2  -12.727  4.334  -12.397  21.77
8  1  ALA  H3  -13.156  3.115  -13.093  3.84
9  1  ALA  HA  -14.093  3.912  -10.671  4.09
10  1  ALA  HB1  -15.22  2.2  -12.413  4.26
11  1  ALA  HB2  -15.803  2.661  -11.014  63
12  1  ALA  HB3  -14.841  1.405  -11.097  4.26
13  2  LEU  N  -12.874  2.033  -9.357  120.84
14  2  LEU  CA  -11.857  1.286  -8.624  54.02
15  2  LEU  C  -10.537  2.05  -8.597  53.16
16  2  LEU  O  -10.391  3.079  -9.255  175.47
17  2  LEU  CB  -11.652  -0.091  -9.255  41.87
18  2  LEU  CG  -12.874  -1.011  -9.216  26.49
19  2  LEU  CD1  -13.348  -1.33  -10.624  26.18
20  2  LEU  CD2  -12.555  -2.29  -8.456  22.95
21  2  LEU  H  -13.614  2.229  -8.966  8.64
22  2  LEU  HA  -12.171  1.173  -7.713  5.04
23  2  LEU  HB2  -11.394  0.033  -10.182  1.1
24  2  LEU  HB3  -10.925  -0.534  -8.79  1.71
25  2  LEU  HG  -13.595  -0.558  -8.752  1.65
26  2  LEU  HD11  -12.62  -1.191  -11.25  9.19
27  2  LEU  HD12  -13.638  -2.255  -10.666  4.5
28  2  LEU  HD13  -14.089  -0.748  -10.856  7.72
29  2  LEU  HD21  -11.947  -2.09  -7.727  4.57
30  2  LEU  HD22  -13.375  -2.667  -8.1  4.5
31  2  LEU  HD23  -12.14  -2.928  -9.058  3.83
32  3  VAL  N  -9.58  1.541  -7.827  123.38
33  3  VAL  CA  -8.274  2.178  -7.711  60.85
34  3  VAL  C  -7.18  1.141  -7.454  1.68
35  3  VAL  O  -7.457  0.02  -7.037  1.68
36  3  VAL  CB  -8.282  3.245  -6.581  35
37  3  VAL  CG1  -6.876  3.561  -6.073  21.04
38  3  VAL  CG2  -8.97  4.511  -7.064  21.04
39  3  VAL  H  -9.736  0.82  -7.385  9.53
40  3  VAL  HA  -8.087  2.628  -8.55  4.41
41  3  VAL  HB  -8.796  2.893  -5.838  1.81
42  3  VAL  HG11  -6.458  2.746  -5.755  122.28
43  3  VAL  HG12  -6.348  3.935  -6.795  55.69
44  3  VAL  HG13  -6.93  4.202  -5.347  175.26
45  3  VAL  HG21  -8.793  4.634  -8.01  2.53
46  3  VAL  HG22  -9.927  4.436  -6.921  33.5
47  3  VAL  HG23  -8.629  5.273  -6.57  31.63
48  4  GLU  N  -5.936  1.544  -7.699  124.28
49  4  GLU  CA  -4.782  0.677  -7.49  55.48
50  4  GLU  C  -3.679  1.439  -6.76  17.46
51  4  GLU  O  -3.027  2.308  -7.338  56.3
52  4  GLU  CB  -4.251  0.131  -8.824  30.45
53  4  GLU  CG  -4.755  0.876  -10.052  36.42
54  4  GLU  CD  -4.461  0.139  -11.343  4.21
55  4  GLU  OE1  -5.204  -0.812  -11.666  1.77
56  4  GLU  OE2  -3.486  0.51  -12.03  1.86
57  4  GLU  H  -5.807  2.346  -7.982  8.65
58  4  GLU  HA  -5.065  -0.066  -6.934  4.45
59  4  GLU  HB2  -3.282  0.184  -8.817  1.65
60  4  GLU  HB3  -4.514  -0.799  -8.905  1.99
61  4  GLU  HG2  -5.715  0.992  -9.973  2.04
62  4  GLU  HG3  -4.329  1.747  -10.086  2.4
63  5  LEU  N  -3.484  1.118  -5.484  122.32
64  5  LEU  CA  -2.469  1.787  -4.676  54.05
65  5  LEU  C  -1.111  1.767  -5.367  32
66  5  LEU  O  -0.983  1.302  -6.499  33.5
67  5  LEU  CB  -2.361  1.137  -3.293  39.8
68  5  LEU  CG  -2.77  2.037  -2.126  25.67
69  5  LEU  CD1  -1.851  3.246  -2.038  25.43
70  5  LEU  CD2  -4.218  2.475  -2.275  23.19
71  5  LEU  H  -3.972  0.508  -5.124  8.64
72  5  LEU  HA  -2.744  2.71  -4.565  4.79
73  5  LEU  HB2  -2.925  0.348  -3.281  1.57
74  5  LEU  HB3  -1.441  0.862  -3.155  1.73
75  5  LEU  HG  -2.688  1.537  -1.299  2.22
76  5  LEU  HD11  -1.767  3.653  -2.915  56.2
77  5  LEU  HD12  -2.224  3.89  -1.416  2.32
78  5  LEU  HD13  -0.976  2.965  -1.727  124.13
79  5  LEU  HD21  -4.673  1.882  -2.893  57.48
80  5  LEU  HD22  -4.657  2.44  -1.411  8.16
81  5  LEU  HD23  -4.249  3.383  -2.615  4.55
82  6  LYS  N  -0.101  2.28  -4.673  121.61
83  6  LYS  CA  1.252  2.329  -5.211  53.88
84  6  LYS  C  2.264  2.602  -4.105  131.68
85  6  LYS  O  1.996  3.368  -3.179  131.68
86  6  LYS  CB  1.349  3.406  -6.292  36.42
87  6  LYS  CG  0.811  2.96  -7.641  25.42
88  6  LYS  CD  1.669  3.48  -8.782  28.97
89  6  LYS  CE  0.819  4.092  -9.883  42.02
90  6  LYS  NZ  0.924  5.577  -9.907  8.61
91  6  LYS  H  -0.25  2.594  -3.886  8.59
92  6  LYS  HA  1.447  1.465  -5.607  5.21
93  6  LYS  HB2  0.844  4.183  -6.005  1.38
94  6  LYS  HB3  2.28  3.657  -6.402  1.5
95  6  LYS  HG2  0.801  1.991  -7.672  1.06
96  6  LYS  HG3  -0.092  3.298  -7.747  1.15
97  6  LYS  HD2  2.273  4.157  -8.439  1.58
98  6  LYS  HD3  2.182  2.744  -9.15  1.67
99  6  LYS  HE2  1.114  3.741  -10.738  2.87
100  6  LYS  HE3  -0.107  3.843  -9.736  2.87
101  6  LYS  HZ1  1.081  5.885  -9.087  7.33
102  6  LYS  HZ2  1.59  5.828  -10.441  8.55
103  6  LYS  HZ3  0.165  5.933  -10.208  31.36
104  7  VAL  N  3.425  1.967  -4.207  121.44
105  7  VAL  CA  4.482  2.136  -3.216  61.49
106  7  VAL  C  4.739  3.616  -2.936  61.68
107  7  VAL  O  4.75  4.435  -3.855  8.43
108  7  VAL  CB  5.792  1.466  -3.677  32.5
109  7  VAL  CG1  6.887  1.661  -2.639  21.04
110  7  VAL  CG2  5.562  -0.013  -3.958  24.05
111  7  VAL  H  3.556  1.442  -4.876  8.79
112  7  VAL  HA  4.193  1.706  -2.396  3.87
113  7  VAL  HB  6.083  1.887  -4.501  2.25
114  7  VAL  HG11  6.932  2.597  -2.389  53
115  7  VAL  HG12  6.686  1.127  -1.855  1.34
116  7  VAL  HG13  7.739  1.385  -3.012  1.25
117  7  VAL  HG21  4.828  -0.112  -4.585  19.1
118  7  VAL  HG22  6.366  -0.4  -4.339  8.34
119  7  VAL  HG23  5.343  -0.47  -3.131  4.26
120  8  PRO  N  4.938  3.983  -1.657  54.61
121  8  PRO  CA  5.182  5.373  -1.27  62.67
122  8  PRO  C  6.568  5.863  -1.663  62.67
123  8  PRO  O  7.27  5.223  -2.446  116.26
124  8  PRO  CB  5.047  5.355  0.252  32.62
125  8  PRO  CG  5.363  3.954  0.652  25.67
126  8  PRO  CD  4.932  3.075  -0.494  51.04
127  8  PRO  HA  4.515  5.968  -1.646  4.79
128  8  PRO  HB2  5.673  5.987  0.639  2.25
129  8  PRO  HB3  4.142  5.598  0.501  2.25
130  8  PRO  HG2  6.316  3.862  0.808  1.62
131  8  PRO  HG3  4.869  3.724  1.454  2.22
132  8  PRO  HD2  5.566  2.351  -0.618  3.43
133  8  PRO  HD3  4.042  2.723  -0.334  3.79
134  9  ASP  N  6.948  7.008  -1.113  112.94
135  9  ASP  CA  8.243  7.608  -1.395  55.87
136  9  ASP  C  9.27  7.21  -0.341  1.62
137  9  ASP  O  9.706  8.04  0.458  56.29
138  9  ASP  CB  8.104  9.127  -1.435  40.76
139  9  ASP  CG  8.108  9.673  -2.85  8.35
140  9  ASP  OD1  8.468  8.918  -3.777  32.99
141  9  ASP  OD2  7.752  10.857  -3.03  24.74
142  9  ASP  H  6.41  7.411  -0.576  7.81
143  9  ASP  HA  8.54  7.292  -2.263  4.16
144  9  ASP  HB2  7.267  9.376  -1.012  2.64
145  9  ASP  HB3  8.841  9.528  -0.947  2.64
146  10  ILE  N  9.652  5.939  -0.34  122.41
147  10  ILE  CA  10.628  5.443  0.625  59.99
148  10  ILE  C  11.928  6.244  0.566  1.75
149  10  ILE  O  12.715  6.233  1.511  1.43
150  10  ILE  CB  10.945  3.944  0.424  38.34
151  10  ILE  CG1  10.873  3.552  -1.056  26.26
152  10  ILE  CG2  9.993  3.092  1.248  17.11
153  10  ILE  CD  11.595  4.51  -1.977  38.6
154  10  ILE  H  9.314  5.399  -0.918  8.73
155  10  ILE  HA  10.244  5.55  1.509  4.55
156  10  ILE  HB  11.845  3.782  0.749  2.16
157  10  ILE  HG12  11.271  2.675  -1.171  1.16
158  10  ILE  HG13  9.943  3.517  -1.331  1.5
159  10  ILE  HG21  10.082  3.322  2.186  2.79
160  10  ILE  HG22  9.081  3.254  0.959  8.36
161  10  ILE  HG23  10.209  2.154  1.125  3.95
162  10  ILE  HD11  12.478  4.887  -1.483  3.93
163  10  ILE  HD12  11.882  3.992  -2.881  120.92
164  10  ILE  HD13  10.941  5.332  -2.226  54.47
165  11  GLY  N  12.146  6.945  -0.546  109.65
166  11  GLY  CA  13.349  7.743  -0.692  46.12
167  11  GLY  C  14.293  7.192  -1.742  42.17
168  11  GLY  O  14.695  7.906  -2.66  3.94
169  11  GLY  H  11.565  6.926  -1.18  8.91
170  11  GLY  HA2  13.811  7.771  0.161  3.81
171  11  GLY  HA3  13.097  8.646  -0.942  4.04
172  12  GLY  N  14.65  5.92  -1.604  107.84
173  12  GLY  CA  15.553  5.296  -2.554  44.97
174  12  GLY  C  14.972  5.228  -3.951  2.84
175  12  GLY  O  15.187  6.126  -4.766  1.4
176  12  GLY  H  14.342  5.464  -0.943  8.95
177  12  GLY  HA2  15.751  4.396  -2.251  3.68
178  12  GLY  HA3  16.378  5.806  -2.583  3.96
179  13  HSE  N  14.232  4.16  -4.23  116.29
180  13  HSE  CA  13.618  3.974  -5.54  55.75
181  13  HSE  C  12.929  2.616  -5.63  28.6
182  13  HSE  O  11.728  2.502  -5.385  121.72
183  13  HSE  CB  14.662  4.112  -6.657  29.2
184  13  HSE  CG  16.058  3.755  -6.241  174.34
185  13  HSE  ND1  16.341  2.901  -5.194  44.58
186  13  HSE  CD2  17.257  4.144  -6.74  120.68
187  13  HSE  CE1  17.652  2.782  -5.067  137.22
188  13  HSE  NE2  18.228  3.525  -5.992  1.98
189  13  HSE  H  14.097  3.478  -3.538  6.97
190  13  HSE  HA  12.872  4.745  -5.663  4.48
191  13  HSE  HB2  14.387  3.464  -7.475  2.86
192  13  HSE  HB3  14.67  5.135  -7.005  3.1
193  13  HSE  HD1  15.681  2.446  -4.631  3.58
194  13  HSE  HD2  17.416  4.816  -7.571  7.54
195  13  HSE  HE1  18.163  2.179  -4.332  8.53
196  13  HSE  HE2  19.193  3.578  -6.157  62.49
197  14  GLU  N  13.694  1.59  -5.984  121.26
198  14  GLU  CA  13.154  0.242  -6.106  54.75
199  14  GLU  C  13.741  -0.678  -5.041  62.77
200  14  GLU  O  14.594  -0.269  -4.253  176.84
201  14  GLU  CB  13.442  -0.321  -7.498  32.58
202  14  GLU  CG  14.924  -0.48  -7.795  36.13
203  14  GLU  CD  15.282  -0.065  -9.21  173.87
204  14  GLU  OE1  14.886  -0.778  -10.155  35.4
205  14  GLU  OE2  15.96  0.972  -9.37  4.62
206  14  GLU  H  14.528  1.724  -6.146  8.79
207  14  GLU  HA  12.194  0.292  -5.978  4.6
208  14  GLU  HB2  13.02  -1.191  -7.577  1.86
209  14  GLU  HB3  13.062  0.276  -8.161  1.95
210  14  GLU  HG2  15.428  0.069  -7.175  2.15
211  14  GLU  HG3  15.168  -1.411  -7.675  2.28
212  15  ASN  N  13.276  -1.923  -5.028  118.5
213  15  ASN  CA  13.748  -2.916  -4.065  53.94
214  15  ASN  C  13.829  -2.334  -2.655  176.94
215  15  ASN  O  14.917  -2.141  -2.114  59.4
216  15  ASN  CB  15.115  -3.461  -4.487  37.14
217  15  ASN  CG  16.192  -2.394  -4.496  53.98
218  15  ASN  OD1  16.27  -1.581  -5.418  7.38
219  15  ASN  ND2  17.033  -2.393  -3.469  113.5
220  15  ASN  H  12.679  -2.15  -5.604  8.8
221  15  ASN  HA  13.109  -3.646  -4.061  3.98
222  15  ASN  HB2  15.382  -4.16  -3.869  2.63
223  15  ASN  HB3  15.045  -3.834  -5.38  2.82
224  15  ASN  HD21  16.929  -2.989  -2.858  6.94
225  15  ASN  HD22  17.653  -1.797  -3.451  7.66
226  16  VAL  N  12.669  -2.065  -2.063  114.59
227  16  VAL  CA  12.608  -1.516  -0.715  60.68
228  16  VAL  C  11.722  -2.38  0.174  1.65
229  16  VAL  O  10.566  -2.645  -0.152  3.19
230  16  VAL  CB  12.081  -0.066  -0.712  31.79
231  16  VAL  CG1  12.936  0.813  -1.611  23.54
232  16  VAL  CG2  10.62  -0.019  -1.137  21.48
233  16  VAL  H  11.937  -2.225  -2.485  8.81
234  16  VAL  HA  13.508  -1.513  -0.354  4.32
235  16  VAL  HB  12.145  0.277  0.193  2.24
236  16  VAL  HG11  13.786  0.376  -1.778  109.42
237  16  VAL  HG12  12.475  0.958  -2.452  44.97
238  16  VAL  HG13  13.091  1.666  -1.176  174.14
239  16  VAL  HG21  10.359  -0.882  -1.495  38.06
240  16  VAL  HG22  10.066  0.194  -0.37  8.39
241  16  VAL  HG23  10.504  0.662  -1.818  3.97
242  17  ASP  N  12.278  -2.827  1.292  119.47
243  17  ASP  CA  11.544  -3.676  2.22  55.37
244  17  ASP  C  10.445  -2.904  2.942  58.27
245  17  ASP  O  10.709  -1.905  3.615  174.54
246  17  ASP  CB  12.503  -4.292  3.24  42.32
247  17  ASP  CG  13.574  -5.143  2.586  63.57
248  17  ASP  OD1  13.419  -5.479  1.394  2.48
249  17  ASP  OD2  14.568  -5.472  3.267  8.16
250  17  ASP  H  13.093  -2.619  1.469  7.92
251  17  ASP  HA  11.135  -4.389  1.706  4.69
252  17  ASP  HB2  12.936  -3.582  3.739  2.39
253  17  ASP  HB3  11.999  -4.851  3.852  2.59
254  18  ILE  N  9.211  -3.386  2.813  119.76
255  18  ILE  CA  8.076  -2.763  3.469  62.01
256  18  ILE  C  8.266  -2.818  4.979  174.54
257  18  ILE  O  9.109  -3.568  5.472  2.03
258  18  ILE  CB  6.763  -3.472  3.07  37.37
259  18  ILE  CG1  6.458  -3.202  1.601  27.14
260  18  ILE  CG2  5.6  -3.022  3.945  18.41
261  18  ILE  CD  6.193  -4.457  0.796  24.92
262  18  ILE  H  9.083  -4.094  2.342  8.53
263  18  ILE  HA  8.029  -1.837  3.184  4.27
264  18  ILE  HB  6.883  -4.426  3.197  1.93
265  18  ILE  HG12  5.672  -2.636  1.541  0.65
266  18  ILE  HG13  7.213  -2.743  1.201  1.69
267  18  ILE  HG21  5.539  -2.054  3.93  7.13
268  18  ILE  HG22  4.775  -3.403  3.607  4.2
269  18  ILE  HG23  5.747  -3.324  4.855  2.01
270  18  ILE  HD11  6.124  -5.304  1.462  2.01
271  18  ILE  HD12  5.266  -4.348  0.254  120.82
272  18  ILE  HD13  7.003  -4.614  0.098  54.97
273  19  ILE  N  7.499  -2.026  5.715  121.31
274  19  ILE  CA  7.636  -2.021  7.173  61.07
275  19  ILE  C  6.292  -2.266  7.874  32.67
276  19  ILE  O  6.258  -2.536  9.075  31.81
277  19  ILE  CB  8.339  -0.714  7.712  39.15
278  19  ILE  CG1  7.414  0.14  8.596  26.56
279  19  ILE  CG2  8.897  0.14  6.574  18.54
280  19  ILE  CD  8.123  1.272  9.302  4.37
281  19  ILE  H  6.926  -1.513  5.331  8.63
282  19  ILE  HA  8.215  -2.767  7.393  4.6
283  19  ILE  HB  9.095  -0.999  8.249  2
284  19  ILE  HG12  6.716  0.526  8.044  0.72
285  19  ILE  HG13  7.011  -0.424  9.274  1.07
286  19  ILE  HG21  9.096  -0.42  5.807  2.15
287  19  ILE  HG22  8.244  0.812  6.323  28.76
288  19  ILE  HG23  9.71  0.578  6.87  124.82
289  19  ILE  HD11  9.027  0.901  9.759  51.97
290  19  ILE  HD12  8.37  2.043  8.588  177.44
291  19  ILE  HD13  7.475  1.68  10.063  118.86
292  20  ALA  N  5.194  -2.17  7.134  121.45
293  20  ALA  CA  3.875  -2.382  7.712  52.7
294  20  ALA  C  2.881  -2.869  6.664  4.23
295  20  ALA  O  2.938  -2.463  5.504  178.15
296  20  ALA  CB  3.383  -1.097  8.358  21.87
297  20  ALA  H  5.26  -1.976  6.299  7.72
298  20  ALA  HA  3.958  -3.055  8.406  4.44
299  20  ALA  HB1  4.127  -0.646  8.787  57.07
300  20  ALA  HB2  3.004  -0.519  7.677  175.64
301  20  ALA  HB3  2.705  -1.306  9.019  4.22
302  21  VAL  N  1.968  -3.741  7.083  120.88
303  21  VAL  CA  0.961  -4.282  6.179  62.31
304  21  VAL  C  -0.364  -4.505  6.899  1.45
305  21  VAL  O  -0.429  -5.227  7.893  0.91
306  21  VAL  CB  1.42  -5.612  5.552  33.28
307  21  VAL  CG1  1.616  -6.672  6.625  20.77
308  21  VAL  CG2  0.415  -6.08  4.508  20.99
309  21  VAL  H  1.973  -3.991  7.906  8.69
310  21  VAL  HA  0.826  -3.64  5.465  4.36
311  21  VAL  HB  2.271  -5.465  5.111  2.04
312  21  VAL  HG11  1.999  -6.263  7.417  7.6
313  21  VAL  HG12  0.76  -7.069  6.849  0.96
314  21  VAL  HG13  2.215  -7.359  6.294  55.06
315  21  VAL  HG21  -0.179  -5.347  4.281  2.75
316  21  VAL  HG22  0.887  -6.373  3.713  59.45
317  21  VAL  HG23  -0.103  -6.818  4.867  178.93
318  22  GLU  N  -1.423  -3.882  6.388  124.11
319  22  GLU  CA  -2.748  -4.018  6.985  57.4
320  22  GLU  C  -3.823  -4.129  5.909  114.62
321  22  GLU  O  -4.846  -3.447  5.969  55.47
322  22  GLU  CB  -3.053  -2.83  7.902  28.67
323  22  GLU  CG  -2.394  -1.532  7.466  34.1
324  22  GLU  CD  -2.449  -0.462  8.539  40.77
325  22  GLU  OE1  -3.567  -0.017  8.876  4.11
326  22  GLU  OE2  -1.377  -0.071  9.043  2.27
327  22  GLU  H  -1.325  -3.389  5.69  8.28
328  22  GLU  HA  -2.752  -4.831  7.513  4.34
329  22  GLU  HB2  -4.013  -2.691  7.921  1.68
330  22  GLU  HB3  -2.748  -3.04  8.798  2.18
331  22  GLU  HG2  -1.464  -1.708  7.253  2.1
332  22  GLU  HG3  -2.849  -1.202  6.675  2.1
333  23  VAL  N  -3.584  -4.991  4.927  107.63
334  23  VAL  CA  -4.534  -5.189  3.839  58.66
335  23  VAL  C  -4.556  -6.643  3.382  2.21
336  23  VAL  O  -3.527  -7.203  3.003  28.3
337  23  VAL  CB  -4.201  -4.287  2.636  35.05
338  23  VAL  CG1  -4.557  -2.839  2.94  21.86
339  23  VAL  CG2  -2.734  -4.414  2.263  18.81
340  23  VAL  H  -2.852  -5.443  4.932  6.89
341  23  VAL  HA  -5.415  -4.948  4.165  4.7
342  23  VAL  HB  -4.735  -4.578  1.88  2.04
343  23  VAL  HG11  -4.412  -2.663  3.883  174.64
344  23  VAL  HG12  -3.997  -2.251  2.41  2.15
345  23  VAL  HG13  -5.489  -2.683  2.722  27.17
346  23  VAL  HG21  -2.272  -4.934  2.939  2.4
347  23  VAL  HG22  -2.656  -4.86  1.405  3.36
348  23  VAL  HG23  -2.337  -3.531  2.205  8.52
349  24  ASN  N  -5.738  -7.248  3.421  118.06
350  24  ASN  CA  -5.903  -8.638  3.012  50.98
351  24  ASN  C  -7.033  -8.783  1.997  4.39
352  24  ASN  O  -7.557  -9.879  1.79  2.06
353  24  ASN  CB  -6.201  -9.507  4.229  42.51
354  24  ASN  CG  -5.484  -10.841  4.18  2.26
355  24  ASN  OD1  -4.285  -10.907  3.911  2.26
356  24  ASN  ND2  -6.219  -11.916  4.439  114.69
357  24  ASN  H  -6.424  -6.807  3.695  8.56
358  24  ASN  HA  -5.073  -8.935  2.607  4.89
359  24  ASN  HB2  -5.921  -9.035  5.029  2.56
360  24  ASN  HB3  -7.156  -9.67  4.271  2.56
361  24  ASN  HD21  -7.052  -11.805  4.62  6.89
362  24  ASN  HD22  -5.835  -12.685  4.416  8.05
363  25  VAL  N  -7.407  -7.674  1.372  119.43
364  25  VAL  CA  -8.475  -7.674  0.382  65.65
365  25  VAL  C  -9.814  -8.023  1.026  7.94
366  25  VAL  O  -10.026  -9.151  1.472  3.67
367  25  VAL  CB  -8.175  -8.667  -0.757  31.28
368  25  VAL  CG1  -9.337  -8.741  -1.738  23.19
369  25  VAL  CG2  -6.891  -8.28  -1.474  20.99
370  25  VAL  H  -7.007  -6.936  1.558  8.61
371  25  VAL  HA  -8.531  -6.783  0.003  3.17
372  25  VAL  HB  -8.051  -9.546  -0.366  1.88
373  25  VAL  HG11  -10.154  -8.945  -1.257  34.46
374  25  VAL  HG12  -9.433  -7.889  -2.191  4.5
375  25  VAL  HG13  -9.165  -9.437  -2.392  64.57
376  25  VAL  HG21  -6.844  -7.315  -1.556  174.24
377  25  VAL  HG22  -6.128  -8.598  -0.966  7.46
378  25  VAL  HG23  -6.879  -8.68  -2.358  68.97
379  26  GLY  N  -10.715  -7.046  1.071  115.47
380  26  GLY  CA  -12.021  -7.266  1.663  44.38
381  26  GLY  C  -12.362  -6.231  2.717  9.31
382  26  GLY  O  -13.532  -6.021  3.036  4.32
383  26  GLY  H  -10.517  -6.274  0.747  9.1
384  26  GLY  HA2  -12.037  -8.146  2.071  3.52
385  26  GLY  HA3  -12.692  -7.233  0.963  4.42
386  27  ASP  N  -11.336  -5.583  3.259  120.57
387  27  ASP  CA  -11.529  -4.563  4.283  55
388  27  ASP  C  -11.906  -3.225  3.656  120.62
389  27  ASP  O  -11.468  -2.901  2.551  54.87
390  27  ASP  CB  -10.259  -4.406  5.12  40.81
391  27  ASP  CG  -10.557  -4.042  6.562  64.82
392  27  ASP  OD1  -10.824  -2.852  6.83  36.47
393  27  ASP  OD2  -10.522  -4.946  7.422  5.17
394  27  ASP  H  -10.537  -5.768  2.999  7.95
395  27  ASP  HA  -12.253  -4.853  4.86  4.58
396  27  ASP  HB2  -9.767  -5.242  5.111  2.63
397  27  ASP  HB3  -9.708  -3.707  4.734  2.74
398  28  THR  N  -12.717  -2.45  4.369  117.04
399  28  THR  CA  -13.15  -1.145  3.882  62.62
400  28  THR  C  -12  -0.145  3.923  1.62
401  28  THR  O  -11.054  -0.304  4.696  1.23
402  28  THR  CB  -14.322  -0.628  4.718  68.98
403  28  THR  OG1  -15.447  -1.477  4.583  1.46
404  28  THR  CG2  -14.755  0.771  4.34  21.48
405  28  THR  H  -12.993  -2.725  5.136  8.74
406  28  THR  HA  -13.439  -1.252  2.962  4.84
407  28  THR  HB  -14.061  -0.615  5.652  4.01
408  28  THR  HG1  -15.513  -1.966  5.263  106.42
409  28  THR  HG21  -14.738  0.866  3.375  7.86
410  28  THR  HG22  -15.656  0.93  4.663  4.09
411  28  THR  HG23  -14.15  1.416  4.738  61.07
412  29  ILE  N  -12.086  0.883  3.088  120.56
413  29  ILE  CA  -11.05  1.907  3.03  58.97
414  29  ILE  C  -11.649  3.283  2.767  70.47
415  29  ILE  O  -12.624  3.416  2.028  106.82
416  29  ILE  CB  -10.012  1.596  1.937  41.55
417  29  ILE  CG1  -10.695  1.482  0.574  24.74
418  29  ILE  CG2  -9.256  0.317  2.269  17.77
419  29  ILE  CD  -10.395  2.644  -0.343  3.93
420  29  ILE  H  -12.768  0.947  2.568  9.21
421  29  ILE  HA  -10.595  1.92  3.887  4.76
422  29  ILE  HB  -9.372  2.324  1.91  1.84
423  29  ILE  HG12  -10.396  0.67  0.136  1
424  29  ILE  HG13  -11.656  1.442  0.702  1.45
425  29  ILE  HG21  -9.388  0.098  3.205  53.27
426  29  ILE  HG22  -9.588  -0.408  1.716  173.14
427  29  ILE  HG23  -8.31  0.447  2.097  3.24
428  29  ILE  HD11  -9.414  3.033  -0.119  44.97
429  29  ILE  HD12  -10.425  2.309  -1.37  5.63
430  29  ILE  HD13  -11.13  3.42  -0.196  9.15
431  30  ALA  N  -11.057  4.305  3.375  127.42
432  30  ALA  CA  -11.532  5.673  3.205  49.02
433  30  ALA  C  -10.449  6.559  2.601  4.65
434  30  ALA  O  -9.35  6.095  2.292  1.93
435  30  ALA  CB  -11.999  6.239  4.537  21.51
436  30  ALA  H  -10.377  4.158  3.88  8.93
437  30  ALA  HA  -12.291  5.651  2.602  4.56
438  30  ALA  HB1  -12.849  5.839  4.779  32.61
439  30  ALA  HB2  -12.106  7.2  4.461  24.97
440  30  ALA  HB3  -11.342  6.04  5.222  38.4
441  31  VAL  N  -10.769  7.835  2.42  118.2
442  31  VAL  CA  -9.824  8.785  1.843  65.27
443  31  VAL  C  -8.913  9.38  2.913  126.92
444  31  VAL  O  -8.732  10.596  2.98  52.67
445  31  VAL  CB  -10.554  9.926  1.113  30.86
446  31  VAL  CG1  -9.586  10.71  0.241  21.03
447  31  VAL  CG2  -11.706  9.376  0.284  22.98
448  31  VAL  H  -11.554  8.106  2.644  8.17
449  31  VAL  HA  -9.28  8.308  1.197  3.13
450  31  VAL  HB  -10.92  10.529  1.778  1.72
451  31  VAL  HG11  -8.676  10.46  0.464  9.1
452  31  VAL  HG12  -9.757  10.512  -0.693  5.26
453  31  VAL  HG13  -9.707  11.66  0.397  3.04
454  31  VAL  HG21  -11.752  8.413  0.392  2.48
455  31  VAL  HG22  -12.538  9.777  0.581  117.52
456  31  VAL  HG23  -11.561  9.59  -0.651  58.67
457  32  ASP  N  -8.339  8.513  3.749  118.21
458  32  ASP  CA  -7.441  8.944  4.82  57.48
459  32  ASP  C  -7.258  7.829  5.846  30.37
460  32  ASP  O  -7.799  7.896  6.949  24.74
461  32  ASP  CB  -7.981  10.198  5.516  38.67
462  32  ASP  CG  -9.488  10.167  5.68  8.52
463  32  ASP  OD1  -10.041  9.063  5.863  4.68
464  32  ASP  OD2  -10.114  11.246  5.625  1.47
465  32  ASP  H  -8.501  7.674  3.654  9.17
466  32  ASP  HA  -6.58  9.147  4.422  4.27
467  32  ASP  HB2  -7.578  10.273  6.395  2.87
468  32  ASP  HB3  -7.745  10.978  4.99  3.26
469  33  ASP  N  -6.493  6.805  5.477  122.1
470  33  ASP  CA  -6.245  5.68  6.371  54.86
471  33  ASP  C  -4.938  4.986  6.015  122.92
472  33  ASP  O  -4.8  4.422  4.93  58.27
473  33  ASP  CB  -7.401  4.68  6.305  40.3
474  33  ASP  CG  -7.636  4.16  4.9  179.84
475  33  ASP  OD1  -8.178  4.918  4.069  29.97
476  33  ASP  OD2  -7.28  2.993  4.633  124.72
477  33  ASP  H  -6.137  6.805  4.694  8.24
478  33  ASP  HA  -6.18  6.027  7.275  4.55
479  33  ASP  HB2  -7.204  3.926  6.883  2.56
480  33  ASP  HB3  -8.213  5.112  6.613  2.79
481  34  THR  N  -3.977  5.034  6.93  118.48
482  34  THR  CA  -2.683  4.411  6.696  64.29
483  34  THR  C  -2.834  2.969  6.234  4.07
484  34  THR  O  -3.344  2.117  6.962  1.5
485  34  THR  CB  -1.817  4.464  7.944  68.67
486  34  THR  OG1  -2.607  4.618  9.109  27.06
487  34  THR  CG2  -0.802  5.587  7.914  22.92
488  34  THR  H  -4.121  5.444  7.672  8.77
489  34  THR  HA  -2.236  4.912  5.996  3.83
490  34  THR  HB  -1.328  3.629  8.008  3.75
491  34  THR  HG1  -2.295  4.139  9.725  0.97
492  34  THR  HG21  -1.262  6.436  7.817  1.34
493  34  THR  HG22  -0.293  5.586  8.74  4.44
494  34  THR  HG23  -0.202  5.458  7.163  2.32
495  35  LEU  N  -2.371  2.705  5.02  123.02
496  35  LEU  CA  -2.429  1.371  4.446  56.07
497  35  LEU  C  -1.193  0.579  4.844  174.04
498  35  LEU  O  -1.287  -0.587  5.226  3.62
499  35  LEU  CB  -2.538  1.449  2.921  45.48
500  35  LEU  CG  -3.954  1.658  2.383  26.35
501  35  LEU  CD1  -3.965  1.59  0.864  27.28
502  35  LEU  CD2  -4.905  0.626  2.971  23.75
503  35  LEU  H  -2.015  3.341  4.563  9.06
504  35  LEU  HA  -3.216  0.927  4.799  4.24
505  35  LEU  HB2  -1.983  2.183  2.613  1.21
506  35  LEU  HB3  -2.191  0.623  2.549  1.86
507  35  LEU  HG  -4.266  2.538  2.645  1.77
508  35  LEU  HD11  -3.344  0.907  0.567  8.54
509  35  LEU  HD12  -4.858  1.37  0.556  40.24
510  35  LEU  HD13  -3.7  2.449  0.5  2.07
511  35  LEU  HD21  -4.476  -0.244  2.975  7.25
512  35  LEU  HD22  -5.133  0.878  3.88  4.67
513  35  LEU  HD23  -5.711  0.586  2.433  1.8
514  36  ILE  N  -0.032  1.231  4.77  104.85
515  36  ILE  CA  1.224  0.59  5.145  57.95
516  36  ILE  C  2.298  1.61  5.497  47.1
517  36  ILE  O  2.081  2.819  5.422  113.82
518  36  ILE  CB  1.774  -0.338  4.031  43.67
519  36  ILE  CG1  1.831  0.347  2.656  24.72
520  36  ILE  CG2  0.935  -1.595  3.945  20.08
521  36  ILE  CD  2.217  1.813  2.681  34.07
522  36  ILE  H  -0.027  2.05  4.509  6.81
523  36  ILE  HA  1.05  0.042  5.927  5.08
524  36  ILE  HB  2.671  -0.606  4.283  2.12
525  36  ILE  HG12  2.491  -0.112  2.113  1.31
526  36  ILE  HG13  0.962  0.273  2.231  1.31
527  36  ILE  HG21  0.519  -1.762  4.805  43.34
528  36  ILE  HG22  0.249  -1.479  3.269  4.9
529  36  ILE  HG23  1.501  -2.346  3.709  1.42
530  36  ILE  HD11  3.188  1.923  3.144  1.13
531  36  ILE  HD12  2.257  2.192  1.669  1.42
532  36  ILE  HD13  1.484  2.369  3.246  1.29
533  37  THR  N  3.465  1.097  5.847  116.34
534  37  THR  CA  4.611  1.923  6.176  62.04
535  37  THR  C  5.852  1.274  5.582  173.84
536  37  THR  O  6.187  0.137  5.914  57.12
537  37  THR  CB  4.745  2.088  7.69  71.23
538  37  THR  OG1  3.604  2.732  8.226  60.11
539  37  THR  CG2  5.959  2.895  8.098  21.76
540  37  THR  H  3.557  0.242  5.858  8.44
541  37  THR  HA  4.482  2.792  5.765  5.23
542  37  THR  HB  4.819  1.211  8.099  3.6
543  37  THR  HG1  3.152  2.18  8.67  4.15
544  37  THR  HG21  6.731  2.598  7.591  1.39
545  37  THR  HG22  5.798  3.835  7.918  63.87
546  37  THR  HG23  6.126  2.772  9.046  175.64
547  38  LEU  N  6.502  1.976  4.664  125.6
548  38  LEU  CA  7.676  1.437  3.99  52.15
549  38  LEU  C  8.952  2.171  4.382  1.72
550  38  LEU  O  8.911  3.193  5.064  1.72
551  38  LEU  CB  7.472  1.513  2.48  44.28
552  38  LEU  CG  6.527  0.461  1.906  26.64
553  38  LEU  CD1  5.087  0.937  2.001  25.5
554  38  LEU  CD2  6.895  0.156  0.467  24.87
555  38  LEU  H  6.207  2.752  4.44  9.37
556  38  LEU  HA  7.761  0.505  4.245  5.36
557  38  LEU  HB2  7.114  2.389  2.266  1.34
558  38  LEU  HB3  8.335  1.414  2.048  1.69
559  38  LEU  HG  6.609  -0.357  2.421  1.61
560  38  LEU  HD11  5.07  1.855  2.315  174.54
561  38  LEU  HD12  4.67  0.885  1.127  60.1
562  38  LEU  HD13  4.602  0.374  2.624  29.87
563  38  LEU  HD21  7.472  0.857  0.125  8.37
564  38  LEU  HD22  7.36  -0.694  0.426  70
565  38  LEU  HD23  6.089  0.109  -0.07  8.41
566  39  GLU  N  10.087  1.633  3.942  120.27
567  39  GLU  CA  11.384  2.227  4.241  55.46
568  39  GLU  C  12.49  1.526  3.458  4.63
569  39  GLU  O  12.331  0.382  3.029  36.01
570  39  GLU  CB  11.668  2.144  5.743  33.12
571  39  GLU  CG  13.088  2.532  6.125  35.89
572  39  GLU  CD  13.387  2.285  7.59  8.91
573  39  GLU  OE1  12.792  1.352  8.168  5.11
574  39  GLU  OE2  14.215  3.026  8.16  1.75
575  39  GLU  H  10.055  0.915  3.47  8.74
576  39  GLU  HA  11.354  3.16  3.976  4.97
577  39  GLU  HB2  11.057  2.737  6.207  1.81
578  39  GLU  HB3  11.511  1.234  6.039  1.98
579  39  GLU  HG2  13.709  2.01  5.592  2.11
580  39  GLU  HG3  13.216  3.475  5.935  2.22
581  40  THR  N  13.609  2.216  3.274  116.8
582  40  THR  CA  14.74  1.656  2.542  59.32
583  40  THR  C  16.046  1.874  3.306  174.9
584  40  THR  O  16.447  1.035  4.113  2.95
585  40  THR  CB  14.834  2.259  1.132  69.53
586  40  THR  OG1  16.17  2.227  0.663  53
587  40  THR  CG2  14.351  3.694  1.031  20.38
588  40  THR  H  13.669  3.011  3.595  8.47
589  40  THR  HA  14.589  0.701  2.461  4.53
590  40  THR  HB  14.292  1.724  0.531  4.08
591  40  THR  HG1  16.294  1.527  0.215  4.92
592  40  THR  HG21  13.795  3.913  1.795  42.17
593  40  THR  HG22  15.115  4.292  1.007  7.9
594  40  THR  HG23  13.834  3.802  0.217  0.65
595  41  ASP  N  16.703  3.001  3.052  120.44
596  41  ASP  CA  17.957  3.323  3.721  55.8
597  41  ASP  C  18.125  4.833  3.856  4.28
598  41  ASP  O  19.239  5.331  4.014  2.69
599  41  ASP  CB  19.139  2.734  2.949  39.55
600  41  ASP  CG  19.86  1.654  3.732  33.86
601  41  ASP  OD1  19.185  0.905  4.469  66.57
602  41  ASP  OD2  21.099  1.556  3.607  179.94
603  41  ASP  H  16.381  3.558  2.482  8.87
604  41  ASP  HA  17.931  2.93  4.608  4.28
605  41  ASP  HB2  18.818  2.349  2.118  2.61
606  41  ASP  HB3  19.772  3.442  2.75  2.79
607  42  LYS  N  17.01  5.557  3.791  113.8
608  42  LYS  CA  17.036  7.009  3.905  56.3
609  42  LYS  C  15.941  7.503  4.846  2.15
610  42  LYS  O  16.175  8.381  5.677  2.12
611  42  LYS  CB  16.87  7.653  2.527  32.55
612  42  LYS  CG  17.728  8.892  2.327  24.49
613  42  LYS  CD  18.509  8.823  1.025  28.61
614  42  LYS  CE  18.707  10.202  0.42  41.94
615  42  LYS  NZ  18.554  10.186  -1.061  59.4
616  42  LYS  H  16.256  5.16  3.678  8.25
617  42  LYS  HA  17.899  7.262  4.269  4.2
618  42  LYS  HB2  17.11  7.003  1.848  1.78
619  42  LYS  HB3  15.941  7.904  2.409  1.88
620  42  LYS  HG2  17.153  9.673  2.308  1.33
621  42  LYS  HG3  18.352  8.965  3.066  1.38
622  42  LYS  HD2  19.378  8.43  1.2  1.62
623  42  LYS  HD3  18.022  8.269  0.395  1.66
624  42  LYS  HE2  18.049  10.806  0.797  2.96
625  42  LYS  HE3  19.598  10.516  0.642  2.96
626  42  LYS  HZ1  17.848  9.694  -1.289  4.13
627  42  LYS  HZ2  18.438  11.014  -1.366  1.82
628  42  LYS  HZ3  19.281  9.839  -1.441  123.93
629  43  ALA  N  14.747  6.936  4.708  121.7
630  43  ALA  CA  13.619  7.324  5.547  51.46
631  43  ALA  C  12.507  6.282  5.499  120.02
632  43  ALA  O  12.529  5.371  4.671  68.87
633  43  ALA  CB  13.085  8.679  5.111  21.39
634  43  ALA  H  14.636  6.328  4.11  7.79
635  43  ALA  HA  13.937  7.404  6.46  4.66
636  43  ALA  HB1  12.873  9.211  5.894  1.56
637  43  ALA  HB2  12.284  8.554  4.578  1.56
638  43  ALA  HB3  13.757  9.137  4.582  8.02
639  44  THR  N  11.531  6.431  6.39  110.28
640  44  THR  CA  10.401  5.511  6.45  60.11
641  44  THR  C  9.133  6.189  5.942  1.49
642  44  THR  O  8.657  7.157  6.535  108.76
643  44  THR  CB  10.189  5.017  7.881  70.89
644  44  THR  OG1  9.976  6.107  8.762  8.45
645  44  THR  CG2  11.352  4.214  8.416  21.85
646  44  THR  H  11.564  7.089  6.942  8.09
647  44  THR  HA  10.601  4.753  5.879  5.27
648  44  THR  HB  9.402  4.45  7.902  4
649  44  THR  HG1  9.421  5.885  9.352  31.87
650  44  THR  HG21  12.176  4.527  8.01  47.5
651  44  THR  HG22  11.404  4.323  9.378  8.9
652  44  THR  HG23  11.222  3.277  8.203  4.42
653  45  MET  N  8.594  5.68  4.841  119.58
654  45  MET  CA  7.385  6.246  4.255  54.78
655  45  MET  C  6.154  5.421  4.607  3.64
656  45  MET  O  6.23  4.456  5.368  1.9
657  45  MET  CB  7.526  6.341  2.736  36.28
658  45  MET  CG  7.298  7.743  2.194  31.43
659  45  MET  SD  8.466  8.942  2.866  8.71
660  45  MET  CE  8.104  10.374  1.853  17.28
661  45  MET  H  8.969  5.004  4.464  8.9
662  45  MET  HA  7.273  7.14  4.614  4.68
663  45  MET  HB2  8.42  6.059  2.485  1.88
664  45  MET  HB3  6.881  5.746  2.323  1.88
665  45  MET  HG2  7.393  7.723  1.229  2.35
666  45  MET  HG3  6.398  8.022  2.424  2.35
667  45  MET  HE1  7.271  10.231  1.377  117.32
668  45  MET  HE2  8.023  11.158  2.419  58.97
669  45  MET  HE3  8.822  10.508  1.215  178.74
670  46  ASP  N  5.017  5.815  4.043  125.8
671  46  ASP  CA  3.755  5.128  4.281  53.43
672  46  ASP  C  2.669  5.691  3.373  2.32
673  46  ASP  O  2.868  6.711  2.713  1.82
674  46  ASP  CB  3.34  5.276  5.746  41.51
675  46  ASP  CG  3.451  6.706  6.237  56.59
676  46  ASP  OD1  2.511  7.491  5.996  176.45
677  46  ASP  OD2  4.481  7.041  6.859  32.98
678  46  ASP  H  5.028  6.498  3.52  8.89
679  46  ASP  HA  3.882  4.188  4.079  5.18
680  46  ASP  HB2  2.419  4.99  5.846  2.51
681  46  ASP  HB3  3.909  4.717  6.297  2.51
682  47  VAL  N  1.518  5.029  3.342  122.48
683  47  VAL  CA  0.41  5.482  2.512  59.46
684  47  VAL  C  -0.859  5.638  3.341  3.17
685  47  VAL  O  -1.287  4.693  3.997  8.44
686  47  VAL  CB  0.132  4.503  1.352  32.98
687  47  VAL  CG1  -1.089  4.945  0.551  21.41
688  47  VAL  CG2  1.354  4.382  0.452  21.28
689  47  VAL  H  1.423  4.323  3.824  8.78
690  47  VAL  HA  0.653  6.341  2.134  4.47
691  47  VAL  HB  -0.056  3.629  1.729  2.04
692  47  VAL  HG11  -1.478  5.732  0.963  54.27
693  47  VAL  HG12  -0.823  5.153  -0.358  180.24
694  47  VAL  HG13  -1.745  4.23  0.541  2.23
695  47  VAL  HG21  2.129  4.153  0.988  18.67
696  47  VAL  HG22  1.201  3.688  -0.208  8.02
697  47  VAL  HG23  1.509  5.228  0.003  4.07
698  48  PRO  N  -1.479  6.834  3.322  122.53
699  48  PRO  CA  -2.701  7.107  4.071  60.86
700  48  PRO  C  -3.964  6.771  3.281  178.63
701  48  PRO  O  -5.021  7.359  3.506  115.42
702  48  PRO  CB  -2.604  8.609  4.307  33.01
703  48  PRO  CG  -1.923  9.134  3.084  26.2
704  48  PRO  CD  -1.037  8.022  2.566  51.31
705  48  PRO  HA  -2.714  6.642  4.922  4.93
706  48  PRO  HB2  -3.494  8.982  4.408  1.83
707  48  PRO  HB3  -2.08  8.782  5.105  2.11
708  48  PRO  HG2  -2.586  9.372  2.417  2.03
709  48  PRO  HG3  -1.386  9.908  3.316  2.03
710  48  PRO  HD2  -1.176  7.896  1.614  3.81
711  48  PRO  HD3  -0.105  8.221  2.749  3.99
712  49  ALA  N  -3.848  5.825  2.354  121.34
713  49  ALA  CA  -4.98  5.414  1.532  51.95
714  49  ALA  C  -5.533  6.584  0.726  175.85
715  49  ALA  O  -5.462  7.737  1.153  7.79
716  49  ALA  CB  -6.073  4.81  2.403  19.46
717  49  ALA  H  -3.086  5.445  2.234  9.13
718  49  ALA  HA  -4.671  4.728  0.919  4.23
719  49  ALA  HB1  -6.936  4.949  1.982  115.6
720  49  ALA  HB2  -5.915  3.859  2.508  115.42
721  49  ALA  HB3  -6.066  5.238  3.274  58.17
722  50  GLU  N  -6.088  6.278  -0.441  121.08
723  50  GLU  CA  -6.662  7.301  -1.309  56.88
724  50  GLU  C  -7.819  6.728  -2.114  28.47
725  50  GLU  O  -7.712  6.53  -3.324  1.63
726  50  GLU  CB  -5.596  7.868  -2.248  30.8
727  50  GLU  CG  -6.039  9.126  -2.979  36.36
728  50  GLU  CD  -5.176  9.435  -4.186  4.44
729  50  GLU  OE1  -4.11  8.799  -4.332  7.43
730  50  GLU  OE2  -5.565  10.313  -4.985  4.07
731  50  GLU  H  -6.114  5.455  -0.69  9.07
732  50  GLU  HA  -7  8.013  -0.744  4.34
733  50  GLU  HB2  -4.804  8.081  -1.731  1.92
734  50  GLU  HB3  -5.37  7.196  -2.91  2.25
735  50  GLU  HG2  -6.955  9.007  -3.276  2.28
736  50  GLU  HG3  -5.995  9.875  -2.365  2.4
737  51  VAL  N  -8.922  6.451  -1.427  113.64
738  51  VAL  CA  -10.103  5.885  -2.069  59.92
739  51  VAL  C  -11.226  5.709  -1.058  174.94
740  51  VAL  O  -11.075  6.056  0.107  3.57
741  51  VAL  CB  -9.802  4.522  -2.738  35.89
742  51  VAL  CG1  -9.718  4.684  -4.247  21.05
743  51  VAL  CG2  -8.518  3.899  -2.193  20.84
744  51  VAL  H  -8.937  6.601  -0.58  7
745  51  VAL  HA  -10.398  6.503  -2.756  4.14
746  51  VAL  HB  -10.538  3.921  -2.543  1.84
747  51  VAL  HG11  -10.179  5.495  -4.511  2.99
748  51  VAL  HG12  -8.787  4.74  -4.514  2.76
749  51  VAL  HG13  -10.133  3.921  -4.678  60.86
750  51  VAL  HG21  -8.335  4.254  -1.309  119.16
751  51  VAL  HG22  -8.622  2.936  -2.138  119.02
752  51  VAL  HG23  -7.779  4.112  -2.785  55.67
753  52  ALA  N  -12.354  5.179  -1.506  120.99
754  52  ALA  CA  -13.494  4.978  -0.618  49.75
755  52  ALA  C  -14.314  3.762  -1.017  36.27
756  52  ALA  O  -15.457  3.888  -1.45  1.82
757  52  ALA  CB  -14.374  6.206  -0.618  21.11
758  52  ALA  H  -12.416  4.958  -2.335  7.89
759  52  ALA  HA  -13.155  4.85  0.282  4.39
760  52  ALA  HB1  -14.597  6.439  -1.533  4.47
761  52  ALA  HB2  -15.187  6.014  -0.125  2.47
762  52  ALA  HB3  -13.902  6.941  -0.196  2.43
763  53  GLY  N  -13.733  2.588  -0.861  104.54
764  53  GLY  CA  -14.438  1.371  -1.211  45.08
765  53  GLY  C  -13.868  0.138  -0.537  1.66
766  53  GLY  O  -13.59  0.148  0.662  44.6
767  53  GLY  H  -12.934  2.552  -0.546  8.03
768  53  GLY  HA2  -14.394  1.254  -2.173  3.92
769  53  GLY  HA3  -15.368  1.467  -0.952  4.54
770  54  VAL  N  -13.704  -0.929  -1.311  118.25
771  54  VAL  CA  -13.176  -2.186  -0.79  60.56
772  54  VAL  C  -11.978  -2.661  -1.606  32.47
773  54  VAL  O  -11.939  -2.484  -2.822  1.83
774  54  VAL  CB  -14.259  -3.282  -0.805  34.21
775  54  VAL  CG1  -13.697  -4.609  -0.313  21.39
776  54  VAL  CG2  -15.456  -2.86  0.034  20.55
777  54  VAL  H  -13.922  -0.881  -2.142  7.9
778  54  VAL  HA  -12.9  -2.041  0.128  4.82
779  54  VAL  HB  -14.557  -3.398  -1.721  1.84
780  54  VAL  HG11  -12.832  -4.461  0.099  1.65
781  54  VAL  HG12  -14.305  -4.995  0.337  1.39
782  54  VAL  HG13  -13.598  -5.215  -1.064  4.69
783  54  VAL  HG21  -15.241  -2.047  0.518  1.49
784  54  VAL  HG22  -16.217  -2.7  -0.546  122.72
785  54  VAL  HG23  -15.672  -3.564  0.665  3
786  55  VAL  N  -11.004  -3.272  -0.932  126.61
787  55  VAL  CA  -9.816  -3.774  -1.61  64.67
788  55  VAL  C  -10.109  -5.07  -2.352  39.95
789  55  VAL  O  -10.905  -5.895  -1.903  1.67
790  55  VAL  CB  -8.644  -4.015  -0.636  31.35
791  55  VAL  CG1  -7.43  -4.572  -1.381  22.78
792  55  VAL  CG2  -8.284  -2.728  0.091  22.2
793  55  VAL  H  -11.081  -3.376  -0.082  9.32
794  55  VAL  HA  -9.536  -3.104  -2.254  3.67
795  55  VAL  HB  -8.922  -4.67  0.023  2.35
796  55  VAL  HG11  -7.698  -5.339  -1.911  2.8
797  55  VAL  HG12  -7.068  -3.887  -1.965  1.26
798  55  VAL  HG13  -6.753  -4.843  -0.741  125.7
799  55  VAL  HG21  -9.094  -2.241  0.308  31.5
800  55  VAL  HG22  -7.805  -2.939  0.908  40.86
801  55  VAL  HG23  -7.722  -2.182  -0.481  28.86
802  56  LYS  N  -9.442  -5.242  -3.481  129.32
803  56  LYS  CA  -9.598  -6.438  -4.296  55.14
804  56  LYS  C  -8.292  -7.2  -4.332  113.32
805  56  LYS  O  -8.258  -8.419  -4.158  44.57
806  56  LYS  CB  -10.004  -6.093  -5.735  32.96
807  56  LYS  CG  -10.254  -4.612  -5.986  23.87
808  56  LYS  CD  -11.593  -4.168  -5.418  27.2
809  56  LYS  CE  -12.754  -4.764  -6.196  41.45
810  56  LYS  NZ  -13.405  -5.878  -5.455  3.44
811  56  LYS  H  -8.89  -4.633  -3.735  9.32
812  56  LYS  HA  -10.283  -6.994  -3.892  4.55
813  56  LYS  HB2  -9.293  -6.381  -6.328  1.56
814  56  LYS  HB3  -10.813  -6.581  -5.956  1.88
815  56  LYS  HG2  -9.548  -4.099  -5.564  1.44
816  56  LYS  HG3  -10.246  -4.449  -6.942  1.56
817  56  LYS  HD2  -11.653  -4.455  -4.493  1.57
818  56  LYS  HD3  -11.648  -3.201  -5.463  1.65
819  56  LYS  HE2  -13.41  -4.069  -6.36  2.81
820  56  LYS  HE3  -12.422  -5.1  -7.043  2.99
821  56  LYS  HZ1  -14.057  -5.563  -4.938  4.12
822  56  LYS  HZ2  -13.753  -6.465  -6.027  1.91
823  56  LYS  HZ3  -12.809  -6.295  -4.943  1.53
824  57  GLU  N  -7.215  -6.468  -4.575  114.19
825  57  GLU  CA  -5.905  -7.07  -4.652  55.57
826  57  GLU  C  -5.017  -6.625  -3.496  116.42
827  57  GLU  O  -5.402  -5.782  -2.686  58.97
828  57  GLU  CB  -5.24  -6.732  -5.987  35.96
829  57  GLU  CG  -5.495  -7.763  -7.073  34.64
830  57  GLU  CD  -4.346  -8.74  -7.232  40.57
831  57  GLU  OE1  -3.706  -9.074  -6.213  56.7
832  57  GLU  OE2  -4.086  -9.17  -8.375  34.76
833  57  GLU  H  -7.298  -5.621  -4.698  7.71
834  57  GLU  HA  -6.035  -8.03  -4.599  4.54
835  57  GLU  HB2  -5.577  -5.876  -6.296  2.1
836  57  GLU  HB3  -4.282  -6.664  -5.851  2.1
837  57  GLU  HG2  -6.296  -8.261  -6.848  1.71
838  57  GLU  HG3  -5.629  -7.301  -7.915  1.85
839  58  VAL  N  -3.824  -7.204  -3.43  123.53
840  58  VAL  CA  -2.865  -6.883  -2.38  62.12
841  58  VAL  C  -1.481  -7.404  -2.742  5.03
842  58  VAL  O  -1.288  -8.604  -2.933  2.15
843  58  VAL  CB  -3.291  -7.485  -1.03  33.2
844  58  VAL  CG1  -3.389  -8.997  -1.134  21.27
845  58  VAL  CG2  -2.317  -7.08  0.065  21.52
846  58  VAL  H  -3.611  -7.788  -4.024  9.06
847  58  VAL  HA  -2.826  -5.918  -2.288  4.41
848  58  VAL  HB  -4.168  -7.138  -0.804  2.07
849  58  VAL  HG11  -3.458  -9.253  -2.067  45.07
850  58  VAL  HG12  -2.595  -9.399  -0.748  55.15
851  58  VAL  HG13  -4.174  -9.305  -0.655  174.89
852  58  VAL  HG21  -1.792  -6.321  -0.235  122.52
853  58  VAL  HG22  -2.813  -6.837  0.862  9.33
854  58  VAL  HG23  -1.727  -7.823  0.265  5.04
855  59  LYS  N  -0.525  -6.492  -2.844  122.49
856  59  LYS  CA  0.842  -6.852  -3.197  54.77
857  59  LYS  C  1.832  -6.188  -2.25  1.32
858  59  LYS  O  2.606  -5.321  -2.652  5.1
859  59  LYS  CB  1.141  -6.436  -4.638  31.44
860  59  LYS  CG  -0.076  -6.493  -5.552  23.73
861  59  LYS  CD  0.258  -7.129  -6.891  27.15
862  59  LYS  CE  -0.726  -6.703  -7.969  41.42
863  59  LYS  NZ  -1.177  -7.857  -8.796  2.32
864  59  LYS  H  -0.718  -5.665  -2.707  8.34
865  59  LYS  HA  0.928  -7.815  -3.12  4.45
866  59  LYS  HB2  1.476  -5.526  -4.635  1.51
867  59  LYS  HB3  1.822  -7.024  -5  2
868  59  LYS  HG2  -0.768  -7.017  -5.119  1.04
869  59  LYS  HG3  -0.397  -5.59  -5.703  1.23
870  59  LYS  HD2  1.151  -6.858  -7.154  1.49
871  59  LYS  HD3  0.227  -8.094  -6.797  1.58
872  59  LYS  HE2  -1.498  -6.297  -7.545  2.71
873  59  LYS  HE3  -0.294  -6.052  -8.544  2.92
874  59  LYS  HZ1  -0.541  -8.479  -8.824  4.83
875  59  LYS  HZ2  -1.913  -8.214  -8.446  1.64
876  59  LYS  HZ3  -1.353  -7.588  -9.626  1.49
877  60  VAL  N  1.793  -6.595  -0.987  106.55
878  60  VAL  CA  2.678  -6.031  0.021  58.14
879  60  VAL  C  2.551  -6.794  1.339  127.12
880  60  VAL  O  1.537  -7.441  1.603  60.97
881  60  VAL  CB  2.385  -4.519  0.23  35.88
882  60  VAL  CG1  0.895  -4.236  0.092  23.22
883  60  VAL  CG2  2.907  -4.01  1.572  18.03
884  60  VAL  H  1.226  -7.2  -0.758  6.84
885  60  VAL  HA  3.588  -6.121  -0.302  4.79
886  60  VAL  HB  2.844  -4.031  -0.472  2.07
887  60  VAL  HG11  0.403  -4.769  0.736  5.02
888  60  VAL  HG12  0.729  -3.294  0.254  1.93
889  60  VAL  HG13  0.606  -4.466  -0.805  27.42
890  60  VAL  HG21  3.837  -4.264  1.674  1.33
891  60  VAL  HG22  2.832  -3.043  1.603  4.85
892  60  VAL  HG23  2.385  -4.399  2.291  1.32
893  61  LYS  N  3.592  -6.711  2.158  117.63
894  61  LYS  CA  3.611  -7.39  3.449  54
895  61  LYS  C  4.817  -6.95  4.273  7.3
896  61  LYS  O  5.401  -5.896  4.021  54.37
897  61  LYS  CB  3.639  -8.907  3.249  36.11
898  61  LYS  CG  2.808  -9.668  4.269  23.45
899  61  LYS  CD  1.425  -9.991  3.73  29.01
900  61  LYS  CE  1.482  -11.064  2.655  41.92
901  61  LYS  NZ  0.148  -11.68  2.413  65.8
902  61  LYS  H  4.274  -6.245  1.918  8.39
903  61  LYS  HA  2.802  -7.148  3.926  4.54
904  61  LYS  HB2  3.297  -9.113  2.365  1.69
905  61  LYS  HB3  4.557  -9.214  3.312  1.69
906  61  LYS  HG2  3.262  -10.497  4.487  1.18
907  61  LYS  HG3  2.718  -9.126  5.069  1.45
908  61  LYS  HD2  0.869  -10.307  4.46  1.63
909  61  LYS  HD3  1.038  -9.185  3.353  1.63
910  61  LYS  HE2  1.797  -10.662  1.83  3
911  61  LYS  HE3  2.103  -11.754  2.936  3
912  61  LYS  HZ1  -0.32  -11.705  3.169  63.56
913  61  LYS  HZ2  -0.304  -11.203  1.812  7.09
914  61  LYS  HZ3  0.245  -12.51  2.107  10.81
915  62  VAL  N  5.186  -7.761  5.259  118.94
916  62  VAL  CA  6.322  -7.449  6.118  65.33
917  62  VAL  C  7.471  -8.425  5.887  51.86
918  62  VAL  O  7.496  -9.515  6.459  40.9
919  62  VAL  CB  5.924  -7.482  7.606  31.34
920  62  VAL  CG1  7.117  -7.148  8.488  23.28
921  62  VAL  CG2  4.773  -6.525  7.87  21.13
922  62  VAL  H  4.744  -8.486  5.395  8.3
923  62  VAL  HA  6.623  -6.552  5.902  3.25
924  62  VAL  HB  5.628  -8.38  7.823  1.86
925  62  VAL  HG11  7.828  -7.789  8.328  174.77
926  62  VAL  HG12  7.434  -6.255  8.279  1.63
927  62  VAL  HG13  6.85  -7.187  9.42  9.12
928  62  VAL  HG21  4.289  -6.365  7.045  4.71
929  62  VAL  HG22  4.174  -6.912  8.527  2.08
930  62  VAL  HG23  5.121  -5.685  8.207  37.04
931  63  GLY  N  8.422  -8.027  5.046  115.66
932  63  GLY  CA  9.56  -8.879  4.757  44.42
933  63  GLY  C  9.926  -8.894  3.284  3.65
934  63  GLY  O  11.017  -9.326  2.915  3.72
935  63  GLY  H  8.357  -7.255  4.672  8.82
936  63  GLY  HA2  9.351  -9.784  5.036  3.73
937  63  GLY  HA3  10.323  -8.563  5.265  4.45
938  64  ASP  N  9.012  -8.424  2.438  121.02
939  64  ASP  CA  9.25  -8.391  1  54.84
940  64  ASP  C  9.746  -7.017  0.558  174.44
941  64  ASP  O  9.616  -6.035  1.289  7.53
942  64  ASP  CB  7.97  -8.751  0.242  41.78
943  64  ASP  CG  6.755  -8.02  0.779  53.44
944  64  ASP  OD1  6.397  -8.245  1.953  176.27
945  64  ASP  OD2  6.161  -7.223  0.022  1.77
946  64  ASP  H  8.263  -8.134  2.746  7.92
947  64  ASP  HA  9.933  -9.049  0.796  4.62
948  64  ASP  HB2  8.08  -8.521  -0.694  2.66
949  64  ASP  HB3  7.815  -9.705  0.32  2.98
950  65  LYS  N  10.309  -6.956  -0.646  116.15
951  65  LYS  CA  10.819  -5.701  -1.191  53.95
952  65  LYS  C  9.833  -5.109  -2.192  175.84
953  65  LYS  O  9.105  -5.837  -2.866  56.1
954  65  LYS  CB  12.19  -5.902  -1.854  35.06
955  65  LYS  CG  12.45  -7.321  -2.338  25.25
956  65  LYS  CD  11.497  -7.708  -3.455  28.91
957  65  LYS  CE  12.248  -8.07  -4.727  42.33
958  65  LYS  NZ  12.249  -9.539  -4.973  177.19
959  65  LYS  H  10.368  -7.674  -1.116  8.16
960  65  LYS  HA  10.918  -5.08  -0.453  5.29
961  65  LYS  HB2  12.256  -5.307  -2.617  1.19
962  65  LYS  HB3  12.882  -5.668  -1.215  1.57
963  65  LYS  HG2  13.361  -7.379  -2.666  1.36
964  65  LYS  HG3  12.331  -7.932  -1.595  1.36
965  65  LYS  HD2  10.973  -8.473  -3.17  1.54
966  65  LYS  HD3  10.909  -6.958  -3.637  1.54
967  65  LYS  HE2  11.824  -7.625  -5.477  2.95
968  65  LYS  HE3  13.165  -7.763  -4.646  3.01
969  65  LYS  HZ1  11.436  -9.872  -4.833  36.76
970  65  LYS  HZ2  12.489  -9.708  -5.813  7.18
971  65  LYS  HZ3  12.823  -9.94  -4.424  63.3
972  66  ILE  N  9.803  -3.783  -2.273  122.13
973  66  ILE  CA  8.894  -3.096  -3.176  61.23
974  66  ILE  C  9.584  -1.921  -3.881  176.42
975  66  ILE  O  10.733  -1.597  -3.587  31.47
976  66  ILE  CB  7.62  -2.642  -2.406  44.62
977  66  ILE  CG1  6.379  -3.055  -3.187  29.66
978  66  ILE  CG2  7.597  -1.146  -2.092  15.69
979  66  ILE  CD  6.261  -4.553  -3.324  123.47
980  66  ILE  H  10.324  -3.319  -1.77  9.22
981  66  ILE  HA  8.62  -3.735  -3.852  4.68
982  66  ILE  HB  7.612  -3.112  -1.558  1.47
983  66  ILE  HG12  5.588  -2.729  -2.731  1.56
984  66  ILE  HG13  6.418  -2.674  -4.078  1.86
985  66  ILE  HG21  7.755  -0.638  -2.903  113.52
986  66  ILE  HG22  6.731  -0.909  -1.725  57.67
987  66  ILE  HG23  8.289  -0.942  -1.443  178.94
988  66  ILE  HD11  7.084  -5.021  -2.797  9.11
989  66  ILE  HD12  5.327  -4.883  -2.898  31.67
990  66  ILE  HD13  6.301  -4.824  -4.368  119.56
991  67  SER  N  8.873  -1.288  -4.812  115.94
992  67  SER  CA  9.423  -0.154  -5.549  55.75
993  67  SER  C  8.355  0.906  -5.813  7.02
994  67  SER  O  7.219  0.584  -6.16  4.18
995  67  SER  CB  10.025  -0.627  -6.874  66.12
996  67  SER  OG  10.848  -1.764  -6.682  1.97
997  67  SER  H  8.073  -1.553  -4.983  7.7
998  67  SER  HA  10.126  0.239  -5.008  5.04
999  67  SER  HB2  9.311  -0.859  -7.488  3.57
1000  67  SER  HB3  10.561  0.086  -7.256  4.16
1001  67  SER  HG  10.402  -2.461  -6.826  2.05
1002  68  GLU  N  8.736  2.174  -5.651  121.58
1003  68  GLU  CA  7.829  3.302  -5.874  58.13
1004  68  GLU  C  6.937  3.066  -7.092  175.24
1005  68  GLU  O  7.424  2.969  -8.219  119.66
1006  68  GLU  CB  8.631  4.591  -6.06  29.26
1007  68  GLU  CG  9.522  4.927  -4.876  34.59
1008  68  GLU  CD  10.328  6.192  -5.093  7.81
1009  68  GLU  OE1  10.332  6.706  -6.232  4.44
1010  68  GLU  OE2  10.956  6.671  -4.125  4.21
1011  68  GLU  H  9.545  2.336  -5.408  8.82
1012  68  GLU  HA  7.268  3.395  -5.088  3.75
1013  68  GLU  HB2  9.192  4.499  -6.846  1.74
1014  68  GLU  HB3  8.015  5.328  -6.195  2.19
1015  68  GLU  HG2  8.966  5.046  -4.09  2.04
1016  68  GLU  HG3  10.136  4.19  -4.728  2.17
1017  69  GLY  N  5.633  2.966  -6.857  115.43
1018  69  GLY  CA  4.701  2.734  -7.943  44.55
1019  69  GLY  C  4.824  1.336  -8.515  4.37
1020  69  GLY  O  5.362  1.151  -9.607  28.85
1021  69  GLY  H  5.342  3.038  -6.051  9.39
1022  69  GLY  HA2  4.874  3.378  -8.647  3.55
1023  69  GLY  HA3  3.798  2.861  -7.613  4.38
1024  70  GLY  N  4.325  0.348  -7.776  107.67
1025  70  GLY  CA  4.395  -1.026  -8.238  45.34
1026  70  GLY  C  3.109  -1.786  -7.989  64.36
1027  70  GLY  O  3.129  -2.995  -7.759  3.72
1028  70  GLY  H  3.958  0.527  -7.019  8.55
1029  70  GLY  HA2  5.119  -1.476  -7.776  3.48
1030  70  GLY  HA3  4.582  -1.029  -9.19  4.01
1031  71  LEU  N  1.988  -1.075  -8.034  124.95
1032  71  LEU  CA  0.683  -1.685  -7.809  55.97
1033  71  LEU  C  0.69  -2.539  -6.546  113.02
1034  71  LEU  O  1.083  -3.705  -6.573  58.96
1035  71  LEU  CB  0.28  -2.54  -9.011  42.41
1036  71  LEU  CG  -1.145  -3.093  -8.958  27.13
1037  71  LEU  CD1  -2.123  -2  -8.554  24.19
1038  71  LEU  CD2  -1.535  -3.69  -10.302  25.76
1039  71  LEU  H  2.033  -0.232  -8.198  8.52
1040  71  LEU  HA  0.036  -0.971  -7.7  4.01
1041  71  LEU  HB2  0.37  -2.001  -9.813  1.49
1042  71  LEU  HB3  0.893  -3.289  -9.072  1.59
1043  71  LEU  HG  -1.188  -3.796  -8.291  1.25
1044  71  LEU  HD11  -1.719  -1.132  -8.71  6.84
1045  71  LEU  HD12  -2.933  -2.08  -9.082  4.17
1046  71  LEU  HD13  -2.339  -2.091  -7.613  2.06
1047  71  LEU  HD21  -1.305  -3.07  -11.011  1.97
1048  71  LEU  HD22  -1.059  -4.525  -10.436  2.21
1049  71  LEU  HD23  -2.49  -3.857  -10.316  2.11
1050  72  ILE  N  0.253  -1.948  -5.44  120.3
1051  72  ILE  CA  0.21  -2.649  -4.168  63.08
1052  72  ILE  C  -1.181  -3.245  -3.926  178.34
1053  72  ILE  O  -1.375  -4.453  -4.046  6.89
1054  72  ILE  CB  0.643  -1.703  -3.007  40.5
1055  72  ILE  CG1  2.137  -1.874  -2.736  27.67
1056  72  ILE  CG2  -0.15  -1.937  -1.719  19.58
1057  72  ILE  CD  2.866  -0.565  -2.546  119.07
1058  72  ILE  H  -0.009  -1.13  -5.476  8.88
1059  72  ILE  HA  0.85  -3.376  -4.215  4.2
1060  72  ILE  HB  0.486  -0.79  -3.294  1.57
1061  72  ILE  HG12  2.255  -2.4  -1.929  0.53
1062  72  ILE  HG13  2.544  -2.339  -3.484  0.91
1063  72  ILE  HG21  -0.377  -2.877  -1.644  2
1064  72  ILE  HG22  0.389  -1.672  -0.957  1.94
1065  72  ILE  HG23  -0.963  -1.409  -1.74  1.73
1066  72  ILE  HD11  2.208  0.149  -2.074  1.69
1067  72  ILE  HD12  3.734  -0.724  -1.922  3.23
1068  72  ILE  HD13  3.178  -0.187  -3.507  3.09
1069  73  VAL  N  -2.144  -2.396  -3.581  106.02
1070  73  VAL  CA  -3.501  -2.859  -3.323  57.62
1071  73  VAL  C  -4.523  -2.122  -4.181  2.12
1072  73  VAL  O  -4.462  -0.905  -4.338  2.44
1073  73  VAL  CB  -3.883  -2.693  -1.838  37.46
1074  73  VAL  CG1  -2.887  -3.416  -0.945  24.2
1075  73  VAL  CG2  -3.974  -1.221  -1.469  21.69
1076  73  VAL  H  -1.962  -1.559  -3.506  7.23
1077  73  VAL  HA  -3.537  -3.804  -3.538  5.1
1078  73  VAL  HB  -4.756  -3.094  -1.702  2.24
1079  73  VAL  HG11  -2.284  -3.942  -1.493  113.52
1080  73  VAL  HG12  -2.377  -2.765  -0.437  38.69
1081  73  VAL  HG13  -3.364  -4.001  -0.335  4.92
1082  73  VAL  HG21  -4.612  -0.782  -2.053  8.23
1083  73  VAL  HG22  -4.266  -1.136  -0.548  4.01
1084  73  VAL  HG23  -3.103  -0.807  -1.572  1.91
1085  74  VAL  N  -5.469  -2.872  -4.726  119.62
1086  74  VAL  CA  -6.517  -2.302  -5.559  61.67
1087  74  VAL  C  -7.829  -2.25  -4.787  4.26
1088  74  VAL  O  -8.138  -3.162  -4.022  3.01
1089  74  VAL  CB  -6.712  -3.13  -6.843  33.73
1090  74  VAL  CG1  -7.806  -2.534  -7.715  21.89
1091  74  VAL  CG2  -5.402  -3.234  -7.613  21.89
1092  74  VAL  H  -5.468  -3.719  -4.577  8.33
1093  74  VAL  HA  -6.256  -1.4  -5.803  4.78
1094  74  VAL  HB  -6.984  -4.025  -6.585  1.77
1095  74  VAL  HG11  -8.508  -2.169  -7.153  177.84
1096  74  VAL  HG12  -7.433  -1.828  -8.266  7.25
1097  74  VAL  HG13  -8.176  -3.225  -8.286  30.87
1098  74  VAL  HG21  -4.744  -2.644  -7.213  3.43
1099  74  VAL  HG22  -5.08  -4.148  -7.578  3.11
1100  74  VAL  HG23  -5.548  -2.977  -8.537  2.72
1101  75  VAL  N  -8.592  -1.178  -4.969  125.35
1102  75  VAL  CA  -9.851  -1.027  -4.265  59
1103  75  VAL  C  -11.008  -0.729  -5.206  120.74
1104  75  VAL  O  -10.815  -0.476  -6.395  67.92
1105  75  VAL  CB  -9.763  0.095  -3.223  35.79
1106  75  VAL  CG1  -8.681  -0.206  -2.197  21.4
1107  75  VAL  CG2  -9.51  1.43  -3.902  20.44
1108  75  VAL  H  -8.332  -0.556  -5.503  9.35
1109  75  VAL  HA  -10.033  -1.858  -3.8  4.87
1110  75  VAL  HB  -10.614  0.146  -2.761  1.64
1111  75  VAL  HG11  -8.71  -1.147  -1.962  29.07
1112  75  VAL  HG12  -7.812  0.006  -2.572  3.93
1113  75  VAL  HG13  -8.83  0.33  -1.403  55.18
1114  75  VAL  HG21  -9.774  1.374  -4.834  0.84
1115  75  VAL  HG22  -10.029  2.12  -3.46  60.1
1116  75  VAL  HG23  -8.567  1.648  -3.845  6.88
1117  76  GLU  N  -12.216  -0.754  -4.65  125.37
1118  76  GLU  CA  -13.423  -0.48  -5.416  55.02
1119  76  GLU  C  -13.67  1.022  -5.494  2.16
1120  76  GLU  O  -14.07  1.543  -6.534  2.42
1121  76  GLU  CB  -14.626  -1.178  -4.772  29.93
1122  76  GLU  CG  -15.489  -1.94  -5.762  35.78
1123  76  GLU  CD  -16.4  -1.029  -6.561  65.87
1124  76  GLU  OE1  -16.707  0.08  -6.074  176.64
1125  76  GLU  OE2  -16.809  -1.424  -7.673  34.58
1126  76  GLU  H  -12.285  -0.932  -3.812  9.29
1127  76  GLU  HA  -13.296  -0.827  -6.313  4.81
1128  76  GLU  HB2  -14.305  -1.803  -4.103  1.75
1129  76  GLU  HB3  -15.179  -0.509  -4.339  2.04
1130  76  GLU  HG2  -14.911  -2.416  -6.378  1.92
1131  76  GLU  HG3  -16.035  -2.576  -5.275  2.18
1132  77  ALA  N  -13.412  1.708  -4.382  132.82
1133  77  ALA  CA  -13.585  3.153  -4.297  51.59
1134  77  ALA  C  -15.01  3.586  -4.638  0.36
1135  77  ALA  O  -15.62  3.083  -5.58  56.02
1136  77  ALA  CB  -12.587  3.848  -5.199  20.97
1137  77  ALA  H  -13.12  1.285  -3.692  8.74
1138  77  ALA  HA  -13.394  3.418  -3.384  4.74
1139  77  ALA  HB1  -12.167  4.576  -4.714  4.31
1140  77  ALA  HB2  -13.044  4.199  -5.979  30.37
1141  77  ALA  HB3  -11.909  3.212  -5.477  2.15
1142  78  GLU  N  -15.533  4.533  -3.858  121.93
1143  78  GLU  CA  -16.883  5.057  -4.059  56.59
1144  78  GLU  C  -17.866  3.952  -4.446  3.44
1145  78  GLU  O  -18.734  4.147  -5.296  2.04
1146  78  GLU  CB  -16.867  6.145  -5.131  30.22
1147  78  GLU  CG  -17.633  7.395  -4.737  35.89
1148  78  GLU  CD  -17.817  8.356  -5.895  29.57
1149  78  GLU  OE1  -18.702  8.106  -6.739  42.99
1150  78  GLU  OE2  -17.076  9.36  -5.957  2.23
1151  78  GLU  H  -15.058  4.85  -3.215  8.83
1152  78  GLU  HA  -17.174  5.449  -3.221  4.28
1153  78  GLU  HB2  -15.946  6.396  -5.302  1.9
1154  78  GLU  HB3  -17.257  5.791  -5.946  1.98
1155  78  GLU  HG2  -18.507  7.134  -4.408  2.24
1156  78  GLU  HG3  -17.146  7.848  -4.03  2.24
1157  79  GLY  N  -17.722  2.792  -3.812  109.84
1158  79  GLY  CA  -18.599  1.674  -4.1  45.11
1159  79  GLY  C  -19.808  1.633  -3.184  1.17
1160  79  GLY  O  -19.803  2.237  -2.112  2.81
1161  79  GLY  H  -17.099  2.707  -3.226  8.62
1162  79  GLY  HA2  -18.1  0.849  -3.996  4
1163  79  GLY  HA3  -18.904  1.742  -5.018  4
1164  80  THR  N  -20.845  0.918  -3.608  111.9
1165  80  THR  CA  -22.066  0.799  -2.82  61.28
1166  80  THR  C  -22.445  -0.666  -2.624  2.24
1167  80  THR  O  -21.892  -1.552  -3.276  1.66
1168  80  THR  CB  -23.212  1.549  -3.501  70.01
1169  80  THR  OG1  -23.742  0.789  -4.573  2.93
1170  80  THR  CG2  -22.801  2.897  -4.054  21.28
1171  80  THR  H  -20.794  0.515  -4.366  8.05
1172  80  THR  HA  -21.9  1.198  -1.952  4.39
1173  80  THR  HB  -23.92  1.697  -2.854  4.24
1174  80  THR  HG1  -24.453  1.144  -4.843  120.22
1175  80  THR  HG21  -21.883  3.084  -3.801  58.97
1176  80  THR  HG22  -22.874  2.886  -5.021  178.54
1177  80  THR  HG23  -23.382  3.585  -3.693  7.57
1178  81  ALA  N  -23.39  -0.913  -1.723  130.71
1179  81  ALA  CA  -23.84  -2.271  -1.442  53.74
1180  81  ALA  C  -25.334  -2.422  -1.71  4.36
1181  81  ALA  O  -26.031  -1.388  -1.767  119.25
1182  81  ALA  CB  -23.522  -2.644  -0.002  19.94
1183  81  ALA  OXT  -25.793  -3.574  -1.861  7.78
1184  81  ALA  H  -23.744  -0.256  -1.295  8.1
1185  81  ALA  HA  -23.354  -2.875  -2.025  4.13
1186  81  ALA  HB1  -24.017  -2.065  0.599  27.96
1187  81  ALA  HB2  -22.571  -2.538  0.157  1.5
1188  81  ALA  HB3  -23.775  -3.567  0.156  4.17
