1  1  LYS  N  9.117  26.824  16.716  123.7
2  1  LYS  CA  10.175  27.541  15.962  53.41
3  1  LYS  C  10.366  26.939  14.567  177.65
4  1  LYS  O  10.548  25.738  14.435  55.76
5  1  LYS  CB  11.506  27.452  16.728  18.64
6  1  LYS  CG  12.729  27.978  15.954  30.3
7  1  LYS  CD  13.236  29.304  16.518  8.23
8  1  LYS  CE  14.285  29.962  15.613  4.04
9  1  LYS  NZ  13.699  30.589  14.39  3.63
10  1  LYS  H  8.933  27.268  17.465  8.89
11  1  LYS  H2  8.382  26.769  16.217  3.97
12  1  LYS  H3  9.4  26.005  16.919  3.66
13  1  LYS  HA  9.901  28.467  15.868  4.14
14  1  LYS  HB2  11.423  27.951  17.556  56.58
15  1  LYS  HB3  11.665  26.526  16.97  54.2
16  1  LYS  HG2  13.44  27.32  15.989  176.3
17  1  LYS  HG3  12.495  28.093  15.02  30.32
18  1  LYS  HD2  12.488  29.91  16.635  41.08
19  1  LYS  HD3  13.619  29.154  17.396  176.3
20  1  LYS  HE2  14.761  30.638  16.119  116.3
21  1  LYS  HE3  14.937  29.295  15.346  54.91
22  1  LYS  HZ1  14.348  30.954  13.903  176.05
23  1  LYS  HZ2  13.281  29.968  13.909  4.57
24  1  LYS  HZ3  13.118  31.219  14.629  40.63
25  2  GLN  N  10.308  27.76  13.522  127.45
26  2  GLN  CA  10.548  27.253  12.169  115.57
27  2  GLN  C  11.881  27.832  11.659  8.17
28  2  GLN  O  12.004  29.037  11.482  8.02
29  2  GLN  CB  9.405  27.612  11.212  4.5
30  2  GLN  CG  9.664  27.044  9.83  2.63
31  2  GLN  CD  8.432  26.994  8.951  8.6
32  2  GLN  OE1  7.521  26.192  9.184  8.27
33  2  GLN  NE2  8.408  27.828  7.909  4.28
34  2  GLN  H  10.134  28.601  13.57  8.67
35  2  GLN  HA  10.592  26.285  12.201  3.73
36  2  GLN  HB2  8.567  27.266  11.557  122.09
37  2  GLN  HB3  9.313  28.576  11.158  56.92
38  2  GLN  HG2  10.343  27.58  9.391  178
39  2  GLN  HG3  10.024  26.148  9.92  117.32
40  2  GLN  HE21  9.061  28.373  7.779  55.37
41  2  GLN  HE22  7.74  27.821  7.368  175.65
42  3  PHE  N  12.892  27.005  11.46  123.08
43  3  PHE  CA  14.179  27.535  11.002  29.35
44  3  PHE  C  14.229  27.782  9.5  8.72
45  3  PHE  O  13.414  27.249  8.753  119.09
46  3  PHE  CB  15.285  26.514  11.291  7.9
47  3  PHE  CG  15.393  26.115  12.73  4.35
48  3  PHE  CD1  16.064  26.935  13.647  47.39
49  3  PHE  CD2  14.852  24.916  13.175  176.05
50  3  PHE  CE1  16.192  26.556  14.998  115.24
51  3  PHE  CE2  14.981  24.528  14.512  32.2
52  3  PHE  CZ  15.65  25.347  15.427  20.81
53  3  PHE  H  12.864  26.154  11.578  8.18
54  3  PHE  HA  14.299  28.375  11.473  54.16
55  3  PHE  HB2  15.126  25.72  10.757  177.35
56  3  PHE  HB3  16.135  26.883  11.004  8.27
57  3  PHE  HD1  16.43  27.74  13.36  43.47
58  3  PHE  HD2  14.399  24.365  12.578  26.59
59  3  PHE  HE1  16.636  27.11  15.599  3.87
60  3  PHE  HE2  14.619  23.719  14.795  121.74
61  3  PHE  HZ  15.732  25.086  16.316  57.24
62  4  THR  N  15.201  28.578  9.057  108.07
63  4  THR  CA  15.434  28.729  7.617  4.65
64  4  THR  C  16.542  27.694  7.282  55.79
65  4  THR  O  17.188  27.143  8.177  1.48
66  4  THR  CB  15.936  30.13  7.223  118.46
67  4  THR  OG1  17.236  30.361  7.775  30.47
68  4  THR  CG2  14.991  31.179  7.735  112.26
69  4  THR  H  15.729  29.033  9.561  8.23
70  4  THR  HA  14.603  28.596  7.135  174.95
71  4  THR  HB  15.982  30.179  6.255  178.95
72  4  THR  HG1  17.503  31.126  7.554  71.02
73  4  THR  HG21  15.315  32.058  7.482  8.15
74  4  THR  HG22  14.111  31.037  7.352  8.15
75  4  THR  HG23  14.936  31.121  8.702  4.2
76  5  LYS  N  16.776  27.455  6  118.52
77  5  LYS  CA  17.777  26.504  5.546  8.67
78  5  LYS  C  19.155  26.722  6.177  4.46
79  5  LYS  O  19.759  25.808  6.731  40.78
80  5  LYS  CB  17.879  26.598  4.028  29.13
81  5  LYS  CG  18.652  25.488  3.432  1.28
82  5  LYS  CD  18.682  25.575  1.948  44.81
83  5  LYS  CE  19.316  26.858  1.516  120.03
84  5  LYS  NZ  19.594  26.832  0.078  59.94
85  5  LYS  H  16.353  27.846  5.361  8.99
86  5  LYS  HA  17.491  25.62  5.825  3.98
87  5  LYS  HB2  16.986  26.604  3.649  29
88  5  LYS  HB3  18.295  27.441  3.788  36.28
89  5  LYS  HG2  19.559  25.503  3.776  176.57
90  5  LYS  HG3  18.262  24.641  3.699  7.71
91  5  LYS  HD2  19.176  24.824  1.584  117.14
92  5  LYS  HD3  17.78  25.518  1.596  8.74
93  5  LYS  HE2  18.729  27.602  1.724  3.96
94  5  LYS  HE3  20.14  27  2.008  2.02
95  5  LYS  HZ1  20.332  27.299  -0.09  40.76
96  5  LYS  HZ2  19.709  25.99  -0.187  2.29
97  5  LYS  HZ3  18.909  27.191  -0.363  115.5
98  6  CYS  N  19.652  27.947  6.072  56.24
99  6  CYS  CA  20.967  28.314  6.604  9.21
100  6  CYS  C  21.085  28.359  8.12  118.97
101  6  CYS  O  22.138  28.047  8.683  59.94
102  6  CYS  CB  21.364  29.642  6.005  179.05
103  6  CYS  SG  21.853  29.427  4.272  0.79
104  6  CYS  H  19.237  28.596  5.689  28.88
105  6  CYS  HA  21.571  27.6  6.347  122.9
106  6  CYS  HB2  20.623  30.265  6.064  113.85
107  6  CYS  HB3  22.098  30.025  6.51  58.24
108  7  GLU  N  20.007  28.777  8.779  123.99
109  7  GLU  CA  19.98  28.825  10.222  4.05
110  7  GLU  C  20.228  27.395  10.74  39.46
111  7  GLU  O  21.122  27.158  11.551  176.68
112  7  GLU  CB  18.612  29.334  10.669  175.79
113  7  GLU  CG  18.581  29.814  12.094  18.14
114  7  GLU  CD  17.241  30.427  12.485  119.72
115  7  GLU  OE1  16.316  30.455  11.637  58.52
116  7  GLU  OE2  17.126  30.877  13.652  177.95
117  7  GLU  H  19.281  29.037  8.399  7.84
118  7  GLU  HA  20.66  29.421  10.573  28.92
119  7  GLU  HB2  18.339  30.06  10.086  7.65
120  7  GLU  HB3  17.96  28.623  10.561  3.85
121  7  GLU  HG2  18.776  29.07  12.685  37
122  7  GLU  HG3  19.282  30.471  12.224  2.34
123  8  LEU  N  19.426  26.449  10.258  118.94
124  8  LEU  CA  19.554  25.061  10.655  118.38
125  8  LEU  C  20.916  24.485  10.236  66.29
126  8  LEU  O  21.494  23.68  10.952  177.55
127  8  LEU  CB  18.394  24.238  10.073  174.05
128  8  LEU  CG  18.359  22.745  10.435  37.63
129  8  LEU  CD1  18.197  22.547  11.941  107.66
130  8  LEU  CD2  17.239  22.083  9.664  46.09
131  8  LEU  H  18.795  26.599  9.693  8.26
132  8  LEU  HA  19.509  25.011  11.623  58.44
133  8  LEU  HB2  17.561  24.64  10.365  8.29
134  8  LEU  HB3  18.423  24.315  9.106  3.7
135  8  LEU  HG  19.201  22.332  10.189  63.38
136  8  LEU  HD11  18.178  21.598  12.143  7.39
137  8  LEU  HD12  18.942  22.961  12.404  1.06
138  8  LEU  HD13  17.368  22.956  12.234  4.24
139  8  LEU  HD21  17.208  21.139  9.885  120.46
140  8  LEU  HD22  16.394  22.498  9.899  55.39
141  8  LEU  HD23  17.396  22.187  8.712  180.85
142  9  SER  N  21.403  24.842  9.054  113.45
143  9  SER  CA  22.711  24.357  8.612  17.63
144  9  SER  C  23.785  24.701  9.627  176.3
145  9  SER  O  24.698  23.905  9.869  111.31
146  9  SER  CB  23.114  24.999  7.292  44.1
147  9  SER  OG  22.486  24.359  6.208  172.35
148  9  SER  H  21  25.358  8.496  8.02
149  9  SER  HA  22.634  23.395  8.51  2.57
150  9  SER  HB2  22.875  25.939  7.299  7.97
151  9  SER  HB3  24.077  24.952  7.186  4.1
152  9  SER  HG  21.688  24.615  6.155  8.06
153  10  GLN  N  23.74  25.94  10.118  117.49
154  10  GLN  CA  24.704  26.41  11.105  1.81
155  10  GLN  C  24.601  25.618  12.409  8.73
156  10  GLN  O  25.629  25.297  13.029  7.75
157  10  GLN  CB  24.501  27.894  11.385  120.54
158  10  GLN  CG  25.017  28.815  10.3  62.39
159  10  GLN  CD  24.452  30.229  10.459  119.1
160  10  GLN  OE1  24.454  30.798  11.568  59.42
161  10  GLN  NE2  23.93  30.79  9.359  179.75
162  10  GLN  H  23.153  26.526  9.889  7.27
163  10  GLN  HA  25.59  26.273  10.736  29.18
164  10  GLN  HB2  23.554  28.061  11.511  35.71
165  10  GLN  HB3  24.942  28.117  12.22  3.89
166  10  GLN  HG2  25.986  28.846  10.332  1.94
167  10  GLN  HG3  24.773  28.462  9.43  59.31
168  10  GLN  HE21  23.947  30.366  8.611  7.67
169  10  GLN  HE22  23.578  31.574  9.402  4.13
170  11  LEU  N  23.37  25.341  12.847  119.46
171  11  LEU  CA  23.147  24.552  14.059  22.64
172  11  LEU  C  23.606  23.08  13.927  2.13
173  11  LEU  O  23.946  22.461  14.93  9.13
174  11  LEU  CB  21.668  24.593  14.473  3.78
175  11  LEU  CG  21.096  25.964  14.856  176.12
176  11  LEU  CD1  19.564  25.869  14.896  32.67
177  11  LEU  CD2  21.684  26.473  16.186  30.47
178  11  LEU  H  22.65  25.602  12.455  7.6
179  11  LEU  HA  23.695  24.963  14.746  42.98
180  11  LEU  HB2  21.139  24.238  13.741  32.68
181  11  LEU  HB3  21.548  23.994  15.226  118.63
182  11  LEU  HG  21.351  26.618  14.187  58.55
183  11  LEU  HD11  19.192  26.732  15.138  178.75
184  11  LEU  HD12  19.233  25.608  14.022  175.25
185  11  LEU  HD13  19.298  25.207  15.553  37.11
186  11  LEU  HD21  21.303  27.339  16.398  31.99
187  11  LEU  HD22  21.473  25.845  16.895  1.63
188  11  LEU  HD23  22.647  26.556  16.104  1.85
189  12  LEU  N  23.565  22.507  12.719  115.76
190  12  LEU  CA  23.987  21.111  12.493  8.5
191  12  LEU  C  25.384  20.967  11.823  5
192  12  LEU  O  25.759  19.867  11.443  60.65
193  12  LEU  CB  22.943  20.357  11.631  3.41
194  12  LEU  CG  21.469  20.297  12.039  8.27
195  12  LEU  CD1  20.662  19.584  11.004  123.73
196  12  LEU  CD2  21.348  19.595  13.333  122.48
197  12  LEU  H  23.294  22.911  12.01  7.85
198  12  LEU  HA  24.053  20.721  13.379  178.95
199  12  LEU  HB2  22.975  20.746  10.743  59.55
200  12  LEU  HB3  23.252  19.441  11.55  31.83
201  12  LEU  HG  21.131  21.202  12.122  9.23
202  12  LEU  HD11  19.733  19.556  11.28  4.01
203  12  LEU  HD12  20.734  20.053  10.158  180.47
204  12  LEU  HD13  20.995  18.679  10.901  2.35
205  12  LEU  HD21  20.415  19.556  13.594  1.89
206  12  LEU  HD22  21.697  18.694  13.247  119.94
207  12  LEU  HD23  21.852  20.074  14.009  59.63
208  13  LYS  N  26.141  22.057  11.686  120.15
209  13  LYS  CA  27.463  22.008  11.044  1.85
210  13  LYS  C  28.378  20.897  11.578  29.09
211  13  LYS  O  29.053  20.217  10.804  35.81
212  13  LYS  CB  28.181  23.368  11.166  128.73
213  13  LYS  CG  29.213  23.665  10.057  54.34
214  13  LYS  CD  28.53  23.939  8.703  174.75
215  13  LYS  CE  29.507  24.274  7.559  56.13
216  13  LYS  NZ  28.759  24.516  6.268  45.94
217  13  LYS  H  25.908  22.839  11.958  7.07
218  13  LYS  HA  27.288  21.802  10.113  4.12
219  13  LYS  HB2  27.513  24.072  11.164  2.21
220  13  LYS  HB3  28.63  23.405  12.025  8.77
221  13  LYS  HG2  29.749  24.432  10.311  3.76
222  13  LYS  HG3  29.819  22.913  9.968  57.63
223  13  LYS  HD2  28.008  23.161  8.452  8.28
224  13  LYS  HD3  27.908  24.675  8.809  4.15
225  13  LYS  HE2  30.025  25.061  7.79  1.7
226  13  LYS  HE3  30.136  23.545  7.441  121.48
227  13  LYS  HZ1  29.339  24.708  5.62  55.21
228  13  LYS  HZ2  28.301  23.785  6.049  177.95
229  13  LYS  HZ3  28.197  25.198  6.374  1.55
230  14  ASP  N  28.402  20.728  12.897  116.66
231  14  ASP  CA  29.238  19.704  13.55  2.86
232  14  ASP  C  28.813  18.25  13.293  8
233  14  ASP  O  29.507  17.317  13.71  4.26
234  14  ASP  CB  29.301  19.959  15.075  8.5
235  14  ASP  CG  30.191  21.163  15.45  5.03
236  14  ASP  OD1  31.321  21.234  14.922  113.21
237  14  ASP  OD2  29.78  22.029  16.265  118.6
238  14  ASP  H  27.936  21.2  13.444  8.55
239  14  ASP  HA  30.113  19.799  13.141  177.25
240  14  ASP  HB2  28.403  20.11  15.41  70.59
241  14  ASP  HB3  29.638  19.164  15.517  39.47
242  15  ILE  N  27.644  18.07  12.675  115.81
243  15  ILE  CA  27.084  16.753  12.357  7.72
244  15  ILE  C  27.466  16.272  10.948  4.22
245  15  ILE  O  27.122  15.164  10.569  8.77
246  15  ILE  CB  25.518  16.781  12.5  3.21
247  15  ILE  CG1  24.992  15.471  13.081  173.5
248  15  ILE  CG2  24.847  17.066  11.142  3.15
249  15  ILE  CD  23.514  15.538  13.424  33.92
250  15  ILE  H  27.144  18.723  12.424  8.12
251  15  ILE  HA  27.464  16.125  12.991  62.07
252  15  ILE  HB  25.294  17.498  13.114  8.65
253  15  ILE  HG21  23.883  17.079  11.253  5.01
254  15  ILE  HG22  25.145  17.927  10.808  32.97
255  15  ILE  HG23  25.09  16.372  10.509  20.39
256  16  ASP  N  28.139  17.115  10.166  121.66
257  16  ASP  CA  28.545  16.743  8.806  61.48
258  16  ASP  C  29.35  15.446  8.789  174.55
259  16  ASP  O  30.377  15.322  9.463  1.87
260  16  ASP  CB  29.359  17.862  8.124  63.14
261  16  ASP  CG  29.745  17.516  6.687  125.5
262  16  ASP  OD1  28.919  16.942  5.941  54
263  16  ASP  OD2  30.892  17.806  6.289  173.75
264  16  ASP  H  28.372  17.909  10.402  7.37
265  16  ASP  HA  27.725  16.607  8.307  44.89
266  16  ASP  HB2  28.841  18.682  8.128  126.16
267  16  ASP  HB3  30.163  18.032  8.639  8.07
268  17  GLY  N  28.908  14.489  7.987  118.31
269  17  GLY  CA  29.615  13.222  7.922  4.01
270  17  GLY  C  29.219  12.166  8.957  9.24
271  17  GLY  O  29.664  11.012  8.841  5.19
272  17  GLY  H  28.215  14.55  7.482  8.57
273  17  GLY  HA2  29.483  12.845  7.038  1.29
274  17  GLY  HA3  30.564  13.399  8.016  4.65
275  18  TYR  N  28.413  12.53  9.961  127.26
276  18  TYR  CA  27.993  11.571  10.995  120.54
277  18  TYR  C  27.245  10.393  10.375  57.25
278  18  TYR  O  26.173  10.574  9.762  177.55
279  18  TYR  CB  27.101  12.232  12.05  37.99
280  18  TYR  CG  26.902  11.37  13.289  40.96
281  18  TYR  CD1  25.917  10.386  13.331  26.34
282  18  TYR  CD2  27.74  11.508  14.401  125.47
283  18  TYR  CE1  25.777  9.548  14.458  53.76
284  18  TYR  CE2  27.61  10.682  15.519  7.32
285  18  TYR  CZ  26.633  9.699  15.545  3.98
286  18  TYR  OH  26.555  8.858  16.637  2.54
287  18  TYR  H  28.099  13.324  10.062  8.46
288  18  TYR  HA  28.801  11.251  11.426  112.49
289  18  TYR  HB2  27.493  13.08  12.312  60.06
290  18  TYR  HB3  26.236  12.429  11.657  177.22
291  18  TYR  HD1  25.344  10.28  12.606  9.15
292  18  TYR  HD2  28.398  12.165  14.395  41.27
293  18  TYR  HE1  25.114  8.896  14.474  9.04
294  18  TYR  HE2  28.179  10.791  16.246  4.67
295  18  TYR  HH  26.37  8.08  16.379  110.65
296  19  GLY  N  27.779  9.186  10.593  117.34
297  19  GLY  CA  27.172  7.984  10.034  7
298  19  GLY  C  27.232  7.949  8.506  4.22
299  19  GLY  O  26.332  7.39  7.856  2.68
300  19  GLY  H  28.488  9.047  11.059  8.68
301  19  GLY  HA2  27.624  7.203  10.39  56.28
302  19  GLY  HA3  26.246  7.931  10.319  175.6
303  20  GLY  N  28.298  8.532  7.95  105.58
304  20  GLY  CA  28.496  8.593  6.513  39.48
305  20  GLY  C  27.515  9.514  5.816  7.35
306  20  GLY  O  27.468  9.557  4.588  117.71
307  20  GLY  H  28.926  8.903  8.405  8.02
308  20  GLY  HA2  29.4  8.893  6.329  53.72
309  20  GLY  HA3  28.413  7.7  6.142  176.35
310  21  ILE  N  26.794  10.31  6.601  119.96
311  21  ILE  CA  25.776  11.213  6.089  52.54
312  21  ILE  C  26.247  12.66  5.899  177.35
313  21  ILE  O  26.691  13.301  6.846  8.54
314  21  ILE  CB  24.509  11.107  7.002  38.7
315  21  ILE  CG1  23.402  10.353  6.27  60.94
316  21  ILE  CG2  24.059  12.454  7.539  174.95
317  21  ILE  CD  23.729  8.89  5.985  57.44
318  21  ILE  H  26.886  10.339  7.456  7.37
319  21  ILE  HA  25.556  10.93  5.188  4.53
320  21  ILE  HB  24.745  10.594  7.791  1.48
321  21  ILE  HG21  23.274  12.335  8.096  52.51
322  21  ILE  HG22  24.772  12.847  8.066  124.2
323  21  ILE  HG23  23.843  13.042  6.798  58.62
324  22  ALA  N  26.145  13.167  4.669  128.62
325  22  ALA  CA  26.575  14.534  4.363  27.5
326  22  ALA  C  25.554  15.573  4.828  7.87
327  22  ALA  O  24.346  15.362  4.687  54.75
328  22  ALA  CB  26.84  14.676  2.869  173.75
329  22  ALA  H  25.829  12.735  3.996  8.63
330  22  ALA  HA  27.397  14.701  4.851  52.68
331  22  ALA  HB1  27.124  15.583  2.675  177.45
332  22  ALA  HB2  27.537  14.056  2.603  1.44
333  22  ALA  HB3  26.028  14.48  2.376  39.3
334  23  LEU  N  26.038  16.721  5.307  4.32
335  23  LEU  CA  25.148  17.772  5.791  8.56
336  23  LEU  C  24.028  18.215  4.808  46.15
337  23  LEU  O  22.867  18.318  5.2  7.88
338  23  LEU  CB  25.951  18.993  6.279  4.57
339  23  LEU  CG  25.168  20.216  6.771  3.03
340  23  LEU  CD1  24.458  19.899  8.097  54.33
341  23  LEU  CD2  26.103  21.414  6.935  108.58
342  23  LEU  H  26.876  16.908  5.359  8.96
343  23  LEU  HA  24.677  17.362  6.533  175.05
344  23  LEU  HB2  26.529  18.7  7  174.45
345  23  LEU  HB3  26.526  19.28  5.553  7.64
346  23  LEU  HG  24.495  20.44  6.11  120.11
347  23  LEU  HD11  23.967  20.68  8.396  3.86
348  23  LEU  HD12  23.842  19.161  7.966  119.92
349  23  LEU  HD13  25.116  19.655  8.766  53.65
350  23  LEU  HD21  25.596  22.18  7.246  177.25
351  23  LEU  HD22  26.794  21.2  7.581  4.95
352  23  LEU  HD23  26.513  21.624  6.081  40.18
353  24  PRO  N  24.367  18.504  3.529  1.37
354  24  PRO  CA  23.313  18.931  2.598  1.37
355  24  PRO  C  22.222  17.886  2.441  8.32
356  24  PRO  O  21.055  18.229  2.204  4.49
357  24  PRO  CB  24.068  19.129  1.286  55.49
358  24  PRO  CG  25.458  19.443  1.74  174.85
359  24  PRO  CD  25.672  18.458  2.843  56.78
360  24  PRO  HA  22.851  19.726  2.906  8
361  24  PRO  HB2  24.042  18.332  0.733  31.26
362  24  PRO  HB3  23.69  19.851  0.76  112.51
363  24  PRO  HG2  26.105  19.331  1.026  45.31
364  24  PRO  HG3  25.537  20.358  2.053  173.75
365  24  PRO  HD2  25.878  17.572  2.507  177.05
366  24  PRO  HD3  26.402  18.716  3.427  4.47
367  25  GLU  N  22.62  16.615  2.461  113.45
368  25  GLU  CA  21.667  15.518  2.355  2.89
369  25  GLU  C  20.74  15.509  3.558  131.84
370  25  GLU  O  19.557  15.224  3.422  10.52
371  25  GLU  CB  22.37  14.163  2.266  130.38
372  25  GLU  CG  22.936  13.868  0.909  130.38
373  25  GLU  CD  23.525  12.471  0.811  118.41
374  25  GLU  OE1  24.23  12.017  1.744  56
375  25  GLU  OE2  23.264  11.822  -0.223  172.35
376  25  GLU  H  23.441  16.369  2.536  7.29
377  25  GLU  HA  21.159  15.658  1.541  59.34
378  25  GLU  HB2  23.086  14.135  2.92  173.05
379  25  GLU  HB3  21.741  13.464  2.504  7.08
380  25  GLU  HG2  22.238  13.968  0.243  72.75
381  25  GLU  HG3  23.623  14.52  0.7  6.84
382  26  LEU  N  21.283  15.768  4.741  124.7
383  26  LEU  CA  20.462  15.782  5.956  8.05
384  26  LEU  C  19.519  16.988  5.956  5.27
385  26  LEU  O  18.375  16.877  6.408  3.83
386  26  LEU  CB  21.364  15.781  7.2  45.1
387  26  LEU  CG  20.991  15.152  8.55  175.41
388  26  LEU  CD1  20.306  16.165  9.416  43.33
389  26  LEU  CD2  20.154  13.904  8.388  9.41
390  26  LEU  H  22.117  15.937  4.866  7.78
391  26  LEU  HA  19.915  14.981  5.976  60.61
392  26  LEU  HB2  22.194  15.359  6.928  176.05
393  26  LEU  HB3  21.566  16.712  7.385  33.02
394  26  LEU  HG  21.812  14.874  8.986  39.69
395  26  LEU  HD11  20.074  15.76  10.266  114.53
396  26  LEU  HD12  20.901  16.916  9.568  17.2
397  26  LEU  HD13  19.5  16.475  8.975  9.83
398  26  LEU  HD21  19.942  13.541  9.262  4.95
399  26  LEU  HD22  19.332  14.123  7.921  1.76
400  26  LEU  HD23  20.65  13.246  7.876  49.84
401  27  ILE  N  19.989  18.135  5.482  121.15
402  27  ILE  CA  19.148  19.334  5.422  1.88
403  27  ILE  C  17.962  19.079  4.467  2.31
404  27  ILE  O  16.807  19.392  4.782  115.87
405  27  ILE  CB  19.977  20.58  4.957  59.48
406  27  ILE  CG1  21.044  20.925  6.008  176.65
407  27  ILE  CG2  19.06  21.786  4.657  3.75
408  27  ILE  CD  20.508  21.083  7.419  72.35
409  27  ILE  H  20.79  18.245  5.189  8.51
410  27  ILE  HA  18.808  19.525  6.31  178.62
411  27  ILE  HB  20.429  20.358  4.128  118.17
412  27  ILE  HG21  19.6  22.54  4.372  31.65
413  27  ILE  HG22  18.436  21.551  3.952  8.36
414  27  ILE  HG23  18.568  22.025  5.458  4.81
415  28  CYS  N  18.258  18.508  3.302  120.53
416  28  CYS  CA  17.217  18.176  2.323  60.01
417  28  CYS  C  16.162  17.232  2.945  1.26
418  28  CYS  O  14.945  17.408  2.753  4.43
419  28  CYS  CB  17.864  17.506  1.1  36.8
420  28  CYS  SG  16.766  16.802  -0.202  3.91
421  28  CYS  H  19.056  18.303  3.056  7.73
422  28  CYS  HA  16.771  18.993  2.05  5.45
423  28  CYS  HB2  18.441  18.16  0.677  62.04
424  28  CYS  HB3  18.434  16.791  1.423  121.6
425  29  THR  N  16.649  16.217  3.659  117.79
426  29  THR  CA  15.804  15.219  4.305  112.06
427  29  THR  C  14.852  15.896  5.299  66.46
428  29  THR  O  13.637  15.637  5.286  177.35
429  29  THR  CB  16.671  14.14  5.026  36.52
430  29  THR  OG1  17.46  13.432  4.064  67.89
431  29  THR  CG2  15.795  13.112  5.719  34.27
432  29  THR  H  17.491  16.089  3.782  7.39
433  29  THR  HA  15.278  14.774  3.622  9.1
434  29  THR  HB  17.227  14.6  5.674  5.44
435  29  THR  HG1  18.107  13.911  3.825  9.17
436  29  THR  HG21  16.355  12.453  6.159  3.77
437  29  THR  HG22  15.237  13.554  6.378  2.41
438  29  THR  HG23  15.232  12.671  5.063  2.31
439  30  MET  N  15.395  16.774  6.138  122.54
440  30  MET  CA  14.584  17.464  7.129  57.57
441  30  MET  C  13.599  18.433  6.487  120.54
442  30  MET  O  12.507  18.639  7.022  59.15
443  30  MET  CB  15.442  18.137  8.208  179.75
444  30  MET  CG  16.139  17.129  9.14  171.35
445  30  MET  SD  15.201  15.51  9.43  32.37
446  30  MET  CE  16.571  14.348  9.323  24.46
447  30  MET  H  16.229  16.982  6.148  8.43
448  30  MET  HA  14.054  16.788  7.579  9.2
449  30  MET  HB2  16.113  18.692  7.781  7.58
450  30  MET  HB3  14.882  18.726  8.738  4.11
451  30  MET  HG2  17.011  16.918  8.77  117.08
452  30  MET  HG3  16.29  17.556  9.998  1.76
453  30  MET  HE1  16.241  13.445  9.455  116.46
454  30  MET  HE2  16.985  14.416  8.449  54.19
455  30  MET  HE3  17.226  14.556  10.008  175.45
456  31  PHE  N  13.951  19.016  5.339  123.98
457  31  PHE  CA  13.008  19.931  4.667  8.07
458  31  PHE  C  11.701  19.197  4.316  43.45
459  31  PHE  O  10.596  19.66  4.615  36.36
460  31  PHE  CB  13.613  20.518  3.383  121.7
461  31  PHE  CG  12.634  21.298  2.567  59.58
462  31  PHE  CD1  12.219  22.552  2.986  179.25
463  31  PHE  CD2  12.039  20.728  1.435  2.02
464  31  PHE  CE1  11.211  23.24  2.302  7.62
465  31  PHE  CE2  11.029  21.402  0.742  4.96
466  31  PHE  CZ  10.614  22.662  1.186  115.67
467  31  PHE  H  14.704  18.904  4.939  8.41
468  31  PHE  HA  12.822  20.656  5.284  58.38
469  31  PHE  HB2  14.358  21.093  3.618  178.85
470  31  PHE  HB3  13.971  19.796  2.843  68.28
471  31  PHE  HD1  12.616  22.941  3.732  42.98
472  31  PHE  HD2  12.319  19.891  1.141  21.17
473  31  PHE  HE1  10.941  24.081  2.592  7.66
474  31  PHE  HE2  10.636  21.016  -0.008  8.61
475  31  PHE  HZ  9.938  23.114  0.735  4.08
476  32  HSE  N  11.851  18.065  3.639  115.99
477  32  HSE  CA  10.73  17.233  3.219  174.45
478  32  HSE  C  10.075  16.447  4.375  55.82
479  32  HSE  O  9.033  15.837  4.195  8.51
480  32  HSE  CB  11.225  16.229  2.155  120.84
481  32  HSE  CG  11.742  16.867  0.893  103.87
482  32  HSE  ND1  10.922  17.536  0.005  48.18
483  32  HSE  CD2  12.981  16.882  0.345  174.85
484  32  HSE  CE1  11.637  17.926  -1.042  171.15
485  32  HSE  NE2  12.888  17.54  -0.861  28.41
486  33  THR  N  10.697  16.428  5.539  116.18
487  33  THR  CA  10.164  15.679  6.683  172.81
488  33  THR  C  9.297  16.535  7.603  8.55
489  33  THR  O  8.188  16.143  7.941  3.16
490  33  THR  CB  11.316  15.024  7.532  1.49
491  33  THR  OG1  11.966  14.02  6.753  8.88
492  33  THR  CG2  10.769  14.335  8.784  0.69
493  33  THR  H  11.434  16.842  5.697  7.58
494  33  THR  HA  9.605  14.985  6.299  42.78
495  33  THR  HB  11.926  15.733  7.789  30.78
496  33  THR  HG1  12.514  14.382  6.229  4.85
497  33  THR  HG21  11.502  13.943  9.284  116.99
498  33  THR  HG22  10.312  14.987  9.339  67.2
499  33  THR  HG23  10.146  13.638  8.524  177.05
500  34  SER  N  9.764  17.725  7.941  111.72
501  34  SER  CA  9.024  18.574  8.864  68.82
502  34  SER  C  9.008  20.015  8.419  34.51
503  34  SER  O  8.367  20.848  9.076  29.69
504  34  SER  CB  9.702  18.536  10.226  129.99
505  34  SER  OG  11.016  19.083  10.101  8.01
506  34  SER  H  10.501  18.06  7.651  8.23
507  34  SER  HA  8.114  18.239  8.897  8.4
508  34  SER  HB2  9.187  19.044  10.872  20.44
509  34  SER  HB3  9.747  17.624  10.553  1.23
510  34  SER  HG  11.561  18.603  10.523  8.5
511  35  GLY  N  9.701  20.313  7.318  115.8
512  35  GLY  CA  9.783  21.681  6.845  10.71
513  35  GLY  C  10.521  22.565  7.842  1.69
514  35  GLY  O  10.284  23.779  7.884  120.8
515  35  GLY  H  10.125  19.738  6.839  7.95
516  35  GLY  HA2  10.239  21.703  5.989  178.65
517  35  GLY  HA3  8.89  22.03  6.699  66.27
518  36  TYR  N  11.447  21.968  8.605  107.44
519  36  TYR  CA  12.255  22.652  9.629  54.32
520  36  TYR  C  11.445  23.174  10.828  27.58
521  36  TYR  O  11.913  24.104  11.514  9
522  36  TYR  CB  13.045  23.855  9.064  41.59
523  36  TYR  CG  13.813  23.61  7.784  118.52
524  36  TYR  CD1  14.546  22.435  7.575  58.79
525  36  TYR  CD2  13.808  24.57  6.777  7.43
526  36  TYR  CE1  15.256  22.237  6.388  3.48
527  36  TYR  CE2  14.502  24.375  5.589  58.63
528  36  TYR  CZ  15.219  23.219  5.401  24.5
529  36  TYR  OH  15.877  23.068  4.201  0.62
530  36  TYR  H  11.628  21.13  8.539  7.26
531  36  TYR  HA  12.858  21.954  9.93  111.02
532  36  TYR  HB2  12.423  24.583  8.911  7.5
533  36  TYR  HB3  13.671  24.154  9.742  7.03
534  36  TYR  HD1  14.56  21.779  8.234  1.75
535  36  TYR  HD2  13.33  25.358  6.901  1.75
536  36  TYR  HE1  15.748  21.458  6.258  1.31
537  36  TYR  HE2  14.481  25.025  4.924  1.31
538  36  TYR  HH  15.75  23.748  3.724  117.4
539  37  ASP  N  10.281  22.579  11.107  119.77
540  37  ASP  CA  9.417  23.032  12.208  178.95
541  37  ASP  C  9.596  22.188  13.475  176.71
542  37  ASP  O  9.343  20.981  13.464  31.57
543  37  ASP  CB  7.967  22.966  11.727  55.14
544  37  ASP  CG  6.993  23.701  12.623  8.34
545  37  ASP  OD1  7.286  23.991  13.801  4.08
546  37  ASP  OD2  5.88  23.973  12.121  1.99
547  37  ASP  H  9.971  21.907  10.669  7.15
548  37  ASP  HA  9.663  23.94  12.446  53.54
549  37  ASP  HB2  7.914  23.337  10.833  117.27
550  37  ASP  HB3  7.698  22.036  11.664  58.87
551  38  THR  N  10.031  22.817  14.568  116.22
552  38  THR  CA  10.219  22.093  15.831  8.31
553  38  THR  C  8.9  21.623  16.475  30.02
554  38  THR  O  8.902  20.716  17.312  28.77
555  38  THR  CB  11.023  22.913  16.896  60.67
556  38  THR  OG1  10.299  24.11  17.239  2.02
557  38  THR  CG2  12.408  23.309  16.367  8.52
558  38  THR  H  10.222  23.655  14.602  8.17
559  38  THR  HA  10.734  21.313  15.571  52.93
560  38  THR  HB  11.136  22.351  17.678  1.86
561  38  THR  HG1  10.733  24.546  17.811  110.35
562  38  THR  HG21  12.882  23.814  17.046  61.26
563  38  THR  HG22  12.912  22.509  16.149  176
564  38  THR  HG23  12.307  23.854  15.571  122.79
565  39  GLN  N  7.775  22.204  16.057  115.04
566  39  GLN  CA  6.488  21.853  16.646  122.61
567  39  GLN  C  5.61  20.923  15.811  121.95
568  39  GLN  O  4.434  20.735  16.115  117.99
569  39  GLN  CB  5.706  23.121  17.015  61.63
570  39  GLN  CG  6.436  24.007  18  174.35
571  39  GLN  CD  5.68  25.281  18.322  17.28
572  39  GLN  OE1  4.778  25.684  17.603  7.84
573  39  GLN  NE2  6.053  25.921  19.413  3.45
574  39  GLN  H  7.738  22.8  15.438  8.08
575  39  GLN  HA  6.713  21.342  17.439  119.3
576  39  GLN  HB2  5.523  23.627  16.208  53.83
577  39  GLN  HB3  4.849  22.867  17.391  176.55
578  39  GLN  HG2  6.59  23.512  18.82  59.35
579  39  GLN  HG3  7.307  24.236  17.638  40.98
580  39  GLN  HE21  6.692  25.61  19.897  25.84
581  39  GLN  HE22  5.657  26.65  19.641  28.99
582  40  ALA  N  6.157  20.376  14.735  123.46
583  40  ALA  CA  5.396  19.46  13.897  113.4
584  40  ALA  C  5.001  18.185  14.657  7.29
585  40  ALA  O  5.805  17.59  15.369  4.47
586  40  ALA  CB  6.201  19.112  12.625  8
587  40  ALA  H  6.963  20.52  14.473  6.99
588  40  ALA  HA  4.574  19.906  13.639  2.02
589  40  ALA  HB1  5.687  18.502  12.073  1.99
590  40  ALA  HB2  6.384  19.923  12.125  116.49
591  40  ALA  HB3  7.038  18.692  12.877  60.68
592  41  ILE  N  3.728  17.825  14.571  119.46
593  41  ILE  CA  3.224  16.636  15.225  45.69
594  41  ILE  C  2.369  15.969  14.17  174.25
595  41  ILE  O  1.435  16.582  13.638  118.12
596  41  ILE  CB  2.331  16.981  16.417  40.12
597  41  ILE  CG1  3.102  17.799  17.438  47.2
598  41  ILE  CG2  1.829  15.71  17.089  8.15
599  41  ILE  CD  2.271  18.142  18.683  5.03
600  41  ILE  H  3.135  18.265  14.131  8.04
601  41  ILE  HA  3.95  16.087  15.56  4.28
602  41  ILE  HB  1.578  17.496  16.087  2.6
603  41  ILE  HG21  1.265  15.943  17.843  2.6
604  41  ILE  HG22  1.317  15.187  16.452  111.7
605  41  ILE  HG23  2.585  15.189  17.401  58.76
606  42  VAL  N  2.701  14.737  13.82  128.12
607  42  VAL  CA  1.941  14.03  12.805  54.24
608  42  VAL  C  1.454  12.698  13.322  174.05
609  42  VAL  O  2.254  11.821  13.66  123.13
610  42  VAL  CB  2.769  13.803  11.528  30.24
611  42  VAL  CG1  1.92  13.094  10.464  33.66
612  42  VAL  CG2  3.277  15.124  11.003  3.97
613  42  VAL  H  3.358  14.295  14.155  8.25
614  42  VAL  HA  1.179  14.59  12.587  1.62
615  42  VAL  HB  3.529  13.239  11.741  109.93
616  42  VAL  HG11  2.452  12.956  9.664  2.21
617  42  VAL  HG12  1.623  12.236  10.806  3.43
618  42  VAL  HG13  1.148  13.641  10.248  31.74
619  42  VAL  HG21  3.798  14.974  10.199  7.87
620  42  VAL  HG22  2.525  15.702  10.798  115.66
621  42  VAL  HG23  3.835  15.546  11.675  51.31
622  43  GLU  N  0.13  12.597  13.447  127.81
623  43  GLU  CA  -0.527  11.383  13.892  121.58
624  43  GLU  C  -0.565  10.404  12.735  39.15
625  43  GLU  O  -0.991  10.737  11.632  174.95
626  43  GLU  CB  -1.979  11.635  14.323  46.71
627  43  GLU  CG  -2.201  12.346  15.651  8.71
628  43  GLU  CD  -3.69  12.428  16.004  5.16
629  43  GLU  OE1  -4.358  13.404  15.577  22.43
630  43  GLU  OE2  -4.204  11.499  16.685  7.85
631  43  GLU  H  -0.412  13.242  13.272  8.82
632  43  GLU  HA  -0.029  11.041  14.651  4.86
633  43  GLU  HB2  -2.412  12.155  13.628  1.66
634  43  GLU  HB3  -2.433  10.779  14.361  1.46
635  43  GLU  HG2  -1.726  11.876  16.354  62.49
636  43  GLU  HG3  -1.828  13.24  15.606  177.64
637  44  ASN  N  0.01  9.24  12.974  123.36
638  44  ASN  CA  0  8.137  12.028  31.61
639  44  ASN  C  -1.124  7.293  12.667  27.12
640  44  ASN  O  -1.843  7.791  13.547  49.64
641  44  ASN  CB  1.362  7.424  12.033  108.38
642  44  ASN  CG  2.461  8.242  11.315  129.05
643  44  ASN  OD1  2.625  8.124  10.098  53.47
644  44  ASN  ND2  3.215  9.061  12.063  4.73
645  44  ASN  H  0.426  9.063  13.705  8.73
646  44  ASN  HA  -0.144  8.357  11.094  42.89
647  44  ASN  HB2  1.633  7.258  12.949  1.9
648  44  ASN  HB3  1.273  6.56  11.602  7.65
649  44  ASN  HD21  3.838  9.526  11.696  112.83
650  44  ASN  HD22  3.075  9.121  12.909  60.35
651  45  ASN  N  -1.327  6.056  12.243  117.58
652  45  ASN  CA  -2.427  5.282  12.834  5
653  45  ASN  C  -2.565  5.297  14.382  71.03
654  45  ASN  O  -3.374  6.043  14.942  8.78
655  45  ASN  CB  -2.401  3.836  12.31  4.43
656  45  ASN  CG  -2.847  3.713  10.857  67.8
657  45  ASN  OD1  -3.164  2.614  10.39  177.79
658  45  ASN  ND2  -2.889  4.835  10.137  126.02
659  45  ASN  H  -0.865  5.652  11.64  8.81
660  45  ASN  HA  -3.22  5.755  12.537  59.87
661  45  ASN  HB2  -1.502  3.483  12.397  178.85
662  45  ASN  HB3  -2.976  3.287  12.866  8.72
663  45  ASN  HD21  -3.144  4.81  9.316  28.75
664  45  ASN  HD22  -2.661  5.584  10.494  36.01
665  46  GLU  N  -1.809  4.437  15.051  116.18
666  46  GLU  CA  -1.831  4.322  16.51  175.95
667  46  GLU  C  -0.465  4.733  17.111  175.63
668  46  GLU  O  0.028  4.145  18.089  8.97
669  46  GLU  CB  -2.172  2.878  16.898  3.96
670  46  GLU  CG  -1.066  1.864  16.59  2.01
671  46  GLU  CD  -0.744  1.76  15.112  112.29
672  46  GLU  OE1  0.133  2.52  14.613  2.29
673  46  GLU  OE2  -1.377  0.908  14.445  4.7
674  46  GLU  H  -1.261  3.895  14.669  8.68
675  46  GLU  HA  -2.507  4.92  16.866  54.88
676  46  GLU  HB2  -2.369  2.847  17.847  180.05
677  46  GLU  HB3  -2.98  2.611  16.432  8.42
678  46  GLU  HG2  -0.263  2.114  17.073  17.9
679  46  GLU  HG3  -1.335  0.992  16.918  31.85
680  47  SER  N  0.172  5.673  16.428  112.43
681  47  SER  CA  1.457  6.214  16.827  126.43
682  47  SER  C  1.522  7.655  16.316  8.22
683  47  SER  O  0.719  8.056  15.475  4.08
684  47  SER  CB  2.609  5.377  16.269  59.8
685  47  SER  OG  2.548  5.278  14.86  175.6
686  47  SER  H  -0.139  6.02  15.705  7.72
687  47  SER  HA  1.547  6.193  17.793  30.73
688  47  SER  HB2  3.454  5.775  16.529  3.92
689  47  SER  HB3  2.582  4.489  16.658  105.59
690  47  SER  HG  3.192  4.815  14.583  32.7
691  48  THR  N  2.482  8.415  16.821  116.69
692  48  THR  CA  2.629  9.805  16.453  4.59
693  48  THR  C  4.125  10.117  16.346  118.03
694  48  THR  O  4.937  9.504  17.049  59.01
695  48  THR  CB  1.98  10.7  17.57  179.82
696  48  THR  OG1  0.578  10.392  17.692  38.82
697  48  THR  CG2  2.128  12.185  17.275  29.51
698  48  THR  H  3.066  8.135  17.387  8.93
699  48  THR  HA  2.192  9.983  15.606  176
700  48  THR  HB  2.447  10.505  18.397  117.69
701  48  THR  HG1  0.476  9.763  18.239  68.17
702  48  THR  HG21  1.715  12.699  17.987  7.65
703  48  THR  HG22  3.069  12.411  17.217  4.01
704  48  THR  HG23  1.694  12.393  16.433  2.28
705  49  GLU  N  4.474  11.011  15.422  124.47
706  49  GLU  CA  5.854  11.468  15.242  2.26
707  49  GLU  C  5.986  12.931  15.665  3.1
708  49  GLU  O  5.108  13.762  15.413  110.18
709  49  GLU  CB  6.323  11.241  13.821  61.6
710  49  GLU  CG  6.507  9.779  13.544  120.1
711  49  GLU  CD  7.115  9.515  12.191  57.82
712  49  GLU  OE1  7.037  10.406  11.321  178.62
713  49  GLU  OE2  7.645  8.403  11.994  117.9
714  49  GLU  H  3.914  11.372  14.878  8.61
715  49  GLU  HA  6.434  10.942  15.815  26.51
716  49  GLU  HB2  5.677  11.613  13.2  4.64
717  49  GLU  HB3  7.16  11.709  13.674  4.38
718  49  GLU  HG2  7.074  9.393  14.23  8.2
719  49  GLU  HG3  5.648  9.332  13.601  4.06
720  50  TYR  N  7.104  13.249  16.298  123.98
721  50  TYR  CA  7.265  14.567  16.87  1.24
722  50  TYR  C  8.487  15.363  16.466  117.67
723  50  TYR  O  9.592  14.825  16.403  58.55
724  50  TYR  CB  7.336  14.435  18.398  178.35
725  50  TYR  CG  6.21  13.683  19.033  2.19
726  50  TYR  CD1  6.281  12.305  19.194  27.94
727  50  TYR  CD2  5.074  14.352  19.496  33.87
728  50  TYR  CE1  5.218  11.588  19.819  9.2
729  50  TYR  CE2  4.015  13.66  20.119  7.3
730  50  TYR  CZ  4.096  12.281  20.278  8.12
731  50  TYR  OH  3.07  11.59  20.906  3.82
732  50  TYR  H  7.774  12.72  16.405  8.6
733  50  TYR  HA  6.499  15.053  16.527  60.43
734  50  TYR  HB2  8.169  13.996  18.631  2.39
735  50  TYR  HB3  7.367  15.325  18.783  53.32
736  50  TYR  HD1  7.03  11.845  18.891  125.9
737  50  TYR  HD2  5.015  15.274  19.391  55.14
738  50  TYR  HE1  5.272  10.665  19.92  177.45
739  50  TYR  HE2  3.267  14.123  20.422  119.4
740  50  TYR  HH  2.465  12.128  21.129  57.6
741  51  GLY  N  8.283  16.669  16.355  178.55
742  51  GLY  CA  9.367  17.59  16.1  7.97
743  51  GLY  C  10.048  17.636  14.757  40.17
744  51  GLY  O  9.624  17.009  13.798  3.63
745  51  GLY  H  7.511  17.041  16.426  1.68
746  51  GLY  HA2  9.03  18.482  16.278  1.62
747  51  GLY  HA3  10.054  17.41  16.761  8.06
748  52  LEU  N  11.125  18.417  14.716  125.2
749  52  LEU  CA  11.935  18.627  13.519  3.09
750  52  LEU  C  12.361  17.335  12.809  2.84
751  52  LEU  O  12.411  17.273  11.568  71.15
752  52  LEU  CB  13.188  19.428  13.915  9.36
753  52  LEU  CG  14.283  19.758  12.896  118.79
754  52  LEU  CD1  13.794  20.835  11.984  59.26
755  52  LEU  CD2  15.51  20.273  13.642  176.85
756  52  LEU  H  11.412  18.85  15.401  10.01
757  52  LEU  HA  11.38  19.107  12.885  33.09
758  52  LEU  HB2  12.879  20.272  14.28  32.19
759  52  LEU  HB3  13.614  18.944  14.64  1.49
760  52  LEU  HG  14.507  18.965  12.385  37.73
761  52  LEU  HD11  14.484  21.048  11.336  7.79
762  52  LEU  HD12  12.998  20.53  11.52  4.02
763  52  LEU  HD13  13.582  21.627  12.503  2.25
764  52  LEU  HD21  16.21  20.485  13.005  8.03
765  52  LEU  HD22  15.274  21.071  14.141  4.08
766  52  LEU  HD23  15.826  19.591  14.255  2.53
767  53  PHE  N  12.733  16.333  13.599  112.05
768  53  PHE  CA  13.206  15.061  13.038  64.78
769  53  PHE  C  12.096  14.019  12.902  177.75
770  53  PHE  O  12.34  12.904  12.405  120.49
771  53  PHE  CB  14.344  14.48  13.907  37
772  53  PHE  CG  15.611  15.291  13.893  179.1
773  53  PHE  CD1  16.524  15.184  12.836  40.11
774  53  PHE  CD2  15.914  16.146  14.944  16.52
775  53  PHE  CE1  17.718  15.922  12.838  7.81
776  53  PHE  CE2  17.119  16.888  14.947  7.54
777  53  PHE  CZ  18.011  16.766  13.888  3.49
778  53  PHE  H  12.721  16.364  14.458  9.13
779  53  PHE  HA  13.531  15.261  12.146  69.18
780  53  PHE  HB2  14.031  14.404  14.822  0.64
781  53  PHE  HB3  14.544  13.582  13.6  53.63
782  53  PHE  HD1  16.337  14.616  12.123  117.23
783  53  PHE  HD2  15.319  16.232  15.653  55.84
784  53  PHE  HE1  18.314  15.841  12.128  177.05
785  53  PHE  HE2  17.314  17.457  15.657  7.86
786  53  PHE  HZ  18.804  17.253  13.888  38.13
787  54  GLN  N  10.874  14.369  13.331  118.53
788  54  GLN  CA  9.73  13.416  13.268  175.08
789  54  GLN  C  10.048  12.045  13.911  8.55
790  54  GLN  O  10.003  10.989  13.272  4.37
791  54  GLN  CB  9.169  13.3  11.839  55.38
792  54  GLN  CG  8.386  14.574  11.45  176.49
793  54  GLN  CD  7.077  14.717  12.256  26.79
794  54  GLN  OE1  6.1  14.065  11.955  -0.21
795  54  GLN  NE2  7.083  15.547  13.298  27.23
796  54  GLN  H  10.68  15.14  13.659  8.23
797  54  GLN  HA  9.022  13.79  13.815  25.12
798  54  GLN  HB2  9.896  13.158  11.212  115.77
799  54  GLN  HB3  8.587  12.526  11.778  58.77
800  54  GLN  HG2  8.944  15.354  11.599  177.25
801  54  GLN  HG3  8.18  14.55  10.502  1.43
802  54  GLN  HE21  7.792  15.996  13.486  30.14
803  54  GLN  HE22  6.378  15.634  13.783  35.99
804  55  ILE  N  10.411  12.119  15.19  123.1
805  55  ILE  CA  10.77  10.947  16.007  171.41
806  55  ILE  C  9.493  10.285  16.555  7.45
807  55  ILE  O  8.648  10.936  17.185  4.02
808  55  ILE  CB  11.754  11.357  17.124  2.1
809  55  ILE  CG1  13.067  11.869  16.486  122.92
810  55  ILE  CG2  12.04  10.178  18.026  109.15
811  55  ILE  CD  13.961  12.606  17.445  60.9
812  55  ILE  H  10.458  12.863  15.62  8.02
813  55  ILE  HA  11.225  10.288  15.459  40.12
814  55  ILE  HB  11.358  12.064  17.657  32.69
815  55  ILE  HG21  12.659  10.446  18.723  7.12
816  55  ILE  HG22  11.213  9.87  18.429  4.45
817  55  ILE  HG23  12.432  9.46  17.505  7.28
818  56  SER  N  9.389  8.986  16.304  120.69
819  56  SER  CA  8.227  8.17  16.642  2.6
820  56  SER  C  8.089  7.696  18.072  120.6
821  56  SER  O  9.078  7.261  18.685  54.09
822  56  SER  CB  8.237  6.943  15.727  175.65
823  56  SER  OG  7.053  6.203  15.872  29.57
824  56  SER  H  10.014  8.539  15.919  7.5
825  56  SER  HA  7.469  8.762  16.519  7.89
826  56  SER  HB2  8.337  7.224  14.804  8.6
827  56  SER  HB3  9.001  6.383  15.938  120.41
828  56  SER  HG  7.075  5.536  15.362  7.7
829  57  ASN  N  6.86  7.717  18.597  127.25
830  57  ASN  CA  6.61  7.248  19.968  2.53
831  57  ASN  C  6.433  5.734  19.991  63.85
832  57  ASN  O  6.272  5.126  21.051  131.52
833  57  ASN  CB  5.405  7.945  20.624  53.93
834  57  ASN  CG  4.081  7.684  19.892  178.65
835  57  ASN  OD1  4.028  6.972  18.901  2.94
836  57  ASN  ND2  3.001  8.267  20.407  8.5
837  57  ASN  H  6.161  7.997  18.181  9.32
838  57  ASN  HA  7.39  7.485  20.493  128.17
839  57  ASN  HB2  5.325  7.643  21.542  113.83
840  57  ASN  HB3  5.568  8.901  20.653  52.8
841  57  ASN  HD21  2.232  8.148  20.041  177.75
842  57  ASN  HD22  3.072  8.763  21.106  39.98
843  58  LYS  N  6.467  5.133  18.807  118.71
844  58  LYS  CA  6.325  3.697  18.679  36.48
845  58  LYS  C  7.582  3.007  19.205  62.14
846  58  LYS  O  7.489  1.935  19.791  4.66
847  58  LYS  CB  6.078  3.334  17.21  8.27
848  58  LYS  CG  5.873  1.859  16.915  4.62
849  58  LYS  CD  4.403  1.481  16.753  3
850  58  LYS  CE  3.615  1.658  18.073  8.55
851  58  LYS  NZ  2.414  0.757  18.195  123.57
852  58  LYS  H  6.573  5.548  18.061  8.64
853  58  LYS  HA  5.567  3.395  19.203  108.62
854  58  LYS  HB2  5.296  3.819  16.902  47.16
855  58  LYS  HB3  6.831  3.649  16.686  174.85
856  58  LYS  HG2  6.353  1.627  16.104  69.09
857  58  LYS  HG3  6.259  1.334  17.633  7.54
858  58  LYS  HD2  4.002  2.03  16.061  8.54
859  58  LYS  HD3  4.337  0.559  16.458  3.87
860  58  LYS  HE2  4.211  1.49  18.82  120.23
861  58  LYS  HE3  3.324  2.581  18.144  53.85
862  58  LYS  HZ1  2.007  0.908  18.972  177.25
863  58  LYS  HZ2  1.849  0.923  17.528  31.72
864  58  LYS  HZ3  2.675  -0.093  18.157  40.52
865  59  LEU  N  8.732  3.667  19.101  112.11
866  59  LEU  CA  9.977  3.039  19.495  118.54
867  59  LEU  C  11.035  3.919  20.159  8.28
868  59  LEU  O  11.78  3.443  21.002  4.62
869  59  LEU  CB  10.578  2.442  18.212  9.29
870  59  LEU  CG  11.763  1.505  18.088  43.01
871  59  LEU  CD1  11.497  0.297  18.931  46.92
872  59  LEU  CD2  11.927  1.091  16.622  3.9
873  59  LEU  H  8.808  4.472  18.807  6.69
874  59  LEU  HA  9.746  2.399  20.187  112.31
875  59  LEU  HB2  9.843  1.98  17.779  45.54
876  59  LEU  HB3  10.8  3.206  17.657  173.25
877  59  LEU  HG  12.576  1.943  18.385  119.48
878  59  LEU  HD11  12.246  -0.316  18.864  54.68
879  59  LEU  HD12  11.382  0.566  19.856  8.94
880  59  LEU  HD13  10.691  -0.144  18.62  122.51
881  59  LEU  HD21  12.685  0.491  16.538  68.62
882  59  LEU  HD22  11.123  0.64  16.321  10.33
883  59  LEU  HD23  12.078  1.88  16.078  119.8
884  60  TRP  N  11.086  5.195  19.792  115.14
885  60  TRP  CA  12.14  6.106  20.24  106.24
886  60  TRP  C  11.94  6.992  21.476  44.97
887  60  TRP  O  12.901  7.27  22.175  37.14
888  60  TRP  CB  12.61  6.945  19.025  110.74
889  60  TRP  CG  12.943  6.067  17.822  59.96
890  60  TRP  CD1  12.138  5.801  16.748  173.35
891  60  TRP  CD2  14.136  5.303  17.618  8
892  60  TRP  NE1  12.75  4.907  15.896  72.15
893  60  TRP  CE2  13.98  4.585  16.405  53.48
894  60  TRP  CE3  15.322  5.148  18.343  23.39
895  60  TRP  CZ2  14.97  3.723  15.899  7.76
896  60  TRP  CZ3  16.315  4.273  17.822  8.19
897  60  TRP  CH2  16.12  3.583  16.62  4.74
898  60  TRP  H  10.507  5.561  19.272  7.09
899  60  TRP  HA  12.81  5.498  20.588  106.6
900  60  TRP  HB2  11.916  7.577  18.781  121.76
901  60  TRP  HB3  13.392  7.463  19.273  59.92
902  60  TRP  HD1  11.296  6.172  16.612  175.55
903  60  TRP  HE1  12.415  4.602  15.165  68.44
904  60  TRP  HE3  15.457  5.604  19.142  40.29
905  60  TRP  HZ2  14.845  3.264  15.1  7.56
906  60  TRP  HZ3  17.11  4.157  18.29  13
907  60  TRP  HH2  16.788  3.017  16.306  1.78
908  61  CYS  N  10.709  7.439  21.743  110.36
909  61  CYS  CA  10.434  8.264  22.924  121.82
910  61  CYS  C  9.18  7.764  23.64  55.25
911  61  CYS  O  8.392  7.007  23.066  8.8
912  61  CYS  CB  10.299  9.751  22.545  5.16
913  61  CYS  SG  9.007  10.187  21.321  41.56
914  61  CYS  H  10.021  7.276  21.254  7.51
915  61  CYS  HA  11.186  8.185  23.532  0.74
916  61  CYS  HB2  10.127  10.254  23.356  123.68
917  61  CYS  HB3  11.154  10.053  22.2  8.5
918  62  LYS  N  8.991  8.204  24.879  122.18
919  62  LYS  CA  7.852  7.798  25.71  177.61
920  62  LYS  C  6.699  8.795  25.663  128.43
921  62  LYS  O  6.866  9.972  25.999  51.98
922  62  LYS  CB  8.311  7.58  27.165  176.15
923  62  LYS  CG  7.271  6.98  28.123  4.61
924  62  LYS  CD  6.526  5.737  27.538  41.09
925  62  LYS  CE  7.436  4.545  27.112  71.88
926  62  LYS  NZ  8.011  3.749  28.23  124.15
927  62  LYS  H  9.525  8.754  25.269  8.66
928  62  LYS  HA  7.516  6.965  25.344  3.07
929  62  LYS  HB2  9.088  6.999  27.156  58.57
930  62  LYS  HB3  8.6  8.433  27.524  17.53
931  62  LYS  HG2  7.712  6.725  28.948  33.71
932  62  LYS  HG3  6.619  7.662  28.349  8.85
933  62  LYS  HD2  5.892  5.419  28.2  4.14
934  62  LYS  HD3  6.011  6.022  26.767  117.25
935  62  LYS  HE2  6.92  3.951  26.544  63.45
936  62  LYS  HE3  8.165  4.891  26.573  170.8
937  62  LYS  HZ1  8.514  3.093  27.9  60.66
938  62  LYS  HZ2  8.511  4.276  28.743  35.67
939  62  LYS  HZ3  7.352  3.401  28.716  31.5
940  63  SER  N  5.521  8.265  25.332  7.73
941  63  SER  CA  4.273  9.013  25.203  8
942  63  SER  C  3.17  8.163  25.841  9.13
943  63  SER  O  3.242  6.926  25.783  8.8
944  63  SER  CB  3.933  9.175  23.717  4
945  63  SER  OG  2.567  9.519  23.547  174.94
946  63  SER  H  5.425  7.426  25.17  9.22
947  63  SER  HA  4.352  9.883  25.624  38.4
948  63  SER  HB2  4.495  9.862  23.325  119.15
949  63  SER  HB3  4.124  8.349  23.245  8.27
950  63  SER  HG  2.457  9.866  22.79  66.7
951  64  SER  N  2.142  8.794  26.417  180.09
952  64  SER  CA  1.042  8.02  27.015  37.28
953  64  SER  C  0.232  7.246  25.945  30.38
954  64  SER  O  -0.484  6.284  26.265  28.08
955  64  SER  CB  0.119  8.932  27.831  4.64
956  64  SER  OG  -0.45  9.929  26.993  2.96
957  64  SER  H  2.06  9.648  26.473  119.15
958  64  SER  HA  1.44  7.365  27.61  64.05
959  64  SER  HB2  -0.584  8.406  28.243  113.92
960  64  SER  HB3  0.619  9.35  28.549  55.75
961  64  SER  HG  -0.955  10.423  27.448  3.85
962  65  GLN  N  0.34  7.652  24.684  120.21
963  65  GLN  CA  -0.391  6.983  23.621  66.03
964  65  GLN  C  0.08  5.537  23.357  44.24
965  65  GLN  O  -0.71  4.677  22.97  8.37
966  65  GLN  CB  -0.295  7.804  22.335  7.99
967  65  GLN  CG  -0.987  7.141  21.169  120.67
968  65  GLN  CD  -0.871  7.92  19.893  53.75
969  65  GLN  OE1  0.213  8.29  19.464  117.81
970  65  GLN  NE2  -2.022  8.169  19.256  58.96
971  65  GLN  H  0.83  8.31  24.426  7.82
972  65  GLN  HA  -1.312  6.919  23.918  8.02
973  65  GLN  HB2  -0.687  8.679  22.484  29.18
974  65  GLN  HB3  0.639  7.945  22.115  36.7
975  65  GLN  HG2  -0.61  6.257  21.037  178.64
976  65  GLN  HG3  -1.925  7.02  21.383  176.32
977  65  GLN  HE21  -2.766  7.893  19.588  8.27
978  65  GLN  HE22  -2.018  8.605  18.515  4.09
979  66  VAL  N  1.376  5.274  23.511  2.55
980  66  VAL  CA  1.921  3.928  23.26  44.72
981  66  VAL  C  2.701  3.522  24.524  1.71
982  66  VAL  O  3.93  3.586  24.56  1.71
983  66  VAL  CB  2.839  3.938  21.983  112.27
984  66  VAL  CG1  3.309  2.511  21.636  45.81
985  66  VAL  CG2  2.075  4.522  20.802  173.76
986  66  VAL  H  1.96  5.855  23.759  6.6
987  66  VAL  HA  1.216  3.286  23.084  9.2
988  66  VAL  HB  3.618  4.485  22.171  123.18
989  66  VAL  HG11  3.873  2.539  20.847  61.54
990  66  VAL  HG12  3.813  2.146  22.38  176.95
991  66  VAL  HG13  2.538  1.949  21.462  110.36
992  66  VAL  HG21  2.645  4.526  20.017  40.11
993  66  VAL  HG22  1.288  3.982  20.627  54.64
994  66  VAL  HG23  1.804  5.43  21.009  55.4
995  67  PRO  N  1.986  3.058  25.566  8.98
996  67  PRO  CA  2.686  2.685  26.795  3.94
997  67  PRO  C  3.722  1.579  26.667  8.45
998  67  PRO  O  4.632  1.5  27.491  108.91
999  67  PRO  CB  1.538  2.35  27.77  176.05
1000  67  PRO  CG  0.42  1.909  26.852  107.59
1001  67  PRO  CD  0.524  2.843  25.681  8.42
1002  67  PRO  HA  3.254  3.409  27.102  118.73
1003  67  PRO  HB2  1.789  1.648  28.391  57.9
1004  67  PRO  HB3  1.283  3.121  28.301  178.85
1005  67  PRO  HG2  0.528  0.984  26.58  128.09
1006  67  PRO  HG3  -0.445  1.978  27.286  41.1
1007  67  PRO  HD2  0.152  2.453  24.874  25.36
1008  67  PRO  HD3  0.049  3.674  25.839  124.69
1009  68  GLN  N  3.595  0.762  25.625  115.82
1010  68  GLN  CA  4.51  -0.346  25.39  8.65
1011  68  GLN  C  5.811  0.033  24.647  3.33
1012  68  GLN  O  6.631  -0.835  24.348  25.45
1013  68  GLN  CB  3.787  -1.521  24.68  1.09
1014  68  GLN  CG  3.378  -1.272  23.212  121.37
1015  68  GLN  CD  1.981  -0.625  23.045  51.91
1016  68  GLN  OE1  1.564  0.233  23.837  31.76
1017  68  GLN  NE2  1.273  -1.027  21.989  5.06
1018  68  GLN  H  2.974  0.836  25.034  8.89
1019  68  GLN  HA  4.797  -0.629  26.272  115.23
1020  68  GLN  HB2  4.366  -2.299  24.709  66.82
1021  68  GLN  HB3  2.99  -1.741  25.187  175.95
1022  68  GLN  HG2  4.041  -0.7  22.795  8.53
1023  68  GLN  HG3  3.392  -2.117  22.735  68.5
1024  68  GLN  HE21  1.592  -1.625  21.459  172.75
1025  68  GLN  HE22  0.497  -0.689  21.838  57.56
1026  69  SER  N  6.016  1.315  24.363  114.42
1027  69  SER  CA  7.228  1.755  23.662  7.62
1028  69  SER  C  8.551  1.383  24.374  3.73
1029  69  SER  O  8.683  1.526  25.593  56.79
1030  69  SER  CB  7.185  3.278  23.433  172.25
1031  69  SER  OG  8.407  3.761  22.873  1.15
1032  69  SER  H  5.47  1.948  24.565  7.36
1033  69  SER  HA  7.227  1.276  22.819  6.83
1034  69  SER  HB2  6.448  3.496  22.841  4.63
1035  69  SER  HB3  7.014  3.728  24.275  56.47
1036  69  SER  HG  8.421  4.6  22.913  120.83
1037  70  ARG  N  9.544  0.958  23.587  127.79
1038  70  ARG  CA  10.862  0.614  24.113  177.55
1039  70  ARG  C  11.598  1.881  24.568  60.1
1040  70  ARG  O  12.556  1.814  25.351  32.15
1041  70  ARG  CB  11.653  -0.141  23.059  7.61
1042  70  ARG  CG  11.169  -1.567  22.856  3.74
1043  70  ARG  CD  11.999  -2.297  21.811  7.29
1044  70  ARG  NE  11.876  -3.742  21.973  1.92
1045  70  ARG  CZ  11.487  -4.588  21.025  1.83
1046  70  ARG  NH1  11.188  -4.155  19.809  116.59
1047  70  ARG  NH2  11.409  -5.884  21.301  56.4
1048  70  ARG  H  9.469  0.862  22.736  8.68
1049  70  ARG  HA  10.762  0.038  24.887  6.65
1050  70  ARG  HB2  11.597  0.337  22.217  31.65
1051  70  ARG  HB3  12.589  -0.156  23.314  31.81
1052  70  ARG  HG2  11.212  -2.047  23.698  175.13
1053  70  ARG  HG3  10.238  -1.558  22.582  9.06
1054  70  ARG  HD2  11.707  -2.04  20.922  30.9
1055  70  ARG  HD3  12.93  -2.036  21.89  4.84
1056  70  ARG  HE  12.071  -4.072  22.743  117.76
1057  70  ARG  HH11  11.245  -3.317  19.625  8.23
1058  70  ARG  HH12  10.937  -4.712  19.204  3.98
1059  70  ARG  HH21  11.609  -6.169  22.087  1.08
1060  70  ARG  HH22  11.158  -6.439  20.694  127.16
1061  71  ASN  N  11.16  3.039  24.067  115.44
1062  71  ASN  CA  11.716  4.324  24.504  116.93
1063  71  ASN  C  13.26  4.29  24.415  52.4
1064  71  ASN  O  13.963  4.556  25.392  176.2
1065  71  ASN  CB  11.261  4.581  25.96  1.65
1066  71  ASN  CG  11.657  5.96  26.481  20.76
1067  71  ASN  OD1  11.994  6.849  25.702  5.08
1068  71  ASN  ND2  11.642  6.135  27.811  8
1069  71  ASN  H  10.541  3.102  23.473  7.82
1070  71  ASN  HA  11.398  5.04  23.931  120.74
1071  71  ASN  HB2  10.297  4.487  26.013  54.72
1072  71  ASN  HB3  11.644  3.902  26.537  179.55
1073  71  ASN  HD21  11.874  6.892  28.148  174.76
1074  71  ASN  HD22  11.4  5.491  28.327  17.84
1075  72  ILE  N  13.772  3.97  23.234  119.31
1076  72  ILE  CA  15.219  3.855  23.056  121.26
1077  72  ILE  C  16.033  5.108  23.391  56.45
1078  72  ILE  O  17.147  5.018  23.943  31.75
1079  72  ILE  CB  15.544  3.244  21.661  8.17
1080  72  ILE  CG1  14.971  1.828  21.625  4.06
1081  72  ILE  CG2  17.073  3.182  21.403  0.71
1082  72  ILE  CD  14.957  1.208  20.268  25.8
1083  72  ILE  H  13.307  3.816  22.527  8.41
1084  72  ILE  HA  15.525  3.236  23.737  4.72
1085  72  ILE  HB  15.152  3.804  20.973  123.09
1086  72  ILE  HG21  17.238  2.797  20.528  55.27
1087  72  ILE  HG22  17.444  4.078  21.437  175.61
1088  72  ILE  HG23  17.494  2.632  22.082  1.83
1089  73  CYS  N  15.482  6.283  23.108  113.23
1090  73  CYS  CA  16.184  7.507  23.424  4.62
1091  73  CYS  C  16.027  7.907  24.879  4.75
1092  73  CYS  O  16.599  8.918  25.293  115.06
1093  73  CYS  CB  15.754  8.627  22.49  58.52
1094  73  CYS  SG  16.391  8.373  20.808  178.15
1095  73  CYS  H  14.713  6.388  22.738  9.12
1096  73  CYS  HA  17.13  7.34  23.287  30.39
1097  73  CYS  HB2  14.786  8.676  22.466  27.02
1098  73  CYS  HB3  16.073  9.476  22.833  116.54
1099  74  ASP  N  15.231  7.142  25.637  122.34
1100  74  ASP  CA  15.028  7.369  27.077  7.42
1101  74  ASP  C  14.646  8.818  27.419  4.06
1102  74  ASP  O  15.301  9.477  28.246  23.59
1103  74  ASP  CB  16.314  6.994  27.826  1.84
1104  74  ASP  CG  16.093  6.833  29.313  126.02
1105  74  ASP  OD1  15.083  6.22  29.726  1.71
1106  74  ASP  OD2  16.934  7.323  30.072  8.2
1107  74  ASP  H  14.79  6.471  25.328  7.91
1108  74  ASP  HA  14.283  6.812  27.351  44.9
1109  74  ASP  HB2  16.666  6.166  27.463  115.66
1110  74  ASP  HB3  16.984  7.678  27.674  55.9
1111  75  ILE  N  13.535  9.277  26.847  120.41
1112  75  ILE  CA  13.105  10.652  27.016  9.3
1113  75  ILE  C  11.617  10.766  26.669  32.59
1114  75  ILE  O  11.089  10.014  25.816  24.29
1115  75  ILE  CB  13.968  11.553  26.06  28.42
1116  75  ILE  CG1  13.739  13.054  26.311  41.78
1117  75  ILE  CG2  13.697  11.215  24.56  8.5
1118  75  ILE  CD  14.81  13.96  25.603  7.7
1119  75  ILE  H  13.016  8.8  26.354  9.07
1120  75  ILE  HA  13.226  10.942  27.934  9.3
1121  75  ILE  HB  14.896  11.355  26.262  1.85
1122  75  ILE  HG21  14.242  11.785  23.996  4.31
1123  75  ILE  HG22  13.92  10.286  24.392  1.44
1124  75  ILE  HG23  12.76  11.363  24.359  54.37
1125  76  SER  N  10.911  11.656  27.35  120.23
1126  76  SER  CA  9.503  11.82  26.988  2.88
1127  76  SER  C  9.402  12.571  25.657  30.35
1128  76  SER  O  10.205  13.448  25.36  175.94
1129  76  SER  CB  8.716  12.517  28.095  2.63
1130  76  SER  OG  9.448  13.599  28.625  2.51
1131  76  SER  H  11.202  12.151  27.99  8.08
1132  76  SER  HA  9.103  10.943  26.879  56.55
1133  76  SER  HB2  7.869  12.835  27.745  175.95
1134  76  SER  HB3  8.511  11.883  28.8  62.59
1135  76  SER  HG  9.011  14.309  28.525  32.3
1136  77  CYS  N  8.406  12.25  24.848  125.01
1137  77  CYS  CA  8.277  12.896  23.559  58.11
1138  77  CYS  C  8.039  14.404  23.609  175.05
1139  77  CYS  O  8.29  15.08  22.605  7.56
1140  77  CYS  CB  7.194  12.238  22.707  4.33
1141  77  CYS  SG  7.369  10.434  22.49  2.06
1142  77  CYS  H  7.8  11.666  25.025  8.74
1143  77  CYS  HA  9.147  12.773  23.149  119.62
1144  77  CYS  HB2  6.33  12.419  23.11  56.7
1145  77  CYS  HB3  7.192  12.656  21.832  177.22
1146  78  ASP  N  7.572  14.944  24.736  115.44
1147  78  ASP  CA  7.354  16.398  24.783  33.53
1148  78  ASP  C  8.644  17.208  24.592  2.88
1149  78  ASP  O  8.593  18.351  24.165  45.49
1150  78  ASP  CB  6.584  16.835  26.052  7.58
1151  78  ASP  CG  7.351  16.568  27.348  4.3
1152  78  ASP  OD1  7.274  15.449  27.867  177.79
1153  78  ASP  OD2  7.982  17.507  27.87  58.31
1154  78  ASP  H  7.382  14.513  25.455  7.82
1155  78  ASP  HA  6.79  16.603  24.021  10.05
1156  78  ASP  HB2  6.384  17.782  25.991  31.26
1157  78  ASP  HB3  5.735  16.368  26.084  117.39
1158  79  LYS  N  9.786  16.612  24.934  119.77
1159  79  LYS  CA  11.094  17.264  24.791  176.12
1160  79  LYS  C  11.456  17.523  23.308  175.95
1161  79  LYS  O  12.408  18.254  23.009  41.49
1162  79  LYS  CB  12.187  16.426  25.462  34.07
1163  79  LYS  CG  11.963  16.188  26.952  46.26
1164  79  LYS  CD  11.823  17.468  27.742  64.26
1165  79  LYS  CE  13.139  18.163  27.832  7.83
1166  79  LYS  NZ  13.082  19.194  28.886  4.67
1167  79  LYS  H  9.827  15.816  25.257  7.5
1168  79  LYS  HA  11.035  18.126  25.233  4.47
1169  79  LYS  HB2  12.245  15.568  25.013  113.09
1170  79  LYS  HB3  13.041  16.869  25.34  61.71
1171  79  LYS  HG2  11.164  15.651  27.072  173.45
1172  79  LYS  HG3  12.705  15.675  27.307  57.32
1173  79  LYS  HD2  11.171  18.048  27.318  70.27
1174  79  LYS  HD3  11.491  17.272  28.632  41.87
1175  79  LYS  HE2  13.84  17.523  28.03  7.76
1176  79  LYS  HE3  13.359  18.57  26.98  4.31
1177  79  LYS  HZ1  13.868  19.608  28.939  178.05
1178  79  LYS  HZ2  12.448  19.786  28.688  174.92
1179  79  LYS  HZ3  12.896  18.81  29.667  32.21
1180  80  PHE  N  10.715  16.913  22.377  121.59
1181  80  PHE  CA  10.979  17.118  20.949  53.71
1182  80  PHE  C  10.087  18.183  20.341  175.95
1183  80  PHE  O  10.095  18.377  19.125  68.68
1184  80  PHE  CB  10.829  15.802  20.155  41.82
1185  80  PHE  CG  11.816  14.724  20.551  117.1
1186  80  PHE  CD1  13.074  15.054  21.054  57.06
1187  80  PHE  CD2  11.462  13.364  20.455  173.55
1188  80  PHE  CE1  13.979  14.056  21.47  8.95
1189  80  PHE  CE2  12.358  12.35  20.868  8.44
1190  80  PHE  CZ  13.613  12.707  21.378  4.69
1191  80  PHE  H  10.061  16.382  22.549  8.07
1192  80  PHE  HA  11.897  17.425  20.887  8.04
1193  80  PHE  HB2  9.928  15.463  20.277  9.04
1194  80  PHE  HB3  10.935  15.992  19.21  3.95
1195  80  PHE  HD1  13.321  15.949  21.116  118.83
1196  80  PHE  HD2  10.628  13.13  20.116  59.43
1197  80  PHE  HE1  14.814  14.292  21.804  175.35
1198  80  PHE  HE2  12.116  11.454  20.802  55.3
1199  80  PHE  HZ  14.205  12.046  21.656  64.17
1200  81  LEU  N  9.339  18.886  21.187  113.67
1201  81  LEU  CA  8.435  19.94  20.72  30.99
1202  81  LEU  C  8.832  21.326  21.213  59.46
1203  81  LEU  O  8.127  22.299  20.964  174.28
1204  81  LEU  CB  6.987  19.613  21.149  8.77
1205  81  LEU  CG  6.374  18.295  20.636  4.46
1206  81  LEU  CD1  4.966  18.129  21.211  4.03
1207  81  LEU  CD2  6.324  18.294  19.129  112.5
1208  81  LEU  H  9.339  18.769  22.039  6.98
1209  81  LEU  HA  8.498  19.963  19.752  4.25
1210  81  LEU  HB2  6.958  19.599  22.118  121.62
1211  81  LEU  HB3  6.417  20.342  20.858  59.73
1212  81  LEU  HG  6.927  17.553  20.925  178.55
1213  81  LEU  HD11  4.58  17.3  20.888  7.72
1214  81  LEU  HD12  5.012  18.108  22.18  29.21
1215  81  LEU  HD13  4.412  18.874  20.93  36.22
1216  81  LEU  HD21  5.937  17.461  18.818  61.8
1217  81  LEU  HD22  5.78  19.037  18.823  118.39
1218  81  LEU  HD23  7.223  18.384  18.775  52.3
1219  82  ASP  N  9.931  21.412  21.962  119.62
1220  82  ASP  CA  10.39  22.702  22.485  4.13
1221  82  ASP  C  11.408  23.415  21.581  2.07
1222  82  ASP  O  11.692  22.927  20.482  55.07
1223  82  ASP  CB  10.855  22.583  23.949  2.27
1224  82  ASP  CG  12.034  21.645  24.133  179.76
1225  82  ASP  OD1  12.755  21.383  23.154  118.7
1226  82  ASP  OD2  12.238  21.185  25.268  59.3
1227  82  ASP  H  10.423  20.741  22.178  7.49
1228  82  ASP  HA  9.617  23.288  22.479  6.42
1229  82  ASP  HB2  11.096  23.463  24.277  29.15
1230  82  ASP  HB3  10.114  22.271  24.492  2.31
1231  83  ASP  N  11.958  24.547  22.041  114.33
1232  83  ASP  CA  12.876  25.329  21.222  7.87
1233  83  ASP  C  14.326  24.87  21.184  8.19
1234  83  ASP  O  15.083  25.329  20.341  4.04
1235  83  ASP  CB  12.82  26.805  21.617  179.08
1236  83  ASP  CG  11.572  27.52  21.076  125.61
1237  83  ASP  OD1  10.692  26.893  20.435  126.14
1238  83  ASP  OD2  11.493  28.745  21.279  60.2
1239  83  ASP  H  11.809  24.873  22.823  7.88
1240  83  ASP  HA  12.551  25.185  20.32  59.52
1241  83  ASP  HB2  12.835  26.877  22.584  179.95
1242  83  ASP  HB3  13.614  27.254  21.286  9.18
1243  84  ASP  N  14.707  23.994  22.097  116.94
1244  84  ASP  CA  16.08  23.487  22.133  36.31
1245  84  ASP  C  16.177  22.164  21.334  113.13
1246  84  ASP  O  15.668  21.134  21.776  8.14
1247  84  ASP  CB  16.479  23.237  23.586  8.1
1248  84  ASP  CG  17.957  22.859  23.74  18.24
1249  84  ASP  OD1  18.704  22.927  22.745  8.71
1250  84  ASP  OD2  18.355  22.506  24.867  7.89
1251  84  ASP  H  14.191  23.676  22.707  7.2
1252  84  ASP  HA  16.676  24.14  21.734  2.16
1253  84  ASP  HB2  16.297  24.034  24.109  56.71
1254  84  ASP  HB3  15.928  22.527  23.951  2.29
1255  85  ILE  N  16.819  22.17  20.163  122.06
1256  85  ILE  CA  16.914  20.92  19.416  31.43
1257  85  ILE  C  18.131  20.068  19.828  3.02
1258  85  ILE  O  18.436  19.069  19.181  122.15
1259  85  ILE  CB  16.885  21.123  17.864  113.65
1260  85  ILE  CG1  18.12  21.907  17.367  59.7
1261  85  ILE  CG2  15.533  21.754  17.434  177.4
1262  85  ILE  CD  18.284  21.913  15.842  37.69
1263  85  ILE  H  17.19  22.855  19.799  9.15
1264  85  ILE  HA  16.113  20.428  19.657  65.58
1265  85  ILE  HB  16.943  20.257  17.43  177.75
1266  85  ILE  HG21  15.524  21.876  16.472  9.24
1267  85  ILE  HG22  14.805  21.167  17.692  37.13
1268  85  ILE  HG23  15.424  22.614  17.869  55.56
1269  86  THR  N  18.818  20.437  20.904  119.44
1270  86  THR  CA  20.008  19.675  21.324  112.36
1271  86  THR  C  19.669  18.219  21.673  59.69
1272  86  THR  O  20.363  17.303  21.23  8.09
1273  86  THR  CB  20.757  20.37  22.505  4
1274  86  THR  OG1  21.126  21.703  22.119  31.92
1275  86  THR  CG2  22.034  19.628  22.862  7.16
1276  86  THR  H  18.623  21.111  21.401  8.56
1277  86  THR  HA  20.607  19.66  20.561  176.14
1278  86  THR  HB  20.16  20.375  23.269  121.25
1279  86  THR  HG1  20.478  22.222  22.248  60.28
1280  86  THR  HG21  22.477  20.081  23.596  178.15
1281  86  THR  HG22  21.818  18.72  23.126  60.86
1282  86  THR  HG23  22.623  19.609  22.092  29.82
1283  87  ASP  N  18.641  17.988  22.495  121.81
1284  87  ASP  CA  18.261  16.611  22.812  4.15
1285  87  ASP  C  17.65  15.882  21.58  47.07
1286  87  ASP  O  17.822  14.67  21.439  10.16
1287  87  ASP  CB  17.409  16.508  24.1  1.83
1288  87  ASP  CG  16.182  17.407  24.096  117.41
1289  87  ASP  OD1  15.878  18.034  23.067  58.8
1290  87  ASP  OD2  15.514  17.47  25.151  179.35
1291  87  ASP  H  18.163  18.597  22.87  8.36
1292  87  ASP  HA  19.075  16.127  23.022  29.07
1293  87  ASP  HB2  17.125  15.588  24.218  35.63
1294  87  ASP  HB3  17.963  16.734  24.863  119.07
1295  88  ASP  N  17.021  16.625  20.66  124.95
1296  88  ASP  CA  16.469  16.039  19.431  176.45
1297  88  ASP  C  17.629  15.463  18.614  121.14
1298  88  ASP  O  17.536  14.339  18.092  52.16
1299  88  ASP  CB  15.771  17.088  18.553  8.27
1300  88  ASP  CG  14.572  17.74  19.238  4.12
1301  88  ASP  OD1  14.75  18.298  20.345  2.12
1302  88  ASP  OD2  13.464  17.692  18.659  8.98
1303  88  ASP  H  16.904  17.474  20.73  10.34
1304  88  ASP  HA  15.821  15.365  19.688  4.15
1305  88  ASP  HB2  16.411  17.775  18.309  50.1
1306  88  ASP  HB3  15.477  16.669  17.729  174.7
1307  89  ILE  N  18.712  16.243  18.502  117.49
1308  89  ILE  CA  19.93  15.822  17.773  121.76
1309  89  ILE  C  20.563  14.565  18.407  55.35
1310  89  ILE  O  20.937  13.635  17.716  179.25
1311  89  ILE  CB  20.949  16.971  17.733  45.88
1312  89  ILE  CG1  20.434  18.064  16.801  18.43
1313  89  ILE  CG2  22.341  16.468  17.262  174.15
1314  89  ILE  CD  21.267  19.3  16.882  55.11
1315  89  ILE  H  18.766  17.03  18.844  8.84
1316  89  ILE  HA  19.671  15.597  16.866  124.79
1317  89  ILE  HB  21.054  17.329  18.628  48.57
1318  89  ILE  HG21  22.965  17.211  17.245  8.85
1319  89  ILE  HG22  22.664  15.789  17.874  8.14
1320  89  ILE  HG23  22.265  16.09  16.372  4.18
1321  90  MET  N  20.589  14.51  19.729  118.04
1322  90  MET  CA  21.136  13.368  20.448  56.27
1323  90  MET  C  20.331  12.119  20.061  120.78
1324  90  MET  O  20.901  11.07  19.776  54.05
1325  90  MET  CB  21.087  13.635  21.968  55.25
1326  90  MET  CG  21.627  12.548  22.854  4.32
1327  90  MET  SD  21.344  12.928  24.617  64.27
1328  90  MET  CE  22.389  11.614  25.373  176.55
1329  90  MET  H  20.289  15.135  20.238  7.37
1330  90  MET  HA  22.065  13.225  20.21  0.93
1331  90  MET  HB2  21.581  14.449  22.15  113.09
1332  90  MET  HB3  20.165  13.801  22.218  118.53
1333  90  MET  HG2  21.203  11.705  22.63  62.49
1334  90  MET  HG3  22.577  12.439  22.693  176.75
1335  90  MET  HE1  22.345  11.682  26.34  177.3
1336  90  MET  HE2  22.065  10.743  25.095  38.7
1337  90  MET  HE3  23.308  11.724  25.083  2.55
1338  91  CYS  N  19.009  12.227  20.005  117.63
1339  91  CYS  CA  18.211  11.062  19.643  8.56
1340  91  CYS  C  18.371  10.68  18.159  3.12
1341  91  CYS  O  18.464  9.493  17.815  47.5
1342  91  CYS  CB  16.753  11.316  20.031  30.39
1343  91  CYS  SG  15.626  9.921  19.735  123.06
1344  91  CYS  H  18.564  12.945  20.168  7.89
1345  91  CYS  HA  18.535  10.293  20.138  9.49
1346  91  CYS  HB2  16.719  11.548  20.972  3.95
1347  91  CYS  HB3  16.43  12.086  19.537  2.31
1348  92  ALA  N  18.394  11.68  17.286  123.36
1349  92  ALA  CA  18.57  11.476  15.859  58.84
1350  92  ALA  C  19.881  10.721  15.613  177.45
1351  92  ALA  O  19.949  9.87  14.726  8.76
1352  92  ALA  CB  18.588  12.803  15.155  30.22
1353  92  ALA  H  18.307  12.505  17.511  8.73
1354  92  ALA  HA  17.833  10.951  15.51  100.43
1355  92  ALA  HB1  18.706  12.663  14.202  45.25
1356  92  ALA  HB2  17.749  13.264  15.312  174.45
1357  92  ALA  HB3  19.321  13.34  15.495  125.87
1358  93  LYS  N  20.934  11.056  16.359  115.5
1359  93  LYS  CA  22.238  10.373  16.227  7.59
1360  93  LYS  C  22.118  8.907  16.644  3.87
1361  93  LYS  O  22.772  8.035  16.075  8.54
1362  93  LYS  CB  23.296  11.049  17.094  1.92
1363  93  LYS  CG  23.899  12.285  16.511  55.59
1364  93  LYS  CD  24.99  12.771  17.479  3.21
1365  93  LYS  CE  25.532  14.126  17.1  28.9
1366  93  LYS  NZ  26.271  14.697  18.287  30.74
1367  93  LYS  H  20.92  11.679  16.952  8.08
1368  93  LYS  HA  22.506  10.427  15.296  117.31
1369  93  LYS  HB2  22.898  11.273  17.95  65.66
1370  93  LYS  HB3  24.006  10.412  17.269  176.55
1371  93  LYS  HG2  24.277  12.1  15.637  55.41
1372  93  LYS  HG3  23.222  12.969  16.389  31.11
1373  93  LYS  HD2  24.627  12.81  18.378  34.28
1374  93  LYS  HD3  25.716  12.128  17.494  41.31
1375  93  LYS  HE2  26.127  14.05  16.338  178.36
1376  93  LYS  HE3  24.809  14.717  16.837  7.29
1377  93  LYS  HZ1  26.597  15.498  18.077  3.5
1378  93  LYS  HZ2  25.712  14.776  18.975  8.26
1379  93  LYS  HZ3  26.94  14.154  18.509  8.58
1380  94  LYS  N  21.307  8.64  17.659  118.5
1381  94  LYS  CA  21.087  7.266  18.104  60.63
1382  94  LYS  C  20.309  6.503  17.001  176.55
1383  94  LYS  O  20.584  5.336  16.738  69.79
1384  94  LYS  CB  20.347  7.268  19.436  41.25
1385  94  LYS  CG  20.359  5.943  20.165  60.23
1386  94  LYS  CD  20.121  6.127  21.676  8.23
1387  94  LYS  CE  20.195  4.759  22.367  120.66
1388  94  LYS  NZ  19.978  4.848  23.833  61.03
1389  94  LYS  H  20.875  9.236  18.104  6.99
1390  94  LYS  HA  21.932  6.812  18.247  4.22
1391  94  LYS  HB2  20.741  7.943  20.01  33.27
1392  94  LYS  HB3  19.426  7.53  19.281  2.65
1393  94  LYS  HG2  19.674  5.364  19.797  123.13
1394  94  LYS  HG3  21.211  5.501  20.022  59.83
1395  94  LYS  HD2  20.786  6.726  22.049  119.56
1396  94  LYS  HD3  19.254  6.534  21.831  9.49
1397  94  LYS  HE2  19.53  4.169  21.98  7.35
1398  94  LYS  HE3  21.062  4.36  22.195  8.4
1399  94  LYS  HZ1  20.293  4.114  24.225  64.19
1400  94  LYS  HZ2  20.404  5.561  24.154  0.55
1401  94  LYS  HZ3  19.107  4.923  24  175.37
1402  95  ILE  N  19.362  7.168  16.338  119.82
1403  95  ILE  CA  18.633  6.539  15.242  52.04
1404  95  ILE  C  19.635  6.26  14.097  177.45
1405  95  ILE  O  19.653  5.176  13.526  122.78
1406  95  ILE  CB  17.5  7.442  14.713  38.37
1407  95  ILE  CG1  16.441  7.631  15.804  178.69
1408  95  ILE  CG2  16.869  6.794  13.485  120.18
1409  95  ILE  CD  15.34  8.658  15.457  55.39
1410  95  ILE  H  19.129  7.978  16.507  7.69
1411  95  ILE  HA  18.228  5.72  15.567  4.52
1412  95  ILE  HB  17.862  8.308  14.469  1.36
1413  95  ILE  HG21  16.156  7.36  13.15  9.65
1414  95  ILE  HG22  17.542  6.682  12.796  125.09
1415  95  ILE  HG23  16.507  5.927  13.726  58.94
1416  96  LEU  N  20.481  7.23  13.786  121.23
1417  96  LEU  CA  21.461  7.039  12.737  1.55
1418  96  LEU  C  22.403  5.869  13.05  7.73
1419  96  LEU  O  22.803  5.134  12.156  50.2
1420  96  LEU  CB  22.252  8.333  12.53  118.46
1421  96  LEU  CG  21.548  9.426  11.715  113.53
1422  96  LEU  CD1  22.306  10.703  11.794  52.96
1423  96  LEU  CD2  21.403  8.957  10.285  177.55
1424  96  LEU  H  20.503  8  14.168  8.56
1425  96  LEU  HA  20.992  6.817  11.917  39.36
1426  96  LEU  HB2  22.477  8.697  13.401  133.08
1427  96  LEU  HB3  23.088  8.114  12.09  55.24
1428  96  LEU  HG  20.665  9.592  12.081  175.75
1429  96  LEU  HD11  21.849  11.383  11.275  8.15
1430  96  LEU  HD12  22.364  10.988  12.719  4.54
1431  96  LEU  HD13  23.199  10.572  11.44  3.05
1432  96  LEU  HD21  20.958  9.643  9.763  108.78
1433  96  LEU  HD22  22.281  8.784  9.91  9.75
1434  96  LEU  HD23  20.877  8.143  10.263  5.34
1435  97  ASP  N  22.782  5.73  14.313  118.89
1436  97  ASP  CA  23.667  4.646  14.754  47.02
1437  97  ASP  C  23.048  3.25  14.652  174.95
1438  97  ASP  O  23.706  2.269  14.267  173.83
1439  97  ASP  CB  24.024  4.818  16.239  7.76
1440  97  ASP  CG  25.031  5.917  16.498  118.47
1441  97  ASP  OD1  25.709  6.396  15.574  3.83
1442  97  ASP  OD2  25.159  6.272  17.675  119.08
1443  97  ASP  H  22.536  6.26  14.944  8.4
1444  97  ASP  HA  24.433  4.707  14.162  175.95
1445  97  ASP  HB2  23.214  5.008  16.738  177.67
1446  97  ASP  HB3  24.377  3.98  16.578  37.91
1447  98  ILE  N  21.815  3.155  15.113  118.33
1448  98  ILE  CA  21.112  1.887  15.176  8.78
1449  98  ILE  C  20.369  1.476  13.905  7.86
1450  98  ILE  O  20.568  0.369  13.392  8.27
1451  98  ILE  CB  20.158  1.907  16.398  8.7
1452  98  ILE  CG1  20.979  2.151  17.673  1.8
1453  98  ILE  CG2  19.322  0.63  16.465  1.8
1454  98  ILE  CD  20.175  2.472  18.876  8.31
1455  98  ILE  H  21.359  3.826  15.4  8.11
1456  98  ILE  HA  21.794  1.204  15.272  3.38
1457  98  ILE  HB  19.523  2.634  16.308  174.53
1458  98  ILE  HG21  18.735  0.667  17.236  70.35
1459  98  ILE  HG22  18.79  0.549  15.658  41.23
1460  98  ILE  HG23  19.909  -0.138  16.543  29.91
1461  99  LYS  N  19.494  2.351  13.427  118.64
1462  99  LYS  CA  18.687  2.085  12.261  62.64
1463  99  LYS  C  19.319  2.603  10.989  112.28
1464  99  LYS  O  19.39  1.879  9.993  44.86
1465  99  LYS  CB  17.298  2.692  12.475  172.65
1466  99  LYS  CG  16.478  2.888  11.233  4.69
1467  99  LYS  CD  15.927  1.606  10.697  57.32
1468  99  LYS  CE  14.46  1.795  10.301  173.56
1469  99  LYS  NZ  13.835  0.532  9.821  21.09
1470  99  LYS  H  19.355  3.123  13.779  8.98
1471  99  LYS  HA  18.614  1.124  12.15  10.65
1472  99  LYS  HB2  16.803  2.121  13.083  47.61
1473  99  LYS  HB3  17.402  3.551  12.914  108.35
1474  99  LYS  HG2  15.746  3.495  11.426  125.28
1475  99  LYS  HG3  17.025  3.31  10.552  59.67
1476  99  LYS  HD2  16.444  1.319  9.928  174.6
1477  99  LYS  HD3  16.002  0.908  11.366  115.67
1478  99  LYS  HE2  13.962  2.13  11.063  56.15
1479  99  LYS  HE3  14.4  2.468  9.605  174.55
1480  99  LYS  HZ1  12.986  0.685  9.602  14.89
1481  99  LYS  HZ2  14.276  0.235  9.107  42.63
1482  99  LYS  HZ3  13.869  -0.08  10.466  36.77
1483  100  GLY  N  19.82  3.833  11.02  108.84
1484  100  GLY  CA  20.413  4.415  9.826  5.03
1485  100  GLY  C  19.515  5.48  9.178  9.07
1486  100  GLY  O  18.378  5.739  9.62  2.5
1487  100  GLY  H  19.826  4.341  11.714  8.19
1488  100  GLY  HA2  21.267  4.813  10.055  126.81
1489  100  GLY  HA3  20.591  3.712  9.182  61.28
1490  101  ILE  N  20.024  6.09  8.112  117.55
1491  101  ILE  CA  19.312  7.164  7.4  3.47
1492  101  ILE  C  17.942  6.781  6.827  39.19
1493  101  ILE  O  17.089  7.642  6.647  10.11
1494  101  ILE  CB  20.216  7.8  6.276  4.82
1495  101  ILE  CG1  19.634  9.125  5.793  56.99
1496  101  ILE  CG2  20.374  6.849  5.069  176.65
1497  101  ILE  CD  19.522  10.171  6.858  173.92
1498  101  ILE  H  20.792  5.897  7.776  8.51
1499  101  ILE  HA  19.125  7.821  8.088  55.68
1500  101  ILE  HB  21.089  7.954  6.67  175.05
1501  101  ILE  HG21  20.934  7.269  4.397  8.5
1502  101  ILE  HG22  20.786  6.021  5.361  66.93
1503  101  ILE  HG23  19.502  6.66  4.69  8.94
1504  102  ASP  N  17.727  5.5  6.534  117.36
1505  102  ASP  CA  16.444  5.088  5.999  3.16
1506  102  ASP  C  15.262  5.185  6.945  4.39
1507  102  ASP  O  14.16  4.777  6.58  179.32
1508  102  ASP  CB  16.544  3.711  5.38  122.44
1509  102  ASP  CG  17.304  3.739  4.084  55.84
1510  102  ASP  OD1  17.289  4.796  3.403  179.05
1511  102  ASP  OD2  17.93  2.713  3.75  29.3
1512  102  ASP  H  18.302  4.869  6.637  8.15
1513  102  ASP  HA  16.243  5.746  5.316  7.11
1514  102  ASP  HB2  16.983  3.108  6  8.41
1515  102  ASP  HB3  15.653  3.36  5.226  3.94
1516  103  TYR  N  15.49  5.649  8.178  120.07
1517  103  TYR  CA  14.388  5.894  9.107  9.21
1518  103  TYR  C  13.56  6.993  8.417  3.9
1519  103  TYR  O  12.343  7.087  8.613  109.06
1520  103  TYR  CB  14.924  6.428  10.448  37.9
1521  103  TYR  CG  13.849  6.941  11.38  175.07
1522  103  TYR  CD1  13.022  6.06  12.092  180.2
1523  103  TYR  CD2  13.628  8.313  11.523  117.81
1524  103  TYR  CE1  11.994  6.523  12.914  55.11
1525  103  TYR  CE2  12.614  8.8  12.352  181.35
1526  103  TYR  CZ  11.789  7.897  13.04  3.42
1527  103  TYR  OH  10.751  8.383  13.823  18.11
1528  103  TYR  H  16.271  5.826  8.492  7.7
1529  103  TYR  HA  13.88  5.09  9.299  58.67
1530  103  TYR  HB2  15.415  5.72  10.894  177.05
1531  103  TYR  HB3  15.555  7.144  10.272  8.19
1532  103  TYR  HD1  13.162  5.144  12.014  4.02
1533  103  TYR  HD2  14.165  8.913  11.058  118.15
1534  103  TYR  HE1  11.452  5.923  13.373  61.52
1535  103  TYR  HE2  12.487  9.716  12.447  176.82
1536  103  TYR  HH  10.58  9.175  13.602  7.67
1537  104  TRP  N  14.251  7.858  7.663  4.07
1538  104  TRP  CA  13.639  8.971  6.926  1.8
1539  104  TRP  C  13.499  8.647  5.426  1.8
1540  104  TRP  O  14.474  8.676  4.667  121.88
1541  104  TRP  CB  14.455  10.274  7.097  56.5
1542  104  TRP  CG  14.534  10.806  8.503  120.09
1543  104  TRP  CD1  13.626  11.624  9.124  59.37
1544  104  TRP  CD2  15.559  10.535  9.48  179.05
1545  104  TRP  NE1  14.023  11.876  10.421  38.69
1546  104  TRP  CE2  15.202  11.223  10.666  28.87
1547  104  TRP  CE3  16.745  9.77  9.468  37.65
1548  104  TRP  CZ2  15.985  11.173  11.83  53.73
1549  104  TRP  CZ3  17.528  9.718  10.644  176.9
1550  104  TRP  CH2  17.137  10.418  11.799  2.32
1551  104  TRP  H  15.104  7.812  7.565  7.62
1552  104  TRP  HA  12.754  9.102  7.3  56.78
1553  104  TRP  HB2  15.357  10.118  6.775  7.86
1554  104  TRP  HB3  14.066  10.958  6.53  4.04
1555  104  TRP  HD1  12.854  11.96  8.728  2.51
1556  104  TRP  HE1  13.598  12.365  10.986  4.78
1557  104  TRP  HE3  17.006  9.31  8.703  2.29
1558  104  TRP  HZ2  15.734  11.635  12.597  2.56
1559  104  TRP  HZ3  18.31  9.215  10.654  62.86
1560  104  TRP  HH2  17.669  10.37  12.56  1.53
1561  105  LEU  N  12.269  8.354  5.015  108.1
1562  105  LEU  CA  11.939  8.018  3.63  44.48
1563  105  LEU  C  12.364  9.105  2.613  170.85
1564  105  LEU  O  12.699  8.798  1.48  118.78
1565  105  LEU  CB  10.421  7.765  3.554  55.37
1566  105  LEU  CG  9.662  7.331  2.29  120.42
1567  105  LEU  CD1  10.075  5.941  1.838  58.66
1568  105  LEU  CD2  8.161  7.336  2.607  178.15
1569  105  LEU  H  11.589  8.344  5.542  58.91
1570  105  LEU  HA  12.44  7.225  3.382  41.72
1571  105  LEU  HB2  10.229  7.091  4.225  26.77
1572  105  LEU  HB3  9.999  8.587  3.849  28.83
1573  105  LEU  HG  9.871  7.949  1.572  7.54
1574  105  LEU  HD11  9.579  5.699  1.041  7.31
1575  105  LEU  HD12  11.025  5.933  1.642  176.05
1576  105  LEU  HD13  9.886  5.302  2.543  117.31
1577  105  LEU  HD21  7.663  7.064  1.82  60.06
1578  105  LEU  HD22  7.981  6.718  3.332  178.55
1579  105  LEU  HD23  7.888  8.229  2.869  62.16
1580  106  ALA  N  12.379  10.364  3.025  116.75
1581  106  ALA  CA  12.758  11.464  2.14  54.14
1582  106  ALA  C  14.187  11.367  1.601  110.93
1583  106  ALA  O  14.488  11.914  0.535  8.66
1584  106  ALA  CB  12.593  12.809  2.867  3.79
1585  106  ALA  H  12.171  10.608  3.823  8.75
1586  106  ALA  HA  12.162  11.402  1.377  43.67
1587  106  ALA  HB1  12.847  13.532  2.272  2.69
1588  106  ALA  HB2  11.667  12.921  3.135  7.64
1589  106  ALA  HB3  13.161  12.824  3.653  6.81
1590  107  HSE  N  15.083  10.744  2.355  6.81
1591  107  HSE  CA  16.476  10.673  1.911  7.79
1592  107  HSE  C  16.673  9.969  0.549  119.22
1593  107  HSE  O  17.234  10.556  -0.382  60.16
1594  107  HSE  CB  17.38  10.063  2.984  177.55
1595  107  HSE  CG  18.825  10.075  2.6  54.18
1596  107  HSE  ND1  19.469  8.968  2.104  30.57
1597  107  HSE  CD2  19.717  11.093  2.533  127.85
1598  107  HSE  CE1  20.693  9.301  1.731  53.53
1599  107  HSE  NE2  20.868  10.584  1.985  174.76
1600  108  LYS  N  16.231  8.725  0.425  7.95
1601  108  LYS  CA  16.372  8.023  -0.845  4.31
1602  108  LYS  C  15.478  8.557  -1.965  7.39
1603  108  LYS  O  15.87  8.548  -3.136  3.3
1604  108  LYS  CB  16.143  6.515  -0.67  116.16
1605  108  LYS  CG  17.417  5.755  -0.253  52.72
1606  108  LYS  CD  18.613  6.137  -1.151  7.85
1607  108  LYS  CE  19.921  5.466  -0.719  1.82
1608  108  LYS  NZ  21.102  6.097  -1.385  40.7
1609  108  LYS  H  15.852  8.274  1.052  118.01
1610  108  LYS  HA  17.286  8.19  -1.123  66.81
1611  108  LYS  HB2  15.455  6.373  -0.001  178.15
1612  108  LYS  HB3  15.81  6.145  -1.503  5.93
1613  108  LYS  HG2  17.627  5.954  0.673  31.41
1614  108  LYS  HG3  17.26  4.799  -0.309  57.7
1615  108  LYS  HD2  18.415  5.889  -2.068  22.42
1616  108  LYS  HD3  18.728  7.1  -1.136  7.88
1617  108  LYS  HE2  20.017  5.531  0.244  3.49
1618  108  LYS  HE3  19.89  4.522  -0.938  1.94
1619  108  LYS  HZ1  21.847  5.69  -1.117  56.04
1620  108  LYS  HZ2  21.022  6.019  -2.268  176.95
1621  108  LYS  HZ3  21.141  6.959  -1.167  7.56
1622  109  ALA  N  14.284  9.009  -1.593  118.29
1623  109  ALA  CA  13.313  9.517  -2.557  114.85
1624  109  ALA  C  13.729  10.777  -3.301  57.2
1625  109  ALA  O  13.667  10.823  -4.528  179.15
1626  109  ALA  CB  11.962  9.746  -1.879  8.65
1627  109  ALA  H  14.014  9.03  -0.777  7.22
1628  109  ALA  HA  13.252  8.824  -3.233  32.72
1629  109  ALA  HB1  11.326  10.083  -2.529  9.22
1630  109  ALA  HB2  11.637  8.908  -1.514  5.17
1631  109  ALA  HB3  12.065  10.392  -1.163  8.34
1632  110  LEU  N  14.215  11.771  -2.568  113.44
1633  110  LEU  CA  14.551  13.057  -3.165  2.12
1634  110  LEU  C  15.885  13.684  -2.817  32.71
1635  110  LEU  O  16.203  14.754  -3.346  7.01
1636  110  LEU  CB  13.487  14.071  -2.73  64.98
1637  110  LEU  CG  12.04  13.788  -3.124  115.58
1638  110  LEU  CD1  11.123  14.74  -2.401  66.58
1639  110  LEU  CD2  11.876  13.935  -4.63  178.25
1640  110  LEU  H  14.358  11.721  -1.721  7.44
1641  110  LEU  HA  14.596  12.859  -4.113  68.51
1642  110  LEU  HB2  13.524  14.148  -1.764  115.24
1643  110  LEU  HB3  13.732  14.936  -3.093  59.7
1644  110  LEU  HG  11.81  12.88  -2.874  173.65
1645  110  LEU  HD11  10.204  14.558  -2.653  8.24
1646  110  LEU  HD12  11.225  14.623  -1.443  4.18
1647  110  LEU  HD13  11.349  15.652  -2.641  9.31
1648  110  LEU  HD21  10.955  13.754  -4.875  5.51
1649  110  LEU  HD22  12.109  14.839  -4.894  3.81
1650  110  LEU  HD23  12.46  13.306  -5.082  62.46
1651  111  CYS  N  16.654  13.066  -1.922  116.78
1652  111  CYS  CA  17.882  13.714  -1.489  123.54
1653  111  CYS  C  19.256  13.146  -1.859  56.95
1654  111  CYS  O  20.235  13.439  -1.163  173.25
1655  111  CYS  CB  17.799  13.998  0.008  59.56
1656  111  CYS  SG  16.309  14.947  0.491  122.46
1657  111  CYS  H  16.489  12.3  -1.567  7.63
1658  111  CYS  HA  17.884  14.508  -2.046  176.25
1659  111  CYS  HB2  17.808  13.157  0.49  66.05
1660  111  CYS  HB3  18.589  14.49  0.281  7.63
1661  112  THR  N  19.341  12.369  -2.938  104.64
1662  112  THR  CA  20.63  11.859  -3.402  4.7
1663  112  THR  C  21.07  12.561  -4.703  118.42
1664  112  THR  O  22.147  12.283  -5.24  55.07
1665  112  THR  CB  20.645  10.345  -3.561  176.15
1666  112  THR  OG1  19.678  9.937  -4.521  3.74
1667  112  THR  CG2  20.328  9.686  -2.25  41.74
1668  112  THR  H  18.667  12.126  -3.414  7.93
1669  112  THR  HA  21.275  12.068  -2.709  176.15
1670  112  THR  HB  21.53  10.081  -3.858  45.27
1671  112  THR  HG1  19.697  9.101  -4.601  24.74
1672  112  THR  HG21  20.34  8.722  -2.361  7.7
1673  112  THR  HG22  20.99  9.943  -1.59  4.3
1674  112  THR  HG23  19.449  9.966  -1.951  8.9
1675  113  GLU  N  20.271  13.51  -5.187  118.7
1676  113  GLU  CA  20.629  14.266  -6.387  1.5
1677  113  GLU  C  20.137  15.698  -6.28  54.84
1678  113  GLU  O  19.429  16.031  -5.332  105.03
1679  113  GLU  CB  20.115  13.584  -7.642  45.06
1680  113  GLU  CG  18.682  13.14  -7.559  174.25
1681  113  GLU  CD  18.277  12.29  -8.759  53.2
1682  113  GLU  OE1  18.77  11.135  -8.893  31.69
1683  113  GLU  OE2  17.475  12.788  -9.577  120
1684  113  GLU  H  19.518  13.732  -4.836  7.64
1685  113  GLU  HA  21.596  14.29  -6.455  174.25
1686  113  GLU  HB2  20.212  14.192  -8.391  123.75
1687  113  GLU  HB3  20.672  12.812  -7.83  7.6
1688  113  GLU  HG2  18.548  12.632  -6.744  177.24
1689  113  GLU  HG3  18.106  13.918  -7.506  55.53
1690  114  LYS  N  20.527  16.553  -7.225  118.23
1691  114  LYS  CA  20.146  17.977  -7.192  2.52
1692  114  LYS  C  20.531  18.532  -5.826  8.65
1693  114  LYS  O  19.709  19.153  -5.152  60.59
1694  114  LYS  CB  18.634  18.169  -7.375  8.27
1695  114  LYS  CG  18.05  17.608  -8.669  114.22
1696  114  LYS  CD  16.561  17.969  -8.765  53.19
1697  114  LYS  CE  15.915  17.366  -9.992  174.63
1698  114  LYS  NZ  16.581  17.876  -11.211  3.94
1699  114  LYS  H  21.015  16.333  -7.898  9.09
1700  114  LYS  HA  20.601  18.434  -7.916  119.76
1701  114  LYS  HB2  18.178  17.753  -6.626  54.9
1702  114  LYS  HB3  18.437  19.118  -7.335  174.95
1703  114  LYS  HG2  18.529  17.967  -9.432  7.63
1704  114  LYS  HG3  18.16  16.645  -8.693  30.47
1705  114  LYS  HD2  16.101  17.657  -7.97  35.2
1706  114  LYS  HD3  16.463  18.934  -8.789  60.59
1707  114  LYS  HE2  15.979  16.399  -9.959  174.35
1708  114  LYS  HE3  14.971  17.587  -10.013  7.93
1709  114  LYS  HZ1  16.075  17.7  -11.922  4.39
1710  114  LYS  HZ2  16.697  18.756  -11.14  1.71
1711  114  LYS  HZ3  17.372  17.48  -11.305  54.06
1712  115  LEU  N  21.782  18.324  -5.425  117.7
1713  115  LEU  CA  22.221  18.754  -4.095  61.95
1714  115  LEU  C  22.745  20.168  -3.868  41.26
1715  115  LEU  O  22.855  20.571  -2.723  45.88
1716  115  LEU  CB  23.268  17.784  -3.527  8.48
1717  115  LEU  CG  23.185  16.26  -3.403  5.03
1718  115  LEU  CD1  21.924  15.843  -2.679  8.54
1719  115  LEU  CD2  23.321  15.628  -4.799  125.03
1720  115  LEU  H  22.388  17.94  -5.9  8.47
1721  115  LEU  HA  21.366  18.751  -3.637  175.25
1722  115  LEU  HB2  24.071  17.95  -4.045  44.72
1723  115  LEU  HB3  23.441  18.1  -2.626  31.62
1724  115  LEU  HG  23.92  15.932  -2.861  177.19
1725  115  LEU  HD11  21.894  14.876  -2.613  119.37
1726  115  LEU  HD12  21.919  16.228  -1.789  8.57
1727  115  LEU  HD13  21.149  16.157  -3.171  4.35
1728  115  LEU  HD21  23.269  14.662  -4.724  28.68
1729  115  LEU  HD22  22.604  15.947  -5.37  34.99
1730  115  LEU  HD23  24.176  15.876  -5.185  55.8
1731  116  GLU  N  23.122  20.915  -4.907  119.9
1732  116  GLU  CA  23.64  22.254  -4.657  32.47
1733  116  GLU  C  22.656  23.197  -3.97  124.08
1734  116  GLU  O  23.05  24.068  -3.186  53.84
1735  116  GLU  CB  24.158  22.911  -5.933  178.15
1736  116  GLU  CG  25.57  22.56  -6.29  1.83
1737  116  GLU  CD  26.124  23.492  -7.37  44.7
1738  116  GLU  OE1  25.485  23.616  -8.427  27.06
1739  116  GLU  OE2  27.179  24.123  -7.167  2.96
1740  116  GLU  H  23.088  20.675  -5.732  9.22
1741  116  GLU  HA  24.373  22.11  -4.038  7.97
1742  116  GLU  HB2  23.579  22.659  -6.67  4.73
1743  116  GLU  HB3  24.092  23.874  -5.836  60.55
1744  116  GLU  HG2  26.128  22.613  -5.498  1.52
1745  116  GLU  HG3  25.607  21.642  -6.603  114.31
1746  117  GLN  N  21.377  23.052  -4.295  116.09
1747  117  GLN  CA  20.371  23.916  -3.718  175.35
1748  117  GLN  C  20.355  23.843  -2.197  55.75
1749  117  GLN  O  19.855  24.748  -1.557  71.24
1750  117  GLN  CB  18.989  23.566  -4.272  4.85
1751  117  GLN  CG  18.594  22.121  -4.047  1.59
1752  117  GLN  CD  17.155  21.846  -4.457  1.39
1753  117  GLN  OE1  16.842  20.784  -5  8.12
1754  117  GLN  NE2  16.266  22.797  -4.176  9.22
1755  117  GLN  H  21.077  22.462  -4.844  7.73
1756  117  GLN  HA  20.598  24.826  -3.965  4.43
1757  117  GLN  HB2  18.328  24.142  -3.858  1.76
1758  117  GLN  HB3  18.973  23.753  -5.224  1.29
1759  117  GLN  HG2  19.188  21.543  -4.551  115.47
1760  117  GLN  HG3  18.709  21.898  -3.11  120.52
1761  117  GLN  HE21  16.521  23.525  -3.796  58.04
1762  117  GLN  HE22  15.437  22.683  -4.374  178.45
1763  118  TRP  N  20.866  22.758  -1.617  120.81
1764  118  TRP  CA  20.861  22.605  -0.152  39.37
1765  118  TRP  C  22.092  23.168  0.562  109.38
1766  118  TRP  O  22.17  23.121  1.796  8.73
1767  118  TRP  CB  20.658  21.132  0.224  174.67
1768  118  TRP  CG  19.432  20.567  -0.404  8.13
1769  118  TRP  CD1  19.372  19.72  -1.468  8.88
1770  118  TRP  CD2  18.078  20.91  -0.084  4.2
1771  118  TRP  NE1  18.055  19.524  -1.85  2.55
1772  118  TRP  CE2  17.245  20.251  -1.021  108.4
1773  118  TRP  CE3  17.489  21.723  0.899  125.95
1774  118  TRP  CZ2  15.851  20.384  -1.012  54.63
1775  118  TRP  CZ3  16.094  21.853  0.909  118.58
1776  118  TRP  CH2  15.299  21.186  -0.044  59.94
1777  118  TRP  H  21.219  22.101  -2.045  7.73
1778  118  TRP  HA  20.117  23.143  0.16  28.61
1779  118  TRP  HB2  21.431  20.617  -0.055  28.95
1780  118  TRP  HB3  20.595  21.05  1.188  8.33
1781  118  TRP  HD1  20.109  19.329  -1.879  8.5
1782  118  TRP  HE1  17.79  19.028  -2.5  8.6
1783  118  TRP  HE3  18.013  22.164  1.528  4.08
1784  118  TRP  HZ2  15.32  19.946  -1.637  2.71
1785  118  TRP  HZ3  15.687  22.387  1.553  50.91
1786  118  TRP  HH2  14.375  21.292  -0.017  117.94
1787  119  LEU  N  23.068  23.647  -0.213  118.28
1788  119  LEU  CA  24.283  24.222  0.347  175.5
1789  119  LEU  C  23.999  25.63  0.844  54.97
1790  119  LEU  O  23.14  26.357  0.317  39.06
1791  119  LEU  CB  25.406  24.259  -0.693  119.84
1792  119  LEU  CG  25.946  22.894  -1.095  59.14
1793  119  LEU  CD1  26.65  22.978  -2.421  179.55
1794  119  LEU  CD2  26.856  22.353  -0.003  171.35
1795  119  LEU  H  23.041  23.646  -1.073  6.98
1796  119  LEU  HA  24.572  23.664  1.086  37.55
1797  119  LEU  HB2  25.08  24.711  -1.487  6.56
1798  119  LEU  HB3  26.137  24.792  -0.343  120.96
1799  119  LEU  HG  25.207  22.274  -1.199  7.68
1800  119  LEU  HD11  26.988  22.102  -2.664  4
1801  119  LEU  HD12  26.027  23.283  -3.099  2.34
1802  119  LEU  HD13  27.389  23.603  -2.356  57.54
1803  119  LEU  HD21  27.196  21.483  -0.266  120.16
1804  119  LEU  HD22  27.598  22.963  0.132  66.99
1805  119  LEU  HD23  26.355  22.267  0.823  179.45
1806  120  CYS  N  24.729  26.004  1.878  120.83
1807  120  CYS  CA  24.571  27.32  2.44  31.27
1808  120  CYS  C  25.908  28.071  2.49  130.17
1809  120  CYS  O  26.941  27.543  2.934  53.89
1810  120  CYS  CB  23.909  27.241  3.816  174.35
1811  120  CYS  SG  23.784  28.895  4.553  2.41
1812  120  CYS  H  25.318  25.511  2.265  8.73
1813  120  CYS  HA  23.984  27.83  1.86  3.6
1814  120  CYS  HB2  23.025  26.849  3.734  124.52
1815  120  CYS  HB3  24.425  26.66  4.397  55.91
1816  121  GLU  N  25.875  29.295  1.98  126.04
1817  121  GLU  CA  27.037  30.163  1.95  3.81
1818  121  GLU  C  27.166  31.019  3.222  119.23
1819  121  GLU  O  28.204  31.008  3.894  57.55
1820  121  GLU  CB  26.912  31.06  0.736  179.35
1821  121  GLU  CG  28.112  31.92  0.458  31.77
1822  121  GLU  CD  27.983  32.656  -0.867  40.47
1823  121  GLU  OE1  26.948  32.489  -1.562  59.97
1824  121  GLU  OE2  28.92  33.398  -1.219  173.85
1825  121  GLU  H  25.168  29.647  1.638  8.91
1826  121  GLU  HA  27.835  29.614  1.904  7.81
1827  121  GLU  HB2  26.74  30.507  -0.042  4.32
1828  121  GLU  HB3  26.139  31.634  0.853  2.73
1829  121  GLU  HG2  28.223  32.563  1.176  175.38
1830  121  GLU  HG3  28.91  31.368  0.446  116.64
1831  122  LYS  N  26.1  31.752  3.537  122.69
1832  122  LYS  CA  26.042  32.652  4.699  176.45
1833  122  LYS  C  24.558  33.076  4.874  8.85
1834  122  LYS  O  23.824  33.124  3.877  5.19
1835  122  LYS  CB  26.926  33.894  4.409  118.98
1836  122  LYS  CG  27.123  34.878  5.574  59.32
1837  122  LYS  CD  26.855  36.336  5.154  178.35
1838  122  LYS  CE  26.722  37.264  6.372  8.16
1839  122  LYS  NZ  25.874  38.466  6.092  29.49
1840  122  LYS  H  25.374  31.743  3.075  8.2
1841  122  LYS  HA  26.365  32.221  5.506  114.11
1842  122  LYS  HB2  27.799  33.585  4.12  62.55
1843  122  LYS  HB3  26.536  34.378  3.664  8.01
1844  122  LYS  HG2  26.529  34.638  6.302  3.98
1845  122  LYS  HG3  28.029  34.801  5.911  69.53
1846  122  LYS  HD2  27.578  36.648  4.587  121.12
1847  122  LYS  HD3  26.042  36.377  4.626  50.92
1848  122  LYS  HE2  26.339  36.768  7.112  173.75
1849  122  LYS  HE3  27.605  37.553  6.651  119.11
1850  122  LYS  HZ1  25.826  38.972  6.822  59.94
1851  122  LYS  HZ2  26.236  38.937  5.429  178.85
1852  122  LYS  HZ3  25.056  38.205  5.858  1.4
1853  123  LEU  N  24.103  33.318  6.115  29.38
1854  123  LEU  CA  22.707  33.765  6.373  31.98
1855  123  LEU  C  22.632  35.108  7.126  5.42
1856  123  LEU  O  23.2  35.228  8.243  1.94
1857  123  LEU  CB  21.861  32.715  7.135  31.31
1858  123  LEU  CG  20.358  33.043  7.348  127.03
1859  123  LEU  CD1  19.517  32.766  6.089  64.25
1860  123  LEU  H  24.582  33.231  6.824  7.91
1861  123  LEU  HA  22.33  33.883  5.487  4.01
1862  123  LEU  HB2  21.921  31.874  6.656  2.23
1863  123  LEU  HB3  22.266  32.575  8.005  122.27
1864  123  LEU  HD11  18.588  32.984  6.266  2.44
1865  123  LEU  HD12  19.843  33.311  5.356  176.9
1866  123  LEU  HD13  19.589  31.828  5.851  119.3
