1  1  ASP  N  14.188  -19.225  0.567  119.3
2  1  ASP  CA  15.356  -18.493  -0.003  54.56
3  1  ASP  C  15.027  -17.005  -0.152  174
4  1  ASP  O  14.172  -16.476  0.53  0
5  1  ASP  CB  15.593  -19.13  -1.372  41.56
6  1  ASP  CG  17.085  -19.411  -1.551  31.93
7  1  ASP  OD1  17.871  -18.51  -1.311  123.11
8  1  ASP  OD2  17.417  -20.524  -1.925  16.9
9  1  ASP  H  14.467  -19.976  0.955  8.29
10  1  ASP  H2  13.616  -19.423  -0.085  124.57
11  1  ASP  H3  13.783  -18.713  1.173  3.9
12  1  ASP  HA  16.138  -18.613  0.558  4.62
13  1  ASP  HB2  15.097  -19.961  -1.432  2.72
14  1  ASP  HB3  15.295  -18.523  -2.068  2.72
15  2  GLY  N  15.701  -16.325  -1.039  107
16  2  GLY  CA  15.427  -14.873  -1.231  45.26
17  2  GLY  C  16.486  -14.268  -2.154  2.4
18  2  GLY  O  17.149  -14.966  -2.895  124.69
19  2  GLY  H  16.303  -16.715  -1.514  8.23
20  2  GLY  HA2  14.549  -14.76  -1.628  3.85
21  2  GLY  HA3  15.455  -14.422  -0.373  3.97
22  3  GLU  N  16.652  -12.974  -2.114  118.67
23  3  GLU  CA  17.669  -12.324  -2.99  56.26
24  3  GLU  C  18.28  -11.113  -2.28  4.38
25  3  GLU  O  17.687  -10.541  -1.387  8.51
26  3  GLU  CB  16.897  -11.884  -4.233  31.06
27  3  GLU  CG  17.272  -12.784  -5.413  36.56
28  3  GLU  CD  18.429  -12.153  -6.19  2.79
29  3  GLU  OE1  19.555  -12.265  -5.733  2.92
30  3  GLU  OE2  18.17  -11.569  -7.229  9.05
31  3  GLU  H  16.174  -12.496  -1.582  8.03
32  3  GLU  HA  18.36  -12.959  -3.236  4.25
33  3  GLU  HB2  15.944  -11.953  -4.063  1.89
34  3  GLU  HB3  17.123  -10.965  -4.446  1.89
35  3  GLU  HG2  17.541  -13.655  -5.081  2.01
36  3  GLU  HG3  16.506  -12.884  -6  2.18
37  4  TYR  N  19.46  -10.716  -2.672  117.85
38  4  TYR  CA  20.106  -9.54  -2.019  57.36
39  4  TYR  C  21.151  -8.924  -2.953  2.13
40  4  TYR  O  21.098  -9.09  -4.156  2
41  4  TYR  CB  20.773  -10.102  -0.763  41.16
42  4  TYR  CG  21.751  -11.184  -1.152  2.4
43  4  TYR  CD1  21.323  -12.514  -1.243  8.86
44  4  TYR  CD2  23.086  -10.858  -1.422  3.97
45  4  TYR  CE1  22.23  -13.518  -1.603  3.97
46  4  TYR  CE2  23.993  -11.862  -1.782  4.88
47  4  TYR  CZ  23.565  -13.192  -1.872  8.17
48  4  TYR  OH  24.459  -14.182  -2.227  4.54
49  4  TYR  H  19.865  -11.132  -3.307  7.93
50  4  TYR  HA  19.438  -8.881  -1.773  5.09
51  4  TYR  HB2  21.244  -9.39  -0.302  2.65
52  4  TYR  HB3  20.096  -10.475  -0.176  2.65
53  4  TYR  HD1  20.436  -12.73  -1.064  6.9
54  4  TYR  HD2  23.37  -9.975  -1.362  6.9
55  4  TYR  HE1  21.946  -14.401  -1.663  6.79
56  4  TYR  HE2  24.88  -11.646  -1.961  6.79
57  4  TYR  HH  24.217  -14.895  -1.855  1.85
58  5  PHE  N  22.099  -8.212  -2.408  119.35
59  5  PHE  CA  23.148  -7.584  -3.263  56.86
60  5  PHE  C  24.49  -7.576  -2.527  3.12
61  5  PHE  O  24.565  -7.873  -1.352  3.12
62  5  PHE  CB  22.656  -6.155  -3.506  41.16
63  5  PHE  CG  21.191  -6.183  -3.875  7.88
64  5  PHE  CD1  20.805  -6.476  -5.188  3.39
65  5  PHE  CD2  20.22  -5.919  -2.902  2.29
66  5  PHE  CE1  19.448  -6.504  -5.529  8.53
67  5  PHE  CE2  18.862  -5.947  -3.243  4.71
68  5  PHE  CZ  18.476  -6.24  -4.556  8.53
69  5  PHE  H  22.119  -8.105  -1.555  9.29
70  5  PHE  HA  23.225  -8.056  -4.107  4.41
71  5  PHE  HB2  22.777  -5.63  -2.7  1.9
72  5  PHE  HB3  23.163  -5.757  -4.231  2.1
73  5  PHE  HD1  21.45  -6.651  -5.834  6.79
74  5  PHE  HD2  20.476  -5.724  -2.029  6.79
75  5  PHE  HE1  19.191  -6.699  -6.401  7.04
76  5  PHE  HE2  18.217  -5.772  -2.596  7.04
77  5  PHE  HZ  17.574  -6.259  -4.783  7.16
78  6  THR  N  25.552  -7.241  -3.208  112.96
79  6  THR  CA  26.885  -7.219  -2.541  61.56
80  6  THR  C  27.806  -6.203  -3.219  8.64
81  6  THR  O  27.852  -6.101  -4.429  4.14
82  6  THR  CB  27.435  -8.637  -2.709  70.86
83  6  THR  OG1  28.778  -8.68  -2.246  2.78
84  6  THR  CG2  27.388  -9.033  -4.185  22.86
85  6  THR  H  25.483  -7.034  -4.04  8.45
86  6  THR  HA  26.788  -7.012  -1.598  5.12
87  6  THR  HB  26.895  -9.256  -2.194  3.97
88  6  THR  HG1  28.762  -8.77  -1.411  117.49
89  6  THR  HG21  26.824  -8.41  -4.669  126.26
90  6  THR  HG22  27.026  -9.929  -4.269  7.53
91  6  THR  HG23  28.285  -9.011  -4.554  4.15
92  7  LEU  N  28.543  -5.452  -2.447  124.95
93  7  LEU  CA  29.465  -4.444  -3.044  53.46
94  7  LEU  C  30.902  -4.725  -2.597  8.25
95  7  LEU  O  31.144  -5.148  -1.485  5.3
96  7  LEU  CB  28.986  -3.098  -2.501  47.36
97  7  LEU  CG  28.218  -2.353  -3.594  27.36
98  7  LEU  CD1  27.269  -1.339  -2.954  23.96
99  7  LEU  CD2  29.209  -1.621  -4.502  26.96
100  7  LEU  H  28.498  -5.541  -1.593  9.03
101  7  LEU  HA  29.4  -4.455  -4.012  4.9
102  7  LEU  HB2  28.404  -3.245  -1.739  1.49
103  7  LEU  HB3  29.751  -2.568  -2.228  1.93
104  7  LEU  HG  27.706  -2.988  -4.118  1.55
105  7  LEU  HD11  27.671  -0.985  -2.145  2.1
106  7  LEU  HD12  26.431  -1.775  -2.734  1.45
107  7  LEU  HD13  27.103  -0.613  -3.576  1.68
108  7  LEU  HD21  30.11  -1.746  -4.164  2.04
109  7  LEU  HD22  28.997  -0.675  -4.515  8.3
110  7  LEU  HD23  29.149  -1.978  -5.402  7.93
111  8  GLN  N  31.858  -4.496  -3.455  123.38
112  8  GLN  CA  33.275  -4.756  -3.073  55.36
113  8  GLN  C  34.134  -3.515  -3.331  2.87
114  8  GLN  O  33.933  -2.797  -4.29  6.9
115  8  GLN  CB  33.721  -5.912  -3.97  29.86
116  8  GLN  CG  32.747  -7.082  -3.817  34.26
117  8  GLN  CD  33.534  -8.386  -3.679  35.46
118  8  GLN  OE1  33.206  -9.376  -4.303  176.58
119  8  GLN  NE2  34.568  -8.429  -2.884  111.61
120  8  GLN  H  31.67  -4.199  -4.24  8.69
121  8  GLN  HA  33.332  -5.02  -2.141  5.05
122  8  GLN  HB2  33.732  -5.619  -4.894  1.9
123  8  GLN  HB3  34.611  -6.199  -3.71  2
124  8  GLN  HG2  32.202  -6.946  -3.026  2.22
125  8  GLN  HG3  32.176  -7.132  -4.599  2.22
126  8  GLN  HE21  34.801  -7.729  -2.443  6.64
127  8  GLN  HE22  35.016  -9.158  -2.801  7.25
128  9  ILE  N  35.091  -3.26  -2.481  124.7
129  9  ILE  CA  35.965  -2.068  -2.676  59.96
130  9  ILE  C  37.414  -2.413  -2.322  1.68
131  9  ILE  O  37.675  -3.193  -1.427  3.23
132  9  ILE  CB  35.419  -1.012  -1.715  41.76
133  9  ILE  CG1  34.01  -0.604  -2.152  27.76
134  9  ILE  CG2  36.333  0.214  -1.733  18.36
135  9  ILE  CD  32.976  -1.396  -1.349  55.79
136  9  ILE  H  35.218  -3.781  -1.809  9.4
137  9  ILE  HA  35.906  -1.748  -3.59  4.4
138  9  ILE  HB  35.388  -1.378  -0.817  1.81
139  9  ILE  HG12  33.885  0.345  -1.995  1.4
140  9  ILE  HG13  33.897  -0.793  -3.097  1
141  9  ILE  HG21  36.756  0.315  -0.866  7.92
142  9  ILE  HG22  35.808  1.005  -1.932  4.25
143  9  ILE  HG23  37.015  0.098  -2.413  2.24
144  9  ILE  HD11  33.431  -2.298  -0.968  1.97
145  9  ILE  HD12  32.145  -1.654  -1.988  1.79
146  9  ILE  HD13  32.623  -0.794  -0.524  1.79
147  10  ARG  N  38.358  -1.838  -3.015  128.54
148  10  ARG  CA  39.789  -2.134  -2.714  56.16
149  10  ARG  C  40.448  -0.926  -2.043  7.65
150  10  ARG  O  41.654  -0.784  -2.043  6.79
151  10  ARG  CB  40.431  -2.411  -4.074  31.46
152  10  ARG  CG  40.39  -1.142  -4.926  27.36
153  10  ARG  CD  41.51  -1.19  -5.968  43.86
154  10  ARG  NE  42.61  -0.37  -5.389  4.2
155  10  ARG  CZ  43.75  -0.27  -6.016  52.09
156  10  ARG  NH1  44.023  -1.073  -7.008  115.34
157  10  ARG  NH2  44.618  0.634  -5.65  53.83
158  10  ARG  H  38.156  -1.288  -3.644  9.8
159  10  ARG  HA  39.861  -2.918  -2.148  4.25
160  10  ARG  HB2  41.352  -2.687  -3.946  1.49
161  10  ARG  HB3  39.942  -3.117  -4.525  1.81
162  10  ARG  HG2  39.532  -1.082  -5.375  0.97
163  10  ARG  HG3  40.514  -0.366  -4.357  1.26
164  10  ARG  HD2  41.803  -2.105  -6.104  3.09
165  10  ARG  HD3  41.211  -0.802  -6.805  3.09
166  10  ARG  HE  42.493  0.037  -4.641  3.76
167  10  ARG  HH11  43.451  -1.668  -7.249  3.58
168  10  ARG  HH12  44.775  -1.006  -7.421  1.61
169  10  ARG  HH21  44.437  1.163  -4.996  3.17
170  10  ARG  HH22  45.37  0.7  -6.063  3.17
171  11  GLY  N  39.663  -0.054  -1.471  113.04
172  11  GLY  CA  40.242  1.144  -0.8  44.46
173  11  GLY  C  39.696  1.243  0.625  46.02
174  11  GLY  O  38.505  1.163  0.851  8.78
175  11  GLY  H  38.811  -0.171  -1.482  8.7
176  11  GLY  HA2  41.208  1.064  -0.773  3.84
177  11  GLY  HA3  39.997  1.943  -1.292  4.68
178  12  ARG  N  40.557  1.415  1.59  124.53
179  12  ARG  CA  40.086  1.517  3.002  59.56
180  12  ARG  C  39.485  2.901  3.264  4.2
181  12  ARG  O  38.55  3.048  4.025  2.13
182  12  ARG  CB  41.339  1.307  3.852  29.96
183  12  ARG  CG  40.931  0.915  5.274  26.96
184  12  ARG  CD  42.111  0.239  5.975  42.86
185  12  ARG  NE  41.493  -0.625  7.018  8
186  12  ARG  CZ  41.337  -0.172  8.232  8.24
187  12  ARG  NH1  42.288  -0.325  9.112  4.01
188  12  ARG  NH2  40.231  0.434  8.566  2.04
189  12  ARG  H  41.397  1.469  1.413  8.94
190  12  ARG  HA  39.436  0.822  3.193  3.33
191  12  ARG  HB2  41.879  0.601  3.463  1.81
192  12  ARG  HB3  41.853  2.129  3.88  1.92
193  12  ARG  HG2  40.673  1.71  5.766  1.44
194  12  ARG  HG3  40.182  0.299  5.237  1.92
195  12  ARG  HD2  42.615  -0.297  5.343  3.13
196  12  ARG  HD3  42.683  0.903  6.39  3.13
197  12  ARG  HE  41.238  -1.422  6.82  33.72
198  12  ARG  HH11  43.017  -0.725  8.892  0.28
199  12  ARG  HH12  42.186  -0.027  9.912  17.46
200  12  ARG  HH21  39.604  0.535  7.986  7.88
201  12  ARG  HH22  40.129  0.732  9.366  4.58
202  13  GLU  N  40.017  3.916  2.641  116.96
203  13  GLU  CA  39.479  5.29  2.856  60.26
204  13  GLU  C  38.013  5.368  2.418  4.24
205  13  GLU  O  37.214  6.063  3.013  4.06
206  13  GLU  CB  40.343  6.192  1.976  28.76
207  13  GLU  CG  41.555  6.679  2.772  37.06
208  13  GLU  CD  42.294  7.752  1.971  1.78
209  13  GLU  OE1  41.633  8.498  1.266  2.3
210  13  GLU  OE2  43.508  7.811  2.075  5.54
211  13  GLU  H  40.679  3.792  2.107  8.77
212  13  GLU  HA  39.571  5.549  3.786  3.99
213  13  GLU  HB2  40.643  5.693  1.2  2.02
214  13  GLU  HB3  39.82  6.956  1.687  2.09
215  13  GLU  HG2  41.258  7.052  3.617  2.33
216  13  GLU  HG3  42.153  5.933  2.938  2.33
217  14  ARG  N  37.654  4.658  1.384  119.99
218  14  ARG  CA  36.244  4.69  0.912  59.46
219  14  ARG  C  35.407  3.716  1.735  4.83
220  14  ARG  O  34.314  4.027  2.168  7.3
221  14  ARG  CB  36.302  4.242  -0.55  30.36
222  14  ARG  CG  37.46  4.948  -1.259  30.66
223  14  ARG  CD  38.518  3.918  -1.661  3.15
224  14  ARG  NE  38.501  3.91  -3.151  7.04
225  14  ARG  CZ  37.941  2.92  -3.792  7.04
226  14  ARG  NH1  36.667  2.683  -3.64  6.61
227  14  ARG  NH2  38.654  2.169  -4.586  6.61
228  14  ARG  H  38.229  4.164  0.978  7.96
229  14  ARG  HA  35.884  5.589  0.971  3.95
230  14  ARG  HB2  36.437  3.282  -0.588  1.98
231  14  ARG  HB3  35.469  4.469  -0.991  2.08
232  14  ARG  HG2  37.127  5.398  -2.051  1.7
233  14  ARG  HG3  37.857  5.6  -0.66  1.7
234  14  ARG  HD2  39.391  4.186  -1.332  2.33
235  14  ARG  HD3  38.282  3.04  -1.322  118.13
236  14  ARG  HE  38.862  4.557  -3.588  7.97
237  14  ARG  HH11  36.196  3.178  -3.117  3.75
238  14  ARG  HH12  36.297  2.031  -4.062  2.45
239  14  ARG  HH21  39.494  2.325  -4.687  114.35
240  14  ARG  HH22  38.284  1.518  -5.008  9.04
241  15  PHE  N  35.914  2.534  1.952  117.82
242  15  PHE  CA  35.148  1.537  2.743  61.96
243  15  PHE  C  34.631  2.176  4.031  2.78
244  15  PHE  O  33.458  2.108  4.341  6.72
245  15  PHE  CB  36.137  0.417  3.062  38.96
246  15  PHE  CG  35.412  -0.681  3.8  125.19
247  15  PHE  CD1  34.556  -1.543  3.105  2.01
248  15  PHE  CD2  35.588  -0.832  5.181  2.39
249  15  PHE  CE1  33.875  -2.555  3.79  2.32
250  15  PHE  CE2  34.908  -1.845  5.866  119.95
251  15  PHE  CZ  34.051  -2.706  5.17  59.76
252  15  PHE  H  36.688  2.331  1.637  8.47
253  15  PHE  HA  34.412  1.189  2.216  4.13
254  15  PHE  HB2  36.507  0.066  2.237  2.82
255  15  PHE  HB3  36.852  0.764  3.618  2.82
256  15  PHE  HD1  34.44  -1.443  2.188  6.79
257  15  PHE  HD2  36.157  -0.259  5.643  6.79
258  15  PHE  HE1  33.306  -3.128  3.328  7.24
259  15  PHE  HE2  35.025  -1.946  6.783  7.24
260  15  PHE  HZ  33.596  -3.377  5.625  7.43
261  16  GLU  N  35.497  2.801  4.783  116.9
262  16  GLU  CA  35.048  3.447  6.048  59.36
263  16  GLU  C  33.739  4.198  5.805  116.19
264  16  GLU  O  32.857  4.221  6.642  41.71
265  16  GLU  CB  36.168  4.42  6.417  28.96
266  16  GLU  CG  37.279  3.666  7.15  36.56
267  16  GLU  CD  37.033  3.733  8.658  4.61
268  16  GLU  OE1  36.851  4.829  9.161  3.5
269  16  GLU  OE2  37.032  2.686  9.285  8.19
270  16  GLU  H  36.323  2.842  4.547  8.68
271  16  GLU  HA  34.936  2.785  6.748  3.6
272  16  GLU  HB2  36.526  4.822  5.61  2.02
273  16  GLU  HB3  35.816  5.114  6.996  2.02
274  16  GLU  HG2  37.284  2.74  6.863  2.33
275  16  GLU  HG3  38.135  4.073  6.945  2.48
276  17  GLN  N  33.605  4.808  4.658  116.68
277  17  GLN  CA  32.351  5.555  4.354  59.26
278  17  GLN  C  31.181  4.579  4.196  7.03
279  17  GLN  O  30.141  4.739  4.804  7.03
280  17  GLN  CB  32.631  6.278  3.036  28.36
281  17  GLN  CG  33.885  7.143  3.184  34.26
282  17  GLN  CD  33.51  8.618  3.027  7.24
283  17  GLN  OE1  32.458  8.938  2.51  4.73
284  17  GLN  NE2  34.333  9.537  3.454  111.41
285  17  GLN  H  34.238  4.777  4.077  7.78
286  17  GLN  HA  32.163  6.201  5.053  4.13
287  17  GLN  HB2  32.769  5.625  2.332  2.07
288  17  GLN  HB3  31.875  6.842  2.81  2.28
289  17  GLN  HG2  34.275  6.999  4.061  2.29
290  17  GLN  HG3  34.528  6.9  2.5  2.59
291  17  GLN  HE21  35.078  9.311  3.819  6.63
292  17  GLN  HE22  34.13  10.368  3.369  7.42
293  18  PHE  N  31.343  3.57  3.383  118.34
294  18  PHE  CA  30.239  2.584  3.186  61.46
295  18  PHE  C  29.972  1.817  4.485  3.92
296  18  PHE  O  28.875  1.837  5.008  3.21
297  18  PHE  CB  30.744  1.645  2.092  39.36
298  18  PHE  CG  30.999  2.446  0.838  2.42
299  18  PHE  CD1  29.935  2.775  -0.011  6.85
300  18  PHE  CD2  32.297  2.868  0.53  7.61
301  18  PHE  CE1  30.171  3.525  -1.169  8.9
302  18  PHE  CE2  32.532  3.62  -0.627  4.31
303  18  PHE  CZ  31.47  3.948  -1.476  3.77
304  18  PHE  H  32.086  3.473  2.961  8.23
305  18  PHE  HA  29.433  3.033  2.887  4.17
306  18  PHE  HB2  31.568  1.223  2.381  2.78
307  18  PHE  HB3  30.076  0.966  1.911  3.19
308  18  PHE  HD1  29.073  2.494  0.194  7.29
309  18  PHE  HD2  33.004  2.649  1.094  7.29
310  18  PHE  HE1  29.465  3.744  -1.734  7.42
311  18  PHE  HE2  33.395  3.901  -0.832  7.42
312  18  PHE  HZ  31.626  4.448  -2.244  3.93
313  19  ARG  N  30.962  1.146  5.015  120.18
314  19  ARG  CA  30.75  0.391  6.284  60.06
315  19  ARG  C  29.932  1.237  7.264  8.59
316  19  ARG  O  28.811  0.906  7.604  4.73
317  19  ARG  CB  32.154  0.137  6.833  29.36
318  19  ARG  CG  32.066  -0.766  8.065  25.86
319  19  ARG  CD  31.947  -2.226  7.622  43.26
320  19  ARG  NE  31.467  -2.955  8.828  4.18
321  19  ARG  CZ  32.285  -3.72  9.497  5.67
322  19  ARG  NH1  33.072  -4.546  8.863  3.82
323  19  ARG  NH2  32.316  -3.661  10.801  4.01
324  19  ARG  H  31.733  1.142  4.635  9.37
325  19  ARG  HA  30.304  -0.452  6.107  3.74
326  19  ARG  HB2  32.693  -0.296  6.153  0.96
327  19  ARG  HB3  32.562  0.981  7.082  1.55
328  19  ARG  HG2  32.864  -0.655  8.605  1.46
329  19  ARG  HG3  31.285  -0.524  8.587  1.55
330  19  ARG  HD2  31.306  -2.307  6.898  2.87
331  19  ARG  HD3  32.812  -2.568  7.349  3.23
332  19  ARG  HE  30.65  -2.873  9.083  3.93
333  19  ARG  HH11  33.051  -4.586  8.004  1.95
334  19  ARG  HH12  33.611  -5.051  9.304  28
335  19  ARG  HH21  31.797  -3.117  11.218  23.65
336  19  ARG  HH22  32.856  -4.165  11.242  30.39
337  20  GLU  N  30.479  2.335  7.714  117.42
338  20  GLU  CA  29.724  3.203  8.661  59.96
339  20  GLU  C  28.323  3.464  8.107  4.2
340  20  GLU  O  27.34  3.401  8.818  2.1
341  20  GLU  CB  30.526  4.503  8.737  29.66
342  20  GLU  CG  31.722  4.313  9.672  36.56
343  20  GLU  CD  31.817  5.502  10.63  2.6
344  20  GLU  OE1  30.78  5.95  11.091  7.39
345  20  GLU  OE2  32.924  5.944  10.887  6.93
346  20  GLU  H  31.269  2.561  7.459  8.2
347  20  GLU  HA  29.674  2.789  9.537  4.01
348  20  GLU  HB2  30.841  4.741  7.851  2.13
349  20  GLU  HB3  29.96  5.212  9.08  2.13
350  20  GLU  HG2  31.608  3.495  10.181  2.28
351  20  GLU  HG3  32.537  4.256  9.148  2.46
352  21  ARG  N  28.225  3.747  6.836  117.61
353  21  ARG  CA  26.887  4  6.232  59.16
354  21  ARG  C  26.043  2.726  6.304  3.36
355  21  ARG  O  24.871  2.762  6.622  2.87
356  21  ARG  CB  27.171  4.379  4.778  30.36
357  21  ARG  CG  25.875  4.841  4.108  27.56
358  21  ARG  CD  25.998  6.316  3.719  43.26
359  21  ARG  NE  24.675  6.67  3.135  121.19
360  21  ARG  CZ  24.304  7.919  3.071  8.61
361  21  ARG  NH1  23.649  8.457  4.063  4.53
362  21  ARG  NH2  24.587  8.631  2.015  8.23
363  21  ARG  H  28.931  3.78  6.346  7.53
364  21  ARG  HA  26.441  4.732  6.686  4.23
365  21  ARG  HB2  27.823  5.097  4.752  2.05
366  21  ARG  HB3  27.52  3.608  4.305  2.05
367  21  ARG  HG2  25.715  4.309  3.313  1.72
368  21  ARG  HG3  25.135  4.731  4.725  1.72
369  21  ARG  HD2  26.178  6.856  4.505  3.07
370  21  ARG  HD3  26.697  6.435  3.057  3.07
371  21  ARG  HE  24.156  6.051  2.838  2.37
372  21  ARG  HH11  23.462  7.988  4.76  2.5
373  21  ARG  HH12  23.404  9.28  4.021  2.5
374  21  ARG  HH21  25.02  8.277  1.362  8.9
375  21  ARG  HH22  24.343  9.455  1.973  4.45
376  22  ASN  N  26.636  1.597  6.021  116.67
377  22  ASN  CA  25.87  0.321  6.087  57.76
378  22  ASN  C  25.055  0.283  7.379  40.73
379  22  ASN  O  23.889  -0.058  7.382  7.69
380  22  ASN  CB  26.931  -0.781  6.088  40.06
381  22  ASN  CG  26.249  -2.15  6.064  4.3
382  22  ASN  OD1  25.129  -2.275  5.611  8.03
383  22  ASN  ND2  26.882  -3.189  6.536  112.6
384  22  ASN  H  27.469  1.589  5.806  8.83
385  22  ASN  HA  25.291  0.228  5.314  4.65
386  22  ASN  HB2  27.496  -0.686  5.305  2.6
387  22  ASN  HB3  27.474  -0.706  6.888  2.96
388  22  ASN  HD21  27.675  -3.1  6.857  6.46
389  22  ASN  HD22  26.506  -3.962  6.526  7.78
390  23  GLU  N  25.662  0.643  8.476  116.67
391  23  GLU  CA  24.923  0.64  9.77  59.76
392  23  GLU  C  23.826  1.709  9.744  8.31
393  23  GLU  O  22.693  1.467  10.12  3.8
394  23  GLU  CB  25.977  0.976  10.827  29.66
395  23  GLU  CG  25.29  1.249  12.166  0.77
396  23  GLU  CD  26.074  0.571  13.292  116.94
397  23  GLU  OE1  27.168  0.1  13.025  1.33
398  23  GLU  OE2  25.568  0.535  14.401  1.33
399  23  GLU  H  26.486  0.886  8.451  8.84
400  23  GLU  HA  24.543  -0.235  9.944  4.05
401  23  GLU  HB2  26.588  0.229  10.922  2.15
402  23  GLU  HB3  26.472  1.764  10.552  2.15
403  23  GLU  HG2  25.259  2.206  12.324  111.35
404  23  GLU  HG3  24.387  0.895  12.145  8.2
405  24  ALA  N  24.153  2.891  9.294  119.49
406  24  ALA  CA  23.133  3.976  9.237  55.26
407  24  ALA  C  22.003  3.581  8.285  2.94
408  24  ALA  O  20.847  3.548  8.657  6.89
409  24  ALA  CB  23.883  5.198  8.705  18.16
410  24  ALA  H  24.957  3.041  9.027  7.84
411  24  ALA  HA  22.783  4.16  10.123  4.25
412  24  ALA  HB1  24.646  4.906  8.182  1.99
413  24  ALA  HB2  24.189  5.739  9.45  1.95
414  24  ALA  HB3  23.29  5.723  8.146  1.56
415  25  LEU  N  22.33  3.275  7.06  117.87
416  25  LEU  CA  21.274  2.877  6.088  58.06
417  25  LEU  C  20.537  1.638  6.602  1.72
418  25  LEU  O  19.332  1.525  6.483  2.95
419  25  LEU  CB  22.023  2.564  4.794  40.96
420  25  LEU  CG  21.387  3.337  3.639  26.46
421  25  LEU  CD1  19.893  3.017  3.574  22.56
422  25  LEU  CD2  21.577  4.839  3.867  26.26
423  25  LEU  H  23.154  3.3  6.814  7.89
424  25  LEU  HA  20.652  3.607  5.944  4.15
425  25  LEU  HB2  22.952  2.829  4.887  1.46
426  25  LEU  HB3  21.974  1.613  4.611  2.2
427  25  LEU  HG  21.81  3.078  2.805  2.09
428  25  LEU  HD11  19.488  3.511  2.844  1.82
429  25  LEU  HD12  19.472  3.271  4.41  1.83
430  25  LEU  HD13  19.773  2.066  3.428  2.14
431  25  LEU  HD21  22.225  4.978  4.576  8.26
432  25  LEU  HD22  20.73  5.237  4.12  4.56
433  25  LEU  HD23  21.899  5.252  3.05  3.07
434  26  GLU  N  21.25  0.711  7.181  117.61
435  26  GLU  CA  20.583  -0.512  7.71  59.76
436  26  GLU  C  19.413  -0.107  8.608  6.98
437  26  GLU  O  18.36  -0.713  8.586  3.78
438  26  GLU  CB  21.661  -1.235  8.519  29.06
439  26  GLU  CG  21.032  -2.406  9.277  37.46
440  26  GLU  CD  22.134  -3.26  9.905  4.35
441  26  GLU  OE1  23.243  -2.765  10.029  2.78
442  26  GLU  OE2  21.852  -4.395  10.253  3.06
443  26  GLU  H  22.101  0.808  7.262  8.45
444  26  GLU  HA  20.277  -1.075  6.982  4.26
445  26  GLU  HB2  22.346  -1.568  7.918  2.16
446  26  GLU  HB3  22.058  -0.618  9.153  2.16
447  26  GLU  HG2  20.45  -2.064  9.974  2.24
448  26  GLU  HG3  20.515  -2.95  8.662  2.76
449  27  LEU  N  19.59  0.92  9.395  120.43
450  27  LEU  CA  18.486  1.372  10.291  58.06
451  27  LEU  C  17.405  2.089  9.474  4.15
452  27  LEU  O  16.23  2.002  9.771  57.47
453  27  LEU  CB  19.145  2.339  11.275  41.76
454  27  LEU  CG  19.257  1.672  12.647  26.96
455  27  LEU  CD1  20.299  2.409  13.49  24.16
456  27  LEU  CD2  17.899  1.729  13.352  24.16
457  27  LEU  H  20.342  1.338  9.395  8.26
458  27  LEU  HA  18.106  0.618  10.769  4.26
459  27  LEU  HB2  20.03  2.572  10.954  1.77
460  27  LEU  HB3  18.605  3.141  11.35  1.85
461  27  LEU  HG  19.526  0.747  12.536  1.75
462  27  LEU  HD11  20.397  1.963  14.346  5.23
463  27  LEU  HD12  20.012  3.324  13.633  1.75
464  27  LEU  HD13  21.15  2.407  13.025  1.97
465  27  LEU  HD21  17.99  2.212  14.189  1.66
466  27  LEU  HD22  17.589  0.827  13.53  1.66
467  27  LEU  HD23  17.259  2.185  12.784  1.47
468  28  LYS  N  17.794  2.796  8.446  117.69
469  28  LYS  CA  16.789  3.516  7.611  58.86
470  28  LYS  C  15.695  2.547  7.154  8.56
471  28  LYS  O  14.519  2.797  7.325  5.85
472  28  LYS  CB  17.581  4.046  6.411  32.06
473  28  LYS  CG  16.625  4.379  5.261  25.16
474  28  LYS  CD  15.463  5.223  5.788  29.26
475  28  LYS  CE  15.261  6.438  4.88  4.4
476  28  LYS  NZ  14.194  7.239  5.542  3.03
477  28  LYS  H  18.63  2.845  8.25  7.56
478  28  LYS  HA  16.403  4.255  8.107  4.16
479  28  LYS  HB2  18.063  4.847  6.671  2.05
480  28  LYS  HB3  18.212  3.371  6.116  2.05
481  28  LYS  HG2  17.102  4.877  4.578  1.54
482  28  LYS  HG3  16.278  3.557  4.881  1.66
483  28  LYS  HD2  14.654  4.688  5.798  1.75
484  28  LYS  HD3  15.662  5.524  6.688  1.75
485  28  LYS  HE2  16.082  6.951  4.817  3.05
486  28  LYS  HE3  14.967  6.158  3.999  3.05
487  28  LYS  HZ1  13.804  7.768  4.942  9.13
488  28  LYS  HZ2  14.554  7.735  6.187  4.52
489  28  LYS  HZ3  13.585  6.692  5.892  7.97
490  29  ASP  N  16.075  1.441  6.573  118.51
491  29  ASP  CA  15.055  0.458  6.106  56.96
492  29  ASP  C  14.491  -0.324  7.295  1.99
493  29  ASP  O  13.3  -0.335  7.534  2.65
494  29  ASP  CB  15.81  -0.476  5.159  40.66
495  29  ASP  CG  15.079  -0.541  3.817  7.39
496  29  ASP  OD1  14.811  0.51  3.259  6.93
497  29  ASP  OD2  14.798  -1.642  3.37  0.64
498  29  ASP  H  16.912  1.28  6.46  8.08
499  29  ASP  HA  14.342  0.91  5.628  4.43
500  29  ASP  HB2  16.709  -0.139  5.022  2.74
501  29  ASP  HB3  15.853  -1.365  5.545  3
502  30  ALA  N  15.338  -0.979  8.042  119.85
503  30  ALA  CA  14.85  -1.761  9.216  53.86
504  30  ALA  C  13.784  -0.968  9.977  2.62
505  30  ALA  O  12.926  -1.53  10.629  2.79
506  30  ALA  CB  16.087  -1.973  10.09  18.76
507  30  ALA  H  16.178  -0.961  7.858  7.81
508  30  ALA  HA  14.496  -2.617  8.929  4.29
509  30  ALA  HB1  16.311  -1.142  10.538  60.26
510  30  ALA  HB2  16.832  -2.252  9.535  7.97
511  30  ALA  HB3  15.901  -2.657  10.752  4
512  31  GLN  N  13.831  0.334  9.901  115.68
513  31  GLN  CA  12.819  1.161  10.621  56.66
514  31  GLN  C  12.009  1.993  9.624  2.3
515  31  GLN  O  12.526  2.884  8.98  3.17
516  31  GLN  CB  13.634  2.07  11.541  28.96
517  31  GLN  CG  13.407  1.659  12.997  34.06
518  31  GLN  CD  13.214  2.91  13.857  8.3
519  31  GLN  OE1  13.748  3.958  13.553  4.4
520  31  GLN  NE2  12.468  2.843  14.926  112.2
521  31  GLN  H  14.445  0.716  9.435  8
522  31  GLN  HA  12.233  0.596  11.148  4.26
523  31  GLN  HB2  14.576  1.99  11.324  2.18
524  31  GLN  HB3  13.351  2.99  11.42  2.18
525  31  GLN  HG2  12.616  1.1  13.055  2.47
526  31  GLN  HG3  14.178  1.165  13.317  2.58
527  31  GLN  HE21  12.09  2.101  15.141  6.88
528  31  GLN  HE22  12.354  3.541  15.415  7.5
529  32  ALA  N  10.741  1.71  9.492  121.33
530  32  ALA  CA  9.9  2.486  8.536  53.36
531  32  ALA  C  10.482  2.392  7.123  3.06
532  32  ALA  O  10.976  1.361  6.712  6.95
533  32  ALA  CB  9.954  3.927  9.043  19.06
534  32  ALA  H  10.392  1.075  9.955  7.91
535  32  ALA  HA  8.985  2.164  8.549  4.35
536  32  ALA  HB1  9.304  4.464  8.563  10.06
537  32  ALA  HB2  10.842  4.289  8.898  8.8
538  32  ALA  HB3  9.75  3.943  9.991  4.56
539  33  GLY  N  10.429  3.462  6.376  105.67
540  33  GLY  CA  10.981  3.432  4.992  45.56
541  33  GLY  C  9.909  3.893  4.002  2.74
542  33  GLY  O  10.192  4.586  3.045  115.16
543  33  GLY  H  10.077  4.184  6.684  8.25
544  33  GLY  HA2  11.748  4.023  4.938  3.98
545  33  GLY  HA3  11.253  2.527  4.771  3.98
546  34  LYS  N  8.681  3.513  4.224  1.86
547  34  LYS  CA  7.592  3.93  3.293  1.83
548  34  LYS  C  7.35  5.438  3.402  1.72
549  34  LYS  O  7.752  6.149  2.496  1.72
550  34  LYS  CB  6.358  3.153  3.755  3.28
551  34  LYS  CG  6.573  1.658  3.51  9.15
552  34  LYS  CD  5.486  1.133  2.57  3.88
553  34  LYS  CE  6.131  0.617  1.282  2.31
554  34  LYS  NZ  5.017  -0.014  0.521  2.19
555  34  LYS  OXT  6.765  5.854  4.389  2.53
556  34  LYS  H  8.499  3.022  4.906  2.33
557  34  LYS  HA  7.814  3.686  2.381  7.77
558  34  LYS  HB2  6.213  3.309  4.701  6.87
559  34  LYS  HB3  5.582  3.452  3.256  2.81
560  34  LYS  HG2  7.444  1.52  3.107  2.92
561  34  LYS  HG3  6.526  1.182  4.354  8.94
562  34  LYS  HD2  5.005  0.411  3.004  4.05
563  34  LYS  HD3  4.87  1.851  2.355  3.66
564  34  LYS  HE2  6.512  1.353  0.778  112.04
565  34  LYS  HE3  6.811  -0.044  1.485  8.56
566  34  LYS  HZ1  4.676  -0.685  0.996  4.2
567  34  LYS  HZ2  5.326  -0.324  -0.254  3.92
568  34  LYS  HZ3  4.382  0.591  0.367  3.88
