1  1  ALA  N  24.346  -4.4  -12.209  121.22
2  1  ALA  CA  24.143  -3.178  -13.039  51.29
3  1  ALA  C  23.752  -1.995  -12.15  169.93
4  1  ALA  O  24.451  -1.004  -12.075  55.76
5  1  ALA  CB  23  -3.532  -13.99  19.78
6  1  ALA  H  24.573  -5.082  -12.734  31.93
7  1  ALA  H2  23.591  -4.594  -11.779  21.77
8  1  ALA  H3  24.996  -4.254  -11.618  3.84
9  1  ALA  HA  24.944  -2.973  -13.545  4.09
10  1  ALA  HB1  22.578  -4.354  -13.695  8.84
11  1  ALA  HB2  23.35  -3.652  -14.886  63
12  1  ALA  HB3  22.347  -2.815  -13.991  4.26
13  2  ARG  N  22.639  -2.092  -11.477  4.36
14  2  ARG  CA  22.204  -0.973  -10.593  54.02
15  2  ARG  C  21.627  -1.523  -9.287  53.16
16  2  ARG  O  20.845  -2.454  -9.284  175.47
17  2  ARG  CB  21.123  -0.239  -11.387  41.87
18  2  ARG  CG  19.882  -1.126  -11.494  26.49
19  2  ARG  CD  19.306  -1.031  -12.908  26.18
20  2  ARG  NE  17.944  -1.626  -12.808  22.95
21  2  ARG  CZ  17.622  -2.65  -13.55  8.64
22  2  ARG  NH1  18.491  -3.599  -13.764  5.04
23  2  ARG  NH2  16.431  -2.724  -14.078  1.1
24  2  ARG  H  22.157  -2.801  -11.543  1.71
25  2  ARG  HA  22.946  -0.375  -10.411  1.65
26  2  ARG  HB2  20.894  0.587  -10.932  9.19
27  2  ARG  HB3  21.454  -0.038  -12.276  4.5
28  2  ARG  HG2  20.125  -2.045  -11.304  7.72
29  2  ARG  HG3  19.216  -0.828  -10.855  4.57
30  2  ARG  HD2  19.252  -0.104  -13.188  119.39
31  2  ARG  HD3  19.846  -1.543  -13.53  56.56
32  2  ARG  HE  17.369  -1.293  -12.261  8.84
33  2  ARG  HH11  19.276  -3.551  -13.416  4.81
34  2  ARG  HH12  18.279  -4.273  -14.253  30.42
35  2  ARG  HH21  15.858  -2.099  -13.936  8.53
36  2  ARG  HH22  16.219  -3.399  -14.567  4.37
37  3  ILE  N  22.005  -0.953  -8.177  21.04
38  3  ILE  CA  21.476  -1.439  -6.87  2.09
39  3  ILE  C  21.369  -0.275  -5.883  1.96
40  3  ILE  O  22.258  0.548  -5.779  120.62
41  3  ILE  CB  22.499  -2.466  -6.386  54.39
42  3  ILE  CG1  22.182  -2.857  -4.941  122.28
43  3  ILE  CG2  23.903  -1.863  -6.454  55.69
44  3  ILE  CD  21.843  -4.347  -4.877  41.3
45  3  ILE  H  22.558  -0.295  -8.198  2.53
46  3  ILE  HA  20.612  -1.863  -6.99  33.5
47  3  ILE  HB  22.459  -3.253  -6.952  31.63
48  3  ILE  HG12  22.953  -2.677  -4.381  124.28
49  3  ILE  HG13  21.424  -2.341  -4.625  8.43
50  3  ILE  HG21  24.18  -1.789  -7.381  4.57
51  3  ILE  HG22  24.525  -2.434  -5.976  2.7
52  3  ILE  HG23  23.897  -0.982  -6.048  2.62
53  3  ILE  HD11  21.015  -4.5  -4.2  4.25
54  3  ILE  HD12  22.703  -4.897  -4.525  3.2
55  3  ILE  HD13  21.571  -4.697  -5.863  2.64
56  4  HSE  N  20.286  -0.194  -5.16  6.98
57  4  HSE  CA  20.123  0.922  -4.185  6.98
58  4  HSE  C  21.08  0.743  -3.004  7.2
59  4  HSE  O  21.493  -0.356  -2.687  7.2
60  4  HSE  CB  18.67  0.834  -3.719  7.48
61  4  HSE  CG  17.864  1.911  -4.391  2.04
62  4  HSE  ND1  18.394  3.158  -4.682  123.42
63  4  HSE  CD2  16.566  1.942  -4.838  52.65
64  4  HSE  CE1  17.428  3.881  -5.278  54.05
65  4  HSE  NE2  16.293  3.187  -5.398  8.48
66  4  HSE  H  19.578  -0.865  -5.26  8.23
67  4  HSE  HA  20.296  1.87  -4.668  3.96
68  4  HSE  HB2  18.266  -0.134  -3.979  25.67
69  4  HSE  HB3  18.625  0.967  -2.648  119.34
70  4  HSE  HD1  19.306  3.459  -4.488  56.31
71  4  HSE  HD2  15.865  1.124  -4.767  8.64
72  4  HSE  HE1  17.556  4.898  -5.617  4.79
73  5  HSE  N  21.436  1.818  -2.355  33.34
74  5  HSE  CA  22.369  1.725  -1.194  24.71
75  5  HSE  C  22.034  0.505  -0.331  29.03
76  5  HSE  O  20.888  0.129  -0.185  42.28
77  5  HSE  CB  22.14  3.014  -0.407  2.32
78  5  HSE  CG  20.673  3.165  -0.116  8.28
79  5  HSE  ND1  20.104  2.721  1.067  4.33
80  5  HSE  CD2  19.644  3.708  -0.846  1.85
81  5  HSE  CE1  18.789  3.001  1.015  1.77
82  5  HSE  NE2  18.455  3.603  -0.129  1.46
83  5  HSE  H  21.089  2.692  -2.632  53.88
84  5  HSE  HA  23.391  1.678  -1.534  1.7
85  5  HSE  HB2  22.69  2.972  0.522  131.68
86  5  HSE  HB3  22.479  3.858  -0.99  3.02
87  5  HSE  HD1  20.574  2.281  1.806  7.58
88  5  HSE  HD2  19.743  4.148  -1.827  28.97
89  5  HSE  HE1  18.089  2.767  1.804  42.02
90  6  HSE  N  23.029  -0.112  0.246  8.61
91  6  HSE  CA  22.775  -1.305  1.104  108.13
92  6  HSE  C  23.406  -1.099  2.485  44.59
93  6  HSE  O  23.671  -2.042  3.204  1.38
94  6  HSE  CB  23.448  -2.468  0.373  1.5
95  6  HSE  CG  24.942  -2.345  0.504  1.06
96  6  HSE  ND1  25.591  -2.493  1.72  1.15
97  6  HSE  CD2  25.926  -2.085  -0.417  8.22
98  6  HSE  CE1  26.907  -2.321  1.5  8.7
99  6  HSE  NE2  27.167  -2.07  0.214  4.73
100  6  HSE  H  23.945  0.21  0.117  3.22
101  6  HSE  HA  21.715  -1.488  1.194  2.77
102  6  HSE  HB2  23.124  -3.403  0.807  120.04
103  6  HSE  HB3  23.176  -2.443  -0.672  55.87
104  6  HSE  HD1  25.168  -2.687  2.582  121.44
105  6  HSE  HD2  25.763  -1.918  -1.472  61.49
106  6  HSE  HE1  27.662  -2.38  2.271  33.86
107  7  HSE  N  23.657  0.128  2.855  25.63
108  7  HSE  CA  24.279  0.393  4.184  28.96
109  7  HSE  C  23.232  0.913  5.173  21.04
110  7  HSE  O  22.661  0.163  5.939  24.05
111  7  HSE  CB  25.339  1.463  3.916  8.88
112  7  HSE  CG  26.702  0.829  3.899  4.45
113  7  HSE  ND1  27.366  0.473  5.062  1.82
114  7  HSE  CD2  27.542  0.486  2.868  2.18
115  7  HSE  CE1  28.55  -0.058  4.707  1.57
116  7  HSE  NE2  28.709  -0.074  3.38  1.53
117  7  HSE  H  23.441  0.874  2.258  116.21
118  7  HSE  HA  24.747  -0.501  4.566  57.76
119  7  HSE  HB2  25.146  1.929  2.96  4.26
120  7  HSE  HB3  25.3  2.21  4.695  54.61
121  7  HSE  HD1  27.033  0.586  5.977  65.29
122  7  HSE  HD2  27.33  0.629  1.819  62.67
123  7  HSE  HE1  29.284  -0.426  5.408  116.26
124  8  HSE  N  22.982  2.193  5.166  32.62
125  8  HSE  CA  21.978  2.761  6.111  8.64
126  8  HSE  C  20.619  2.911  5.422  8.88
127  8  HSE  O  20.522  2.909  4.211  4.48
128  8  HSE  CB  22.535  4.131  6.499  4.42
129  8  HSE  CG  23.476  3.98  7.663  4.09
130  8  HSE  ND1  24.845  4.158  7.536  1.62
131  8  HSE  CD2  23.259  3.671  8.984  2.22
132  8  HSE  CE1  25.394  3.957  8.748  120.74
133  8  HSE  NE2  24.472  3.657  9.666  60.6
134  8  HSE  H  23.457  2.782  4.544  112.94
135  8  HSE  HA  21.89  2.139  6.987  55.87
136  8  HSE  HB2  23.067  4.554  5.659  29.37
137  8  HSE  HB3  21.722  4.785  6.776  37.06
138  8  HSE  HD1  25.325  4.387  6.713  40.76
139  8  HSE  HD2  22.295  3.47  9.425  8.35
140  8  HSE  HE1  26.453  4.029  8.952  32.99
141  9  HSE  N  19.569  3.044  6.186  9
142  9  HSE  CA  18.218  3.199  5.575  56.08
143  9  HSE  C  17.727  4.639  5.746  174.73
144  9  HSE  O  17.01  5.163  4.916  2.1
145  9  HSE  CB  17.317  2.231  6.343  30.28
146  9  HSE  CG  15.897  2.394  5.874  2.38
147  9  HSE  ND1  14.832  2.481  6.757  117.45
148  9  HSE  CD2  15.352  2.489  4.618  59.69
149  9  HSE  CE1  13.711  2.622  6.026  1.43
150  9  HSE  NE2  13.971  2.633  4.716  38.34
151  9  HSE  H  19.669  3.046  7.161  29.48
152  9  HSE  HA  18.243  2.93  4.531  4.59
153  9  HSE  HB2  17.642  1.217  6.163  38.6
154  9  HSE  HB3  17.374  2.446  7.4  8.73
155  9  HSE  HD1  14.885  2.447  7.734  8.53
156  9  HSE  HD2  15.91  2.458  3.693  4.1
157  9  HSE  HE1  12.721  2.716  6.447  2.13
158  10  ILE  N  18.108  5.284  6.816  122.45
159  10  ILE  CA  17.664  6.691  7.037  60.88
160  10  ILE  C  18.835  7.654  6.824  175.73
161  10  ILE  O  19.22  8.386  7.715  7.79
162  10  ILE  CB  17.19  6.734  8.49  38.58
163  10  ILE  CG1  15.886  5.944  8.625  26.68
164  10  ILE  CG2  16.947  8.187  8.906  17.08
165  10  ILE  CD  14.78  6.65  7.84  109.65
166  10  ILE  H  18.616  4.898  7.393  8.07
167  10  ILE  HA  16.931  6.912  6.442  4.1
168  10  ILE  HB  17.869  6.343  9.062  1.76
169  10  ILE  HG12  16.013  5.049  8.274  1.35
170  10  ILE  HG13  15.634  5.893  9.56  1.1
171  10  ILE  HG21  17.499  8.4  9.675  7.88
172  10  ILE  HG22  16.012  8.306  9.136  4.18
173  10  ILE  HG23  17.176  8.777  8.171  44.97
174  10  ILE  HD11  13.959  6.881  8.503  2.34
175  10  ILE  HD12  14.432  6.004  7.048  2.06
176  10  ILE  HD13  15.167  7.564  7.415  119
177  11  GLU  N  19.404  7.66  5.651  124.95
178  11  GLU  CA  20.549  8.577  5.384  56.68
179  11  GLU  C  20.094  10.034  5.49  1.34
180  11  GLU  O  19.942  10.721  4.499  41.23
181  11  GLU  CB  20.99  8.253  3.957  30.18
182  11  GLU  CG  21.376  6.775  3.867  121.72
183  11  GLU  CD  20.453  6.066  2.874  29.2
184  11  GLU  OE1  19.254  6.08  3.098  8.76
185  11  GLU  OE2  20.961  5.522  1.908  4.33
186  11  GLU  H  19.119  7.136  5.032  8.53
187  11  GLU  HA  21.275  8.402  6.003  4.24
188  11  GLU  HB2  20.261  8.436  3.344  2.06
189  11  GLU  HB3  21.756  8.8  3.722  1.95
190  11  GLU  HG2  22.295  6.7  3.566  2.26
191  11  GLU  HG3  21.285  6.363  4.741  2.26
192  12  GLY  N  19.873  10.51  6.685  8.57
193  12  GLY  CA  19.426  11.922  6.853  45.18
194  12  GLY  C  19.927  12.463  8.194  173.73
195  12  GLY  O  20.888  13.203  8.255  8.53
196  12  GLY  H  19.985  10.009  7.375  8.45
197  12  GLY  HA2  19.785  12.462  6.131  3.93
198  12  GLY  HA3  18.457  11.959  6.835  3.93
199  13  ARG  N  19.282  12.102  9.271  119.85
200  13  ARG  CA  19.725  12.602  10.604  55.38
201  13  ARG  C  20.232  11.443  11.466  175.53
202  13  ARG  O  20.284  10.309  11.032  55.95
203  13  ARG  CB  18.477  13.229  11.227  173.87
204  13  ARG  CG  18.527  14.748  11.05  35.4
205  13  ARG  CD  19.476  15.352  12.087  38.24
206  13  ARG  NE  19.244  16.821  12.012  8.79
207  13  ARG  CZ  19.786  17.518  11.051  4.6
208  13  ARG  NH1  21.067  17.423  10.82  1.86
209  13  ARG  NH2  19.048  18.31  10.322  1.95
210  13  ARG  H  18.602  11.579  9.211  8.04
211  13  ARG  HA  20.416  13.274  10.501  4.38
212  13  ARG  HB2  17.687  12.877  10.788  1.81
213  13  ARG  HB3  18.446  13.016  12.173  1.71
214  13  ARG  HG2  18.844  14.959  10.158  1.59
215  13  ARG  HG3  17.639  15.118  11.173  1.59
216  13  ARG  HD2  19.262  15.018  12.972  3.16
217  13  ARG  HD3  20.397  15.149  11.861  3.16
218  13  ARG  HE  18.754  17.21  12.602  1.86
219  13  ARG  HH11  21.553  16.902  11.301  1.77
220  13  ARG  HH12  21.425  17.881  10.186  8.8
221  13  ARG  HH21  18.204  18.373  10.475  115.81
222  13  ARG  HH22  19.406  18.769  9.689  63.27
223  14  ALA  N  20.611  11.721  12.683  127.25
224  14  ALA  CA  21.119  10.639  13.575  50.48
225  14  ALA  C  19.958  9.791  14.105  26.36
226  14  ALA  O  19.924  8.593  13.906  114.59
227  14  ALA  CB  21.816  11.368  14.724  17.88
228  14  ALA  H  20.57  12.531  12.97  8.55
229  14  ALA  HA  21.757  10.082  13.102  4.54
230  14  ALA  HB1  21.486  12.279  14.777  31.79
231  14  ALA  HB2  22.773  11.38  14.567  23.54
232  14  ALA  HB3  21.631  10.908  15.558  7.89
233  15  PRO  N  19.044  10.446  14.769  3.67
234  15  PRO  CA  17.867  9.744  15.343  63.28
235  15  PRO  C  16.902  9.301  14.238  177.03
236  15  PRO  O  16.648  8.126  14.06  109.42
237  15  PRO  CB  17.226  10.797  16.244  31.78
238  15  PRO  CG  17.669  12.11  15.683  174.14
239  15  PRO  CD  19.017  11.886  15.047  38.06
240  15  PRO  HA  18.15  8.983  15.874  4.46
241  15  PRO  HB2  16.259  10.723  16.211  3.97
242  15  PRO  HB3  17.543  10.701  17.156  119.47
243  15  PRO  HG2  17.033  12.418  15.019  7.65
244  15  PRO  HG3  17.749  12.764  16.395  3.88
245  15  PRO  HD2  19.091  12.396  14.225  118.76
246  15  PRO  HD3  19.729  12.122  15.662  62.38
247  16  THR  N  16.357  10.227  13.496  112.55
248  16  THR  CA  15.408  9.843  12.41  61.68
249  16  THR  C  15.414  10.893  11.295  174.63
250  16  THR  O  15.772  12.035  11.505  7.92
251  16  THR  CB  14.037  9.783  13.086  69.58
252  16  THR  OG1  13.04  9.512  12.11  2.39
253  16  THR  CG2  13.739  11.12  13.764  8.64
254  16  THR  H  16.543  11.055  13.633  8.06
255  16  THR  HA  15.638  8.971  12.054  4.32
256  16  THR  HB  14.036  9.079  13.754  4.24
257  16  THR  HG1  12.466  9.007  12.459  2.03
258  16  THR  HG21  14.375  11.786  13.46  0.73
259  16  THR  HG22  13.814  11.019  14.726  27.14
260  16  THR  HG23  12.84  11.405  13.538  18.41
261  17  GLU  N  15.027  10.511  10.107  122.35
262  17  GLU  CA  15.016  11.475  8.975  56.58
263  17  GLU  C  14.073  12.645  9.271  176.13
264  17  GLU  O  12.878  12.475  9.401  113.34
265  17  GLU  CB  14.511  10.671  7.777  30.28
266  17  GLU  CG  14.854  11.411  6.484  1.69
267  17  GLU  CD  13.803  11.093  5.419  7.13
268  17  GLU  OE1  12.957  10.254  5.681  29.9
269  17  GLU  OE2  13.862  11.694  4.358  27.44
270  17  GLU  H  14.784  9.696  9.976  8.33
271  17  GLU  HA  15.915  11.795  8.802  4.3
272  17  GLU  HB2  14.933  9.798  7.773  2.07
273  17  GLU  HB3  13.549  10.565  7.842  1.94
274  17  GLU  HG2  14.867  12.366  6.652  2.3
275  17  GLU  HG3  15.726  11.126  6.17  2.3
276  18  GLN  N  14.605  13.832  9.379  121.15
277  18  GLN  CA  13.746  15.012  9.666  55.58
278  18  GLN  C  12.635  15.134  8.618  175.63
279  18  GLN  O  11.473  14.926  8.905  18.54
280  18  GLN  CB  14.687  16.214  9.591  29.78
281  18  GLN  CG  13.997  17.441  10.19  8.63
282  18  GLN  CD  13.177  18.145  9.108  4.6
283  18  GLN  OE1  11.965  18.054  9.092  2
284  18  GLN  NE2  13.789  18.847  8.194  115.87
285  18  GLN  H  15.454  13.934  9.287  8.37
286  18  GLN  HA  13.371  14.943  10.558  4.45
287  18  GLN  HB2  15.497  16.023  10.089  2.08
288  18  GLN  HB3  14.912  16.393  8.664  1.86
289  18  GLN  HG2  13.41  17.162  10.91  2.25
290  18  GLN  HG3  14.665  18.053  10.536  2.25
291  18  GLN  HE21  14.647  18.911  8.204  118.86
292  18  GLN  HE22  13.335  19.247  7.583  7.06
293  19  SER  N  12.984  15.474  7.406  118.25
294  19  SER  CA  11.948  15.615  6.341  56.38
295  19  SER  C  11.088  14.351  6.265  178.15
296  19  SER  O  11.46  13.313  6.776  116.72
297  19  SER  CB  12.735  15.81  5.045  63.58
298  19  SER  OG  12.183  14.982  4.029  4.44
299  19  SER  H  13.811  15.62  7.222  8.4
300  19  SER  HA  11.393  16.392  6.51  4.35
301  19  SER  HB2  12.678  16.737  4.766  3.84
302  19  SER  HB3  13.665  15.577  5.195  3.84
303  19  SER  HG  12.048  15.46  3.351  8.14
304  20  PRO  N  9.958  14.486  5.625  4.23
305  20  PRO  CA  9.024  13.344  5.476  63.48
306  20  PRO  C  9.554  12.349  4.44  177.43
307  20  PRO  O  10.181  12.724  3.469  2.81
308  20  PRO  CB  7.734  13.997  4.987  2.66
309  20  PRO  CG  8.168  15.266  4.322  7
310  20  PRO  CD  9.448  15.705  4.987  7
311  20  PRO  HA  8.875  12.907  6.329  4.45
312  20  PRO  HB2  7.284  13.417  4.353  7.6
313  20  PRO  HB3  7.151  14.198  5.736  0.96
314  20  PRO  HG2  8.32  15.106  3.377  55.06
315  20  PRO  HG3  7.489  15.949  4.437  2.75
316  20  PRO  HD2  10.077  16.034  4.326  59.45
317  20  PRO  HD3  9.27  16.383  5.658  178.93
318  21  GLY  N  9.304  11.083  4.637  108.55
319  21  GLY  CA  9.788  10.067  3.661  45.08
320  21  GLY  C  8.62  9.617  2.781  174.13
321  21  GLY  O  7.913  10.425  2.212  55.47
322  21  GLY  H  8.855  10.835  5.328  8.42
323  21  GLY  HA2  10.483  10.456  3.106  3.95
324  21  GLY  HA3  10.143  9.301  4.138  3.95
325  22  VAL  N  8.407  8.336  2.669  119.05
326  22  VAL  CA  7.28  7.84  1.829  62.38
327  22  VAL  C  5.942  8.215  2.473  176.03
328  22  VAL  O  5.758  8.086  3.667  2.44
329  22  VAL  CB  7.453  6.321  1.787  1.49
330  22  VAL  CG1  6.421  5.715  0.834  2.18
331  22  VAL  CG2  8.863  5.983  1.293  2.1
332  22  VAL  H  8.915  7.777  3.081  7.98
333  22  VAL  HA  7.339  8.206  0.933  4.1
334  22  VAL  HB  7.325  5.957  2.677  2.1
335  22  VAL  HG11  6.051  6.414  0.272  2.21
336  22  VAL  HG12  5.709  5.303  1.348  33.09
337  22  VAL  HG13  6.848  5.045  0.277  7.41
338  22  VAL  HG21  9.037  6.457  0.465  3.96
339  22  VAL  HG22  8.931  5.028  1.139  18.81
340  22  VAL  HG23  9.513  6.251  1.962  1.91
341  23  GLN  N  5.005  8.673  1.689  123.15
342  23  GLN  CA  3.683  9.052  2.244  55.68
343  23  GLN  C  2.639  9.084  1.126  51.7
344  23  GLN  O  2.216  10.134  0.685  2.15
345  23  GLN  CB  3.881  10.444  2.844  30.78
346  23  GLN  CG  2.543  10.97  3.369  37.04
347  23  GLN  CD  2.465  10.75  4.881  3.36
348  23  GLN  OE1  2.207  11.672  5.628  8.52
349  23  GLN  NE2  2.679  9.557  5.366  118.06
350  23  GLN  H  5.149  8.753  0.845  8.43
351  23  GLN  HA  3.423  8.422  2.934  4.35
352  23  GLN  HB2  4.518  10.393  3.574  2.08
353  23  GLN  HB3  4.218  11.046  2.162  1.91
354  23  GLN  HG2  2.47  11.918  3.175  2.32
355  23  GLN  HG3  1.816  10.496  2.936  2.32
356  23  GLN  HE21  2.862  8.904  4.837  4.56
357  23  GLN  HE22  2.636  9.424  6.215  3.31
358  24  ASP  N  2.229  7.937  0.662  7.89
359  24  ASP  CA  1.22  7.888  -0.433  53.68
360  24  ASP  C  -0.132  8.41  0.055  173.83
361  24  ASP  O  -0.235  9.042  1.088  117.09
362  24  ASP  CB  1.117  6.409  -0.805  41.08
363  24  ASP  CG  1.609  6.207  -2.239  119.43
364  24  ASP  OD1  2.364  7.042  -2.709  65.65
365  24  ASP  OD2  1.223  5.22  -2.843  40.95
366  24  ASP  H  2.545  7.206  0.986  8.21
367  24  ASP  HA  1.522  8.4  -1.2  4.81
368  24  ASP  HB2  1.663  5.885  -0.199  2.64
369  24  ASP  HB3  0.193  6.121  -0.738  2.64
370  25  CYS  N  -1.168  8.139  -0.685  115.65
371  25  CYS  CA  -2.527  8.603  -0.28  53.98
372  25  CYS  C  -3.609  7.777  -0.999  8.51
373  25  CYS  O  -3.313  6.96  -1.848  4.68
374  25  CYS  CB  -2.587  10.093  -0.67  43.68
375  25  CYS  SG  -3.169  10.308  -2.377  2.48
376  25  CYS  H  -1.063  7.682  -1.406  8.13
377  25  CYS  HA  -2.626  8.521  0.681  5.06
378  25  CYS  HB2  -3.194  10.554  -0.07  2.98
379  25  CYS  HB3  -1.702  10.48  -0.582  2.87
380  26  TYR  N  -4.856  7.991  -0.672  44.38
381  26  TYR  CA  -5.952  7.227  -1.345  110.94
382  26  TYR  C  -7.248  8.043  -1.343  44.84
383  26  TYR  O  -7.455  8.896  -0.503  9.11
384  26  TYR  CB  -6.124  5.944  -0.526  4.53
385  26  TYR  CG  -6.728  6.261  0.825  4.42
386  26  TYR  CD1  -8.064  6.664  0.93  134.08
387  26  TYR  CD2  -5.947  6.142  1.976  134.08
388  26  TYR  CE1  -8.612  6.949  2.188  117.68
389  26  TYR  CE2  -6.491  6.425  3.232  117.68
390  26  TYR  CZ  -7.825  6.829  3.339  40.81
391  26  TYR  OH  -8.365  7.109  4.578  64.82
392  26  TYR  H  -5.047  8.58  -0.075  7.87
393  26  TYR  HA  -5.698  7.005  -2.254  5.27
394  26  TYR  HB2  -6.707  5.334  -1.004  3.13
395  26  TYR  HB3  -5.258  5.526  -0.4  2.36
396  26  TYR  HD1  -8.587  6.743  0.165  6.44
397  26  TYR  HD2  -5.06  5.873  1.906  6.44
398  26  TYR  HE1  -9.499  7.218  2.258  6.74
399  26  TYR  HE2  -5.965  6.343  3.995  6.74
400  26  TYR  HH  -8.238  6.442  5.073  114.38
401  27  HSE  N  -8.126  7.78  -2.273  55.77
402  27  HSE  CA  -9.412  8.532  -2.319  55.38
403  27  HSE  C  -10.564  7.614  -1.899  177.93
404  27  HSE  O  -10.778  6.568  -2.479  43.98
405  27  HSE  CB  -9.572  8.96  -3.778  8.74
406  27  HSE  CG  -9.605  10.461  -3.861  4.84
407  27  HSE  ND1  -9.581  11.134  -5.072  4.01
408  27  HSE  CD2  -9.657  11.433  -2.893  119.08
409  27  HSE  CE1  -9.619  12.452  -4.805  5.53
410  27  HSE  NE2  -9.666  12.69  -3.491  2.68
411  27  HSE  H  -7.942  7.083  -2.937  9.69
412  27  HSE  HA  -9.364  9.4  -1.679  4.82
413  27  HSE  HB2  -8.74  8.586  -4.356  3.1
414  27  HSE  HB3  -10.494  8.559  -4.172  2.94
415  27  HSE  HD1  -9.544  10.724  -5.962  106.82
416  27  HSE  HD2  -9.687  11.25  -1.828  7.13
417  27  HSE  HE1  -9.612  13.224  -5.56  26.62
418  28  GLY  N  -11.303  7.989  -0.891  116.05
419  28  GLY  CA  -12.43  7.127  -0.434  47.58
420  28  GLY  C  -11.918  6.164  0.636  174.33
421  28  GLY  O  -11.532  6.569  1.714  4.87
422  28  GLY  H  -11.135  8.729  -0.487  9.42
423  28  GLY  HA2  -13.134  7.682  -0.064  4.13
424  28  GLY  HA3  -12.775  6.618  -1.184  3.82
425  29  ASP  N  -11.898  4.892  0.346  124.55
426  29  ASP  CA  -11.393  3.913  1.348  53.08
427  29  ASP  C  -10.438  2.939  0.681  178.33
428  29  ASP  O  -10.625  1.739  0.718  44.97
429  29  ASP  CB  -12.63  3.187  1.877  40.08
430  29  ASP  CG  -12.951  3.689  3.285  3.8
431  29  ASP  OD1  -12.271  4.594  3.739  127.51
432  29  ASP  OD2  -13.87  3.159  3.886  52.27
433  29  ASP  H  -12.167  4.621  -0.424  8.3
434  29  ASP  HA  -10.939  4.377  2.069  4.76
435  29  ASP  HB2  -13.382  3.362  1.29  3.23
436  29  ASP  HB3  -12.457  2.233  1.907  2.6
437  30  GLY  N  -9.425  3.451  0.042  105.65
438  30  GLY  CA  -8.474  2.554  -0.658  46.88
439  30  GLY  C  -9.17  1.983  -1.893  176.63
440  30  GLY  O  -8.602  1.208  -2.636  9.03
441  30  GLY  H  -9.318  4.304  0.01  9.25
442  30  GLY  HA2  -7.687  3.055  -0.924  4
443  30  GLY  HA3  -8.218  1.826  -0.07  3.68
444  31  GLN  N  -10.404  2.362  -2.117  124.05
445  31  GLN  CA  -11.139  1.837  -3.305  60.88
446  31  GLN  C  -10.74  2.617  -4.559  116.16
447  31  GLN  O  -10.648  2.07  -5.64  64.04
448  31  GLN  CB  -12.619  2.056  -2.987  29.38
449  31  GLN  CG  -13.301  0.702  -2.778  29.08
450  31  GLN  CD  -14.794  0.915  -2.518  38.69
451  31  GLN  OE1  -15.177  1.845  -1.836  9.1
452  31  GLN  NE2  -15.659  0.086  -3.035  115.5
453  31  GLN  H  -10.792  2.911  -1.58  8.94
454  31  GLN  HA  -10.96  0.891  -3.423  4.35
455  31  GLN  HB2  -12.702  2.588  -2.18  2.31
456  31  GLN  HB3  -13.044  2.52  -3.726  2.24
457  31  GLN  HG2  -13.185  0.156  -3.572  2.71
458  31  GLN  HG3  -12.903  0.254  -2.015  2.57
459  31  GLN  HE21  -15.388  -0.573  -3.517  8.86
460  31  GLN  HE22  -16.5  0.198  -2.894  6.97
461  32  SER  N  -10.503  3.892  -4.421  124.89
462  32  SER  CA  -10.111  4.71  -5.604  57.88
463  32  SER  C  -8.591  4.677  -5.79  174.43
464  32  SER  O  -8.021  5.513  -6.463  2.63
465  32  SER  CB  -10.582  6.125  -5.275  63.88
466  32  SER  OG  -11.202  6.693  -6.421  36.68
467  32  SER  H  -10.574  4.261  -3.647  2.87
468  32  SER  HA  -10.559  4.388  -6.402  3.26
469  32  SER  HB2  -11.222  6.094  -4.547  8.03
470  32  SER  HB3  -9.82  6.664  -5.009  4.13
471  32  SER  HG  -11.265  7.522  -6.298  2.19
472  33  TYR  N  -7.93  3.718  -5.197  123.65
473  33  TYR  CA  -6.447  3.635  -5.341  60.58
474  33  TYR  C  -6.062  3.57  -6.822  179.84
475  33  TYR  O  -5.374  4.432  -7.332  29.97
476  33  TYR  CB  -6.05  2.343  -4.622  38.78
477  33  TYR  CG  -4.699  2.525  -3.973  8.24
478  33  TYR  CD1  -4.602  3.184  -2.742  133.38
479  33  TYR  CD2  -3.543  2.044  -4.602  133.38
480  33  TYR  CE1  -3.352  3.363  -2.139  118.38
481  33  TYR  CE2  -2.293  2.222  -3.997  118.38
482  33  TYR  CZ  -2.198  2.883  -2.766  64.29
483  33  TYR  OH  -0.967  3.062  -2.169  4.07
484  33  TYR  H  -8.35  3.135  -4.724  7.68
485  33  TYR  HA  -6.023  4.396  -4.913  4.42
486  33  TYR  HB2  -6.711  2.137  -3.942  3.27
487  33  TYR  HB3  -6.006  1.616  -5.263  3.11
488  33  TYR  HD1  -5.369  3.502  -2.323  7.43
489  33  TYR  HD2  -3.605  1.603  -5.418  7.43
490  33  TYR  HE1  -3.29  3.801  -1.321  7.2
491  33  TYR  HE2  -1.526  1.902  -4.415  7.2
492  33  TYR  HH  -0.599  3.728  -2.525  26.75
493  34  ARG  N  -6.502  2.556  -7.517  4.44
494  34  ARG  CA  -6.163  2.439  -8.965  8
495  34  ARG  C  -4.646  2.505  -9.165  2.55
496  34  ARG  O  -4.167  2.923  -10.201  8.79
497  34  ARG  CB  -6.84  3.638  -9.628  3.9
498  34  ARG  CG  -8.317  3.322  -9.87  1.83
499  34  ARG  CD  -8.66  3.584  -11.337  1.44
500  34  ARG  NE  -10.019  4.194  -11.314  26.35
501  34  ARG  CZ  -11.004  3.573  -10.724  27.28
502  34  ARG  NH1  -11.347  2.375  -11.11  102.64
503  34  ARG  NH2  -11.648  4.154  -9.749  47.86
504  34  ARG  H  -6.99  1.957  -7.14  4.24
505  34  ARG  HA  -6.518  1.614  -9.331  1.21
506  34  ARG  HB2  -6.765  4.412  -9.048  1.86
507  34  ARG  HB3  -6.408  3.825  -10.476  1.77
508  34  ARG  HG2  -8.487  2.391  -9.658  8.54
509  34  ARG  HG3  -8.866  3.888  -9.305  40.24
510  34  ARG  HD2  -8.02  4.2  -11.727  8.13
511  34  ARG  HD3  -8.677  2.752  -11.835  7.25
512  34  ARG  HE  -10.155  4.956  -11.689  4.67
513  34  ARG  HH11  -10.923  1.993  -11.754  1.8
514  34  ARG  HH12  -11.997  1.967  -10.721  104.85
515  34  ARG  HH21  -11.423  4.944  -9.495  57.95
516  34  ARG  HH22  -12.297  3.746  -9.359  47.1
517  35  GLY  N  -3.887  2.098  -8.186  113.82
518  35  GLY  CA  -2.405  2.142  -8.33  45.28
519  35  GLY  C  -1.788  0.909  -7.671  173.83
520  35  GLY  O  -2.314  0.373  -6.716  2.25
521  35  GLY  H  -4.242  1.805  -7.459  119.52
522  35  GLY  HA2  -2.174  2.155  -9.272  4.21
523  35  GLY  HA3  -2.062  2.941  -7.901  3.76
524  36  SER  N  -0.672  0.454  -8.171  112.15
525  36  SER  CA  -0.021  -0.744  -7.57  56.28
526  36  SER  C  1.006  -0.313  -6.52  172.93
527  36  SER  O  2.179  -0.609  -6.628  43.34
528  36  SER  CB  0.67  -1.447  -8.737  62.88
529  36  SER  OG  1.951  -0.866  -8.941  7.96
530  36  SER  H  -0.312  0.846  -8.847  8.64
531  36  SER  HA  -0.686  -1.33  -7.175  3.33
532  36  SER  HB2  0.775  -2.39  -8.534  3.62
533  36  SER  HB3  0.13  -1.348  -9.536  3.27
534  36  SER  HG  1.879  -0.036  -8.835  62.04
535  37  PHE  N  0.574  0.384  -5.506  124.95
536  37  PHE  CA  1.525  0.833  -4.451  61.08
537  37  PHE  C  1.887  -0.33  -3.533  176.73
538  37  PHE  O  1.516  -0.356  -2.377  2.08
539  37  PHE  CB  0.776  1.913  -3.673  41.08
540  37  PHE  CG  1.726  2.6  -2.722  117.86
541  37  PHE  CD1  2.856  3.262  -3.217  131.28
542  37  PHE  CD2  1.478  2.574  -1.345  131.28
543  37  PHE  CE1  3.738  3.898  -2.336  128.98
544  37  PHE  CE2  2.359  3.21  -0.464  128.98
545  37  PHE  CZ  3.489  3.872  -0.958  130.68
546  37  PHE  H  -0.26  0.586  -5.446  7.75
547  37  PHE  HA  2.328  1.206  -4.848  4.23
548  37  PHE  HB2  0.412  2.564  -4.293  3.46
549  37  PHE  HB3  0.054  1.504  -3.17  2.94
550  37  PHE  HD1  3.02  3.279  -4.132  7.47
551  37  PHE  HD2  0.728  2.135  -1.015  7.47
552  37  PHE  HE1  4.488  4.338  -2.665  7.51
553  37  PHE  HE2  2.194  3.193  0.451  7.51
554  37  PHE  HZ  4.074  4.295  -0.372  7.43
555  38  SER  N  2.611  -1.293  -4.031  118.15
556  38  SER  CA  3.004  -2.457  -3.184  58.78
557  38  SER  C  3.921  -2.04  -2.019  172.73
558  38  SER  O  4.88  -2.72  -1.712  1.69
559  38  SER  CB  3.766  -3.371  -4.133  64.88
560  38  SER  OG  4.952  -2.715  -4.563  174.54
561  38  SER  H  2.861  -1.261  -4.853  8.33
562  38  SER  HA  2.217  -2.915  -2.849  5.16
563  38  SER  HB2  4.004  -4.193  -3.676  4.23
564  38  SER  HB3  3.206  -3.579  -4.897  4.23
565  38  SER  HG  4.805  -1.888  -4.567  57.48
566  39  THR  N  3.638  -0.951  -1.355  113.65
567  39  THR  CA  4.497  -0.536  -0.211  60.98
568  39  THR  C  3.674  -0.584  1.078  174.73
569  39  THR  O  2.628  0.027  1.177  7.85
570  39  THR  CB  4.926  0.897  -0.53  71.58
571  39  THR  OG1  5.692  0.904  -1.727  35.89
572  39  THR  CG2  5.769  1.446  0.621  21.68
573  39  THR  H  2.952  -0.477  -1.566  6.55
574  39  THR  HA  5.274  -1.112  -0.142  5.17
575  39  THR  HB  4.139  1.453  -0.645  3.75
576  39  THR  HG1  6.29  0.319  -1.655  4.97
577  39  THR  HG21  6.501  1.973  0.263  1.81
578  39  THR  HG22  6.125  0.709  1.141  30.04
579  39  THR  HG23  5.216  2.004  1.189  3.88
580  40  THR  N  4.123  -1.317  2.059  116.05
581  40  THR  CA  3.343  -1.412  3.325  61.18
582  40  THR  C  3.612  -0.206  4.228  178.03
583  40  THR  O  4.575  0.514  4.056  6.97
584  40  THR  CB  3.819  -2.702  3.993  72.08
585  40  THR  OG1  5.178  -2.557  4.378  7.43
586  40  THR  CG2  3.68  -3.868  3.012  21.48
587  40  THR  H  4.858  -1.754  1.97  9.31
588  40  THR  HA  2.396  -1.477  3.127  4.81
589  40  THR  HB  3.278  -2.878  4.778  4.5
590  40  THR  HG1  5.203  -2.454  5.211  6.58
591  40  THR  HG21  3.443  -4.673  3.499  4.92
592  40  THR  HG22  4.522  -4.005  2.55  7.7
593  40  THR  HG23  2.985  -3.666  2.366  7.9
594  41  VAL  N  2.758  0.014  5.192  113.55
595  41  VAL  CA  2.946  1.168  6.116  61.08
596  41  VAL  C  4.331  1.094  6.774  176.43
597  41  VAL  O  4.883  2.092  7.191  3.47
598  41  VAL  CB  1.817  1.019  7.15  31.78
599  41  VAL  CG1  2.277  1.505  8.529  22.08
600  41  VAL  CG2  0.614  1.853  6.703  19.08
601  41  VAL  H  2.084  -0.51  5.294  8.38
602  41  VAL  HA  2.845  2.004  5.635  3.91
603  41  VAL  HB  1.557  0.086  7.209  2.27
604  41  VAL  HG11  2.767  2.336  8.432  7.49
605  41  VAL  HG12  2.852  0.836  8.932  4.21
606  41  VAL  HG13  1.504  1.65  9.097  2.79
607  41  VAL  HG21  0.207  2.273  7.477  113.8
608  41  VAL  HG22  -0.036  1.279  6.268  1.4
609  41  VAL  HG23  0.908  2.537  6.081  2.15
610  42  THR  N  4.893  -0.079  6.871  108.45
611  42  THR  CA  6.238  -0.205  7.503  61.58
612  42  THR  C  7.335  -0.078  6.444  175.43
613  42  THR  O  8.505  -0.238  6.728  28.61
614  42  THR  CB  6.258  -1.598  8.133  68.58
615  42  THR  OG1  5.039  -1.821  8.826  59.4
616  42  THR  CG2  7.43  -1.699  9.11  8.25
617  42  THR  H  4.49  -0.777  6.572  7.55
618  42  THR  HA  6.351  0.47  8.19  4.55
619  42  THR  HB  6.363  -2.267  7.438  4.45
620  42  THR  HG1  5.098  -2.559  9.223  7.86
621  42  THR  HG21  8.144  -1.11  8.821  1.38
622  42  THR  HG22  7.755  -2.613  9.134  1.62
623  42  THR  HG23  7.135  -1.438  9.996  1.66
624  43  GLY  N  6.968  0.211  5.225  109.95
625  43  GLY  CA  7.995  0.35  4.154  45.18
626  43  GLY  C  8.252  -1.009  3.5  174.93
627  43  GLY  O  9.069  -1.133  2.61  118.4
628  43  GLY  H  6.135  0.323  5.041  8.09
629  43  GLY  HA2  7.678  0.977  3.485  4.23
630  43  GLY  HA3  8.821  0.681  4.541  3.56
631  44  ARG  N  7.56  -2.029  3.929  120.05
632  44  ARG  CA  7.77  -3.374  3.322  56.08
633  44  ARG  C  7.207  -3.401  1.901  175.13
634  44  ARG  O  6.937  -2.375  1.309  7.8
635  44  ARG  CB  7.007  -4.341  4.227  30.58
636  44  ARG  CG  7.812  -5.632  4.387  1.56
637  44  ARG  CD  9.071  -5.352  5.211  42.48
638  44  ARG  NE  8.575  -5.038  6.58  87.6
639  44  ARG  CZ  9.419  -4.716  7.522  110.28
640  44  ARG  NH1  10.102  -5.646  8.133  60.11
641  44  ARG  NH2  9.58  -3.464  7.853  1.49
642  44  ARG  H  6.983  -1.925  4.558  7.64
643  44  ARG  HA  8.713  -3.603  3.315  4.33
644  44  ARG  HB2  6.873  -3.932  5.096  1.83
645  44  ARG  HB3  6.146  -4.546  3.829  1.66
646  44  ARG  HG2  7.27  -6.297  4.839  1.79
647  44  ARG  HG3  8.068  -5.963  3.512  1.49
648  44  ARG  HD2  9.643  -6.135  5.228  3.45
649  44  ARG  HD3  9.55  -4.59  4.849  2.91
650  44  ARG  HE  7.732  -5.07  6.749  8.29
651  44  ARG  HH11  9.995  -6.471  7.916  3.92
652  44  ARG  HH12  10.659  -5.434  8.753  4.62
653  44  ARG  HH21  9.13  -2.852  7.45  119.58
654  44  ARG  HH22  10.137  -3.252  8.473  54.78
655  45  THR  N  7.033  -4.567  1.347  118.35
656  45  THR  CA  6.493  -4.659  -0.041  62.88
657  45  THR  C  5.289  -5.605  -0.086  36.28
658  45  THR  O  5.294  -6.66  0.517  31.43
659  45  THR  CB  7.647  -5.218  -0.876  70.08
660  45  THR  OG1  8.846  -4.535  -0.542  17.28
661  45  THR  CG2  7.344  -5.025  -2.363  21.78
662  45  THR  H  7.234  -5.282  1.781  8.85
663  45  THR  HA  6.245  -3.78  -0.367  4.55
664  45  THR  HB  7.75  -6.165  -0.692  3.84
665  45  THR  HG1  9.368  -5.086  -0.183  5.06
666  45  THR  HG21  6.834  -5.782  -2.691  34.39
667  45  THR  HG22  8.176  -4.958  -2.857  117.32
668  45  THR  HG23  6.83  -4.212  -2.485  7.42
669  46  CYS  N  4.258  -5.236  -0.797  6.92
670  46  CYS  CA  3.06  -6.111  -0.881  54.48
671  46  CYS  C  3.434  -7.449  -1.524  176.03
672  46  CYS  O  3.583  -7.548  -2.723  4.32
673  46  CYS  CB  2.073  -5.341  -1.763  37.48
674  46  CYS  SG  0.764  -6.453  -2.345  41.51
675  46  CYS  H  4.269  -4.486  -1.219  7.89
676  46  CYS  HA  2.682  -6.246  0.002  4.54
677  46  CYS  HB2  1.677  -4.619  -1.25  2.77
678  46  CYS  HB3  2.544  -4.972  -2.526  2.77
679  47  GLN  N  3.583  -8.48  -0.739  127.45
680  47  GLN  CA  3.944  -9.804  -1.32  54.98
681  47  GLN  C  2.897  -10.205  -2.361  175.93
682  47  GLN  O  1.728  -9.903  -2.225  4.57
683  47  GLN  CB  3.935  -10.769  -0.128  30.18
684  47  GLN  CG  3.857  -12.225  -0.608  1.93
685  47  GLN  CD  2.81  -12.974  0.219  8.44
686  47  GLN  OE1  3.107  -13.476  1.285  8.71
687  47  GLN  NE2  1.588  -13.073  -0.229  110.6
688  47  GLN  H  3.472  -8.397  0.11  9.57
689  47  GLN  HA  4.83  -9.77  -1.714  4.15
690  47  GLN  HB2  4.751  -10.649  0.383  1.76
691  47  GLN  HB3  3.17  -10.577  0.437  1.17
692  47  GLN  HG2  3.61  -12.252  -1.546  2.47
693  47  GLN  HG3  4.721  -12.649  -0.49  2.32
694  47  GLN  HE21  1.377  -12.719  -0.984  8.56
695  47  GLN  HE22  0.993  -13.491  0.231  6.17
696  48  SER  N  3.302  -10.89  -3.396  120.95
697  48  SER  CA  2.317  -11.308  -4.428  59.18
698  48  SER  C  1.138  -11.988  -3.742  175.83
699  48  SER  O  1.315  -12.837  -2.893  60.86
700  48  SER  CB  3.066  -12.297  -5.32  62.98
701  48  SER  OG  4.186  -11.648  -5.907  3.86
702  48  SER  H  4.131  -11.106  -3.477  8.61
703  48  SER  HA  2.019  -10.545  -4.948  4.21
704  48  SER  HB2  3.375  -13.047  -4.788  3.78
705  48  SER  HB3  2.47  -12.62  -6.013  3.78
706  48  SER  HG  4.872  -12.097  -5.723  7.23
707  49  TRP  N  -0.063  -11.642  -4.1  126.05
708  49  TRP  CA  -1.22  -12.304  -3.449  59.28
709  49  TRP  C  -1.07  -13.806  -3.658  176.63
710  49  TRP  O  -1.3  -14.606  -2.774  3.81
711  49  TRP  CB  -2.456  -11.773  -4.175  29.18
712  49  TRP  CG  -2.6  -10.299  -3.942  9.4
713  49  TRP  CD1  -2.391  -9.335  -4.865  126.98
714  49  TRP  CD2  -2.991  -9.609  -2.725  175.85
715  49  TRP  NE1  -2.637  -8.105  -4.286  131.2
716  49  TRP  CE2  -3.003  -8.223  -2.97  4.05
717  49  TRP  CE3  -3.329  -10.054  -1.45  4.3
718  49  TRP  CZ2  -3.343  -7.306  -1.978  114.68
719  49  TRP  CZ3  -3.673  -9.142  -0.439  115.6
720  49  TRP  CH2  -3.679  -7.767  -0.703  115.42
721  49  TRP  H  -0.185  -11.051  -4.713  7.74
722  49  TRP  HA  -1.257  -12.086  -2.504  4.24
723  49  TRP  HB2  -2.368  -11.941  -5.126  3.83
724  49  TRP  HB3  -3.243  -12.229  -3.838  2.85
725  49  TRP  HD1  -2.129  -9.474  -5.746  7.11
726  49  TRP  HE1  -2.572  -7.346  -4.685  11.51
727  49  TRP  HE3  -3.326  -10.968  -1.277  7.76
728  49  TRP  HZ2  -3.343  -6.395  -2.165  7.42
729  49  TRP  HZ3  -3.896  -9.453  0.409  7.77
730  49  TRP  HH2  -3.906  -7.163  -0.033  4.92
731  50  SER  N  -0.661  -14.179  -4.835  107.05
732  50  SER  CA  -0.456  -15.616  -5.159  58.28
733  50  SER  C  0.884  -16.126  -4.601  4.47
734  50  SER  O  1.498  -17.006  -5.171  2.46
735  50  SER  CB  -0.442  -15.643  -6.682  63.38
736  50  SER  OG  -0.498  -16.99  -7.132  2.4
737  50  SER  H  -0.496  -13.584  -5.433  8.49
738  50  SER  HA  -1.193  -16.151  -4.825  4.41
739  50  SER  HB2  -1.211  -15.158  -7.02  4.1
740  50  SER  HB3  0.369  -15.217  -7  3.76
741  50  SER  HG  -0.112  -17.031  -7.877  35.89
742  51  SER  N  1.348  -15.592  -3.502  38.06
743  51  SER  CA  2.645  -16.067  -2.941  20.84
744  51  SER  C  2.393  -17.169  -1.918  7
745  51  SER  O  2.009  -16.91  -0.794  4.14
746  51  SER  CB  3.264  -14.845  -2.267  7.18
747  51  SER  OG  4.139  -15.274  -1.231  3.37
748  51  SER  H  0.911  -14.969  -3.1  7.75
749  51  SER  HA  3.226  -16.385  -3.65  4.59
750  51  SER  HB2  3.767  -14.332  -2.918  4.12
751  51  SER  HB3  2.559  -14.291  -1.896  3.89
752  51  SER  HG  4.927  -15.119  -1.476  55.67
753  52  MET  N  2.596  -18.396  -2.295  120.99
754  52  MET  CA  2.356  -19.507  -1.339  52.48
755  52  MET  C  3.682  -19.97  -0.73  174.53
756  52  MET  O  3.844  -21.118  -0.366  1.82
757  52  MET  CB  1.707  -20.62  -2.17  33.88
758  52  MET  CG  0.67  -20.051  -3.159  8.24
759  52  MET  SD  -0.189  -18.602  -2.476  3.86
760  52  MET  CE  -0.594  -19.304  -0.863  2.03
761  52  MET  H  2.863  -18.564  -3.095  8.28
762  52  MET  HA  1.75  -19.222  -0.637  5.05
763  52  MET  HB2  2.396  -21.09  -2.666  1.95
764  52  MET  HB3  1.263  -21.242  -1.573  1.8
765  52  MET  HG2  1.118  -19.794  -3.98  2.82
766  52  MET  HG3  0.017  -20.74  -3.357  2.27
767  52  MET  HE1  0.022  -20.026  -0.663  8.03
768  52  MET  HE2  -1.5  -19.65  -0.877  3.92
769  52  MET  HE3  -0.519  -18.614  -0.185  116.87
770  53  THR  N  4.631  -19.079  -0.612  112.35
771  53  THR  CA  5.945  -19.462  -0.019  57.68
772  53  THR  C  6.003  -19.048  1.46  32.47
773  53  THR  O  6.043  -19.896  2.329  43.15
774  53  THR  CB  6.996  -18.713  -0.843  71.38
775  53  THR  OG1  6.362  -17.698  -1.609  5.14
776  53  THR  CG2  7.708  -19.692  -1.778  20.48
777  53  THR  H  4.495  -18.271  -0.873  7.84
778  53  THR  HA  6.083  -20.418  -0.104  4.45
779  53  THR  HB  7.647  -18.31  -0.248  3.83
780  53  THR  HG1  5.889  -18.071  -2.195  2.84
781  53  THR  HG21  7.481  -20.601  -1.528  1.39
782  53  THR  HG22  8.667  -19.566  -1.707  4.69
783  53  THR  HG23  7.427  -19.529  -2.692  1.49
784  54  PRO  N  6  -17.758  1.708  122.72
785  54  PRO  CA  6.046  -17.265  3.106  64.08
786  54  PRO  C  4.69  -17.488  3.786  176.83
787  54  PRO  O  4.423  -18.546  4.32  58.19
788  54  PRO  CB  6.35  -15.777  2.957  33.78
789  54  PRO  CG  5.859  -15.413  1.592  24.28
790  54  PRO  CD  5.954  -16.654  0.738  50.48
791  54  PRO  HA  6.755  -17.704  3.601  4.5
792  54  PRO  HB2  5.879  -15.268  3.635  2.17
793  54  PRO  HB3  7.305  -15.62  3.018  1.06
794  54  PRO  HG2  4.939  -15.111  1.643  1.63
795  54  PRO  HG3  6.417  -14.715  1.215  1.54
796  54  PRO  HD2  5.174  -16.729  0.166  4.19
797  54  PRO  HD3  6.767  -16.638  0.21  3.38
798  55  HSE  N  3.828  -16.505  3.768  121.75
799  55  HSE  CA  2.489  -16.679  4.414  55.68
800  55  HSE  C  1.492  -17.232  3.393  173.53
801  55  HSE  O  1.194  -16.6  2.399  0.89
802  55  HSE  CB  2.045  -15.282  4.879  30.98
803  55  HSE  CG  3.243  -14.415  5.159  9.3
804  55  HSE  ND1  3.849  -13.662  4.168  4.44
805  55  HSE  CD2  3.966  -14.185  6.302  44.57
806  55  HSE  CE1  4.889  -13.023  4.725  32.96
807  55  HSE  NE2  5.007  -13.304  6.026  23.87
808  55  HSE  H  4.057  -15.656  3.331  8.74
809  55  HSE  HA  2.565  -17.342  5.261  4.89
810  55  HSE  HB2  1.446  -14.823  4.107  3.01
811  55  HSE  HB3  1.455  -15.377  5.778  2.75
812  55  HSE  HD1  3.57  -13.606  3.231  30.91
813  55  HSE  HD2  3.76  -14.622  7.268  31.87
814  55  HSE  HE1  5.555  -12.375  4.183  8.35
815  56  TRP  N  0.979  -18.409  3.624  126.35
816  56  TRP  CA  0.01  -18.996  2.655  58.68
817  56  TRP  C  -1.425  -18.603  3.01  4.34
818  56  TRP  O  -1.785  -18.488  4.165  2.24
819  56  TRP  CB  0.18  -20.51  2.777  29.18
820  56  TRP  CG  -0.383  -21.161  1.557  117.49
821  56  TRP  CD1  -1.662  -21.06  1.139  127.18
822  56  TRP  CD2  0.291  -22.003  0.589  1.91
823  56  TRP  NE1  -1.815  -21.778  -0.023  129.3
824  56  TRP  CE2  -0.64  -22.381  -0.406  32.12
825  56  TRP  CE3  1.604  -22.464  0.476  55.57
826  56  TRP  CZ2  -0.278  -23.193  -1.474  113.38
827  56  TRP  CZ3  1.976  -23.28  -0.599  124.38
828  56  TRP  CH2  1.038  -23.645  -1.575  1.94
829  56  TRP  H  1.203  -18.847  4.329  8.95
830  56  TRP  HA  0.223  -18.714  1.752  4.36
831  56  TRP  HB2  1.122  -20.726  2.856  3.3
832  56  TRP  HB3  -0.293  -20.827  3.562  3.3
833  56  TRP  HD1  -2.335  -20.578  1.563  7.22
834  56  TRP  HE1  -2.548  -21.849  -0.467  10.05
835  56  TRP  HE3  2.232  -22.227  1.12  6.97
836  56  TRP  HZ2  -0.909  -23.428  -2.116  7.4
837  56  TRP  HZ3  2.856  -23.574  -0.669  6.87
838  56  TRP  HH2  1.291  -24.188  -2.287  7.06
839  57  HSE  N  -2.25  -18.414  2.018  8.12
840  57  HSE  CA  -3.669  -18.049  2.28  55.28
841  57  HSE  C  -4.507  -18.299  1.022  171.83
842  57  HSE  O  -4.085  -18.017  -0.082  2.65
843  57  HSE  CB  -3.637  -16.561  2.628  34.18
844  57  HSE  CG  -2.992  -15.81  1.499  59.57
845  57  HSE  ND1  -3.606  -15.669  0.267  21.52
846  57  HSE  CD2  -1.78  -15.176  1.391  9.06
847  57  HSE  CE1  -2.769  -14.979  -0.526  65.1
848  57  HSE  NE2  -1.64  -14.653  0.11  7.93
849  57  HSE  H  -1.937  -18.526  1.097  6.98
850  57  HSE  HA  -4.055  -18.618  3.109  4.23
851  57  HSE  HB2  -4.645  -16.202  2.774  3.08
852  57  HSE  HB3  -3.065  -16.413  3.531  2.23
853  57  HSE  HD1  -4.491  -16.009  0.018  4.47
854  57  HSE  HD2  -1.047  -15.096  2.181  4.05
855  57  HSE  HE1  -2.98  -14.73  -1.553  3.85
856  58  GLN  N  -5.687  -18.834  1.177  114.95
857  58  GLN  CA  -6.54  -19.106  -0.016  54.18
858  58  GLN  C  -7.32  -17.849  -0.408  5.1
859  58  GLN  O  -7.132  -16.788  0.153  31.44
860  58  GLN  CB  -7.496  -20.215  0.425  30.28
861  58  GLN  CG  -6.889  -21.579  0.089  29.58
862  58  GLN  CD  -7.79  -22.688  0.636  41.42
863  58  GLN  OE1  -8.379  -23.436  -0.119  2.32
864  58  GLN  NE2  -7.923  -22.828  1.927  7.88
865  58  GLN  H  -5.97  -19.034  1.964  8.42
866  58  GLN  HA  -5.997  -19.414  -0.758  4.23
867  58  GLN  HB2  -7.644  -20.153  1.382  1.58
868  58  GLN  HB3  -8.341  -20.116  -0.04  1.9
869  58  GLN  HG2  -6.811  -21.67  -0.874  1.92
870  58  GLN  HG3  -6.01  -21.65  0.493  1.92
871  58  GLN  HE21  -7.507  -22.299  2.462  1.58
872  58  GLN  HE22  -8.427  -23.449  2.243  2.71
873  59  ARG  N  -8.196  -17.962  -1.369  8.24
874  59  ARG  CA  -8.988  -16.775  -1.797  4.56
875  59  ARG  C  -8.059  -15.597  -2.098  2.94
876  59  ARG  O  -8.01  -14.629  -1.364  2.52
877  59  ARG  CB  -9.892  -16.454  -0.606  106.55
878  59  ARG  CG  -11.356  -16.521  -1.046  58.14
879  59  ARG  CD  -11.764  -17.982  -1.243  123.35
880  59  ARG  NE  -12.093  -18.475  0.123  56.38
881  59  ARG  CZ  -11.367  -19.41  0.672  35.88
882  59  ARG  NH1  -10.972  -20.432  -0.038  23.22
883  59  ARG  NH2  -11.037  -19.325  1.932  32.26
884  59  ARG  H  -8.316  -18.721  -1.755  24.17
885  59  ARG  HA  -9.528  -16.989  -2.574  4.79
886  59  ARG  HB2  -9.736  -17.1  0.1  2.07
887  59  ARG  HB3  -9.694  -15.562  -0.28  7.88
888  59  ARG  HG2  -11.917  -16.118  -0.365  4.28
889  59  ARG  HG3  -11.465  -16.041  -1.882  1.96
890  59  ARG  HD2  -12.54  -18.039  -1.822  1.33
891  59  ARG  HD3  -11.027  -18.493  -1.612  4.85
892  59  ARG  HE  -12.76  -18.141  0.551  1.32
893  59  ARG  HH11  -11.19  -20.489  -0.868  113.18
894  59  ARG  HH12  -10.493  -21.048  0.324  51.77
895  59  ARG  HH21  -11.297  -18.652  2.401  7.3
896  59  ARG  HH22  -10.558  -19.941  2.293  54.37
897  60  THR  N  -7.326  -15.666  -3.175  37.21
898  60  THR  CA  -6.408  -14.538  -3.519  54.08
899  60  THR  C  -7.039  -13.638  -4.564  177.33
900  60  THR  O  -7.975  -14.007  -5.245  41.92
901  60  THR  CB  -5.143  -15.16  -4.117  8.11
902  60  THR  OG1  -4.445  -14.166  -4.855  4.87
903  60  THR  CG2  -5.513  -16.313  -5.052  21.78
904  60  THR  H  -7.38  -16.356  -3.686  2.85
905  60  THR  HA  -6.182  -14.028  -2.725  5.05
906  60  THR  HB  -4.571  -15.488  -3.406  4.57
907  60  THR  HG1  -3.634  -14.384  -4.883  1.45
908  60  THR  HG21  -6.265  -16.05  -5.606  1.63
909  60  THR  HG22  -5.756  -17.091  -4.526  7.75
910  60  THR  HG23  -4.755  -16.528  -5.617  3
911  61  THR  N  -6.5  -12.472  -4.719  114.15
912  61  THR  CA  -7.023  -11.549  -5.747  64.78
913  61  THR  C  -6.433  -11.945  -7.096  174.83
914  61  THR  O  -6.879  -11.503  -8.136  10.81
915  61  THR  CB  -6.551  -10.164  -5.319  68.68
916  61  THR  OG1  -5.418  -10.297  -4.467  40.9
917  61  THR  CG2  -7.687  -9.463  -4.575  22.18
918  61  THR  H  -5.82  -12.247  -4.243  8.91
919  61  THR  HA  -7.992  -11.581  -5.774  4.19
920  61  THR  HB  -6.311  -9.645  -6.102  3.81
921  61  THR  HG1  -5.603  -9.947  -3.726  21.13
922  61  THR  HG21  -8.483  -9.461  -5.13  8.3
923  61  THR  HG22  -7.429  -8.55  -4.375  8.53
924  61  THR  HG23  -7.871  -9.935  -3.748  4.73
925  62  GLU  N  -5.436  -12.797  -7.088  118.25
926  62  GLU  CA  -4.84  -13.231  -8.367  58.88
927  62  GLU  C  -5.88  -14.043  -9.112  177.23
928  62  GLU  O  -5.915  -14.085  -10.325  4.71
929  62  GLU  CB  -3.634  -14.091  -7.99  29.18
930  62  GLU  CG  -3.052  -14.737  -9.249  37.04
931  62  GLU  CD  -1.747  -14.035  -9.628  115.66
932  62  GLU  OE1  -1.59  -12.882  -9.263  44.42
933  62  GLU  OE2  -0.927  -14.662  -10.277  3.65
934  62  GLU  H  -5.14  -13.119  -6.348  7.75
935  62  GLU  HA  -4.566  -12.46  -8.888  3.82
936  62  GLU  HB2  -2.959  -13.535  -7.57  1.69
937  62  GLU  HB3  -3.913  -14.785  -7.372  1.47
938  62  GLU  HG2  -2.878  -15.676  -9.079  1.93
939  62  GLU  HG3  -3.686  -14.652  -9.978  1.75
940  63  TYR  N  -6.753  -14.664  -8.376  115.65
941  63  TYR  CA  -7.826  -15.45  -9.013  58.98
942  63  TYR  C  -9.086  -14.588  -9.099  175.33
943  63  TYR  O  -10.122  -15.028  -9.557  53.44
944  63  TYR  CB  -8.046  -16.657  -8.099  40.18
945  63  TYR  CG  -8.048  -17.921  -8.925  1.77
946  63  TYR  CD1  -8.771  -17.974  -10.123  133.68
947  63  TYR  CD2  -7.325  -19.041  -8.494  133.68
948  63  TYR  CE1  -8.772  -19.145  -10.889  117.28
949  63  TYR  CE2  -7.326  -20.212  -9.261  117.28
950  63  TYR  CZ  -8.05  -20.265  -10.458  116.15
951  63  TYR  OH  -8.051  -21.419  -11.214  53.95
952  63  TYR  H  -6.717  -14.6  -7.519  6.98
953  63  TYR  HA  -7.546  -15.741  -9.895  4.31
954  63  TYR  HB2  -7.332  -16.7  -7.444  2.91
955  63  TYR  HB3  -8.898  -16.568  -7.645  2.91
956  63  TYR  HD1  -9.251  -17.23  -10.409  7.18
957  63  TYR  HD2  -6.845  -19.007  -7.698  7.18
958  63  TYR  HE1  -9.252  -19.18  -11.685  6.77
959  63  TYR  HE2  -6.847  -20.956  -8.974  6.77
960  63  TYR  HH  -8.668  -21.358  -11.781  25.88
961  64  TYR  N  -9.005  -13.353  -8.659  116.05
962  64  TYR  CA  -10.202  -12.467  -8.719  55.78
963  64  TYR  C  -9.82  -11.102  -9.295  7.77
964  64  TYR  O  -9.392  -10.221  -8.576  4.88
965  64  TYR  CB  -10.663  -12.327  -7.268  37.68
966  64  TYR  CG  -11.601  -13.459  -6.925  1.5
967  64  TYR  CD1  -11.091  -14.668  -6.438  134.68
968  64  TYR  CD2  -12.982  -13.299  -7.094  134.68
969  64  TYR  CE1  -11.961  -15.717  -6.12  117.38
970  64  TYR  CE2  -13.852  -14.349  -6.776  117.38
971  64  TYR  CZ  -13.342  -15.558  -6.289  40.6
972  64  TYR  OH  -14.201  -16.592  -5.975  122.13
973  64  TYR  H  -8.266  -13.054  -8.337  8.1
974  64  TYR  HA  -10.902  -12.877  -9.251  4.9
975  64  TYR  HB2  -9.892  -12.358  -6.681  2.78
976  64  TYR  HB3  -11.123  -11.481  -7.155  2.64
977  64  TYR  HD1  -10.174  -14.775  -6.326  7.21
978  64  TYR  HD2  -13.321  -12.496  -7.417  7.21
979  64  TYR  HE1  -11.623  -16.52  -5.796  6.97
980  64  TYR  HE2  -14.769  -14.242  -6.887  6.97
981  64  TYR  HH  -13.74  -17.234  -5.69  4.68
982  65  PRO  N  -9.989  -10.975  -10.583  0.95
983  65  PRO  CA  -9.659  -9.704  -11.273  64.68
984  65  PRO  C  -10.695  -8.627  -10.94  177.83
985  65  PRO  O  -10.477  -7.453  -11.165  113.52
986  65  PRO  CB  -9.718  -10.076  -12.752  31.78
987  65  PRO  CG  -10.632  -11.258  -12.818  27.28
988  65  PRO  CD  -10.5  -11.992  -11.509  50.58
989  65  PRO  HA  -8.765  -9.408  -11.039  4.52
990  65  PRO  HB2  -10.078  -9.338  -13.269  2.4
991  65  PRO  HB3  -8.837  -10.32  -13.075  1.93
992  65  PRO  HG2  -11.547  -10.96  -12.943  1.97
993  65  PRO  HG3  -10.369  -11.841  -13.547  1.85
994  65  PRO  HD2  -11.365  -12.319  -11.217  3.55
995  65  PRO  HD3  -9.866  -12.722  -11.588  3.19
996  66  ASN  N  -11.821  -9.016  -10.405  115.95
997  66  ASN  CA  -12.867  -8.01  -10.059  52.38
998  66  ASN  C  -12.279  -6.926  -9.153  175.63
999  66  ASN  O  -12.832  -5.854  -9.011  117.28
1000  66  ASN  CB  -13.948  -8.798  -9.319  38.98
1001  66  ASN  CG  -15.269  -8.029  -9.377  2.05
1002  66  ASN  OD1  -15.279  -6.832  -9.587  121.58
1003  66  ASN  ND2  -16.391  -8.67  -9.198  113.7
1004  66  ASN  H  -11.96  -9.851  -10.251  8.81
1005  66  ASN  HA  -13.238  -7.616  -10.864  5.08
1006  66  ASN  HB2  -14.059  -9.666  -9.737  3
1007  66  ASN  HB3  -13.686  -8.916  -8.393  2.64
1008  66  ASN  HD21  -16.383  -9.517  -9.049  7.59
1009  66  ASN  HD22  -17.138  -8.245  -9.23  6.97
1010  67  GLY  N  -11.16  -7.197  -8.539  104.65
1011  67  GLY  CA  -10.537  -6.181  -7.644  45.68
1012  67  GLY  C  -9.564  -5.321  -8.448  173.53
1013  67  GLY  O  -9.511  -4.117  -8.295  1.74
1014  67  GLY  H  -10.782  -7.961  -8.651  7.7
1015  67  GLY  HA2  -11.23  -5.618  -7.264  3.79
1016  67  GLY  HA3  -10.055  -6.629  -6.931  3.48
1017  68  GLY  N  -8.79  -5.929  -9.303  109.05
1018  68  GLY  CA  -7.818  -5.146  -10.114  46.88
1019  68  GLY  C  -6.474  -5.105  -9.388  4.37
1020  68  GLY  O  -5.596  -4.338  -9.727  28.85
1021  68  GLY  H  -8.838  -6.782  -9.398  8.28
1022  68  GLY  HA2  -7.708  -5.567  -10.981  4.25
1023  68  GLY  HA3  -8.147  -4.241  -10.231  3.14
1024  69  LEU  N  -6.305  -5.928  -8.388  107.67
1025  69  LEU  CA  -5.016  -5.938  -7.64  55.18
1026  69  LEU  C  -4.371  -7.325  -7.714  175.03
1027  69  LEU  O  -4.371  -8.078  -6.761  2.62
1028  69  LEU  CB  -5.391  -5.584  -6.201  37.58
1029  69  LEU  CG  -6.164  -6.738  -5.564  24.78
1030  69  LEU  CD1  -5.329  -7.345  -4.434  24.98
1031  69  LEU  CD2  -7.48  -6.209  -4.995  19.08
1032  69  LEU  H  -6.937  -6.466  -8.163  8.45
1033  69  LEU  HA  -4.414  -5.267  -7.999  3.3
1034  69  LEU  HB2  -4.583  -5.415  -5.691  1.58
1035  69  LEU  HB3  -5.946  -4.789  -6.201  0.51
1036  69  LEU  HG  -6.346  -7.416  -6.233  0.87
1037  69  LEU  HD11  -4.964  -8.196  -4.723  24.19
1038  69  LEU  HD12  -5.89  -7.482  -3.654  30.02
1039  69  LEU  HD13  -4.603  -6.743  -4.21  37.43
1040  69  LEU  HD21  -8.217  -6.733  -5.347  4.01
1041  69  LEU  HD22  -7.592  -5.28  -5.252  1.49
1042  69  LEU  HD23  -7.466  -6.279  -4.028  8.84
1043  70  THR  N  -3.821  -7.668  -8.842  121.05
1044  70  THR  CA  -3.179  -9.005  -8.981  60.38
1045  70  THR  C  -1.666  -8.895  -8.777  170.93
1046  70  THR  O  -1.09  -7.831  -8.885  2.06
1047  70  THR  CB  -3.496  -9.45  -10.409  70.68
1048  70  THR  OG1  -3.078  -10.796  -10.586  2.21
1049  70  THR  CG2  -2.761  -8.549  -11.403  21.38
1050  70  THR  H  -3.831  -7.122  -9.507  7.36
1051  70  THR  HA  -3.561  -9.632  -8.348  4.4
1052  70  THR  HB  -4.451  -9.383  -10.565  3.91
1053  70  THR  HG1  -3.764  -11.28  -10.607  124.47
1054  70  THR  HG21  -1.814  -8.543  -11.195  61.06
1055  70  THR  HG22  -3.111  -7.646  -11.342  27.67
1056  70  THR  HG23  -2.891  -8.887  -12.303  19.58
1057  71  ARG  N  -1.022  -9.995  -8.483  120.75
1058  71  ARG  CA  0.458  -9.983  -8.27  56.78
1059  71  ARG  C  0.807  -9.362  -6.915  173.03
1060  71  ARG  O  0.118  -9.558  -5.933  1.57
1061  71  ARG  CB  1.033  -9.142  -9.413  27.08
1062  71  ARG  CG  2.436  -9.645  -9.763  9.25
1063  71  ARG  CD  3.287  -8.478  -10.268  4.16
1064  71  ARG  NE  4.649  -9.05  -10.46  3.37
1065  71  ARG  CZ  5.555  -8.376  -11.114  3.33
1066  71  ARG  NH1  5.479  -8.27  -12.413  7.8
1067  71  ARG  NH2  6.537  -7.808  -10.469  3.77
1068  71  ARG  H  -1.455  -10.735  -8.414  8.87
1069  71  ARG  HA  0.809  -10.886  -8.321  3.75
1070  71  ARG  HB2  0.458  -9.217  -10.191  0.65
1071  71  ARG  HB3  1.084  -8.213  -9.137  1.18
1072  71  ARG  HG2  2.847  -10.028  -8.972  1.58
1073  71  ARG  HG3  2.373  -10.321  -10.456  1.55
1074  71  ARG  HD2  2.936  -8.145  -11.109  3.11
1075  71  ARG  HD3  3.315  -7.768  -9.608  3.11
1076  71  ARG  HE  4.839  -9.825  -10.139  58.22
1077  71  ARG  HH11  4.832  -8.645  -12.839  5.1
1078  71  ARG  HH12  6.077  -7.826  -12.843  2.24
1079  71  ARG  HH21  6.588  -7.879  -9.613  41.46
1080  71  ARG  HH22  7.135  -7.364  -10.9  25.76
1081  72  ASN  N  1.882  -8.625  -6.855  122.75
1082  72  ASN  CA  2.296  -8.001  -5.566  51.08
1083  72  ASN  C  1.687  -6.601  -5.415  172.53
1084  72  ASN  O  2.131  -5.809  -4.61  3.56
1085  72  ASN  CB  3.826  -7.923  -5.659  37.38
1086  72  ASN  CG  4.236  -6.714  -6.507  1.76
1087  72  ASN  OD1  4.744  -6.866  -7.601  4.26
1088  72  ASN  ND2  4.035  -5.513  -6.039  108.9
1089  72  ASN  H  2.361  -8.507  -7.56  7.7
1090  72  ASN  HA  2.04  -8.563  -4.818  4.66
1091  72  ASN  HB2  4.201  -7.835  -4.769  2.45
1092  72  ASN  HB3  4.164  -8.733  -6.071  2.07
1093  72  ASN  HD21  3.679  -5.411  -5.263  7.61
1094  72  ASN  HD22  4.247  -4.823  -6.507  6.95
1095  73  TYR  N  0.684  -6.283  -6.182  114.35
1096  73  TYR  CA  0.073  -4.926  -6.069  53.28
1097  73  TYR  C  -0.675  -4.79  -4.741  177.13
1098  73  TYR  O  -1.33  -5.707  -4.286  3.43
1099  73  TYR  CB  -0.902  -4.829  -7.246  37.48
1100  73  TYR  CG  -0.144  -4.796  -8.558  7.14
1101  73  TYR  CD1  1.258  -4.819  -8.572  132.98
1102  73  TYR  CD2  -0.852  -4.739  -9.765  132.98
1103  73  TYR  CE1  1.948  -4.785  -9.791  117.58
1104  73  TYR  CE2  -0.162  -4.706  -10.983  117.58
1105  73  TYR  CZ  1.238  -4.728  -10.996  1.49
1106  73  TYR  OH  1.917  -4.693  -12.197  21.4
1107  73  TYR  H  0.377  -6.85  -6.751  7.41
1108  73  TYR  HA  0.753  -4.239  -6.143  4.83
1109  73  TYR  HB2  -1.493  -5.598  -7.237  3.47
1110  73  TYR  HB3  -1.429  -4.019  -7.16  2.91
1111  73  TYR  HD1  1.731  -4.857  -7.772  7.01
1112  73  TYR  HD2  -1.782  -4.724  -9.758  7.01
1113  73  TYR  HE1  2.878  -4.801  -9.8  6.76
1114  73  TYR  HE2  -0.634  -4.668  -11.784  6.76
1115  73  TYR  HH  2.257  -5.45  -12.326  60.1
1116  74  CYS  N  -0.585  -3.645  -4.123  118.55
1117  74  CYS  CA  -1.291  -3.432  -2.827  59.68
1118  74  CYS  C  -2.653  -2.786  -3.085  8.52
1119  74  CYS  O  -2.75  -1.762  -3.732  4.25
1120  74  CYS  CB  -0.384  -2.489  -2.034  48.38
1121  74  CYS  SG  -1.196  -2.026  -0.484  2.24
1122  74  CYS  H  -0.12  -3.01  -4.469  9.13
1123  74  CYS  HA  -1.396  -4.272  -2.353  4.33
1124  74  CYS  HB2  0.454  -2.936  -1.838  3.41
1125  74  CYS  HB3  -0.21  -1.692  -2.558  2.45
1126  75  ARG  N  -3.707  -3.38  -2.599  9.29
1127  75  ARG  CA  -5.057  -2.799  -2.837  52.68
1128  75  ARG  C  -5.979  -3.073  -1.644  173.63
1129  75  ARG  O  -5.598  -3.719  -0.688  2.04
1130  75  ARG  CB  -5.561  -3.512  -4.091  36.78
1131  75  ARG  CG  -5.12  -2.73  -5.331  122.85
1132  75  ARG  CD  -6.348  -2.145  -6.033  58.47
1133  75  ARG  NE  -6.043  -2.247  -7.487  86.4
1134  75  ARG  CZ  -6.425  -1.303  -8.303  0.36
1135  75  ARG  NH1  -7.602  -0.755  -8.163  29.48
1136  75  ARG  NH2  -5.631  -0.906  -9.259  20.97
1137  75  ARG  H  -3.624  -4.109  -2.151  8.79
1138  75  ARG  HA  -4.991  -1.846  -3.003  5.1
1139  75  ARG  HB2  -5.189  -4.407  -4.124  1.4
1140  75  ARG  HB3  -6.529  -3.564  -4.069  1.19
1141  75  ARG  HG2  -4.526  -2.011  -5.065  1.93
1142  75  ARG  HG3  -4.655  -3.324  -5.941  1.93
1143  75  ARG  HD2  -7.139  -2.663  -5.814  3.76
1144  75  ARG  HD3  -6.47  -1.216  -5.784  3.14
1145  75  ARG  HE  -5.614  -2.928  -7.79  8.24
1146  75  ARG  HH11  -8.126  -1.017  -7.533  30.22
1147  75  ARG  HH12  -7.853  -0.132  -8.7  112.76
1148  75  ARG  HH21  -4.856  -1.268  -9.352  45.86
1149  75  ARG  HH22  -5.881  -0.283  -9.797  42.99
1150  76  ASN  N  -7.187  -2.58  -1.692  111.75
1151  76  ASN  CA  -8.132  -2.804  -0.562  49.18
1152  76  ASN  C  -9.32  -3.648  -1.028  4.28
1153  76  ASN  O  -10.322  -3.119  -1.468  1.9
1154  76  ASN  CB  -8.596  -1.404  -0.158  38.48
1155  76  ASN  CG  -9.148  -1.434  1.268  2.24
1156  76  ASN  OD1  -9.281  -2.488  1.86  2.24
1157  76  ASN  ND2  -9.476  -0.313  1.849  107.2
1158  76  ASN  H  -7.439  -2.123  -2.375  8.14
1159  76  ASN  HA  -7.679  -3.232  0.181  5.27
1160  76  ASN  HB2  -7.844  -0.792  -0.2  2.42
1161  76  ASN  HB3  -9.291  -1.106  -0.766  1.92
1162  76  ASN  HD21  -9.381  0.432  1.43  6.92
1163  76  ASN  HD22  -9.788  -0.319  2.65  6.9
1164  77  PRO  N  -9.168  -4.94  -0.912  111.9
1165  77  PRO  CA  -10.245  -5.872  -1.323  63.08
1166  77  PRO  C  -11.379  -5.858  -0.292  175.83
1167  77  PRO  O  -12.351  -6.576  -0.414  1.66
1168  77  PRO  CB  -9.551  -7.231  -1.35  31.08
1169  77  PRO  CG  -8.396  -7.099  -0.407  8.91
1170  77  PRO  CD  -7.992  -5.645  -0.392  5.01
1171  77  PRO  HA  -10.578  -5.648  -2.206  8.05
1172  77  PRO  HB2  -10.159  -7.924  -1.047  4.39
1173  77  PRO  HB3  -9.229  -7.429  -2.243  4.24
1174  77  PRO  HG2  -8.664  -7.378  0.482  120.22
1175  77  PRO  HG3  -7.653  -7.641  -0.715  58.97
1176  77  PRO  HD2  -7.794  -5.359  0.513  3.73
1177  77  PRO  HD3  -7.229  -5.497  -0.973  3.52
1178  78  ASP  N  -11.259  -5.045  0.722  117.95
1179  78  ASP  CA  -12.326  -4.983  1.762  52.88
1180  78  ASP  C  -12.92  -3.573  1.827  175.03
1181  78  ASP  O  -13.833  -3.309  2.582  119.25
1182  78  ASP  CB  -11.618  -5.327  3.072  40.48
1183  78  ASP  CG  -12.115  -6.68  3.583  7.78
1184  78  ASP  OD1  -13.316  -6.892  3.567  8.1
1185  78  ASP  OD2  -11.286  -7.481  3.981  4.13
1186  78  ASP  H  -10.563  -4.545  0.792  8.9
1187  78  ASP  HA  -13.018  -5.637  1.577  4.62
1188  78  ASP  HB2  -10.661  -5.37  2.919  3.01
1189  78  ASP  HB3  -11.81  -4.643  3.732  2.06
1190  79  ALA  N  -12.408  -2.666  1.04  119.05
1191  79  ALA  CA  -12.944  -1.274  1.058  53.78
1192  79  ALA  C  -12.755  -0.653  2.445  177.73
1193  79  ALA  O  -13.437  0.282  2.815  175.05
1194  79  ALA  CB  -14.431  -1.417  0.732  16.18
1195  79  ALA  H  -11.761  -2.871  0.512  7.67
1196  79  ALA  HA  -12.506  -0.734  0.382  3.77
1197  79  ALA  HB1  -14.661  -0.822  0.001  55.17
1198  79  ALA  HB2  -14.957  -1.186  1.513  176.54
1199  79  ALA  HB3  -14.62  -2.333  0.474  7.49
1200  80  GLU  N  -11.835  -1.167  3.214  119.95
1201  80  GLU  CA  -11.601  -0.609  4.577  57.28
1202  80  GLU  C  -11.005  0.798  4.48  178.33
1203  80  GLU  O  -10.898  1.367  3.412  120.86
1204  80  GLU  CB  -10.604  -1.567  5.229  31.78
1205  80  GLU  CG  -11.082  -1.925  6.637  4.19
1206  80  GLU  CD  -10.851  -3.416  6.888  1.88
1207  80  GLU  OE1  -11.209  -4.204  6.029  3.05
1208  80  GLU  OE2  -10.318  -3.744  7.936  1.6
1209  80  GLU  H  -11.363  -1.829  2.935  9.11
1210  80  GLU  HA  -12.428  -0.595  5.084  4.25
1211  80  GLU  HB2  -10.535  -2.374  4.695  2.06
1212  80  GLU  HB3  -9.735  -1.14  5.284  1.98
1213  80  GLU  HG2  -10.586  -1.405  7.289  2.51
1214  80  GLU  HG3  -12.028  -1.728  6.718  2.51
1215  81  ILE  N  -10.614  1.362  5.59  115.95
1216  81  ILE  CA  -10.022  2.731  5.566  63.98
1217  81  ILE  C  -8.998  2.848  4.434  173.84
1218  81  ILE  O  -8.836  3.893  3.837  6.74
1219  81  ILE  CB  -9.339  2.898  6.926  38.48
1220  81  ILE  CG1  -8.575  1.618  7.282  26.98
1221  81  ILE  CG2  -10.396  3.173  7.996  18.08
1222  81  ILE  CD  -7.095  1.946  7.493  118.22
1223  81  ILE  H  -10.696  0.943  6.337  9.16
1224  81  ILE  HA  -10.719  3.398  5.463  3.99
1225  81  ILE  HB  -8.721  3.644  6.886  1.85
1226  81  ILE  HG12  -8.941  1.239  8.096  1.45
1227  81  ILE  HG13  -8.66  0.975  6.56  1.3
1228  81  ILE  HG21  -9.961  3.324  8.85  7.81
1229  81  ILE  HG22  -10.99  2.41  8.067  4.04
1230  81  ILE  HG23  -10.909  3.959  7.751  3.59
1231  81  ILE  HD11  -6.6  1.102  7.95  7.33
1232  81  ILE  HD12  -7.005  2.808  8.137  7.12
1233  81  ILE  HD13  -6.634  2.16  6.539  4.99
1234  82  SER  N  -8.305  1.783  4.136  3.49
1235  82  SER  CA  -7.292  1.833  3.044  57.08
1236  82  SER  C  -6.941  0.416  2.592  178.17
1237  82  SER  O  -7.369  -0.551  3.191  3.95
1238  82  SER  CB  -6.074  2.516  3.662  62.48
1239  82  SER  OG  -6.499  3.375  4.711  117.32
1240  82  SER  H  -8.433  1.052  4.57  7.49
1241  82  SER  HA  -7.623  2.356  2.297  4.43
1242  82  SER  HB2  -5.472  1.846  4.022  3.52
1243  82  SER  HB3  -5.613  3.028  2.979  3.65
1244  82  SER  HG  -5.898  3.385  5.298  123.84
1245  83  PRO  N  -6.171  0.34  1.542  55.33
1246  83  PRO  CA  -5.759  -0.971  0.999  63.68
1247  83  PRO  C  -4.625  -1.568  1.831  172.63
1248  83  PRO  O  -3.951  -0.883  2.575  4.91
1249  83  PRO  CB  -5.283  -0.641  -0.411  32.28
1250  83  PRO  CG  -4.867  0.796  -0.363  1.93
1251  83  PRO  CD  -5.62  1.456  0.769  4.18
1252  83  PRO  HA  -6.513  -1.58  0.962  4.17
1253  83  PRO  HB2  -4.53  -1.204  -0.651  1.67
1254  83  PRO  HB3  -6.007  -0.753  -1.047  1.35
1255  83  PRO  HG2  -3.911  0.852  -0.207  62.37
1256  83  PRO  HG3  -5.091  1.232  -1.2  176.04
1257  83  PRO  HD2  -5.016  1.983  1.316  1.76
1258  83  PRO  HD3  -6.338  2.01  0.424  30.97
1259  84  TRP  N  -4.414  -2.846  1.702  125.65
1260  84  TRP  CA  -3.328  -3.517  2.471  56.18
1261  84  TRP  C  -2.845  -4.738  1.691  170.03
1262  84  TRP  O  -3.307  -4.998  0.597  4.08
1263  84  TRP  CB  -3.978  -3.941  3.788  33.88
1264  84  TRP  CG  -5.217  -4.726  3.5  6.64
1265  84  TRP  CD1  -6.47  -4.217  3.468  128.58
1266  84  TRP  CD2  -5.345  -6.147  3.203  4.11
1267  84  TRP  NE1  -7.359  -5.235  3.17  129.6
1268  84  TRP  CE2  -6.714  -6.443  2.998  3.86
1269  84  TRP  CE3  -4.416  -7.197  3.093  3.77
1270  84  TRP  CZ2  -7.145  -7.735  2.694  112.68
1271  84  TRP  CZ3  -4.846  -8.498  2.787  56.37
1272  84  TRP  CH2  -6.208  -8.767  2.588  177.24
1273  84  TRP  H  -4.905  -3.306  1.166  9.44
1274  84  TRP  HA  -2.596  -2.903  2.639  5.29
1275  84  TRP  HB2  -3.358  -4.489  4.294  3.55
1276  84  TRP  HB3  -4.209  -3.152  4.304  3.27
1277  84  TRP  HD1  -6.697  -3.328  3.621  7.57
1278  84  TRP  HE1  -8.211  -5.144  3.098  10.41
1279  84  TRP  HE3  -3.511  -7.028  3.223  6.98
1280  84  TRP  HZ2  -8.049  -7.908  2.562  7.24
1281  84  TRP  HZ3  -4.224  -9.186  2.716  121.87
1282  84  TRP  HH2  -6.487  -9.631  2.386  6.79
1283  85  CYS  N  -1.925  -5.494  2.223  109.55
1284  85  CYS  CA  -1.453  -6.685  1.464  55.68
1285  85  CYS  C  -0.382  -7.451  2.239  174.73
1286  85  CYS  O  0.249  -6.932  3.139  4.01
1287  85  CYS  CB  -0.869  -6.11  0.172  42.68
1288  85  CYS  SG  0.107  -7.378  -0.677  8.26
1289  85  CYS  H  -1.598  -5.309  2.997  8.68
1290  85  CYS  HA  -2.199  -7.268  1.254  4.22
1291  85  CYS  HB2  -1.591  -5.819  -0.407  3.39
1292  85  CYS  HB3  -0.3  -5.354  0.384  2.94
1293  86  TYR  N  -0.167  -8.684  1.872  120.95
1294  86  TYR  CA  0.87  -9.502  2.555  59.28
1295  86  TYR  C  2.247  -8.887  2.292  176.93
1296  86  TYR  O  2.427  -8.14  1.353  8.17
1297  86  TYR  CB  0.756  -10.887  1.909  37.48
1298  86  TYR  CG  -0.699  -11.297  1.853  7.2
1299  86  TYR  CD1  -1.513  -11.124  2.978  132.88
1300  86  TYR  CD2  -1.235  -11.851  0.681  132.88
1301  86  TYR  CE1  -2.86  -11.501  2.936  117.48
1302  86  TYR  CE2  -2.584  -12.227  0.641  117.48
1303  86  TYR  CZ  -3.396  -12.053  1.768  2.36
1304  86  TYR  OH  -4.725  -12.423  1.726  123.72
1305  86  TYR  H  -0.619  -9.022  1.224  7.92
1306  86  TYR  HA  0.693  -9.558  3.507  5.45
1307  86  TYR  HB2  1.117  -10.855  1.009  2.99
1308  86  TYR  HB3  1.254  -11.532  2.435  2.22
1309  86  TYR  HD1  -1.158  -10.756  3.755  6.95
1310  86  TYR  HD2  -0.698  -11.967  -0.07  6.95
1311  86  TYR  HE1  -3.399  -11.385  3.685  6.73
1312  86  TYR  HE2  -2.94  -12.595  -0.135  6.73
1313  86  TYR  HH  -4.761  -13.262  1.709  8.41
1314  87  THR  N  3.22  -9.18  3.11  111.35
1315  87  THR  CA  4.572  -8.59  2.882  61.18
1316  87  THR  C  5.545  -9.659  2.395  173.23
1317  87  THR  O  5.477  -10.804  2.794  2.23
1318  87  THR  CB  5.038  -8.066  4.24  71.08
1319  87  THR  OG1  5.593  -9.143  4.978  57
1320  87  THR  CG2  3.863  -7.465  5.009  21.48
1321  87  THR  H  3.082  -9.705  3.777  7.82
1322  87  THR  HA  4.523  -7.86  2.245  5.32
1323  87  THR  HB  5.715  -7.384  4.107  4.17
1324  87  THR  HG1  6.42  -9.012  5.048  6.06
1325  87  THR  HG21  4.179  -6.727  5.554  9.1
1326  87  THR  HG22  3.468  -8.144  5.579  4.19
1327  87  THR  HG23  3.198  -7.142  4.381  32.97
1328  88  MET  N  6.462  -9.291  1.547  111.55
1329  88  MET  CA  7.454  -10.283  1.047  54.18
1330  88  MET  C  8.346  -10.768  2.199  176.83
1331  88  MET  O  9.172  -11.643  2.026  6.97
1332  88  MET  CB  8.286  -9.525  0.014  30.78
1333  88  MET  CG  7.877  -9.958  -1.395  4.77
1334  88  MET  SD  7.692  -8.494  -2.443  2.01
1335  88  MET  CE  6.798  -9.291  -3.8  0.44
1336  88  MET  H  6.5  -8.474  1.28  8.13
1337  88  MET  HA  7.003  -11.032  0.627  4.53
1338  88  MET  HB2  8.135  -8.572  0.115  2.21
1339  88  MET  HB3  9.226  -9.72  0.15  1.92
1340  88  MET  HG2  8.561  -10.537  -1.766  2.51
1341  88  MET  HG3  7.034  -10.437  -1.355  2.51
1342  88  MET  HE1  7.424  -9.789  -4.349  30.07
1343  88  MET  HE2  6.363  -8.615  -4.343  57.86
1344  88  MET  HE3  6.128  -9.891  -3.437  42.83
1345  89  ASP  N  8.191  -10.211  3.376  123.35
1346  89  ASP  CA  9.029  -10.646  4.521  50.38
1347  89  ASP  C  8.222  -11.572  5.432  9.13
1348  89  ASP  O  7.104  -11.266  5.797  8.37
1349  89  ASP  CB  9.391  -9.354  5.256  42.68
1350  89  ASP  CG  10.911  -9.182  5.272  1.96
1351  89  ASP  OD1  11.485  -9.064  4.202  2.2
1352  89  ASP  OD2  11.475  -9.17  6.354  4.7
1353  89  ASP  H  7.604  -9.594  3.492  8.98
1354  89  ASP  HA  9.834  -11.086  4.206  4.95
1355  89  ASP  HB2  8.984  -8.6  4.802  3.15
1356  89  ASP  HB3  9.063  -9.398  6.168  2.52
1357  90  PRO  N  8.822  -12.676  5.77  32.37
1358  90  PRO  CA  8.158  -13.665  6.652  64.38
1359  90  PRO  C  8.027  -13.102  8.068  176.73
1360  90  PRO  O  7.381  -13.679  8.921  8.39
1361  90  PRO  CB  9.096  -14.869  6.609  32.28
1362  90  PRO  CG  10.43  -14.303  6.241  27.28
1363  90  PRO  CD  10.164  -13.101  5.373  51.38
1364  90  PRO  HA  7.287  -13.906  6.3  4.01
1365  90  PRO  HB2  9.135  -15.295  7.479  2.32
1366  90  PRO  HB3  8.805  -15.501  5.934  1.94
1367  90  PRO  HG2  10.911  -14.04  7.041  2.06
1368  90  PRO  HG3  10.943  -14.958  5.743  1.91
1369  90  PRO  HD2  10.81  -12.4  5.551  4.19
1370  90  PRO  HD3  10.17  -13.343  4.434  4.09
1371  91  ASN  N  8.622  -11.969  8.318  112.95
1372  91  ASN  CA  8.518  -11.355  9.67  53.68
1373  91  ASN  C  7.294  -10.438  9.72  175.03
1374  91  ASN  O  6.927  -9.929  10.761  4.11
1375  91  ASN  CB  9.802  -10.542  9.843  39.48
1376  91  ASN  CG  11.001  -11.36  9.358  112.7
1377  91  ASN  OD1  10.9  -12.556  9.17  56.23
1378  91  ASN  ND2  12.141  -10.759  9.146  114.8
1379  91  ASN  H  9.065  -11.57  7.698  8.76
1380  91  ASN  HA  8.461  -12.041  10.353  4.74
1381  91  ASN  HB2  9.738  -9.725  9.324  2.87
1382  91  ASN  HB3  9.921  -10.322  10.78  2.73
1383  91  ASN  HD21  12.212  -9.912  9.279  7.85
1384  91  ASN  HD22  12.821  -11.21  8.874  7
1385  92  VAL  N  6.662  -10.221  8.597  121.15
1386  92  VAL  CA  5.468  -9.338  8.569  61.38
1387  92  VAL  C  4.32  -10.034  7.829  173.13
1388  92  VAL  O  4.169  -9.897  6.634  69.7
1389  92  VAL  CB  5.931  -8.095  7.807  33.28
1390  92  VAL  CG1  4.824  -7.04  7.828  19.98
1391  92  VAL  CG2  7.184  -7.525  8.476  20.88
1392  92  VAL  H  6.936  -10.587  7.869  7.81
1393  92  VAL  HA  5.199  -9.097  9.469  4.11
1394  92  VAL  HB  6.136  -8.334  6.89  1.78
1395  92  VAL  HG11  4.633  -6.791  8.746  2.09
1396  92  VAL  HG12  4.024  -7.404  7.418  8.44
1397  92  VAL  HG13  5.113  -6.257  7.334  3.8
1398  92  VAL  HG21  7.794  -8.248  8.689  3.49
1399  92  VAL  HG22  6.933  -7.063  9.291  3.46
1400  92  VAL  HG23  7.619  -6.903  7.872  178.7
1401  93  ARG  N  3.514  -10.788  8.529  127.85
1402  93  ARG  CA  2.384  -11.495  7.863  59.78
1403  93  ARG  C  1.715  -10.576  6.836  174.53
1404  93  ARG  O  1.672  -10.869  5.657  -0.49
1405  93  ARG  CB  1.408  -11.83  8.991  29.68
1406  93  ARG  CG  1.596  -13.287  9.418  1.28
1407  93  ARG  CD  0.928  -14.208  8.396  43.38
1408  93  ARG  NE  1.563  -15.538  8.607  2.08
1409  93  ARG  CZ  1.033  -16.605  8.076  2.17
1410  93  ARG  NH1  -0.265  -16.731  8.018  6.17
1411  93  ARG  NH2  1.8  -17.548  7.602  4.58
1412  93  ARG  H  3.637  -10.88  9.375  8.52
1413  93  ARG  HA  2.697  -12.31  7.44  4.1
1414  93  ARG  HB2  1.577  -11.247  9.747  1.81
1415  93  ARG  HB3  0.498  -11.701  8.68  1.66
1416  93  ARG  HG2  2.543  -13.489  9.467  2.1
1417  93  ARG  HG3  1.19  -13.424  10.288  1.45
1418  93  ARG  HD2  -0.027  -14.257  8.561  3.6
1419  93  ARG  HD3  1.102  -13.896  7.494  3.13
1420  93  ARG  HE  2.279  -15.602  9.078  107.27
1421  93  ARG  HH11  -0.771  -16.109  8.329  55.69
1422  93  ARG  HH12  -0.614  -17.435  7.668  7.38
1423  93  ARG  HH21  2.655  -17.465  7.64  4.22
1424  93  ARG  HH22  1.451  -18.252  7.252  2.17
1425  94  TRP  N  1.192  -9.469  7.28  108.95
1426  94  TRP  CA  0.52  -8.522  6.345  55.38
1427  94  TRP  C  0.451  -7.134  6.985  1.69
1428  94  TRP  O  0.785  -6.961  8.14  8.16
1429  94  TRP  CB  -0.885  -9.094  6.159  31.78
1430  94  TRP  CG  -1.656  -8.911  7.426  8.93
1431  94  TRP  CD1  -1.736  -9.816  8.428  125.08
1432  94  TRP  CD2  -2.441  -7.76  7.848  3.02
1433  94  TRP  NE1  -2.527  -9.295  9.437  128.3
1434  94  TRP  CE2  -2.985  -8.029  9.126  6.86
1435  94  TRP  CE3  -2.733  -6.523  7.249  10.68
1436  94  TRP  CZ2  -3.789  -7.099  9.788  113.18
1437  94  TRP  CZ3  -3.541  -5.586  7.911  7.52
1438  94  TRP  CH2  -4.068  -5.873  9.178  123.98
1439  94  TRP  H  1.232  -9.283  8.119  7.38
1440  94  TRP  HA  0.985  -8.489  5.494  5.33
1441  94  TRP  HB2  -1.332  -8.628  5.435  3.05
1442  94  TRP  HB3  -0.826  -10.039  5.949  2.68
1443  94  TRP  HD1  -1.327  -10.651  8.437  6.71
1444  94  TRP  HE1  -2.719  -9.695  10.174  9.65
1445  94  TRP  HE3  -2.388  -6.323  6.409  6.73
1446  94  TRP  HZ2  -4.136  -7.294  10.628  7.03
1447  94  TRP  HZ3  -3.728  -4.77  7.506  5.28
1448  94  TRP  HH2  -4.601  -5.247  9.611  6.61
1449  95  GLU  N  0.016  -6.142  6.256  9
1450  95  GLU  CA  -0.071  -4.779  6.854  54.88
1451  95  GLU  C  -0.671  -3.787  5.857  175.43
1452  95  GLU  O  -0.688  -4.021  4.665  38.87
1453  95  GLU  CB  1.373  -4.397  7.183  39.08
1454  95  GLU  CG  1.378  -3.162  8.084  23.81
1455  95  GLU  CD  2.261  -3.424  9.305  0.94
1456  95  GLU  OE1  2.314  -4.563  9.74  8.38
1457  95  GLU  OE2  2.87  -2.482  9.785  3.74
1458  95  GLU  H  -0.223  -6.275  5.441  8.58
1459  95  GLU  HA  -0.598  -4.801  7.668  3.72
1460  95  GLU  HB2  1.807  -5.134  7.64  1.85
1461  95  GLU  HB3  1.851  -4.198  6.363  1.69
1462  95  GLU  HG2  1.725  -2.402  7.59  2.26
1463  95  GLU  HG3  0.473  -2.972  8.377  2.26
1464  96  TYR  N  -1.157  -2.675  6.339  116.25
1465  96  TYR  CA  -1.747  -1.66  5.423  59.68
1466  96  TYR  C  -0.63  -0.88  4.733  176.63
1467  96  TYR  O  0.398  -0.607  5.319  56.17
1468  96  TYR  CB  -2.552  -0.726  6.329  38.88
1469  96  TYR  CG  -3.957  -1.248  6.49  108.02
1470  96  TYR  CD1  -4.2  -2.358  7.305  133.68
1471  96  TYR  CD2  -5.017  -0.618  5.829  133.68
1472  96  TYR  CE1  -5.505  -2.839  7.461  117.38
1473  96  TYR  CE2  -6.322  -1.099  5.983  117.38
1474  96  TYR  CZ  -6.566  -2.21  6.8  4.96
1475  96  TYR  OH  -7.853  -2.683  6.955  4.74
1476  96  TYR  H  -1.13  -2.526  7.186  7.98
1477  96  TYR  HA  -2.329  -2.081  4.771  4.84
1478  96  TYR  HB2  -2.126  -0.676  7.199  3.28
1479  96  TYR  HB3  -2.582  0.16  5.935  2.63
1480  96  TYR  HD1  -3.495  -2.776  7.744  7.27
1481  96  TYR  HD2  -4.854  0.12  5.287  7.27
1482  96  TYR  HE1  -5.667  -3.577  8.003  6.91
1483  96  TYR  HE2  -7.027  -0.681  5.544  6.91
1484  96  TYR  HH  -7.905  -3.426  6.566  4.77
1485  97  CYS  N  -0.817  -0.508  3.5  116.35
1486  97  CYS  CA  0.246  0.263  2.804  56.98
1487  97  CYS  C  0.206  1.72  3.262  170.13
1488  97  CYS  O  -0.685  2.131  3.978  64.82
1489  97  CYS  CB  -0.064  0.135  1.307  48.08
1490  97  CYS  SG  0.331  -1.541  0.75  117.82
1491  97  CYS  H  -1.55  -0.701  3.094  8.85
1492  97  CYS  HA  1.117  -0.119  2.995  5.07
1493  97  CYS  HB2  -1.005  0.31  1.149  3.37
1494  97  CYS  HB3  0.471  0.774  0.81  3
1495  98  ASN  N  1.163  2.498  2.865  121.65
1496  98  ASN  CA  1.18  3.929  3.289  52.38
1497  98  ASN  C  0.07  4.73  2.595  172.03
1498  98  ASN  O  0.346  5.635  1.833  57.84
1499  98  ASN  CB  2.545  4.454  2.849  36.98
1500  98  ASN  CG  3.448  4.623  4.072  10.46
1501  98  ASN  OD1  3.023  5.131  5.09  63.56
1502  98  ASN  ND2  4.686  4.215  4.013  110.4
1503  98  ASN  H  1.79  2.185  2.367  8.38
1504  98  ASN  HA  1.095  3.998  4.253  4.92
1505  98  ASN  HB2  2.948  3.824  2.231  3.17
1506  98  ASN  HB3  2.434  5.311  2.409  2.32
1507  98  ASN  HD21  4.986  3.854  3.292  7.62
1508  98  ASN  HD22  5.201  4.305  4.696  6.92
1509  99  LEU  N  -1.181  4.428  2.844  119.35
1510  99  LEU  CA  -2.256  5.212  2.177  52.78
1511  99  LEU  C  -2.873  6.207  3.166  175.53
1512  99  LEU  O  -2.803  6.041  4.367  1.62
1513  99  LEU  CB  -3.333  4.215  1.727  47.88
1514  99  LEU  CG  -2.747  2.882  1.256  5.83
1515  99  LEU  CD1  -1.345  3.062  0.662  23.08
1516  99  LEU  CD2  -2.723  1.907  2.435  24.38
1517  99  LEU  H  -1.382  3.787  3.382  7.24
1518  99  LEU  HA  -1.9  5.682  1.407  4.27
1519  99  LEU  HB2  -3.934  4.047  2.47  1.34
1520  99  LEU  HB3  -3.838  4.61  0.999  1.17
1521  99  LEU  HG  -3.326  2.524  0.565  0.98
1522  99  LEU  HD11  -0.678  2.861  1.337  33.82
1523  99  LEU  HD12  -1.236  3.978  0.362  11.07
1524  99  LEU  HD13  -1.235  2.461  -0.091  44.6
1525  99  LEU  HD21  -2.754  2.403  3.268  122.02
1526  99  LEU  HD22  -1.913  1.375  2.402  58.56
1527  99  LEU  HD23  -3.494  1.32  2.382  25.96
1528  100  THR  N  -3.497  7.226  2.652  113.15
1529  100  THR  CA  -4.157  8.243  3.511  59.58
1530  100  THR  C  -5.159  9.019  2.662  172.43
1531  100  THR  O  -5.055  9.055  1.455  4.88
1532  100  THR  CB  -3.05  9.173  3.99  71.18
1533  100  THR  OG1  -1.934  9.077  3.115  3.88
1534  100  THR  CG2  -2.63  8.787  5.408  20.68
1535  100  THR  H  -3.546  7.303  1.797  8.11
1536  100  THR  HA  -4.597  7.822  4.266  4.45
1537  100  THR  HB  -3.386  10.083  3.992  4
1538  100  THR  HG1  -1.595  9.842  3.041  1.72
1539  100  THR  HG21  -1.97  9.418  5.734  39.72
1540  100  THR  HG22  -2.248  7.895  5.401  32.07
1541  100  THR  HG23  -3.406  8.801  5.99  125.42
1542  101  GLN  N  -6.117  9.652  3.262  121.95
1543  101  GLN  CA  -7.093  10.422  2.441  54.28
1544  101  GLN  C  -6.35  11.527  1.685  177.23
1545  101  GLN  O  -6.028  12.56  2.236  4.34
1546  101  GLN  CB  -8.094  11.001  3.439  29.78
1547  101  GLN  CG  -9.242  10.007  3.627  29.88
1548  101  GLN  CD  -10.407  10.699  4.336  2.38
1549  101  GLN  OE1  -10.449  11.911  4.419  2.19
1550  101  GLN  NE2  -11.363  9.978  4.855  8.44
1551  101  GLN  H  -6.179  9.636  4.12  8.21
1552  101  GLN  HA  -7.547  9.833  1.818  3.51
1553  101  GLN  HB2  -7.653  11.155  4.289  1.78
1554  101  GLN  HB3  -8.446  11.838  3.097  1.59
1555  101  GLN  HG2  -9.534  9.684  2.76  2.23
1556  101  GLN  HG3  -8.938  9.258  4.163  2.23
1557  101  GLN  HE21  -11.334  9.12  4.796  125.62
1558  101  GLN  HE22  -12.021  10.36  5.255  52.16
1559  102  CYS  N  -6.057  11.299  0.428  126.65
1560  102  CYS  CA  -5.308  12.317  -0.372  52.18
1561  102  CYS  C  -5.764  13.737  -0.014  49.36
1562  102  CYS  O  -6.766  14.211  -0.511  2.62
1563  102  CYS  CB  -5.639  12.011  -1.835  38.38
1564  102  CYS  SG  -5.19  10.3  -2.226  21.48
1565  102  CYS  H  -6.286  10.553  0.066  9.04
1566  102  CYS  HA  -4.354  12.221  -0.225  4.39
1567  102  CYS  HB2  -6.59  12.135  -1.982  3.03
1568  102  CYS  HB3  -5.142  12.614  -2.41  1.86
1569  103  PRO  N  -5.002  14.37  0.839  3.83
1570  103  PRO  CA  -5.32  15.75  1.268  62.88
1571  103  PRO  C  -4.797  16.758  0.239  176.43
1572  103  PRO  O  -3.937  17.566  0.532  58.91
1573  103  PRO  CB  -4.568  15.891  2.586  31.78
1574  103  PRO  CG  -3.434  14.912  2.51  29.01
1575  103  PRO  CD  -3.787  13.862  1.481  27.96
1576  103  PRO  HA  -6.273  15.859  1.411  33.68
1577  103  PRO  HB2  -4.228  16.794  2.682  55.66
1578  103  PRO  HB3  -5.148  15.668  3.331  56.84
1579  103  PRO  HG2  -2.622  15.371  2.245  7.45
1580  103  PRO  HG3  -3.306  14.489  3.373  30.16
1581  103  PRO  HD2  -3.071  13.772  0.833  40.33
1582  103  PRO  HD3  -3.966  13.011  1.911  7.89
1583  104  VAL  N  -5.302  16.715  -0.963  120.55
1584  104  VAL  CA  -4.822  17.668  -2.008  62.38
1585  104  VAL  C  -5.601  18.984  -1.937  176.33
1586  104  VAL  O  -6.582  19.102  -1.229  3.37
1587  104  VAL  CB  -5.089  16.964  -3.338  32.38
1588  104  VAL  CG1  -4.632  17.86  -4.491  1.99
1589  104  VAL  CG2  -4.316  15.644  -3.381  2.44
1590  104  VAL  H  -5.907  16.135  -1.156  8.33
1591  104  VAL  HA  -3.871  17.831  -1.905  4.16
1592  104  VAL  HB  -6.039  16.787  -3.424  2.08
1593  104  VAL  HG11  -5.298  18.548  -4.648  57.66
1594  104  VAL  HG12  -4.524  17.324  -5.293  179.01
1595  104  VAL  HG13  -3.786  18.275  -4.262  30.36
1596  104  VAL  HG21  -3.643  15.685  -4.079  42.63
1597  104  VAL  HG22  -4.929  14.916  -3.567  26.7
1598  104  VAL  HG23  -3.885  15.493  -2.525  33.8
1599  105  THR  N  -5.171  19.973  -2.673  117.55
1600  105  THR  CA  -5.881  21.284  -2.66  61.48
1601  105  THR  C  -6.612  21.496  -3.99  174.43
1602  105  THR  O  -7.656  22.116  -4.044  3.61
1603  105  THR  CB  -4.779  22.328  -2.48  69.88
1604  105  THR  OG1  -5.367  23.594  -2.216  1.82
1605  105  THR  CG2  -3.936  22.408  -3.753  1.59
1606  105  THR  H  -4.476  19.868  -3.169  8.19
1607  105  THR  HA  -6.504  21.326  -1.918  4.38
1608  105  THR  HB  -4.211  22.073  -1.736  4.16
1609  105  THR  HG1  -5.249  23.77  -1.403  119.07
1610  105  THR  HG21  -4.515  22.572  -4.514  63.03
1611  105  THR  HG22  -3.463  21.571  -3.881  178.05
1612  105  THR  HG23  -3.295  23.132  -3.672  116.56
1613  106  GLU  N  -6.069  20.986  -5.062  123.25
1614  106  GLU  CA  -6.726  21.154  -6.388  56.68
1615  106  GLU  C  -8.215  20.807  -6.291  176.43
1616  106  GLU  O  -8.706  20.424  -5.248  50.46
1617  106  GLU  CB  -6.006  20.171  -7.313  30.18
1618  106  GLU  CG  -5.181  20.947  -8.342  9.02
1619  106  GLU  CD  -6.105  21.496  -9.431  3.86
1620  106  GLU  OE1  -7.219  21.868  -9.103  3.05
1621  106  GLU  OE2  -5.682  21.534  -10.575  3.29
1622  106  GLU  H  -5.329  20.552  -5.005  8.47
1623  106  GLU  HA  -6.607  22.061  -6.71  4.36
1624  106  GLU  HB2  -5.419  19.606  -6.787  2.06
1625  106  GLU  HB3  -6.659  19.621  -7.773  1.9
1626  106  GLU  HG2  -4.726  21.682  -7.903  2.27
1627  106  GLU  HG3  -4.526  20.355  -8.744  2.27
1628  107  SER  N  -8.936  20.936  -7.372  116.45
1629  107  SER  CA  -10.391  20.611  -7.339  58.38
1630  107  SER  C  -10.596  19.105  -7.15  174.73
1631  107  SER  O  -11.212  18.671  -6.197  4.41
1632  107  SER  CB  -10.93  21.059  -8.698  63.88
1633  107  SER  OG  -11.846  20.086  -9.184  112.07
1634  107  SER  H  -8.572  21.207  -8.102  8.36
1635  107  SER  HA  -10.831  21.105  -6.63  4.47
1636  107  SER  HB2  -11.387  21.909  -8.603  178.26
1637  107  SER  HB3  -10.192  21.16  -9.319  7.49
1638  107  SER  HG  -12.577  20.471  -9.338  31.18
1639  108  SER  N  -10.087  18.309  -8.053  118.15
1640  108  SER  CA  -10.253  16.829  -7.934  58.58
1641  108  SER  C  -11.738  16.458  -7.968  174.53
1642  108  SER  O  -12.234  15.935  -8.947  56.45
1643  108  SER  CB  -9.635  16.461  -6.584  63.78
1644  108  SER  OG  -10.395  15.417  -5.989  3.72
1645  108  SER  H  -9.657  18.639  -8.72  8.33
1646  108  SER  HA  -9.776  16.379  -8.649  4.5
1647  108  SER  HB2  -8.724  16.156  -6.716  117.91
1648  108  SER  HB3  -9.631  17.241  -6.007  33.5
1649  108  SER  HG  -10.555  15.633  -5.193  8.56
1650  109  VAL  N  -12.452  16.724  -6.909  121.25
1651  109  VAL  CA  -13.905  16.388  -6.882  62.48
1652  109  VAL  C  -14.606  16.965  -8.115  176.13
1653  109  VAL  O  -14.636  18.162  -8.319  8.14
1654  109  VAL  CB  -14.437  17.042  -5.607  32.28
1655  109  VAL  CG1  -15.966  16.978  -5.599  3.08
1656  109  VAL  CG2  -13.889  16.299  -4.388  2.79
1657  109  VAL  H  -12.085  17.096  -6.226  8.08
1658  109  VAL  HA  -14.03  15.427  -6.839  4.19
1659  109  VAL  HB  -14.153  17.969  -5.576  2.1
1660  109  VAL  HG11  -16.306  17.242  -6.468  8.3
1661  109  VAL  HG12  -16.311  17.579  -4.92  3.38
1662  109  VAL  HG13  -16.25  16.071  -5.403  1.98
1663  109  VAL  HG21  -13.628  16.94  -3.708  2.1
1664  109  VAL  HG22  -13.117  15.773  -4.65  3.02
1665  109  VAL  HG23  -14.574  15.712  -4.032  0.89
1666  110  LEU  N  -15.172  16.124  -8.937  124.95
1667  110  LEU  CA  -15.872  16.628  -10.153  54.98
1668  110  LEU  C  -17.354  16.865  -9.85  177.03
1669  110  LEU  O  -18.103  17.329  -10.687  4.26
1670  110  LEU  CB  -15.707  15.519  -11.192  42.08
1671  110  LEU  CG  -15.41  16.139  -12.558  2.26
1672  110  LEU  CD1  -14.998  15.04  -13.539  24.18
1673  110  LEU  CD2  -16.664  16.846  -13.079  22.88
1674  110  LEU  H  -15.143  15.28  -8.777  8.16
1675  110  LEU  HA  -15.455  17.444  -10.471  4.35
1676  110  LEU  HB2  -14.974  14.939  -10.932  7.63
1677  110  LEU  HB3  -16.525  15.001  -11.245  4.5
1678  110  LEU  HG  -14.688  16.78  -12.47  3.79
1679  110  LEU  HD11  -15.363  14.191  -13.245  7.99
1680  110  LEU  HD12  -14.03  14.982  -13.571  4.5
1681  110  LEU  HD13  -15.34  15.249  -14.422  2.66
1682  110  LEU  HD21  -16.823  17.648  -12.557  56.49
1683  110  LEU  HD22  -17.427  16.252  -13.001  62.36
1684  110  LEU  HD23  -16.536  17.087  -14.01  55.06
1685  111  ALA  N  -17.783  16.55  -8.657  124.55
1686  111  ALA  CA  -19.216  16.758  -8.3  52.48
1687  111  ALA  C  -19.39  18.091  -7.567  58.91
1688  111  ALA  O  -18.572  18.476  -6.756  34.15
1689  111  ALA  CB  -19.568  15.589  -7.379  19.28
1690  111  ALA  H  -17.239  16.222  -8.077  8.25
1691  111  ALA  HA  -19.771  16.732  -9.095  4.37
1692  111  ALA  HB1  -19.439  15.856  -6.455  7.66
1693  111  ALA  HB2  -18.993  14.834  -7.581  4.27
1694  111  ALA  HB3  -20.494  15.337  -7.516  1.08
1695  112  THR  N  -20.451  18.798  -7.845  1.97
1696  112  THR  CA  -20.674  20.105  -7.162  121.12
1697  112  THR  C  -22.131  20.224  -6.705  56.76
1698  112  THR  O  -22.682  21.304  -6.633  4.09
1699  112  THR  CB  -20.356  21.164  -8.217  2.18
1700  112  THR  OG1  -20.416  20.576  -9.509  2.36
1701  112  THR  CG2  -18.954  21.724  -7.972  116.22
1702  112  THR  H  -21.021  18.511  -8.421  8.01
1703  112  THR  HA  -20.073  20.199  -6.406  4.31
1704  112  THR  HB  -21.003  21.884  -8.159  8.73
1705  112  THR  HG1  -21.167  20.21  -9.592  4.65
1706  112  THR  HG21  -18.453  21.717  -8.802  2.75
1707  112  THR  HG22  -18.498  21.177  -7.313  53.36
1708  112  THR  HG23  -19.022  22.634  -7.644  173.97
1709  113  SER  N  -22.757  19.122  -6.395  7.4
1710  113  SER  CA  -24.176  19.174  -5.941  40.5
1711  113  SER  C  -24.28  19.964  -4.634  4.59
1712  113  SER  O  -24.766  21.077  -4.606  30.76
1713  113  SER  CB  -24.576  17.716  -5.72  122.17
1714  113  SER  OG  -25.229  17.226  -6.883  1.29
1715  113  SER  H  -22.35  18.366  -6.45  8.34
1716  113  SER  HA  -24.737  19.573  -6.625  4.51
1717  113  SER  HB2  -23.784  17.183  -5.55  3.86
1718  113  SER  HB3  -25.171  17.659  -4.956  3.86
1719  113  SER  HG  -25.577  16.486  -6.692  7.04
1720  114  THR  N  -23.825  19.396  -3.551  3.43
1721  114  THR  CA  -23.894  20.115  -2.246  27.54
1722  114  THR  C  -22.491  20.54  -1.806  50.87
1723  114  THR  O  -21.502  19.963  -2.212  4.3
1724  114  THR  CB  -24.48  19.1  -1.263  117.62
1725  114  THR  OG1  -24.395  19.62  0.056  60.36
1726  114  THR  CG2  -23.694  17.791  -1.349  103.24
1727  114  THR  H  -23.483  18.608  -3.59  8.13
1728  114  THR  HA  -24.478  20.887  -2.314  4.34
1729  114  THR  HB  -25.409  18.931  -1.487  3.8
1730  114  THR  HG1  -24.855  19.129  0.559  34.94
1731  114  THR  HG21  -24.224  17.125  -1.815  61.44
1732  114  THR  HG22  -23.493  17.475  -0.454  130.99
1733  114  THR  HG23  -22.867  17.941  -1.833  130.99
1734  115  ALA  N  -22.395  21.547  -0.981  8.75
1735  115  ALA  CA  -21.053  22.006  -0.521  3.61
1736  115  ALA  C  -20.932  21.862  0.999  2.94
1737  115  ALA  O  -21.836  22.196  1.738  3.47
1738  115  ALA  CB  -20.978  23.478  -0.928  1.92
1739  115  ALA  H  -23.105  21.946  -0.704  8.44
1740  115  ALA  HA  -20.352  21.504  -0.966  4.37
1741  115  ALA  HB1  -20.546  23.553  -1.793  175.05
1742  115  ALA  HB2  -20.465  23.97  -0.268  0.85
1743  115  ALA  HB3  -21.874  23.845  -0.981  103.82
1744  116  VAL  N  -19.819  21.369  1.47  119.55
1745  116  VAL  CA  -19.637  21.205  2.942  7.68
1746  116  VAL  C  -18.506  22.112  3.436  4.76
1747  116  VAL  O  -17.412  22.099  2.908  4.31
1748  116  VAL  CB  -19.272  19.733  3.134  30.7
1749  116  VAL  CG1  -18.902  19.483  4.597  41.1
1750  116  VAL  CG2  -20.47  18.859  2.756  7.02
1751  116  VAL  H  -19.189  21.139  0.931  8.15
1752  116  VAL  HA  -20.463  21.406  3.41  4.11
1753  116  VAL  HB  -18.516  19.51  2.568  130.41
1754  116  VAL  HG11  -19.052  18.55  4.814  130.41
1755  116  VAL  HG12  -19.453  20.04  5.169  1.92
1756  116  VAL  HG13  -17.968  19.702  4.737  2.01
1757  116  VAL  HG21  -20.916  18.554  3.562  8.71
1758  116  VAL  HG22  -20.164  18.093  2.246  4.77
1759  116  VAL  HG23  -21.09  19.376  2.219  2.02
1760  117  SER  N  -18.761  22.9  4.445  2.02
1761  117  SER  CA  -17.7  23.808  4.97  6.87
1762  117  SER  C  -17.361  23.447  6.419  6.87
1763  117  SER  O  -18.229  23.141  7.213  8.75
1764  117  SER  CB  -18.307  25.208  4.899  5.01
1765  117  SER  OG  -17.95  25.813  3.663  2.75
1766  117  SER  H  -19.541  22.896  4.806  8.33
1767  117  SER  HA  -16.907  23.761  4.413  4.48
1768  117  SER  HB2  -19.273  25.148  4.958  3.86
1769  117  SER  HB3  -17.974  25.74  5.638  3.86
1770  117  SER  HG  -18.321  25.382  3.045  46.03
1771  118  GLU  N  -16.105  23.483  6.769  114.42
1772  118  GLU  CA  -15.71  23.146  8.167  2.8
1773  118  GLU  C  -16.231  21.757  8.546  2.97
1774  118  GLU  O  -16.584  21.505  9.681  7.91
1775  118  GLU  CB  -16.365  24.221  9.033  4.7
1776  118  GLU  CG  -15.384  25.376  9.243  8.18
1777  118  GLU  CD  -15.402  26.292  8.017  4.36
1778  118  GLU  OE1  -16.177  26.024  7.113  3.62
1779  118  GLU  OE2  -14.641  27.245  8.003  3.91
1780  118  GLU  H  -15.505  23.703  6.194  8.42
1781  118  GLU  HA  -14.746  23.184  8.264  4.34
1782  118  GLU  HB2  -17.163  24.551  8.591  2.07
1783  118  GLU  HB3  -16.603  23.843  9.894  1.95
1784  118  GLU  HG2  -15.643  25.882  10.029  38.68
1785  118  GLU  HG3  -14.489  25.023  9.367  8.87
1786  119  GLN  N  -16.28  20.854  7.605  4.67
1787  119  GLN  CA  -16.776  19.482  7.912  176.09
1788  119  GLN  C  -16.057  18.453  7.037  2.23
1789  119  GLN  O  -16.709  17.866  6.188  2.23
1790  119  GLN  CB  -18.269  19.516  7.585  123.93
1791  119  GLN  CG  -19.079  19.416  8.879  59.81
1792  119  GLN  CD  -20.113  20.542  8.925  174.61
1793  119  GLN  OE1  -19.786  21.693  8.711  121.82
1794  119  GLN  NE2  -21.357  20.258  9.197  41.56
1795  119  GLN  OXT  -14.866  18.269  7.229  8.51
1796  119  GLN  H  -16.025  21.052  6.808  7.95
1797  119  GLN  HA  -16.647  19.277  8.851  4.16
1798  119  GLN  HB2  -18.482  20.347  7.133  42.09
1799  119  GLN  HB3  -18.491  18.768  7.008  3.23
1800  119  GLN  HG2  -19.532  18.559  8.911  7.21
1801  119  GLN  HG3  -18.483  19.495  9.64  7.21
1802  119  GLN  HE21  -21.589  19.444  9.348  9.39
1803  119  GLN  HE22  -21.946  20.884  9.226  4.82
