1  1  MET  N  -7.971  12.907  3.84  121.95
2  1  MET  CA  -6.526  13.27  3.788  55.29
3  1  MET  C  -5.879  12.589  2.58  174
4  1  MET  O  -5.255  13.238  1.756  0
5  1  MET  CB  -5.835  12.803  5.075  31.23
6  1  MET  CG  -4.849  13.873  5.55  33.39
7  1  MET  SD  -3.561  14.105  4.301  123.11
8  1  MET  CE  -2.739  15.514  5.082  16.87
9  1  MET  H  -8.351  13.301  4.542  4.26
10  1  MET  H2  -8.053  12.024  3.914  124.57
11  1  MET  H3  -8.372  13.182  3.095  55.81
12  1  MET  HA  -6.438  14.232  3.702  4.15
13  1  MET  HB2  -6.504  12.652  5.761  2.59
14  1  MET  HB3  -5.356  11.976  4.907  2.65
15  1  MET  HG2  -5.321  14.71  5.685  2.16
16  1  MET  HG3  -4.443  13.592  6.385  2.16
17  1  MET  HE1  -3.399  16.191  5.3  33.46
18  1  MET  HE2  -2.084  15.889  4.472  52.33
19  1  MET  HE3  -2.292  15.219  5.891  176.55
20  2  GLN  N  -6.035  11.287  2.478  123.52
21  2  GLN  CA  -5.447  10.525  1.333  55.99
22  2  GLN  C  -6.561  10.148  0.353  173.35
23  2  GLN  O  -7.732  10.194  0.692  4.38
24  2  GLN  CB  -4.775  9.252  1.857  28.37
25  2  GLN  CG  -3.611  9.627  2.775  34.15
26  2  GLN  CD  -2.584  8.493  2.789  55.84
27  2  GLN  OE1  -1.394  8.733  2.736  175.05
28  2  GLN  NE2  -2.996  7.255  2.856  111.65
29  2  GLN  H  -6.484  10.866  3.078  8.85
30  2  GLN  HA  -4.79  11.076  0.88  4.7
31  2  GLN  HB2  -5.423  8.726  2.352  2.02
32  2  GLN  HB3  -4.441  8.732  1.11  2.17
33  2  GLN  HG2  -3.192  10.44  2.452  2.47
34  2  GLN  HG3  -3.942  9.77  3.676  2.47
35  2  GLN  HE21  -3.838  7.085  2.891  6.7
36  2  GLN  HE22  -2.425  6.612  2.869  7.7
37  3  ASP  N  -6.195  9.779  -0.856  121.21
38  3  ASP  CA  -7.212  9.392  -1.885  52.67
39  3  ASP  C  -6.835  8.042  -2.498  175.87
40  3  ASP  O  -5.91  7.386  -2.044  52.27
41  3  ASP  CB  -7.257  10.454  -2.986  42.92
42  3  ASP  CG  -7.678  11.795  -2.386  7.85
43  3  ASP  OD1  -6.819  12.481  -1.856  8.55
44  3  ASP  OD2  -8.853  12.113  -2.462  5.02
45  3  ASP  H  -5.359  9.758  -1.058  7.93
46  3  ASP  HA  -8.084  9.323  -1.467  4.88
47  3  ASP  HB2  -6.378  10.539  -3.386  2.87
48  3  ASP  HB3  -7.899  10.19  -3.664  3.19
49  4  TRP  N  -7.548  7.631  -3.526  124.49
50  4  TRP  CA  -7.253  6.327  -4.192  58.35
51  4  TRP  C  -5.91  6.428  -4.924  176.98
52  4  TRP  O  -5.176  5.457  -5.023  8.4
53  4  TRP  CB  -8.372  5.996  -5.192  32.36
54  4  TRP  CG  -8.114  4.658  -5.812  3.37
55  4  TRP  CD1  -8.158  4.395  -7.139  130.7
56  4  TRP  CD2  -7.761  3.405  -5.158  130.43
57  4  TRP  NE1  -7.854  3.062  -7.34  128.22
58  4  TRP  CE2  -7.601  2.408  -6.149  5.25
59  4  TRP  CE3  -7.565  3.039  -3.815  125.53
60  4  TRP  CZ2  -7.257  1.096  -5.816  115.14
61  4  TRP  CZ3  -7.221  1.725  -3.481  121.1
62  4  TRP  CH2  -7.065  0.755  -4.477  123.61
63  4  TRP  H  -8.192  8.121  -3.818  8.95
64  4  TRP  HA  -7.203  5.63  -3.52  5.53
65  4  TRP  HB2  -9.224  5.978  -4.729  3.22
66  4  TRP  HB3  -8.395  6.674  -5.885  3.53
67  4  TRP  HD1  -8.359  5.009  -7.808  7.31
68  4  TRP  HE1  -7.822  2.672  -8.106  10.35
69  4  TRP  HE3  -7.669  3.671  -3.14  8.12
70  4  TRP  HZ2  -7.152  0.453  -6.48  7.46
71  4  TRP  HZ3  -7.088  1.499  -2.589  6.76
72  4  TRP  HH2  -6.834  -0.116  -4.248  7.12
73  5  ALA  N  -5.596  7.6  -5.434  120.43
74  5  ALA  CA  -4.308  7.806  -6.171  55.62
75  5  ALA  C  -3.129  7.626  -5.209  177.01
76  5  ALA  O  -2.08  7.128  -5.593  3.06
77  5  ALA  CB  -4.288  9.221  -6.762  18.33
78  5  ALA  H  -6.141  8.259  -5.344  8.3
79  5  ALA  HA  -4.24  7.157  -6.889  3.63
80  5  ALA  HB1  -3.438  9.646  -6.567  2.02
81  5  ALA  HB2  -5.007  9.743  -6.372  2.02
82  5  ALA  HB3  -4.41  9.17  -7.723  3.62
83  6  THR  N  -3.304  8.019  -3.961  114.81
84  6  THR  CA  -2.211  7.873  -2.951  66.85
85  6  THR  C  -2.046  6.393  -2.637  175.37
86  6  THR  O  -0.948  5.862  -2.668  8.64
87  6  THR  CB  -2.582  8.633  -1.675  68.1
88  6  THR  OG1  -2.948  9.964  -2.011  9.07
89  6  THR  CG2  -1.385  8.653  -0.724  22.05
90  6  THR  H  -4.059  8.355  -3.722  8.52
91  6  THR  HA  -1.382  8.223  -3.313  3.78
92  6  THR  HB  -3.328  8.191  -1.241  4.36
93  6  THR  HG1  -3.687  9.937  -2.409  2.51
94  6  THR  HG21  -1.414  7.869  -0.154  4.54
95  6  THR  HG22  -1.42  9.453  -0.177  114.98
96  6  THR  HG23  -0.563  8.649  -1.239  55.26
97  7  PHE  N  -3.145  5.727  -2.364  124.18
98  7  PHE  CA  -3.112  4.263  -2.071  62.27
99  7  PHE  C  -2.566  3.531  -3.304  177.7
100  7  PHE  O  -1.985  2.466  -3.19  4.21
101  7  PHE  CB  -4.537  3.783  -1.77  39.45
102  7  PHE  CG  -4.535  2.307  -1.444  112.94
103  7  PHE  CD1  -4.466  1.368  -2.478  133.61
104  7  PHE  CD2  -4.62  1.877  -0.114  133.61
105  7  PHE  CE1  -4.483  0  -2.189  129.1
106  7  PHE  CE2  -4.633  0.506  0.178  129.1
107  7  PHE  CZ  -4.567  -0.432  -0.86  2
108  7  PHE  H  -3.899  6.14  -2.372  8.57
109  7  PHE  HA  -2.538  4.092  -1.308  4.09
110  7  PHE  HB2  -4.895  4.282  -1.019  3.15
111  7  PHE  HB3  -5.094  3.938  -2.549  3.73
112  7  PHE  HD1  -4.409  1.656  -3.361  7.08
113  7  PHE  HD2  -4.664  2.5  0.575  7.08
114  7  PHE  HE1  -4.44  -0.62  -2.881  6.9
115  7  PHE  HE2  -4.689  0.22  1.061  6.9
116  7  PHE  HZ  -4.578  -1.342  -0.667  43.36
117  8  LYS  N  -2.751  4.107  -4.479  117.62
118  8  LYS  CA  -2.246  3.475  -5.735  60.42
119  8  LYS  C  -0.723  3.386  -5.67  178.8
120  8  LYS  O  -0.151  2.334  -5.878  4.17
121  8  LYS  CB  -2.658  4.327  -6.937  32.36
122  8  LYS  CG  -2.543  3.495  -8.218  24.49
123  8  LYS  CD  -3.643  3.91  -9.198  29.75
124  8  LYS  CE  -3.849  2.802  -10.235  41.22
125  8  LYS  NZ  -2.951  3.037  -11.401  7.67
126  8  LYS  H  -3.164  4.86  -4.524  8.55
127  8  LYS  HA  -2.619  2.584  -5.824  3.57
128  8  LYS  HB2  -3.575  4.623  -6.823  1.33
129  8  LYS  HB3  -2.074  5.099  -7.002  1.33
130  8  LYS  HG2  -1.675  3.645  -8.623  1.1
131  8  LYS  HG3  -2.642  2.554  -8.002  1.1
132  8  LYS  HD2  -4.469  4.056  -8.711  1.88
133  8  LYS  HD3  -3.382  4.728  -9.65  1.88
134  8  LYS  HE2  -3.642  1.942  -9.837  2.56
135  8  LYS  HE3  -4.772  2.804  -10.532  2.56
136  8  LYS  HZ1  -2.418  3.729  -11.23  119.69
137  8  LYS  HZ2  -3.442  3.211  -12.123  42.16
138  8  LYS  HZ3  -2.456  2.312  -11.546  180.34
139  9  LYS  N  -0.069  4.488  -5.378  116.92
140  9  LYS  CA  1.427  4.492  -5.293  58.87
141  9  LYS  C  1.885  3.925  -3.943  178.02
142  9  LYS  O  3.024  3.513  -3.798  5.68
143  9  LYS  CB  1.934  5.93  -5.431  33.32
144  9  LYS  CG  2.012  6.313  -6.912  25.38
145  9  LYS  CD  1.519  7.75  -7.098  29.3
146  9  LYS  CE  1.095  7.961  -8.552  42.18
147  9  LYS  NZ  2.3  8.247  -9.381  2.29
148  9  LYS  H  -0.506  5.214  -5.232  7.18
149  9  LYS  HA  1.793  3.952  -6.011  4.03
150  9  LYS  HB2  1.325  6.529  -4.971  1.78
151  9  LYS  HB3  2.816  6  -5.033  1.78
152  9  LYS  HG2  2.931  6.246  -7.214  1.49
153  9  LYS  HG3  1.456  5.714  -7.435  1.49
154  9  LYS  HD2  0.763  7.91  -6.512  1.62
155  9  LYS  HD3  2.233  8.369  -6.879  1.62
156  9  LYS  HE2  0.659  7.159  -8.881  2.92
157  9  LYS  HE3  0.48  8.709  -8.605  2.92
158  9  LYS  HZ1  2.945  7.67  -9.175  118.54
159  9  LYS  HZ2  2.579  9.076  -9.219  8.24
160  9  LYS  HZ3  2.094  8.165  -10.243  4.29
161  10  LYS  N  1.012  3.931  -2.956  113.71
162  10  LYS  CA  1.374  3.426  -1.594  57.69
163  10  LYS  C  1.253  1.9  -1.495  176.54
164  10  LYS  O  2.17  1.245  -1.021  63.05
165  10  LYS  CB  0.443  4.075  -0.565  34.87
166  10  LYS  CG  1.123  5.302  0.052  26.64
167  10  LYS  CD  0.444  5.649  1.38  29.3
168  10  LYS  CE  1.024  6.952  1.931  41.74
169  10  LYS  NZ  0.889  6.966  3.415  60.86
170  10  LYS  H  0.223  4.246  -3.089  8.04
171  10  LYS  HA  2.288  3.683  -1.396  4.16
172  10  LYS  HB2  -0.376  4.35  -1.007  1.08
173  10  LYS  HB3  0.231  3.437  0.134  1.36
174  10  LYS  HG2  2.061  5.109  0.207  0.64
175  10  LYS  HG3  1.044  6.054  -0.555  0.64
176  10  LYS  HD2  -0.51  5.753  1.236  1.41
177  10  LYS  HD3  0.598  4.934  2.017  1.55
178  10  LYS  HE2  1.962  7.016  1.69  2.67
179  10  LYS  HE3  0.542  7.705  1.555  2.8
180  10  LYS  HZ1  1.198  7.737  3.734  1.64
181  10  LYS  HZ2  1.357  6.292  3.761  3.91
182  10  LYS  HZ3  0.032  6.878  3.637  3.93
183  11  HSE  N  0.126  1.334  -1.889  106.91
184  11  HSE  CA  -0.059  -0.151  -1.758  55.25
185  11  HSE  C  -0.261  -0.845  -3.113  173.78
186  11  HSE  O  -0.171  -2.058  -3.18  61.32
187  11  HSE  CB  -1.274  -0.435  -0.874  30.07
188  11  HSE  CG  -1.074  0.185  0.482  4.78
189  11  HSE  ND1  -1.379  1.513  0.738  4.52
190  11  HSE  CD2  -0.613  -0.329  1.668  118.69
191  11  HSE  CE1  -1.102  1.75  2.033  137.14
192  11  HSE  NE2  -0.631  0.661  2.647  177.1
193  11  HSE  H  -0.603  1.89  -2.233  7.98
194  11  HSE  HA  0.816  -0.568  -1.284  4.74
195  11  HSE  HB2  -2.154  -0.016  -1.333  1.85
196  11  HSE  HB3  -1.397  -1.502  -0.766  2.74
197  11  HSE  HD1  -1.733  2.161  0.093  10.73
198  11  HSE  HD2  -0.285  -1.347  1.82  6.79
199  11  HSE  HE1  -1.245  2.704  2.518  8.61
200  12  LEU  N  -0.531  -0.117  -4.18  120.59
201  12  LEU  CA  -0.729  -0.791  -5.509  54.81
202  12  LEU  C  0.56  -0.69  -6.325  175.71
203  12  LEU  O  1.194  0.35  -6.369  3.75
204  12  LEU  CB  -1.886  -0.149  -6.286  42.99
205  12  LEU  CG  -3.179  -0.239  -5.471  28.19
206  12  LEU  CD1  -4.272  0.608  -6.141  26.79
207  12  LEU  CD2  -3.634  -1.701  -5.406  24.41
208  12  LEU  H  -0.592  0.738  -4.117  7.95
209  12  LEU  HA  -0.93  -1.728  -5.357  5.66
210  12  LEU  HB2  -1.68  0.781  -6.468  1.74
211  12  LEU  HB3  -2.006  -0.62  -7.126  2.1
212  12  LEU  HG  -3.018  0.091  -4.573  1.85
213  12  LEU  HD11  -4.924  0.028  -6.564  4.31
214  12  LEU  HD12  -3.873  1.184  -6.811  1.38
215  12  LEU  HD13  -4.713  1.153  -5.471  8.64
216  12  LEU  HD21  -3.801  -2.026  -6.304  4.65
217  12  LEU  HD22  -4.449  -1.763  -4.883  3.85
218  12  LEU  HD23  -2.941  -2.239  -4.992  1.35
219  13  THR  N  0.95  -1.773  -6.96  113.95
220  13  THR  CA  2.205  -1.774  -7.778  58.72
221  13  THR  C  1.997  -2.607  -9.044  171.71
222  13  THR  O  1.212  -3.541  -9.055  30.98
223  13  THR  CB  3.361  -2.366  -6.962  70.39
224  13  THR  OG1  2.882  -3.435  -6.155  28.2
225  13  THR  CG2  3.963  -1.28  -6.069  19.9
226  13  THR  H  0.481  -2.491  -6.9  8.35
227  13  THR  HA  2.424  -0.863  -8.028  4.9
228  13  THR  HB  4.044  -2.699  -7.565  3.76
229  13  THR  HG1  2.874  -4.131  -6.625  59.66
230  13  THR  HG21  4.606  -1.679  -5.462  180
231  13  THR  HG22  3.258  -0.853  -5.557  21.87
232  13  THR  HG23  4.407  -0.618  -6.621  31.76
233  14  ASP  N  2.708  -2.27  -10.098  124.18
234  14  ASP  CA  2.589  -3.021  -11.386  53.55
235  14  ASP  C  3.858  -3.859  -11.604  174.77
236  14  ASP  O  4.195  -4.208  -12.725  5.04
237  14  ASP  CB  2.419  -2.022  -12.536  40.19
238  14  ASP  CG  1.177  -1.166  -12.288  2.8
239  14  ASP  OD1  0.121  -1.738  -12.068  1.99
240  14  ASP  OD2  1.3  0.047  -12.323  8.67
241  14  ASP  H  3.256  -1.609  -10.045  8.28
242  14  ASP  HA  1.818  -3.608  -11.348  4.93
243  14  ASP  HB2  3.202  -1.451  -12.586  2.77
244  14  ASP  HB3  2.317  -2.504  -13.371  2.9
245  15  THR  N  4.556  -4.181  -10.531  113.48
246  15  THR  CA  5.807  -4.993  -10.635  58.87
247  15  THR  C  6.141  -5.591  -9.265  171.46
248  15  THR  O  5.883  -4.98  -8.24  4
249  15  THR  CB  6.957  -4.089  -11.087  69.58
250  15  THR  OG1  6.559  -3.365  -12.244  119.63
251  15  THR  CG2  8.186  -4.937  -11.41  19.2
252  15  THR  H  4.287  -3.919  -9.757  7.75
253  15  THR  HA  5.68  -5.706  -11.28  4.22
254  15  THR  HB  7.176  -3.467  -10.376  3.9
255  15  THR  HG1  6.643  -2.546  -12.079  4.07
256  15  THR  HG21  7.904  -5.792  -11.77  3.81
257  15  THR  HG22  8.701  -5.08  -10.6  7.61
258  15  THR  HG23  8.734  -4.475  -12.064  3.49
259  16  TRP  N  6.724  -6.775  -9.25  129.1
260  16  TRP  CA  7.1  -7.434  -7.96  56.21
261  16  TRP  C  8.25  -6.649  -7.335  176.32
262  16  TRP  O  8.236  -6.346  -6.153  4.06
263  16  TRP  CB  7.547  -8.877  -8.238  30.73
264  16  TRP  CG  7.677  -9.659  -6.957  8.91
265  16  TRP  CD1  7.013  -9.411  -5.796  132.15
266  16  TRP  CD2  8.511  -10.826  -6.702  122.43
267  16  TRP  NE1  7.397  -10.346  -4.851  126.37
268  16  TRP  CE2  8.317  -11.241  -5.362  179
269  16  TRP  CE3  9.413  -11.557  -7.495  121.51
270  16  TRP  CZ2  8.99  -12.341  -4.833  115.14
271  16  TRP  CZ3  10.093  -12.666  -6.965  121.61
272  16  TRP  CH2  9.882  -13.055  -5.636  126.61
273  16  TRP  H  6.898  -7.171  -9.993  8.14
274  16  TRP  HA  6.339  -7.437  -7.358  4.08
275  16  TRP  HB2  6.894  -9.307  -8.811  2.24
276  16  TRP  HB3  8.405  -8.861  -8.691  2.76
277  16  TRP  HD1  6.405  -8.721  -5.658  7.16
278  16  TRP  HE1  7.109  -10.383  -4.041  9.97
279  16  TRP  HE3  9.56  -11.305  -8.378  7.4
280  16  TRP  HZ2  8.845  -12.598  -3.951  7.43
281  16  TRP  HZ3  10.688  -13.142  -7.497  6.94
282  16  TRP  HH2  10.335  -13.789  -5.288  7.16
283  17  ASP  N  9.232  -6.309  -8.141  115.43
284  17  ASP  CA  10.403  -5.52  -7.648  52.59
285  17  ASP  C  10.095  -4.035  -7.839  174.74
286  17  ASP  O  9.807  -3.598  -8.943  3.87
287  17  ASP  CB  11.653  -5.9  -8.453  39.6
288  17  ASP  CG  12.568  -6.781  -7.6  4.43
289  17  ASP  OD1  12.13  -7.848  -7.205  1.2
290  17  ASP  OD2  13.693  -6.374  -7.359  1.2
291  17  ASP  H  9.193  -6.534  -8.97  7.39
292  17  ASP  HA  10.548  -5.704  -6.707  4.44
293  17  ASP  HB2  11.387  -6.386  -9.249  2.18
294  17  ASP  HB3  12.132  -5.097  -8.712  2.38
295  18  VAL  N  10.136  -3.266  -6.771  121.53
296  18  VAL  CA  9.828  -1.808  -6.863  63.15
297  18  VAL  C  11.076  -0.984  -6.551  175.25
298  18  VAL  O  12.012  -1.464  -5.933  116.53
299  18  VAL  CB  8.729  -1.474  -5.852  32.8
300  18  VAL  CG1  8.338  0.003  -5.969  22.49
301  18  VAL  CG2  7.507  -2.345  -6.134  20.2
302  18  VAL  H  10.331  -3.609  -6.007  6.64
303  18  VAL  HA  9.516  -1.6  -7.758  3.09
304  18  VAL  HB  9.055  -1.654  -4.956  1.28
305  18  VAL  HG11  8.205  0.228  -6.903  7.08
306  18  VAL  HG12  9.045  0.555  -5.599  6.69
307  18  VAL  HG13  7.515  0.158  -5.479  66.25
308  18  VAL  HG21  6.731  -1.967  -5.692  180.07
309  18  VAL  HG22  7.666  -3.241  -5.798  124.03
310  18  VAL  HG23  7.35  -2.38  -7.091  66.16
311  19  ASP  N  11.07  0.263  -6.969  126.14
312  19  ASP  CA  12.221  1.179  -6.708  51.19
313  19  ASP  C  11.883  2.025  -5.476  176.04
314  19  ASP  O  11.196  3.028  -5.57  5.67
315  19  ASP  CB  12.447  2.082  -7.924  38.12
316  19  ASP  CG  12.805  1.221  -9.137  3.27
317  19  ASP  OD1  13.769  0.478  -9.048  7.56
318  19  ASP  OD2  12.109  1.317  -10.135  3.61
319  19  ASP  H  10.38  0.559  -7.389  8.54
320  19  ASP  HA  13.02  0.657  -6.534  4.6
321  19  ASP  HB2  11.637  2.582  -8.11  2.43
322  19  ASP  HB3  13.174  2.698  -7.741  2.91
323  20  CYS  N  12.339  1.593  -4.322  121.21
324  20  CYS  CA  12.04  2.316  -3.047  58.21
325  20  CYS  C  13.118  3.361  -2.74  175.69
326  20  CYS  O  12.82  4.42  -2.213  9.74
327  20  CYS  CB  11.982  1.293  -1.914  40.93
328  20  CYS  SG  10.308  0.615  -1.815  2.91
329  20  CYS  H  12.799  0.867  -4.297  7.91
330  20  CYS  HA  11.179  2.756  -3.123  3.59
331  20  CYS  HB2  12.61  0.576  -2.094  2.29
332  20  CYS  HB3  12.21  1.719  -1.073  2.92
333  21  ASP  N  14.362  3.062  -3.052  117.63
334  21  ASP  CA  15.479  4.024  -2.769  57.39
335  21  ASP  C  15.349  5.289  -3.634  176.87
336  21  ASP  O  16.012  6.28  -3.371  21.63
337  21  ASP  CB  16.818  3.344  -3.06  39.52
338  21  ASP  CG  17.895  3.921  -2.139  9.2
339  21  ASP  OD1  18.223  5.085  -2.3  2.7
340  21  ASP  OD2  18.373  3.189  -1.288  8.51
341  21  ASP  H  14.538  2.303  -3.416  8.82
342  21  ASP  HA  15.448  4.276  -1.833  4.48
343  21  ASP  HB2  16.736  2.39  -2.904  2.7
344  21  ASP  HB3  17.068  3.501  -3.984  2.7
345  22  ASN  N  14.517  5.259  -4.66  113.79
346  22  ASN  CA  14.352  6.457  -5.551  54.07
347  22  ASN  C  13.044  7.192  -5.228  176.01
348  22  ASN  O  12.929  8.385  -5.461  5.12
349  22  ASN  CB  14.33  5.999  -7.012  40.11
350  22  ASN  CG  15.031  7.04  -7.887  1.57
351  22  ASN  OD1  16.235  7.193  -7.823  1.2
352  22  ASN  ND2  14.324  7.769  -8.707  115.52
353  22  ASN  H  14.068  4.545  -4.826  7.11
354  22  ASN  HA  15.1  7.06  -5.415  4.87
355  22  ASN  HB2  14.789  5.148  -7.089  2.54
356  22  ASN  HB3  13.411  5.898  -7.306  2.54
357  22  ASN  HD21  13.472  7.661  -8.751  6.78
358  22  ASN  HD22  14.71  8.355  -9.204  8.36
359  23  LEU  N  12.06  6.482  -4.716  120.43
360  23  LEU  CA  10.738  7.11  -4.387  56.73
361  23  LEU  C  10.72  7.598  -2.938  178.06
362  23  LEU  O  10.036  8.553  -2.615  119.07
363  23  LEU  CB  9.632  6.07  -4.582  44.69
364  23  LEU  CG  9.174  6.074  -6.042  26.86
365  23  LEU  CD1  10.329  5.643  -6.953  25.45
366  23  LEU  CD2  8.004  5.103  -6.206  24.12
367  23  LEU  H  12.171  5.64  -4.578  7.76
368  23  LEU  HA  10.578  7.861  -4.98  4.44
369  23  LEU  HB2  9.972  5.191  -4.352  1.18
370  23  LEU  HB3  8.879  6.285  -4.009  1.33
371  23  LEU  HG  8.891  6.97  -6.285  1.41
372  23  LEU  HD11  10.989  5.156  -6.435  1.87
373  23  LEU  HD12  10.742  6.429  -7.344  1.39
374  23  LEU  HD13  9.99  5.072  -7.66  1.39
375  23  LEU  HD21  8.344  4.203  -6.329  1.48
376  23  LEU  HD22  7.479  5.359  -6.98  1.48
377  23  LEU  HD23  7.446  5.132  -5.413  2.42
378  24  MET  N  11.453  6.937  -2.073  119.18
379  24  MET  CA  11.489  7.324  -0.624  56.8
380  24  MET  C  11.858  8.818  -0.429  176.25
381  24  MET  O  11.212  9.476  0.37  8.97
382  24  MET  CB  12.493  6.425  0.118  29.48
383  24  MET  CG  12.554  6.805  1.603  133.36
384  24  MET  SD  13.418  5.522  2.55  57.16
385  24  MET  CE  14.9  5.402  1.519  174.82
386  24  MET  H  11.915  6.262  -2.34  8.43
387  24  MET  HA  10.608  7.176  -0.247  4.46
388  24  MET  HB2  12.207  5.501  0.038  1.64
389  24  MET  HB3  13.375  6.522  -0.274  1.81
390  24  MET  HG2  13.027  7.646  1.699  9.3
391  24  MET  HG3  11.652  6.906  1.946  9.38
392  24  MET  HE1  14.645  5.163  0.614  5.89
393  24  MET  HE2  15.489  4.719  1.875  1.88
394  24  MET  HE3  15.362  6.255  1.516  1.66
395  25  PRO  N  12.883  9.323  -1.117  2.96
396  25  PRO  CA  13.31  10.734  -0.954  64.48
397  25  PRO  C  12.404  11.718  -1.714  178.48
398  25  PRO  O  12.688  12.905  -1.746  8.57
399  25  PRO  CB  14.725  10.757  -1.537  31.99
400  25  PRO  CG  14.819  9.555  -2.504  28.93
401  25  PRO  CD  13.707  8.57  -2.099  52.25
402  25  PRO  HA  13.342  10.964  -0.012  5.09
403  25  PRO  HB2  14.872  11.587  -2.017  1.82
404  25  PRO  HB3  15.38  10.657  -0.829  2.47
405  25  PRO  HG2  14.685  9.854  -3.417  2.18
406  25  PRO  HG3  15.684  9.125  -2.418  2.32
407  25  PRO  HD2  13.177  8.326  -2.874  3.23
408  25  PRO  HD3  14.091  7.782  -1.685  3.52
409  26  THR  N  11.327  11.249  -2.32  106.6
410  26  THR  CA  10.413  12.173  -3.072  62.64
411  26  THR  C  9.467  12.865  -2.086  176.32
412  26  THR  O  9.557  12.669  -0.885  5.21
413  26  THR  CB  9.577  11.399  -4.109  71.5
414  26  THR  OG1  10.236  10.193  -4.477  3.39
415  26  THR  CG2  9.38  12.267  -5.355  21.75
416  26  THR  H  11.145  10.409  -2.285  7.67
417  26  THR  HA  10.944  12.845  -3.527  4.46
418  26  THR  HB  8.708  11.192  -3.73  4.62
419  26  THR  HG1  9.777  9.82  -5.073  6.83
420  26  THR  HG21  9.388  11.704  -6.145  7.16
421  26  THR  HG22  10.097  12.918  -5.413  3.41
422  26  THR  HG23  8.528  12.728  -5.296  2.87
423  27  SER  N  8.566  13.669  -2.601  115.74
424  27  SER  CA  7.584  14.398  -1.734  61.46
425  27  SER  C  6.397  13.487  -1.389  177.2
426  27  SER  O  5.634  13.786  -0.484  50.85
427  27  SER  CB  7.074  15.634  -2.476  63.23
428  27  SER  OG  6.128  16.312  -1.661  1.49
429  27  SER  H  8.536  13.773  -3.454  8.76
430  27  SER  HA  8.025  14.674  -0.915  4.21
431  27  SER  HB2  7.816  16.23  -2.664  3.92
432  27  SER  HB3  6.662  15.361  -3.311  3.92
433  27  SER  HG  6.523  16.574  -0.967  4.36
434  28  LEU  N  6.24  12.387  -2.1  118.95
435  28  LEU  CA  5.111  11.446  -1.827  56.8
436  28  LEU  C  5.479  10.561  -0.641  176.18
437  28  LEU  O  4.65  10.264  0.205  1.11
438  28  LEU  CB  4.871  10.578  -3.064  42.55
439  28  LEU  CG  3.649  9.689  -2.842  26.54
440  28  LEU  CD1  2.408  10.387  -3.4  24.64
441  28  LEU  CD2  3.854  8.359  -3.568  24.64
442  28  LEU  H  6.796  12.2  -2.729  7.29
443  28  LEU  HA  4.308  11.95  -1.622  3.82
444  28  LEU  HB2  4.72  11.149  -3.833  0.59
445  28  LEU  HB3  5.649  10.021  -3.222  1.01
446  28  LEU  HG  3.532  9.529  -1.892  0.97
447  28  LEU  HD11  2.669  10.99  -4.113  7.37
448  28  LEU  HD12  1.975  10.891  -2.693  4.67
449  28  LEU  HD13  1.792  9.724  -3.748  2.79
450  28  LEU  HD21  2.994  7.996  -3.83  118.33
451  28  LEU  HD22  4.3  7.734  -2.975  66.16
452  28  LEU  HD23  4.399  8.503  -4.357  173.6
453  29  PHE  N  6.724  10.15  -0.583  113.95
454  29  PHE  CA  7.204  9.284  0.532  58.65
455  29  PHE  C  7.819  10.164  1.621  176.59
456  29  PHE  O  7.664  9.897  2.8  2.85
457  29  PHE  CB  8.255  8.31  -0.001  42.33
458  29  PHE  CG  7.564  7.091  -0.558  3.95
459  29  PHE  CD1  7.097  6.097  0.309  132.37
460  29  PHE  CD2  7.387  6.956  -1.939  132.37
461  29  PHE  CE1  6.451  4.967  -0.206  131.37
462  29  PHE  CE2  6.74  5.826  -2.455  131.37
463  29  PHE  CZ  6.273  4.831  -1.588  1.78
464  29  PHE  H  7.274  10.387  -1.2  7.17
465  29  PHE  HA  6.457  8.787  0.901  4.59
466  29  PHE  HB2  8.767  8.74  -0.704  3.08
467  29  PHE  HB3  8.849  8.046  0.719  3.44
468  29  PHE  HD1  7.215  6.187  1.227  7.02
469  29  PHE  HD2  7.698  7.616  -2.516  7.02
470  29  PHE  HE1  6.14  4.306  0.37  7.06
471  29  PHE  HE2  6.622  5.737  -3.373  7.06
472  29  PHE  HZ  5.843  4.08  -1.93  8.3
473  30  ASP  N  8.514  11.214  1.221  117.7
474  30  ASP  CA  9.157  12.146  2.21  54.66
475  30  ASP  C  9.979  11.339  3.234  174.3
476  30  ASP  O  10.085  11.705  4.397  4.36
477  30  ASP  CB  8.06  12.947  2.924  38.71
478  30  ASP  CG  8.696  14.093  3.712  2
479  30  ASP  OD1  9.457  14.84  3.122  6.06
480  30  ASP  OD2  8.409  14.203  4.893  61.86
481  30  ASP  H  8.596  11.369  0.379  9.25
482  30  ASP  HA  9.745  12.756  1.738  4.21
483  30  ASP  HB2  7.445  13.308  2.266  2.42
484  30  ASP  HB3  7.577  12.366  3.532  3.02
485  31  CYS  N  10.553  10.238  2.795  108.32
486  31  CYS  CA  11.368  9.368  3.701  56.43
487  31  CYS  C  10.46  8.798  4.805  175.39
488  31  CYS  O  10.525  9.195  5.96  3.15
489  31  CYS  CB  12.52  10.186  4.302  38.34
490  31  CYS  SG  14.032  9.879  3.353  7.18
491  31  CYS  H  10.454  10.012  1.971  9.17
492  31  CYS  HA  11.734  8.633  3.185  4.38
493  31  CYS  HB2  12.301  11.13  4.268  3.26
494  31  CYS  HB3  12.658  9.92  5.224  3.43
495  32  LYS  N  9.604  7.867  4.434  116.92
496  32  LYS  CA  8.659  7.238  5.415  56.66
497  32  LYS  C  9.386  6.15  6.211  176.47
498  32  LYS  O  10.543  5.855  5.959  2.22
499  32  LYS  CB  7.479  6.613  4.661  32.8
500  32  LYS  CG  6.281  7.564  4.699  24.86
501  32  LYS  CD  5.384  7.307  3.487  29.82
502  32  LYS  CE  3.974  7.823  3.778  42.04
503  32  LYS  NZ  3.854  9.234  3.313  4.36
504  32  LYS  H  9.583  7.619  3.611  7.26
505  32  LYS  HA  8.329  7.915  6.026  4.31
506  32  LYS  HB2  7.734  6.453  3.739  1.9
507  32  LYS  HB3  7.234  5.772  5.079  2.16
508  32  LYS  HG2  5.776  7.413  5.513  1.63
509  32  LYS  HG3  6.595  8.482  4.678  1.74
510  32  LYS  HD2  5.744  7.77  2.714  1.95
511  32  LYS  HD3  5.346  6.355  3.306  2.05
512  32  LYS  HE2  3.325  7.273  3.312  3.31
513  32  LYS  HE3  3.805  7.782  4.732  3.31
514  32  LYS  HZ1  3.21  9.644  3.77  8.46
515  32  LYS  HZ2  3.655  9.243  2.446  4.77
516  32  LYS  HZ3  4.626  9.657  3.445  2.7
517  33  ASP  N  8.701  5.558  7.169  121.29
518  33  ASP  CA  9.313  4.481  8.01  57.54
519  33  ASP  C  9.251  3.142  7.267  175.13
520  33  ASP  O  10.221  2.401  7.244  6.77
521  33  ASP  CB  8.558  4.369  9.337  40.26
522  33  ASP  CG  7.068  4.154  9.066  8.38
523  33  ASP  OD1  6.443  5.063  8.547  4.57
524  33  ASP  OD2  6.577  3.083  9.383  1.63
525  33  ASP  H  7.887  5.796  7.311  8.63
526  33  ASP  HA  10.24  4.702  8.189  4.21
527  33  ASP  HB2  8.906  3.619  9.844  2.79
528  33  ASP  HB3  8.677  5.186  9.845  2.79
529  34  LYS  N  8.119  2.831  6.665  114.34
530  34  LYS  CA  7.977  1.539  5.916  54.81
531  34  LYS  C  6.766  1.602  4.979  176.02
532  34  LYS  O  5.88  2.422  5.156  7.71
533  34  LYS  CB  7.801  0.385  6.908  36.57
534  34  LYS  CG  6.58  0.643  7.805  24.05
535  34  LYS  CD  5.717  -0.621  7.882  29.75
536  34  LYS  CE  6.214  -1.515  9.022  42.11
537  34  LYS  NZ  5.869  -2.935  8.728  0.81
538  34  LYS  H  7.455  3.376  6.7  7.53
539  34  LYS  HA  8.779  1.389  5.391  5.62
540  34  LYS  HB2  7.677  -0.443  6.418  1.81
541  34  LYS  HB3  8.594  0.315  7.462  1.88
542  34  LYS  HG2  6.881  0.883  8.695  1.34
543  34  LYS  HG3  6.053  1.369  7.437  1.66
544  34  LYS  HD2  4.794  -0.371  8.046  1.65
545  34  LYS  HD3  5.776  -1.106  7.044  1.65
546  34  LYS  HE2  7.176  -1.426  9.106  2.98
547  34  LYS  HE3  5.791  -1.244  9.852  2.98
548  34  LYS  HZ1  4.994  -3.004  8.58  63.36
549  34  LYS  HZ2  6.094  -3.444  9.423  175.6
550  34  LYS  HZ3  6.313  -3.205  8.005  8.72
551  35  ASN  N  6.732  0.732  3.988  115.9
552  35  ASN  CA  5.588  0.704  3.02  55.03
553  35  ASN  C  5.275  -0.756  2.66  172.83
554  35  ASN  O  6.098  -1.638  2.843  7.72
555  35  ASN  CB  5.974  1.502  1.757  44.18
556  35  ASN  CG  4.912  1.325  0.659  3.79
557  35  ASN  OD1  4.841  0.283  0.04  36.22
558  35  ASN  ND2  4.082  2.298  0.388  114.92
559  35  ASN  H  7.374  0.167  3.897  7.88
560  35  ASN  HA  4.808  1.108  3.432  4.66
561  35  ASN  HB2  6.047  2.442  1.984  1.85
562  35  ASN  HB3  6.829  1.184  1.428  2.2
563  35  ASN  HD21  4.122  3.038  0.824  3.73
564  35  ASN  HD22  3.494  2.199  -0.232  6.24
565  36  THR  N  4.087  -0.998  2.148  122.7
566  36  THR  CA  3.674  -2.383  1.755  63.23
567  36  THR  C  2.95  -2.323  0.408  171.37
568  36  THR  O  1.864  -1.775  0.312  2.81
569  36  THR  CB  2.729  -2.946  2.816  68.62
570  36  THR  OG1  3.301  -2.762  4.102  9.54
571  36  THR  CG2  2.504  -4.436  2.562  23.16
572  36  THR  H  3.536  -0.347  2.033  8.21
573  36  THR  HA  4.458  -2.95  1.682  4.5
574  36  THR  HB  1.878  -2.482  2.769  2.98
575  36  THR  HG1  2.71  -2.929  4.675  2.28
576  36  THR  HG21  2.242  -4.869  3.39  7.1
577  36  THR  HG22  3.324  -4.836  2.232  117.28
578  36  THR  HG23  1.801  -4.549  1.903  54.46
579  37  PHE  N  3.547  -2.882  -0.627  126.68
580  37  PHE  CA  2.91  -2.866  -1.983  56.29
581  37  PHE  C  2.217  -4.205  -2.247  173.51
582  37  PHE  O  2.444  -5.179  -1.549  116.67
583  37  PHE  CB  3.978  -2.643  -3.058  41.61
584  37  PHE  CG  4.661  -1.309  -2.852  178.53
585  37  PHE  CD1  3.903  -0.138  -2.716  133.64
586  37  PHE  CD2  6.058  -1.247  -2.805  133.64
587  37  PHE  CE1  4.543  1.093  -2.535  132.32
588  37  PHE  CE2  6.698  -0.016  -2.624  132.32
589  37  PHE  CZ  5.942  1.155  -2.489  130.83
590  37  PHE  H  4.313  -3.259  -0.522  9.63
591  37  PHE  HA  2.256  -2.151  -2.024  4.64
592  37  PHE  HB2  4.637  -3.353  -3.01  2.57
593  37  PHE  HB3  3.558  -2.656  -3.932  3.16
594  37  PHE  HD1  2.974  -0.178  -2.745  7
595  37  PHE  HD2  6.561  -2.024  -2.896  7
596  37  PHE  HE1  4.041  1.871  -2.445  7.03
597  37  PHE  HE2  7.627  0.024  -2.593  7.03
598  37  PHE  HZ  6.368  1.973  -2.368  7.42
599  38  ILE  N  1.383  -4.242  -3.26  122.54
600  38  ILE  CA  0.648  -5.491  -3.629  60.5
601  38  ILE  C  0.778  -5.692  -5.146  175.31
602  38  ILE  O  0.732  -4.736  -5.907  60.56
603  38  ILE  CB  -0.829  -5.354  -3.186  39.75
604  38  ILE  CG1  -1.531  -6.73  -3.225  27.71
605  38  ILE  CG2  -1.585  -4.332  -4.053  19.01
606  38  ILE  CD  -1.719  -7.235  -4.664  3.93
607  38  ILE  H  1.258  -3.53  -3.727  9.46
608  38  ILE  HA  1.05  -6.247  -3.173  4.5
609  38  ILE  HB  -0.838  -5.033  -2.271  2
610  38  ILE  HG12  -0.995  -7.372  -2.734  1.56
611  38  ILE  HG13  -2.399  -6.653  -2.799  1.56
612  38  ILE  HG21  -2.026  -3.685  -3.48  3.99
613  38  ILE  HG22  -2.25  -4.788  -4.592  8.64
614  38  ILE  HG23  -0.959  -3.872  -4.634  5.33
615  38  ILE  HD11  -1.002  -8.016  -4.867  2.92
616  38  ILE  HD12  -1.573  -6.424  -5.359  3.27
617  38  ILE  HD13  -2.718  -7.627  -4.777  119.68
618  39  TYR  N  0.947  -6.923  -5.579  130.2
619  39  TYR  CA  1.092  -7.208  -7.041  53.92
620  39  TYR  C  -0.271  -7.608  -7.617  173.35
621  39  TYR  O  -0.666  -8.763  -7.569  9.33
622  39  TYR  CB  2.101  -8.343  -7.246  35.83
623  39  TYR  CG  2.344  -8.545  -8.724  4.36
624  39  TYR  CD1  2.91  -7.518  -9.488  131.92
625  39  TYR  CD2  1.999  -9.76  -9.33  131.92
626  39  TYR  CE1  3.13  -7.704  -10.858  118.9
627  39  TYR  CE2  2.22  -9.946  -10.7  118.9
628  39  TYR  CZ  2.785  -8.918  -11.464  124.33
629  39  TYR  OH  3.001  -9.102  -12.814  55.56
630  39  TYR  H  0.98  -7.571  -5.015  9.14
631  39  TYR  HA  1.408  -6.41  -7.493  5.47
632  39  TYR  HB2  2.936  -8.115  -6.809  2.42
633  39  TYR  HB3  1.75  -9.162  -6.862  2.66
634  39  TYR  HD1  3.139  -6.711  -9.086  6.46
635  39  TYR  HD2  1.622  -10.442  -8.822  6.46
636  39  TYR  HE1  3.505  -7.021  -11.366  6.52
637  39  TYR  HE2  1.992  -10.753  -11.103  6.52
638  39  TYR  HH  3.796  -8.888  -12.982  115.43
639  40  SER  N  -0.984  -6.643  -8.158  120.2
640  40  SER  CA  -2.329  -6.914  -8.752  56.95
641  40  SER  C  -2.84  -5.653  -9.45  173.57
642  40  SER  O  -2.256  -4.587  -9.327  1.97
643  40  SER  CB  -3.303  -7.31  -7.643  65.52
644  40  SER  OG  -4.373  -8.058  -8.204  1.02
645  40  SER  H  -0.671  -5.842  -8.17  7.86
646  40  SER  HA  -2.26  -7.636  -9.396  4.34
647  40  SER  HB2  -2.843  -7.853  -6.983  3.2
648  40  SER  HB3  -3.645  -6.509  -7.216  4.02
649  40  SER  HG  -4.797  -8.415  -7.573  6.35
650  41  LEU  N  -3.926  -5.776  -10.181  124.89
651  41  LEU  CA  -4.506  -4.604  -10.906  55.18
652  41  LEU  C  -5.514  -3.886  -9.991  177.4
653  41  LEU  O  -6.075  -4.508  -9.11  120.53
654  41  LEU  CB  -5.223  -5.092  -12.164  40.63
655  41  LEU  CG  -4.206  -5.278  -13.291  25.18
656  41  LEU  CD1  -3.635  -6.695  -13.236  23.29
657  41  LEU  CD2  -4.898  -5.06  -14.639  23.29
658  41  LEU  H  -4.308  -6.544  -10.244  8.25
659  41  LEU  HA  -3.795  -3.991  -11.152  4.76
660  41  LEU  HB2  -5.659  -5.938  -11.978  1.59
661  41  LEU  HB3  -5.887  -4.437  -12.433  1.88
662  41  LEU  HG  -3.486  -4.636  -13.188  1.1
663  41  LEU  HD11  -4.353  -7.338  -13.345  3.17
664  41  LEU  HD12  -3.202  -6.836  -12.379  2.93
665  41  LEU  HD13  -2.988  -6.811  -13.949  120.93
666  41  LEU  HD21  -5.775  -5.474  -14.623  8.16
667  41  LEU  HD22  -4.365  -5.459  -15.345  4.3
668  41  LEU  HD23  -4.993  -4.109  -14.804  2.04
669  42  PRO  N  -5.728  -2.596  -10.228  41.16
670  42  PRO  CA  -6.675  -1.792  -9.426  66.03
671  42  PRO  C  -8.128  -2.095  -9.825  178.59
672  42  PRO  O  -9.052  -1.742  -9.111  8.28
673  42  PRO  CB  -6.298  -0.345  -9.758  32.51
674  42  PRO  CG  -5.564  -0.382  -11.117  27.82
675  42  PRO  CD  -5.061  -1.824  -11.309  50.54
676  42  PRO  HA  -6.543  -1.957  -8.479  4.41
677  42  PRO  HB2  -7.099  0.197  -9.824  2.35
678  42  PRO  HB3  -5.707  0.012  -9.076  2.42
679  42  PRO  HG2  -6.175  -0.142  -11.831  2.13
680  42  PRO  HG3  -4.809  0.227  -11.104  2.32
681  42  PRO  HD2  -5.325  -2.16  -12.18  3.96
682  42  PRO  HD3  -4.098  -1.866  -11.205  3.96
683  43  GLY  N  -8.33  -2.75  -10.955  105.35
684  43  GLY  CA  -9.713  -3.091  -11.416  49.27
685  43  GLY  C  -10.325  -4.156  -10.487  175.13
686  43  GLY  O  -11.372  -3.918  -9.913  1.61
687  43  GLY  H  -7.658  -2.988  -11.436  8.58
688  43  GLY  HA2  -10.264  -2.293  -11.398  3.82
689  43  GLY  HA3  -9.676  -3.439  -12.321  4.16
690  44  PRO  N  -9.664  -5.306  -10.361  1.84
691  44  PRO  CA  -10.155  -6.406  -9.503  65
692  44  PRO  C  -9.93  -6.082  -8.023  177.71
693  44  PRO  O  -10.691  -6.517  -7.173  2.92
694  44  PRO  CB  -9.322  -7.614  -9.936  32.95
695  44  PRO  CG  -8.043  -7.049  -10.59  27.75
696  44  PRO  CD  -8.382  -5.619  -11.045  50.92
697  44  PRO  HA  -11.094  -6.577  -9.674  4.34
698  44  PRO  HB2  -9.094  -8.154  -9.163  1.9
699  44  PRO  HB3  -9.812  -8.145  -10.583  2.53
700  44  PRO  HG2  -7.321  -7.032  -9.942  1.98
701  44  PRO  HG3  -7.794  -7.588  -11.357  2.12
702  44  PRO  HD2  -7.685  -5.004  -10.766  3.57
703  44  PRO  HD3  -8.5  -5.586  -12.007  3.82
704  45  VAL  N  -8.902  -5.315  -7.715  114.18
705  45  VAL  CA  -8.628  -4.944  -6.29  65.07
706  45  VAL  C  -9.686  -3.933  -5.85  176.62
707  45  VAL  O  -10.366  -4.131  -4.855  4.46
708  45  VAL  CB  -7.221  -4.341  -6.172  32.14
709  45  VAL  CG1  -6.963  -3.882  -4.732  21.9
710  45  VAL  CG2  -6.187  -5.405  -6.548  22.79
711  45  VAL  H  -8.391  -5.016  -8.339  6.92
712  45  VAL  HA  -8.69  -5.737  -5.735  3.7
713  45  VAL  HB  -7.142  -3.584  -6.773  2.32
714  45  VAL  HG11  -7.003  -4.646  -4.136  176.6
715  45  VAL  HG12  -7.638  -3.235  -4.473  114.52
716  45  VAL  HG13  -6.086  -3.472  -4.675  40.16
717  45  VAL  HG21  -6.561  -5.996  -7.22  7.69
718  45  VAL  HG22  -5.953  -5.921  -5.761  174.34
719  45  VAL  HG23  -5.393  -4.974  -6.901  3.76
720  46  LYS  N  -9.834  -2.866  -6.604  118.87
721  46  LYS  CA  -10.858  -1.828  -6.275  59.61
722  46  LYS  C  -12.256  -2.428  -6.454  179.52
723  46  LYS  O  -13.208  -1.984  -5.833  8.71
724  46  LYS  CB  -10.695  -0.624  -7.206  32.36
725  46  LYS  CG  -11.632  0.497  -6.752  24.94
726  46  LYS  CD  -11.846  1.487  -7.901  29.45
727  46  LYS  CE  -10.9  2.678  -7.735  41.81
728  46  LYS  NZ  -11.535  3.9  -8.305  8.05
729  46  LYS  H  -9.345  -2.772  -7.305  8.39
730  46  LYS  HA  -10.744  -1.544  -5.354  3.11
731  46  LYS  HB2  -9.777  -0.312  -7.174  1.58
732  46  LYS  HB3  -10.918  -0.884  -8.114  1.58
733  46  LYS  HG2  -12.486  0.118  -6.49  0.75
734  46  LYS  HG3  -11.239  0.962  -5.996  0.95
735  46  LYS  HD2  -11.666  1.045  -8.746  1.4
736  46  LYS  HD3  -12.764  1.801  -7.89  1.62
737  46  LYS  HE2  -10.72  2.817  -6.792  2.67
738  46  LYS  HE3  -10.068  2.498  -8.2  2.67
739  46  LYS  HZ1  -11.047  4.614  -8.094  29.55
740  46  LYS  HZ2  -12.355  3.991  -7.97  36.13
741  46  LYS  HZ3  -11.581  3.825  -9.191  112
742  47  ALA  N  -12.378  -3.438  -7.301  119.03
743  47  ALA  CA  -13.705  -4.094  -7.536  54.44
744  47  ALA  C  -14.25  -4.625  -6.209  179.2
745  47  ALA  O  -15.452  -4.673  -6  2.24
746  47  ALA  CB  -13.536  -5.251  -8.523  18.7
747  47  ALA  H  -11.685  -3.728  -7.72  8.14
748  47  ALA  HA  -14.324  -3.443  -7.901  3.92
749  47  ALA  HB1  -12.769  -5.786  -8.265  8.64
750  47  ALA  HB2  -13.398  -4.897  -9.416  4.63
751  47  ALA  HB3  -14.334  -5.803  -8.514  4.63
752  48  LEU  N  -13.364  -5.01  -5.31  116.37
753  48  LEU  CA  -13.793  -5.532  -3.976  56.88
754  48  LEU  C  -14.541  -4.425  -3.232  177.9
755  48  LEU  O  -15.52  -4.675  -2.549  107.25
756  48  LEU  CB  -12.56  -5.95  -3.173  42.18
757  48  LEU  CG  -12.06  -7.304  -3.678  27.07
758  48  LEU  CD1  -10.578  -7.465  -3.335  26.34
759  48  LEU  CD2  -12.862  -8.423  -3.01  23.53
760  48  LEU  H  -12.525  -4.954  -5.492  7.32
761  48  LEU  HA  -14.379  -6.295  -4.097  4.02
762  48  LEU  HB2  -11.863  -5.285  -3.283  1.2
763  48  LEU  HB3  -12.793  -6.023  -2.234  1.93
764  48  LEU  HG  -12.175  -7.352  -4.64  2.21
765  48  LEU  HD11  -10.49  -7.783  -2.423  2.09
766  48  LEU  HD12  -10.131  -6.609  -3.422  115.75
767  48  LEU  HD13  -10.173  -8.105  -3.941  1.48
768  48  LEU  HD21  -12.628  -9.274  -3.413  8.72
769  48  LEU  HD22  -13.81  -8.257  -3.13  4.28
770  48  LEU  HD23  -12.656  -8.445  -2.062  124.83
771  49  CYS  N  -14.076  -3.204  -3.376  110.04
772  49  CYS  CA  -14.73  -2.037  -2.706  50.82
773  49  CYS  C  -15.961  -1.589  -3.501  174.66
774  49  CYS  O  -16.736  -0.775  -3.023  48.06
775  49  CYS  CB  -13.739  -0.878  -2.628  36.79
776  49  CYS  SG  -12.825  -0.97  -1.072  118.79
777  49  CYS  H  -13.386  -3.072  -3.872  7.17
778  49  CYS  HA  -15.004  -2.288  -1.81  4.75
779  49  CYS  HB2  -13.119  -0.933  -3.372  2.1
780  49  CYS  HB3  -14.222  -0.038  -2.672  2.81
781  50  ARG  N  -16.147  -2.104  -4.708  123.4
782  50  ARG  CA  -17.328  -1.708  -5.54  58.72
783  50  ARG  C  -18.62  -1.95  -4.748  177.47
784  50  ARG  O  -19.166  -3.044  -4.743  8.19
785  50  ARG  CB  -17.342  -2.535  -6.832  30
786  50  ARG  CG  -17.826  -1.665  -7.994  29.82
787  50  ARG  CD  -18.67  -2.511  -8.948  43.52
788  50  ARG  NE  -18.855  -1.777  -10.23  83.65
789  50  ARG  CZ  -20.042  -1.366  -10.581  121.83
790  50  ARG  NH1  -20.978  -2.234  -10.853  61.16
791  50  ARG  NH2  -20.292  -0.088  -10.662  9.18
792  50  ARG  H  -15.584  -2.673  -5.023  7.16
793  50  ARG  HA  -17.259  -0.766  -5.762  3.87
794  50  ARG  HB2  -16.445  -2.855  -7.017  1.77
795  50  ARG  HB3  -17.939  -3.291  -6.723  1.77
796  50  ARG  HG2  -18.363  -0.934  -7.65  1.78
797  50  ARG  HG3  -17.062  -1.308  -8.473  1.78
798  50  ARG  HD2  -18.219  -3.353  -9.119  3.19
799  50  ARG  HD3  -19.536  -2.683  -8.546  3.19
800  50  ARG  HE  -18.178  -1.623  -10.738  7.14
801  50  ARG  HH11  -20.812  -3.076  -10.801  9.36
802  50  ARG  HH12  -21.761  -1.963  -11.084  5.32
803  50  ARG  HH21  -19.675  0.484  -10.484  3.34
804  50  ARG  HH22  -21.074  0.184  -10.893  3.68
805  51  GLY  N  -19.09  -0.926  -4.071  115.04
806  51  GLY  CA  -20.332  -1.044  -3.25  45.36
807  51  GLY  C  -20.175  -0.208  -1.978  173.74
808  51  GLY  O  -21.136  0.354  -1.48  31.15
809  51  GLY  H  -18.669  -0.176  -4.096  9.95
810  51  GLY  HA2  -21.09  -0.719  -3.761  3.5
811  51  GLY  HA3  -20.476  -1.972  -3.008  4.12
812  52  VAL  N  -18.965  -0.129  -1.454  123.17
813  52  VAL  CA  -18.717  0.665  -0.208  62.05
814  52  VAL  C  -18.917  2.156  -0.499  173.82
815  52  VAL  O  -18.466  2.66  -1.515  115.06
816  52  VAL  CB  -17.287  0.434  0.279  29.92
817  52  VAL  CG1  -17.102  1.098  1.644  20.42
818  52  VAL  CG2  -17.027  -1.069  0.405  23.01
819  52  VAL  H  -18.31  -0.539  -1.831  7.91
820  52  VAL  HA  -19.341  0.387  0.48  3.9
821  52  VAL  HB  -16.664  0.821  -0.355  1.89
822  52  VAL  HG11  -16.155  1.196  1.832  105.93
823  52  VAL  HG12  -17.513  0.547  2.328  42.06
824  52  VAL  HG13  -17.523  1.972  1.637  175.7
825  52  VAL  HG21  -17.8  -1.499  0.802  9.03
826  52  VAL  HG22  -16.25  -1.216  0.967  7.46
827  52  VAL  HG23  -16.864  -1.444  -0.474  4.76
828  53  ILE  N  -19.593  2.851  0.391  125.67
829  53  ILE  CA  -19.848  4.316  0.202  63.45
830  53  ILE  C  -19.243  5.103  1.368  177.13
831  53  ILE  O  -18.712  6.186  1.182  171
832  53  ILE  CB  -21.356  4.56  0.157  38.05
833  53  ILE  CG1  -22.001  3.656  -0.908  27.53
834  53  ILE  CG2  -21.635  6.031  -0.173  17.6
835  53  ILE  CD  -21.393  3.939  -2.288  4.29
836  53  ILE  H  -19.897  2.456  1.092  7.76
837  53  ILE  HA  -19.447  4.611  -0.631  3.5
838  53  ILE  HB  -21.733  4.352  1.026  1.47
839  53  ILE  HG12  -21.849  2.727  -0.674  1.04
840  53  ILE  HG13  -22.955  3.827  -0.939  1.14
841  53  ILE  HG21  -20.998  6.593  0.295  8.17
842  53  ILE  HG22  -22.535  6.26  0.107  4.69
843  53  ILE  HG23  -21.547  6.172  -1.129  2.47
844  53  ILE  HD11  -22.03  3.521  -3.055  2.4
845  53  ILE  HD12  -20.413  3.488  -2.35  176.5
846  53  ILE  HD13  -21.308  5.005  -2.433  127.3
847  54  PHE  N  -19.324  4.559  2.562  120.9
848  54  PHE  CA  -18.761  5.248  3.769  54.73
849  54  PHE  C  -17.466  4.557  4.201  174.34
850  54  PHE  O  -17.087  3.534  3.653  5.66
851  54  PHE  CB  -19.775  5.209  4.923  38.27
852  54  PHE  CG  -20.36  3.822  5.066  7.82
853  54  PHE  CD1  -19.614  2.806  5.676  132.63
854  54  PHE  CD2  -21.649  3.554  4.59  132.63
855  54  PHE  CE1  -20.159  1.522  5.809  130.83
856  54  PHE  CE2  -22.194  2.272  4.723  130.83
857  54  PHE  CZ  -21.449  1.255  5.333  3.19
858  54  PHE  H  -19.706  3.794  2.651  7.86
859  54  PHE  HA  -18.568  6.172  3.546  4.68
860  54  PHE  HB2  -19.33  5.456  5.749  2.91
861  54  PHE  HB3  -20.489  5.841  4.743  3.25
862  54  PHE  HD1  -18.757  2.983  5.992  7.38
863  54  PHE  HD2  -22.144  4.229  4.185  7.38
864  54  PHE  HE1  -19.664  0.847  6.214  7.42
865  54  PHE  HE2  -23.051  2.095  4.407  7.42
866  54  PHE  HZ  -21.811  0.403  5.421  3.61
867  55  SER  N  -16.791  5.126  5.176  113.56
868  55  SER  CA  -15.505  4.546  5.673  57.84
869  55  SER  C  -15.775  3.234  6.411  174.53
870  55  SER  O  -16.587  3.18  7.321  102.26
871  55  SER  CB  -14.839  5.54  6.625  64.11
872  55  SER  OG  -14.443  6.695  5.896  51.86
873  55  SER  H  -17.093  5.849  5.531  7.78
874  55  SER  HA  -14.916  4.376  4.922  5.09
875  55  SER  HB2  -15.467  5.799  7.318  3.7
876  55  SER  HB3  -14.065  5.123  7.035  3.7
877  55  SER  HG  -13.673  6.913  6.153  3.8
878  56  ALA  N  -15.086  2.185  6.018  125.59
879  56  ALA  CA  -15.261  0.85  6.672  52.45
880  56  ALA  C  -13.966  0.053  6.515  175.46
881  56  ALA  O  -13.23  0.257  5.568  1.64
882  56  ALA  CB  -16.413  0.1  6  22.1
883  56  ALA  H  -14.52  2.267  5.376  8.34
884  56  ALA  HA  -15.455  0.972  7.614  4.4
885  56  ALA  HB1  -17.249  0.552  6.193  8.22
886  56  ALA  HB2  -16.451  -0.807  6.341  7.99
887  56  ALA  HB3  -16.271  0.08  5.041  9.18
888  57  ASP  N  -13.687  -0.843  7.436  120.9
889  57  ASP  CA  -12.43  -1.656  7.355  52.96
890  57  ASP  C  -12.737  -3.005  6.705  175.08
891  57  ASP  O  -13.561  -3.762  7.193  8.23
892  57  ASP  CB  -11.876  -1.881  8.762  39.08
893  57  ASP  CG  -11.223  -0.592  9.265  1.65
894  57  ASP  OD1  -10.138  -0.281  8.801  8.05
895  57  ASP  OD2  -11.818  0.061  10.105  4.32
896  57  ASP  H  -14.227  -0.96  8.095  8.49
897  57  ASP  HA  -11.774  -1.181  6.822  5.41
898  57  ASP  HB2  -12.6  -2.132  9.357  2.54
899  57  ASP  HB3  -11.215  -2.59  8.74  2.54
900  58  VAL  N  -12.077  -3.297  5.605  123.48
901  58  VAL  CA  -12.304  -4.589  4.884  61.09
902  58  VAL  C  -10.97  -5.312  4.701  172.67
903  58  VAL  O  -9.932  -4.687  4.568  3.99
904  58  VAL  CB  -12.923  -4.302  3.509  35.61
905  58  VAL  CG1  -13.156  -5.614  2.752  20.94
906  58  VAL  CG2  -14.259  -3.581  3.698  21.23
907  58  VAL  H  -11.507  -2.734  5.292  9.3
908  58  VAL  HA  -12.907  -5.146  5.4  4.16
909  58  VAL  HB  -12.321  -3.738  2.998  1.84
910  58  VAL  HG11  -12.316  -6.091  2.666  2.27
911  58  VAL  HG12  -13.51  -5.421  1.87  1.72
912  58  VAL  HG13  -13.789  -6.163  3.241  106.48
913  58  VAL  HG21  -14.431  -3.014  2.93  46.56
914  58  VAL  HG22  -14.222  -3.037  4.5  173.8
915  58  VAL  HG23  -14.971  -4.234  3.783  6.06
916  59  LEU  N  -11.009  -6.627  4.682  126.92
917  59  LEU  CA  -9.768  -7.437  4.494  52.37
918  59  LEU  C  -9.865  -8.181  3.159  177.52
919  59  LEU  O  -10.847  -8.855  2.894  118.28
920  59  LEU  CB  -9.638  -8.443  5.643  43.66
921  59  LEU  CG  -8.604  -7.94  6.656  27.15
922  59  LEU  CD1  -9.07  -8.272  8.074  26.34
923  59  LEU  CD2  -7.258  -8.622  6.395  22.49
924  59  LEU  H  -11.765  -7.027  4.771  8.23
925  59  LEU  HA  -8.997  -6.849  4.483  5.02
926  59  LEU  HB2  -10.498  -8.542  6.081  1.43
927  59  LEU  HB3  -9.355  -9.302  5.293  1.78
928  59  LEU  HG  -8.503  -6.979  6.567  1.66
929  59  LEU  HD11  -10.033  -8.172  8.13  4.62
930  59  LEU  HD12  -8.645  -7.668  8.704  2.16
931  59  LEU  HD13  -8.828  -9.187  8.289  1.71
932  59  LEU  HD21  -6.863  -8.257  5.588  3.68
933  59  LEU  HD22  -7.394  -9.576  6.285  7.16
934  59  LEU  HD23  -6.663  -8.464  7.145  120.38
935  60  SER  N  -8.853  -8.056  2.32  124.34
936  60  SER  CA  -8.859  -8.743  0.984  59.17
937  60  SER  C  -9.125  -10.24  1.167  172.85
938  60  SER  O  -8.559  -10.869  2.045  41.96
939  60  SER  CB  -7.504  -8.545  0.303  65.07
940  60  SER  OG  -6.486  -9.142  1.094  121.9
941  60  SER  H  -8.18  -7.569  2.541  9.49
942  60  SER  HA  -9.556  -8.359  0.429  4.21
943  60  SER  HB2  -7.515  -8.966  -0.571  4.09
944  60  SER  HB3  -7.331  -7.596  0.2  4.17
945  60  SER  HG  -6.364  -9.925  0.814  5.88
946  61  ASN  N  -9.986  -10.801  0.343  118.95
947  61  ASN  CA  -10.317  -12.259  0.444  54.74
948  61  ASN  C  -9.266  -13.078  -0.307  175.85
949  61  ASN  O  -8.988  -14.212  0.05  8.35
950  61  ASN  CB  -11.695  -12.514  -0.169  39.08
951  61  ASN  CG  -11.732  -11.971  -1.6  2.15
952  61  ASN  OD1  -11.863  -10.781  -1.807  1.97
953  61  ASN  ND2  -11.624  -12.8  -2.602  113.11
954  61  ASN  H  -10.366  -10.322  -0.262  8.71
955  61  ASN  HA  -10.325  -12.523  1.377  4.67
956  61  ASN  HB2  -11.871  -13.468  -0.181  2.84
957  61  ASN  HB3  -12.372  -12.067  0.362  2.84
958  61  ASN  HD21  -11.534  -13.643  -2.455  6.96
959  61  ASN  HD22  -11.642  -12.503  -3.409  7.6
960  62  SER  N  -8.69  -12.508  -1.343  111.84
961  62  SER  CA  -7.653  -13.228  -2.146  56.58
962  62  SER  C  -6.258  -12.818  -1.672  173.12
963  62  SER  O  -6  -11.651  -1.428  4.59
964  62  SER  CB  -7.812  -12.867  -3.623  64.48
965  62  SER  OG  -8.752  -13.747  -4.224  2.73
966  62  SER  H  -8.915  -11.708  -1.565  7.83
967  62  SER  HA  -7.765  -14.185  -2.033  4.51
968  62  SER  HB2  -8.132  -11.955  -3.704  3.65
969  62  SER  HB3  -6.953  -12.945  -4.066  3.65
970  62  SER  HG  -9.447  -13.307  -4.395  172.52
971  63  GLU  N  -5.362  -13.775  -1.551  118.95
972  63  GLU  CA  -3.964  -13.474  -1.104  55.99
973  63  GLU  C  -3.126  -13.1  -2.324  174.93
974  63  GLU  O  -3.13  -13.808  -3.319  123.78
975  63  GLU  CB  -3.361  -14.711  -0.434  30.22
976  63  GLU  CG  -4.095  -14.987  0.88  35.23
977  63  GLU  CD  -3.815  -16.42  1.335  3.68
978  63  GLU  OE1  -2.683  -16.694  1.699  40.16
979  63  GLU  OE2  -4.737  -17.219  1.312  3.17
980  63  GLU  H  -5.581  -14.585  -1.738  8.36
981  63  GLU  HA  -3.971  -12.734  -0.477  4.03
982  63  GLU  HB2  -3.453  -15.476  -1.023  1.65
983  63  GLU  HB3  -2.422  -14.555  -0.25  1.65
984  63  GLU  HG2  -3.787  -14.366  1.559  2.06
985  63  GLU  HG3  -5.049  -14.873  0.746  2.35
986  64  PHE  N  -2.411  -11.998  -2.25  120.67
987  64  PHE  CA  -1.558  -11.563  -3.407  56.73
988  64  PHE  C  -0.115  -11.415  -2.942  174.5
989  64  PHE  O  0.17  -11.437  -1.752  0.18
990  64  PHE  CB  -2.019  -10.203  -3.96  43.07
991  64  PHE  CG  -3.529  -10.087  -3.951  176.69
992  64  PHE  CD1  -4.276  -10.567  -5.033  132.32
993  64  PHE  CD2  -4.176  -9.485  -2.866  132.32
994  64  PHE  CE1  -5.672  -10.449  -5.028  132.15
995  64  PHE  CE2  -5.57  -9.363  -2.861  132.15
996  64  PHE  CZ  -6.318  -9.846  -3.942  129.78
997  64  PHE  H  -2.429  -11.524  -1.532  8.6
998  64  PHE  HA  -1.605  -12.23  -4.109  4.24
999  64  PHE  HB2  -1.639  -9.494  -3.418  2.61
1000  64  PHE  HB3  -1.699  -10.108  -4.871  3.01
1001  64  PHE  HD1  -3.847  -10.968  -5.754  7.3
1002  64  PHE  HD2  -3.68  -9.166  -2.147  7.3
1003  64  PHE  HE1  -6.169  -10.769  -5.746  7.16
1004  64  PHE  HE2  -6  -8.963  -2.14  7.16
1005  64  PHE  HZ  -7.244  -9.764  -3.939  7.07
1006  65  TYR  N  0.783  -11.227  -3.881  119.96
1007  65  TYR  CA  2.219  -11.028  -3.536  57.76
1008  65  TYR  C  2.346  -9.617  -2.975  175.14
1009  65  TYR  O  1.653  -8.715  -3.419  51.82
1010  65  TYR  CB  3.084  -11.178  -4.788  38.12
1011  65  TYR  CG  3.235  -12.644  -5.122  4.76
1012  65  TYR  CD1  2.203  -13.322  -5.782  130.63
1013  65  TYR  CD2  4.409  -13.325  -4.773  130.63
1014  65  TYR  CE1  2.344  -14.68  -6.093  120.05
1015  65  TYR  CE2  4.549  -14.682  -5.084  120.05
1016  65  TYR  CZ  3.517  -15.36  -5.744  55.66
1017  65  TYR  OH  3.656  -16.699  -6.048  176
1018  65  TYR  H  0.534  -11.193  -4.704  9.14
1019  65  TYR  HA  2.488  -11.674  -2.864  4.84
1020  65  TYR  HB2  2.661  -10.718  -5.53  1.95
1021  65  TYR  HB3  3.959  -10.792  -4.623  2.83
1022  65  TYR  HD1  1.424  -12.871  -6.014  6.31
1023  65  TYR  HD2  5.094  -12.875  -4.335  6.31
1024  65  TYR  HE1  1.658  -15.13  -6.532  7.02
1025  65  TYR  HE2  5.328  -15.133  -4.852  7.02
1026  65  TYR  HH  3.603  -16.784  -6.882  2.94
1027  66  LEU  N  3.194  -9.426  -1.994  122.93
1028  66  LEU  CA  3.341  -8.076  -1.375  53.63
1029  66  LEU  C  4.805  -7.657  -1.342  177.24
1030  66  LEU  O  5.636  -8.314  -0.734  40.61
1031  66  LEU  CB  2.792  -8.113  0.053  45.5
1032  66  LEU  CG  1.32  -8.53  0.026  27.53
1033  66  LEU  CD1  1.002  -9.373  1.261  26.12
1034  66  LEU  CD2  0.435  -7.281  0.019  24.57
1035  66  LEU  H  3.653  -10.087  -1.692  9.64
1036  66  LEU  HA  2.835  -7.43  -1.892  5.5
1037  66  LEU  HB2  3.301  -8.752  0.576  1.23
1038  66  LEU  HB3  2.871  -7.233  0.454  2.01
1039  66  LEU  HG  1.148  -9.052  -0.773  1.26
1040  66  LEU  HD11  0.058  -9.296  1.472  127.24
1041  66  LEU  HD12  1.529  -9.057  2.012  30.36
1042  66  LEU  HD13  1.218  -10.302  1.083  175.26
1043  66  LEU  HD21  0.93  -6.536  -0.356  21.62
1044  66  LEU  HD22  0.169  -7.067  0.927  26.53
1045  66  LEU  HD23  -0.355  -7.446  -0.519  8.55
1046  67  ALA  N  5.105  -6.546  -1.976  126.99
1047  67  ALA  CA  6.498  -6.015  -1.989  50.67
1048  67  ALA  C  6.555  -4.843  -1.011  174.99
1049  67  ALA  O  6.165  -3.733  -1.338  2.02
1050  67  ALA  CB  6.861  -5.539  -3.398  22.98
1051  67  ALA  H  4.483  -6.107  -2.376  9.54
1052  67  ALA  HA  7.114  -6.709  -1.706  5.25
1053  67  ALA  HB1  7.125  -6.299  -3.939  50.96
1054  67  ALA  HB2  7.596  -4.909  -3.344  173.1
1055  67  ALA  HB3  6.093  -5.104  -3.801  52.57
1056  68  GLU  N  7.022  -5.093  0.191  123.64
1057  68  GLU  CA  7.093  -4.008  1.221  54.59
1058  68  GLU  C  8.496  -3.423  1.253  175.53
1059  68  GLU  O  9.431  -3.989  0.71  114
1060  68  GLU  CB  6.735  -4.55  2.611  33.54
1061  68  GLU  CG  7.453  -5.878  2.863  36.85
1062  68  GLU  CD  7.909  -5.951  4.322  2.82
1063  68  GLU  OE1  7.068  -6.184  5.174  2.63
1064  68  GLU  OE2  9.092  -5.771  4.561  7.17
1065  68  GLU  H  7.277  -5.89  0.389  9.34
1066  68  GLU  HA  6.468  -3.305  0.984  5.28
1067  68  GLU  HB2  7.003  -3.905  3.284  2
1068  68  GLU  HB3  5.776  -4.687  2.663  2.15
1069  68  GLU  HG2  6.846  -6.611  2.676  2.2
1070  68  GLU  HG3  8.226  -5.942  2.28  2.2
1071  69  CYS  N  8.624  -2.282  1.879  123.09
1072  69  CYS  CA  9.94  -1.593  1.97  53.63
1073  69  CYS  C  10.131  -1.066  3.39  173.39
1074  69  CYS  O  9.443  -0.153  3.81  67.87
1075  69  CYS  CB  9.948  -0.428  0.984  40.11
1076  69  CYS  SG  10.505  -1.008  -0.634  3.95
1077  69  CYS  H  7.931  -1.92  2.238  8.47
1078  69  CYS  HA  10.652  -2.214  1.749  5.26
1079  69  CYS  HB2  9.051  -0.066  0.906  2.5
1080  69  CYS  HB3  10.547  0.265  1.305  2.69
1081  70  ASN  N  11.056  -1.645  4.124  122.31
1082  70  ASN  CA  11.31  -1.201  5.532  52.59
1083  70  ASN  C  12.602  -0.385  5.587  174.46
1084  70  ASN  O  13.635  -0.818  5.1  30.22
1085  70  ASN  CB  11.442  -2.427  6.436  42.33
1086  70  ASN  CG  11.333  -1.994  7.898  1.4
1087  70  ASN  OD1  12.229  -1.366  8.428  9.75
1088  70  ASN  ND2  10.264  -2.305  8.579  111.58
1089  70  ASN  H  11.519  -2.29  3.793  8.79
1090  70  ASN  HA  10.57  -0.653  5.836  5.61
1091  70  ASN  HB2  10.733  -3.056  6.231  2.77
1092  70  ASN  HB3  12.303  -2.849  6.289  2.77
1093  70  ASN  HD21  9.629  -2.748  8.205  7.33
1094  70  ASN  HD22  10.195  -2.067  9.403  7.35
1095  71  VAL  N  12.541  0.792  6.179  128.17
1096  71  VAL  CA  13.754  1.662  6.287  62.05
1097  71  VAL  C  14.684  1.074  7.353  174.35
1098  71  VAL  O  14.345  1.035  8.524  175.19
1099  71  VAL  CB  13.337  3.093  6.677  32.29
1100  71  VAL  CG1  14.578  3.973  6.874  19.68
1101  71  VAL  CG2  12.482  3.697  5.564  22.05
1102  71  VAL  H  11.795  1.061  6.511  8.94
1103  71  VAL  HA  14.213  1.678  5.432  3.56
1104  71  VAL  HB  12.826  3.068  7.501  2.03
1105  71  VAL  HG11  15.087  4.002  6.049  122.02
1106  71  VAL  HG12  15.129  3.603  7.582  8.1
1107  71  VAL  HG13  14.302  4.871  7.114  3.51
1108  71  VAL  HG21  12.842  3.436  4.702  2.49
1109  71  VAL  HG22  12.492  4.664  5.637  2.33
1110  71  VAL  HG23  11.57  3.377  5.644  7.51
1111  72  LYS  N  15.848  0.616  6.943  128.64
1112  72  LYS  CA  16.825  0.021  7.909  54.66
1113  72  LYS  C  17.206  1.076  8.965  174.54
1114  72  LYS  O  17.267  2.249  8.642  0.87
1115  72  LYS  CB  18.082  -0.417  7.154  32.58
1116  72  LYS  CG  17.769  -1.653  6.3  27.05
1117  72  LYS  CD  18.895  -2.682  6.45  28.37
1118  72  LYS  CE  18.499  -3.74  7.485  42.72
1119  72  LYS  NZ  19.64  -3.976  8.413  31.4
1120  72  LYS  H  16.051  0.659  6.108  8.57
1121  72  LYS  HA  16.42  -0.747  8.341  4.33
1122  72  LYS  HB2  18.378  0.306  6.578  1.54
1123  72  LYS  HB3  18.782  -0.63  7.791  1.68
1124  72  LYS  HG2  16.932  -2.047  6.592  1.29
1125  72  LYS  HG3  17.695  -1.392  5.369  1.29
1126  72  LYS  HD2  19.056  -3.111  5.595  1.87
1127  72  LYS  HD3  19.705  -2.235  6.742  1.87
1128  72  LYS  HE2  17.732  -3.43  7.991  2.78
1129  72  LYS  HE3  18.275  -4.568  7.032  2.78
1130  72  LYS  HZ1  19.921  -3.198  8.743  1.75
1131  72  LYS  HZ2  20.305  -4.369  7.971  115.68
1132  72  LYS  HZ3  19.376  -4.501  9.082  59.06
1133  73  PRO  N  17.453  0.643  10.199  177.2
1134  73  PRO  CA  17.827  1.56  11.295  63.97
1135  73  PRO  C  19.311  1.926  11.203  177.22
1136  73  PRO  O  20.096  1.2  10.616  8.43
1137  73  PRO  CB  17.552  0.748  12.561  31.99
1138  73  PRO  CG  17.591  -0.741  12.145  27.75
1139  73  PRO  CD  17.382  -0.782  10.62  50.7
1140  73  PRO  HA  17.273  2.356  11.282  4.18
1141  73  PRO  HB2  18.235  0.93  13.225  1.82
1142  73  PRO  HB3  16.675  0.967  12.914  2.29
1143  73  PRO  HG2  18.45  -1.128  12.376  2.02
1144  73  PRO  HG3  16.877  -1.228  12.585  2.08
1145  73  PRO  HD2  18.086  -1.298  10.197  3.64
1146  73  PRO  HD3  16.511  -1.151  10.404  3.94
1147  74  ARG  N  19.689  3.049  11.781  114.26
1148  74  ARG  CA  21.116  3.498  11.751  57.03
1149  74  ARG  C  21.554  3.719  10.297  175.29
1150  74  ARG  O  22.723  3.588  9.961  41.16
1151  74  ARG  CB  21.998  2.433  12.417  28.74
1152  74  ARG  CG  21.567  2.253  13.875  27.31
1153  74  ARG  CD  22.062  3.438  14.706  43.3
1154  74  ARG  NE  23.512  3.267  14.999  84.06
1155  74  ARG  CZ  24.303  4.304  15.004  131.72
1156  74  ARG  NH1  23.926  5.409  15.587  117.42
1157  74  ARG  NH2  25.472  4.236  14.424  8.09
1158  74  ARG  H  19.103  3.535  12.181  8.38
1159  74  ARG  HA  21.2  4.332  12.239  3.98
1160  74  ARG  HB2  21.904  1.591  11.945  2.04
1161  74  ARG  HB3  22.925  2.716  12.389  2.04
1162  74  ARG  HG2  20.599  2.205  13.923  1.43
1163  74  ARG  HG3  21.949  1.433  14.225  1.55
1164  74  ARG  HD2  21.927  4.26  14.209  3.21
1165  74  ARG  HD3  21.566  3.479  15.539  3.21
1166  74  ARG  HE  23.828  2.484  15.165  7.17
1167  74  ARG  HH11  23.156  5.453  15.968  58.96
1168  74  ARG  HH12  24.448  6.093  15.59  176.3
1169  74  ARG  HH21  25.719  3.507  14.04  119.82
1170  74  ARG  HH22  25.993  4.92  14.427  37.36
1171  75  LYS  N  20.616  4.067  9.441  120.04
1172  75  LYS  CA  20.938  4.318  8.002  52.52
1173  75  LYS  C  20.161  5.559  7.523  170.42
1174  75  LYS  O  19.035  5.756  7.944  7.84
1175  75  LYS  CB  20.543  3.096  7.171  33.54
1176  75  LYS  CG  21.624  2.019  7.306  24.63
1177  75  LYS  CD  21.787  1.283  5.975  29.79
1178  75  LYS  CE  22.99  0.34  6.055  42.7
1179  75  LYS  NZ  24.217  1.061  5.613  177.52
1180  75  LYS  H  19.806  4.159  9.716  7.24
1181  75  LYS  HA  21.892  4.473  7.916  4.68
1182  75  LYS  HB2  19.696  2.748  7.492  1.46
1183  75  LYS  HB3  20.457  3.351  6.239  1.52
1184  75  LYS  HG2  22.466  2.435  7.55  1.23
1185  75  LYS  HG3  21.365  1.386  7.994  1.23
1186  75  LYS  HD2  20.985  0.769  5.79  1.55
1187  75  LYS  HD3  21.931  1.927  5.264  1.55
1188  75  LYS  HE2  23.105  0.039  6.97  2.93
1189  75  LYS  HE3  22.84  -0.425  5.478  2.97
1190  75  LYS  HZ1  24.189  1.903  5.901  1.44
1191  75  LYS  HZ2  24.261  1.052  4.724  53.02
1192  75  LYS  HZ3  24.936  0.658  5.95  4.36
1193  76  PRO  N  20.778  6.38  6.671  2.42
1194  76  PRO  CA  20.14  7.611  6.163  63.38
1195  76  PRO  C  19.135  7.305  5.04  177.27
1196  76  PRO  O  19.47  7.3  3.866  174.34
1197  76  PRO  CB  21.318  8.447  5.65  31.92
1198  76  PRO  CG  22.469  7.454  5.361  27.53
1199  76  PRO  CD  22.151  6.165  6.142  49.96
1200  76  PRO  HA  19.697  8.082  6.886  3.98
1201  76  PRO  HB2  21.066  8.915  4.839  1.77
1202  76  PRO  HB3  21.599  9.08  6.329  2.18
1203  76  PRO  HG2  22.515  7.269  4.41  1.91
1204  76  PRO  HG3  23.311  7.823  5.67  2.01
1205  76  PRO  HD2  22.172  5.397  5.549  3.43
1206  76  PRO  HD3  22.775  6.048  6.875  3.52
1207  77  CYS  N  17.895  7.071  5.415  120.2
1208  77  CYS  CA  16.806  6.783  4.422  60.13
1209  77  CYS  C  17.233  5.679  3.43  176.97
1210  77  CYS  O  17.485  5.931  2.26  1.67
1211  77  CYS  CB  16.449  8.078  3.676  45.28
1212  77  CYS  SG  15.303  9.051  4.687  173.8
1213  77  CYS  H  17.699  7.097  6.252  8.51
1214  77  CYS  HA  16.022  6.477  4.904  4.18
1215  77  CYS  HB2  17.256  8.592  3.515  2.58
1216  77  CYS  HB3  16.029  7.859  2.83  3.86
1217  78  LYS  N  17.284  4.455  3.906  116.29
1218  78  LYS  CA  17.652  3.287  3.039  53.63
1219  78  LYS  C  16.525  2.256  3.136  176.23
1220  78  LYS  O  16.182  1.825  4.222  18.12
1221  78  LYS  CB  18.963  2.664  3.532  33.91
1222  78  LYS  CG  20.021  3.756  3.713  23.97
1223  78  LYS  CD  20.332  4.401  2.361  27.82
1224  78  LYS  CE  21.666  5.146  2.441  42.63
1225  78  LYS  NZ  21.82  6.026  1.247  39.66
1226  78  LYS  H  17.086  4.319  4.732  7.22
1227  78  LYS  HA  17.75  3.58  2.119  4.74
1228  78  LYS  HB2  18.808  2.22  4.38  1.62
1229  78  LYS  HB3  19.276  2.015  2.882  1.69
1230  78  LYS  HG2  19.687  4.431  4.325  1.23
1231  78  LYS  HG3  20.831  3.365  4.077  1.23
1232  78  LYS  HD2  20.386  3.713  1.679  1.56
1233  78  LYS  HD3  19.628  5.029  2.135  1.77
1234  78  LYS  HE2  21.685  5.687  3.246  2.87
1235  78  LYS  HE3  22.394  4.505  2.466  2.99
1236  78  LYS  HZ1  21.439  5.641  0.541  58.56
1237  78  LYS  HZ2  22.685  6.155  1.082  177.2
1238  78  LYS  HZ3  21.427  6.81  1.402  2.19
1239  79  TYR  N  15.933  1.885  2.017  117.46
1240  79  TYR  CA  14.798  0.904  2.045  59.68
1241  79  TYR  C  15.28  -0.511  1.717  176.26
1242  79  TYR  O  16.249  -0.704  1.003  8.24
1243  79  TYR  CB  13.731  1.317  1.015  43.59
1244  79  TYR  CG  12.56  2.022  1.681  7.19
1245  79  TYR  CD1  12.033  1.561  2.898  131.92
1246  79  TYR  CD2  11.991  3.135  1.06  131.37
1247  79  TYR  CE1  10.947  2.216  3.485  121.07
1248  79  TYR  CE2  10.904  3.793  1.648  125.17
1249  79  TYR  CZ  10.382  3.333  2.862  4.17
1250  79  TYR  OH  9.31  3.98  3.442  107.03
1251  79  TYR  H  16.186  2.222  1.268  9.42
1252  79  TYR  HA  14.407  0.906  2.933  4.82
1253  79  TYR  HB2  14.134  1.919  0.37  2.6
1254  79  TYR  HB3  13.406  0.529  0.553  2.6
1255  79  TYR  HD1  12.406  0.817  3.313  6.52
1256  79  TYR  HD2  12.338  3.438  0.252  6.78
1257  79  TYR  HE1  10.601  1.909  4.292  6.65
1258  79  TYR  HE2  10.53  4.536  1.232  7.2
1259  79  TYR  HH  9.555  4.757  3.647  175.3
1260  80  LYS  N  14.565  -1.493  2.227  120.98
1261  80  LYS  CA  14.897  -2.927  1.965  54.96
1262  80  LYS  C  13.645  -3.61  1.413  174.78
1263  80  LYS  O  12.577  -3.517  1.996  3.05
1264  80  LYS  CB  15.331  -3.605  3.271  35.61
1265  80  LYS  CG  16.852  -3.786  3.274  25.08
1266  80  LYS  CD  17.21  -5.101  2.577  29.3
1267  80  LYS  CE  18.724  -5.327  2.662  42.26
1268  80  LYS  NZ  19.426  -4.436  1.692  1.07
1269  80  LYS  H  13.88  -1.304  2.711  9.09
1270  80  LYS  HA  15.612  -2.981  1.311  4.61
1271  80  LYS  HB2  15.07  -3.052  4.024  1.65
1272  80  LYS  HB3  14.904  -4.473  3.344  1.87
1273  80  LYS  HG2  17.265  -3.046  2.802  1.28
1274  80  LYS  HG3  17.174  -3.808  4.189  1.43
1275  80  LYS  HD2  16.748  -5.835  3.013  1.73
1276  80  LYS  HD3  16.944  -5.056  1.645  1.73
1277  80  LYS  HE2  19.03  -5.128  3.56  3.02
1278  80  LYS  HE3  18.924  -6.253  2.452  3.02
1279  80  LYS  HZ1  20.141  -4.855  1.368  173.98
1280  80  LYS  HZ2  19.682  -3.688  2.101  42.16
1281  80  LYS  HZ3  18.877  -4.234  1.022  5.61
1282  81  LEU  N  13.768  -4.27  0.281  127.28
1283  81  LEU  CA  12.591  -4.947  -0.354  54.22
1284  81  LEU  C  12.305  -6.29  0.327  176.12
1285  81  LEU  O  13.21  -7.052  0.621  4.82
1286  81  LEU  CB  12.889  -5.178  -1.839  43.59
1287  81  LEU  CG  12.379  -3.989  -2.66  28.05
1288  81  LEU  CD1  13.117  -2.711  -2.244  26.27
1289  81  LEU  CD2  12.628  -4.256  -4.147  23.6
1290  81  LEU  H  14.534  -4.3  -0.108  8.48
1291  81  LEU  HA  11.812  -4.375  -0.27  5.18
1292  81  LEU  HB2  13.846  -5.271  -1.964  1.58
1293  81  LEU  HB3  12.444  -5.988  -2.135  1.77
1294  81  LEU  HG  11.428  -3.875  -2.508  1.28
1295  81  LEU  HD11  12.865  -1.985  -2.836  41.66
1296  81  LEU  HD12  14.074  -2.857  -2.301  130.05
1297  81  LEU  HD13  12.879  -2.483  -1.332  55.34
1298  81  LEU  HD21  12.362  -3.48  -4.665  174.85
1299  81  LEU  HD22  12.109  -5.025  -4.429  9.09
1300  81  LEU  HD23  13.571  -4.433  -4.291  4.49
1301  82  LYS  N  11.038  -6.574  0.562  128.95
1302  82  LYS  CA  10.633  -7.863  1.208  55.25
1303  82  LYS  C  9.377  -8.394  0.509  175.88
1304  82  LYS  O  8.367  -7.713  0.44  9.37
1305  82  LYS  CB  10.342  -7.624  2.699  35.47
1306  82  LYS  CG  11.079  -8.668  3.54  25.08
1307  82  LYS  CD  12.586  -8.421  3.446  28.79
1308  82  LYS  CE  13.319  -9.316  4.447  42.33
1309  82  LYS  NZ  13.392  -8.629  5.766  60.76
1310  82  LYS  H  10.431  -6.01  0.331  9.29
1311  82  LYS  HA  11.351  -8.508  1.115  4.74
1312  82  LYS  HB2  10.645  -6.737  2.948  0.83
1313  82  LYS  HB3  9.388  -7.696  2.861  0.83
1314  82  LYS  HG2  10.795  -8.599  4.465  1.29
1315  82  LYS  HG3  10.878  -9.556  3.205  1.44
1316  82  LYS  HD2  12.89  -8.623  2.547  1.7
1317  82  LYS  HD3  12.773  -7.491  3.65  1.72
1318  82  LYS  HE2  12.839  -10.153  4.544  2.97
1319  82  LYS  HE3  14.216  -9.495  4.125  2.97
1320  82  LYS  HZ1  13.963  -7.948  5.716  45.26
1321  82  LYS  HZ2  13.67  -9.205  6.385  174.1
1322  82  LYS  HZ3  12.586  -8.323  5.987  1.94
1323  83  LYS  N  9.447  -9.597  -0.022  129.89
1324  83  LYS  CA  8.279  -10.197  -0.744  55.77
1325  83  LYS  C  7.53  -11.17  0.172  175.9
1326  83  LYS  O  8.131  -11.851  0.986  121.13
1327  83  LYS  CB  8.79  -10.955  -1.972  34.05
1328  83  LYS  CG  9.864  -11.966  -1.545  25.01
1329  83  LYS  CD  11.257  -11.422  -1.882  28.79
1330  83  LYS  CE  11.732  -12.014  -3.21  41
1331  83  LYS  NZ  13.222  -11.993  -3.261  3.97
1332  83  LYS  H  10.181  -10.041  0.036  8.94
1333  83  LYS  HA  7.678  -9.491  -1.029  5.35
1334  83  LYS  HB2  8.05  -11.424  -2.389  1.17
1335  83  LYS  HB3  9.173  -10.326  -2.604  1.31
1336  83  LYS  HG2  9.803  -12.12  -0.589  0.84
1337  83  LYS  HG3  9.724  -12.804  -2.013  1.03
1338  83  LYS  HD2  11.218  -10.455  -1.954  0.51
1339  83  LYS  HD3  11.88  -11.667  -1.18  0.66
1340  83  LYS  HE2  11.419  -12.929  -3.286  1.86
1341  83  LYS  HE3  11.376  -11.49  -3.944  1.86
1342  83  LYS  HZ1  13.502  -12.455  -3.968  117.52
1343  83  LYS  HZ2  13.548  -12.359  -2.518  38.58
1344  83  LYS  HZ3  13.505  -11.152  -3.328  4.64
1345  84  SER  N  6.219  -11.237  0.03  116.13
1346  84  SER  CA  5.398  -12.166  0.874  58.43
1347  84  SER  C  4.023  -12.385  0.228  172.2
1348  84  SER  O  3.688  -11.758  -0.759  120.13
1349  84  SER  CB  5.215  -11.557  2.264  65.67
1350  84  SER  OG  4.504  -10.332  2.149  172.5
1351  84  SER  H  5.831  -10.742  -0.556  9.19
1352  84  SER  HA  5.854  -13.019  0.953  4.94
1353  84  SER  HB2  4.709  -12.167  2.823  4
1354  84  SER  HB3  6.085  -11.401  2.664  4
1355  84  SER  HG  3.701  -10.511  1.979  7.95
1356  85  SER  N  3.233  -13.272  0.797  113.24
1357  85  SER  CA  1.862  -13.561  0.259  57.02
1358  85  SER  C  0.864  -13.473  1.417  173.96
1359  85  SER  O  0.995  -14.185  2.399  36.12
1360  85  SER  CB  1.844  -14.97  -0.347  65.07
1361  85  SER  OG  1.66  -14.873  -1.754  4.43
1362  85  SER  H  3.506  -13.691  1.497  8.28
1363  85  SER  HA  1.63  -12.908  -0.419  5.79
1364  85  SER  HB2  2.689  -15.412  -0.168  3.65
1365  85  SER  HB3  1.124  -15.487  0.047  3.65
1366  85  SER  HG  0.889  -14.57  -1.894  35.96
1367  86  ASN  N  -0.114  -12.59  1.317  120.59
1368  86  ASN  CA  -1.111  -12.437  2.428  52.08
1369  86  ASN  C  -2.242  -11.492  2.009  175.68
1370  86  ASN  O  -2.249  -10.962  0.908  5.33
1371  86  ASN  CB  -0.388  -11.85  3.647  42.7
1372  86  ASN  CG  -1.057  -12.326  4.938  8.38
1373  86  ASN  OD1  -1.043  -13.501  5.248  4.6
1374  86  ASN  ND2  -1.641  -11.452  5.713  111.97
1375  86  ASN  H  -0.173  -12.092  0.618  9.11
1376  86  ASN  HA  -1.482  -13.303  2.659  4.83
1377  86  ASN  HB2  0.539  -12.137  3.64  2.67
1378  86  ASN  HB3  -0.425  -10.882  3.607  2.86
1379  86  ASN  HD21  -1.647  -10.62  5.496  7.25
1380  86  ASN  HD22  -2.023  -11.709  6.439  7.68
1381  87  ARG  N  -3.185  -11.277  2.903  121.21
1382  87  ARG  CA  -4.333  -10.356  2.632  56.95
1383  87  ARG  C  -4.035  -9.003  3.293  176.41
1384  87  ARG  O  -3.026  -8.851  3.972  5.55
1385  87  ARG  CB  -5.615  -10.952  3.221  32.51
1386  87  ARG  CG  -5.837  -12.35  2.636  27.38
1387  87  ARG  CD  -7.126  -12.958  3.201  44.18
1388  87  ARG  NE  -6.863  -14.36  3.628  83.86
1389  87  ARG  CZ  -7.124  -14.729  4.852  53.26
1390  87  ARG  NH1  -8.338  -15.071  5.185  174.8
1391  87  ARG  NH2  -6.17  -14.758  5.743  1.88
1392  87  ARG  H  -3.133  -11.665  3.669  9.27
1393  87  ARG  HA  -4.435  -10.235  1.675  4.43
1394  87  ARG  HB2  -5.53  -11.013  4.185  1.39
1395  87  ARG  HB3  -6.371  -10.387  2.999  2.08
1396  87  ARG  HG2  -5.905  -12.289  1.67  1.36
1397  87  ARG  HG3  -5.087  -12.919  2.87  1.76
1398  87  ARG  HD2  -7.428  -12.439  3.963  3.3
1399  87  ARG  HD3  -7.811  -12.954  2.515  3.3
1400  87  ARG  HE  -6.539  -14.927  3.068  7.21
1401  87  ARG  HH11  -8.966  -15.056  4.598  27.22
1402  87  ARG  HH12  -8.51  -15.312  5.992  40.72
1403  87  ARG  HH21  -5.369  -14.534  5.523  2.21
1404  87  ARG  HH22  -6.343  -14.999  6.55  8.8
1405  88  ILE  N  -4.89  -8.019  3.096  111.76
1406  88  ILE  CA  -4.639  -6.671  3.702  59.61
1407  88  ILE  C  -5.938  -6.044  4.207  172.15
1408  88  ILE  O  -6.973  -6.135  3.569  54.76
1409  88  ILE  CB  -4.012  -5.749  2.65  41.81
1410  88  ILE  CG1  -4.832  -5.806  1.356  24.73
1411  88  ILE  CG2  -2.58  -6.202  2.363  20.05
1412  88  ILE  CD  -4.757  -4.455  0.64  44.4
1413  88  ILE  H  -5.589  -8.147  2.611  8.61
1414  88  ILE  HA  -4.023  -6.768  4.445  4.82
1415  88  ILE  HB  -4.001  -4.84  2.988  1.58
1416  88  ILE  HG12  -4.473  -6.498  0.778  1.34
1417  88  ILE  HG13  -5.757  -6.008  1.567  1.34
1418  88  ILE  HG21  -2.135  -5.539  1.812  8.92
1419  88  ILE  HG22  -2.596  -7.052  1.896  5.13
1420  88  ILE  HG23  -2.099  -6.302  3.199  2.21
1421  88  ILE  HD11  -5.64  -4.323  0.03  3.14
1422  88  ILE  HD12  -3.879  -4.428  0.012  3.36
1423  88  ILE  HD13  -4.703  -3.663  1.371  42.22
1424  89  CYS  N  -5.863  -5.385  5.344  122.62
1425  89  CYS  CA  -7.054  -4.698  5.931  54.66
1426  89  CYS  C  -6.963  -3.219  5.556  173.62
1427  89  CYS  O  -5.968  -2.574  5.839  106.83
1428  89  CYS  CB  -7.032  -4.853  7.455  46.39
1429  89  CYS  SG  -8.627  -4.35  8.145  170.7
1430  89  CYS  H  -5.106  -5.331  5.749  8.51
1431  89  CYS  HA  -7.868  -5.081  5.568  5.64
1432  89  CYS  HB2  -6.862  -5.781  7.681  2
1433  89  CYS  HB3  -6.328  -4.298  7.825  3.01
1434  90  ILE  N  -7.97  -2.692  4.89  125.74
1435  90  ILE  CA  -7.929  -1.258  4.449  57.54
1436  90  ILE  C  -9.245  -0.541  4.765  173.03
1437  90  ILE  O  -10.293  -1.157  4.863  5.11
1438  90  ILE  CB  -7.677  -1.215  2.936  41.15
1439  90  ILE  CG1  -8.669  -2.156  2.226  25.9
1440  90  ILE  CG2  -6.238  -1.664  2.654  18.13
1441  90  ILE  CD  -8.404  -2.181  0.715  1.41
1442  90  ILE  H  -8.646  -3.183  4.684  9.02
1443  90  ILE  HA  -7.201  -0.805  4.903  4.56
1444  90  ILE  HB  -7.8  -0.309  2.613  1.75
1445  90  ILE  HG12  -8.572  -3.052  2.584  1.05
1446  90  ILE  HG13  -9.574  -1.845  2.386  1.19
1447  90  ILE  HG21  -6.093  -2.544  3.036  122.82
1448  90  ILE  HG22  -5.618  -1.032  3.051  24.48
1449  90  ILE  HG23  -6.093  -1.701  1.696  43.44
1450  90  ILE  HD11  -9.309  -1.919  0.19  4.19
1451  90  ILE  HD12  -8.094  -3.173  0.421  10.41
1452  90  ILE  HD13  -7.626  -1.472  0.47  8.99
1453  91  ARG  N  -9.18  0.771  4.9  122.85
1454  91  ARG  CA  -10.4  1.589  5.186  55.32
1455  91  ARG  C  -10.966  2.058  3.847  174.94
1456  91  ARG  O  -10.323  2.815  3.13  27.15
1457  91  ARG  CB  -10.012  2.794  6.048  32.29
1458  91  ARG  CG  -11.272  3.518  6.531  27.75
1459  91  ARG  CD  -10.878  4.848  7.181  43.07
1460  91  ARG  NE  -10.627  4.637  8.636  83.57
1461  91  ARG  CZ  -9.814  5.43  9.279  52.16
1462  91  ARG  NH1  -10.1  6.698  9.406  176.1
1463  91  ARG  NH2  -8.716  4.954  9.798  112.91
1464  91  ARG  H  -8.422  1.167  4.805  8.59
1465  91  ARG  HA  -11.058  1.048  5.649  5.04
1466  91  ARG  HB2  -9.505  2.486  6.815  1.78
1467  91  ARG  HB3  -9.47  3.405  5.525  1.84
1468  91  ARG  HG2  -11.857  3.688  5.776  1.43
1469  91  ARG  HG3  -11.734  2.966  7.182  1.43
1470  91  ARG  HD2  -10.073  5.188  6.76  3.09
1471  91  ARG  HD3  -11.598  5.489  7.068  3.09
1472  91  ARG  HE  -11.017  3.993  9.051  7.16
1473  91  ARG  HH11  -10.825  7.011  9.065  58.16
1474  91  ARG  HH12  -9.563  7.22  9.829  174.3
1475  91  ARG  HH21  -8.529  4.119  9.717  125.37
1476  91  ARG  HH22  -8.179  5.476  10.221  29.46
1477  92  CYS  N  -12.141  1.58  3.49  127.78
1478  92  CYS  CA  -12.741  1.942  2.172  53.11
1479  92  CYS  C  -13.945  2.867  2.313  173.86
1480  92  CYS  O  -14.777  2.717  3.19  125.4
1481  92  CYS  CB  -13.169  0.669  1.444  40.26
1482  92  CYS  SG  -12.941  0.904  -0.334  3.86
1483  92  CYS  H  -12.552  1.03  4.008  9.01
1484  92  CYS  HA  -12.07  2.393  1.636  5.23
1485  92  CYS  HB2  -12.628  -0.078  1.746  2.52
1486  92  CYS  HB3  -14.104  0.489  1.63  2.71
1487  93  GLU  N  -14.029  3.807  1.402  118.71
1488  93  GLU  CA  -15.162  4.782  1.36  56.21
1489  93  GLU  C  -15.247  5.303  -0.071  176.62
1490  93  GLU  O  -14.234  5.427  -0.733  64.46
1491  93  GLU  CB  -14.914  5.947  2.325  33.32
1492  93  GLU  CG  -13.472  6.441  2.185  36.04
1493  93  GLU  CD  -13.375  7.891  2.658  32.26
1494  93  GLU  OE1  -13.72  8.77  1.885  31.36
1495  93  GLU  OE2  -12.955  8.099  3.784  7.41
1496  93  GLU  H  -13.421  3.852  0.795  9
1497  93  GLU  HA  -15.989  4.331  1.592  4.46
1498  93  GLU  HB2  -15.526  6.67  2.115  1.83
1499  93  GLU  HB3  -15.07  5.65  3.235  1.83
1500  93  GLU  HG2  -12.889  5.885  2.724  1.94
1501  93  GLU  HG3  -13.2  6.387  1.256  2.09
1502  94  HSE  N  -16.438  5.575  -0.558  125.67
1503  94  HSE  CA  -16.599  6.057  -1.969  56.51
1504  94  HSE  C  -16.046  4.984  -2.925  173.19
1505  94  HSE  O  -15.6  5.283  -4.023  108.63
1506  94  HSE  CB  -15.836  7.374  -2.157  26.67
1507  94  HSE  CG  -16.692  8.525  -1.704  174.2
1508  94  HSE  ND1  -17.962  8.749  -2.213  112.36
1509  94  HSE  CD2  -16.47  9.527  -0.793  120.5
1510  94  HSE  CE1  -18.45  9.849  -1.61  137.16
1511  94  HSE  NE2  -17.581  10.362  -0.735  3.58
1512  94  HSE  H  -17.229  5.442  -0.001  9.55
1513  94  HSE  HA  -17.648  6.214  -2.176  4.18
1514  94  HSE  HB2  -14.928  7.354  -1.573  3.31
1515  94  HSE  HB3  -15.589  7.501  -3.201  3.41
1516  94  HSE  HD1  -18.421  8.205  -2.885  37.36
1517  94  HSE  HD2  -15.569  9.647  -0.21  7.36
1518  94  HSE  HE1  -19.426  10.266  -1.809  8.61
1519  95  GLU  N  -16.079  3.731  -2.501  105.04
1520  95  GLU  CA  -15.569  2.602  -3.348  57.99
1521  95  GLU  C  -14.053  2.765  -3.579  174.4
1522  95  GLU  O  -13.539  2.456  -4.648  175.63
1523  95  GLU  CB  -16.315  2.594  -4.692  28.3
1524  95  GLU  CG  -17.825  2.606  -4.444  38.41
1525  95  GLU  CD  -18.561  2.319  -5.754  5.13
1526  95  GLU  OE1  -18.446  1.208  -6.246  3.14
1527  95  GLU  OE2  -19.228  3.216  -6.244  7.04
1528  95  GLU  H  -16.403  3.556  -1.724  8.47
1529  95  GLU  HA  -15.731  1.763  -2.889  3.84
1530  95  GLU  HB2  -16.065  3.379  -5.205  2.02
1531  95  GLU  HB3  -16.077  1.795  -5.188  2.22
1532  95  GLU  HG2  -18.05  1.925  -3.791  1.81
1533  95  GLU  HG3  -18.092  3.477  -4.11  1.81
1534  96  LEU  N  -13.337  3.242  -2.577  117.38
1535  96  LEU  CA  -11.852  3.43  -2.718  51.12
1536  96  LEU  C  -11.154  3.336  -1.34  172.78
1537  96  LEU  O  -11.325  4.22  -0.521  32.16
1538  96  LEU  CB  -11.511  4.798  -3.364  45.58
1539  96  LEU  CG  -12.552  5.891  -3.043  26.08
1540  96  LEU  CD1  -12.058  6.761  -1.884  25.9
1541  96  LEU  CD2  -12.747  6.777  -4.276  23.36
1542  96  LEU  H  -13.723  3.446  -1.836  7.46
1543  96  LEU  HA  -11.509  2.731  -3.296  4.63
1544  96  LEU  HB2  -10.644  5.088  -3.04  1.58
1545  96  LEU  HB3  -11.46  4.681  -4.326  1.58
1546  96  LEU  HG  -13.401  5.486  -2.806  1.45
1547  96  LEU  HD11  -12.589  7.571  -1.838  117.63
1548  96  LEU  HD12  -11.127  6.994  -2.027  56.36
1549  96  LEU  HD13  -12.144  6.273  -1.05  176.4
1550  96  LEU  HD21  -13.358  7.499  -4.061  4
1551  96  LEU  HD22  -13.116  6.246  -4.999  29.76
1552  96  LEU  HD23  -11.893  7.146  -4.549  4.32
1553  97  PRO  N  -10.35  2.286  -1.125  2.12
1554  97  PRO  CA  -9.591  2.123  0.131  62.34
1555  97  PRO  C  -8.398  3.073  0.105  176.19
1556  97  PRO  O  -7.447  2.877  -0.635  8.8
1557  97  PRO  CB  -9.174  0.649  0.132  30.96
1558  97  PRO  CG  -9.237  0.173  -1.337  27.97
1559  97  PRO  CD  -10.131  1.177  -2.091  50.33
1560  97  PRO  HA  -10.15  2.312  0.9  4.22
1561  97  PRO  HB2  -8.271  0.562  0.475  1.02
1562  97  PRO  HB3  -9.789  0.128  0.672  1.08
1563  97  PRO  HG2  -8.347  0.155  -1.721  1.33
1564  97  PRO  HG3  -9.635  -0.711  -1.382  1.48
1565  97  PRO  HD2  -9.681  1.501  -2.886  2.5
1566  97  PRO  HD3  -10.979  0.767  -2.324  3.03
1567  98  VAL  N  -8.49  4.132  0.877  109.81
1568  98  VAL  CA  -7.417  5.178  0.896  60.72
1569  98  VAL  C  -6.424  4.965  2.042  176.29
1570  98  VAL  O  -5.312  5.467  1.987  7.9
1571  98  VAL  CB  -8.084  6.55  1.053  34.38
1572  98  VAL  CG1  -9.075  6.753  -0.091  18.42
1573  98  VAL  CG2  -8.835  6.624  2.395  22.27
1574  98  VAL  H  -9.198  4.241  1.353  8.51
1575  98  VAL  HA  -6.938  5.16  0.053  4.64
1576  98  VAL  HB  -7.407  7.244  1.021  2.12
1577  98  VAL  HG11  -9.908  6.304  0.122  57.96
1578  98  VAL  HG12  -8.707  6.379  -0.907  174.9
1579  98  VAL  HG13  -9.24  7.701  -0.214  7.78
1580  98  VAL  HG21  -9.707  7.027  2.26  37.36
1581  98  VAL  HG22  -8.326  7.163  3.021  26.04
1582  98  VAL  HG23  -8.944  5.731  2.758  60.78
1583  99  HSE  N  -6.821  4.263  3.082  117.38
1584  99  HSE  CA  -5.897  4.058  4.245  54.81
1585  99  HSE  C  -5.606  2.576  4.467  172.72
1586  99  HSE  O  -6.363  1.711  4.059  2.94
1587  99  HSE  CB  -6.531  4.655  5.501  32.51
1588  99  HSE  CG  -6.217  6.124  5.558  7.7
1589  99  HSE  ND1  -4.919  6.603  5.471  5.34
1590  99  HSE  CD2  -7.019  7.233  5.679  121.61
1591  99  HSE  CE1  -4.977  7.945  5.54  138.98
1592  99  HSE  NE2  -6.232  8.382  5.668  62.48
1593  99  HSE  H  -7.73  3.892  3.104  7.47
1594  99  HSE  HA  -4.967  4.571  4.047  5.61
1595  99  HSE  HB2  -7.602  4.515  5.467  2.88
1596  99  HSE  HB3  -6.129  4.167  6.376  3.39
1597  99  HSE  HD1  -4.108  6.062  5.373  122.78
1598  99  HSE  HD2  -8.095  7.216  5.769  6.94
1599  99  HSE  HE1  -4.112  8.592  5.499  8.63
1600  100  PHE  N  -4.498  2.297  5.121  130.87
1601  100  PHE  CA  -4.091  0.89  5.411  58.7
1602  100  PHE  C  -4.344  0.589  6.89  172.45
1603  100  PHE  O  -3.679  1.131  7.759  56.42
1604  100  PHE  CB  -2.6  0.728  5.105  37.89
1605  100  PHE  CG  -2.277  -0.73  4.879  8.3
1606  100  PHE  CD1  -2.724  -1.378  3.721  133.54
1607  100  PHE  CD2  -1.524  -1.431  5.828  133.54
1608  100  PHE  CE1  -2.418  -2.729  3.512  133.54
1609  100  PHE  CE2  -1.217  -2.781  5.619  133.54
1610  100  PHE  CZ  -1.663  -3.43  4.461  126.95
1611  100  PHE  H  -3.997  2.942  5.391  9.44
1612  100  PHE  HA  -4.606  0.279  4.86  4.27
1613  100  PHE  HB2  -2.377  1.234  4.308  1.66
1614  100  PHE  HB3  -2.079  1.06  5.853  2.63
1615  100  PHE  HD1  -3.225  -0.912  3.091  6.79
1616  100  PHE  HD2  -1.228  -1  6.597  6.79
1617  100  PHE  HE1  -2.714  -3.16  2.743  6.66
1618  100  PHE  HE2  -0.716  -3.246  6.25  6.66
1619  100  PHE  HZ  -1.459  -4.327  4.322  7.98
1620  101  ALA  N  -5.302  -0.267  7.17  130.2
1621  101  ALA  CA  -5.631  -0.626  8.584  52.69
1622  101  ALA  C  -4.546  -1.544  9.139  176.61
1623  101  ALA  O  -4.045  -1.333  10.232  176.47
1624  101  ALA  CB  -6.971  -1.358  8.623  21.06
1625  101  ALA  H  -5.747  -0.627  6.529  7.91
1626  101  ALA  HA  -5.686  0.179  9.122  4.22
1627  101  ALA  HB1  -7.361  -1.273  9.507  2.52
1628  101  ALA  HB2  -6.827  -2.296  8.424  118.98
1629  101  ALA  HB3  -7.571  -0.975  7.964  54.66
1630  102  GLY  N  -4.192  -2.564  8.387  103.63
1631  102  GLY  CA  -3.142  -3.53  8.839  45.65
1632  102  GLY  C  -3.01  -4.665  7.822  170
1633  102  GLY  O  -3.474  -4.557  6.699  8.12
1634  102  GLY  H  -4.575  -2.678  7.625  6.77
1635  102  GLY  HA2  -2.294  -3.067  8.922  3.92
1636  102  GLY  HA3  -3.393  -3.899  9.7  4.25
1637  103  VAL  N  -2.369  -5.744  8.218  117.15
1638  103  VAL  CA  -2.174  -6.912  7.304  61.53
1639  103  VAL  C  -2.646  -8.199  7.995  177.24
1640  103  VAL  O  -2.403  -8.4  9.174  179.3
1641  103  VAL  CB  -0.684  -7.02  6.945  34.13
1642  103  VAL  CG1  0.149  -7.258  8.209  21.53
1643  103  VAL  CG2  -0.467  -8.179  5.966  22.12
1644  103  VAL  H  -2.052  -5.777  9.017  8.34
1645  103  VAL  HA  -2.69  -6.774  6.495  4.35
1646  103  VAL  HB  -0.401  -6.191  6.529  2.02
1647  103  VAL  HG11  1.09  -7.292  7.975  3.85
1648  103  VAL  HG12  -0.115  -8.098  8.617  1.88
1649  103  VAL  HG13  -0.002  -6.534  8.837  1.11
1650  103  VAL  HG21  -1.171  -8.175  5.298  3.42
1651  103  VAL  HG22  -0.485  -9.02  6.45  7.53
1652  103  VAL  HG23  0.393  -8.077  5.53  5.17
1653  104  GLY  N  -3.303  -9.068  7.255  115.51
1654  104  GLY  CA  -3.792  -10.362  7.831  47.13
1655  104  GLY  C  -4.944  -10.102  8.807  172.07
1656  104  GLY  O  -6.08  -10.457  8.536  111.31
1657  104  GLY  H  -3.446  -8.894  6.425  8.58
1658  104  GLY  HA2  -4.101  -10.936  7.113  3.3
1659  104  GLY  HA3  -3.065  -10.798  8.303  4.31
1660  105  ILE  N  -4.65  -9.499  9.942  115.98
1661  105  ILE  CA  -5.71  -9.216  10.96  60.05
1662  105  ILE  C  -5.915  -7.705  11.095  174.17
1663  105  ILE  O  -5.065  -6.919  10.711  3.71
1664  105  ILE  CB  -5.288  -9.795  12.314  42.18
1665  105  ILE  CG1  -4.917  -11.271  12.146  27.16
1666  105  ILE  CG2  -6.449  -9.675  13.3  17.16
1667  105  ILE  CD  -4.32  -11.801  13.453  4.45
1668  105  ILE  H  -3.837  -9.269  10.103  7.45
1669  105  ILE  HA  -6.542  -9.629  10.68  4.31
1670  105  ILE  HB  -4.524  -9.302  12.652  1.81
1671  105  ILE  HG12  -5.712  -11.781  11.923  1.17
1672  105  ILE  HG13  -4.264  -11.362  11.435  1.17
1673  105  ILE  HG21  -6.452  -8.787  13.69  7.6
1674  105  ILE  HG22  -6.347  -10.337  14.002  4.2
1675  105  ILE  HG23  -7.286  -9.826  12.834  2.14
1676  105  ILE  HD11  -3.466  -11.199  13.729  2.02
1677  105  ILE  HD12  -4.008  -12.826  13.317  7.27
1678  105  ILE  HD13  -5.064  -11.753  14.235  3.77
1679  106  CYS  N  -7.044  -7.309  11.644  119.88
1680  106  CYS  CA  -7.354  -5.857  11.828  51.56
1681  106  CYS  C  -7.697  -5.595  13.313  172.27
1682  106  CYS  O  -8.728  -6.055  13.77  114
1683  106  CYS  CB  -8.557  -5.488  10.952  40.11
1684  106  CYS  SG  -8.221  -3.936  10.083  54.24
1685  106  CYS  H  -7.615  -7.898  11.901  8.26
1686  106  CYS  HA  -6.587  -5.327  11.561  4.92
1687  106  CYS  HB2  -8.71  -6.192  10.303  1.71
1688  106  CYS  HB3  -9.346  -5.384  11.506  3.11
1689  107  PRO  N  -6.839  -4.871  14.034  1.55
1690  107  PRO  CA  -7.075  -4.568  15.463  64.45
1691  107  PRO  C  -8.106  -3.445  15.605  171.95
1692  107  PRO  O  -8.771  -3.406  16.628  110.18
1693  107  PRO  CB  -5.706  -4.116  15.976  32.14
1694  107  PRO  CG  -4.916  -3.634  14.739  28.33
1695  107  PRO  CD  -5.573  -4.293  13.512  51.12
1696  107  PRO  OXT  -8.213  -2.645  14.691  3.06
1697  107  PRO  HA  -7.363  -5.362  15.94  4.18
1698  107  PRO  HB2  -5.812  -3.39  16.61  2.28
1699  107  PRO  HB3  -5.242  -4.859  16.392  2.28
1700  107  PRO  HG2  -4.969  -2.668  14.669  2.02
1701  107  PRO  HG3  -3.99  -3.913  14.805  2.08
1702  107  PRO  HD2  -5.757  -3.627  12.831  3.63
1703  107  PRO  HD3  -5.005  -4.995  13.158  3.93
