1  1  GLY  N  17.005  -19.061  -0.771  115.74
2  1  GLY  CA  17.027  -17.616  -1.101  51.19
3  1  GLY  C  17.018  -16.762  0.146  173.72
4  1  GLY  O  17.728  -17.056  1.108  55.76
5  1  GLY  H  17.011  -19.543  -1.519  18.75
6  1  GLY  H2  16.268  -19.258  -0.312  32.66
7  1  GLY  H3  17.718  -19.279  -0.286  4.37
8  1  GLY  HA2  17.828  -17.42  -1.612  2.69
9  1  GLY  HA3  16.248  -17.402  -1.638  4.19
10  2  SER  N  16.194  -15.725  0.154  7.29
11  2  SER  CA  16.074  -14.864  1.321  3.86
12  2  SER  C  14.934  -15.341  2.22  4.1
13  2  SER  O  14.803  -14.896  3.362  2.64
14  2  SER  CB  15.836  -13.414  0.888  55.71
15  2  SER  OG  15.415  -13.346  -0.467  175.56
16  2  SER  H  15.704  -15.57  -0.536  1.83
17  2  SER  HA  16.906  -14.915  1.817  32.08
18  2  SER  HB2  15.148  -13.02  1.447  31.55
19  2  SER  HB3  16.659  -12.91  0.985  4.86
20  2  SER  HG  14.604  -13.56  -0.515  8.48
21  3  ARG  N  14.105  -16.24  1.68  4.16
22  3  ARG  CA  12.952  -16.784  2.397  4.52
23  3  ARG  C  11.99  -15.667  2.8  2.19
24  3  ARG  O  11.354  -15.729  3.854  2.11
25  3  ARG  CB  13.397  -17.574  3.633  2.67
26  3  ARG  CG  12.8  -18.969  3.712  2.63
27  3  ARG  CD  13.036  -19.603  5.073  1.8
28  3  ARG  NE  11.788  -20.055  5.687  1.91
29  3  ARG  CZ  11.301  -19.574  6.829  2.07
30  3  ARG  NH1  11.978  -18.659  7.515  119.06
31  3  ARG  NH2  10.139  -20.02  7.293  54.18
32  3  ARG  H  14.251  -16.505  0.875  175.39
33  3  ARG  HA  12.49  -17.385  1.792  4.65
34  3  ARG  HB2  14.363  -17.658  3.62  40.4
35  3  ARG  HB3  13.135  -17.086  4.429  4.5
36  3  ARG  HG2  11.844  -18.911  3.555  4.03
37  3  ARG  HG3  13.209  -19.525  3.031  8.49
38  3  ARG  HD2  13.629  -20.363  4.966  8.4
39  3  ARG  HD3  13.454  -18.948  5.654  4.65
40  3  ARG  HE  11.345  -20.661  5.268  2.71
41  3  ARG  HH11  12.738  -18.373  7.23  2.77
42  3  ARG  HH12  11.658  -18.346  8.249  118.08
43  3  ARG  HH21  9.698  -20.615  6.857  53.92
44  3  ARG  HH22  9.822  -19.714  8.032  176.12
45  4  LEU  N  11.869  -14.667  1.939  8.1
46  4  LEU  CA  10.976  -13.546  2.184  40.76
47  4  LEU  C  9.7  -13.707  1.367  7.38
48  4  LEU  O  9.731  -13.689  0.135  5.38
49  4  LEU  CB  11.677  -12.221  1.839  2.98
50  4  LEU  CG  10.778  -11.122  1.258  8.1
51  4  LEU  CD1  10.486  -10.059  2.307  4.7
52  4  LEU  CD2  11.426  -10.504  0.029  2.76
53  4  LEU  H  12.31  -14.695  1.201  2.76
54  4  LEU  HA  10.747  -13.547  3.127  107.91
55  4  LEU  HB2  12.089  -11.878  2.647  45
56  4  LEU  HB3  12.378  -12.409  1.195  173.23
57  4  LEU  HG  9.933  -11.514  0.987  176.55
58  4  LEU  HD11  10.729  -9.186  1.96  8.21
59  4  LEU  HD12  9.54  -10.069  2.523  4.1
60  4  LEU  HD13  11.002  -10.245  3.107  3.98
61  4  LEU  HD21  12.169  -9.944  0.302  119.01
62  4  LEU  HD22  11.748  -11.208  -0.556  61.42
63  4  LEU  HD23  10.773  -9.965  -0.444  174.32
64  5  PRO  N  8.564  -13.916  2.041  1.65
65  5  PRO  CA  7.279  -14.094  1.372  32.77
66  5  PRO  C  6.765  -12.797  0.765  20.86
67  5  PRO  O  6.607  -11.786  1.458  20.32
68  5  PRO  CB  6.354  -14.572  2.487  8.23
69  5  PRO  CG  6.958  -14.039  3.741  4.2
70  5  PRO  CD  8.444  -14.008  3.507  2.11
71  5  PRO  HA  7.331  -14.771  0.68  3.73
72  5  PRO  HB2  5.464  -14.214  2.343  176.34
73  5  PRO  HB3  6.32  -15.541  2.494  64.45
74  5  PRO  HG2  6.625  -13.144  3.911  30.32
75  5  PRO  HG3  6.746  -14.625  4.485  7.94
76  5  PRO  HD2  8.837  -13.232  3.936  7.85
77  5  PRO  HD3  8.857  -14.821  3.837  123.59
78  6  LYS  N  6.531  -12.825  -0.533  54.42
79  6  LYS  CA  6.021  -11.664  -1.238  174.84
80  6  LYS  C  4.534  -11.504  -0.961  2.2
81  6  LYS  O  3.729  -12.364  -1.321  31.04
82  6  LYS  CB  6.27  -11.795  -2.743  35.53
83  6  LYS  CG  7.372  -10.882  -3.259  182.12
84  6  LYS  CD  6.924  -9.429  -3.291  38.54
85  6  LYS  CE  7.166  -8.803  -4.654  121.01
86  6  LYS  NZ  8.458  -8.07  -4.709  8.3
87  6  LYS  H  6.676  -13.553  -0.967  4.38
88  6  LYS  HA  6.489  -10.882  -0.906  1.79
89  6  LYS  HB2  6.516  -12.712  -2.941  1.75
90  6  LYS  HB3  5.451  -11.58  -3.216  1.96
91  6  LYS  HG2  8.144  -10.962  -2.677  1.96
92  6  LYS  HG3  7.613  -11.157  -4.158  125.45
93  6  LYS  HD2  5.976  -9.388  -3.091  58.33
94  6  LYS  HD3  7.419  -8.931  -2.622  176.85
95  6  LYS  HE2  7.175  -9.507  -5.321  4.3
96  6  LYS  HE3  6.444  -8.185  -4.847  30.57
97  6  LYS  HZ1  8.755  -8.031  -5.547  2.39
98  6  LYS  HZ2  9.066  -8.484  -4.209  8.43
99  6  LYS  HZ3  8.356  -7.24  -4.406  4.37
100  7  LEU  N  4.184  -10.444  -0.251  2.38
101  7  LEU  CA  2.801  -10.197  0.118  3.67
102  7  LEU  C  2.144  -9.27  -0.898  3.16
103  7  LEU  O  2.74  -8.949  -1.927  129.96
104  7  LEU  CB  2.722  -9.591  1.52  53.27
105  7  LEU  CG  2.361  -10.568  2.643  176.61
106  7  LEU  CD1  1.228  -11.491  2.218  6.51
107  7  LEU  CD2  3.573  -11.383  3.059  18.77
108  7  LEU  H  4.794  -9.901  0.018  8.69
109  7  LEU  HA  2.333  -11.047  0.113  4.26
110  7  LEU  HB2  3.584  -9.197  1.727  41.59
111  7  LEU  HB3  2.058  -8.884  1.507  7.66
112  7  LEU  HG  2.062  -10.06  3.413  3.93
113  7  LEU  HD11  0.512  -10.966  1.827  115.97
114  7  LEU  HD12  1.555  -12.129  1.565  64.64
115  7  LEU  HD13  0.893  -11.966  2.995  175.74
116  7  LEU  HD21  4.38  -10.951  2.737  4.48
117  7  LEU  HD22  3.602  -11.445  4.027  32.17
118  7  LEU  HD23  3.508  -12.273  2.679  20.13
119  8  TYR  N  0.903  -8.898  -0.641  21.52
120  8  TYR  CA  0.144  -8.084  -1.548  8.42
121  8  TYR  C  0.419  -6.607  -1.31  3.86
122  8  TYR  O  -0.104  -6.014  -0.372  2.21
123  8  TYR  CB  -1.323  -8.408  -1.347  2.98
124  8  TYR  CG  -1.681  -9.795  -1.824  31.19
125  8  TYR  CD1  -2.083  -10.02  -3.133  7.9
126  8  TYR  CD2  -1.588  -10.883  -0.968  3.95
127  8  TYR  CE1  -2.384  -11.292  -3.576  1.42
128  8  TYR  CE2  -1.89  -12.158  -1.402  1.99
129  8  TYR  CZ  -2.286  -12.357  -2.708  115.59
130  8  TYR  OH  -2.583  -13.627  -3.15  58.08
131  8  TYR  H  0.51  -9.182  0.069  175.63
132  8  TYR  HA  0.403  -8.316  -2.454  4.11
133  8  TYR  HB2  -1.536  -8.35  -0.402  30.92
134  8  TYR  HB3  -1.857  -7.765  -1.839  1.89
135  8  TYR  HD1  -2.148  -9.298  -3.716  7.73
136  8  TYR  HD2  -1.318  -10.745  -0.089  4.89
137  8  TYR  HE1  -2.653  -11.426  -4.456  3.34
138  8  TYR  HE2  -1.821  -12.875  -0.814  3.12
139  8  TYR  HH  -2.161  -13.78  -3.86  2.39
140  9  LEU  N  1.333  -6.06  -2.093  118.88
141  9  LEU  CA  1.776  -4.687  -1.912  56.28
142  9  LEU  C  0.764  -3.691  -2.475  174.65
143  9  LEU  O  0.382  -3.774  -3.646  4.43
144  9  LEU  CB  3.138  -4.492  -2.588  37.56
145  9  LEU  CG  3.851  -3.174  -2.272  26.7
146  9  LEU  CD1  4.14  -3.057  -0.785  24.65
147  9  LEU  CD2  5.141  -3.068  -3.069  22.14
148  9  LEU  H  1.718  -6.547  -2.688  8.35
149  9  LEU  HA  1.874  -4.529  -0.96  4.11
150  9  LEU  HB2  3.717  -5.222  -2.317  2.21
151  9  LEU  HB3  3.009  -4.542  -3.548  1.72
152  9  LEU  HG  3.278  -2.434  -2.528  1.47
153  9  LEU  HD11  3.313  -3.148  -0.286  58.05
154  9  LEU  HD12  4.756  -3.758  -0.521  175.75
155  9  LEU  HD13  4.535  -2.191  -0.601  135.51
156  9  LEU  HD21  5.71  -3.826  -2.864  29.18
157  9  LEU  HD22  4.936  -3.064  -4.017  7.54
158  9  LEU  HD23  5.6  -2.247  -2.832  126.08
159  10  CYS  N  0.421  -2.695  -1.665  122.21
160  10  CYS  CA  -0.404  -1.602  -2.101  50.32
161  10  CYS  C  0.434  -0.683  -2.967  176.73
162  10  CYS  O  1.636  -0.533  -2.761  18.29
163  10  CYS  CB  -0.98  -0.841  -0.895  21.08
164  10  CYS  SG  -1.419  0.899  -1.226  8.46
165  10  CYS  H  0.775  -2.651  -0.883  4.87
166  10  CYS  HA  -1.131  -1.964  -2.632  8.56
167  10  CYS  HB2  -1.784  -1.291  -0.593  4.16
168  10  CYS  HB3  -0.328  -0.848  -0.177  3.26
169  10  CYS  HG  -2.59  1.063  -1.021  118.77
170  11  GLU  N  -0.19  -0.16  -3.983  56.56
171  11  GLU  CA  0.49  0.678  -4.956  176.26
172  11  GLU  C  0.254  2.156  -4.666  32.69
173  11  GLU  O  0.66  3.022  -5.442  29.84
174  11  GLU  CB  0.018  0.335  -6.37  35.88
175  11  GLU  CG  0.413  -1.062  -6.822  182.59
176  11  GLU  CD  -0.311  -1.504  -8.078  4.38
177  11  GLU  OE1  -1.031  -0.681  -8.682  4.09
178  11  GLU  OE2  -0.159  -2.683  -8.469  8.54
179  11  GLU  H  -1.017  -0.367  -4.096  4.36
180  11  GLU  HA  1.441  0.497  -4.891  2.03
181  11  GLU  HB2  -0.949  0.404  -6.401  2.03
182  11  GLU  HB3  0.402  0.974  -6.991  2.27
183  11  GLU  HG2  1.367  -1.074  -6.998  2.39
184  11  GLU  HG3  0.211  -1.688  -6.109  124.55
185  12  PHE  N  -0.418  2.439  -3.559  54.39
186  12  PHE  CA  -0.726  3.814  -3.186  176.04
187  12  PHE  C  0.123  4.262  -1.998  21.39
188  12  PHE  O  0.741  5.329  -2.039  41.16
189  12  PHE  CB  -2.213  3.96  -2.857  27.13
190  12  PHE  CG  -3.128  3.337  -3.878  23.69
191  12  PHE  CD1  -3.547  4.058  -4.986  23.71
192  12  PHE  CD2  -3.577  2.034  -3.725  8.43
193  12  PHE  CE1  -4.392  3.489  -5.921  4.37
194  12  PHE  CE2  -4.421  1.462  -4.655  1.27
195  12  PHE  CZ  -4.83  2.19  -5.754  1.56
196  12  PHE  H  -0.693  1.797  -3.057  1.28
197  12  PHE  HA  -0.518  4.379  -3.947  7.75
198  12  PHE  HB2  -2.389  3.539  -2.001  128.78
199  12  PHE  HB3  -2.43  4.903  -2.797  8.36
200  12  PHE  HD1  -3.252  4.933  -5.1  4.15
201  12  PHE  HD2  -3.303  1.542  -2.985  6.98
202  12  PHE  HE1  -4.666  3.981  -6.661  32.29
203  12  PHE  HE2  -4.713  0.586  -4.542  123.81
204  12  PHE  HZ  -5.4  1.807  -6.381  55.18
205  13  CYS  N  0.207  3.427  -0.964  176.47
206  13  CYS  CA  1.043  3.74  0.19  1.67
207  13  CYS  C  2.126  2.681  0.372  30.61
208  13  CYS  O  3.062  2.862  1.155  35.7
209  13  CYS  CB  0.2  3.881  1.467  183.18
210  13  CYS  SG  -0.513  2.325  2.1  1.67
211  13  CYS  H  -0.201  2.671  -1.001  2.05
212  13  CYS  HA  1.476  4.589  0.009  8.94
213  13  CYS  HB2  0.755  4.252  2.171  4.51
214  13  CYS  HB3  -0.535  4.49  1.292  1.94
215  13  CYS  HG  -0.898  1.657  1.18  2.21
216  14  LEU  N  2.011  1.606  -0.399  2.43
217  14  LEU  CA  2.991  0.524  -0.405  2.34
218  14  LEU  C  3.08  -0.175  0.952  120.76
219  14  LEU  O  4.105  -0.122  1.631  55.21
220  14  LEU  CB  4.367  1.038  -0.85  176.78
221  14  LEU  CG  4.406  1.655  -2.252  4.28
222  14  LEU  CD1  5.344  2.852  -2.284  40.46
223  14  LEU  CD2  4.828  0.614  -3.275  179.16
224  14  LEU  H  1.346  1.558  -0.942  8.24
225  14  LEU  HA  2.689  -0.13  -1.055  3.27
226  14  LEU  HB2  4.661  1.708  -0.213  8.57
227  14  LEU  HB3  4.991  0.296  -0.828  4.56
228  14  LEU  HG  3.517  1.964  -2.487  2.75
229  14  LEU  HD11  5.26  3.306  -3.137  2.75
230  14  LEU  HD12  5.109  3.464  -1.569  110.61
231  14  LEU  HD13  6.258  2.551  -2.163  44.99
232  14  LEU  HD21  4.395  0.801  -4.123  174.52
233  14  LEU  HD22  5.791  0.644  -3.39  2.2
234  14  LEU  HD23  4.567  -0.267  -2.966  8.57
235  15  LYS  N  2.047  -0.946  1.268  3.9
236  15  LYS  CA  2.05  -1.805  2.448  4.3
237  15  LYS  C  1.793  -3.241  2.014  119
238  15  LYS  O  1.23  -3.467  0.945  55.8
239  15  LYS  CB  0.977  -1.379  3.451  176.29
240  15  LYS  CG  1.073  0.07  3.902  123.78
241  15  LYS  CD  2.437  0.397  4.49  30.24
242  15  LYS  CE  2.821  1.846  4.23  36.4
243  15  LYS  NZ  1.63  2.737  4.212  182.98
244  15  LYS  H  1.396  -1.015  0.71  41.69
245  15  LYS  HA  2.924  -1.748  2.865  116.92
246  15  LYS  HB2  0.105  -1.51  3.047  8.01
247  15  LYS  HB3  1.046  -1.945  4.236  4.51
248  15  LYS  HG2  0.917  0.647  3.138  2.36
249  15  LYS  HG3  0.395  0.234  4.576  2.18
250  15  LYS  HD2  2.413  0.243  5.447  2.45
251  15  LYS  HD3  3.101  -0.183  4.085  2.38
252  15  LYS  HE2  3.424  2.141  4.93  121.26
253  15  LYS  HE3  3.271  1.903  3.372  56.35
254  15  LYS  HZ1  1.116  2.571  4.92  175.45
255  15  LYS  HZ2  1.154  2.6  3.472  2.3
256  15  LYS  HZ3  1.883  3.59  4.235  29.37
257  16  TYR  N  2.221  -4.203  2.815  35.7
258  16  TYR  CA  2.045  -5.601  2.463  183.12
259  16  TYR  C  0.804  -6.186  3.117  3.15
260  16  TYR  O  0.789  -6.472  4.314  6.98
261  16  TYR  CB  3.279  -6.401  2.854  8.68
262  16  TYR  CG  4.429  -6.194  1.903  4.44
263  16  TYR  CD1  4.355  -6.634  0.588  2.15
264  16  TYR  CD2  5.58  -5.543  2.315  2.23
265  16  TYR  CE1  5.402  -6.431  -0.291  2.47
266  16  TYR  CE2  6.631  -5.339  1.443  2.36
267  16  TYR  CZ  6.537  -5.784  0.143  127.74
268  16  TYR  OH  7.582  -5.57  -0.727  50.62
269  16  TYR  H  2.625  -4.002  3.547  176.21
270  16  TYR  HA  1.937  -5.649  1.5  8.76
271  16  TYR  HB2  3.567  -6.133  3.741  21.11
272  16  TYR  HB3  3.059  -7.346  2.858  8.4
273  16  TYR  HD1  3.587  -7.072  0.298  4.84
274  16  TYR  HD2  5.639  -5.24  3.192  1.64
275  16  TYR  HE1  5.337  -6.73  -1.169  1.77
276  16  TYR  HE2  7.399  -4.904  1.735  1.45
277  16  TYR  HH  7.886  -4.796  -0.61  119.24
278  17  MET  N  -0.22  -6.395  2.309  54
279  17  MET  CA  -1.466  -6.984  2.778  173.46
280  17  MET  C  -1.366  -8.503  2.73  4.51
281  17  MET  O  -0.64  -9.051  1.901  32.19
282  17  MET  CB  -2.647  -6.498  1.929  26.45
283  17  MET  CG  -2.626  -5.003  1.642  42.29
284  17  MET  SD  -2.355  -4.005  3.119  56.89
285  17  MET  CE  -3.917  -4.224  3.964  174.35
286  17  MET  H  -0.136  -6.208  1.474  8.35
287  17  MET  HA  -1.599  -6.707  3.698  30.09
288  17  MET  HB2  -2.641  -6.969  1.081  8.66
289  17  MET  HB3  -3.473  -6.706  2.394  4.73
290  17  MET  HG2  -1.914  -4.818  1.01  1.66
291  17  MET  HG3  -3.476  -4.75  1.249  1.74
292  17  MET  HE1  -4.308  -5.073  3.703  1.73
293  17  MET  HE2  -3.771  -4.217  4.923  1.6
294  17  MET  HE3  -4.519  -3.503  3.722  3.36
295  18  LYS  N  -2.04  -9.173  3.657  3.26
296  18  LYS  CA  -1.944  -10.626  3.768  2.83
297  18  LYS  C  -2.819  -11.322  2.735  2.05
298  18  LYS  O  -2.449  -12.373  2.21  7.99
299  18  LYS  CB  -2.337  -11.086  5.177  4.54
300  18  LYS  CG  -1.619  -10.334  6.288  119.08
301  18  LYS  CD  -0.281  -10.969  6.63  122.05
302  18  LYS  CE  0.865  -9.997  6.412  55.73
303  18  LYS  NZ  2.071  -10.378  7.192  176.18
304  18  LYS  H  -2.51  -8.738  4.23  35.09
305  18  LYS  HA  -1.02  -10.871  3.605  40.26
306  18  LYS  HB2  -3.292  -10.961  5.293  131.54
307  18  LYS  HB3  -2.132  -12.03  5.265  130.59
308  18  LYS  HG2  -1.464  -9.421  5.999  131.54
309  18  LYS  HG3  -2.179  -10.334  7.08  131.54
310  18  LYS  HD2  -0.291  -11.242  7.561  129.17
311  18  LYS  HD3  -0.149  -11.747  6.065  4.19
312  18  LYS  HE2  1.092  -9.988  5.469  8.7
313  18  LYS  HE3  0.58  -9.11  6.683  5.32
314  18  LYS  HZ1  2.519  -11.023  6.773  2.88
315  18  LYS  HZ2  1.834  -10.672  7.998  2.75
316  18  LYS  HZ3  2.608  -9.675  7.291  7.23
317  19  SER  N  -3.988  -10.763  2.476  7.23
318  19  SER  CA  -4.92  -11.358  1.532  7.31
319  19  SER  C  -5.216  -10.4  0.384  7.31
320  19  SER  O  -5.253  -9.182  0.573  7.25
321  19  SER  CB  -6.219  -11.74  2.245  125.28
322  19  SER  OG  -6.061  -11.7  3.654  52.06
323  19  SER  H  -4.215  -10.045  2.892  175.55
324  19  SER  HA  -4.509  -12.16  1.172  4.28
325  19  SER  HB2  -6.92  -11.119  1.992  39.67
326  19  SER  HB3  -6.475  -12.639  1.985  26.86
327  19  SER  HG  -5.777  -12.444  3.922  25.91
328  20  ARG  N  -5.505  -10.962  -0.784  22.18
329  20  ARG  CA  -5.879  -10.178  -1.949  8.94
330  20  ARG  C  -7.206  -9.47  -1.707  4.87
331  20  ARG  O  -7.374  -8.307  -2.065  2.51
332  20  ARG  CB  -5.985  -11.085  -3.171  1.97
333  20  ARG  CG  -5.849  -10.351  -4.488  2.16
334  20  ARG  CD  -6.683  -11.006  -5.575  8.06
335  20  ARG  NE  -7.401  -10.023  -6.388  4.09
336  20  ARG  CZ  -8.696  -9.738  -6.249  2.01
337  20  ARG  NH1  -9.425  -10.375  -5.336  2.01
338  20  ARG  NH2  -9.263  -8.825  -7.027  7.66
339  20  ARG  H  -5.532  -11.82  -0.84  3.98
340  20  ARG  HA  -5.19  -9.513  -2.102  2.05
341  20  ARG  HB2  -5.286  -11.756  -3.122  64.18
342  20  ARG  HB3  -6.848  -11.527  -3.157  178.45
343  20  ARG  HG2  -6.145  -9.435  -4.371  174.45
344  20  ARG  HG3  -4.916  -10.362  -4.753  31.91
345  20  ARG  HD2  -6.096  -11.523  -6.149  27.11
346  20  ARG  HD3  -7.328  -11.598  -5.157  50.37
347  20  ARG  HE  -6.949  -9.61  -6.992  4.43
348  20  ARG  HH11  -9.065  -10.972  -4.833  2.12
349  20  ARG  HH12  -10.262  -10.197  -5.249  2.49
350  20  ARG  HH21  -8.799  -8.418  -7.626  2.25
351  20  ARG  HH22  -10.095  -8.629  -6.93  2.25
352  21  THR  N  -8.113  -10.164  -1.033  4.04
353  21  THR  CA  -9.41  -9.611  -0.677  4.01
354  21  THR  C  -9.253  -8.359  0.184  114.87
355  21  THR  O  -9.839  -7.313  -0.099  58.98
356  21  THR  CB  -10.231  -10.66  0.095  176.63
357  21  THR  OG1  -9.341  -11.669  0.605  177.94
358  21  THR  CG2  -11.272  -11.301  -0.806  29.59
359  21  THR  H  -7.923  -10.963  -0.777  27.25
360  21  THR  HA  -9.883  -9.387  -1.494  42.95
361  21  THR  HB  -10.68  -10.224  0.836  123.28
362  21  THR  HG1  -9.77  -12.202  1.092  52.69
363  21  THR  HG21  -11.829  -10.612  -1.2  175.55
364  21  THR  HG22  -11.823  -11.907  -0.286  3.87
365  21  THR  HG23  -10.824  -11.795  -1.51  9.09
366  22  ILE  N  -8.412  -8.468  1.206  4.18
367  22  ILE  CA  -8.143  -7.354  2.099  2.1
368  22  ILE  C  -7.432  -6.225  1.355  2.03
369  22  ILE  O  -7.716  -5.048  1.584  1.67
370  22  ILE  CB  -7.305  -7.811  3.316  1.89
371  22  ILE  CG1  -8.227  -8.348  4.412  3.36
372  22  ILE  CG2  -6.449  -6.677  3.858  3.32
373  22  ILE  CD  -7.576  -9.387  5.292  1.95
374  22  ILE  H  -8.005  -9.215  1.335  27.93
375  22  ILE  HA  -8.995  -7.024  2.425  8.08
376  22  ILE  HB  -6.712  -8.521  3.025  4.81
377  22  ILE  HG12  -8.507  -7.612  4.979  3.43
378  22  ILE  HG21  -6.042  -6.95  4.695  111.33
379  22  ILE  HG22  -5.754  -6.463  3.216  56.35
380  22  ILE  HG23  -7.002  -5.894  4.005  175.79
381  22  ILE  HD11  -7.748  -10.37  4.879  60.99
382  22  ILE  HD12  -6.514  -9.199  5.344  32.88
383  22  ILE  HD13  -7.998  -9.334  6.285  3.03
384  23  LEU  N  -6.564  -6.594  0.417  7.39
385  23  LEU  CA  -5.865  -5.617  -0.407  4.77
386  23  LEU  C  -6.86  -4.831  -1.255  2.75
387  23  LEU  O  -6.756  -3.613  -1.369  2.87
388  23  LEU  CB  -4.831  -6.311  -1.302  9.27
389  23  LEU  CG  -4.237  -5.441  -2.416  110.94
390  23  LEU  CD1  -3.305  -4.384  -1.838  45.71
391  23  LEU  CD2  -3.507  -6.304  -3.431  173.86
392  23  LEU  H  -6.432  -7.432  0.274  2.97
393  23  LEU  HA  -5.406  -5.002  0.186  8.1
394  23  LEU  HB2  -4.106  -6.623  -0.739  3.92
395  23  LEU  HB3  -5.253  -7.082  -1.713  4.02
396  23  LEU  HG  -4.957  -4.982  -2.876  120.68
397  23  LEU  HD11  -3.775  -3.88  -1.155  58.82
398  23  LEU  HD12  -2.53  -4.815  -1.445  173.47
399  23  LEU  HD13  -3.019  -3.783  -2.544  1.45
400  23  LEU  HD21  -2.553  -6.275  -3.255  30.88
401  23  LEU  HD22  -3.823  -7.218  -3.36  172.75
402  23  LEU  HD23  -3.684  -5.968  -4.324  1.86
403  24  GLN  N  -7.865  -5.525  -1.775  118.54
404  24  GLN  CA  -8.918  -4.889  -2.558  137.43
405  24  GLN  C  -9.68  -3.876  -1.707  19.99
406  24  GLN  O  -9.916  -2.747  -2.135  8.07
407  24  GLN  CB  -9.885  -5.935  -3.116  4.67
408  24  GLN  CG  -9.27  -6.832  -4.179  3.58
409  24  GLN  CD  -8.526  -6.057  -5.25  2.93
410  24  GLN  OE1  -7.363  -6.336  -5.543  7.38
411  24  GLN  NE2  -9.195  -5.09  -5.855  7.97
412  24  GLN  H  -7.909  -6.371  -1.628  107.05
413  24  GLN  HA  -8.499  -4.42  -3.297  43.89
414  24  GLN  HB2  -10.195  -6.495  -2.387  170.94
415  24  GLN  HB3  -10.646  -5.48  -3.508  6.8
416  24  GLN  HG2  -8.648  -7.44  -3.75  8.21
417  24  GLN  HG3  -9.977  -7.343  -4.603  4.7
418  24  GLN  HE21  -10.011  -4.951  -5.621  2.62
419  24  GLN  HE22  -8.788  -4.626  -6.453  113.51
420  25  GLN  N  -9.991  -4.264  -0.475  55.36
421  25  GLN  CA  -10.659  -3.373  0.468  175.8
422  25  GLN  C  -9.768  -2.176  0.791  2.31
423  25  GLN  O  -10.223  -1.031  0.822  44.69
424  25  GLN  CB  -11.005  -4.131  1.75  4.69
425  25  GLN  CG  -12.184  -5.075  1.603  132.06
426  25  GLN  CD  -11.953  -6.415  2.27  132.06
427  25  GLN  OE1  -11.303  -6.506  3.313  130.47
428  25  GLN  NE2  -12.488  -7.466  1.669  130.47
429  25  GLN  H  -9.766  -5.053  -0.217  129.19
430  25  GLN  HA  -11.477  -3.057  0.054  7.86
431  25  GLN  HB2  -10.235  -4.653  2.024  5.05
432  25  GLN  HB3  -11.215  -3.49  2.447  2.41
433  25  GLN  HG2  -12.965  -4.662  2.003  3.63
434  25  GLN  HG3  -12.347  -5.224  0.658  7.38
435  25  GLN  HE21  -12.928  -7.335  0.942  7.38
436  25  GLN  HE22  -12.379  -8.24  2.027  7.18
437  26  HSE  N  -8.483  -2.452  0.973  7.18
438  26  HSE  CA  -7.499  -1.418  1.253  7.4
439  26  HSE  C  -7.383  -0.455  0.071  117.94
440  26  HSE  O  -7.193  0.747  0.254  59.23
441  26  HSE  CB  -6.134  -2.059  1.567  177.44
442  26  HSE  CG  -5.028  -1.068  1.794  2.07
443  26  HSE  ND1  -4.526  -0.734  3.042  30.31
444  26  HSE  CD2  -4.351  -0.3  0.897  1.76
445  26  HSE  CE1  -3.583  0.212  2.864  61.99
446  26  HSE  NE2  -3.455  0.495  1.588  118.65
447  26  HSE  H  -8.183  -3.386  0.888  137.71
448  26  HSE  HA  -7.835  -0.866  2.117  32.19
449  26  HSE  HB2  -6.227  -2.657  2.46  8.45
450  26  HSE  HB3  -5.846  -2.695  0.743  4.69
451  26  HSE  HD1  -4.812  -1.116  3.909  4.09
452  26  HSE  HD2  -4.486  -0.304  -0.177  3.75
453  26  HSE  HE1  -3.014  0.672  3.658  7.39
454  27  MET  N  -7.494  -0.993  -1.135  7.43
455  27  MET  CA  -7.355  -0.204  -2.353  127.46
456  27  MET  C  -8.498  0.789  -2.5  55.79
457  27  MET  O  -8.358  1.811  -3.17  178.95
458  27  MET  CB  -7.285  -1.117  -3.576  103.58
459  27  MET  CG  -5.899  -1.681  -3.823  17.45
460  27  MET  SD  -5.714  -2.375  -5.477  9.16
461  27  MET  CE  -4.012  -2.925  -5.402  3.97
462  27  MET  H  -7.623  -1.841  -1.202  72.59
463  27  MET  HA  -6.524  0.292  -2.287  1.45
464  27  MET  HB2  -7.898  -1.858  -3.451  1.45
465  27  MET  HB3  -7.553  -0.612  -4.36  113.91
466  27  MET  HG2  -5.251  -0.968  -3.708  58.86
467  27  MET  HG3  -5.727  -2.378  -3.171  178.77
468  27  MET  HE1  -3.958  -3.851  -5.685  28.64
469  27  MET  HE2  -3.468  -2.377  -5.989  28.88
470  27  MET  HE3  -3.687  -2.847  -4.492  36.07
471  28  LYS  N  -9.59  0.538  -1.791  183.37
472  28  LYS  CA  -10.695  1.478  -1.749  10.24
473  28  LYS  C  -10.348  2.628  -0.815  55.79
474  28  LYS  O  -10.53  3.795  -1.154  9.33
475  28  LYS  CB  -11.974  0.786  -1.276  4.26
476  28  LYS  CG  -12.883  0.347  -2.411  2.18
477  28  LYS  CD  -12.615  -1.095  -2.809  2.18
478  28  LYS  CE  -13.09  -1.381  -4.223  2.48
479  28  LYS  NZ  -14.573  -1.463  -4.308  2.48
480  28  LYS  H  -9.611  -0.16  -1.289  116.33
481  28  LYS  HA  -10.829  1.827  -2.644  62.94
482  28  LYS  HB2  -11.733  0.002  -0.759  176.97
483  28  LYS  HB3  -12.469  1.397  -0.708  7.83
484  28  LYS  HG2  -13.806  0.427  -2.125  29.04
485  28  LYS  HG3  -12.729  0.92  -3.179  3.52
486  28  LYS  HD2  -11.661  -1.264  -2.758  6.98
487  28  LYS  HD3  -13.081  -1.682  -2.194  4.27
488  28  LYS  HE2  -12.781  -0.67  -4.806  3.35
489  28  LYS  HE3  -12.711  -2.225  -4.515  2.93
490  28  LYS  HZ1  -14.866  -2.187  -3.882  19.29
491  28  LYS  HZ2  -14.83  -1.511  -5.159  116.6
492  28  LYS  HZ3  -14.942  -0.743  -3.937  63.97
493  29  LYS  N  -9.769  2.278  0.328  175.83
494  29  LYS  CA  -9.331  3.256  1.315  21.96
495  29  LYS  C  -8.225  4.14  0.751  31.86
496  29  LYS  O  -8.228  5.357  0.928  20.33
497  29  LYS  CB  -8.843  2.533  2.579  22.76
498  29  LYS  CG  -8.048  3.411  3.54  7.92
499  29  LYS  CD  -6.554  3.13  3.453  4.06
500  29  LYS  CE  -5.737  4.36  3.812  1.89
501  29  LYS  NZ  -4.882  4.816  2.682  8.77
502  29  LYS  H  -9.622  1.444  0.479  21.79
503  29  LYS  HA  -10.092  3.812  1.542  7.58
504  29  LYS  HB2  -9.614  2.188  3.056  4.82
505  29  LYS  HB3  -8.28  1.789  2.314  4.64
506  29  LYS  HG2  -8.206  4.343  3.321  41.35
507  29  LYS  HG3  -8.348  3.234  4.445  122.28
508  29  LYS  HD2  -6.332  2.414  4.068  57.33
509  29  LYS  HD3  -6.337  2.859  2.547  179.08
510  29  LYS  HE2  -6.345  5.076  4.054  123.78
511  29  LYS  HE3  -5.17  4.148  4.57  39.62
512  29  LYS  HZ1  -4.111  5.137  2.991  178.55
513  29  LYS  HZ2  -5.296  5.458  2.225  4.81
514  29  LYS  HZ3  -4.708  4.14  2.129  42.49
515  30  CYS  N  -7.269  3.508  0.092  8.29
516  30  CYS  CA  -6.133  4.202  -0.479  4.53
517  30  CYS  C  -6.497  4.8  -1.838  2.84
518  30  CYS  O  -5.696  5.501  -2.462  2.69
519  30  CYS  CB  -4.969  3.223  -0.612  117.51
520  30  CYS  SG  -3.457  3.72  0.274  57.94
521  30  CYS  H  -7.312  2.653  0.012  179.15
522  30  CYS  HA  -5.882  4.918  0.126  1.85
523  30  CYS  HB2  -5.243  2.361  -0.261  31.35
524  30  CYS  HB3  -4.748  3.124  -1.551  31.4
525  30  CYS  HG  -2.585  2.925  0.056  1.68
526  31  GLY  N  -7.725  4.552  -2.263  1.71
527  31  GLY  CA  -8.208  5.096  -3.51  7.91
528  31  GLY  C  -9.216  6.204  -3.291  4.53
529  31  GLY  O  -9.858  6.666  -4.234  2.38
530  31  GLY  H  -8.249  4.073  -1.777  2.38
531  31  GLY  HA2  -7.456  5.449  -4.011  2.87
532  31  GLY  HA3  -8.63  4.387  -4.02  2.69
533  32  TRP  N  -9.318  6.667  -2.054  62.09
534  32  TRP  CA  -10.221  7.756  -1.717  8.65
535  32  TRP  C  -9.55  9.099  -1.977  8.75
536  32  TRP  O  -9.356  9.902  -1.062  122.19
537  32  TRP  CB  -10.66  7.651  -0.254  60.18
538  32  TRP  CG  -11.737  6.633  -0.022  178.74
539  32  TRP  CD1  -11.804  5.733  1.001  3.27
540  32  TRP  CD2  -12.906  6.416  -0.825  29.11
541  32  TRP  NE1  -12.934  4.961  0.876  65.29
542  32  TRP  CE2  -13.626  5.362  -0.232  175.45
543  32  TRP  CE3  -13.412  7.008  -1.987  7.62
544  32  TRP  CZ2  -14.823  4.889  -0.758  129.49
545  32  TRP  CZ3  -14.602  6.538  -2.508  116.23
546  32  TRP  CH2  -15.296  5.487  -1.894  22.49
547  32  TRP  H  -8.812  6.336  -1.442  7.51
548  32  TRP  HA  -11.001  7.681  -2.288  4.32
549  32  TRP  HB2  -9.895  7.407  0.29  4.1
550  32  TRP  HB3  -10.994  8.513  0.039  8.37
551  32  TRP  HD1  -11.168  5.658  1.675  4.46
552  32  TRP  HE1  -13.171  4.33  1.41  3.45
553  32  TRP  HE3  -12.963  7.706  -2.407  3.41
554  32  TRP  HZ2  -15.293  4.192  -0.36  124.08
555  32  TRP  HZ3  -14.953  6.923  -3.278  61.09
556  32  TRP  HH2  -16.094  5.199  -2.274  177.45
557  33  PHE  N  -9.187  9.335  -3.226  118.83
558  33  PHE  CA  -8.533  10.572  -3.612  39.89
559  33  PHE  C  -9.066  11.056  -4.951  174
560  33  PHE  O  -8.687  12.166  -5.378  117.57
561  33  PHE  CB  -7.01  10.381  -3.67  55.63
562  33  PHE  CG  -6.532  9.485  -4.782  177.57
563  33  PHE  CD1  -6.602  8.107  -4.664  2.91
564  33  PHE  CD2  -6.001  10.026  -5.942  40.38
565  33  PHE  CE1  -6.154  7.286  -5.68  26.68
566  33  PHE  CE2  -5.554  9.211  -6.962  25.43
567  33  PHE  CZ  -5.631  7.839  -6.832  22.06
568  33  PHE  OXT  -9.878  10.329  -5.563  8.84
569  33  PHE  H  -9.354  8.746  -3.829  4.79
570  33  PHE  HA  -8.739  11.237  -2.937  2.03
571  33  PHE  HB2  -6.59  11.247  -3.788  1.79
572  33  PHE  HB3  -6.713  9.994  -2.832  2.08
573  33  PHE  HD1  -6.959  7.733  -3.891  7.36
574  33  PHE  HD2  -5.951  10.95  -6.032  117.58
575  33  PHE  HE1  -6.205  6.362  -5.59  66.29
576  33  PHE  HE2  -5.202  9.585  -7.738  177.45
577  33  PHE  HZ  -5.331  7.288  -7.519  4.21
