1  1  GLU  N  4.438  12.284  1.396  115.74
2  1  GLU  CA  4.774  11.225  2.394  54.6
3  1  GLU  C  4.272  9.858  1.91  172.65
4  1  GLU  O  3.197  9.744  1.35  55.76
5  1  GLU  CB  4.053  11.643  3.678  22.17
6  1  GLU  CG  4.807  11.089  4.889  8.35
7  1  GLU  CD  4.443  11.903  6.131  4.37
8  1  GLU  OE1  3.453  11.573  6.763  4.03
9  1  GLU  OE2  5.158  12.846  6.43  4.25
10  1  GLU  H  4.733  13.072  1.686  120.07
11  1  GLU  H2  3.555  12.32  1.287  60.65
12  1  GLU  H3  4.825  12.094  0.618  4.03
13  1  GLU  HA  5.732  11.197  2.546  112.57
14  1  GLU  HB2  4.023  12.611  3.732  60.79
15  1  GLU  HB3  3.149  11.291  3.673  46.43
16  1  GLU  HG2  4.559  10.161  5.025  20.48
17  1  GLU  HG3  5.762  11.15  4.732  125.87
18  2  CYS  N  5.047  8.823  2.12  52.33
19  2  CYS  CA  4.623  7.46  1.67  176.55
20  2  CYS  C  3.55  6.889  2.608  128.39
21  2  CYS  O  3.312  7.406  3.684  19.37
22  2  CYS  CB  5.898  6.609  1.713  169.39
23  2  CYS  SG  6.257  6.118  3.419  4.23
24  2  CYS  H  5.803  8.927  2.516  8.65
25  2  CYS  HA  4.286  7.498  0.761  4.41
26  2  CYS  HB2  5.774  5.816  1.168  1.43
27  2  CYS  HB3  6.641  7.125  1.364  3.03
28  3  LEU  N  2.901  5.828  2.199  7.17
29  3  LEU  CA  1.839  5.215  3.051  63.39
30  3  LEU  C  2.371  3.947  3.722  7.05
31  3  LEU  O  2.84  3.037  3.063  35.81
32  3  LEU  CB  0.698  4.87  2.088  7.33
33  3  LEU  CG  -0.01  6.151  1.638  123.35
34  3  LEU  CD1  -1.006  5.819  0.523  52.48
35  3  LEU  CD2  -0.76  6.766  2.824  177.26
36  3  LEU  H  3.086  5.482  1.434  4.77
37  3  LEU  HA  1.53  5.848  3.718  8.43
38  3  LEU  HB2  1.06  4.412  1.313  1.84
39  3  LEU  HB3  0.061  4.291  2.535  8
40  3  LEU  HG  0.646  6.783  1.305  117.75
41  3  LEU  HD11  -0.846  6.399  -0.238  61.72
42  3  LEU  HD12  -1.911  5.952  0.846  174.82
43  3  LEU  HD13  -0.893  4.894  0.253  7.34
44  3  LEU  HD21  -1.042  6.061  3.428  8.17
45  3  LEU  HD22  -1.539  7.245  2.501  44.12
46  3  LEU  HD23  -0.174  7.38  3.294  175.89
47  4  GLU  N  2.296  3.879  5.027  117.21
48  4  GLU  CA  2.793  2.665  5.749  57.84
49  4  GLU  C  1.826  1.491  5.542  172.97
50  4  GLU  O  0.899  1.568  4.759  4.11
51  4  GLU  CB  2.843  3.065  7.227  64.59
52  4  GLU  CG  3.927  4.125  7.438  62.64
53  4  GLU  CD  3.665  4.862  8.753  4.74
54  4  GLU  OE1  2.858  5.778  8.746  1.76
55  4  GLU  OE2  4.273  4.497  9.745  69.17
56  4  GLU  H  1.957  4.533  5.471  1.23
57  4  GLU  HA  3.682  2.428  5.44  5.56
58  4  GLU  HB2  1.982  3.424  7.493  8.27
59  4  GLU  HB3  3.048  2.285  7.766  4.55
60  4  GLU  HG2  4.797  3.697  7.473  3.85
61  4  GLU  HG3  3.907  4.76  6.705  1.14
62  5  ILE  N  2.041  0.405  6.239  7.29
63  5  ILE  CA  1.144  -0.784  6.092  7.29
64  5  ILE  C  -0.273  -0.461  6.593  110.98
65  5  ILE  O  -0.466  0.404  7.429  127.24
66  5  ILE  CB  1.796  -1.885  6.947  55.11
67  5  ILE  CG1  1.015  -3.194  6.793  34.11
68  5  ILE  CG2  1.802  -1.473  8.423  21.81
69  5  ILE  CD  1.309  -3.809  5.424  30.6
70  5  ILE  H  2.706  0.373  6.783  8.67
71  5  ILE  HA  1.113  -1.066  5.164  119.21
72  5  ILE  HB  2.71  -2.019  6.651  61.65
73  5  ILE  HG12  1.283  -3.812  7.49  173.64
74  5  ILE  HG13  0.065  -3.015  6.869  4.5
75  5  ILE  HG21  0.932  -1.118  8.666  34.14
76  5  ILE  HG22  2.48  -0.794  8.568  2.04
77  5  ILE  HG23  2  -2.247  8.973  1.98
78  5  ILE  HD11  2.296  -4.248  5.431  1.89
79  5  ILE  HD12  1.262  -3.042  4.665  9.5
80  5  ILE  HD13  0.578  -4.573  5.209  5.01
81  6  PHE  N  -1.26  -1.16  6.078  3.21
82  6  PHE  CA  -2.682  -0.93  6.496  8.33
83  6  PHE  C  -3.086  0.539  6.287  4.19
84  6  PHE  O  -3.828  1.107  7.067  9.49
85  6  PHE  CB  -2.74  -1.316  7.983  6.92
86  6  PHE  CG  -2.89  -2.819  8.135  0.89
87  6  PHE  CD1  -2.425  -3.691  7.137  6.65
88  6  PHE  CD2  -3.489  -3.341  9.287  6.87
89  6  PHE  CE1  -2.563  -5.073  7.292  123.07
90  6  PHE  CE2  -3.626  -4.725  9.442  53.62
91  6  PHE  CZ  -3.162  -5.591  8.445  1.89
92  6  PHE  H  -1.087  -1.762  5.488  1.63
93  6  PHE  HA  -3.272  -1.508  5.988  30.87
94  6  PHE  HB2  -1.924  -1.03  8.423  6.91
95  6  PHE  HB3  -3.498  -0.876  8.399  123.67
96  6  PHE  HD1  -2.027  -3.35  6.369  51.91
97  6  PHE  HD2  -3.798  -2.767  9.95  176.69
98  6  PHE  HE1  -2.254  -5.648  6.63  9.4
99  6  PHE  HE2  -4.024  -5.069  10.209  37.01
100  6  PHE  HZ  -3.253  -6.511  8.548  8.61
101  7  LYS  N  -2.611  1.149  5.227  4.91
102  7  LYS  CA  -2.971  2.572  4.945  2.25
103  7  LYS  C  -3.876  2.637  3.712  2.85
104  7  LYS  O  -3.528  2.148  2.654  3.18
105  7  LYS  CB  -1.64  3.279  4.677  124.71
106  7  LYS  CG  -0.993  3.672  6.007  56.13
107  7  LYS  CD  -1.472  5.066  6.419  176.61
108  7  LYS  CE  -1.546  5.15  7.947  2.62
109  7  LYS  NZ  -2.598  6.166  8.233  36.28
110  7  LYS  H  -2.097  0.724  4.684  31.4
111  7  LYS  HA  -3.411  2.971  5.712  33.52
112  7  LYS  HB2  -1.049  2.682  4.193  37.05
113  7  LYS  HB3  -1.798  4.076  4.148  8.31
114  7  LYS  HG2  -1.242  3.03  6.69  4.3
115  7  LYS  HG3  -0.028  3.68  5.908  2.08
116  7  LYS  HD2  -0.849  5.732  6.089  8.95
117  7  LYS  HD3  -2.352  5.231  6.045  4.91
118  7  LYS  HE2  -1.795  4.289  8.318  3.22
119  7  LYS  HE3  -0.696  5.442  8.311  2.88
120  7  LYS  HZ1  -2.692  6.257  9.113  1.86
121  7  LYS  HZ2  -3.371  5.903  7.878  1.36
122  7  LYS  HZ3  -2.361  6.948  7.881  123.58
123  8  ALA  N  -5.039  3.228  3.846  56.4
124  8  ALA  CA  -5.984  3.319  2.687  7.56
125  8  ALA  C  -5.283  3.915  1.459  4.43
126  8  ALA  O  -4.846  5.051  1.472  40.3
127  8  ALA  CB  -7.112  4.239  3.159  4.6
128  8  ALA  H  -5.263  3.559  4.607  1.68
129  8  ALA  HA  -6.342  2.442  2.477  118.31
130  8  ALA  HB1  -7.391  3.978  4.05  60.75
131  8  ALA  HB2  -7.863  4.168  2.55  175.43
132  8  ALA  HB3  -6.795  5.156  3.177  3.01
133  9  CYS  N  -5.174  3.149  0.399  62.84
134  9  CYS  CA  -4.504  3.657  -0.839  9.52
135  9  CYS  C  -5.404  3.424  -2.061  5.09
136  9  CYS  O  -6.285  2.584  -2.042  4.27
137  9  CYS  CB  -3.207  2.848  -0.955  3.95
138  9  CYS  SG  -3.591  1.113  -1.306  7.05
139  9  CYS  H  -5.491  2.35  0.416  1.76
140  9  CYS  HA  -4.298  4.601  -0.748  6.72
141  9  CYS  HB2  -2.666  3.21  -1.674  4.78
142  9  CYS  HB3  -2.714  2.907  -0.122  3
143  10  ASN  N  -5.189  4.164  -3.121  118.46
144  10  ASN  CA  -6.032  3.99  -4.345  55.56
145  10  ASN  C  -5.255  3.236  -5.433  174.24
146  10  ASN  O  -4.038  3.269  -5.459  7.28
147  10  ASN  CB  -6.354  5.411  -4.815  28.41
148  10  ASN  CG  -7.576  5.942  -4.059  32.89
149  10  ASN  OD1  -8.642  5.361  -4.117  4.71
150  10  ASN  ND2  -7.467  7.033  -3.35  55.63
151  10  ASN  H  -4.561  4.752  -3.114  4.15
152  10  ASN  HA  -6.853  3.521  -4.128  4.15
153  10  ASN  HB2  -5.593  5.988  -4.645  117.38
154  10  ASN  HB3  -6.544  5.402  -5.766  57.5
155  10  ASN  HD21  -6.715  7.448  -3.311  172.99
156  10  ASN  HD22  -8.149  7.339  -2.924  4.83
157  11  PRO  N  -5.99  2.59  -6.31  38.85
158  11  PRO  CA  -5.361  1.832  -7.425  7.53
159  11  PRO  C  -4.744  2.801  -8.445  4.8
160  11  PRO  O  -3.744  2.501  -9.069  50.89
161  11  PRO  CB  -6.527  1.053  -8.032  3.16
162  11  PRO  CG  -7.745  1.84  -7.671  2.84
163  11  PRO  CD  -7.458  2.506  -6.351  131.37
164  11  PRO  HA  -4.691  1.218  -7.086  63.05
165  11  PRO  HB2  -6.429  0.998  -8.996  176.42
166  11  PRO  HB3  -6.579  0.165  -7.645  2.01
167  11  PRO  HG2  -7.92  2.508  -8.352  32.11
168  11  PRO  HG3  -8.508  1.248  -7.58  27.3
169  11  PRO  HD2  -7.853  3.391  -6.326  4.37
170  11  PRO  HD3  -7.783  1.964  -5.615  124.43
171  12  SER  N  -5.328  3.967  -8.604  56.08
172  12  SER  CA  -4.777  4.97  -9.565  36.76
173  12  SER  C  -3.711  5.828  -8.872  176.3
174  12  SER  O  -2.739  6.233  -9.481  30.88
175  12  SER  CB  -5.973  5.833  -9.969  4.06
176  12  SER  OG  -5.712  6.441  -11.227  64.62
177  12  SER  H  -6.029  4.16  -8.144  4.29
178  12  SER  HA  -4.406  4.528  -10.345  4.55
179  12  SER  HB2  -6.767  5.28  -10.04  2.28
180  12  SER  HB3  -6.117  6.516  -9.295  2.08
181  12  SER  HG  -5.93  7.251  -11.175  2.23
182  13  ASN  N  -3.891  6.106  -7.602  2.23
183  13  ASN  CA  -2.897  6.937  -6.86  1.99
184  13  ASN  C  -2.082  6.054  -5.909  1.99
185  13  ASN  O  -2.347  5.987  -4.722  118.02
186  13  ASN  CB  -3.733  7.955  -6.075  53.85
187  13  ASN  CG  -4.356  8.965  -7.043  117.74
188  13  ASN  OD1  -5.407  8.721  -7.601  58.72
189  13  ASN  ND2  -3.749  10.099  -7.265  177.22
190  13  ASN  H  -4.586  5.808  -7.192  8.49
191  13  ASN  HA  -2.31  7.398  -7.48  32.79
192  13  ASN  HB2  -4.436  7.491  -5.593  24.61
193  13  ASN  HB3  -3.163  8.422  -5.445  29.24
194  13  ASN  HD21  -3.005  10.274  -6.87  4.08
195  13  ASN  HD22  -4.093  10.671  -7.807  1.81
196  14  ASP  N  -1.091  5.373  -6.427  1.84
197  14  ASP  CA  -0.251  4.488  -5.564  1.43
198  14  ASP  C  0.827  5.312  -4.853  1.21
199  14  ASP  O  1.698  5.884  -5.481  1.7
200  14  ASP  CB  0.385  3.479  -6.524  1.63
201  14  ASP  CG  -0.495  2.229  -6.614  115.28
202  14  ASP  OD1  -1.601  2.339  -7.119  53.16
203  14  ASP  OD2  -0.046  1.183  -6.178  175.33
204  14  ASP  H  -0.925  5.434  -7.269  55.18
205  14  ASP  HA  -0.804  4.024  -4.916  38.26
206  14  ASP  HB2  0.468  3.879  -7.404  126.59
207  14  ASP  HB3  1.264  3.232  -6.197  54.88
208  15  GLN  N  0.77  5.376  -3.546  7.09
209  15  GLN  CA  1.788  6.162  -2.784  4.34
210  15  GLN  C  2.26  5.367  -1.558  3.84
211  15  GLN  O  2.401  5.902  -0.476  7.89
212  15  GLN  CB  1.058  7.443  -2.361  8.37
213  15  GLN  CG  1.744  8.659  -2.99  4.8
214  15  GLN  CD  2.588  9.376  -1.932  3
215  15  GLN  OE1  2.191  10.403  -1.417  7.12
216  15  GLN  NE2  3.742  8.876  -1.583  6.97
217  15  GLN  H  0.145  4.965  -3.122  6.77
218  15  GLN  HA  2.542  6.381  -3.354  59.75
219  15  GLN  HB2  0.136  7.404  -2.66  55.21
220  15  GLN  HB3  1.08  7.527  -1.395  117.57
221  15  GLN  HG2  2.316  8.369  -3.718  117.44
222  15  GLN  HG3  1.071  9.269  -3.331  52.8
223  15  GLN  HE21  4.025  8.15  -1.946  175.65
224  15  GLN  HE22  4.22  9.274  -0.989  28.79
225  16  CYS  N  2.505  4.089  -1.726  19.08
226  16  CYS  CA  2.964  3.247  -0.577  4.52
227  16  CYS  C  4.468  3.432  -0.334  1.85
228  16  CYS  O  5.194  3.893  -1.196  1.89
229  16  CYS  CB  2.666  1.808  -0.999  7.49
230  16  CYS  SG  2.28  0.82  0.465  4.52
231  16  CYS  H  2.397  3.732  -2.501  2.21
232  16  CYS  HA  2.464  3.466  0.225  2.06
233  16  CYS  HB2  1.907  1.799  -1.603  2.13
234  16  CYS  HB3  3.441  1.434  -1.446  8.34
235  17  CYS  N  4.94  3.07  0.836  117.59
236  17  CYS  CA  6.397  3.22  1.139  59.77
237  17  CYS  C  7.189  2.056  0.528  2.42
238  17  CYS  O  6.975  0.905  0.861  117.09
239  17  CYS  CB  6.498  3.197  2.667  56.4
240  17  CYS  SG  7.539  4.569  3.225  175.29
241  17  CYS  H  4.411  2.744  1.43  124.11
242  17  CYS  HA  6.727  4.066  0.798  38.15
243  17  CYS  HB2  5.612  3.287  3.052  115.13
244  17  CYS  HB3  6.891  2.357  2.953  8.68
245  18  LYS  N  8.105  2.352  -0.362  8.63
246  18  LYS  CA  8.92  1.269  -0.999  4.97
247  18  LYS  C  10.053  0.832  -0.062  2.06
248  18  LYS  O  10.442  -0.321  -0.047  2.44
249  18  LYS  CB  9.494  1.89  -2.275  2.33
250  18  LYS  CG  8.374  2.087  -3.301  122.97
251  18  LYS  CD  8.528  3.453  -3.975  62.19
252  18  LYS  CE  7.212  3.837  -4.66  1.46
253  18  LYS  NZ  7.235  3.132  -5.975  1.78
254  18  LYS  H  8.239  3.173  -0.579  111.51
255  18  LYS  HA  8.357  0.511  -1.224  63.08
256  18  LYS  HB2  9.896  2.747  -2.064  174.49
257  18  LYS  HB3  10.168  1.299  -2.646  1.6
258  18  LYS  HG2  8.424  1.388  -3.971  69.59
259  18  LYS  HG3  7.514  2.045  -2.854  4.45
260  18  LYS  HD2  8.753  4.12  -3.308  8.11
261  18  LYS  HD3  9.234  3.409  -4.638  4.22
262  18  LYS  HE2  6.458  3.538  -4.128  4.08
263  18  LYS  HE3  7.17  4.796  -4.798  3.49
264  18  LYS  HZ1  6.466  3.273  -6.4  3.49
265  18  LYS  HZ2  7.345  2.259  -5.841  118.3
266  18  LYS  HZ3  7.906  3.444  -6.469  55.43
267  19  SER  N  10.582  1.744  0.719  176.85
268  19  SER  CA  11.69  1.386  1.661  170.27
269  19  SER  C  11.2  0.383  2.716  40.97
270  19  SER  O  11.964  -0.42  3.216  27.22
271  19  SER  CB  12.095  2.705  2.319  25.23
272  19  SER  OG  13.282  2.509  3.077  22.88
273  19  SER  H  10.29  2.552  0.692  8.43
274  19  SER  HA  12.442  1.018  1.17  4.28
275  19  SER  HB2  12.261  3.373  1.635  1.67
276  19  SER  HB3  11.378  3.01  2.896  1.78
277  19  SER  HG  13.939  2.66  2.576  1.69
278  20  SER  N  9.93  0.42  3.05  174.47
279  20  SER  CA  9.387  -0.536  4.065  3.74
280  20  SER  C  8.771  -1.768  3.378  64.03
281  20  SER  O  8.018  -2.506  3.986  1.8
282  20  SER  CB  8.308  0.251  4.811  1.45
283  20  SER  OG  8.924  1.245  5.619  4.3
284  20  SER  H  9.406  0.993  2.68  120.79
285  20  SER  HA  10.084  -0.807  4.682  56.33
286  20  SER  HB2  7.717  0.679  4.172  175.47
287  20  SER  HB3  7.794  -0.356  5.366  3.84
288  20  SER  HG  8.357  1.847  5.766  29.48
289  21  LYS  N  9.086  -1.993  2.116  33.14
290  21  LYS  CA  8.525  -3.17  1.374  3.87
291  21  LYS  C  6.989  -3.176  1.45  3.87
292  21  LYS  O  6.375  -4.185  1.747  1.73
293  21  LYS  CB  9.117  -4.41  2.06  8.19
294  21  LYS  CG  10.595  -4.554  1.677  4.33
295  21  LYS  CD  10.763  -5.713  0.689  1.96
296  21  LYS  CE  11.303  -6.942  1.428  2.03
297  21  LYS  NZ  11.134  -8.075  0.474  2.41
298  21  LYS  H  9.62  -1.457  1.708  2.45
299  21  LYS  HA  8.811  -3.144  0.447  4.01
300  21  LYS  HB2  9.04  -4.316  3.022  1.44
301  21  LYS  HB3  8.632  -5.2  1.774  124.68
302  21  LYS  HG2  10.904  -3.732  1.266  57.64
303  21  LYS  HG3  11.118  -4.734  2.474  174.38
304  21  LYS  HD2  9.906  -5.925  0.288  1.59
305  21  LYS  HD3  11.39  -5.455  -0.005  38.68
306  21  LYS  HE2  12.24  -6.818  1.645  4.55
307  21  LYS  HE3  10.787  -7.106  2.233  3.87
308  21  LYS  HZ1  11.583  -7.904  -0.275  3.87
309  21  LYS  HZ2  10.27  -8.175  0.285  9.09
310  21  LYS  HZ3  11.445  -8.824  0.841  5.03
311  22  LEU  N  6.367  -2.053  1.178  2.95
312  22  LEU  CA  4.873  -1.983  1.229  3.11
313  22  LEU  C  4.313  -1.653  -0.159  3.11
314  22  LEU  O  4.896  -0.886  -0.903  3.01
315  22  LEU  CB  4.547  -0.853  2.211  17.57
316  22  LEU  CG  5.046  -1.213  3.614  8
317  22  LEU  CD1  4.997  0.029  4.503  61.03
318  22  LEU  CD2  4.154  -2.303  4.214  174.27
319  22  LEU  H  6.819  -1.353  0.968  1.55
320  22  LEU  HA  4.504  -2.82  1.552  128.02
321  22  LEU  HB2  4.979  -0.036  1.916  53.14
322  22  LEU  HB3  3.587  -0.717  2.238  171.7
323  22  LEU  HG  5.96  -1.534  3.559  4.3
324  22  LEU  HD11  5.363  -0.183  5.376  31.25
325  22  LEU  HD12  4.077  0.32  4.601  27.23
326  22  LEU  HD13  5.519  0.739  4.097  43.6
327  22  LEU  HD21  3.294  -1.922  4.452  121.06
328  22  LEU  HD22  4.578  -2.664  5.008  7.48
329  22  LEU  HD23  4.026  -3.012  3.565  7.3
330  23  VAL  N  3.186  -2.223  -0.51  119.34
331  23  VAL  CA  2.584  -1.94  -1.852  8.68
332  23  VAL  C  1.059  -1.823  -1.739  4.51
333  23  VAL  O  0.417  -2.594  -1.049  1.76
334  23  VAL  CB  2.98  -3.127  -2.747  1.79
335  23  VAL  CG1  4.476  -3.047  -3.065  1.58
336  23  VAL  CG2  2.685  -4.454  -2.034  8.33
337  23  VAL  H  2.789  -2.76  0.032  3.17
338  23  VAL  HA  2.952  -1.12  -2.216  3.28
339  23  VAL  HB  2.477  -3.085  -3.575  7.17
340  23  VAL  HG11  4.697  -2.149  -3.358  120.09
341  23  VAL  HG12  4.693  -3.679  -3.768  59.93
342  23  VAL  HG13  4.988  -3.262  -2.27  2.94
343  23  VAL  HG21  2.784  -5.187  -2.662  2.94
344  23  VAL  HG22  1.778  -4.443  -1.691  131.27
345  23  VAL  HG23  3.307  -4.573  -1.299  63.03
346  24  CYS  N  0.477  -0.86  -2.413  176.25
347  24  CYS  CA  -1.009  -0.679  -2.352  4.43
348  24  CYS  C  -1.717  -1.909  -2.934  7.35
349  24  CYS  O  -1.507  -2.272  -4.077  8.32
350  24  CYS  CB  -1.298  0.561  -3.205  4.63
351  24  CYS  SG  -3.081  0.875  -3.246  118.9
352  24  CYS  H  0.952  -0.328  -2.893  55.05
353  24  CYS  HA  -1.293  -0.525  -1.437  173.41
354  24  CYS  HB2  -0.843  1.328  -2.823  41.5
355  24  CYS  HB3  -0.976  0.412  -4.108  8.58
356  25  SER  N  -2.547  -2.552  -2.152  4.24
357  25  SER  CA  -3.267  -3.761  -2.649  4.03
358  25  SER  C  -4.781  -3.53  -2.617  119.28
359  25  SER  O  -5.352  -3.263  -1.575  54.46
360  25  SER  CB  -2.878  -4.879  -1.68  175.28
361  25  SER  OG  -2.883  -6.121  -2.37  1.33
362  25  SER  H  -2.676  -2.279  -1.347  39.03
363  25  SER  HA  -2.976  -3.986  -3.547  63.53
364  25  SER  HB2  -1.989  -4.712  -1.329  176.47
365  25  SER  HB3  -3.514  -4.904  -0.948  7.11
366  25  SER  HG  -2.085  -6.346  -2.505  32.53
367  26  ARG  N  -5.435  -3.648  -3.746  27.33
368  26  ARG  CA  -6.92  -3.454  -3.777  114.67
369  26  ARG  C  -7.609  -4.587  -3.004  45.35
370  26  ARG  O  -8.687  -4.413  -2.47  174.52
371  26  ARG  CB  -7.313  -3.498  -5.256  3.36
372  26  ARG  CG  -7.985  -2.179  -5.642  117.42
373  26  ARG  CD  -8.45  -2.246  -7.1  32.34
374  26  ARG  NE  -9.93  -2.082  -7.044  4.44
375  26  ARG  CZ  -10.698  -3.124  -6.853  2.32
376  26  ARG  NH1  -10.916  -3.963  -7.833  1.95
377  26  ARG  NH2  -11.247  -3.324  -5.683  8.99
378  26  ARG  H  -5.012  -3.847  -4.468  3.82
379  26  ARG  HA  -7.156  -2.594  -3.396  9.42
380  26  ARG  HB2  -6.521  -3.63  -5.8  2.99
381  26  ARG  HB3  -7.933  -4.229  -5.404  3.91
382  26  ARG  HG2  -8.749  -2.026  -5.064  121.31
383  26  ARG  HG3  -7.351  -1.452  -5.54  55.33
384  26  ARG  HD2  -8.049  -1.527  -7.613  176.67
385  26  ARG  HD3  -8.225  -3.106  -7.488  1.46
386  26  ARG  HE  -10.28  -1.302  -7.136  30.53
387  26  ARG  HH11  -10.554  -3.831  -8.602  29.54
388  26  ARG  HH12  -11.42  -4.649  -7.709  117.05
389  26  ARG  HH21  -11.104  -2.772  -5.04  61.19
390  26  ARG  HH22  -11.753  -4.008  -5.555  173.52
391  27  LYS  N  -6.984  -5.744  -2.934  173.86
392  27  LYS  CA  -7.587  -6.89  -2.186  62.22
393  27  LYS  C  -7.817  -6.494  -0.722  3.77
394  27  LYS  O  -8.885  -6.699  -0.179  9.38
395  27  LYS  CB  -6.554  -8.018  -2.292  4.2
396  27  LYS  CG  -7.186  -9.343  -1.86  3.86
397  27  LYS  CD  -6.798  -9.646  -0.411  4.13
398  27  LYS  CE  -7.335  -11.024  -0.016  120.27
399  27  LYS  NZ  -7.309  -11.039  1.474  52.66
400  27  LYS  H  -6.219  -5.84  -3.316  175.91
401  27  LYS  HA  -8.421  -7.163  -2.599  34.63
402  27  LYS  HB2  -6.25  -8.09  -3.21  8.43
403  27  LYS  HB3  -5.799  -7.819  -1.716  127.24
404  27  LYS  HG2  -8.151  -9.28  -1.93  8.49
405  27  LYS  HG3  -6.865  -10.056  -2.434  114.44
406  27  LYS  HD2  -5.832  -9.638  -0.327  55.06
407  27  LYS  HD3  -7.18  -8.973  0.174  173.57
408  27  LYS  HE2  -8.242  -11.137  -0.34  2.61
409  27  LYS  HE3  -6.761  -11.723  -0.365  37.66
410  27  LYS  HZ1  -6.472  -10.937  1.759  8.64
411  27  LYS  HZ2  -7.63  -11.815  1.769  4.43
412  27  LYS  HZ3  -7.81  -10.373  1.786  7.61
413  28  THR  N  -6.827  -5.911  -0.088  2.81
414  28  THR  CA  -6.995  -5.48  1.336  3.18
415  28  THR  C  -7.457  -4.013  1.403  117.99
416  28  THR  O  -7.696  -3.487  2.472  54.88
417  28  THR  CB  -5.613  -5.641  1.983  174.35
418  28  THR  OG1  -4.631  -4.977  1.197  7.28
419  28  THR  CG2  -5.265  -7.127  2.094  33.71
420  28  THR  H  -6.083  -5.764  -0.494  1.69
421  28  THR  HA  -7.635  -6.053  1.786  8.78
422  28  THR  HB  -5.63  -5.254  2.872  7.87
423  28  THR  HG1  -3.956  -4.848  1.681  4.44
424  28  THR  HG21  -6.061  -7.63  2.326  2.1
425  28  THR  HG22  -4.594  -7.252  2.783  2.51
426  28  THR  HG23  -4.919  -7.443  1.245  2.32
427  29  ARG  N  -7.59  -3.357  0.266  60.83
428  29  ARG  CA  -8.043  -1.926  0.233  173.67
429  29  ARG  C  -7.018  -0.98  0.885  119.56
430  29  ARG  O  -7.333  0.154  1.197  62.59
431  29  ARG  CB  -9.374  -1.898  0.995  174.44
432  29  ARG  CG  -10.481  -1.411  0.06  116.69
433  29  ARG  CD  -11.746  -1.121  0.87  69.28
434  29  ARG  NE  -12.212  0.209  0.388  116.14
435  29  ARG  CZ  -12.073  1.265  1.145  131.6
436  29  ARG  NH1  -10.889  1.796  1.316  0.8
437  29  ARG  NH2  -13.118  1.789  1.731  8.24
438  29  ARG  H  -7.418  -3.755  -0.477  4.84
439  29  ARG  HA  -8.196  -1.653  -0.685  1.92
440  29  ARG  HB2  -9.587  -2.791  1.309  125.81
441  29  ARG  HB3  -9.303  -1.295  1.751  54.03
442  29  ARG  HG2  -10.191  -0.602  -0.39  175.17
443  29  ARG  HG3  -10.672  -2.096  -0.599  117.27
444  29  ARG  HD2  -12.418  -1.799  0.699  31.03
445  29  ARG  HD3  -11.54  -1.078  1.817  34.63
446  29  ARG  HE  -12.573  0.282  -0.389  2.4
447  29  ARG  HH11  -10.202  1.45  0.931  32.07
448  29  ARG  HH12  -10.796  2.491  1.815  128.4
449  29  ARG  HH21  -13.895  1.439  1.618  57.89
450  29  ARG  HH22  -13.028  2.484  2.229  176.75
451  30  TRP  N  -5.794  -1.42  1.075  1.9
452  30  TRP  CA  -4.763  -0.521  1.687  41.6
453  30  TRP  C  -3.348  -1.048  1.41  2.25
454  30  TRP  O  -3.169  -2.051  0.743  2.1
455  30  TRP  CB  -5.062  -0.489  3.2  123.71
456  30  TRP  CG  -5.049  -1.868  3.798  9.7
457  30  TRP  CD1  -4.053  -2.775  3.667  4.59
458  30  TRP  CD2  -6.06  -2.494  4.638  1.63
459  30  TRP  NE1  -4.393  -3.918  4.365  37.03
460  30  TRP  CE2  -5.621  -3.795  4.98  24.23
461  30  TRP  CE3  -7.307  -2.065  5.127  118.54
462  30  TRP  CZ2  -6.391  -4.639  5.781  108.45
463  30  TRP  CZ3  -8.084  -2.911  5.934  47.79
464  30  TRP  CH2  -7.627  -4.196  6.259  172.19
465  30  TRP  H  -5.58  -2.218  0.837  1.8
466  30  TRP  HA  -4.854  0.373  1.323  1.8
467  30  TRP  HB2  -4.392  0.053  3.645  9.16
468  30  TRP  HB3  -5.934  -0.089  3.341  50.93
469  30  TRP  HD1  -3.269  -2.652  3.182  176.27
470  30  TRP  HE1  -3.911  -4.628  4.419  36.07
471  30  TRP  HE3  -7.619  -1.215  4.916  20.53
472  30  TRP  HZ2  -6.083  -5.49  5.995  106.83
473  30  TRP  HZ3  -8.907  -2.618  6.253  52.4
474  30  TRP  HH2  -8.146  -4.753  6.794  175.4
475  31  CYS  N  -2.343  -0.375  1.916  8.6
476  31  CYS  CA  -0.936  -0.829  1.686  39.39
477  31  CYS  C  -0.69  -2.17  2.384  175.7
478  31  CYS  O  -0.997  -2.341  3.549  2.54
479  31  CYS  CB  -0.054  0.264  2.292  4.78
480  31  CYS  SG  0.431  1.43  0.998  3.12
481  31  CYS  H  -2.494  0.332  2.382  3.57
482  31  CYS  HA  -0.76  -0.906  0.735  120.71
483  31  CYS  HB2  -0.547  0.734  2.983  53.61
484  31  CYS  HB3  0.74  -0.138  2.678  119.41
485  32  LYS  N  -0.145  -3.123  1.674  57.93
486  32  LYS  CA  0.117  -4.462  2.281  117.59
487  32  LYS  C  1.566  -4.883  2.022  60.59
488  32  LYS  O  2.134  -4.58  0.989  175.65
489  32  LYS  CB  -0.857  -5.407  1.569  3.08
490  32  LYS  CG  -0.854  -6.774  2.26  32.95
491  32  LYS  CD  -2.068  -7.585  1.799  26.8
492  32  LYS  CE  -1.601  -8.901  1.168  44.93
493  32  LYS  NZ  -1.606  -9.892  2.282  175.37
494  32  LYS  H  0.061  -2.98  0.851  8.97
495  32  LYS  HA  -0.069  -4.449  3.233  3.84
496  32  LYS  HB2  -1.751  -5.032  1.601  1.43
497  32  LYS  HB3  -0.586  -5.515  0.644  1.97
498  32  LYS  HG2  -0.04  -7.249  2.03  7.92
499  32  LYS  HG3  -0.896  -6.65  3.221  6.95
500  32  LYS  HD2  -2.637  -7.775  2.562  120.12
501  32  LYS  HD3  -2.569  -7.075  1.143  62.09
502  32  LYS  HE2  -2.215  -9.174  0.469  175.47
503  32  LYS  HE3  -0.704  -8.807  0.812  7.97
504  32  LYS  HZ1  -1.057  -9.619  2.927  36.29
505  32  LYS  HZ2  -1.336  -10.683  1.976  120.09
506  32  LYS  HZ3  -2.43  -9.965  2.61  56.03
507  33  TYR  N  2.168  -5.583  2.953  173.57
508  33  TYR  CA  3.583  -6.03  2.763  1.28
509  33  TYR  C  3.696  -6.887  1.496  30.03
510  33  TYR  O  2.816  -7.671  1.184  36.93
511  33  TYR  CB  3.936  -6.846  4.02  8.29
512  33  TYR  CG  3.149  -8.142  4.06  4.38
513  33  TYR  CD1  1.895  -8.183  4.685  3.22
514  33  TYR  CD2  3.677  -9.303  3.477  3.28
515  33  TYR  CE1  1.171  -9.38  4.725  2.37
516  33  TYR  CE2  2.951  -10.5  3.519  2.2
517  33  TYR  CZ  1.699  -10.538  4.142  54.37
518  33  TYR  OH  0.985  -11.718  4.184  18.31
519  33  TYR  H  1.747  -5.786  3.675  117.51
520  33  TYR  HA  4.168  -5.259  2.696  117.12
521  33  TYR  HB2  4.885  -7.049  4.013  56.87
522  33  TYR  HB3  3.73  -6.321  4.809  178.15
523  33  TYR  HD1  1.543  -7.415  5.073  1.19
524  33  TYR  HD2  4.509  -9.278  3.061  39.37
525  33  TYR  HE1  0.339  -9.407  5.139  61.03
526  33  TYR  HE2  3.302  -11.27  3.133  174.17
527  33  TYR  HH  0.423  -11.705  3.56  8.33
528  34  GLN  N  4.768  -6.735  0.759  4.57
529  34  GLN  CA  4.933  -7.534  -0.492  60.71
530  34  GLN  C  5.387  -8.959  -0.156  3.72
531  34  GLN  O  6.378  -9.163  0.521  2.02
532  34  GLN  CB  5.999  -6.801  -1.311  8.3
533  34  GLN  CG  5.66  -6.913  -2.8  5.15
534  34  GLN  CD  6.871  -7.447  -3.568  130.02
535  34  GLN  OE1  7.758  -6.697  -3.923  57.34
536  34  GLN  NE2  6.949  -8.722  -3.842  118.41
537  34  GLN  H  5.373  -6.171  0.993  61.16
538  34  GLN  HA  4.099  -7.556  -0.986  175.3
539  34  GLN  HB2  6.019  -5.866  -1.053  8.6
540  34  GLN  HB3  6.867  -7.201  -1.147  40.41
541  34  GLN  HG2  4.911  -7.519  -2.915  7.01
542  34  GLN  HG3  5.422  -6.037  -3.143  128.67
543  34  GLN  HE21  6.323  -9.256  -3.591  52.79
544  34  GLN  HE22  7.626  -9.028  -4.275  8.31
545  35  ILE  N  4.663  -9.943  -0.627  3.51
546  35  ILE  CA  5.038  -11.365  -0.341  2.85
547  35  ILE  C  6.184  -11.818  -1.264  2.89
548  35  ILE  O  6.941  -12.681  -0.851  1.59
549  35  ILE  CB  3.76  -12.18  -0.606  2.41
550  35  ILE  CG1  3.968  -13.623  -0.126  6.9
551  35  ILE  CG2  3.437  -12.181  -2.106  56.53
552  35  ILE  CD  2.614  -14.327  -0.003  173.47
553  35  ILE  OXT  6.288  -11.293  -2.363  116.07
554  35  ILE  H  3.966  -9.772  -1.102  58.63
555  35  ILE  HA  5.3  -11.46  0.588  177.22
556  35  ILE  HB  3.02  -11.783  -0.12  53.91
557  35  ILE  HG12  4.523  -14.098  -0.764  36.22
558  35  ILE  HG13  4.406  -13.615  0.74  39.89
559  35  ILE  HG21  3.675  -11.322  -2.489  9.21
560  35  ILE  HG22  2.488  -12.338  -2.233  4.08
561  35  ILE  HG23  3.942  -12.883  -2.546  3.02
562  35  ILE  HD11  1.907  -13.668  0.481  3.13
563  35  ILE  HD12  2.728  -15.226  0.585  53.46
564  35  ILE  HD13  2.251  -14.584  -0.987  118.41
