1  1  GLY  N  -16.14  12.242  -1.967  115.74
2  1  GLY  CA  -17.349  13.092  -1.871  43.57
3  1  GLY  C  -17.317  13.967  -0.638  172.65
4  1  GLY  O  -16.331  13.953  0.099  55.76
5  1  GLY  H  -16.319  11.499  -2.422  22.17
6  1  GLY  H2  -15.855  12.018  -1.154  8.35
7  1  GLY  H3  -15.49  12.683  -2.385  4.37
8  1  GLY  HA2  -17.402  13.657  -2.658  4.03
9  1  GLY  HA3  -18.135  12.524  -1.835  4.25
10  2  PRO  N  -18.385  14.734  -0.376  120.07
11  2  PRO  CA  -18.464  15.596  0.803  60.65
12  2  PRO  C  -18.427  14.791  2.099  4.03
13  2  PRO  O  -19.05  13.73  2.195  4.14
14  2  PRO  CB  -19.812  16.307  0.649  2.19
15  2  PRO  CG  -20.599  15.45  -0.278  2.19
16  2  PRO  CD  -19.602  14.81  -1.199  2.5
17  2  PRO  HA  -17.748  16.251  0.811  2.5
18  2  PRO  HB2  -20.242  16.381  1.515  52.33
19  2  PRO  HB3  -19.67  17.192  0.277  176.55
20  2  PRO  HG2  -21.078  14.773  0.225  128.39
21  2  PRO  HG3  -21.22  15.997  -0.784  58.33
22  2  PRO  HD2  -19.902  13.925  -1.461  174.56
23  2  PRO  HD3  -19.457  15.365  -1.981  4.23
24  3  LEU  N  -17.64  15.27  3.062  8.87
25  3  LEU  CA  -17.463  14.596  4.352  4.55
26  3  LEU  C  -16.84  13.215  4.174  4.77
27  3  LEU  O  -17.029  12.325  5.005  3.91
28  3  LEU  CB  -18.801  14.467  5.089  3.82
29  3  LEU  CG  -19.517  15.783  5.38  3.85
30  3  LEU  CD1  -20.909  15.774  4.772  7.05
31  3  LEU  CD2  -19.596  16.026  6.877  35.81
32  3  LEU  H  -17.201  15.994  2.912  7.33
33  3  LEU  HA  -16.864  15.14  4.888  8.55
34  3  LEU  HB2  -19.39  13.914  4.552  4.45
35  3  LEU  HB3  -18.64  14.015  5.932  3.98
36  3  LEU  HG  -19.017  16.513  4.983  4.77
37  3  LEU  HD11  -21.171  16.681  4.551  8.43
38  3  LEU  HD12  -20.906  15.232  3.967  28.98
39  3  LEU  HD13  -21.538  15.4  5.409  8.5
40  3  LEU  HD21  -20.307  16.659  7.062  4.65
41  3  LEU  HD22  -19.784  15.188  7.329  61.72
42  3  LEU  HD23  -18.752  16.384  7.193  1.92
43  4  GLY  N  -16.134  13.022  3.073  2.07
44  4  GLY  CA  -15.547  11.733  2.795  8.17
45  4  GLY  C  -14.556  11.783  1.657  8.21
46  4  GLY  O  -14.879  11.417  0.525  4.32
47  4  GLY  H  -16.048  13.663  2.506  1.82
48  4  GLY  HA2  -15.097  11.415  3.594  1.82
49  4  GLY  HA3  -16.255  11.11  2.566  1.44
50  5  SER  N  -13.343  12.223  1.957  1.38
51  5  SER  CA  -12.284  12.272  0.968  1.72
52  5  SER  C  -11.844  10.853  0.625  1.65
53  5  SER  O  -11.966  10.413  -0.52  3.01
54  5  SER  CB  -11.115  13.091  1.514  3.01
55  5  SER  OG  -11.441  13.636  2.785  1.88
56  5  SER  H  -13.167  12.457  2.766  2.28
57  5  SER  HA  -12.633  12.701  0.171  1.99
58  5  SER  HB2  -10.336  12.521  1.609  2
59  5  SER  HB3  -10.911  13.817  0.903  3.63
60  5  SER  HG  -10.846  13.426  3.339  3.79
61  6  ASP  N  -11.5  10.1  1.662  1.14
62  6  ASP  CA  -11.19  8.682  1.535  7.29
63  6  ASP  C  -11.039  8.073  2.921  8.38
64  6  ASP  O  -11.337  8.734  3.919  4.34
65  6  ASP  CB  -9.912  8.464  0.72  127.24
66  6  ASP  CG  -10.003  7.227  -0.148  124.34
67  6  ASP  OD1  -10.52  7.32  -1.282  52.25
68  6  ASP  OD2  -9.569  6.147  0.303  178.03
69  6  ASP  H  -11.539  10.442  2.45  2.76
70  6  ASP  HA  -11.934  8.254  1.083  19.27
71  6  ASP  HB2  -9.764  9.233  0.148  119.21
72  6  ASP  HB3  -9.16  8.363  1.324  61.65
73  7  HSE  N  -10.555  6.845  2.996  173.64
74  7  HSE  CA  -10.345  6.199  4.285  4.5
75  7  HSE  C  -8.862  6.194  4.644  8.13
76  7  HSE  O  -8.009  6.41  3.777  4.21
77  7  HSE  CB  -10.918  4.77  4.291  4.05
78  7  HSE  CG  -10.221  3.804  3.372  1.89
79  7  HSE  ND1  -10.688  3.555  2.105  9.5
80  7  HSE  CD2  -9.127  3.036  3.596  5.01
81  7  HSE  CE1  -9.877  2.645  1.591  3.21
82  7  HSE  NE2  -8.916  2.299  2.459  8.33
83  7  HSE  H  -10.294  6.375  2.171  4.19
84  7  HSE  HA  -10.87  6.784  5.027  9.49
85  7  HSE  HB2  -10.851  4.373  5.292  6.92
86  7  HSE  HB3  -11.958  4.81  4  0.89
87  7  HSE  HD2  -8.53  3.012  4.495  6.65
88  7  HSE  HE1  -9.979  2.23  0.601  8.21
89  7  HSE  HE2  -8.364  1.485  2.405  4.45
90  8  HSE  N  -8.569  5.991  5.929  3.98
91  8  HSE  CA  -7.198  5.997  6.434  3.87
92  8  HSE  C  -6.558  7.371  6.229  33.23
93  8  HSE  O  -7.176  8.398  6.52  30.87
94  8  HSE  CB  -6.363  4.9  5.759  6.91
95  8  HSE  CG  -6.653  3.517  6.26  8.26
96  8  HSE  ND1  -7.175  3.296  7.511  4.25
97  8  HSE  CD2  -6.457  2.328  5.646  176.69
98  8  HSE  CE1  -7.285  1.981  7.628  9.4
99  8  HSE  NE2  -6.86  1.355  6.521  37.01
100  8  HSE  H  -9.305  5.859  6.566  8.61
101  8  HSE  HA  -7.242  5.794  7.495  4.91
102  8  HSE  HB2  -6.561  4.914  4.698  123.11
103  8  HSE  HB3  -5.316  5.102  5.928  56.15
104  8  HSE  HD2  -6.051  2.17  4.658  176.29
105  8  HSE  HE1  -7.659  1.477  8.508  8.2
106  8  HSE  HE2  -6.625  0.403  6.457  4.09
107  9  MET  N  -5.352  7.394  5.68  2.43
108  9  MET  CA  -4.683  8.652  5.389  2.35
109  9  MET  C  -5.123  9.176  4.033  6.97
110  9  MET  O  -5.168  8.429  3.055  6.97
111  9  MET  CB  -3.165  8.476  5.42  6.78
112  9  MET  CG  -2.592  8.362  6.821  6.78
113  9  MET  SD  -0.825  8.715  6.881  8.31
114  9  MET  CE  -0.834  10.344  7.621  8.3
115  9  MET  H  -4.981  6.656  5.44  4.26
116  9  MET  HA  -4.942  9.293  6.069  1.6
117  9  MET  HB2  -2.933  7.671  4.931  1.6
118  9  MET  HB3  -2.752  9.238  4.984  3.22
119  9  MET  HG2  -3.054  8.99  7.399  8.06
120  9  MET  HG3  -2.742  7.46  7.144  3.68
121  9  MET  HE1  -1.35  10.323  8.442  2.91
122  9  MET  HE2  0.077  10.612  7.819  123.58
123  9  MET  HE3  -1.232  10.978  7.004  116.46
124  10  GLU  N  -5.494  10.446  3.983  61.6
125  10  GLU  CA  -5.969  11.049  2.745  173.82
126  10  GLU  C  -4.81  11.28  1.778  40.3
127  10  GLU  O  -5.016  11.455  0.574  69.83
128  10  GLU  CB  -6.7  12.365  3.026  1.68
129  10  GLU  CG  -5.969  13.283  3.992  21.63
130  10  GLU  CD  -6.417  13.096  5.425  8.24
131  10  GLU  OE1  -7.375  13.778  5.853  4.21
132  10  GLU  OE2  -5.816  12.262  6.131  3.98
133  10  GLU  H  -5.484  10.916  4.703  7.67
134  10  GLU  HA  -6.591  10.427  2.337  4.14
135  10  GLU  HB2  -6.82  12.84  2.189  2.1
136  10  GLU  HB3  -7.572  12.163  3.4  2.1
137  10  GLU  HG2  -5.019  13.094  3.94  2.46
138  10  GLU  HG3  -6.132  14.204  3.734  2.46
139  11  PHE  N  -3.591  11.188  2.295  174.94
140  11  PHE  CA  -2.401  11.292  1.468  6.72
141  11  PHE  C  -1.413  10.195  1.827  39.51
142  11  PHE  O  -1.588  9.48  2.811  3
143  11  PHE  CB  -1.721  12.661  1.631  118.46
144  11  PHE  CG  -1.388  13.01  3.055  55.56
145  11  PHE  CD1  -2.299  13.68  3.851  174.24
146  11  PHE  CD2  -0.163  12.658  3.598  7.28
147  11  PHE  CE1  -1.996  13.991  5.161  7.99
148  11  PHE  CE2  0.146  12.967  4.905  4.13
149  11  PHE  CZ  -0.772  13.635  5.689  1.69
150  11  PHE  H  -3.503  10.987  3.126  1.58
151  11  PHE  HA  -2.671  11.181  0.543  1.44
152  11  PHE  HB2  -0.892  12.66  1.127  4.49
153  11  PHE  HB3  -2.303  13.352  1.278  2.63
154  11  PHE  HD1  -3.122  13.923  3.494  2.82
155  11  PHE  HD2  0.456  12.209  3.069  7.07
156  11  PHE  HE1  -2.617  14.44  5.688  6.78
157  11  PHE  HE2  0.972  12.727  5.259  38.85
158  11  PHE  HZ  -0.567  13.844  6.572  7.53
159  12  CYS  N  -0.339  10.131  1.07  4.8
160  12  CYS  CA  0.737  9.199  1.334  50.89
161  12  CYS  C  1.562  9.674  2.521  113.94
162  12  CYS  O  2.032  10.807  2.534  60.7
163  12  CYS  CB  1.621  9.116  0.103  172.83
164  12  CYS  SG  2.393  7.518  -0.194  8.24
165  12  CYS  H  -0.257  10.69  0.422  5.03
166  12  CYS  HA  0.357  8.327  1.523  3.16
167  12  CYS  HB2  1.088  9.331  -0.679  2.48
168  12  CYS  HB3  2.331  9.771  0.186  27.3
169  12  CYS  HG  2.637  7.47  -1.368  7.67
170  13  ARG  N  1.771  8.801  3.491  3.93
171  13  ARG  CA  2.572  9.148  4.663  56.08
172  13  ARG  C  4.03  9.388  4.271  36.76
173  13  ARG  O  4.813  9.936  5.046  176.3
174  13  ARG  CB  2.497  8.035  5.701  30.88
175  13  ARG  CG  2.834  8.49  7.11  121.01
176  13  ARG  CD  3.432  7.356  7.925  7.97
177  13  ARG  NE  2.541  6.196  7.985  4.64
178  13  ARG  CZ  2.486  5.348  9.013  3.1
179  13  ARG  NH1  3.301  5.498  10.051  2.91
180  13  ARG  NH2  1.612  4.35  8.994  7.76
181  13  ARG  H  1.425  8.016  3.432  7.06
182  13  ARG  HA  2.209  9.963  5.044  7.83
183  13  ARG  HB2  1.597  7.674  5.706  4.82
184  13  ARG  HB3  3.118  7.333  5.452  1.99
185  13  ARG  HG2  3.476  9.216  7.061  118.02
186  13  ARG  HG3  2.023  8.799  7.543  53.85
187  13  ARG  HD2  4.271  7.089  7.517  7.87
188  13  ARG  HD3  3.599  7.673  8.827  4.08
189  13  ARG  HE  2.015  6.07  7.317  119.64
190  13  ARG  HH11  3.869  6.143  10.063  54.72
191  13  ARG  HH12  3.266  4.955  10.717  8.56
192  13  ARG  HH21  1.082  4.252  8.324  4.21
193  13  ARG  HH22  1.568  3.794  9.649  2.02
194  14  VAL  N  4.395  8.914  3.09  1.91
195  14  VAL  CA  5.764  9.021  2.614  2.19
196  14  VAL  C  5.929  10.182  1.636  2.19
197  14  VAL  O  6.739  11.079  1.857  1.43
198  14  VAL  CB  6.215  7.708  1.939  9.26
199  14  VAL  CG1  7.655  7.805  1.458  4.78
200  14  VAL  CG2  6.055  6.545  2.9  2.88
201  14  VAL  H  3.816  8.492  2.614  2.88
202  14  VAL  HA  6.335  9.176  3.383  53.16
203  14  VAL  HB  5.647  7.545  1.17  175.33
204  14  VAL  HG11  8.254  7.73  2.217  8.54
205  14  VAL  HG12  7.837  7.087  0.832  4.26
206  14  VAL  HG13  7.793  8.659  1.02  1.89
207  14  VAL  HG21  5.481  6.81  3.636  2
208  14  VAL  HG22  5.658  5.793  2.434  2.22
209  14  VAL  HG23  6.926  6.29  3.244  7.91
210  15  CYS  N  5.226  10.115  0.513  4.47
211  15  CYS  CA  5.406  11.096  -0.547  3.52
212  15  CYS  C  4.314  12.173  -0.531  3.07
213  15  CYS  O  4.379  13.135  -1.295  7.24
214  15  CYS  CB  5.439  10.383  -1.9  7.24
215  15  CYS  SG  3.801  9.954  -2.558  6.8
216  15  CYS  H  4.729  9.428  0.37  6.8
217  15  CYS  HA  6.263  11.528  -0.403  6.77
218  15  CYS  HB2  5.873  10.959  -2.549  8.31
219  15  CYS  HB3  5.948  9.562  -1.812  4.38
220  15  CYS  HG  3.926  9.403  -3.617  7.72
221  16  LYS  N  3.322  12.002  0.347  4.77
222  16  LYS  CA  2.22  12.955  0.511  3.84
223  16  LYS  C  1.274  12.96  -0.69  175.65
224  16  LYS  O  0.322  13.738  -0.729  1.25
225  16  LYS  CB  2.748  14.368  0.777  19.08
226  16  LYS  CG  3.316  14.551  2.176  122.53
227  16  LYS  CD  4.662  15.253  2.139  58.63
228  16  LYS  CE  5.809  14.262  2.024  179.1
229  16  LYS  NZ  7.105  14.941  1.766  7.83
230  16  LYS  H  3.34  11.316  0.865  3.74
231  16  LYS  HA  1.714  12.67  1.288  2.03
232  16  LYS  HB2  3.449  14.565  0.137  1.93
233  16  LYS  HB3  2.024  15.002  0.657  1.79
234  16  LYS  HG2  2.697  15.083  2.7  1.71
235  16  LYS  HG3  3.426  13.68  2.588  3.19
236  16  LYS  HD2  4.684  15.851  1.376  3.19
237  16  LYS  HD3  4.77  15.765  2.956  7.31
238  16  LYS  HE2  5.874  13.764  2.854  7.41
239  16  LYS  HE3  5.622  13.65  1.295  7.41
240  16  LYS  HZ1  7.133  15.24  0.928  7.41
241  16  LYS  HZ2  7.779  14.373  1.891  7.41
242  16  LYS  HZ3  7.207  15.629  2.322  60.02
243  17  ASP  N  1.5  12.066  -1.643  179.94
244  17  ASP  CA  0.627  11.967  -2.809  4.5
245  17  ASP  C  -0.601  11.126  -2.49  28.98
246  17  ASP  O  -0.491  10.075  -1.862  8.51
247  17  ASP  CB  1.378  11.376  -4.003  4
248  17  ASP  CG  0.513  11.261  -5.24  2.44
249  17  ASP  OD1  -0.259  10.29  -5.342  2.07
250  17  ASP  OD2  0.604  12.141  -6.119  1.99
251  17  ASP  H  2.171  11.532  -1.573  8.07
252  17  ASP  HA  0.337  12.865  -3.032  4.22
253  17  ASP  HB2  2.136  11.943  -4.213  1.89
254  17  ASP  HB3  1.697  10.49  -3.769  1.89
255  18  GLY  N  -1.772  11.621  -2.871  1.43
256  18  GLY  CA  -3.007  10.928  -2.563  1.43
257  18  GLY  C  -3.693  10.375  -3.797  1.7
258  18  GLY  O  -4.922  10.338  -3.868  1.7
259  18  GLY  H  -1.797  12.378  -3.278  3
260  18  GLY  HA2  -2.812  10.193  -1.96  3
261  18  GLY  HA3  -3.612  11.545  -2.122  4.09
262  19  GLY  N  -2.903  9.974  -4.782  2.33
263  19  GLY  CA  -3.464  9.43  -5.999  2.33
264  19  GLY  C  -3.707  7.941  -5.898  2.45
265  19  GLY  O  -4.734  7.502  -5.375  2.49
266  19  GLY  H  -2.05  10.051  -4.699  55.43
267  19  GLY  HA2  -4.305  9.876  -6.185  176.85
268  19  GLY  HA3  -2.85  9.6  -6.731  170.27
269  20  GLU  N  -2.732  7.162  -6.339  40.97
270  20  GLU  CA  -2.797  5.708  -6.257  27.22
271  20  GLU  C  -2.41  5.249  -4.856  25.23
272  20  GLU  O  -1.34  4.677  -4.651  7.71
273  20  GLU  CB  -1.853  5.091  -7.289  4.36
274  20  GLU  CG  -2.314  3.748  -7.824  1.93
275  20  GLU  CD  -1.675  3.416  -9.154  1.74
276  20  GLU  OE1  -0.436  3.257  -9.204  1.68
277  20  GLU  OE2  -2.405  3.328  -10.163  18.41
278  20  GLU  H  -2.019  7.528  -6.652  174.47
279  20  GLU  HA  -3.708  5.432  -6.444  3.74
280  20  GLU  HB2  -1.769  5.702  -8.038  64.03
281  20  GLU  HB3  -0.981  4.972  -6.882  1.8
282  20  GLU  HG2  -2.08  3.057  -7.185  8.02
283  20  GLU  HG3  -3.277  3.77  -7.939  3.44
284  21  LEU  N  -3.248  5.562  -3.883  120.79
285  21  LEU  CA  -2.921  5.286  -2.496  56.33
286  21  LEU  C  -3.097  3.813  -2.172  7.92
287  21  LEU  O  -4.188  3.251  -2.306  3.88
288  21  LEU  CB  -3.78  6.133  -1.554  29.48
289  21  LEU  CG  -3.179  7.486  -1.169  33.14
290  21  LEU  CD1  -4.164  8.282  -0.333  7.24
291  21  LEU  CD2  -1.873  7.303  -0.414  3.88
292  21  LEU  H  -3.96  6.007  -4.07  1.85
293  21  LEU  HA  -1.99  5.521  -2.361  8.19
294  21  LEU  HB2  -4.637  6.288  -1.981  32.63
295  21  LEU  HB3  -3.93  5.627  -0.74  8.19
296  21  LEU  HG  -2.993  7.992  -1.975  3.71
297  21  LEU  HD11  -4.832  7.684  0.036  2.41
298  21  LEU  HD12  -3.692  8.724  0.39  1.89
299  21  LEU  HD13  -4.597  8.948  -0.89  1.85
300  21  LEU  HD21  -1.25  8  -0.672  118.52
301  21  LEU  HD22  -2.042  7.356  0.54  58.7
302  21  LEU  HD23  -1.494  6.436  -0.628  178.24
303  22  LEU  N  -1.998  3.198  -1.776  174.38
304  22  LEU  CA  -1.981  1.794  -1.41  27.89
305  22  LEU  C  -2.022  1.662  0.104  33.26
306  22  LEU  O  -1.009  1.842  0.777  2.56
307  22  LEU  CB  -0.722  1.126  -1.964  2.72
308  22  LEU  CG  -0.923  -0.287  -2.509  3.87
309  22  LEU  CD1  -1.79  -0.261  -3.759  9.09
310  22  LEU  CD2  0.423  -0.933  -2.8  8.47
311  22  LEU  H  -1.267  3.648  -1.724  4.56
312  22  LEU  HA  -2.767  1.37  -1.79  1.79
313  22  LEU  HB2  -0.374  1.682  -2.679  1.79
314  22  LEU  HB3  -0.062  1.087  -1.254  1.66
315  22  LEU  HG  -1.375  -0.824  -1.839  1.59
316  22  LEU  HD11  -2.596  -0.778  -3.605  3.25
317  22  LEU  HD12  -2.03  0.655  -3.968  3.2
318  22  LEU  HD13  -1.3  -0.645  -4.503  7.2
319  22  LEU  HD21  0.345  -1.511  -3.575  1.55
320  22  LEU  HD22  1.081  -0.243  -2.976  122.38
321  22  LEU  HD23  0.703  -1.456  -2.032  54.98
322  23  CYS  N  -3.217  1.482  0.639  179.26
323  23  CYS  CA  -3.406  1.442  2.078  2.99
324  23  CYS  C  -3.628  0.015  2.559  18.16
325  23  CYS  O  -4.299  -0.774  1.889  27.23
326  23  CYS  CB  -4.598  2.317  2.465  43.6
327  23  CYS  SG  -5.284  3.267  1.087  121.06
328  23  CYS  H  -3.907  1.452  0.127  7.48
329  23  CYS  HA  -2.606  1.795  2.497  7.99
330  23  CYS  HB2  -5.305  1.752  2.814  4.1
331  23  CYS  HB3  -4.323  2.946  3.15  9.3
332  23  CYS  HG  -5.531  4.371  1.487  4.41
333  24  CYS  N  -3.101  -0.296  3.743  3.01
334  24  CYS  CA  -3.291  -1.605  4.343  2.77
335  24  CYS  C  -4.775  -1.853  4.593  7.61
336  24  CYS  O  -5.542  -0.918  4.838  6.91
337  24  CYS  CB  -2.498  -1.715  5.661  3.17
338  24  CYS  SG  -2.734  -3.288  6.568  3.28
339  24  CYS  H  -2.666  0.304  4.179  7.17
340  24  CYS  HA  -2.962  -2.27  3.718  7.85
341  24  CYS  HB2  -1.552  -1.631  5.464  8.27
342  24  CYS  HB3  -2.763  -0.992  6.25  4.07
343  24  CYS  HG  -2.411  -3.142  7.714  3.56
344  25  ASP  N  -5.172  -3.111  4.544  177.3
345  25  ASP  CA  -6.555  -3.486  4.803  63.03
346  25  ASP  C  -6.864  -3.346  6.29  40.48
347  25  ASP  O  -8.022  -3.345  6.701  4.43
348  25  ASP  CB  -6.815  -4.924  4.344  7.35
349  25  ASP  CG  -8.259  -5.354  4.539  8.32
350  25  ASP  OD1  -9.174  -4.569  4.206  4.63
351  25  ASP  OD2  -8.485  -6.485  5.023  7.85
352  25  ASP  H  -4.594  -3.724  4.374  3.73
353  25  ASP  HA  -7.127  -2.882  4.304  7.78
354  25  ASP  HB2  -6.598  -5  3.402  4.62
355  25  ASP  HB3  -6.247  -5.525  4.851  1.83
356  26  THR  N  -5.824  -3.183  7.091  1.77
357  26  THR  CA  -6  -3.026  8.522  1.42
358  26  THR  C  -5.462  -1.686  9.014  1.36
359  26  THR  O  -6.173  -0.922  9.67  1.67
360  26  THR  CB  -5.301  -4.158  9.288  1.67
361  26  THR  OG1  -4.762  -5.118  8.365  3
362  26  THR  CG2  -6.271  -4.842  10.235  3
363  26  THR  H  -5.033  -3.145  6.755  63.53
364  26  THR  HA  -6.95  -3.074  8.711  176.47
365  26  THR  HB  -4.576  -3.778  9.808  8.02
366  26  THR  HG1  -4.545  -4.729  7.653  3.87
367  26  THR  HG21  -5.78  -5.429  10.832  2.03
368  26  THR  HG22  -6.909  -5.363  9.723  2.03
369  26  THR  HG23  -6.741  -4.171  10.755  45.35
370  27  CYS  N  -4.194  -1.434  8.738  174.52
371  27  CYS  CA  -3.529  -0.239  9.225  3.36
372  27  CYS  C  -3.707  0.931  8.265  117.42
373  27  CYS  O  -3.85  0.742  7.059  4.01
374  27  CYS  CB  -2.047  -0.538  9.435  8.33
375  27  CYS  SG  -1.725  -2.233  10.016  4.52
376  27  CYS  H  -3.742  -2.006  8.281  1.73
377  27  CYS  HA  -3.926  -0.005  10.079  1.36
378  27  CYS  HB2  -1.573  -0.416  8.597  1.48
379  27  CYS  HB3  -1.691  0.075  10.097  9.42
380  27  CYS  HG  -0.866  -2.731  9.342  32.12
381  28  PRO  N  -3.67  2.166  8.789  37.14
382  28  PRO  CA  -3.804  3.38  7.977  121.31
383  28  PRO  C  -2.536  3.695  7.186  55.33
384  28  PRO  O  -2.145  4.857  7.053  8.45
385  28  PRO  CB  -4.068  4.467  9.018  3.91
386  28  PRO  CG  -3.384  3.981  10.248  2.24
387  28  PRO  CD  -3.498  2.481  10.222  2.09
388  28  PRO  HA  -4.557  3.318  7.369  2
389  28  PRO  HB2  -3.695  5.309  8.713  2.31
390  28  PRO  HB3  -5.023  4.561  9.157  8.41
391  28  PRO  HG2  -2.452  4.249  10.233  4.55
392  28  PRO  HG3  -3.824  4.339  11.035  62.22
393  28  PRO  HD2  -2.689  2.075  10.57  3.77
394  28  PRO  HD3  -4.269  2.193  10.735  9.38
395  29  SER  N  -1.888  2.657  6.682  122.37
396  29  SER  CA  -0.65  2.805  5.943  58.31
397  29  SER  C  -0.919  3.119  4.476  176.95
398  29  SER  O  -0.649  2.304  3.599  120.27
399  29  SER  CB  0.177  1.528  6.06  40.98
400  29  SER  OG  -0.046  0.885  7.305  27.25
401  29  SER  H  -2.205  1.867  6.808  8.26
402  29  SER  HA  -0.152  3.539  6.336  4.89
403  29  SER  HB2  -0.068  0.919  5.346  3.21
404  29  SER  HB3  1.119  1.747  5.987  2.76
405  29  SER  HG  -0.328  0.106  7.165  3.76
406  30  SER  N  -1.44  4.308  4.217  2.15
407  30  SER  CA  -1.69  4.747  2.857  1.05
408  30  SER  C  -0.374  5.139  2.187  2.61
409  30  SER  O  0.18  6.21  2.45  37.66
410  30  SER  CB  -2.671  5.918  2.863  0.65
411  30  SER  OG  -3.766  5.655  3.729  4.43
412  30  SER  H  -1.614  4.843  4.868  8.28
413  30  SER  HA  -2.083  4.006  2.371  4.43
414  30  SER  HB2  -2.215  6.718  3.167  4.37
415  30  SER  HB3  -3.008  6.059  1.965  117.99
416  30  SER  HG  -4.481  5.71  3.292  54.88
417  31  TYR  N  0.189  4.2  1.443  117.32
418  31  TYR  CA  1.496  4.381  0.838  58.05
419  31  TYR  C  1.389  4.343  -0.698  176.95
420  31  TYR  O  0.349  4.671  -1.266  1.69
421  31  TYR  CB  2.448  3.276  1.318  40.89
422  31  TYR  CG  2.8  3.316  2.79  25.91
423  31  TYR  CD1  2.987  4.517  3.461  4.44
424  31  TYR  CD2  2.98  2.136  3.501  2.1
425  31  TYR  CE1  3.341  4.539  4.796  2.51
426  31  TYR  CE2  3.328  2.15  4.835  7.15
427  31  TYR  CZ  3.508  3.351  5.479  3.35
428  31  TYR  OH  3.858  3.364  6.81  -0.11
429  31  TYR  H  -0.199  3.436  1.369  1.44
430  31  TYR  HA  1.838  5.244  1.121  8.48
431  31  TYR  HB2  2.039  2.414  1.141  4.32
432  31  TYR  HB3  3.278  3.34  0.821  1.93
433  31  TYR  HD1  2.869  5.316  2.999  1.79
434  31  TYR  HD2  2.856  1.324  3.065  1.67
435  31  TYR  HE1  3.463  5.352  5.231  1.62
436  31  TYR  HE2  3.441  1.35  5.296  3.22
437  31  TYR  HH  4.494  3.9  6.924  3.22
438  32  HSE  N  2.43  3.817  -1.338  7.23
439  32  HSE  CA  2.449  3.56  -2.778  41.83
440  32  HSE  C  3.182  2.253  -3.017  125.81
441  32  HSE  O  3.6  1.61  -2.06  7.6
442  32  HSE  CB  3.156  4.684  -3.544  4.22
443  32  HSE  CG  2.248  5.754  -4.066  2
444  32  HSE  ND1  2.275  7.032  -3.582  2
445  32  HSE  CD2  1.312  5.684  -5.043  1.71
446  32  HSE  CE1  1.368  7.712  -4.258  1.53
447  32  HSE  NE2  0.755  6.936  -5.162  1.83
448  32  HSE  H  3.174  3.47  -0.807  1.75
449  32  HSE  HA  1.429  3.47  -3.124  3.03
450  32  HSE  HB2  3.873  5.153  -2.89  3.03
451  32  HSE  HB3  3.677  4.254  -4.388  1.9
452  32  HSE  HD2  1.054  4.815  -5.628  8.21
453  32  HSE  HE1  1.141  8.756  -4.099  4.3
454  32  HSE  HE2  0.231  7.259  -5.934  2.09
455  33  ILE  N  3.452  1.915  -4.268  2
456  33  ILE  CA  4.233  0.72  -4.556  2.43
457  33  ILE  C  5.726  1.006  -4.422  2.43
458  33  ILE  O  6.542  0.085  -4.345  30.59
459  33  ILE  CB  3.934  0.145  -5.958  37.29
460  33  ILE  CG1  4.19  1.188  -7.049  3.52
461  33  ILE  CG2  2.501  -0.356  -6.021  2.1
462  33  ILE  CD  4.309  0.597  -8.438  2.17
463  33  ILE  H  3.206  2.429  -4.912  47.79
464  33  ILE  HA  3.99  0.048  -3.9  172.19
465  33  ILE  HB  4.521  -0.614  -6.102  9.05
466  33  ILE  HG12  3.456  1.823  -7.058  8.5
467  33  ILE  HG21  2.354  -0.809  -6.866  4.78
468  33  ILE  HG22  2.341  -0.975  -5.291  2.87
469  33  ILE  HG23  1.892  0.396  -5.946  2.77
470  33  ILE  HD11  3.342  0.237  -8.758  7.61
471  33  ILE  HD12  4.657  1.355  -9.124  6.91
472  33  ILE  HD13  5.011  -0.225  -8.421  106.83
473  34  HSE  N  6.068  2.288  -4.332  52.4
474  34  HSE  CA  7.457  2.694  -4.149  7.09
475  34  HSE  C  7.616  3.595  -2.924  4.25
476  34  HSE  O  8.66  4.217  -2.737  39.39
477  34  HSE  CB  8.004  3.389  -5.408  175.7
478  34  HSE  CG  7.229  4.59  -5.875  113.77
479  34  HSE  ND1  7.309  5.02  -7.181  54.05
480  34  HSE  CD2  6.405  5.42  -5.193  8.33
481  34  HSE  CE1  6.539  6.091  -7.261  4.99
482  34  HSE  NE2  5.971  6.371  -6.08  2.89
483  34  HSE  H  5.368  2.972  -4.373  2.72
484  34  HSE  HA  8.031  1.796  -3.979  119.41
485  34  HSE  HB2  9.013  3.713  -5.212  7.73
486  34  HSE  HB3  8.017  2.672  -6.217  4.21
487  34  HSE  HD2  6.128  5.341  -4.152  60.59
488  34  HSE  HE1  6.386  6.665  -8.163  175.65
489  34  HSE  HE2  5.505  7.211  -5.844  7.41
490  35  CYS  N  6.599  3.629  -2.07  4.54
491  35  CYS  CA  6.662  4.421  -0.849  4.54
492  35  CYS  C  6.703  3.51  0.379  2.22
493  35  CYS  O  6.229  3.86  1.458  1.9
494  35  CYS  CB  5.489  5.41  -0.785  1.99
495  35  CYS  SG  5.471  6.601  -2.169  1.99
496  35  CYS  H  5.908  3.14  -2.219  3.73
497  35  CYS  HA  7.491  4.924  -0.877  3.73
498  35  CYS  HB2  4.651  4.921  -0.796  26.5
499  35  CYS  HB3  5.55  5.916  0.04  27.3
500  35  CYS  HG  4.821  7.562  -1.862  43.48
501  36  LEU  N  7.336  2.363  0.204  3.85
502  36  LEU  CA  7.563  1.418  1.29  2.02
503  36  LEU  C  9.004  0.927  1.239  1.83
504  36  LEU  O  9.779  1.371  0.388  1.59
505  36  LEU  CB  6.605  0.226  1.187  1.59
506  36  LEU  CG  5.531  0.348  0.109  8.18
507  36  LEU  CD1  5.684  -0.749  -0.933  4.24
508  36  LEU  CD2  4.147  0.298  0.728  1.85
509  36  LEU  H  7.67  2.191  -0.57  1.47
510  36  LEU  HA  7.414  1.88  2.13  1.19
511  36  LEU  HB2  7.129  -0.571  1.007  4.33
512  36  LEU  HB3  6.164  0.117  2.044  31.26
513  36  LEU  HG  5.632  1.202  -0.339  1.95
514  36  LEU  HD11  5.027  -1.444  -0.769  7.58
515  36  LEU  HD12  5.545  -0.375  -1.817  3.89
516  36  LEU  HD13  6.576  -1.127  -0.877  2.2
517  36  LEU  HD21  3.984  1.116  1.223  54.37
518  36  LEU  HD22  3.483  0.208  0.026  18.31
519  36  LEU  HD23  4.088  -0.461  1.329  117.51
520  37  ASN  N  9.347  -0.036  2.09  63.37
521  37  ASN  CA  10.684  -0.624  2.069  177.83
522  37  ASN  C  10.812  -1.643  0.929  178.15
523  37  ASN  O  11.678  -1.491  0.07  32.86
524  37  ASN  CB  11.036  -1.267  3.418  27.89
525  37  ASN  CG  12.535  -1.318  3.66  61.03
526  37  ASN  OD1  13.317  -0.728  2.914  8.44
527  37  ASN  ND2  12.948  -2.029  4.699  4.49
528  37  ASN  H  8.762  -0.339  2.643  2.08
529  37  ASN  HA  11.311  0.096  1.897  1.96
530  37  ASN  HB2  10.627  -0.753  4.131  2.35
531  37  ASN  HB3  10.689  -2.173  3.439  2.28
532  37  ASN  HD21  12.358  -2.429  5.18  7.5
533  37  ASN  HD22  13.792  -2.06  4.862  6.8
534  38  PRO  N  9.921  -2.658  0.852  61
535  38  PRO  CA  9.913  -3.603  -0.259  174.23
536  38  PRO  C  9.08  -3.08  -1.432  1.58
537  38  PRO  O  7.859  -2.95  -1.326  62.88
538  38  PRO  CB  9.27  -4.843  0.36  8.41
539  38  PRO  CG  8.341  -4.319  1.408  4.38
540  38  PRO  CD  8.828  -2.945  1.801  4.03
541  38  PRO  HA  10.811  -3.812  -0.56  3.83
542  38  PRO  HB2  8.791  -5.336  -0.324  3.99
543  38  PRO  HB3  9.958  -5.406  0.748  114.82
544  38  PRO  HG2  7.442  -4.26  1.048  51.62
545  38  PRO  HG3  8.354  -4.909  2.178  176.11
546  38  PRO  HD2  8.113  -2.297  1.706  2.85
547  38  PRO  HD3  9.158  -2.953  2.713  37.76
548  39  PRO  N  9.737  -2.672  -2.527  4.4
549  39  PRO  CA  9.064  -2.053  -3.671  2.24
550  39  PRO  C  8.299  -3.064  -4.512  1.96
551  39  PRO  O  8.835  -4.109  -4.891  1.89
552  39  PRO  CB  10.21  -1.443  -4.491  1.89
553  39  PRO  CG  11.416  -1.525  -3.617  3.57
554  39  PRO  CD  11.188  -2.697  -2.71  3.43
555  39  PRO  HA  8.458  -1.35  -3.387  51.62
556  39  PRO  HB2  10.329  -1.954  -5.307  176.11
557  39  PRO  HB3  9.996  -0.523  -4.712  36.22
558  39  PRO  HG2  12.208  -1.67  -4.159  19.65
559  39  PRO  HG3  11.505  -0.71  -3.098  9.21
560  39  PRO  HD2  11.471  -3.521  -3.136  4.08
561  39  PRO  HD3  11.648  -2.57  -1.865  3.02
562  40  LEU  N  7.056  -2.737  -4.824  3.13
563  40  LEU  CA  6.225  -3.587  -5.664  8.43
564  40  LEU  C  6.198  -3.042  -7.084  4.62
565  40  LEU  O  6.149  -1.83  -7.282  2.9
566  40  LEU  CB  4.799  -3.675  -5.112  2.83
567  40  LEU  CG  4.682  -3.681  -3.587  1.54
568  40  LEU  CD1  3.236  -3.493  -3.165  7.54
569  40  LEU  CD2  5.236  -4.977  -3.013  4.44
570  40  LEU  H  6.745  -1.98  -4.559  4.49
571  40  LEU  HA  6.618  -4.474  -5.675  8.24
572  40  LEU  HB2  4.297  -2.918  -5.452  4.06
573  40  LEU  HB3  4.394  -4.489  -5.45  3.85
574  40  LEU  HG  5.2  -2.945  -3.225  1.93
575  40  LEU  HD11  3.129  -2.619  -2.759  54.79
576  40  LEU  HD12  2.659  -3.561  -3.942  180.72
577  40  LEU  HD13  2.995  -4.18  -2.524  3.87
578  40  LEU  HD21  5.29  -4.904  -2.047  115.45
579  40  LEU  HD22  4.648  -5.711  -3.25  56.67
580  40  LEU  HD23  6.121  -5.141  -3.374  175.82
581  41  PRO  N  6.322  -3.915  -8.09  1.37
582  41  PRO  CA  6.379  -3.49  -9.491  65.42
583  41  PRO  C  5.019  -3.043  -10.023  7.8
584  41  PRO  O  4.941  -2.292  -10.993  4.41
585  41  PRO  CB  6.862  -4.743  -10.23  1.7
586  41  PRO  CG  6.475  -5.882  -9.354  1.7
587  41  PRO  CD  6.515  -5.369  -7.94  1.33
588  41  PRO  HA  7.022  -2.774  -9.612  1.33
589  41  PRO  HB2  6.424  -4.798  -11.094  1.65
590  41  PRO  HB3  7.823  -4.699  -10.352  1.65
591  41  PRO  HG2  5.578  -6.176  -9.576  2.97
592  41  PRO  HG3  7.106  -6.61  -9.464  2.97
593  41  PRO  HD2  5.796  -5.762  -7.42  122.25
594  41  PRO  HD3  7.373  -5.563  -7.532  59.53
595  42  GLU  N  3.954  -3.506  -9.384  176.28
596  42  GLU  CA  2.599  -3.158  -9.796  179.02
597  42  GLU  C  1.698  -3.014  -8.577  29.12
598  42  GLU  O  2.047  -3.474  -7.487  31.58
599  42  GLU  CB  2.041  -4.233  -10.729  2.13
600  42  GLU  CG  1.964  -3.81  -12.185  8.02
601  42  GLU  CD  0.941  -4.609  -12.96  3.79
602  42  GLU  OE1  -0.253  -4.555  -12.602  9.42
603  42  GLU  OE2  1.323  -5.303  -13.929  8.16
604  42  GLU  H  4.064  -4.025  -8.707  4.12
605  42  GLU  HA  2.635  -2.311  -10.267  1.95
606  42  GLU  HB2  2.605  -5.02  -10.671  176.68
607  42  GLU  HB3  1.147  -4.466  -10.434  29.88
608  42  GLU  HG2  1.72  -2.872  -12.226  27.99
609  42  GLU  HG3  2.834  -3.938  -12.596  55.03
610  43  ILE  N  0.523  -2.428  -8.771  115.6
611  43  ILE  CA  -0.442  -2.288  -7.689  60.9
612  43  ILE  C  -1.261  -3.566  -7.533  179.3
613  43  ILE  O  -1.795  -4.093  -8.509  1.5
614  43  ILE  CB  -1.404  -1.097  -7.91  28.73
615  43  ILE  CG1  -1.816  -0.992  -9.379  8.64
616  43  ILE  CG2  -0.763  0.198  -7.446  3.32
617  43  ILE  CD  -3.215  -0.449  -9.575  4.15
618  43  ILE  H  0.313  -2.158  -9.56  1.98
619  43  ILE  HA  0.051  -2.132  -6.868  1.8
620  43  ILE  HB  -2.195  -1.247  -7.369  117.29
621  43  ILE  HG12  -1.201  -0.401  -9.841  58.2
622  43  ILE  HG21  -0.95  0.899  -8.09  8.69
623  43  ILE  HG22  -1.127  0.446  -6.582  4.8
624  43  ILE  HG23  0.196  0.076  -7.372  3.3
625  43  ILE  HD11  -3.905  -1.269  -9.703  3.11
626  43  ILE  HD12  -3.5  0.13  -8.708  4.55
627  43  ILE  HD13  -3.238  0.181  -10.453  7.28
628  44  PRO  N  -1.354  -4.092  -6.305  8.65
629  44  PRO  CA  -2.122  -5.306  -6.02  3.82
630  44  PRO  C  -3.608  -5.1  -6.288  1.94
631  44  PRO  O  -4.236  -4.203  -5.714  2.22
632  44  PRO  CB  -1.875  -5.558  -4.526  2.28
633  44  PRO  CG  -0.688  -4.727  -4.179  8.57
634  44  PRO  CD  -0.729  -3.543  -5.096  3.98
635  44  PRO  HA  -1.801  -6.061  -6.538  3.98
636  44  PRO  HB2  -2.655  -5.289  -4.016  2.39
637  44  PRO  HB3  -1.699  -6.501  -4.381  121.8
638  44  PRO  HG2  -0.746  -4.439  -3.254  54.87
639  44  PRO  HG3  0.125  -5.235  -4.325  179.62
640  44  PRO  HD2  -1.272  -2.836  -4.714  2.89
641  44  PRO  HD3  0.168  -3.224  -5.282  19.59
642  45  ASN  N  -4.153  -5.889  -7.204  6.84
643  45  ASN  CA  -5.555  -5.765  -7.579  7.57
644  45  ASN  C  -6.448  -6.475  -6.571  8.23
645  45  ASN  O  -6.837  -7.629  -6.768  4.91
646  45  ASN  CB  -5.79  -6.338  -8.978  3.05
647  45  ASN  CG  -6.82  -5.548  -9.76  2.97
648  45  ASN  OD1  -7.783  -5.02  -9.196  7.7
649  45  ASN  ND2  -6.625  -5.459  -11.066  6.91
650  45  ASN  H  -3.662  -6.474  -7.6  2.1
651  45  ASN  HA  -5.781  -4.822  -7.584  2.39
652  45  ASN  HB2  -4.955  -6.324  -9.471  1.92
653  45  ASN  HB3  -6.099  -7.254  -8.898  2.03
654  45  ASN  HD21  -5.934  -5.848  -11.4  125.11
655  45  ASN  HD22  -7.192  -5.012  -11.534  53.98
656  46  GLY  N  -6.752  -5.789  -5.485  35.9
657  46  GLY  CA  -7.583  -6.365  -4.454  8.38
658  46  GLY  C  -7.238  -5.829  -3.087  3.96
659  46  GLY  O  -6.934  -4.644  -2.936  4.26
660  46  GLY  H  -6.441  -4.994  -5.385  59.17
661  46  GLY  HA2  -8.511  -6.159  -4.647  177.53
662  46  GLY  HA3  -7.466  -7.328  -4.455  174.28
663  47  GLU  N  -7.208  -6.707  -2.103  31.74
664  47  GLU  CA  -6.842  -6.314  -0.756  31.26
665  47  GLU  C  -5.366  -6.569  -0.513  4.19
666  47  GLU  O  -4.842  -7.624  -0.869  17.03
667  47  GLU  CB  -7.677  -7.073  0.267  8.37
668  47  GLU  CG  -8.428  -6.166  1.216  3.02
669  47  GLU  CD  -9.926  -6.273  1.054  1.27
670  47  GLU  OE1  -10.472  -7.374  1.27  8.41
671  47  GLU  OE2  -10.569  -5.257  0.726  4.56
672  47  GLU  H  -7.353  -7.537  -2.273  3.27
673  47  GLU  HA  -7.018  -5.364  -0.667  3.18
674  47  GLU  HB2  -8.322  -7.625  -0.202  4.74
675  47  GLU  HB3  -7.091  -7.643  0.79  7.02
676  47  GLU  HG2  -8.196  -6.409  2.126  113.67
677  47  GLU  HG3  -8.161  -5.248  1.05  58.82
678  48  TRP  N  -4.69  -5.583  0.047  178.55
679  48  TRP  CA  -3.273  -5.683  0.295  3.98
680  48  TRP  C  -2.968  -5.139  1.685  8.27
681  48  TRP  O  -3.431  -4.057  2.049  4.11
682  48  TRP  CB  -2.519  -4.913  -0.802  3.91
683  48  TRP  CG  -1.106  -4.542  -0.467  3.91
684  48  TRP  CD1  0.019  -5.258  -0.752  6.73
685  48  TRP  CD2  -0.669  -3.353  0.194  3.69
686  48  TRP  NE1  1.13  -4.586  -0.308  9.25
687  48  TRP  CE2  0.733  -3.414  0.284  4.76
688  48  TRP  CE3  -1.33  -2.243  0.721  2.96
689  48  TRP  CZ2  1.482  -2.407  0.883  3.35
690  48  TRP  CZ3  -0.589  -1.249  1.316  7.9
691  48  TRP  CH2  0.804  -1.331  1.393  129.09
692  48  TRP  H  -5.094  -4.85  0.247  123.49
693  48  TRP  HA  -3.025  -6.62  0.259  7.85
694  48  TRP  HB2  -2.495  -5.456  -1.605  3.94
695  48  TRP  HB3  -3.002  -4.094  -0.993  2.12
696  48  TRP  HD1  0.021  -6.08  -1.187  2.04
697  48  TRP  HE1  1.941  -4.861  -0.382  2.5
698  48  TRP  HE3  -2.256  -2.171  0.681  2.34
699  48  TRP  HZ2  2.409  -2.452  0.941  34.43
700  48  TRP  HZ3  -1.019  -0.505  1.671  114.61
701  48  TRP  HH2  1.265  -0.638  1.808  56.73
702  49  LEU  N  -2.263  -5.921  2.483  176.67
703  49  LEU  CA  -1.908  -5.497  3.825  7.32
704  49  LEU  C  -0.552  -4.81  3.794  4.12
705  49  LEU  O  0.274  -5.1  2.923  34.43
706  49  LEU  CB  -1.893  -6.683  4.793  3.17
707  49  LEU  CG  -3.261  -7.06  5.374  2.91
708  49  LEU  CD1  -4.05  -7.916  4.395  8.39
709  49  LEU  CD2  -3.094  -7.786  6.698  4.47
710  49  LEU  H  -2.013  -6.695  2.204  2.64
711  49  LEU  HA  -2.574  -4.856  4.12  2.51
712  49  LEU  HB2  -1.532  -7.455  4.33  1.96
713  49  LEU  HB3  -1.303  -6.464  5.531  2.36
714  49  LEU  HG  -3.768  -6.25  5.538  108.54
715  49  LEU  HD11  -3.54  -8.028  3.578  62.1
716  49  LEU  HD12  -4.222  -8.784  4.792  176.06
717  49  LEU  HD13  -4.894  -7.482  4.193  8.05
718  49  LEU  HD21  -3.677  -8.561  6.716  39.15
719  49  LEU  HD22  -2.172  -8.073  6.794  8.41
720  49  LEU  HD23  -3.324  -7.188  7.427  8.01
721  50  CYS  N  -0.386  -3.822  4.661  8.52
722  50  CYS  CA  0.799  -2.978  4.664  4.14
723  50  CYS  C  2.087  -3.8  4.733  2.3
724  50  CYS  O  2.077  -4.964  5.141  2.3
725  50  CYS  CB  0.73  -1.991  5.835  2.72
726  50  CYS  SG  0.929  -2.745  7.479  2.59
727  50  CYS  H  -1.035  -3.624  5.189  57.11
728  50  CYS  HA  0.801  -2.474  3.835  118.69
729  50  CYS  HB2  1.432  -1.33  5.732  63.11
730  50  CYS  HB3  -0.13  -1.543  5.819  174.81
731  50  CYS  HG  0.16  -3.659  7.596  7.89
732  51  PRO  N  3.226  -3.188  4.363  38.15
733  51  PRO  CA  4.532  -3.856  4.381  3.17
734  51  PRO  C  5.036  -4.127  5.797  7.44
735  51  PRO  O  6.182  -4.535  5.991  3.76
736  51  PRO  CB  5.452  -2.86  3.672  2.16
737  51  PRO  CG  4.81  -1.538  3.892  2.76
738  51  PRO  CD  3.331  -1.795  3.887  123.31
739  51  PRO  HA  4.511  -4.688  3.883  55.73
740  51  PRO  HB2  6.337  -2.895  4.068  116.02
741  51  PRO  HB3  5.504  -3.076  2.728  52.96
742  51  PRO  HG2  5.086  -1.175  4.748  174.93
743  51  PRO  HG3  5.049  -0.931  3.174  33.63
744  51  PRO  HD2  2.881  -1.187  4.494  38.22
745  51  PRO  HD3  2.973  -1.708  2.99  62.54
746  52  ARG  N  4.168  -3.933  6.777  8.55
747  52  ARG  CA  4.505  -4.225  8.156  4.69
748  52  ARG  C  3.663  -5.385  8.668  2.8
749  52  ARG  O  4.105  -6.149  9.525  2.58
750  52  ARG  CB  4.318  -2.977  9.028  108.61
751  52  ARG  CG  3.239  -3.1  10.096  45.23
752  52  ARG  CD  2.726  -1.735  10.515  4.52
753  52  ARG  NE  2.448  -0.872  9.368  1.88
754  52  ARG  CZ  3.157  0.212  9.054  7.62
755  52  ARG  NH1  4.242  0.526  9.751  4.28
756  52  ARG  NH2  2.794  0.966  8.024  3.05
757  52  ARG  H  3.374  -3.665  6.585  2.93
758  52  ARG  HA  5.438  -4.49  8.177  6.7
759  52  ARG  HB2  5.158  -2.78  9.472  6.7
760  52  ARG  HB3  4.088  -2.229  8.455  7.15
761  52  ARG  HG2  2.5  -3.619  9.742  7.15
762  52  ARG  HG3  3.613  -3.548  10.871  6.97
763  52  ARG  HD2  1.908  -1.854  11.022  45.37
764  52  ARG  HD3  3.393  -1.31  11.076  34.21
765  52  ARG  HE  1.78  -1.089  8.872  7.65
766  52  ARG  HH11  4.493  0.028  10.406  4.97
767  52  ARG  HH12  4.708  1.218  9.543  2.82
768  52  ARG  HH21  2.103  0.755  7.558  2.36
769  52  ARG  HH22  3.243  1.67  7.818  1.62
770  53  CYS  N  2.488  -5.566  8.071  1.74
771  53  CYS  CA  1.614  -6.679  8.41  1.61
772  53  CYS  C  2.216  -7.999  7.936  8.68
773  53  CYS  O  1.797  -9.08  8.353  5.25
774  53  CYS  CB  0.24  -6.469  7.782  8.72
775  53  CYS  SG  -0.952  -5.645  8.882  4.33
776  53  CYS  H  2.253  -5.03  7.441  3.28
777  53  CYS  HA  1.519  -6.705  9.375  3.05
778  53  CYS  HB2  0.334  -5.922  6.987  7.26
779  53  CYS  HB3  -0.132  -7.33  7.534  7.26
780  53  CYS  HG  -1.634  -4.893  8.242  7.3
781  54  THR  N  3.225  -7.892  7.087  7.3
782  54  THR  CA  3.918  -9.046  6.544  7.4
783  54  THR  C  4.812  -9.704  7.589  28.96
784  54  THR  O  5.389  -10.765  7.349  55.23
785  54  THR  CB  4.782  -8.617  5.351  175.47
786  54  THR  OG1  5.051  -7.212  5.44  1.15
787  54  THR  CG2  4.081  -8.909  4.039  43.53
788  54  THR  H  3.479  -7.109  6.839  7.68
789  54  THR  HA  3.257  -9.684  6.233  2.93
790  54  THR  HB  5.619  -9.106  5.377  122.3
791  54  THR  HG1  5.655  -7.01  4.892  4.49
792  54  THR  HG21  4.736  -8.943  3.325  8.12
793  54  THR  HG22  3.438  -8.206  3.858  4.18
794  54  THR  HG23  3.621  -9.761  4.103  2.3
795  55  CYS  N  4.983  -9.036  8.721  2.18
796  55  CYS  CA  5.872  -9.519  9.762  2.58
797  55  CYS  C  5.355  -9.109  11.139  2.49
798  55  CYS  O  4.562  -8.176  11.252  7.42
799  55  CYS  CB  7.277  -8.954  9.53  6.87
800  55  CYS  SG  7.301  -7.178  9.187  58.17
801  55  CYS  H  4.589  -8.279  8.825  177.63
802  55  CYS  HA  5.903  -10.487  9.709  56.23
803  55  CYS  HB2  7.818  -9.11  10.32  30.25
804  55  CYS  HB3  7.679  -9.406  8.772  8.96
805  55  CYS  HG  6.192  -6.754  9.361  8.09
806  56  PRO  N  5.775  -9.806  12.206  4.17
807  56  PRO  CA  5.349  -9.505  13.576  1.57
808  56  PRO  C  6.106  -8.317  14.173  1.91
809  56  PRO  O  6.537  -8.354  15.329  2.6
810  56  PRO  CB  5.68  -10.791  14.354  120.79
811  56  PRO  CG  6.175  -11.773  13.342  60.6
812  56  PRO  CD  6.662  -10.97  12.173  177.01
813  56  PRO  HA  4.395  -9.333  13.62  2.22
814  56  PRO  HB2  6.361  -10.6  15.017  38.68
815  56  PRO  HB3  4.88  -11.115  14.797  8.39
816  56  PRO  HG2  6.903  -12.293  13.717  4.01
817  56  PRO  HG3  5.451  -12.357  13.068  14.73
818  56  PRO  HD2  7.588  -10.709  12.3  3.03
819  56  PRO  HD3  6.554  -11.467  11.347  8.03
820  57  ALA  N  6.258  -7.262  13.38  3.98
821  57  ALA  CA  6.965  -6.064  13.806  2
822  57  ALA  C  6.625  -4.893  12.892  2
823  57  ALA  O  5.658  -4.959  12.131  2.17
824  57  ALA  CB  8.468  -6.313  13.809  2.09
825  57  ALA  H  5.916  -7.282  12.591  5.26
826  57  ALA  HA  6.689  -5.852  14.711  1.55
827  57  ALA  HB1  8.648  -7.19  14.181  69.38
828  57  ALA  HB2  8.804  -6.272  12.9  7.28
829  57  ALA  HB3  8.907  -5.636  14.347  4.21
830  58  LEU  N  7.446  -3.841  12.956  4.09
831  58  LEU  CA  7.294  -2.655  12.11  4.11
832  58  LEU  C  6.01  -1.888  12.427  173.97
833  58  LEU  O  5.605  -0.999  11.676  71.18
834  58  LEU  CB  7.327  -3.043  10.628  7.98
835  58  LEU  CG  8.346  -2.283  9.777  4.12
836  58  LEU  CD1  9.012  -3.219  8.783  2.2
837  58  LEU  CD2  7.678  -1.131  9.048  2.2
838  58  LEU  H  8.116  -3.872  13.495  2.5
839  58  LEU  HA  8.049  -2.074  12.292  2.5
840  58  LEU  HB2  7.525  -3.991  10.567  54.88
841  58  LEU  HB3  6.446  -2.889  10.254  177.35
842  58  LEU  HG  9.035  -1.915  10.352  9.21
843  58  LEU  HD11  8.336  -3.759  8.344  18.07
844  58  LEU  HD12  9.489  -2.697  8.119  7.49
845  58  LEU  HD13  9.637  -3.797  9.248  3.46
846  58  LEU  HD21  7.725  -1.283  8.091  1.8
847  58  LEU  HD22  6.749  -1.07  9.321  2.14
848  58  LEU  HD23  8.134  -0.303  9.267  1.99
849  59  LYS  N  5.394  -2.195  13.561  8.07
850  59  LYS  CA  4.185  -1.499  13.973  4.13
851  59  LYS  C  4.535  -0.255  14.772  2.18
852  59  LYS  O  3.857  0.768  14.673  2.18
853  59  LYS  CB  3.28  -2.421  14.792  2.58
854  59  LYS  CG  2.002  -2.815  14.069  2.53
855  59  LYS  CD  0.877  -1.836  14.356  32.03
856  59  LYS  CE  0.116  -1.477  13.092  1.92
857  59  LYS  NZ  -1.046  -2.376  12.867  8.44
858  59  LYS  H  5.729  -2.802  14.07  5.78
859  59  LYS  HA  3.713  -1.228  13.17  4.33
860  59  LYS  HB2  3.771  -3.23  15.008  0.8
861  59  LYS  HB3  3.036  -1.971  15.616  0.8
862  59  LYS  HG2  2.172  -2.827  13.114  121.41
863  59  LYS  HG3  1.733  -3.7  14.362  53.53
864  59  LYS  HD2  0.262  -2.238  14.989  7.99
865  59  LYS  HD3  1.254  -1.027  14.735  4.13
866  59  LYS  HE2  -0.202  -0.564  13.168  2.14
867  59  LYS  HE3  0.719  -1.546  12.335  2.14
868  59  LYS  HZ1  -1.201  -2.463  11.995  2.55
869  59  LYS  HZ2  -1.774  -2.041  13.253  2.51
870  59  LYS  HZ3  -0.885  -3.181  13.212  58.53
871  60  GLY  N  5.652  -0.314  15.485  125.8
872  60  GLY  CA  6.117  0.836  16.233  54.78
873  60  GLY  C  7.089  1.674  15.432  179.15
874  60  GLY  O  8.059  2.206  15.971  51.77
875  60  GLY  H  6.128  -1.03  15.467  19.97
876  60  GLY  HA2  5.354  1.383  16.477  54.78
877  60  GLY  HA3  6.558  0.529  17.04  9.28
878  61  LYS  N  6.817  1.806  14.144  5.28
879  61  LYS  CA  7.647  2.605  13.261  7.87
880  61  LYS  C  6.941  3.911  12.93  4.12
881  61  LYS  O  7.586  4.811  12.358  1.88
882  61  LYS  CB  7.965  1.832  11.977  1.88
883  61  LYS  CG  9.154  0.891  12.112  1.55
884  61  LYS  CD  10.383  1.445  11.41  1.43
885  61  LYS  CE  11.545  1.611  12.375  1.68
886  61  LYS  NZ  12.477  0.453  12.334  1.68
887  61  LYS  OXT  5.74  4.034  13.251  2.98
888  61  LYS  H  6.104  1.441  13.83  2.98
889  61  LYS  HA  8.475  2.805  13.725  2.17
890  61  LYS  HB2  7.189  1.307  11.726  115.17
891  61  LYS  HB3  8.16  2.467  11.27  55.53
892  61  LYS  HG2  9.355  0.77  13.053  3.98
893  61  LYS  HG3  8.924  0.035  11.717  3.73
894  61  LYS  HD2  10.645  0.835  10.703  33.58
895  61  LYS  HD3  10.163  2.31  11.031  8.81
896  61  LYS  HE2  12.032  2.416  12.139  7.98
897  61  LYS  HE3  11.19  1.701  13.273  4.36
898  61  LYS  HZ1  12.604  0.191  11.493  1.88
899  61  LYS  HZ2  13.28  0.708  12.62  1.55
900  61  LYS  HZ3  12.168  -0.196  12.859  3.95
