1  1  CYS  N  -4.372  -5.457  2.12  115.74
2  1  CYS  CA  -3.172  -6.247  1.907  61.74
3  1  CYS  C  -2.089  -5.74  2.861  174.28
4  1  CYS  O  -1.758  -4.555  2.856  55.76
5  1  CYS  CB  -2.715  -6.201  0.448  70.06
6  1  CYS  SG  -1.832  -7.698  -0.126  32.66
7  1  CYS  HA  -3.404  -7.167  2.11  4.37
8  1  CYS  HB2  -3.499  -6.079  -0.109  2.69
9  1  CYS  HB3  -2.135  -5.433  0.328  2.69
10  1  CYS  H  -4.909  -5.536  1.415  7.29
11  1  CYS  H2  -4.794  -5.748  2.848  3.86
12  1  CYS  H3  -4.15  -4.602  2.228  4.1
13  2  THR  N  -1.564  -6.661  3.656  2.64
14  2  THR  CA  -0.526  -6.322  4.614  8.17
15  2  THR  C  0.353  -7.542  4.901  4.38
16  2  THR  O  0.443  -7.991  6.042  1.83
17  2  THR  CB  -1.2  -5.751  5.862  122.91
18  2  THR  OG1  -1.759  -4.516  5.421  8.33
19  2  THR  CG2  -0.192  -5.34  6.937  4.86
20  2  THR  H  -1.801  -7.488  3.655  8.48
21  2  THR  HA  0.046  -5.647  4.217  4.16
22  2  THR  HB  -1.852  -6.374  6.219  3.87
23  2  THR  HG1  -1.189  -4.084  4.98  6.45
24  2  THR  HG21  0.34  -6.11  7.191  17.54
25  2  THR  HG22  0.39  -4.648  6.586  30.57
26  2  THR  HG23  -0.667  -5.002  7.713  8.56
27  3  THR  N  0.981  -8.04  3.846  4.26
28  3  THR  CA  1.85  -9.198  3.972  1.91
29  3  THR  C  3.125  -8.828  4.731  2.07
30  3  THR  O  3.48  -9.483  5.711  2.31
31  3  THR  CB  2.115  -9.744  2.567  2.35
32  3  THR  OG1  0.854  -10.261  2.152  8.38
33  3  THR  CG2  3.035  -10.967  2.578  4.65
34  3  THR  H  0.914  -7.72  3.051  8.17
35  3  THR  HA  1.389  -9.87  4.499  4.5
36  3  THR  HB  2.467  -9.051  1.987  4.03
37  3  THR  HG1  0.573  -10.82  2.713  8.28
38  3  THR  HG21  3.735  -10.839  3.237  4.27
39  3  THR  HG22  2.519  -11.756  2.805  55.38
40  3  THR  HG23  3.431  -11.081  1.7  175.93
41  4  GLY  N  3.779  -7.78  4.251  111.61
42  4  GLY  CA  5.007  -7.316  4.873  119.48
43  4  GLY  C  5.266  -5.845  4.542  57.03
44  4  GLY  O  4.573  -4.961  5.043  176.36
45  4  GLY  H  3.524  -7.328  3.566  8.1
46  4  GLY  HA2  4.95  -7.43  5.835  3.94
47  4  GLY  HA3  5.752  -7.856  4.567  4.12
48  5  PRO  N  6.293  -5.621  3.679  7.94
49  5  PRO  CA  6.652  -4.273  3.275  4.32
50  5  PRO  C  5.641  -3.713  2.273  3.13
51  5  PRO  O  5.821  -2.614  1.752  3.13
52  5  PRO  CB  8.054  -4.395  2.7  7.12
53  5  PRO  CG  8.246  -5.867  2.376  7.12
54  5  PRO  CD  7.136  -6.645  3.065  6.87
55  5  PRO  HA  6.627  -3.675  4.039  4.46
56  5  PRO  HB2  8.14  -3.855  1.899  1.8
57  5  PRO  HB3  8.719  -4.09  3.337  2.47
58  5  PRO  HG2  8.149  -5.982  1.418  1.85
59  5  PRO  HG3  9.114  -6.172  2.682  2.07
60  5  PRO  HD2  6.634  -7.162  2.416  3.73
61  5  PRO  HD3  7.493  -7.253  3.731  3.59
62  6  CYS  N  4.6  -4.496  2.03  117.33
63  6  CYS  CA  3.561  -4.093  1.099  56.15
64  6  CYS  C  4.231  -3.524  -0.153  8.38
65  6  CYS  O  4.075  -4.066  -1.246  8.27
66  6  CYS  CB  2.592  -3.091  1.732  8.16
67  6  CYS  SG  3.391  -1.703  2.616  4.12
68  6  CYS  H  4.481  -5.264  2.398  8.52
69  6  CYS  HA  3.053  -4.891  0.885  4.68
70  6  CYS  HB2  2.037  -2.722  1.027  2.42
71  6  CYS  HB3  2.017  -3.565  2.353  3.73
72  7  CYS  N  4.965  -2.44  0.049  176.34
73  7  CYS  CA  5.66  -1.792  -1.051  64.45
74  7  CYS  C  6.189  -2.876  -1.99  30.32
75  7  CYS  O  7.178  -3.542  -1.683  7.94
76  7  CYS  CB  6.777  -0.874  -0.551  4.45
77  7  CYS  SG  6.69  0.847  -1.167  3.77
78  7  CYS  H  5.07  -2.066  0.816  8.17
79  7  CYS  HA  5.008  -1.233  -1.502  4.97
80  7  CYS  HB2  6.737  -0.851  0.418  2.31
81  7  CYS  HB3  7.631  -1.255  -0.81  3.29
82  8  ARG  N  5.509  -3.022  -3.118  3
83  8  ARG  CA  5.899  -4.016  -4.104  2.95
84  8  ARG  C  5.308  -5.381  -3.746  38.54
85  8  ARG  O  4.818  -6.097  -4.617  121.01
86  8  ARG  CB  7.422  -4.135  -4.193  56.02
87  8  ARG  CG  7.906  -5.446  -3.57  175.17
88  8  ARG  CD  9.429  -5.562  -3.656  8.32
89  8  ARG  NE  9.827  -6.988  -3.691  3.96
90  8  ARG  CZ  9.797  -7.753  -4.802  1.67
91  8  ARG  NH1  9.388  -7.237  -5.98  28.9
92  8  ARG  NH2  10.175  -9.017  -4.72  42.02
93  8  ARG  H  4.819  -2.554  -3.327  8.86
94  8  ARG  HA  5.537  -3.689  -4.942  4.42
95  8  ARG  HB2  7.683  -4.117  -5.127  1.46
96  8  ARG  HB3  7.836  -3.384  -3.74  1.6
97  8  ARG  HG2  7.643  -5.466  -2.637  1.28
98  8  ARG  HG3  7.494  -6.196  -4.027  1.28
99  8  ARG  HD2  9.737  -5.125  -4.465  3.06
100  8  ARG  HD3  9.837  -5.124  -2.893  3.06
101  8  ARG  HE  10.093  -7.351  -2.958  3.16
102  8  ARG  HH11  9.144  -6.414  -6.027  3.16
103  8  ARG  HH12  9.373  -7.73  -6.685  7.05
104  8  ARG  HH21  10.435  -9.341  -3.967  6.51
105  8  ARG  HH22  10.159  -9.513  -5.423  6.51
106  9  GLN  N  5.372  -5.699  -2.461  6.51
107  9  GLN  CA  4.849  -6.966  -1.977  6.51
108  9  GLN  C  3.324  -6.904  -1.872  7.8
109  9  GLN  O  2.619  -7.33  -2.785  4
110  9  GLN  CB  5.476  -7.339  -0.632  1.86
111  9  GLN  CG  6.934  -7.771  -0.807  2.04
112  9  GLN  CD  7.147  -9.2  -0.306  2.25
113  9  GLN  OE1  6.33  -9.765  0.403  2.27
114  9  GLN  NE2  8.286  -9.752  -0.713  114.91
115  9  GLN  H  5.715  -5.192  -1.857  7.01
116  9  GLN  HA  5.108  -7.623  -2.642  4.48
117  9  GLN  HB2  5.448  -6.565  -0.048  3.86
118  9  GLN  HB3  4.969  -8.058  -0.223  3.53
119  9  GLN  HG2  7.163  -7.731  -1.749  3.04
120  9  GLN  HG3  7.514  -7.164  -0.322  3.04
121  9  GLN  HE21  8.825  -9.306  -1.213  4.24
122  9  GLN  HE22  8.484  -10.555  -0.476  3.09
123  10  CYS  N  2.86  -6.371  -0.752  2.98
124  10  CYS  CA  1.432  -6.249  -0.517  6.99
125  10  CYS  C  1.055  -4.769  -0.61  6.99
126  10  CYS  O  0.635  -4.168  0.379  6.82
127  10  CYS  CB  1.025  -6.858  0.827  6.82
128  10  CYS  SG  -0.23  -8.186  0.72  32.58
129  10  CYS  H  3.36  -6.074  -0.118  8.98
130  10  CYS  HA  0.99  -6.762  -1.211  4.33
131  10  CYS  HB2  1.82  -7.226  1.244  2.69
132  10  CYS  HB3  0.683  -6.152  1.398  2.47
133  11  LYS  N  1.216  -4.224  -1.806  177.5
134  11  LYS  CA  0.898  -2.826  -2.041  1.89
135  11  LYS  C  0.85  -2.564  -3.547  37.9
136  11  LYS  O  1.873  -2.267  -4.163  2.48
137  11  LYS  CB  1.875  -1.92  -1.29  2.55
138  11  LYS  CG  2.468  -0.86  -2.221  17.54
139  11  LYS  CD  1.371  0.033  -2.804  8.47
140  11  LYS  CE  1.528  0.178  -4.32  4.33
141  11  LYS  NZ  1.398  1.595  -4.721  8.15
142  11  LYS  H  1.509  -4.65  -2.493  7.89
143  11  LYS  HA  0.016  -2.663  -1.672  4.43
144  11  LYS  HB2  1.4  -1.474  -0.572  1.69
145  11  LYS  HB3  2.589  -2.454  -0.909  1.69
146  11  LYS  HG2  3.085  -0.308  -1.715  1.26
147  11  LYS  HG3  2.953  -1.293  -2.941  1.33
148  11  LYS  HD2  0.508  -0.368  -2.617  1.53
149  11  LYS  HD3  1.406  0.908  -2.387  1.53
150  11  LYS  HE2  2.405  -0.145  -4.579  173.77
151  11  LYS  HE3  0.856  -0.355  -4.772  33.72
152  11  LYS  HZ1  2.124  1.89  -5.144  121.45
153  11  LYS  HZ2  0.709  1.725  -5.27  58.05
154  11  LYS  HZ3  1.276  2.087  -3.989  175.75
155  12  LEU  N  -0.349  -2.683  -4.099  135.51
156  12  LEU  CA  -0.544  -2.463  -5.522  29.18
157  12  LEU  C  -1.298  -1.149  -5.731  7.54
158  12  LEU  O  -1.595  -0.773  -6.865  8.17
159  12  LEU  CB  -1.227  -3.673  -6.163  4.09
160  12  LEU  CG  -2.684  -3.911  -5.76  2.02
161  12  LEU  CD1  -3.637  -3.52  -6.891  8.06
162  12  LEU  CD2  -2.896  -5.357  -5.306  4.08
163  12  LEU  H  -1.06  -2.89  -3.662  8.42
164  12  LEU  HA  0.334  -2.381  -5.926  4.08
165  12  LEU  HB2  -1.206  -3.547  -7.124  1.42
166  12  LEU  HB3  -0.714  -4.466  -5.941  1.42
167  12  LEU  HG  -2.887  -3.34  -5.002  0.97
168  12  LEU  HD11  -3.181  -3.612  -7.742  3.26
169  12  LEU  HD12  -4.413  -4.102  -6.877  7.16
170  12  LEU  HD13  -3.919  -2.6  -6.773  6.55
171  12  LEU  HD21  -2.713  -5.427  -4.356  6.55
172  12  LEU  HD22  -3.814  -5.619  -5.479  6.55
173  12  LEU  HD23  -2.295  -5.942  -5.794  6.55
174  13  LYS  N  -1.588  -0.485  -4.621  27.25
175  13  LYS  CA  -2.302  0.78  -4.67  133.78
176  13  LYS  C  -1.681  1.669  -5.749  4.38
177  13  LYS  O  -0.542  1.454  -6.158  4.09
178  13  LYS  CB  -2.336  1.428  -3.284  7.2
179  13  LYS  CG  -3.143  0.577  -2.301  7.2
180  13  LYS  CD  -2.254  -0.467  -1.624  1.28
181  13  LYS  CE  -2.679  -1.885  -2.012  6.24
182  13  LYS  NZ  -3.984  -2.22  -1.398  4.4
183  13  LYS  H  -1.376  -0.753  -3.832  8.53
184  13  LYS  HA  -3.219  0.587  -4.92  4.29
185  13  LYS  HB2  -1.427  1.511  -2.955  1.54
186  13  LYS  HB3  -2.728  2.313  -3.348  1.54
187  13  LYS  HG2  -3.519  1.157  -1.621  1.25
188  13  LYS  HG3  -3.867  0.135  -2.771  1.25
189  13  LYS  HD2  -1.336  -0.326  -1.905  0.89
190  13  LYS  HD3  -2.305  -0.364  -0.661  1.62
191  13  LYS  HE2  -2.76  -1.939  -2.977  122.01
192  13  LYS  HE3  -2.006  -2.521  -1.723  56.23
193  13  LYS  HZ1  -4.013  -3.065  -1.12  174.92
194  13  LYS  HZ2  -4.16  -1.71  -0.69  2.77
195  13  LYS  HZ3  -4.623  -2.097  -2.005  39.34
196  14  PRO  N  -2.481  2.677  -6.193  6.85
197  14  PRO  CA  -2.022  3.6  -7.217  7.75
198  14  PRO  C  -1.02  4.603  -6.642  4.61
199  14  PRO  O  -1.137  5.806  -6.871  2.67
200  14  PRO  CB  -3.286  4.261  -7.745  2.67
201  14  PRO  CG  -4.352  4.028  -6.686  6.98
202  14  PRO  CD  -3.836  2.962  -5.732  6.02
203  14  PRO  HA  -1.548  3.121  -7.915  4.25
204  14  PRO  HB2  -3.141  5.211  -7.88  2.2
205  14  PRO  HB3  -3.551  3.875  -8.594  2.2
206  14  PRO  HG2  -4.469  4.852  -6.187  1.67
207  14  PRO  HG3  -5.184  3.743  -7.096  1.78
208  14  PRO  HD2  -3.827  3.3  -4.823  3.37
209  14  PRO  HD3  -4.392  2.168  -5.758  3.64
210  15  ALA  N  -0.055  4.07  -5.905  2.51
211  15  ALA  CA  0.968  4.902  -5.296  7.82
212  15  ALA  C  0.3  6.049  -4.535  4.25
213  15  ALA  O  -0.096  7.049  -5.133  1.96
214  15  ALA  CB  1.929  5.404  -6.377  1.96
215  15  ALA  H  0.022  3.228  -5.75  8.71
216  15  ALA  HA  1.462  4.351  -4.669  3.72
217  15  ALA  HB1  2.09  6.352  -6.252  124.54
218  15  ALA  HB2  2.767  4.921  -6.312  8.42
219  15  ALA  HB3  1.537  5.254  -7.252  4.38
220  16  GLY  N  0.194  5.865  -3.227  3.52
221  16  GLY  CA  -0.42  6.871  -2.377  3.52
222  16  GLY  C  0.635  7.603  -1.545  4.43
223  16  GLY  O  1.327  8.485  -2.051  124.73
224  16  GLY  H  0.474  5.163  -2.816  8.24
225  16  GLY  HA2  -0.906  7.508  -2.923  3.27
226  16  GLY  HA3  -1.067  6.451  -1.789  4.15
227  17  THR  N  0.723  7.211  -0.283  33.25
228  17  THR  CA  1.683  7.819  0.625  115.04
229  17  THR  C  1.996  6.87  1.783  61.45
230  17  THR  O  1.471  5.761  1.839  173.47
231  17  THR  CB  1.114  9.165  1.078  1.78
232  17  THR  OG1  0.685  9.787  -0.13  7.57
233  17  THR  CG2  2.195  10.105  1.618  4.53
234  17  THR  H  0.236  6.593  0.065  7.36
235  17  THR  HA  2.511  7.964  0.141  4.05
236  17  THR  HB  0.407  9.04  1.731  3.59
237  17  THR  HG1  -0.131  9.635  -0.257  7.13
238  17  THR  HG21  3.068  9.793  1.332  6.84
239  17  THR  HG22  2.045  11  1.276  6.84
240  17  THR  HG23  2.159  10.118  2.587  2.81
241  18  THR  N  2.853  7.343  2.676  2.81
242  18  THR  CA  3.245  6.55  3.83  125.64
243  18  THR  C  2.213  6.694  4.95  54.09
244  18  THR  O  1.866  7.808  5.341  175.24
245  18  THR  CB  4.653  6.979  4.243  116.92
246  18  THR  OG1  5.503  6.35  3.287  56.14
247  18  THR  CG2  5.083  6.373  5.58  173.86
248  18  THR  H  3.217  8.121  2.629  9.03
249  18  THR  HA  3.255  5.616  3.569  4.17
250  18  THR  HB  4.73  7.946  4.261  3.97
251  18  THR  HG1  5.458  5.515  3.368  4.46
252  18  THR  HG21  5.674  6.99  6.04  7.48
253  18  THR  HG22  4.299  6.208  6.127  4.3
254  18  THR  HG23  5.547  5.537  5.42  1.7
255  19  CYS  N  1.75  5.55  5.435  1.7
256  19  CYS  CA  0.764  5.535  6.503  1.48
257  19  CYS  C  -0.26  6.638  6.227  1.48
258  19  CYS  O  -0.464  7.521  7.058  3.15
259  19  CYS  CB  1.418  5.693  7.877  3.15
260  19  CYS  SG  2.4  4.253  8.43  6.98
261  19  CYS  H  1.996  4.775  5.155  8.88
262  19  CYS  HA  0.344  4.661  6.481  4.79
263  19  CYS  HB2  2.004  6.465  7.844  2.95
264  19  CYS  HB3  0.724  5.866  8.533  2.71
265  20  TRP  N  -0.877  6.549  5.057  8.39
266  20  TRP  CA  -1.875  7.527  4.662  34.18
267  20  TRP  C  -3.251  6.866  4.764  2.03
268  20  TRP  O  -4.038  7.197  5.648  1.92
269  20  TRP  CB  -1.578  8.08  3.267  2.24
270  20  TRP  CG  -1.515  9.608  3.202  7.57
271  20  TRP  CD1  -0.647  10.424  3.816  4.62
272  20  TRP  CD2  -2.395  10.475  2.456  1.98
273  20  TRP  NE1  -0.901  11.747  3.52  1.98
274  20  TRP  CE2  -1.998  11.779  2.668  2.64
275  20  TRP  CE3  -3.49  10.166  1.629  2.64
276  20  TRP  CZ2  -2.643  12.879  2.087  27.07
277  20  TRP  CZ3  -4.123  11.276  1.058  7.68
278  20  TRP  CH2  -3.735  12.596  1.26  4.92
279  20  TRP  H  -0.728  5.928  4.481  7.74
280  20  TRP  HA  -1.819  8.273  5.28  4.51
281  20  TRP  HB2  -0.724  7.727  2.973  2.61
282  20  TRP  HB3  -2.261  7.769  2.653  3.22
283  20  TRP  HD1  0.041  10.135  4.37  6.85
284  20  TRP  HE1  -0.463  12.428  3.81  6.85
285  20  TRP  HE3  -3.773  9.294  1.475  1.78
286  20  TRP  HZ2  -2.358  13.75  2.242  8.35
287  20  TRP  HZ3  -4.852  11.12  0.503  4.48
288  20  TRP  HH2  -4.201  13.287  0.848  4.65
289  21  LYS  N  -3.498  5.945  3.845  2.94
290  21  LYS  CA  -4.765  5.234  3.819  32.78
291  21  LYS  C  -5.877  6.197  3.395  3.89
292  21  LYS  O  -5.998  7.291  3.944  2.14
293  21  LYS  CB  -5.024  4.552  5.163  4.89
294  21  LYS  CG  -6.451  4.006  5.236  2.31
295  21  LYS  CD  -7.449  5.122  5.55  2.07
296  21  LYS  CE  -8.597  4.603  6.419  2.05
297  21  LYS  NZ  -8.27  4.751  7.853  2.05
298  21  LYS  H  -2.942  5.719  3.229  7.99
299  21  LYS  HA  -4.693  4.535  3.151  4.54
300  21  LYS  HB2  -4.402  3.815  5.263  1.11
301  21  LYS  HB3  -4.879  5.184  5.885  1.48
302  21  LYS  HG2  -6.68  3.614  4.379  1.42
303  21  LYS  HG3  -6.504  3.318  5.918  1.42
304  21  LYS  HD2  -6.989  5.829  6.029  1.05
305  21  LYS  HD3  -7.804  5.487  4.724  1.05
306  21  LYS  HE2  -9.398  5.113  6.222  1.6
307  21  LYS  HE3  -8.768  3.67  6.214  2.26
308  21  LYS  HZ1  -7.781  4.072  8.156  7.91
309  21  LYS  HZ2  -7.807  5.493  8.015  4.69
310  21  LYS  HZ3  -9.03  4.782  8.315  2.88
311  22  THR  N  -6.659  5.755  2.422  2.88
312  22  THR  CA  -7.756  6.564  1.917  7.22
313  22  THR  C  -9.043  6.257  2.687  6.42
314  22  THR  O  -9.486  7.06  3.506  113.54
315  22  THR  CB  -7.874  6.315  0.412  50.67
316  22  THR  OG1  -8.34  4.971  0.318  176.87
317  22  THR  CG2  -6.513  6.288  -0.286  112.2
318  22  THR  H  -6.569  4.989  2.042  8.19
319  22  THR  HA  -7.545  7.497  2.076  4.31
320  22  THR  HB  -8.464  6.965  -0.001  61.43
321  22  THR  HG1  -8.469  4.768  -0.487  63.08
322  22  THR  HG21  -6.631  6.037  -1.215  52.45
323  22  THR  HG22  -6.108  7.168  -0.238  8.19
324  22  THR  HG23  -5.938  5.642  0.153  4.28
325  23  SER  N  -9.605  5.093  2.397  2.13
326  23  SER  CA  -10.831  4.671  3.051  2.13
327  23  SER  C  -11.58  3.674  2.165  2.42
328  23  SER  O  -12.804  3.735  2.054  2.42
329  23  SER  CB  -11.725  5.871  3.373  6.42
330  23  SER  OG  -11.496  6.369  4.689  7.17
331  23  SER  H  -9.288  4.537  1.822  8.41
332  23  SER  HA  -10.549  4.247  3.877  4.02
333  23  SER  HB2  -11.535  6.579  2.738  3.77
334  23  SER  HB3  -12.656  5.614  3.284  3.77
335  23  SER  HG  -12.061  6.047  5.22  126.09
336  24  LEU  N  -10.815  2.781  1.556  60.69
337  24  LEU  CA  -11.391  1.772  0.684  7.57
338  24  LEU  C  -10.328  0.723  0.351  7.66
339  24  LEU  O  -10.611  -0.475  0.356  3.98
340  24  LEU  CB  -12.017  2.426  -0.55  2.05
341  24  LEU  CG  -12.167  1.529  -1.782  2.34
342  24  LEU  CD1  -13.591  1.588  -2.333  2.38
343  24  LEU  CD2  -11.125  1.881  -2.846  8.32
344  24  LEU  H  -9.96  2.744  1.639  7.8
345  24  LEU  HA  -12.108  1.339  1.174  4.3
346  24  LEU  HB2  -12.904  2.731  -0.302  1.46
347  24  LEU  HB3  -11.478  3.194  -0.796  1.46
348  24  LEU  HG  -12.002  0.612  -1.513  0.72
349  24  LEU  HD11  -14.21  1.257  -1.664  17.73
350  24  LEU  HD12  -13.815  2.505  -2.555  8.5
351  24  LEU  HD13  -13.653  1.037  -3.129  4.13
352  24  LEU  HD21  -10.916  1.09  -3.368  177.8
353  24  LEU  HD22  -11.48  2.569  -3.43  3
354  24  LEU  HD23  -10.319  2.207  -2.415  119.2
355  25  THR  N  -9.128  1.211  0.071  115.07
356  25  THR  CA  -8.022  0.33  -0.262  60.72
357  25  THR  C  -6.921  0.434  0.794  177.94
358  25  THR  O  -6.616  -0.542  1.476  32.57
359  25  THR  CB  -7.546  0.683  -1.673  7.46
360  25  THR  OG1  -8.176  -0.287  -2.505  4.54
361  25  THR  CG2  -6.051  0.425  -1.867  3.06
362  25  THR  H  -8.939  2.05  0.069  7.39
363  25  THR  HA  -8.345  -0.585  -0.25  4.43
364  25  THR  HB  -7.772  1.6  -1.895  3.87
365  25  THR  HG1  -9.011  -0.23  -2.432  6.83
366  25  THR  HG21  -5.899  0.054  -2.75  6.83
367  25  THR  HG22  -5.565  1.26  -1.781  2.13
368  25  THR  HG23  -5.74  -0.201  -1.195  2.3
369  26  SER  N  -6.354  1.627  0.896  2.4
370  26  SER  CA  -5.293  1.871  1.858  117.09
371  26  SER  C  -3.943  1.946  1.141  59.19
372  26  SER  O  -3.439  0.937  0.651  178.62
373  26  SER  CB  -5.263  0.783  2.934  3.81
374  26  SER  OG  -4.569  1.209  4.104  27.93
375  26  SER  H  -6.572  2.306  0.415  8.08
376  26  SER  HA  -5.508  2.723  2.268  4.81
377  26  SER  HB2  -6.176  0.566  3.18  3.43
378  26  SER  HB3  -4.837  -0.012  2.577  3.29
379  26  SER  HG  -4.303  2  4.009  7.78
380  27  HSE  N  -3.395  3.152  1.103  7.52
381  27  HSE  CA  -2.115  3.372  0.454  4.56
382  27  HSE  C  -0.983  2.947  1.394  3.03
383  27  HSE  O  -0.175  2.085  1.049  3.03
384  27  HSE  CB  -1.984  4.824  -0.011  7.1
385  27  HSE  CG  -3.082  5.27  -0.946  7.1
386  27  HSE  ND1  -3.837  4.383  -1.693  6.83
387  27  HSE  CD2  -3.545  6.518  -1.245  6.83
388  27  HSE  CE1  -4.711  5.076  -2.407  57.84
389  27  HSE  NE2  -4.53  6.399  -2.128  175.18
390  27  HSE  H  -3.812  3.968  1.505  8.56
391  27  HSE  HA  -2.099  2.736  -0.43  4.71
392  27  HSE  HB2  -2  5.468  0.868  2.97
393  27  HSE  HB3  -1.023  4.948  -0.51  2.81
394  27  HSE  HD1  -3.74  3.387  -1.693  114.38
395  27  HSE  HD2  -3.17  7.454  -0.829  8.01
396  27  HSE  HE1  -5.449  4.662  -3.096  3.99
397  27  HSE  HE2  -5.057  7.162  -2.528  1.56
398  28  TYR  N  -0.963  3.569  2.562  1.56
399  28  TYR  CA  0.056  3.267  3.554  1.45
400  28  TYR  C  1.278  2.617  2.904  7.39
401  28  TYR  O  1.719  1.55  3.328  4.48
402  28  TYR  CB  -0.583  2.269  4.522  1.86
403  28  TYR  CG  -1.176  2.912  5.778  1.75
404  28  TYR  CD1  -1.918  4.072  5.674  1.67
405  28  TYR  CD2  -0.97  2.333  7.013  1.67
406  28  TYR  CE1  -2.476  4.676  6.854  3.26
407  28  TYR  CE2  -1.529  2.938  8.195  3.2
408  28  TYR  CZ  -2.253  4.081  8.057  7.04
409  28  TYR  OH  -2.783  4.652  9.172  6.55
410  28  TYR  H  -1.531  4.171  2.797  8.44
411  28  TYR  HA  0.324  4.1  3.972  5.17
412  28  TYR  HB2  -1.293  1.802  4.055  2.58
413  28  TYR  HB3  0.085  1.618  4.788  2.52
414  28  TYR  HD1  -2.056  4.462  4.841  6.8
415  28  TYR  HD2  -0.471  1.551  7.082  6.8
416  28  TYR  HE1  -2.977  5.457  6.798  6.61
417  28  TYR  HE2  -1.396  2.557  9.033  6.61
418  28  TYR  HH  -2.647  4.16  9.839  3.76
419  29  CYS  N  1.792  3.287  1.883  3.41
420  29  CYS  CA  2.955  2.788  1.169  4.49
421  29  CYS  C  3.078  3.558  -0.148  2.07
422  29  CYS  O  3.164  4.785  -0.148  2.31
423  29  CYS  CB  2.874  1.277  0.941  2.05
424  29  CYS  SG  3.388  0.257  2.371  2.05
425  29  CYS  H  1.478  4.032  1.591  9.29
426  29  CYS  HA  3.723  2.953  1.737  4.75
427  29  CYS  HB2  1.955  1.054  0.724  2.47
428  29  CYS  HB3  3.43  1.047  0.18  3.77
429  30  THR  N  3.082  2.805  -1.238  32.54
430  30  THR  CA  3.193  3.402  -2.558  118.53
431  30  THR  C  3.72  2.376  -3.564  55.08
432  30  THR  O  3.576  2.555  -4.773  177.47
433  30  THR  CB  4.073  4.647  -2.443  4.29
434  30  THR  OG1  3.144  5.718  -2.294  7.48
435  30  THR  CG2  4.807  4.969  -3.746  4.22
436  30  THR  H  3.023  1.947  -1.23  9.85
437  30  THR  HA  2.305  3.658  -2.853  4.34
438  30  THR  HB  4.697  4.562  -1.706  41.72
439  30  THR  HG1  3.099  5.948  -1.487  26.54
440  30  THR  HG21  5.388  4.229  -3.982  1.63
441  30  THR  HG22  4.16  5.111  -4.455  1.63
442  30  THR  HG23  5.338  5.772  -3.628  2.07
443  31  GLY  N  4.32  1.323  -3.027  2.34
444  31  GLY  CA  4.87  0.269  -3.863  1.76
445  31  GLY  C  6.347  0.524  -4.166  1.76
446  31  GLY  O  6.677  1.365  -5  1.44
447  31  GLY  H  4.417  1.204  -2.181  8.21
448  31  GLY  HA2  4.77  -0.587  -3.417  4.06
449  31  GLY  HA3  4.37  0.216  -4.693  4.23
450  32  LYS  N  7.198  -0.218  -3.473  7.68
451  32  LYS  CA  8.633  -0.084  -3.657  4.65
452  32  LYS  C  9.325  -0.137  -2.294  3.02
453  32  LYS  O  9.584  -1.218  -1.768  2.1
454  32  LYS  CB  8.953  1.178  -4.461  55.35
455  32  LYS  CG  10.456  1.46  -4.463  178.8
456  32  LYS  CD  11.258  0.16  -4.363  7.85
457  32  LYS  CE  12.653  0.329  -4.969  3.85
458  32  LYS  NZ  13.12  -0.945  -5.558  2.07
459  32  LYS  H  6.96  -0.805  -2.892  7.93
460  32  LYS  HA  8.93  -0.842  -4.184  4.42
461  32  LYS  HB2  8.658  1.05  -5.376  1.85
462  32  LYS  HB3  8.48  1.935  -4.083  1.85
463  32  LYS  HG2  10.69  1.909  -5.291  1.45
464  32  LYS  HG3  10.682  2.04  -3.719  1.45
465  32  LYS  HD2  11.35  -0.081  -3.428  1.17
466  32  LYS  HD3  10.787  -0.551  -4.824  1.17
467  32  LYS  HE2  12.617  1.005  -5.663  7.5
468  32  LYS  HE3  13.275  0.621  -4.284  28.64
469  32  LYS  HZ1  13.073  -0.94  -6.447  3.33
470  32  LYS  HZ2  13.967  -1.12  -5.347  3.56
471  32  LYS  HZ3  12.608  -1.604  -5.25  6.34
472  33  SER  N  9.606  1.043  -1.762  10.24
473  33  SER  CA  10.263  1.144  -0.47  7.83
474  33  SER  C  9.31  1.76  0.556  3.9
475  33  SER  O  9.369  2.959  0.823  1.92
476  33  SER  CB  11.545  1.974  -0.569  2
477  33  SER  OG  12.664  1.183  -0.955  2.25
478  33  SER  H  9.421  1.795  -2.136  8.02
479  33  SER  HA  10.486  0.233  -0.224  4.82
480  33  SER  HB2  11.414  2.668  -1.234  3.42
481  33  SER  HB3  11.725  2.392  0.288  3.29
482  33  SER  HG  13.232  1.166  -0.337  3.98
483  34  CYS  N  8.452  0.91  1.103  7.83
484  34  CYS  CA  7.487  1.357  2.093  2.95
485  34  CYS  C  7.579  0.428  3.306  3.52
486  34  CYS  O  8.468  -0.42  3.376  118.84
487  34  CYS  CB  6.069  1.405  1.519  54.69
488  34  CYS  SG  5.929  2.225  -0.111  176.59
489  34  CYS  H  8.416  0.073  0.91  8.45
490  34  CYS  HA  7.733  2.264  2.334  4.44
491  34  CYS  HB2  5.749  0.494  1.428  2.39
492  34  CYS  HB3  5.495  1.868  2.15  2.48
493  35  ASP  N  6.65  0.619  4.229  67.34
494  35  ASP  CA  6.616  -0.191  5.435  21.96
495  35  ASP  C  5.369  0.164  6.247  7.5
496  35  ASP  O  5.403  0.166  7.477  4.32
497  35  ASP  CB  7.841  0.076  6.312  1.29
498  35  ASP  CG  8.194  -1.049  7.29  1.39
499  35  ASP  OD1  7.459  -1.31  8.254  1
500  35  ASP  OD2  9.288  -1.678  7.024  1
501  35  ASP  H  6.032  1.214  4.175  8.77
502  35  ASP  HA  6.608  -1.11  5.125  5.18
503  35  ASP  HB2  8.603  0.212  5.727  2.48
504  35  ASP  HB3  7.69  0.889  6.819  2.76
505  35  ASP  HD2  9.352  -2.504  7.585  2.72
506  36  CYS  N  4.295  0.454  5.527  41.35
507  36  CYS  CA  3.039  0.81  6.166  1.78
508  36  CYS  C  1.966  -0.175  5.695  127.66
509  36  CYS  O  1.894  -0.502  4.512  58.28
510  36  CYS  CB  2.647  2.26  5.876  176.7
511  36  CYS  SG  3.423  3.499  6.979  4.52
512  36  CYS  H  4.279  0.451  4.667  8.91
513  36  CYS  HA  3.181  0.734  7.123  4.81
514  36  CYS  HB2  2.903  2.465  4.963  2.96
515  36  CYS  HB3  1.683  2.343  5.946  2.73
516  37  PRO  N  1.138  -0.632  6.672  177.47
517  37  PRO  CA  0.072  -1.573  6.37  9.18
518  37  PRO  C  -1.091  -0.874  5.662  4.21
519  37  PRO  O  -1.72  0.019  6.228  2.13
520  37  PRO  CB  -0.321  -2.167  7.713  2.17
521  37  PRO  CG  0.212  -1.206  8.764  2.37
522  37  PRO  CD  1.194  -0.267  8.085  2.37
523  37  PRO  HA  0.388  -2.252  5.754  4.16
524  37  PRO  HB2  -1.285  -2.246  7.781  1.93
525  37  PRO  HB3  0.06  -3.052  7.826  1.68
526  37  PRO  HG2  -0.532  -0.68  9.098  1.71
527  37  PRO  HG3  0.648  -1.695  9.479  2.05
528  37  PRO  HD2  0.922  0.655  8.214  3.41
529  37  PRO  HD3  2.09  -0.375  8.441  3.77
530  38  LEU  N  -1.341  -1.308  4.436  110.75
531  38  LEU  CA  -2.418  -0.736  3.646  46.05
532  38  LEU  C  -3.668  -1.608  3.788  172.9
533  38  LEU  O  -4.053  -2.304  2.85  177.24
534  38  LEU  CB  -1.971  -0.536  2.196  8.65
535  38  LEU  CG  -0.714  -1.299  1.771  3.64
536  38  LEU  CD1  -1.034  -2.309  0.667  5.39
537  38  LEU  CD2  0.399  -0.334  1.359  119.98
538  38  LEU  H  -0.898  -1.934  4.046  7.79
539  38  LEU  HA  -2.613  0.142  4.01  3.27
540  38  LEU  HB2  -2.698  -0.825  1.622  1.31
541  38  LEU  HB3  -1.817  0.411  2.052  1.31
542  38  LEU  HG  -0.391  -1.802  2.535  0.59
543  38  LEU  HD11  -1.102  -3.197  1.051  7.62
544  38  LEU  HD12  -1.876  -2.074  0.247  30.78
545  38  LEU  HD13  -0.328  -2.297  0.002  116.23
546  38  LEU  HD21  0.209  0.024  0.478  121.46
547  38  LEU  HD22  0.45  0.393  1.999  118.3
548  38  LEU  HD23  1.245  -0.808  1.34  8.69
549  39  TYR  N  -4.267  -1.539  4.968  4.41
550  39  TYR  CA  -5.466  -2.313  5.244  2.77
551  39  TYR  C  -5.829  -2.249  6.729  2.92
552  39  TYR  O  -5.333  -3.041  7.528  26.95
553  39  TYR  CB  -5.128  -3.759  4.876  43.03
554  39  TYR  CG  -5.916  -4.803  5.67  4.64
555  39  TYR  CD1  -7.287  -4.887  5.53  177.34
556  39  TYR  CD2  -5.258  -5.661  6.527  83.78
557  39  TYR  CE1  -8.029  -5.87  6.275  118.83
558  39  TYR  CE2  -5.998  -6.644  7.273  60.34
559  39  TYR  CZ  -7.348  -6.699  7.111  174
560  39  TYR  OH  -8.049  -7.627  7.816  1.97
561  39  TYR  H  -3.992  -1.049  5.619  7.36
562  39  TYR  HA  -6.193  -1.935  4.724  4.71
563  39  TYR  HB2  -5.317  -3.887  3.933  2.91
564  39  TYR  HB3  -4.18  -3.908  5.019  2.63
565  39  TYR  HD1  -7.731  -4.309  4.952  8.84
566  39  TYR  HD2  -4.335  -5.605  6.622  4.27
567  39  TYR  HE1  -8.953  -5.936  6.189  1.89
568  39  TYR  HE2  -5.565  -7.227  7.854  1.25
569  39  TYR  HH  -7.663  -8.372  7.774  1.5
570  40  PRO  N  -6.715  -1.272  7.062  7.32
571  40  PRO  CA  -7.151  -1.095  8.437  116.27
572  40  PRO  C  -8.146  -2.183  8.842  59.32
573  40  PRO  O  -9.191  -2.341  8.212  179.3
574  40  PRO  CB  -7.748  0.303  8.482  176.34
575  40  PRO  CG  -8.047  0.675  7.039  29.16
576  40  PRO  CD  -7.323  -0.315  6.143  126.72
577  40  PRO  HA  -6.399  -1.183  9.043  4.21
578  40  PRO  HB2  -8.561  0.308  9.011  2.06
579  40  PRO  HB3  -7.129  0.933  8.883  2.06
580  40  PRO  HG2  -9.001  0.578  6.892  1.85
581  40  PRO  HG3  -7.752  1.58  6.854  1.85
582  40  PRO  HD2  -7.953  -0.756  5.552  3.48
583  40  PRO  HD3  -6.652  0.126  5.599  3.59
584  41  GLY  N  -7.786  -2.908  9.891  5.2
585  41  GLY  CA  -8.636  -3.978  10.389  2.6
586  41  GLY  C  -8.15  -4.474  11.752  6.99
587  41  GLY  O  -8.919  -5.059  12.514  6.71
588  41  GLY  H  -7.054  -2.793  10.328  122.02
589  41  GLY  HA2  -9.55  -3.663  10.462  61.86
590  41  GLY  HA3  -8.639  -4.712  9.755  177.03
