1  1  GLN  N  40.94  -7.68  105.516  107.84
2  1  GLN  CA  42.066  -6.754  105.581  59.45
3  1  GLN  C  41.699  -5.461  106.313  173.95
4  1  GLN  O  41.111  -4.556  105.725  55.76
5  1  GLN  CB  42.549  -6.442  104.168  64.76
6  1  GLN  CG  43.709  -5.479  104.111  30.3
7  1  GLN  CD  44.508  -5.634  102.833  8.23
8  1  GLN  OE1  43.975  -5.498  101.724  4.04
9  1  GLN  NE2  45.798  -5.928  102.979  3.63
10  1  GLN  H  41.187  -8.419  105.085  3.84
11  1  GLN  H2  40.681  -7.891  106.341  3.97
12  1  GLN  H3  40.264  -7.296  105.082  3.66
13  1  GLN  HA  42.777  -7.179  106.085  121.75
14  1  GLN  HB2  42.808  -7.271  103.735  56.58
15  1  GLN  HB3  41.81  -6.074  103.658  54.2
16  1  GLN  HG2  43.378  -4.57  104.177  176.3
17  1  GLN  HG3  44.289  -5.626  104.875  30.32
18  1  GLN  HE21  46.133  -6.015  103.766  41.08
19  1  GLN  HE22  46.297  -6.031  102.286  176.3
20  2  VAL  N  42.057  -5.377  107.594  1.96
21  2  VAL  CA  41.745  -4.202  108.413  9.06
22  2  VAL  C  42.955  -3.522  109.05  8.7
23  2  VAL  O  43.9  -4.179  109.482  4.57
24  2  VAL  CB  40.77  -4.559  109.568  2.6
25  2  VAL  CG1  40.451  -3.311  110.378  2.53
26  2  VAL  CG2  39.498  -5.178  109.018  115.57
27  2  VAL  H  42.485  -5.995  108.012  58.22
28  2  VAL  HA  41.348  -3.585  107.779  4.62
29  2  VAL  HB  41.195  -5.209  110.149  54.78
30  2  VAL  HG11  39.842  -3.539  111.098  63.38
31  2  VAL  HG12  41.27  -2.949  110.751  8.6
32  2  VAL  HG13  40.037  -2.649  109.803  8.27
33  2  VAL  HG21  38.9  -5.395  109.751  4.28
34  2  VAL  HG22  39.063  -4.548  108.422  3.73
35  2  VAL  HG23  39.717  -5.987  108.529  3.73
36  3  SER  N  42.894  -2.197  109.13  181.4
37  3  SER  CA  43.955  -1.386  109.729  124.79
38  3  SER  C  43.339  -0.492  110.811  52.59
39  3  SER  O  42.355  0.198  110.557  177.79
40  3  SER  CB  44.616  -0.526  108.644  7.28
41  3  SER  OG  45.417  0.499  109.209  18.82
42  3  SER  H  42.23  -1.737  108.836  8.2
43  3  SER  HA  44.63  -1.958  110.127  4.18
44  3  SER  HB2  45.163  -1.088  108.073  8.72
45  3  SER  HB3  43.932  -0.131  108.082  119.09
46  3  SER  HG  45.767  0.952  108.594  110.82
47  4  VAL  N  43.908  -0.504  112.014  117.91
48  4  VAL  CA  43.364  0.318  113.095  62.12
49  4  VAL  C  44.34  1.345  113.669  176.12
50  4  VAL  O  45.339  0.988  114.29  115.24
51  4  VAL  CB  42.844  -0.556  114.282  32.2
52  4  VAL  CG1  42.234  0.33  115.362  20.81
53  4  VAL  CG2  41.817  -1.556  113.788  20.81
54  4  VAL  H  44.598  -0.972  112.224  7.81
55  4  VAL  HA  42.637  0.8  112.67  3.91
56  4  VAL  HB  43.594  -1.04  114.661  1.93
57  4  VAL  HG11  41.915  -0.223  116.092  8.56
58  4  VAL  HG12  42.906  0.946  115.693  4.12
59  4  VAL  HG13  41.492  0.831  114.989  3.87
60  4  VAL  HG21  41.502  -2.092  114.533  121.74
61  4  VAL  HG22  41.069  -1.083  113.392  57.24
62  4  VAL  HG23  42.222  -2.134  113.123  55.99
63  5  GLU  N  44.056  2.62  113.438  123.86
64  5  GLU  CA  44.876  3.682  113.987  55.79
65  5  GLU  C  44.217  3.924  115.329  176.12
66  5  GLU  O  43.044  3.592  115.505  118.46
67  5  GLU  CB  44.79  4.931  113.125  30.47
68  5  GLU  CG  45.351  4.743  111.739  9.1
69  5  GLU  CD  45.187  5.982  110.891  42.98
70  5  GLU  OE1  45.602  7.067  111.351  32.92
71  5  GLU  OE2  44.645  5.871  109.771  9.14
72  5  GLU  H  43.391  2.889  112.964  28.47
73  5  GLU  HA  45.819  3.46  114.04  178.04
74  5  GLU  HB2  43.862  5.205  113.056  8.15
75  5  GLU  HB3  45.267  5.652  113.564  4.2
76  5  GLU  HG2  46.292  4.516  111.8  1.7
77  5  GLU  HG3  44.906  3.996  111.309  1.63
78  6  THR  N  44.942  4.51  116.275  1.61
79  6  THR  CA  44.359  4.719  117.593  40.78
80  6  THR  C  44.86  5.917  118.39  3.06
81  6  THR  O  46.045  6.239  118.373  3.06
82  6  THR  CB  44.539  3.453  118.453  44.81
83  6  THR  OG1  43.99  3.675  119.757  173.89
84  6  THR  CG2  46.011  3.101  118.573  41.16
85  6  THR  H  45.751  4.787  116.179  128.07
86  6  THR  HA  43.429  4.916  117.399  52.41
87  6  THR  HB  44.075  2.716  118.026  122.15
88  6  THR  HG1  44.088  2.984  120.224  8.2
89  6  THR  HG21  46.11  2.303  119.116  176.57
90  6  THR  HG22  46.378  2.938  117.69  7.71
91  6  THR  HG23  46.487  3.836  118.99  125.21
92  7  THR  N  43.923  6.554  119.093  123.23
93  7  THR  CA  44.155  7.72  119.953  58.83
94  7  THR  C  44.046  9.091  119.281  175.46
95  7  THR  O  44.4  9.274  118.113  31.73
96  7  THR  CB  45.52  7.637  120.697  8.21
97  7  THR  OG1  45.533  6.487  121.553  115.5
98  7  THR  CG2  45.745  8.885  121.552  56.24
99  7  THR  H  43.099  6.309  119.082  9.21
100  7  THR  HA  43.415  7.666  120.578  63.79
101  7  THR  HB  46.225  7.571  120.034  178.36
102  7  THR  HG1  46.271  6.443  121.952  8.5
103  7  THR  HG21  46.599  8.816  122.007  120.93
104  7  THR  HG22  45.745  9.671  120.984  56.33
105  7  THR  HG23  45.034  8.961  122.208  122.9
106  8  GLN  N  43.534  10.034  120.07  57.6
107  8  GLN  CA  43.309  11.446  119.731  39.16
108  8  GLN  C  42.149  11.813  120.655  7.45
109  8  GLN  O  41.056  12.165  120.201  121.89
110  8  GLN  CB  42.891  11.643  118.261  54.16
111  8  GLN  CG  43.467  12.914  117.571  176.68
112  8  GLN  CD  43.022  14.252  118.184  175.79
113  8  GLN  OE1  43.437  15.321  117.729  18.14
114  8  GLN  NE2  42.185  14.195  119.21  8.25
115  8  GLN  H  43.291  9.856  120.875  7.58
116  8  GLN  HA  44.108  11.986  119.839  5.05
117  8  GLN  HB2  43.168  10.864  117.754  119.4
118  8  GLN  HB3  41.923  11.68  118.218  8.26
119  8  GLN  HG2  44.436  12.868  117.599  118.28
120  8  GLN  HG3  43.209  12.902  116.636  51.64
121  8  GLN  HE21  41.915  13.433  119.503  37
122  8  GLN  HE22  41.912  14.92  119.583  7.21
123  9  GLY  N  42.392  11.701  121.959  20.22
124  9  GLY  CA  41.354  11.996  122.93  7.46
125  9  GLY  C  40.208  11.017  122.751  44.93
126  9  GLY  O  39.061  11.428  122.55  8.68
127  9  GLY  H  43.145  11.458  122.296  1.98
128  9  GLY  HA2  41.711  11.932  123.83  29.45
129  9  GLY  HA3  41.037  12.906  122.814  107.66
130  10  LEU  N  40.533  9.724  122.806  46.09
131  10  LEU  CA  39.565  8.637  122.648  115.81
132  10  LEU  C  39.232  8.338  121.184  58.44
133  10  LEU  O  38.767  7.246  120.863  174.44
134  10  LEU  CB  38.271  8.949  123.411  175.4
135  10  LEU  CG  38.392  9.127  124.926  63.38
136  10  LEU  CD1  37.077  9.642  125.487  110.75
137  10  LEU  CD2  38.786  7.809  125.573  8.2
138  10  LEU  H  41.337  9.45  122.939  4.24
139  10  LEU  HA  39.987  7.846  123.018  3.73
140  10  LEU  HB2  37.889  9.76  123.04  3.73
141  10  LEU  HB3  37.639  8.234  123.24  172.7
142  10  LEU  HG  39.084  9.778  125.123  122.26
143  10  LEU  HD11  37.156  9.754  126.447  56.22
144  10  LEU  HD12  36.863  10.496  125.079  176.3
145  10  LEU  HD13  36.371  9.006  125.293  38.07
146  10  LEU  HD21  38.861  7.929  126.533  30.12
147  10  LEU  HD22  38.11  7.14  125.383  5.54
148  10  LEU  HD23  39.639  7.516  125.217  2.97
149  11  GLY  N  39.466  9.305  120.299  2.57
150  11  GLY  CA  39.175  9.107  118.888  115.38
151  11  GLY  C  39.896  7.91  118.291  8.28
152  11  GLY  O  40.928  7.48  118.806  4.2
153  11  GLY  H  39.791  10.077  120.496  1.92
154  11  GLY  HA2  38.219  8.991  118.774  1.81
155  11  GLY  HA3  39.425  9.905  118.397  8.73
156  12  ARG  N  39.343  7.367  117.209  7.75
157  12  ARG  CA  39.934  6.221  116.524  120.54
158  12  ARG  C  39.525  6.151  115.056  62.39
159  12  ARG  O  38.495  6.701  114.66  176.12
160  12  ARG  CB  39.557  4.925  117.237  109.32
161  12  ARG  CG  40.438  4.646  118.432  31.84
162  12  ARG  CD  39.861  3.564  119.321  20.45
163  12  ARG  NE  40.689  3.292  120.502  20.45
164  12  ARG  CZ  41.124  4.209  121.369  8.03
165  12  ARG  NH1  40.83  5.496  121.21  3.89
166  12  ARG  NH2  41.841  3.829  122.42  1.94
167  12  ARG  H  38.615  7.653  116.852  8.42
168  12  ARG  HA  40.897  6.336  116.551  1.19
169  12  ARG  HB2  38.632  4.975  117.525  1.42
170  12  ARG  HB3  39.62  4.185  116.613  0.81
171  12  ARG  HG2  41.319  4.378  118.128  47.12
172  12  ARG  HG3  40.551  5.46  118.947  25.49
173  12  ARG  HD2  38.973  3.828  119.608  123.76
174  12  ARG  HD3  39.762  2.748  118.806  55.79
175  12  ARG  HE  40.912  2.474  120.647  176.12
176  12  ARG  HH11  40.353  5.749  120.541  32.67
177  12  ARG  HH12  41.117  6.076  121.777  30.47
178  12  ARG  HH21  42.022  2.997  122.539  7.3
179  12  ARG  HH22  42.124  4.415  122.982  42.98
180  13  ARG  N  40.344  5.481  114.25  32.68
181  13  ARG  CA  40.074  5.348  112.823  113.07
182  13  ARG  C  40.366  3.946  112.327  116.58
183  13  ARG  O  41.463  3.423  112.512  60.19
184  13  ARG  CB  40.914  6.346  112.029  8.27
185  13  ARG  CG  40.718  6.28  110.515  4.2
186  13  ARG  CD  41.711  7.201  109.82  1.7
187  13  ARG  NE  41.686  8.536  110.42  1.63
188  13  ARG  CZ  42.616  9.469  110.237  1.85
189  13  ARG  NH1  43.665  9.225  109.461  8.93
190  13  ARG  NH2  42.498  10.643  110.846  3.06
191  13  ARG  H  41.066  5.094  114.513  3.06
192  13  ARG  HA  39.131  5.531  112.69  60.65
193  13  ARG  HB2  40.702  7.243  112.332  177.72
194  13  ARG  HB3  41.851  6.193  112.229  8.27
195  13  ARG  HG2  40.839  5.369  110.205  123.73
196  13  ARG  HG3  39.811  6.539  110.287  57.12
197  13  ARG  HD2  42.604  6.829  109.885  120.42
198  13  ARG  HD3  41.497  7.262  108.876  55.53
199  13  ARG  HE  41.021  8.732  110.929  175.74
200  13  ARG  HH11  43.745  8.461  109.074  4.1
201  13  ARG  HH12  44.264  9.831  109.345  29.48
202  13  ARG  HH21  41.823  10.797  111.356  33.63
203  13  ARG  HH22  43.097  11.249  110.731  180.47
204  14  VAL  N  39.374  3.339  111.687  2.35
205  14  VAL  CA  39.534  1.997  111.151  112.48
206  14  VAL  C  39.448  2.033  109.636  8.25
207  14  VAL  O  38.419  2.41  109.076  4.21
208  14  VAL  CB  38.446  1.055  111.662  1.97
209  14  VAL  CG1  38.665  -0.332  111.093  1.85
210  14  VAL  CG2  38.454  1.026  113.171  2.26
211  14  VAL  H  38.6  3.689  111.553  2.26
212  14  VAL  HA  40.4  1.672  111.442  7.44
213  14  VAL  HB  37.578  1.375  111.37  6.78
214  14  VAL  HG11  37.973  -0.929  111.419  122.06
215  14  VAL  HG12  38.629  -0.294  110.124  56.13
216  14  VAL  HG13  39.534  -0.663  111.371  175.74
217  14  VAL  HG21  37.761  0.426  113.487  2.06
218  14  VAL  HG22  39.318  0.715  113.484  32.69
219  14  VAL  HG23  38.289  1.919  113.513  24.64
220  15  THR  N  40.532  1.651  108.972  28.85
221  15  THR  CA  40.55  1.631  107.517  41.81
222  15  THR  C  40.341  0.187  107.105  57.63
223  15  THR  O  40.982  -0.73  107.629  8.28
224  15  THR  CB  41.881  2.175  106.967  4.15
225  15  THR  OG1  41.991  3.563  107.314  1.7
226  15  THR  CG2  41.944  2.031  105.448  1.66
227  15  THR  H  41.265  1.4  109.345  1.36
228  15  THR  HA  39.854  2.202  107.156  1.25
229  15  THR  HB  42.611  1.667  107.354  1.55
230  15  THR  HG1  41.359  3.991  106.962  1.55
231  15  THR  HG21  42.789  2.38  105.125  2.86
232  15  THR  HG22  41.868  1.094  105.208  2.86
233  15  THR  HG23  41.215  2.528  105.045  21.49
234  16  ILE  N  39.425  -0.007  106.167  31.16
235  16  ILE  CA  39.092  -1.34  105.707  8.04
236  16  ILE  C  39.132  -1.433  104.185  113.21
237  16  ILE  O  38.859  -0.46  103.485  61.82
238  16  ILE  CB  37.674  -1.731  106.217  173.57
239  16  ILE  CG1  37.618  -1.586  107.736  7.29
240  16  ILE  CG2  37.326  -3.151  105.813  70.59
241  16  ILE  CD  36.244  -1.712  108.321  120.2
242  16  ILE  H  38.984  0.625  105.784  21.86
243  16  ILE  HA  39.753  -1.954  106.063  7.72
244  16  ILE  HB  37.024  -1.136  105.813  4.22
245  16  ILE  HG21  36.44  -3.373  106.14  3.87
246  16  ILE  HG22  37.341  -3.225  104.846  176.65
247  16  ILE  HG23  37.974  -3.764  106.194  45.69
248  17  THR  N  39.484  -2.609  103.679  32.77
249  17  THR  CA  39.52  -2.831  102.243  27.45
250  17  THR  C  38.695  -4.065  101.923  125.13
251  17  THR  O  38.977  -5.162  102.41  62.07
252  17  THR  CB  40.952  -3.043  101.719  174.63
253  17  THR  OG1  41.707  -1.834  101.878  175.4
254  17  THR  CG2  40.923  -3.424  100.245  32.97
255  17  THR  H  39.706  -3.292  104.153  20.39
256  17  THR  HA  39.161  -2.041  101.81  20.39
257  17  THR  HB  41.366  -3.759  102.226  9.14
258  17  THR  HG1  41.367  -1.227  101.408  4
259  17  THR  HG21  41.83  -3.555  99.926  1.87
260  17  THR  HG22  40.42  -4.246  100.133  2.35
261  17  THR  HG23  40.501  -2.715  99.735  2.22
262  18  ILE  N  37.67  -3.871  101.098  176.95
263  18  ILE  CA  36.779  -4.953  100.696  1.84
264  18  ILE  C  37.243  -5.601  99.394  8.58
265  18  ILE  O  37.541  -4.914  98.415  116.07
266  18  ILE  CB  35.319  -4.438  100.51  126.16
267  18  ILE  CG1  34.87  -3.656  101.746  61.03
268  18  ILE  CG2  34.385  -5.613  100.284  176.49
269  18  ILE  CD  33.474  -3.054  101.641  9.46
270  18  ILE  H  37.472  -3.107  100.756  32.64
271  18  ILE  HA  36.801  -5.613  101.406  21.09
272  18  ILE  HB  35.292  -3.85  99.739  21.18
273  18  ILE  HG21  33.478  -5.288  100.169  8.36
274  18  ILE  HG22  34.659  -6.096  99.488  4.65
275  18  ILE  HG23  34.42  -6.207  101.05  1.78
276  19  ALA  N  37.297  -6.927  99.392  3.44
277  19  ALA  CA  37.719  -7.66  98.21  174.5
278  19  ALA  C  36.727  -7.374  97.092  32.13
279  19  ALA  O  35.527  -7.252  97.34  37.99
280  19  ALA  CB  37.755  -9.148  98.497  40.96
281  19  ALA  H  37.093  -7.42  100.066  121.47
282  19  ALA  HA  38.61  -7.379  97.95  125.47
283  19  ALA  HB1  38.038  -9.625  97.701  53.76
284  19  ALA  HB2  38.38  -9.324  99.218  174.25
285  19  ALA  HB3  36.87  -9.449  98.756  8.36
286  20  ALA  N  37.236  -7.254  95.869  32.82
287  20  ALA  CA  36.401  -6.988  94.713  36.27
288  20  ALA  C  35.44  -8.141  94.498  42.85
289  20  ALA  O  34.294  -7.947  94.09  121.26
290  20  ALA  CB  37.262  -6.797  93.485  53.17
291  20  ALA  H  38.074  -7.325  95.691  9.15
292  20  ALA  HA  35.893  -6.176  94.869  71.4
293  20  ALA  HB1  36.696  -6.62  92.717  9.04
294  20  ALA  HB2  37.862  -6.048  93.624  4.67
295  20  ALA  HB3  37.781  -7.601  93.325  1.61
296  21  ASP  N  35.909  -9.347  94.793  1.69
297  21  ASP  CA  35.095  -10.538  94.618  60.26
298  21  ASP  C  33.933  -10.58  95.587  8.69
299  21  ASP  O  32.862  -11.102  95.283  2.68
300  21  ASP  CB  35.933  -11.792  94.813  3.12
301  21  ASP  CG  35.472  -12.917  93.93  56.28
302  21  ASP  OD1  35.683  -12.807  92.696  175.6
303  21  ASP  OD2  34.89  -13.899  94.456  20.42
304  21  ASP  H  36.7  -9.496  95.097  39.48
305  21  ASP  HA  34.746  -10.505  93.714  22.23
306  21  ASP  HB2  36.863  -11.592  94.622  117.71
307  21  ASP  HB3  35.887  -12.07  95.741  61.61
308  22  SER  N  34.173  -10.045  96.77  173.42
309  22  SER  CA  33.173  -9.996  97.812  4.41
310  22  SER  C  32.071  -9.042  97.344  69.53
311  22  SER  O  30.88  -9.249  97.585  39.48
312  22  SER  CB  33.832  -9.484  99.095  21.71
313  22  SER  OG  32.96  -9.577  100.204  8.54
314  22  SER  H  34.928  -9.698  96.991  4.73
315  22  SER  HA  32.792  -10.87  97.99  3.75
316  22  SER  HB2  34.637  -9.996  99.272  118.39
317  22  SER  HB3  34.104  -8.561  98.973  57.44
318  22  SER  HG  33.349  -9.291  100.891  176.36
319  23  ILE  N  32.498  -7.994  96.66  174.67
320  23  ILE  CA  31.607  -6.989  96.127  127.36
321  23  ILE  C  30.742  -7.563  95.013  52.51
322  23  ILE  O  29.529  -7.334  94.97  174.07
323  23  ILE  CB  32.428  -5.805  95.587  7.04
324  23  ILE  CG1  33.122  -5.11  96.754  45.44
325  23  ILE  CG2  31.54  -4.842  94.8  27.5
326  23  ILE  CD  33.966  -3.923  96.357  24.13
327  23  ILE  H  33.328  -7.847  96.491  26.29
328  23  ILE  HA  31.025  -6.686  96.841  8.97
329  23  ILE  HB  33.104  -6.129  94.971  4.43
330  23  ILE  HG21  32.076  -4.104  94.469  0.95
331  23  ILE  HG22  31.138  -5.31  94.052  1.42
332  23  ILE  HG23  30.841  -4.499  95.379  1.44
333  24  GLU  N  31.366  -8.326  94.125  8.42
334  24  GLU  CA  30.646  -8.907  93.01  177.67
335  24  GLU  C  29.627  -9.96  93.415  8.56
336  24  GLU  O  28.573  -10.089  92.783  46.15
337  24  GLU  CB  31.633  -9.479  91.994  8.49
338  24  GLU  CG  32.327  -8.398  91.192  4.51
339  24  GLU  CD  31.338  -7.377  90.656  118.5
340  24  GLU  OE1  30.364  -7.786  89.986  54.33
341  24  GLU  OE2  31.533  -6.171  90.911  175.11
342  24  GLU  H  32.204  -8.517  94.153  122.95
343  24  GLU  HA  30.135  -8.187  92.609  32.13
344  24  GLU  HB2  32.298  -10.012  92.457  28.06
345  24  GLU  HB3  31.163  -10.075  91.39  42.87
346  24  GLU  HG2  32.984  -7.952  91.749  120.11
347  24  GLU  HG3  32.809  -8.801  90.453  55.7
348  25  THR  N  29.934  -10.698  94.481  40.34
349  25  THR  CA  29.045  -11.744  94.991  8.25
350  25  THR  C  27.758  -11.118  95.557  7.94
351  25  THR  O  26.664  -11.638  95.34  4.95
352  25  THR  CB  29.778  -12.598  96.074  1.37
353  25  THR  OG1  30.932  -13.214  95.484  1.37
354  25  THR  CG2  28.874  -13.696  96.617  1.37
355  25  THR  H  30.662  -10.607  94.929  1.37
356  25  THR  HA  28.799  -12.333  94.26  2.97
357  25  THR  HB  30.03  -12.01  96.803  2.97
358  25  THR  HG1  31.541  -12.642  95.395  61.45
359  25  THR  HG21  29.354  -14.209  97.286  56.78
360  25  THR  HG22  28.086  -13.298  97.019  39.2
361  25  THR  HG23  28.605  -14.282  95.892  31.26
362  26  ALA  N  27.9  -9.989  96.254  8.85
363  26  ALA  CA  26.769  -9.269  96.84  119.32
364  26  ALA  C  25.931  -8.666  95.721  56.16
365  26  ALA  O  24.696  -8.786  95.714  174.81
366  26  ALA  CB  27.264  -8.168  97.769  4.47
367  26  ALA  H  28.662  -9.617  96.401  42.97
368  26  ALA  HA  26.229  -9.887  97.358  2.89
369  26  ALA  HB1  26.505  -7.7  98.15  131.84
370  26  ALA  HB2  27.793  -8.559  98.482  131.84
371  26  ALA  HB3  27.811  -7.543  97.268  130.38
372  27  VAL  N  26.607  -8.017  94.772  130.38
373  27  VAL  CA  25.941  -7.41  93.622  127.72
374  27  VAL  C  25.131  -8.471  92.858  9.02
375  27  VAL  O  23.961  -8.263  92.562  4.78
376  27  VAL  CB  26.973  -6.763  92.646  2.47
377  27  VAL  CG1  26.271  -6.355  91.359  3.36
378  27  VAL  CG2  27.614  -5.537  93.297  7.08
379  27  VAL  H  27.461  -7.917  94.778  7.08
380  27  VAL  HA  25.35  -6.718  93.957  6.84
381  27  VAL  HB  27.667  -7.41  92.443  6.84
382  27  VAL  HG11  26.913  -5.953  90.753  6.68
383  27  VAL  HG12  25.88  -7.138  90.941  118.46
384  27  VAL  HG13  25.572  -5.713  91.561  56.34
385  27  VAL  HG21  28.253  -5.142  92.684  177.32
386  27  VAL  HG22  26.926  -4.887  93.51  45.1
387  27  VAL  HG23  28.07  -5.804  94.111  175.41
388  28  LYS  N  25.76  -9.608  92.559  43.33
389  28  LYS  CA  25.093  -10.681  91.822  9.41
390  28  LYS  C  23.831  -11.197  92.513  4.94
391  28  LYS  O  22.811  -11.461  91.872  176.17
392  28  LYS  CB  26.05  -11.848  91.596  1.34
393  28  LYS  CG  25.386  -13.044  90.933  33.02
394  28  LYS  CD  26.401  -14.107  90.553  119.69
395  28  LYS  CE  25.719  -15.318  89.954  66.18
396  28  LYS  NZ  26.704  -16.326  89.482  179.1
397  28  LYS  H  26.575  -9.778  92.775  50.26
398  28  LYS  HA  24.823  -10.294  90.974  31.48
399  28  LYS  HB2  26.791  -11.55  91.045  28.27
400  28  LYS  HB3  26.423  -12.123  92.448  49.84
401  28  LYS  HG2  24.728  -13.425  91.535  4.09
402  28  LYS  HG3  24.91  -12.752  90.14  1.88
403  28  LYS  HD2  27.035  -13.741  89.917  2.31
404  28  LYS  HD3  26.907  -14.371  91.337  2.08
405  28  LYS  HE2  25.135  -15.721  90.615  2.08
406  28  LYS  HE3  25.159  -15.04  89.212  3.85
407  28  LYS  HZ1  26.273  -17.024  89.136  3.85
408  28  LYS  HZ2  27.226  -15.962  88.86  115.44
409  28  LYS  HZ3  27.204  -16.596  90.167  65.31
410  29  SER  N  23.919  -11.342  93.829  178.62
411  29  SER  CA  22.805  -11.817  94.639  118.17
412  29  SER  C  21.662  -10.814  94.616  31.65
413  29  SER  O  20.493  -11.194  94.539  20.45
414  29  SER  CB  23.258  -12.039  96.084  22.17
415  29  SER  OG  22.14  -12.295  96.918  7.56
416  29  SER  H  24.63  -11.167  94.28  3.78
417  29  SER  HA  22.496  -12.657  94.266  1.84
418  29  SER  HB2  23.877  -12.785  96.124  4.43
419  29  SER  HB3  23.735  -11.257  96.403  7.28
420  29  SER  HG  22.401  -12.416  97.707  3.91
421  30  GLU  N  22  -9.531  94.694  1.48
422  30  GLU  CA  20.982  -8.495  94.672  9.45
423  30  GLU  C  20.347  -8.417  93.28  62.04
424  30  GLU  O  19.126  -8.298  93.15  121.6
425  30  GLU  CB  21.591  -7.146  95.063  58.52
426  30  GLU  CG  20.57  -6.036  95.275  178.54
427  30  GLU  CD  19.543  -6.369  96.35  128.45
428  30  GLU  OE1  19.95  -6.653  97.503  30.41
429  30  GLU  OE2  18.325  -6.344  96.045  36.52
430  30  GLU  H  22.808  -9.243  94.76  172.86
431  30  GLU  HA  20.291  -8.716  95.316  34.27
432  30  GLU  HB2  22.105  -7.259  95.878  34.56
433  30  GLU  HB3  22.213  -6.871  94.371  7.51
434  30  GLU  HG2  21.033  -5.22  95.519  3.84
435  30  GLU  HG3  20.111  -5.862  94.439  2.68
436  31  LEU  N  21.174  -8.505  92.241  1.93
437  31  LEU  CA  20.673  -8.44  90.874  2.41
438  31  LEU  C  19.722  -9.595  90.597  2.31
439  31  LEU  O  18.722  -9.44  89.886  117.05
440  31  LEU  CB  21.829  -8.459  89.874  57.57
441  31  LEU  CG  22.631  -7.156  89.812  177.36
442  31  LEU  CD1  23.759  -7.285  88.795  120.5
443  31  LEU  CD2  21.707  -6  89.448  43.23
444  31  LEU  H  22.026  -8.602  92.307  118.2
445  31  LEU  HA  20.188  -7.606  90.77  53.64
446  31  LEU  HB2  22.429  -9.185  90.104  35.27
447  31  LEU  HB3  21.476  -8.651  88.991  8.67
448  31  LEU  HG  23.023  -6.978  90.681  3.9
449  31  LEU  HD11  24.262  -6.456  88.762  2.24
450  31  LEU  HD12  24.349  -8.01  89.056  2.54
451  31  LEU  HD13  23.386  -7.471  87.919  117.08
452  31  LEU  HD21  22.218  -5.177  89.41  59.32
453  31  LEU  HD22  21.302  -6.169  88.583  178.61
454  31  LEU  HD23  21.012  -5.917  90.119  56.6
455  32  VAL  N  20.031  -10.757  91.167  29.16
456  32  VAL  CA  19.19  -11.944  91  123.6
457  32  VAL  C  17.834  -11.712  91.661  54.52
458  32  VAL  O  16.792  -12.127  91.153  43.45
459  32  VAL  CB  19.85  -13.181  91.638  36.36
460  32  VAL  CG1  18.832  -14.329  91.73  7.88
461  32  VAL  CG2  21.064  -13.585  90.815  3.74
462  32  VAL  H  20.727  -10.881  91.657  2.02
463  32  VAL  HA  19.077  -12.102  90.05  2.02
464  32  VAL  HB  20.144  -12.971  92.538  8.64
465  32  VAL  HG11  19.254  -15.104  92.132  4.96
466  32  VAL  HG12  18.079  -14.051  92.275  115.67
467  32  VAL  HG13  18.52  -14.557  90.84  66.37
468  32  VAL  HG21  21.482  -14.364  91.215  176.12
469  32  VAL  HG22  20.786  -13.796  89.91  173.4
470  32  VAL  HG23  21.7  -12.853  90.795  68.28
471  33  ASN  N  17.87  -11.057  92.813  8.98
472  33  ASN  CA  16.658  -10.741  93.539  21.17
473  33  ASN  C  15.834  -9.817  92.638  7.66
474  33  ASN  O  14.64  -10.024  92.443  3.74
475  33  ASN  CB  17.018  -10.044  94.852  4.29
476  33  ASN  CG  15.798  -9.744  95.709  171.33
477  33  ASN  OD1  15.54  -8.583  96.066  131.3
478  33  ASN  ND2  15.037  -10.794  96.053  55.82
479  33  ASN  H  18.593  -10.786  93.191  172.97
480  33  ASN  HA  16.151  -11.538  93.758  120.84
481  33  ASN  HB2  17.632  -10.603  95.353  65
482  33  ASN  HB3  17.484  -9.216  94.657  176.68
483  33  ASN  HD21  14.338  -10.677  96.54  9.69
484  33  ASN  HD22  15.248  -11.584  95.786  36.97
485  34  VAL  N  16.492  -8.807  92.076  28.41
486  34  VAL  CA  15.831  -7.863  91.183  17.96
487  34  VAL  C  15.215  -8.558  89.965  172.81
488  34  VAL  O  14.106  -8.223  89.539  7.88
489  34  VAL  CB  16.817  -6.789  90.695  3.16
490  34  VAL  CG1  16.168  -5.931  89.611  1.49
491  34  VAL  CG2  17.254  -5.926  91.864  1.27
492  34  VAL  H  17.328  -8.651  92.201  0.69
493  34  VAL  HA  15.12  -7.449  91.697  7.84
494  34  VAL  HB  17.598  -7.222  90.316  42.78
495  34  VAL  HG11  16.798  -5.257  89.311  30.78
496  34  VAL  HG12  15.914  -6.493  88.862  4.85
497  34  VAL  HG13  15.379  -5.497  89.971  5.62
498  34  VAL  HG21  17.876  -5.25  91.553  9.16
499  34  VAL  HG22  16.478  -5.495  92.256  118.21
500  34  VAL  HG23  17.688  -6.48  92.531  60.08
501  35  ALA  N  15.926  -9.533  89.41  179.04
502  35  ALA  CA  15.434  -10.255  88.246  34.51
503  35  ALA  C  14.162  -11.056  88.546  29.69
504  35  ALA  O  13.44  -11.434  87.628  28.06
505  35  ALA  CB  16.523  -11.175  87.72  43.38
506  35  ALA  H  16.696  -9.791  89.693  179.04
507  35  ALA  HA  15.2  -9.598  87.571  8.4
508  35  ALA  HB1  16.194  -11.656  86.944  40.76
509  35  ALA  HB2  17.298  -10.649  87.469  106.07
510  35  ALA  HB3  16.773  -11.809  88.41  8.5
511  36  LYS  N  13.897  -11.312  89.826  3.51
512  36  LYS  CA  12.721  -12.072  90.243  1.6
513  36  LYS  C  11.509  -11.169  90.475  1.69
514  36  LYS  O  10.365  -11.627  90.479  1.23
515  36  LYS  CB  13.026  -12.847  91.532  1.23
516  36  LYS  CG  14.132  -13.885  91.406  2.97
517  36  LYS  CD  14.532  -14.451  92.774  2.97
518  36  LYS  CE  13.453  -15.341  93.379  120.97
519  36  LYS  NZ  13.372  -16.683  92.728  54.32
520  36  LYS  H  14.394  -11.05  90.477  27.58
521  36  LYS  HA  12.506  -12.688  89.525  124.01
522  36  LYS  HB2  13.271  -12.214  92.225  41.59
523  36  LYS  HB3  12.215  -13.291  91.827  118.52
524  36  LYS  HG2  13.835  -14.607  90.83  58.79
525  36  LYS  HG3  14.907  -13.484  90.982  177.98
526  36  LYS  HD2  15.352  -14.96  92.682  56.22
527  36  LYS  HD3  14.72  -13.718  93.381  31.63
528  36  LYS  HE2  13.629  -15.456  94.326  24.5
529  36  LYS  HE3  12.594  -14.897  93.302  28.34
530  36  LYS  HZ1  12.73  -17.163  93.115  174.72
531  36  LYS  HZ2  13.187  -16.583  91.863  111.02
532  36  LYS  HZ3  14.151  -17.104  92.817  7.5
533  37  LYS  N  11.782  -9.883  90.666  3.88
534  37  LYS  CA  10.755  -8.89  90.931  1.75
535  37  LYS  C  10.335  -8.088  89.707  1.75
536  37  LYS  O  9.17  -7.708  89.579  1.31
537  37  LYS  CB  11.242  -7.937  92.025  1.31
538  37  LYS  CG  11.471  -8.625  93.353  1.57
539  37  LYS  CD  12.026  -7.68  94.41  1.48
540  37  LYS  CE  12.229  -8.442  95.718  54.57
541  37  LYS  NZ  12.667  -7.593  96.862  176.71
542  37  LYS  H  12.579  -9.561  90.645  64.11
543  37  LYS  HA  9.968  -9.38  91.216  55.14
544  37  LYS  HB2  12.068  -7.518  91.737  8.03
545  37  LYS  HB3  10.59  -7.228  92.142  118.09
546  37  LYS  HG2  10.634  -9.002  93.667  46.5
547  37  LYS  HG3  12.086  -9.364  93.229  179.66
548  37  LYS  HD2  12.868  -7.303  94.11  53.54
549  37  LYS  HD3  11.416  -6.939  94.548  31.71
550  37  LYS  HE2  11.398  -8.882  95.956  46.92
551  37  LYS  HE3  12.889  -9.139  95.575  44.33
552  37  LYS  HZ1  12.269  -7.871  97.608  176.09
553  37  LYS  HZ2  13.55  -7.654  96.956  9.07
554  37  LYS  HZ3  12.444  -6.746  96.706  7.54
555  38  VAL  N  11.28  -7.818  88.811  60.67
556  38  VAL  CA  10.983  -7.05  87.606  2.02
557  38  VAL  C  9.994  -7.777  86.683  2.02
558  38  VAL  O  10.094  -8.987  86.486  72.01
559  38  VAL  CB  12.284  -6.732  86.821  52.93
560  38  VAL  CG1  11.948  -6.043  85.506  31.28
561  38  VAL  CG2  13.2  -5.851  87.662  110.35
562  38  VAL  H  12.099  -8.07  88.882  61.26
563  38  VAL  HA  10.569  -6.223  87.898  176
564  38  VAL  HB  12.745  -7.563  86.626  122.79
565  38  VAL  HG11  12.767  -5.849  85.024  54.48
566  38  VAL  HG12  11.388  -6.625  84.969  122.61
567  38  VAL  HG13  11.475  -5.215  85.686  121.95
568  38  VAL  HG21  14.01  -5.658  87.164  55.44
569  38  VAL  HG22  12.745  -5.021  87.874  179.1
570  38  VAL  HG23  13.429  -6.313  88.484  8.22
571  39  ARG  N  9.023  -7.036  86.147  17.28
572  39  ARG  CA  8.041  -7.595  85.219  8.21
573  39  ARG  C  8.201  -6.856  83.897  3.45
574  39  ARG  O  8.179  -5.624  83.845  45.97
575  39  ARG  CB  6.611  -7.414  85.727  174.25
576  39  ARG  CG  6.413  -7.89  87.138  125.84
577  39  ARG  CD  5.51  -9.099  87.209  118.52
578  39  ARG  NE  4.121  -8.739  87.515  59.35
579  39  ARG  CZ  3.118  -8.773  86.643  180.78
580  39  ARG  NH1  3.335  -9.149  85.39  126.73
581  39  ARG  NH2  1.896  -8.443  87.033  28.99
582  39  ARG  H  8.916  -6.199  86.311  38.02
583  39  ARG  HA  8.195  -8.548  85.123  113.4
584  39  ARG  HB2  6.372  -6.475  85.673  41.33
585  39  ARG  HB3  6.004  -7.895  85.143  178.31
586  39  ARG  HG2  7.274  -8.108  87.528  8
587  39  ARG  HG3  6.034  -7.173  87.67  3.88
588  39  ARG  HD2  5.54  -9.573  86.363  2.02
589  39  ARG  HD3  5.841  -9.708  87.887  1.99
590  39  ARG  HE  3.942  -8.487  88.318  176.23
591  39  ARG  HH11  4.127  -9.372  85.139  8.7
592  39  ARG  HH12  2.684  -9.17  84.828  119.59
593  39  ARG  HH21  1.754  -8.208  87.848  56.79
594  39  ARG  HH22  1.245  -8.464  86.471  177.61
595  40  ILE  N  8.367  -7.626  82.83  118.12
596  40  ILE  CA  8.546  -7.075  81.505  40.12
597  40  ILE  C  7.415  -7.563  80.621  47.2
598  40  ILE  O  7.204  -8.763  80.496  114.49
599  40  ILE  CB  9.907  -7.516  80.937  119.96
600  40  ILE  CG1  11.023  -6.901  81.774  8.4
601  40  ILE  CG2  10.037  -7.105  79.477  4.28
602  40  ILE  CD  12.375  -7.21  81.257  2.6
603  40  ILE  H  8.378  -8.485  82.859  2.6
604  40  ILE  HA  8.532  -6.106  81.54  111.7
605  40  ILE  HB  9.974  -8.483  80.978  58.76
606  40  ILE  HG21  10.899  -7.39  79.136  174.07
607  40  ILE  HG22  9.331  -7.522  78.959  4.33
608  40  ILE  HG23  9.964  -6.14  79.404  64.48
609  41  ASP  N  6.677  -6.63  80.028  1.75
610  41  ASP  CA  5.562  -6.983  79.152  7.48
611  41  ASP  C  5.99  -7.994  78.078  4.45
612  41  ASP  O  7.076  -7.882  77.504  3.97
613  41  ASP  CB  5.009  -5.728  78.466  3.97
614  41  ASP  CG  4.315  -4.768  79.432  54.9
615  41  ASP  OD1  3.905  -3.675  78.966  109.93
616  41  ASP  OD2  4.17  -5.087  80.636  46.05
617  41  ASP  H  6.805  -5.785  80.119  173.88
618  41  ASP  HA  4.875  -7.388  79.704  31.74
619  41  ASP  HB2  5.736  -5.262  78.023  7.87
620  41  ASP  HB3  4.381  -5.994  77.777  3.9
621  42  GLY  N  5.132  -8.977  77.818  3.77
622  42  GLY  CA  5.42  -9.977  76.802  118.99
623  42  GLY  C  6.414  -11.057  77.192  52.75
624  42  GLY  O  6.664  -11.976  76.419  177.31
625  42  GLY  H  4.379  -9.08  78.22  172.26
626  42  GLY  HA2  4.587  -10.405  76.55  46.71
627  42  GLY  HA3  5.756  -9.523  76.013  25.97
628  43  PHE  N  6.968  -10.956  78.396  22.43
629  43  PHE  CA  7.957  -11.916  78.891  22.43
630  43  PHE  C  7.498  -12.571  80.204  7.85
631  43  PHE  O  7.233  -11.877  81.187  4.78
632  43  PHE  CB  9.28  -11.186  79.122  1.46
633  43  PHE  CG  10.405  -12.087  79.518  1.66
634  43  PHE  CD1  11.137  -12.768  78.55  1.46
635  43  PHE  CD2  10.742  -12.254  80.859  7.26
636  43  PHE  CE1  12.187  -13.612  78.909  7.68
637  43  PHE  CE2  11.788  -13.096  81.232  7.16
638  43  PHE  CZ  12.519  -13.774  80.256  57.78
639  43  PHE  H  6.782  -10.327  78.953  114.17
640  43  PHE  HA  8.064  -12.617  78.229  47.39
641  43  PHE  HB2  9.525  -10.714  78.311  108.38
642  43  PHE  HB3  9.154  -10.517  79.813  60.8
643  43  PHE  HD1  10.923  -12.659  77.652  175.43
644  43  PHE  HD2  10.263  -11.798  81.513  45.76
645  43  PHE  HE1  12.665  -14.066  78.253  70.11
646  43  PHE  HE2  11.999  -13.206  82.131  2.63
647  43  PHE  HZ  13.223  -14.33  80.501  21.89
648  44  ARG  N  7.421  -13.9  80.217  7.65
649  44  ARG  CA  6.99  -14.636  81.404  4.23
650  44  ARG  C  7.844  -15.863  81.678  4.57
651  44  ARG  O  7.69  -16.492  82.728  47.39
652  44  ARG  CB  5.547  -15.112  81.252  30.58
653  44  ARG  CG  4.504  -14.027  81.171  35.09
654  44  ARG  CD  3.148  -14.664  80.931  112.59
655  44  ARG  NE  2.103  -13.669  80.774  120.51
656  44  ARG  CZ  0.803  -13.942  80.7  67.8
657  44  ARG  NH1  0.372  -15.194  80.767  177.79
658  44  ARG  NH2  -0.073  -12.952  80.568  126.02
659  44  ARG  H  7.616  -14.398  79.543  30.91
660  44  ARG  HA  7.079  -14.014  82.143  21.07
661  44  ARG  HB2  5.486  -15.656  80.451  23.93
662  44  ARG  HB3  5.333  -15.688  82.003  8.72
663  44  ARG  HG2  4.492  -13.512  81.993  3.24
664  44  ARG  HG3  4.717  -13.411  80.453  1.83
665  44  ARG  HD2  3.188  -15.219  80.136  44.53
666  44  ARG  HD3  2.929  -15.248  81.674  172.23
667  44  ARG  HE  2.341  -12.844  80.725  175.63
668  44  ARG  HH11  0.934  -15.838  80.859  2.76
669  44  ARG  HH12  -0.47  -15.362  80.718  32.24
670  44  ARG  HH21  0.201  -12.138  80.531  7.28
671  44  ARG  HH22  -0.914  -13.126  80.52  112.29
672  45  LYS  N  8.717  -16.208  80.731  62.13
673  45  LYS  CA  9.587  -17.38  80.844  175.56
674  45  LYS  C  10.694  -17.226  81.871  118.49
675  45  LYS  O  11.839  -16.96  81.512  57.57
676  45  LYS  CB  10.24  -17.697  79.494  38.54
677  45  LYS  CG  9.267  -17.96  78.361  8.42
678  45  LYS  CD  9.979  -18.093  77.007  3.74
679  45  LYS  CE  8.961  -18.096  75.853  31.85
680  45  LYS  NZ  9.569  -18.163  74.492  8.67
681  45  LYS  H  8.822  -15.766  80.001  126.43
682  45  LYS  HA  9.006  -18.1  81.135  122.37
683  45  LYS  HB2  10.814  -16.956  79.245  54.79
684  45  LYS  HB3  10.811  -18.474  79.6  179.66
685  45  LYS  HG2  8.77  -18.773  78.545  42.28
686  45  LYS  HG3  8.622  -17.237  78.316  19.1
687  45  LYS  HD2  10.603  -17.36  76.892  7.49
688  45  LYS  HD3  10.498  -18.912  76.989  3.92
689  45  LYS  HE2  8.364  -18.852  75.966  105.59
690  45  LYS  HE3  8.418  -17.294  75.913  32.7
691  45  LYS  HZ1  8.924  -18.161  73.878  8.85
692  45  LYS  HZ2  10.098  -17.458  74.368  118.65
693  45  LYS  HZ3  10.047  -18.91  74.417  62.13
694  46  GLY  N  10.369  -17.399  83.144  177.37
695  46  GLY  CA  11.388  -17.285  84.17  65.2
696  46  GLY  C  11.774  -15.866  84.531  38.82
697  46  GLY  O  11.07  -14.909  84.208  7.5
698  46  GLY  H  9.578  -17.58  83.43  132.38
699  46  GLY  HA2  11.074  -17.734  84.97  132.38
700  46  GLY  HA3  12.182  -17.756  83.873  117.69
701  47  LYS  N  12.912  -15.733  85.2  117.69
702  47  LYS  CA  13.388  -14.434  85.626  128.9
703  47  LYS  C  13.96  -13.639  84.458  8.68
704  47  LYS  O  14.381  -14.2  83.449  8.66
705  47  LYS  CB  14.451  -14.587  86.723  3.74
706  47  LYS  CG  15.787  -15.132  86.237  2.77
707  47  LYS  CD  16.868  -15.085  87.33  3.1
708  47  LYS  CE  16.589  -16.083  88.461  6.75
709  47  LYS  NZ  15.263  -15.864  89.131  6.75
710  47  LYS  H  13.424  -16.39  85.416  6.66
711  47  LYS  HA  12.629  -13.946  85.981  6.66
712  47  LYS  HB2  14.599  -13.722  87.137  5.27
713  47  LYS  HB3  14.106  -15.176  87.412  117.9
714  47  LYS  HG2  15.671  -16.048  85.938  66.01
715  47  LYS  HG3  16.084  -14.619  85.469  177.24
716  47  LYS  HD2  17.733  -15.278  86.936  8.75
717  47  LYS  HD3  16.917  -14.188  87.696  37.42
718  47  LYS  HE2  16.619  -16.984  88.104  28.76
719  47  LYS  HE3  17.294  -16.017  89.124  18.65
720  47  LYS  HZ1  15.301  -16.16  89.969  123.98
721  47  LYS  HZ2  15.071  -14.995  89.133  8.45
722  47  LYS  HZ3  14.63  -16.307  88.689  3.14
723  48  VAL  N  13.958  -12.321  84.613  1.67
724  48  VAL  CA  14.475  -11.41  83.61  2.19
725  48  VAL  C  15.962  -11.69  83.416  2.19
726  48  VAL  O  16.675  -11.951  84.386  1.71
727  48  VAL  CB  14.287  -9.938  84.085  1.71
728  48  VAL  CG1  14.852  -8.974  83.069  9.2
729  48  VAL  CG2  12.82  -9.661  84.324  119.86
730  48  VAL  H  13.652  -11.928  85.314  123.99
731  48  VAL  HA  13.997  -11.538  82.775  55.56
732  48  VAL  HB  14.77  -9.813  84.917  117.02
733  48  VAL  HG11  14.726  -8.064  83.381  60.43
734  48  VAL  HG12  15.799  -9.147  82.951  177.24
735  48  VAL  HG13  14.394  -9.091  82.222  53.32
736  48  VAL  HG21  12.708  -8.744  84.619  29.9
737  48  VAL  HG22  12.326  -9.798  83.5  55.56
738  48  VAL  HG23  12.484  -10.263  85.006  42.2
739  49  PRO  N  16.446  -11.663  82.166  58.64
740  49  PRO  CA  17.857  -11.907  81.861  49.28
741  49  PRO  C  18.762  -10.966  82.638  63.09
742  49  PRO  O  18.448  -9.795  82.786  7.97
743  49  PRO  CB  17.927  -11.662  80.362  8.03
744  49  PRO  CG  16.615  -12.165  79.899  3.63
745  49  PRO  CD  15.657  -11.594  80.928  1.68
746  49  PRO  HA  18.159  -12.795  82.11  1.62
747  49  PRO  HB2  18.048  -10.722  80.154  58.1
748  49  PRO  HB3  18.664  -12.141  79.951  59.81
749  49  PRO  HG2  16.407  -11.857  79.003  3.09
750  49  PRO  HG3  16.587  -13.134  79.88  2.84
751  49  PRO  HD2  15.398  -10.684  80.715  71.15
752  49  PRO  HD3  14.841  -12.114  80.99  26.91
753  50  ASN  N  21.639  -9.611  81.884  9.21
754  50  ASN  CA  22.247  -8.496  81.169  173.06
755  50  ASN  C  21.306  -7.309  81.22  8.84
756  50  ASN  O  21.745  -6.169  81.302  114.36
757  50  ASN  CB  22.563  -8.863  79.712  55.94
758  50  ASN  CG  23.766  -9.76  79.596  177.42
759  50  ASN  OD1  24.629  -9.769  80.467  1.49
760  50  ASN  ND2  23.839  -10.511  78.509  37.73
761  50  ASN  HA  23.088  -8.273  81.598  37.79
762  50  ASN  HB2  21.794  -9.304  79.318  0.67
763  50  ASN  HB3  22.717  -8.052  79.203  111.94
764  50  ASN  HD21  24.512  -11.033  78.392  8.03
765  50  ASN  HD22  23.213  -10.477  77.92  4.08
766  51  ILE  N  20.008  -7.581  81.177  2.53
767  51  ILE  CA  19.031  -6.504  81.232  2.59
768  51  ILE  C  19.063  -5.873  82.619  7.31
769  51  ILE  O  19.176  -4.653  82.764  6.88
770  51  ILE  CB  17.601  -7.017  80.903  120.49
771  51  ILE  CG1  17.478  -7.293  79.403  54.01
772  51  ILE  CG2  16.559  -5.983  81.294  179.1
773  51  ILE  CD  16.143  -7.874  79.002  40.11
774  51  ILE  H  19.676  -8.372  81.117  16.52
775  51  ILE  HA  19.261  -5.84  80.563  7.81
776  51  ILE  HB  17.45  -7.833  81.405  3.79
777  51  ILE  HG21  15.674  -6.319  81.082  2.95
778  51  ILE  HG22  16.618  -5.808  82.246  2.69
779  51  ILE  HG23  16.718  -5.161  80.804  69.18
780  52  VAL  N  18.99  -6.716  83.638  116.23
781  52  VAL  CA  19.015  -6.265  85.021  53.63
782  52  VAL  C  20.297  -5.477  85.351  178.28
783  52  VAL  O  20.229  -4.382  85.906  7.54
784  52  VAL  CB  18.836  -7.497  85.94  19.31
785  52  VAL  CG1  19.09  -7.149  87.37  7.86
786  52  VAL  CG2  17.426  -8.027  85.764  3.82
787  52  VAL  H  18.924  -7.569  83.547  55.88
788  52  VAL  HA  18.285  -5.644  85.17  175.08
789  52  VAL  HB  19.481  -8.178  85.692  122.85
790  52  VAL  HG11  18.971  -7.938  87.921  115.15
791  52  VAL  HG12  19.998  -6.821  87.467  55.38
792  52  VAL  HG13  18.467  -6.461  87.652  176.49
793  52  VAL  HG21  17.297  -8.801  86.334  26.79
794  52  VAL  HG22  16.788  -7.338  86.007  42.93
795  52  VAL  HG23  17.289  -8.282  84.838  27.23
796  53  ALA  N  21.459  -6.02  84.992  22.93
797  53  ALA  CA  22.728  -5.346  85.255  25.12
798  53  ALA  C  22.82  -3.958  84.596  7.61
799  53  ALA  O  23.365  -3.028  85.184  4.06
800  53  ALA  CB  23.893  -6.233  84.799  1.69
801  53  ALA  H  21.534  -6.779  84.595  1.43
802  53  ALA  HA  22.78  -5.2  86.213  1.67
803  53  ALA  HB1  24.733  -5.781  84.976  117.27
804  53  ALA  HB2  23.87  -7.073  85.284  54.17
805  53  ALA  HB3  23.814  -6.407  83.848  171.41
806  54  GLN  N  22.288  -3.826  83.38  6.98
807  54  GLN  CA  22.293  -2.562  82.622  34.91
808  54  GLN  C  21.426  -1.48  83.264  2.1
809  54  GLN  O  21.865  -0.347  83.451  122.92
810  54  GLN  CB  21.786  -2.81  81.182  55.12
811  54  GLN  CG  21.746  -1.582  80.259  179.68
812  54  GLN  CD  20.992  -1.842  78.934  4.72
813  54  GLN  OE1  21.178  -2.877  78.282  40.12
814  54  GLN  NE2  20.152  -0.89  78.533  61.08
815  54  GLN  H  21.908  -4.475  82.963  50.96
816  54  GLN  HA  23.21  -2.246  82.619  113.12
817  54  GLN  HB2  22.351  -3.483  80.771  7.28
818  54  GLN  HB3  20.892  -3.183  81.233  4.36
819  54  GLN  HG2  21.321  -0.846  80.727  2.6
820  54  GLN  HG3  22.654  -1.305  80.059  2.6
821  54  GLN  HE21  20.045  -0.182  79.01  7.48
822  54  GLN  HE22  19.716  -0.983  77.797  6.63
823  55  ARG  N  20.191  -1.847  83.591  29.57
824  55  ARG  CA  19.243  -0.912  84.168  42.24
825  55  ARG  C  19.399  -0.649  85.647  7.89
826  55  ARG  O  19.267  0.494  86.095  8.6
827  55  ARG  CB  17.797  -1.375  83.922  120.41
828  55  ARG  CG  16.753  -0.487  84.601  55.69
829  55  ARG  CD  15.373  -0.642  83.992  1.6
830  55  ARG  NE  15.271  0.042  82.699  1.3
831  55  ARG  CZ  14.217  -0.047  81.889  63.85
832  55  ARG  NH1  13.166  -0.789  82.216  1.58
833  55  ARG  NH2  14.201  0.614  80.751  8.3
834  55  ARG  H  19.883  -2.643  83.484  2.94
835  55  ARG  HA  19.441  -0.079  83.712  2.94
836  55  ARG  HB2  17.627  -1.391  82.967  8.5
837  55  ARG  HB3  17.696  -2.285  84.243  4.11
838  55  ARG  HG2  16.713  -0.705  85.545  128.17
839  55  ARG  HG3  17.03  0.44  84.535  58.18
840  55  ARG  HD2  15.174  -1.584  83.876  55.26
841  55  ARG  HD3  14.708  -0.284  84.601  121.64
842  55  ARG  HE  15.933  0.531  82.448  39.98
843  55  ARG  HH11  13.159  -1.221  82.96  31.62
844  55  ARG  HH12  12.492  -0.838  81.684  36.48
845  55  ARG  HH21  14.872  1.104  80.529  62.14
846  55  ARG  HH22  13.52  0.555  80.229  4.66
847  56  TYR  N  19.677  -1.702  86.405  9.18
848  56  TYR  CA  19.77  -1.583  87.851  1.84
849  56  TYR  C  21.164  -1.711  88.422  2.2
850  56  TYR  O  21.352  -1.552  89.625  8.55
851  56  TYR  CB  18.856  -2.631  88.495  123.57
852  56  TYR  CG  17.42  -2.483  88.068  56.14
853  56  TYR  CD1  16.619  -1.461  88.58  129.23
854  56  TYR  CD2  16.877  -3.318  87.099  53
855  56  TYR  CE1  15.319  -1.268  88.128  32.1
856  56  TYR  CE2  15.573  -3.134  86.644  61.27
857  56  TYR  CZ  14.802  -2.11  87.162  40.69
858  56  TYR  OH  13.515  -1.93  86.696  8.54
859  56  TYR  H  19.815  -2.494  86.1  120.82
860  56  TYR  HA  19.491  -0.678  88.06  54.56
861  56  TYR  HB2  19.17  -3.518  88.26  115.21
862  56  TYR  HB3  18.913  -2.556  89.46  46.92
863  56  TYR  HD1  16.962  -0.898  89.236  31.72
864  56  TYR  HD2  17.391  -4.009  86.749  60.5
865  56  TYR  HE1  14.801  -0.577  88.473  178.36
866  56  TYR  HE2  15.222  -3.699  85.994  47.84
867  56  TYR  HH  13.343  -2.512  86.116  28.67
868  57  GLY  N  22.143  -1.98  87.567  4.03
869  57  GLY  CA  23.508  -2.147  88.039  9.29
870  57  GLY  C  24.12  -1.058  88.903  9.18
871  57  GLY  O  24.627  -1.34  89.981  46.92
872  57  GLY  H  22.039  -2.069  86.718  3.9
873  57  GLY  HA2  23.546  -2.976  88.54  67.94
874  57  GLY  HA3  24.076  -2.259  87.261  39.87
875  58  ALA  N  24.084  0.182  88.432  173.98
876  58  ALA  CA  24.67  1.304  89.164  68.33
877  58  ALA  C  24.016  1.531  90.526  119.48
878  58  ALA  O  24.698  1.778  91.516  54.68
879  58  ALA  CB  24.578  2.574  88.322  8.94
880  58  ALA  H  23.722  0.399  87.683  108.92
881  58  ALA  HA  25.599  1.081  89.332  18.93
882  58  ALA  HB1  24.968  3.316  88.811  4.6
883  58  ALA  HB2  25.06  2.447  87.49  119.8
884  58  ALA  HB3  23.647  2.768  88.129  64
885  59  SER  N  22.689  1.455  90.558  106.24
886  59  SER  CA  21.925  1.638  91.785  44.97
887  59  SER  C  22.178  0.49  92.762  37.14
888  59  SER  O  22.48  0.721  93.927  8.82
889  59  SER  CB  20.433  1.725  91.465  8.54
890  59  SER  OG  20.155  2.859  90.657  31.73
891  59  SER  H  22.205  1.295  89.865  8
892  59  SER  HA  22.214  2.465  92.201  118.42
893  59  SER  HB2  20.149  0.919  91.007  53.48
894  59  SER  HB3  19.924  1.777  92.289  23.39
895  59  SER  HG  19.332  2.89  90.49  7.76
896  60  VAL  N  22.059  -0.747  92.294  7.47
897  60  VAL  CA  22.292  -1.887  93.166  110.36
898  60  VAL  C  23.717  -1.89  93.704  54.55
899  60  VAL  O  23.934  -2.182  94.878  114.56
900  60  VAL  CB  22.027  -3.229  92.441  56.21
901  60  VAL  CG1  22.601  -4.385  93.243  30.8
902  60  VAL  CG2  20.526  -3.428  92.252  116.36
903  60  VAL  H  21.847  -0.945  91.484  44.48
904  60  VAL  HA  21.668  -1.799  93.904  40.29
905  60  VAL  HB  22.46  -3.205  91.573  7.56
906  60  VAL  HG11  22.428  -5.219  92.778  9.15
907  60  VAL  HG12  23.558  -4.264  93.345  1.78
908  60  VAL  HG13  22.184  -4.411  94.118  7.87
909  60  VAL  HG21  20.366  -4.27  91.798  121.82
910  60  VAL  HG22  20.089  -3.44  93.118  55.25
911  60  VAL  HG23  20.167  -2.7  91.72  8.8
912  61  ARG  N  24.689  -1.564  92.854  118.37
913  61  ARG  CA  26.089  -1.547  93.264  41.56
914  61  ARG  C  26.352  -0.463  94.296  121.05
915  61  ARG  O  27.174  -0.646  95.185  63.74
916  61  ARG  CB  27.005  -1.344  92.052  123.68
917  61  ARG  CG  28.492  -1.524  92.367  8.5
918  61  ARG  CD  29.337  -1.475  91.101  62.77
919  61  ARG  NE  29.006  -2.564  90.188  177.61
920  61  ARG  CZ  29.534  -3.784  90.249  41.84
921  61  ARG  NH1  30.425  -4.073  91.182  108.75
922  61  ARG  NH2  29.178  -4.717  89.371  58.75
923  61  ARG  H  24.556  -1.349  92.032  4.09
924  61  ARG  HA  26.284  -2.407  93.669  4.05
925  61  ARG  HB2  26.752  -1.971  91.357  71.88
926  61  ARG  HB3  26.864  -0.453  91.696  124.15
927  61  ARG  HG2  28.781  -0.829  92.978  120.59
928  61  ARG  HG3  28.629  -2.372  92.817  8.13
929  61  ARG  HD2  29.201  -0.625  90.654  58.57
930  61  ARG  HD3  30.277  -1.524  91.337  17.53
931  61  ARG  HE  28.431  -2.407  89.568  33.71
932  61  ARG  HH11  30.663  -3.473  91.75  8.85
933  61  ARG  HH12  30.766  -4.861  91.221  4.14
934  61  ARG  HH21  28.603  -4.534  88.758  117.25
935  61  ARG  HH22  29.523  -5.504  89.416  121.47
936  62  GLN  N  25.672  0.673  94.189  56.71
937  62  GLN  CA  25.883  1.721  95.176  60.66
938  62  GLN  C  25.325  1.29  96.526  175.57
939  62  GLN  O  25.925  1.568  97.564  31.5
940  62  GLN  CB  25.217  3.026  94.766  7.73
941  62  GLN  CG  25.468  4.116  95.789  8
942  62  GLN  CD  24.791  5.417  95.448  9.13
943  62  GLN  OE1  23.562  5.481  95.315  128.51
944  62  GLN  NE2  25.585  6.47  95.305  55.23
945  62  GLN  H  25.101  0.853  93.572  174.94
946  62  GLN  HA  26.84  1.868  95.238  1.52
947  62  GLN  HB2  25.555  3.307  93.901  38.4
948  62  GLN  HB3  24.262  2.887  94.666  119.15
949  62  GLN  HG2  25.157  3.814  96.657  8.27
950  62  GLN  HG3  26.423  4.266  95.866  66.7
951  62  GLN  HE21  26.435  6.385  95.406  7.15
952  62  GLN  HE22  25.25  7.238  95.112  37.28
953  63  ASP  N  24.174  0.623  96.51  56.05
954  63  ASP  CA  23.558  0.15  97.736  9.76
955  63  ASP  C  24.405  -0.949  98.361  4.64
956  63  ASP  O  24.552  -1.009  99.583  2.96
957  63  ASP  CB  22.15  -0.359  97.454  119.15
958  63  ASP  CG  21.188  0.764  97.089  64.05
959  63  ASP  OD1  21.512  1.939  97.372  113.92
960  63  ASP  OD2  20.102  0.471  96.535  55.75
961  63  ASP  H  23.735  0.436  95.794  37.28
962  63  ASP  HA  23.501  0.889  98.362  8.39
963  63  ASP  HB2  22.181  -1.003  96.729  66.03
964  63  ASP  HB3  21.816  -0.827  98.235  44.24
965  64  VAL  N  24.959  -1.819  97.522  8.37
966  64  VAL  CA  25.812  -2.906  98.005  7.99
967  64  VAL  C  27.107  -2.35  98.62  120.67
968  64  VAL  O  27.626  -2.927  99.576  53.75
969  64  VAL  CB  26.166  -3.91  96.87  179.13
970  64  VAL  CG1  27.301  -4.816  97.315  117.51
971  64  VAL  CG2  24.943  -4.738  96.507  54.91
972  64  VAL  H  24.855  -1.799  96.669  8.02
973  64  VAL  HA  25.309  -3.38  98.686  118.5
974  64  VAL  HB  26.45  -3.414  96.086  34.62
975  64  VAL  HG11  27.516  -5.439  96.603  178.64
976  64  VAL  HG12  28.082  -4.279  97.521  176.32
977  64  VAL  HG13  27.031  -5.31  98.105  32.51
978  64  VAL  HG21  25.172  -5.361  95.799  8.18
979  64  VAL  HG22  24.643  -5.231  97.287  8.42
980  64  VAL  HG23  24.233  -4.151  96.203  44.72
981  65  LEU  N  27.633  -1.25  98.082  1.71
982  65  LEU  CA  28.842  -0.662  98.645  1.71
983  65  LEU  C  28.563  -0.065  100.025  112.27
984  65  LEU  O  29.422  -0.094  100.906  45.81
985  65  LEU  CB  29.398  0.414  97.717  173.76
986  65  LEU  CG  30.142  -0.134  96.494  175.25
987  65  LEU  CD1  30.34  0.989  95.469  9.2
988  65  LEU  CD2  31.486  -0.724  96.929  8.45
989  65  LEU  H  27.309  -0.836  97.401  61.54
990  65  LEU  HA  29.502  -1.367  98.739  39.17
991  65  LEU  HB2  28.667  0.975  97.414  110.36
992  65  LEU  HB3  30.001  0.982  98.222  119.46
993  65  LEU  HG  29.62  -0.839  96.08  54.64
994  65  LEU  HD11  30.811  0.642  94.695  55.4
995  65  LEU  HD12  29.476  1.332  95.194  8.5
996  65  LEU  HD13  30.859  1.704  95.869  34.84
997  65  LEU  HD21  31.954  -1.07  96.153  8.45
998  65  LEU  HD22  32.022  -0.033  97.348  108.91
999  65  LEU  HD23  31.334  -1.443  97.562  44.58
1000  66  GLY  N  27.363  0.485  100.207  107.59
1001  66  GLY  CA  26.997  1.061  101.491  8.42
1002  66  GLY  C  26.747  -0.027  102.52  118.73
1003  66  GLY  O  27.144  0.1  103.674  57.9
1004  66  GLY  H  26.753  0.533  99.602  72.45
1005  66  GLY  HA2  27.705  1.648  101.8  128.09
1006  66  GLY  HA3  26.201  1.606  101.39  60.58
1007  67  ASP  N  26.081  -1.096  102.097  117.73
1008  67  ASP  CA  25.775  -2.225  102.965  8.03
1009  67  ASP  C  27.058  -2.897  103.466  173.04
1010  67  ASP  O  27.196  -3.189  104.658  8.65
1011  67  ASP  CB  24.882  -3.22  102.204  34.65
1012  67  ASP  CG  24.746  -4.57  102.91  120.53
1013  67  ASP  OD1  25.714  -5.365  102.892  56.61
1014  67  ASP  OD2  23.667  -4.847  103.485  121.37
1015  67  ASP  H  25.792  -1.186  101.292  51.91
1016  67  ASP  HA  25.297  -1.907  103.747  31.76
1017  67  ASP  HB2  24.001  -2.832  102.089  5.06
1018  67  ASP  HB3  25.248  -3.361  101.317  40.94
1019  68  LEU  N  27.999  -3.13  102.554  8.52
1020  68  LEU  CA  29.281  -3.76  102.888  2.06
1021  68  LEU  C  30.18  -2.897  103.77  1.94
1022  68  LEU  O  30.857  -3.417  104.645  8.53
1023  68  LEU  CB  30.04  -4.14  101.613  53.82
1024  68  LEU  CG  29.374  -5.243  100.796  172.75
1025  68  LEU  CD1  30.219  -5.57  99.561  57.56
1026  68  LEU  CD2  29.208  -6.474  101.679  115.04
1027  68  LEU  H  27.915  -2.928  101.722  54.86
1028  68  LEU  HA  29.058  -4.553  103.4  63.48
1029  68  LEU  HB2  30.134  -3.351  101.057  3.32
1030  68  LEU  HB3  30.935  -4.425  101.854  37.17
1031  68  LEU  HG  28.502  -4.947  100.49  115.96
1032  68  LEU  HD11  29.787  -6.272  99.049  56.53
1033  68  LEU  HD12  30.308  -4.777  99.01  111.89
1034  68  LEU  HD13  31.098  -5.869  99.84  8.45
1035  68  LEU  HD21  28.785  -7.183  101.17  56.47
1036  68  LEU  HD22  30.079  -6.772  101.986  9.31
1037  68  LEU  HD23  28.655  -6.252  102.444  4.59
1038  69  SER  N  29.248  -0.925  105.959  6.87
1039  69  SER  CA  28.621  -1.066  107.266  7.59
1040  69  SER  C  28.893  -2.455  107.857  118.95
1041  69  SER  O  29.406  -2.578  108.966  54.85
1042  69  SER  CB  27.111  -0.829  107.12  8.47
1043  69  SER  OG  26.473  -0.691  108.378  7.29
1044  69  SER  HA  28.997  -0.411  107.874  30.35
1045  69  SER  HB2  26.959  -0.03  106.591  1.83
1046  69  SER  HB3  26.713  -1.569  106.636  121.19
1047  69  SER  HG  25.651  -0.561  108.263  55.15
1048  70  ARG  N  28.562  -3.504  107.114  173.91
1049  70  ARG  CA  28.792  -4.847  107.612  114.27
1050  70  ARG  C  30.238  -5.074  107.996  118.16
1051  70  ARG  O  30.517  -5.608  109.064  8.21
1052  70  ARG  CB  28.382  -5.891  106.581  175.13
1053  70  ARG  CG  26.895  -6.122  106.512  9.06
1054  70  ARG  CD  26.315  -6.374  107.902  30.9
1055  70  ARG  NE  24.944  -6.862  107.817  4.84
1056  70  ARG  CZ  24.602  -7.998  107.218  117.76
1057  70  ARG  NH1  25.536  -8.759  106.657  58.55
1058  70  ARG  NH2  23.33  -8.37  107.171  173.45
1059  70  ARG  H  28.209  -3.459  106.331  32.6
1060  70  ARG  HA  28.244  -4.941  108.407  127.16
1061  70  ARG  HB2  28.699  -5.613  105.707  8.53
1062  70  ARG  HB3  28.822  -6.73  106.789  173.61
1063  70  ARG  HG2  26.463  -5.351  106.112  176.18
1064  70  ARG  HG3  26.709  -6.881  105.938  107.59
1065  70  ARG  HD2  26.863  -7.021  108.372  45.18
1066  70  ARG  HD3  26.338  -5.554  108.419  8.77
1067  70  ARG  HE  24.322  -6.388  108.174  5.08
1068  70  ARG  HH11  26.361  -8.516  106.682  8
1069  70  ARG  HH12  25.316  -9.494  106.269  2.35
1070  70  ARG  HH21  22.724  -7.876  107.529  8.31
1071  70  ARG  HH22  23.111  -9.106  106.783  119.97
1072  71  ASN  N  31.164  -4.667  107.138  52.96
1073  71  ASN  CA  32.571  -4.874  107.437  174.76
1074  71  ASN  C  33.095  -4.062  108.597  175.67
1075  71  ASN  O  34  -4.501  109.299  38.59
1076  71  ASN  CB  33.4  -4.653  106.185  121.26
1077  71  ASN  CG  33.253  -5.802  105.219  56.45
1078  71  ASN  OD1  33.654  -6.93  105.519  31.75
1079  71  ASN  ND2  32.66  -5.538  104.066  8.78
1080  71  ASN  H  31.002  -4.275  106.39  30.21
1081  71  ASN  HA  32.655  -5.795  107.73  0.71
1082  71  ASN  HB2  33.125  -3.829  105.754  25.8
1083  71  ASN  HB3  34.334  -4.549  106.427  4.81
1084  71  ASN  HD21  32.541  -6.166  103.49  4.72
1085  71  ASN  HD22  32.394  -4.739  103.892  123.09
1086  72  PHE  N  32.54  -2.885  108.817  55.27
1087  72  PHE  CA  32.983  -2.097  109.949  175.61
1088  72  PHE  C  32.611  -2.835  111.24  1.83
1089  72  PHE  O  33.386  -2.886  112.188  42.64
1090  72  PHE  CB  32.299  -0.746  109.922  8.59
1091  72  PHE  CG  32.48  0.033  111.174  4.75
1092  72  PHE  CD1  33.757  0.4  111.597  44.49
1093  72  PHE  CD2  31.374  0.413  111.934  8.6
1094  72  PHE  CE1  33.93  1.141  112.763  2.89
1095  72  PHE  CE2  31.528  1.152  113.103  123.8
1096  72  PHE  CZ  32.809  1.521  113.52  55.36
1097  72  PHE  H  31.921  -2.531  108.337  176.19
1098  72  PHE  HA  33.944  -1.969  109.908  116.54
1099  72  PHE  HB2  32.644  -0.231  109.176  42.44
1100  72  PHE  HB3  31.351  -0.874  109.763  27.14
1101  72  PHE  HD1  34.499  0.148  111.096  24.98
1102  72  PHE  HD2  30.521  0.169  111.655  23.59
1103  72  PHE  HE1  34.784  1.383  113.04  40.95
1104  72  PHE  HE2  30.784  1.398  113.603  126.02
1105  72  PHE  HZ  32.92  2.018  114.298  53.02
1106  73  ILE  N  31.395  -3.376  111.265  8.2
1107  73  ILE  CA  30.888  -4.131  112.402  4.23
1108  73  ILE  C  31.747  -5.383  112.588  44.9
1109  73  ILE  O  32.214  -5.647  113.689  122.12
1110  73  ILE  CB  29.401  -4.54  112.176  58.85
1111  73  ILE  CG1  28.483  -3.34  112.449  0.79
1112  73  ILE  CG2  29.037  -5.739  113.053  9.3
1113  73  ILE  CD  27.009  -3.592  112.135  30.94
1114  73  ILE  H  30.837  -3.313  110.614  29.98
1115  73  ILE  HA  30.932  -3.576  113.196  123.54
1116  73  ILE  HB  29.279  -4.808  111.252  60.56
1117  73  ILE  HG21  28.11  -5.981  112.902  8.5
1118  73  ILE  HG22  29.608  -6.49  112.828  19.66
1119  73  ILE  HG23  29.162  -5.507  113.987  30.58
1120  74  ASP  N  31.96  -6.15  111.522  9.3
1121  74  ASP  CA  32.786  -7.342  111.635  7.88
1122  74  ASP  C  34.159  -6.964  112.165  4.31
1123  74  ASP  O  34.777  -7.743  112.888  119.7
1124  74  ASP  CB  32.963  -8.035  110.286  54.37
1125  74  ASP  CG  31.674  -8.615  109.755  1.59
1126  74  ASP  OD1  30.818  -9.052  110.57  64.81
1127  74  ASP  OD2  31.52  -8.658  108.512  30.35
1128  74  ASP  H  31.64  -6  110.738  175.94
1129  74  ASP  HA  32.338  -7.951  112.242  32.32
1130  74  ASP  HB2  33.316  -7.399  109.644  38.92
1131  74  ASP  HB3  33.62  -8.743  110.374  6.9
1132  75  ALA  N  34.629  -5.772  111.804  8.74
1133  75  ALA  CA  35.937  -5.296  112.235  108.36
1134  75  ALA  C  36.01  -5.028  113.736  62.59
1135  75  ALA  O  36.877  -5.565  114.421  32.3
1136  75  ALA  CB  36.32  -4.035  111.458  117.71
1137  75  ALA  H  34.199  -5.22  111.304  70.36
1138  75  ALA  HA  36.57  -6.006  112.045  175.99
1139  75  ALA  HB1  37.191  -3.726  111.752  113.44
1140  75  ALA  HB2  36.351  -4.236  110.51  126.2
1141  75  ALA  HB3  35.66  -3.342  111.62  54.89
1142  76  ILE  N  35.108  -4.202  114.25  8.41
1143  76  ILE  CA  35.111  -3.884  115.678  62.93
1144  76  ILE  C  34.816  -5.105  116.566  46.35
1145  76  ILE  O  35.241  -5.151  117.719  8.18
1146  76  ILE  CB  34.097  -2.751  116.008  9.03
1147  76  ILE  CG1  32.709  -3.129  115.502  178.37
1148  76  ILE  CG2  34.553  -1.427  115.384  112.57
1149  76  ILE  CD  31.672  -2.097  115.801  45.49
1150  76  ILE  H  34.488  -3.816  113.796  118.94
1151  76  ILE  HA  36.011  -3.583  115.877  58.73
1152  76  ILE  HB  34.058  -2.637  116.97  177.79
1153  76  ILE  HG21  33.912  -0.731  115.598  58.31
1154  76  ILE  HG22  35.423  -1.185  115.738  41.9
1155  76  ILE  HG23  34.613  -1.526  114.421  10.05
1156  77  ILE  N  34.075  -6.077  116.033  31.26
1157  77  ILE  CA  33.776  -7.284  116.787  117.39
1158  77  ILE  C  35.097  -8.013  116.968  8.45
1159  77  ILE  O  35.408  -8.494  118.053  8.82
1160  77  ILE  CB  32.794  -8.228  116.044  118.53
1161  77  ILE  CG1  31.363  -7.675  116.119  57.71
1162  77  ILE  CG2  32.841  -9.632  116.649  106.53
1163  77  ILE  CD  30.337  -8.527  115.364  46.26
1164  77  ILE  H  33.74  -6.054  115.241  64.26
1165  77  ILE  HA  33.354  -7.038  117.625  7.83
1166  77  ILE  HB  33.064  -8.279  115.114  8.09
1167  77  ILE  HG21  32.223  -10.21  116.175  2.64
1168  77  ILE  HG22  33.74  -9.988  116.571  8.87
1169  77  ILE  HG23  32.59  -9.59  117.585  124.11
1170  78  LYS  N  35.88  -8.091  115.899  54.37
1171  78  LYS  CA  37.172  -8.752  115.972  108.48
1172  78  LYS  C  38.173  -7.956  116.797  57.32
1173  78  LYS  O  39.031  -8.544  117.445  38.3
1174  78  LYS  CB  37.727  -8.99  114.572  41.87
1175  78  LYS  CG  36.979  -10.052  113.801  8.41
1176  78  LYS  CD  37.557  -10.203  112.409  118.96
1177  78  LYS  CE  36.865  -11.322  111.661  54.17
1178  78  LYS  NZ  37.018  -12.625  112.376  174.92
1179  78  LYS  H  35.682  -7.769  115.127  124.26
1180  78  LYS  HA  37.034  -9.604  116.414  62.68
1181  78  LYS  HB2  37.698  -8.158  114.074  7.17
1182  78  LYS  HB3  38.66  -9.247  114.641  8.85
1183  78  LYS  HG2  37.031  -10.898  114.272  68.68
1184  78  LYS  HG3  36.04  -9.816  113.743  2.83
1185  78  LYS  HD2  37.457  -9.371  111.92  115.03
1186  78  LYS  HD3  38.508  -10.386  112.467  8.77
1187  78  LYS  HE2  35.923  -11.114  111.561  175.76
1188  78  LYS  HE3  37.236  -11.395  110.768  8.95
1189  78  LYS  HZ1  36.858  -13.294  111.812  43.53
1190  78  LYS  HZ2  37.847  -12.695  112.691  119.46
1191  78  LYS  HZ3  36.44  -12.663  113.052  56.65
1192  79  GLU  N  38.064  -6.631  116.787  8.04
1193  79  GLU  CA  38.981  -5.795  117.556  110.54
1194  79  GLU  C  38.478  -5.538  118.971  47.6
1195  79  GLU  O  38.949  -4.612  119.623  7.89
1196  79  GLU  CB  39.188  -4.44  116.872  176.48
1197  79  GLU  CG  39.452  -4.495  115.374  9.38
1198  79  GLU  CD  40.713  -5.25  115.016  53.08
1199  79  GLU  OE1  41.789  -4.883  115.535  8.96
1200  79  GLU  OE2  40.624  -6.204  114.208  124.06
1201  79  GLU  H  37.468  -6.197  116.343  53.88
1202  79  GLU  HA  39.818  -6.283  117.601  59.46
1203  79  GLU  HB2  38.401  -3.894  117.026  174.28
1204  79  GLU  HB3  39.933  -3.99  117.3  37.32
1205  79  GLU  HG2  38.696  -4.914  114.934  8.75
1206  79  GLU  HG3  39.515  -3.59  115.03  63.64
1207  80  LYS  N  37.522  -6.345  119.433  112.5
1208  80  LYS  CA  36.939  -6.218  120.78  8.62
1209  80  LYS  C  36.735  -4.782  121.261  7.74
1210  80  LYS  O  37.07  -4.446  122.4  26.5
1211  80  LYS  CB  37.787  -6.962  121.823  127.37
1212  80  LYS  CG  37.648  -8.483  121.837  6.76
1213  80  LYS  CD  38.231  -9.104  120.589  7.72
1214  80  LYS  CE  38.223  -10.62  120.653  105.71
1215  80  LYS  NZ  38.815  -11.222  119.411  45.75
1216  80  LYS  H  37.188  -6.989  118.972  61.8
1217  80  LYS  HA  36.059  -6.617  120.694  173.52
1218  80  LYS  HB2  38.72  -6.742  121.672  9.19
1219  80  LYS  HB3  37.554  -6.626  122.703  70.12
1220  80  LYS  HG2  38.096  -8.843  122.618  8.48
1221  80  LYS  HG3  36.711  -8.723  121.912  117.23
1222  80  LYS  HD2  37.724  -8.811  119.816  55.07
1223  80  LYS  HD3  39.141  -8.791  120.467  175
1224  80  LYS  HE2  38.724  -10.916  121.429  179.76
1225  80  LYS  HE3  37.313  -10.936  120.766  31.18
1226  80  LYS  HZ1  38.798  -12.11  119.474  49.62
1227  80  LYS  HZ2  38.341  -10.966  118.702  177.53
1228  80  LYS  HZ3  39.657  -10.947  119.32  7.76
1229  81  ILE  N  36.18  -3.943  120.389  21.26
1230  81  ILE  CA  35.915  -2.543  120.71  122.29
1231  81  ILE  C  34.592  -2.113  120.11  56.03
1232  81  ILE  O  34.03  -2.798  119.257  7.87
1233  81  ILE  CB  36.996  -1.601  120.139  127.6
1234  81  ILE  CG1  37.039  -1.737  118.608  54.68
1235  81  ILE  CG2  38.336  -1.901  120.798  179.08
1236  81  ILE  CD  38.039  -0.84  117.902  125.61
1237  81  ILE  H  35.946  -4.17  119.593  46.4
1238  81  ILE  HA  35.907  -2.48  121.678  52.62
1239  81  ILE  HB  36.782  -0.676  120.338  177.09
1240  81  ILE  HG21  39.014  -1.308  120.438  44.43
1241  81  ILE  HG22  38.264  -1.765  121.756  41.65
1242  81  ILE  HG23  38.585  -2.822  120.621  9.18
1243  82  ASN  N  34.096  -0.97  120.565  112.46
1244  82  ASN  CA  32.852  -0.439  120.042  61.77
1245  82  ASN  C  32.778  1.078  120.171  113.13
1246  82  ASN  O  33.32  1.684  121.107  47.77
1247  82  ASN  CB  31.622  -1.108  120.703  8.1
1248  82  ASN  CG  31.454  -0.745  122.181  18.24
1249  82  ASN  OD1  32.114  -1.313  123.052  8.71
1250  82  ASN  ND2  30.562  0.207  122.463  129.49
1251  82  ASN  H  34.465  -0.489  121.175  60.49
1252  82  ASN  HA  32.836  -0.653  119.096  118.72
1253  82  ASN  HB2  30.822  -0.848  120.22  56.71
1254  82  ASN  HB3  31.703  -2.071  120.62  33.39
1255  82  ASN  HD21  30.431  0.445  123.279  1.71
1256  82  ASN  HD22  30.119  0.582  121.829  31.43
1257  83  PRO  N  32.115  1.709  119.196  3.02
1258  83  PRO  CA  31.927  3.156  119.128  122.15
1259  83  PRO  C  31.093  3.677  120.29  54.52
1260  83  PRO  O  30.323  2.937  120.902  58.56
1261  83  PRO  CB  31.226  3.348  117.779  8.54
1262  83  PRO  CG  31.737  2.192  116.962  37.69
1263  83  PRO  CD  31.645  1.066  117.954  31.82
1264  83  PRO  HA  32.758  3.652  119.195  177.57
1265  83  PRO  HB2  30.261  3.324  117.87  8.22
1266  83  PRO  HB3  31.452  4.2  117.375  9.24
1267  83  PRO  HG2  31.193  2.032  116.175  119.44
1268  83  PRO  HG3  32.646  2.335  116.654  55.56
1269  83  PRO  HD2  30.739  0.731  118.039  120.07
1270  83  PRO  HD3  32.203  0.314  117.702  55.69
1271  84  ALA  N  31.267  4.958  120.586  34.2
1272  84  ALA  CA  30.541  5.617  121.654  54.36
1273  84  ALA  C  29.609  6.615  120.996  176.22
1274  84  ALA  O  28.579  6.984  121.557  131.27
1275  84  ALA  CB  31.5  6.334  122.566  129.6
1276  84  ALA  H  31.815  5.472  120.167  51.64
1277  84  ALA  HA  30.047  4.975  122.187  176.14
1278  84  ALA  HB1  31.005  6.771  123.277  43.18
1279  84  ALA  HB2  32.12  5.695  122.95  47.03
1280  84  ALA  HB3  31.993  6.998  122.06  9.09
1281  85  GLY  N  29.975  7.045  119.795  7.98
1282  85  GLY  CA  29.15  7.993  119.079  2.34
1283  85  GLY  C  28.904  7.545  117.655  6.89
1284  85  GLY  O  29.281  6.438  117.265  104.58
1285  85  GLY  H  30.69  6.801  119.385  47.07
1286  85  GLY  HA2  28.302  8.098  119.538  10.16
1287  85  GLY  HA3  29.581  8.862  119.077  18.34
1288  86  ALA  N  28.256  8.405  116.877  175.89
1289  86  ALA  CA  27.976  8.101  115.486  58.8
1290  86  ALA  C  29.31  8.018  114.753  32.5
1291  86  ALA  O  30.185  8.871  114.937  118.01
1292  86  ALA  CB  27.111  9.192  114.877  54.6
1293  86  ALA  H  27.97  9.172  117.14  8.27
1294  86  ALA  HA  27.496  7.261  115.412  119.07
1295  86  ALA  HB1  26.929  8.98  113.948  35.69
1296  86  ALA  HB2  26.274  9.252  115.364  176.45
1297  86  ALA  HB3  27.576  10.041  114.93  115.31
1298  87  PRO  N  29.5  6.971  113.936  33.04
1299  87  PRO  CA  30.745  6.806  113.183  7.95
1300  87  PRO  C  30.746  7.668  111.916  8.49
1301  87  PRO  O  29.694  7.941  111.344  42.14
1302  87  PRO  CB  30.755  5.315  112.875  8.98
1303  87  PRO  CG  29.305  5.021  112.693  123.74
1304  87  PRO  CD  28.67  5.758  113.845  54.1
1305  87  PRO  HA  31.536  7.091  113.666  50.1
1306  87  PRO  HB2  31.268  5.113  112.077  174.7
1307  87  PRO  HB3  31.141  4.798  113.599  8.61
1308  87  PRO  HG2  28.977  5.339  111.837  20.96
1309  87  PRO  HG3  29.123  4.069  112.73  55.35
1310  87  PRO  HD2  27.739  5.968  113.671  104.2
1311  87  PRO  HD3  28.695  5.24  114.664  45.88
1312  88  THR  N  31.925  8.111  111.491  9.62
1313  88  THR  CA  32.043  8.921  110.279  120.29
1314  88  THR  C  32.714  8.078  109.216  55.11
1315  88  THR  O  33.849  7.64  109.388  31.28
1316  88  THR  CB  32.899  10.182  110.492  124.79
1317  88  THR  OG1  32.224  11.07  111.391  48.57
1318  88  THR  CG2  33.144  10.894  109.165  8.85
1319  88  THR  H  32.671  7.954  111.89  8.89
1320  88  THR  HA  31.151  9.204  110.022  42.08
1321  88  THR  HB  33.754  9.919  110.867  115.41
1322  88  THR  HG1  32.691  11.758  111.509  56.27
1323  88  THR  HG21  33.684  11.685  109.317  120.78
1324  88  THR  HG22  33.609  10.297  108.558  54.05
1325  88  THR  HG23  32.295  11.153  108.775  55.25
1326  89  TYR  N  32.009  7.855  108.115  4.32
1327  89  TYR  CA  32.543  7.057  107.027  33.35
1328  89  TYR  C  33.301  7.918  106.016  7.65
1329  89  TYR  O  32.749  8.865  105.456  8.14
1330  89  TYR  CB  31.405  6.301  106.337  0.93
1331  89  TYR  CG  30.875  5.122  107.133  113.09
1332  89  TYR  CD1  31.389  3.834  106.941  8.81
1333  89  TYR  CD2  29.877  5.293  108.087  61.83
1334  89  TYR  CE1  30.922  2.75  107.677  176.44
1335  89  TYR  CE2  29.402  4.212  108.828  8.79
1336  89  TYR  CZ  29.932  2.947  108.62  33.91
1337  89  TYR  OH  29.482  1.892  109.375  2.55
1338  89  TYR  H  31.216  8.159  107.98  122.81
1339  89  TYR  HA  33.175  6.422  107.399  56.28
1340  89  TYR  HB2  30.676  6.918  106.166  113.09
1341  89  TYR  HB3  31.716  5.984  105.475  47.5
1342  89  TYR  HD1  32.057  3.7  106.308  30.39
1343  89  TYR  HD2  29.522  6.14  108.232  123.06
1344  89  TYR  HE1  31.273  1.9  107.536  58.26
1345  89  TYR  HE2  28.732  4.339  109.46  173.03
1346  89  TYR  HH  30.071  1.676  109.934  53.81
1347  90  VAL  N  34.572  7.589  105.799  62.6
1348  90  VAL  CA  35.405  8.318  104.848  118.46
1349  90  VAL  C  35.773  7.381  103.703  8.8
1350  90  VAL  O  36.798  6.69  103.747  174.41
1351  90  VAL  CB  36.689  8.837  105.516  8.76
1352  90  VAL  CG1  37.544  9.577  104.497  28.09
1353  90  VAL  CG2  36.326  9.746  106.674  8.2
1354  90  VAL  H  34.973  6.941  106.197  8.3
1355  90  VAL  HA  34.907  9.082  104.518  4.77
1356  90  VAL  HB  37.202  8.088  105.857  2.95
1357  90  VAL  HG11  38.351  9.901  104.926  125.87
1358  90  VAL  HG12  37.782  8.974  103.775  60.19
1359  90  VAL  HG13  37.045  10.328  104.14  174.1
1360  90  VAL  HG21  37.136  10.073  107.095  56.56
1361  90  VAL  HG22  35.807  10.497  106.346  43.84
1362  90  VAL  HG23  35.802  9.25  107.323  123.86
1363  91  PRO  N  34.942  7.356  102.651  55.59
1364  91  PRO  CA  35.187  6.491  101.502  24.6
1365  91  PRO  C  36.366  6.904  100.647  28.9
1366  91  PRO  O  36.732  8.076  100.599  30.74
1367  91  PRO  CB  33.876  6.575  100.734  23.33
1368  91  PRO  CG  33.496  7.998  100.934  8.52
1369  91  PRO  CD  33.754  8.198  102.417  122.28
1370  91  PRO  HA  35.431  5.593  101.777  54.8
1371  91  PRO  HB2  33.99  6.357  99.796  62.43
1372  91  PRO  HB3  33.208  5.967  101.087  8.78
1373  91  PRO  HG2  34.032  8.595  100.39  34.28
1374  91  PRO  HG3  32.568  8.16  100.703  174.88
1375  91  PRO  HD2  33.923  9.129  102.632  178.36
1376  91  PRO  HD3  32.999  7.915  102.956  32.25
1377  92  GLY  N  36.961  5.917  99.989  35.97
1378  92  GLY  CA  38.063  6.181  99.094  8.26
1379  92  GLY  C  37.443  6.224  97.711  117.41
1380  92  GLY  O  36.218  6.307  97.573  61.48
1381  92  GLY  H  36.737  5.089  100.051  114.79
1382  92  GLY  HA2  38.498  7.021  99.31  61.65
1383  92  GLY  HA3  38.739  5.488  99.155  69.79
1384  93  GLU  N  38.268  6.175  96.677  111.78
1385  93  GLU  CA  37.733  6.185  95.326  60.23
1386  93  GLU  C  37.211  4.795  94.988  8.23
1387  93  GLU  O  37.878  3.797  95.265  21.71
1388  93  GLU  CB  38.82  6.569  94.317  70.63
1389  93  GLU  CG  38.533  6.075  92.899  4.5
1390  93  GLU  CD  39.626  6.436  91.91  9.19
1391  93  GLU  OE1  40.798  6.051  92.136  53
1392  93  GLU  OE2  39.304  7.103  90.903  2.65
1393  93  GLU  H  39.125  6.136  96.733  123.13
1394  93  GLU  HA  37.017  6.837  95.278  59.83
1395  93  GLU  HB2  38.913  7.534  94.303  119.56
1396  93  GLU  HB3  39.67  6.206  94.613  58.78
1397  93  GLU  HG2  38.423  5.111  92.914  64.51
1398  93  GLU  HG3  37.692  6.451  92.595  8.4
1399  94  TYR  N  36.016  4.719  94.411  64.19
1400  94  TYR  CA  35.496  3.419  94.017  7.94
1401  94  TYR  C  35.779  3.215  92.538  175.37
1402  94  TYR  O  35.443  4.053  91.705  8.96
1403  94  TYR  CB  33.984  3.284  94.249  52.04
1404  94  TYR  CG  33.462  1.963  93.699  8.51
1405  94  TYR  CD1  33.882  0.745  94.251  122.78
1406  94  TYR  CD2  32.639  1.923  92.568  57.63
1407  94  TYR  CE1  33.506  -0.484  93.69  178.69
1408  94  TYR  CE2  32.253  0.694  91.997  120.18
1409  94  TYR  CZ  32.7  -0.503  92.566  55.39
1410  94  TYR  OH  32.365  -1.714  92.008  124.62
1411  94  TYR  H  35.504  5.389  94.243  122.5
1412  94  TYR  HA  35.935  2.75  94.566  50.2
1413  94  TYR  HB2  33.793  3.341  95.198  177.53
1414  94  TYR  HB3  33.521  4.021  93.822  19.09
1415  94  TYR  HD1  34.423  0.752  95.007  120.18
1416  94  TYR  HD2  32.343  2.718  92.188  55.39
1417  94  TYR  HE1  33.797  -1.281  94.071  1.55
1418  94  TYR  HE2  31.704  0.679  91.246  7.73
1419  94  TYR  HH  32.34  -2.302  92.608  50.2
1420  95  LYS  N  36.41  2.097  92.217  118.46
1421  95  LYS  CA  36.708  1.781  90.838  54.25
1422  95  LYS  C  36.013  0.469  90.507  8.6
1423  95  LYS  O  36.275  -0.568  91.122  56.63
1424  95  LYS  CB  38.218  1.683  90.636  175.74
1425  95  LYS  CG  38.91  3.031  90.771  113.78
1426  95  LYS  CD  40.417  2.914  90.625  61.51
1427  95  LYS  CE  41.032  2.114  91.778  172.91
1428  95  LYS  NZ  40.883  2.766  93.127  8.19
1429  95  LYS  H  36.674  1.509  92.786  120.52
1430  95  LYS  HA  36.387  2.478  90.244  65.71
1431  95  LYS  HB2  38.589  1.065  91.285  7.8
1432  95  LYS  HB3  38.401  1.315  89.757  108.78
1433  95  LYS  HG2  38.567  3.639  90.097  38.81
1434  95  LYS  HG3  38.699  3.417  91.635  119.62
1435  95  LYS  HD2  40.629  2.484  89.782  8.91
1436  95  LYS  HD3  40.811  3.8  90.598  108.92
1437  95  LYS  HE2  40.619  1.237  91.806  56.24
1438  95  LYS  HE3  41.975  1.978  91.598  173.83
1439  95  LYS  HZ1  41.346  2.306  93.732  120.62
1440  95  LYS  HZ2  41.192  3.6  93.09  63.17
1441  95  LYS  HZ3  40.024  2.778  93.358  119.73
1442  96  LEU  N  35.109  0.538  89.535  57.67
1443  96  LEU  CA  34.326  -0.612  89.11  31.86
1444  96  LEU  C  35.151  -1.886  88.964  7.73
1445  96  LEU  O  36.108  -1.941  88.192  177.67
1446  96  LEU  CB  33.611  -0.294  87.79  37.91
1447  96  LEU  CG  32.589  -1.32  87.273  38.3
1448  96  LEU  CD1  31.476  -1.504  88.305  3.49
1449  96  LEU  CD2  32.016  -0.858  85.93  7.86
1450  96  LEU  H  34.933  1.26  89.102  8.27
1451  96  LEU  HA  33.678  -0.783  89.811  8.7
1452  96  LEU  HB2  33.156  0.556  87.893  1.8
1453  96  LEU  HB3  34.287  -0.173  87.105  1.8
1454  96  LEU  HG  33.029  -2.174  87.138  1.6
1455  96  LEU  HD11  30.833  -2.152  87.976  121.73
1456  96  LEU  HD12  31.857  -1.822  89.139  54.59
1457  96  LEU  HD13  31.031  -0.655  88.456  174.53
1458  96  LEU  HD21  31.373  -1.51  85.611  55.49
1459  96  LEU  HD22  31.577  -0  86.043  41.23
1460  96  LEU  HD23  32.735  -0.771  85.284  29.91
1461  97  GLY  N  34.77  -2.908  89.723  124.52
1462  97  GLY  CA  35.46  -4.183  89.663  62.64
1463  97  GLY  C  36.741  -4.31  90.464  121.24
1464  97  GLY  O  37.373  -5.363  90.449  60.32
1465  97  GLY  H  34.114  -2.88  90.278  39.97
1466  97  GLY  HA2  34.847  -4.872  89.963  112.1
1467  97  GLY  HA3  35.665  -4.371  88.734  57.32
1468  98  GLU  N  37.12  -3.247  91.171  173.56
1469  98  GLU  CA  38.34  -3.235  91.986  21.09
1470  98  GLU  C  38.065  -3.195  93.486  8.22
1471  98  GLU  O  36.971  -2.809  93.912  109.31
1472  98  GLU  CB  39.196  -2.025  91.62  47.61
1473  98  GLU  CG  39.555  -1.948  90.153  108.35
1474  98  GLU  CD  40.705  -1.007  89.904  44.8
1475  98  GLU  OE1  40.941  -0.648  88.733  175.26
1476  98  GLU  OE2  41.38  -0.634  90.885  1.56
1477  98  GLU  H  36.678  -2.51  91.193  115.67
1478  98  GLU  HA  38.802  -4.066  91.793  123.56
1479  98  GLU  HB2  38.722  -1.217  91.87  65.94
1480  98  GLU  HB3  40.013  -2.048  92.143  178.47
1481  98  GLU  HG2  39.786  -2.833  89.83  8.6
1482  98  GLU  HG3  38.782  -1.654  89.646  36.77
1483  99  ASP  N  39.06  -3.598  94.279  32.84
1484  99  ASP  CA  38.945  -3.586  95.74  21.03
1485  99  ASP  C  38.574  -2.191  96.16  119.33
1486  99  ASP  O  38.995  -1.214  95.538  56.46
1487  99  ASP  CB  40.271  -3.931  96.405  176.91
1488  99  ASP  CG  40.65  -5.366  96.225  2.05
1489  99  ASP  OD1  41.814  -5.699  96.509  40.52
1490  99  ASP  OD2  39.791  -6.165  95.807  175.25
1491  99  ASP  H  39.817  -3.885  93.987  3.47
1492  99  ASP  HA  38.281  -4.241  96.006  119.07
1493  99  ASP  HB2  40.969  -3.367  96.037  59.63
1494  99  ASP  HB3  40.215  -3.731  97.353  179.97
1495  100  PHE  N  37.803  -2.096  97.232  116.69
1496  100  PHE  CA  37.38  -0.798  97.726  53.87
1497  100  PHE  C  37.865  -0.559  99.142  173.92
1498  100  PHE  O  37.67  -1.388  100.03  123.23
1499  100  PHE  CB  35.858  -0.682  97.682  27.85
1500  100  PHE  CG  35.345  0.632  98.177  8.83
1501  100  PHE  CD1  35.608  1.805  97.467  8.5
1502  100  PHE  CD2  34.6  0.701  99.352  173.27
1503  100  PHE  CE1  35.129  3.033  97.921  8.94
1504  100  PHE  CE2  34.117  1.912  99.819  31.53
1505  100  PHE  CZ  34.38  3.087  99.104  121.23
1506  100  PHE  H  37.515  -2.767  97.686  52.29
1507  100  PHE  HA  37.773  -0.124  97.149  179.32
1508  100  PHE  HB2  35.557  -0.816  96.77  62.25
1509  100  PHE  HB3  35.471  -1.394  98.215  19.63
1510  100  PHE  HD1  36.108  1.767  96.684  109.87
1511  100  PHE  HD2  34.424  -0.077  99.83  29.3
1512  100  PHE  HE1  35.305  3.811  97.442  173.64
1513  100  PHE  HE2  33.62  1.945  100.604  7.11
1514  100  PHE  HZ  34.058  3.902  99.414  8.41
1515  101  THR  N  38.488  0.595  99.344  3.94
1516  101  THR  CA  39.015  0.96  100.647  118.89
1517  101  THR  C  38.298  2.179  101.226  61.14
1518  101  THR  O  37.923  3.097  100.492  178.44
1519  101  THR  CB  40.531  1.235  100.537  109.06
1520  101  THR  OG1  41.199  0.022  100.168  61.86
1521  101  THR  CG2  41.096  1.752  101.85  175.07
1522  101  THR  H  38.616  1.185  98.731  180.2
1523  101  THR  HA  38.862  0.217  101.252  37.78
1524  101  THR  HB  40.674  1.917  99.862  112.66
1525  101  THR  HG1  42.024  0.164  100.105  8.33
1526  101  THR  HG21  42.047  1.915  101.751  4.69
1527  101  THR  HG22  40.65  2.579  102.091  7.82
1528  101  THR  HG23  40.952  1.092  102.546  8.48
1529  102  TYR  N  38.096  2.174  102.541  6.79
1530  102  TYR  CA  37.432  3.284  103.21  7.53
1531  102  TYR  C  37.827  3.33  104.681  122.81
1532  102  TYR  O  38.41  2.391  105.212  54.99
1533  102  TYR  CB  35.915  3.142  103.098  118.15
1534  102  TYR  CG  35.364  1.964  103.875  61.52
1535  102  TYR  CD1  34.807  2.134  105.151  176.82
1536  102  TYR  CD2  35.398  0.678  103.336  8.18
1537  102  TYR  CE1  34.292  1.048  105.865  6.24
1538  102  TYR  CE2  34.887  -0.414  104.038  56.72
1539  102  TYR  CZ  34.334  -0.221  105.294  178.17
1540  102  TYR  OH  33.795  -1.288  105.965  116.54
1541  102  TYR  H  38.337  1.535  103.063  45.09
1542  102  TYR  HA  37.709  4.107  102.778  174.49
1543  102  TYR  HB2  35.496  3.956  103.417  180.58
1544  102  TYR  HB3  35.674  3.046  102.163  179.05
1545  102  TYR  HD1  34.78  2.984  105.528  38.69
1546  102  TYR  HD2  35.768  0.546  102.493  21.11
1547  102  TYR  HE1  33.926  1.172  106.711  21.11
1548  102  TYR  HE2  34.917  -1.266  103.666  8.12
1549  102  TYR  HH  33.158  -1.025  106.445  8.06
1550  103  SER  N  37.489  4.428  105.339  2.32
1551  103  SER  CA  37.81  4.593  106.74  9.21
1552  103  SER  C  36.562  4.901  107.54  56.78
1553  103  SER  O  35.54  5.307  106.988  176.03
1554  103  SER  CB  38.829  5.715  106.912  4.04
1555  103  SER  OG  40.066  5.338  106.339  116.57
1556  103  SER  H  37.071  5.092  104.987  61.26
1557  103  SER  HA  38.19  3.764  107.069  174.85
1558  103  SER  HB2  38.503  6.526  106.491  60.72
1559  103  SER  HB3  38.947  5.913  107.854  62.86
1560  103  SER  HG  40.621  5.961  106.436  1.53
1561  104  VAL  N  36.649  4.678  108.846  8.45
1562  104  VAL  CA  35.543  4.945  109.758  59.94
1563  104  VAL  C  36.144  5.562  111.025  24.2
1564  104  VAL  O  36.972  4.946  111.697  118.78
1565  104  VAL  CB  34.766  3.647  110.131  55.37
1566  104  VAL  CG1  33.499  3.998  110.9  176.15
1567  104  VAL  CG2  34.422  2.861  108.878  53.41
1568  104  VAL  H  37.353  4.367  109.23  30.28
1569  104  VAL  HA  34.909  5.541  109.329  58.91
1570  104  VAL  HB  35.331  3.096  110.696  37.6
1571  104  VAL  HG11  33.022  3.184  111.128  7.76
1572  104  VAL  HG12  33.734  4.472  111.713  28.83
1573  104  VAL  HG13  32.932  4.561  110.35  118.46
1574  104  VAL  HG21  33.939  2.056  109.123  7.31
1575  104  VAL  HG22  33.869  3.405  108.296  176.05
1576  104  VAL  HG23  35.238  2.619  108.413  62.73
1577  105  GLU  N  35.741  6.792  111.327  177.93
1578  105  GLU  CA  36.232  7.489  112.504  113.3
1579  105  GLU  C  35.127  7.492  113.539  62.16
1580  105  GLU  O  33.946  7.585  113.201  172.91
1581  105  GLU  CB  36.618  8.922  112.151  54.14
1582  105  GLU  CG  37.52  9.036  110.934  70.34
1583  105  GLU  CD  37.828  10.478  110.576  8.66
1584  105  GLU  OE1  36.869  11.275  110.43  36.55
1585  105  GLU  OE2  39.028  10.814  110.438  8.19
1586  105  GLU  H  35.179  7.242  110.857  8.42
1587  105  GLU  HA  37.02  7.042  112.85  2.69
1588  105  GLU  HB2  35.81  9.435  111.993  7.64
1589  105  GLU  HB3  37.065  9.324  112.912  6.81
1590  105  GLU  HG2  38.35  8.563  111.104  6.81
1591  105  GLU  HG3  37.096  8.601  110.178  38.36
1592  106  PHE  N  35.514  7.399  114.803  119.57
1593  106  PHE  CA  34.546  7.353  115.886  61.77
1594  106  PHE  C  35.305  7.395  117.196  113.6
1595  106  PHE  O  36.534  7.324  117.207  54.18
1596  106  PHE  CB  33.776  6.045  115.802  175.19
1597  106  PHE  CG  34.654  4.815  115.891  127.85
1598  106  PHE  CD1  35.014  4.283  117.123  53.53
1599  106  PHE  CD2  35.133  4.199  114.74  174.76
1600  106  PHE  CE1  35.819  3.142  117.206  53.67
1601  106  PHE  CE2  35.937  3.062  114.813  44.32
1602  106  PHE  CZ  36.284  2.54  116.05  7.39
1603  106  PHE  H  36.335  7.361  115.055  39.11
1604  106  PHE  HA  33.93  8.1  115.826  9.06
1605  106  PHE  HB2  33.121  6.018  116.517  8.33
1606  106  PHE  HB3  33.284  6.022  114.966  4.93
1607  106  PHE  HD1  34.716  4.691  117.903  1.82
1608  106  PHE  HD2  34.913  4.551  113.908  1.82
1609  106  PHE  HE1  36.041  2.788  118.037  1.47
1610  106  PHE  HE2  36.24  2.655  114.034  1.47
1611  106  PHE  HZ  36.828  1.787  116.103  117.63
1612  107  GLU  N  34.579  7.496  118.303  56.62
1613  107  GLU  CA  35.221  7.525  119.61  177.56
1614  107  GLU  C  34.821  6.299  120.412  57.7
1615  107  GLU  O  33.838  5.631  120.098  44.1
1616  107  GLU  CB  34.828  8.772  120.387  7.88
1617  107  GLU  CG  35.295  10.06  119.741  39.15
1618  107  GLU  CD  35.414  11.187  120.74  127.93
1619  107  GLU  OE1  35.69  12.326  120.31  8.7
1620  107  GLU  OE2  35.237  10.934  121.954  9.05
1621  107  GLU  H  33.721  7.549  118.32  7.56
1622  107  GLU  HA  36.181  7.532  119.469  40.18
1623  107  GLU  HB2  33.863  8.796  120.479  119.54
1624  107  GLU  HB3  35.197  8.716  121.282  60.09
1625  107  GLU  HG2  36.155  9.914  119.316  174.04
1626  107  GLU  HG3  34.673  10.314  119.042  8.65
1627  108  VAL  N  35.6  6  121.444  37.24
1628  108  VAL  CA  35.352  4.849  122.312  1.83
1629  108  VAL  C  35.137  5.333  123.753  3.15
1630  108  VAL  O  35.564  6.429  124.125  8.16
1631  108  VAL  CB  36.549  3.861  122.276  60.66
1632  108  VAL  CG1  36.316  2.706  123.229  175.44
1633  108  VAL  CG2  36.735  3.333  120.862  55.77
1634  108  VAL  H  36.292  6.46  121.664  32.71
1635  108  VAL  HA  34.56  4.388  121.993  7.01
1636  108  VAL  HB  37.35  4.333  122.553  64.98
1637  108  VAL  HG11  37.072  2.1  123.194  115.58
1638  108  VAL  HG12  36.217  3.046  124.132  8.81
1639  108  VAL  HG13  35.51  2.232  122.972  126.01
1640  108  VAL  HG21  37.483  2.716  120.843  56.42
1641  108  VAL  HG22  35.929  2.872  120.58  175.34
1642  108  VAL  HG23  36.911  4.073  120.26  174.59
1643  109  TYR  N  34.459  4.526  124.562  42.03
1644  109  TYR  CA  34.207  4.892  125.955  122.98
1645  109  TYR  C  35.486  4.753  126.769  56.41
1646  109  TYR  O  36.195  3.75  126.648  4.18
1647  109  TYR  CB  33.148  3.983  126.58  9.52
1648  109  TYR  CG  31.75  4.167  126.034  63.69
1649  109  TYR  CD1  31.366  3.6  124.815  3.81
1650  109  TYR  CD2  30.797  4.886  126.757  62.46
1651  109  TYR  CE1  30.066  3.743  124.339  175.68
1652  109  TYR  CE2  29.5  5.036  126.287  8.93
1653  109  TYR  CZ  29.139  4.46  125.083  126.98
1654  109  TYR  OH  27.846  4.597  124.641  122.05
1655  109  TYR  H  34.137  3.764  124.327  59.56
1656  109  TYR  HA  33.893  5.81  125.964  176.45
1657  109  TYR  HB2  33.414  3.06  126.448  43.77
1658  109  TYR  HB3  33.131  4.139  127.537  31.57
1659  109  TYR  HD1  31.987  3.121  124.316  66.05
1660  109  TYR  HD2  31.036  5.272  127.569  179.07
1661  109  TYR  HE1  29.82  3.361  123.528  8.89
1662  109  TYR  HE2  28.877  5.521  126.779  31.23
1663  109  TYR  HH  27.407  5.052  125.194  8.91
1664  110  PRO  N  35.798  5.752  127.613  2.33
1665  110  PRO  CA  37.007  5.712  128.443  3.74
1666  110  PRO  C  37.073  4.483  129.355  3.74
1667  110  PRO  O  36.062  4.065  129.925  108.72
1668  110  PRO  CB  36.917  7.008  129.243  55.09
1669  110  PRO  CG  36.193  7.926  128.312  175.09
1670  110  PRO  CD  35.1  7.04  127.769  45.27
1671  110  PRO  HA  37.815  5.64  127.91  34.09
1672  110  PRO  HB2  36.433  6.884  130.074  116.67
1673  110  PRO  HB3  37.795  7.35  129.474  58.84
1674  110  PRO  HG2  35.835  8.7  128.774  177.19
1675  110  PRO  HG3  36.772  8.258  127.608  9.13
1676  110  PRO  HD2  34.349  6.974  128.38  28.22
1677  110  PRO  HD3  34.752  7.369  126.925  54.84
1678  111  GLU  N  38.271  3.913  129.48  176
1679  111  GLU  CA  38.518  2.748  130.334  8.75
1680  111  GLU  C  39.796  2.978  131.126  33.09
1681  111  GLU  O  40.446  4.006  130.962  53.2
1682  111  GLU  CB  38.653  1.476  129.497  31.69
1683  111  GLU  CG  37.333  0.943  128.981  27.56
1684  111  GLU  CD  37.465  -0.435  128.373  44.83
1685  111  GLU  OE1  38.149  -0.57  127.336  57.9
1686  111  GLU  OE2  36.885  -1.387  128.937  123.75
1687  111  GLU  H  38.971  4.194  129.067  52.1
1688  111  GLU  HA  37.766  2.635  130.937  177.24
1689  111  GLU  HB2  39.237  1.655  128.743  55.53
1690  111  GLU  HB3  39.082  0.79  130.032  20
1691  111  GLU  HG2  36.693  0.912  129.709  2.52
1692  111  GLU  HG3  36.978  1.554  128.317  41.03
1693  112  VAL  N  40.158  2.029  131.983  60.59
1694  112  VAL  CA  41.366  2.173  132.795  8.27
1695  112  VAL  C  42.271  0.937  132.78  114.22
1696  112  VAL  O  43.508  1.111  132.705  53.19
1697  112  VAL  CB  41.012  2.515  134.262  174.63
1698  112  VAL  CG1  42.285  2.815  135.047  3.94
1699  112  VAL  CG2  40.06  3.706  134.308  54.48
1700  112  VAL  H  39.723  1.298  132.11  176.26
1701  112  VAL  HA  41.86  2.901  132.387  9.17
1702  112  VAL  HB  40.57  1.753  134.668  41.18
1703  112  VAL  HG11  42.056  3.029  135.965  7.63
1704  112  VAL  HG12  42.866  2.038  135.031  2.05
1705  112  VAL  HG13  42.743  3.569  134.645  2.32
1706  112  VAL  HG21  39.844  3.913  135.231  9.1
1707  112  VAL  HG22  40.483  4.475  133.895  7.24
1708  112  VAL  HG23  39.246  3.489  133.827  59.43
