1  1  GLU  N  36.857  15.581  76.721  40.47
2  1  GLU  CA  35.7  16.307  76.194  53.23
3  1  GLU  C  34.888  16.845  77.404  173.62
4  1  GLU  O  34.257  16.09  78.166  0
5  1  GLU  CB  34.754  15.429  75.432  39.33
6  1  GLU  CG  35.191  14.216  74.632  29.13
7  1  GLU  CD  34.033  13.354  74.192  24.16
8  1  GLU  OE1  33.076  13.085  74.914  3.91
9  1  GLU  OE2  34.163  12.977  73.015  3.57
10  1  GLU  H  37.34  15.262  76.045  4.23
11  1  GLU  H2  37.357  16.133  77.208  63.64
12  1  GLU  H3  36.578  14.907  77.23  3.87
13  1  GLU  HA  36.041  16.996  75.603  1.97
14  1  GLU  HB2  34.101  15.111  76.074  32.04
15  1  GLU  HB3  34.284  16.009  74.813  7.02
16  1  GLU  HG2  35.684  14.51  73.85  7.6
17  1  GLU  HG3  35.8  13.683  75.167  4.4
18  2  LEU  N  34.978  18.157  77.549  2.21
19  2  LEU  CA  34.224  18.806  78.672  1.93
20  2  LEU  C  32.788  18.996  78.181  1.96
21  2  LEU  O  31.824  18.814  78.947  1.9
22  2  LEU  CB  35.019  20.059  78.972  3.58
23  2  LEU  CG  35.147  20.596  80.354  3.52
24  2  LEU  CD1  35.695  19.656  81.375  8.44
25  2  LEU  CD2  35.974  21.888  80.28  126.78
26  2  LEU  H  35.438  18.685  77.05  8.39
27  2  LEU  HA  34.139  18.311  79.502  4.92
28  2  LEU  HB2  35.92  19.904  78.647  30.14
29  2  LEU  HB3  34.64  20.768  78.43  9.24
30  2  LEU  HG  34.247  20.76  80.675  8.15
31  2  LEU  HD11  35.737  20.101  82.236  4.85
32  2  LEU  HD12  35.119  18.878  81.442  4.53
33  2  LEU  HD13  36.586  19.376  81.112  8.8
34  2  LEU  HD21  36.073  22.26  81.17  4.35
35  2  LEU  HD22  36.85  21.691  79.913  2.06
36  2  LEU  HD23  35.522  22.53  79.71  1.91
37  3  THR  N  32.703  19.261  76.893  9.18
38  3  THR  CA  31.402  19.526  76.27  2.41
39  3  THR  C  30.861  18.412  75.42  113.59
40  3  THR  O  31.586  17.559  74.87  61.64
41  3  THR  CB  31.429  20.92  75.529  127.38
42  3  THR  OG1  32.367  20.793  74.417  3.76
43  3  THR  CG2  31.746  22.102  76.443  70.54
44  3  THR  H  33.375  19.294  76.357  9.15
45  3  THR  HA  30.757  19.573  76.993  5.31
46  3  THR  HB  30.54  21.129  75.202  7.87
47  3  THR  HG1  32.405  21.52  73.998  4.45
48  3  THR  HG21  31.746  22.922  75.924  4.22
49  3  THR  HG22  31.074  22.161  77.14  7.57
50  3  THR  HG23  32.619  21.975  76.846  4.79
51  4  PRO  N  29.528  18.416  75.299  2.27
52  4  PRO  CA  28.822  17.407  74.494  4.44
53  4  PRO  C  29.411  17.386  73.072  124.09
54  4  PRO  O  29.583  18.437  72.433  55.04
55  4  PRO  CB  27.375  17.851  74.53  174.71
56  4  PRO  CG  27.229  18.742  75.731  4.71
57  4  PRO  CD  28.594  19.384  75.911  44.64
58  4  PRO  HA  28.91  16.5  74.826  5.22
59  4  PRO  HB2  27.14  18.326  73.718  2.01
60  4  PRO  HB3  26.781  17.087  74.594  1.87
61  4  PRO  HG2  26.542  19.412  75.59  1.45
62  4  PRO  HG3  26.973  18.234  76.517  1.33
63  4  PRO  HD2  28.641  20.248  75.473  1.57
64  4  PRO  HD3  28.797  19.53  76.848  3.27
65  5  ALA  N  29.741  16.197  72.632  1.4
66  5  ALA  CA  30.303  15.929  71.289  3.34
67  5  ALA  C  29.139  15.623  70.352  2.34
68  5  ALA  O  28.417  14.628  70.578  1.82
69  5  ALA  CB  31.23  14.716  71.381  1.94
70  5  ALA  H  29.649  15.486  73.107  8.64
71  5  ALA  HA  30.806  16.69  70.958  4.96
72  5  ALA  HB1  31.606  14.529  70.507  118.29
73  5  ALA  HB2  31.947  14.903  72.007  1.16
74  5  ALA  HB3  30.726  13.946  71.687  0.78
75  6  VAL  N  28.972  16.482  69.361  9.36
76  6  VAL  CA  27.868  16.326  68.418  125.58
77  6  VAL  C  28.375  15.829  67.068  1.68
78  6  VAL  O  29.451  16.206  66.586  8.34
79  6  VAL  CB  26.992  17.575  68.345  4.65
80  6  VAL  CG1  26.381  18.014  69.671  2.99
81  6  VAL  CG2  27.615  18.738  67.589  2.99
82  6  VAL  H  29.481  17.159  69.213  9.14
83  6  VAL  HA  27.274  15.635  68.749  4.2
84  6  VAL  HB  26.244  17.273  67.805  2.06
85  6  VAL  HG11  25.844  18.81  69.532  1.84
86  6  VAL  HG12  25.821  17.303  70.021  8.57
87  6  VAL  HG13  27.089  18.209  70.305  3.88
88  6  VAL  HG21  27.001  19.489  67.587  8.07
89  6  VAL  HG22  28.443  18.999  68.022  4.75
90  6  VAL  HG23  27.799  18.469  66.675  1.99
91  7  THR  N  27.531  15.027  66.442  1.83
92  7  THR  CA  27.798  14.455  65.127  2.73
93  7  THR  C  26.801  15.072  64.128  18.64
94  7  THR  O  25.69  15.447  64.578  8.58
95  7  THR  CB  27.597  12.884  65.185  3.99
96  7  THR  OG1  28.569  12.379  66.16  9.05
97  7  THR  CG2  27.657  12.141  63.861  9.16
98  7  THR  H  26.772  14.793  66.772  8.76
99  7  THR  HA  28.709  14.644  64.851  4.1
100  7  THR  HB  26.681  12.71  65.453  1.55
101  7  THR  HG1  28.495  11.545  66.223  178.81
102  7  THR  HG21  27.522  11.193  64.015  2.05
103  7  THR  HG22  26.963  12.474  63.271  29.24
104  7  THR  HG23  28.525  12.281  63.45  8.07
105  8  THR  N  27.23  15.164  62.905  4.31
106  8  THR  CA  26.33  15.676  61.851  3.27
107  8  THR  C  25.689  14.45  61.205  4.15
108  8  THR  O  26.342  13.528  60.741  3.83
109  8  THR  CB  27.085  16.547  60.805  4.08
110  8  THR  OG1  27.584  17.723  61.558  123.48
111  8  THR  CG2  26.212  17.011  59.641  2.07
112  8  THR  H  28.019  14.946  62.642  8.96
113  8  THR  HA  25.658  16.264  62.231  5.26
114  8  THR  HB  27.79  16.021  60.396  121.59
115  8  THR  HG1  28.005  18.231  61.038  57.64
116  8  THR  HG21  26.743  17.546  59.031  177.21
117  8  THR  HG22  25.861  16.238  59.171  7.77
118  8  THR  HG23  25.476  17.544  59.981  4.62
119  9  TYR  N  24.309  14.552  61.135  3.18
120  9  TYR  CA  23.596  13.45  60.438  3
121  9  TYR  C  22.892  14.059  59.229  2.95
122  9  TYR  O  22.635  15.279  59.245  7.35
123  9  TYR  CB  22.573  12.797  61.393  3.95
124  9  TYR  CG  23.197  12.11  62.582  1.71
125  9  TYR  CD1  23.547  12.845  63.711  121.78
126  9  TYR  CD2  23.498  10.752  62.53  1.31
127  9  TYR  CE1  24.114  12.205  64.804  9.76
128  9  TYR  CE2  24.057  10.114  63.618  8.15
129  9  TYR  CZ  24.376  10.85  64.733  4.16
130  9  TYR  OH  24.946  10.192  65.788  7.72
131  9  TYR  H  23.825  15.187  61.454  7.87
132  9  TYR  HA  24.215  12.76  60.154  3.68
133  9  TYR  HB2  21.959  13.478  61.71  117.79
134  9  TYR  HB3  22.047  12.15  60.896  66.94
135  9  TYR  HD1  23.401  13.763  63.733  177.31
136  9  TYR  HD2  23.321  10.27  61.755  9.34
137  9  TYR  HE1  24.316  12.683  65.576  29.64
138  9  TYR  HE2  24.216  9.198  63.597  2.14
139  9  TYR  HH  25.04  9.38  65.594  1.94
140  10  LYS  N  22.632  13.236  58.258  7.38
141  10  LYS  CA  22.027  13.714  57.014  3.28
142  10  LYS  C  20.676  12.908  56.83  2.07
143  10  LYS  O  20.579  11.816  57.303  5.52
144  10  LYS  CB  22.918  13.361  55.837  123.68
145  10  LYS  CG  24.227  14.222  55.91  4.28
146  10  LYS  CD  25.462  13.563  55.329  4.44
147  10  LYS  CE  26.027  12.495  56.204  7.14
148  10  LYS  NZ  26.15  12.911  57.618  4.19
149  10  LYS  H  22.791  12.391  58.281  9.34
150  10  LYS  HA  21.894  14.674  57.051  4.07
151  10  LYS  HB2  23.137  12.416  55.854  1.81
152  10  LYS  HB3  22.453  13.529  55.003  1.81
153  10  LYS  HG2  24.074  15.059  55.444  1.46
154  10  LYS  HG3  24.401  14.443  56.838  1.46
155  10  LYS  HD2  25.241  13.182  54.465  3.99
156  10  LYS  HD3  26.14  14.239  55.176  1.4
157  10  LYS  HE2  25.462  11.708  56.152  7.9
158  10  LYS  HE3  26.901  12.239  55.87  4.32
159  10  LYS  HZ1  26.853  12.508  57.986  2.6
160  10  LYS  HZ2  26.259  13.793  57.66  3.99
161  10  LYS  HZ3  25.412  12.683  58.06  2.73
162  11  LEU  N  19.826  13.633  56.123  2.81
163  11  LEU  CA  18.523  13  55.771  179.41
164  11  LEU  C  18.316  13.25  54.286  4.6
165  11  LEU  O  18.363  14.399  53.827  18.64
166  11  LEU  CB  17.38  13.652  56.605  7.64
167  11  LEU  CG  15.969  13.147  56.085  4.13
168  11  LEU  CD1  15.74  11.712  56.472  8.05
169  11  LEU  CD2  14.933  14.108  56.595  4.16
170  11  LEU  H  19.951  14.437  55.845  8.71
171  11  LEU  HA  18.519  12.05  55.965  4.37
172  11  LEU  HB2  17.486  13.428  57.543  57.84
173  11  LEU  HB3  17.431  14.618  56.537  178.51
174  11  LEU  HG  15.919  13.143  55.116  4.64
175  11  LEU  HD11  14.874  11.423  56.145  41.04
176  11  LEU  HD12  16.434  11.157  56.082  2.75
177  11  LEU  HD13  15.765  11.629  57.438  8.93
178  11  LEU  HD21  14.055  13.827  56.294  118.48
179  11  LEU  HD22  14.953  14.121  57.565  8.39
180  11  LEU  HD23  15.122  14.997  56.256  4.4
181  12  VAL  N  18.004  12.177  53.594  2.28
182  12  VAL  CA  17.702  12.243  52.181  2.17
183  12  VAL  C  16.13  12.003  52.14  1.38
184  12  VAL  O  15.762  10.97  52.675  6.84
185  12  VAL  CB  18.43  11.2  51.346  6.59
186  12  VAL  CG1  17.987  11.186  49.879  6.66
187  12  VAL  CG2  19.948  11.375  51.437  54.97
188  12  VAL  H  17.961  11.386  53.929  7.55
189  12  VAL  HA  17.99  13.086  51.797  4.42
190  12  VAL  HB  18.187  10.341  51.725  118.69
191  12  VAL  HG11  18.482  10.505  49.398  59.04
192  12  VAL  HG12  17.038  10.991  49.829  119.08
193  12  VAL  HG13  18.16  12.053  49.48  8.91
194  12  VAL  HG21  20.385  10.698  50.896  28.34
195  12  VAL  HG22  20.192  12.256  51.112  8.36
196  12  VAL  HG23  20.23  11.282  52.36  4.3
197  13  ILE  N  15.5  12.92  51.466  8.5
198  13  ILE  CA  14.001  12.81  51.393  4.58
199  13  ILE  C  13.659  12.47  49.943  3.42
200  13  ILE  O  13.86  13.215  49.01  3.16
201  13  ILE  CB  13.261  14.114  51.81  2.2
202  13  ILE  CG1  13.76  14.765  53.105  2.1
203  13  ILE  CG2  11.697  13.908  51.909  2.45
204  13  ILE  CD  14.82  15.885  52.878  2.35
205  13  ILE  H  15.857  13.586  51.056  8.07
206  13  ILE  HA  13.707  12.129  52.018  5.08
207  13  ILE  HB  13.474  14.727  51.089  119.19
208  13  ILE  HG21  11.276  14.742  52.171  60.64
209  13  ILE  HG22  11.352  13.629  51.046  177.31
210  13  ILE  HG23  11.501  13.226  52.571  3.22
211  14  ASN  N  13.014  11.308  49.853  119.28
212  14  ASN  CA  12.536  10.85  48.527  9.28
213  14  ASN  C  11.004  10.851  48.646  4.38
214  14  ASN  O  10.418  9.777  48.866  2.17
215  14  ASN  CB  13.206  9.533  48.199  1.73
216  14  ASN  CG  12.809  8.902  46.888  1.73
217  14  ASN  OD1  12.851  7.661  46.763  2.63
218  14  ASN  ND2  12.392  9.678  45.903  7.73
219  14  ASN  H  12.843  10.782  50.512  8.29
220  14  ASN  HA  12.768  11.411  47.771  3.23
221  14  ASN  HB2  14.166  9.67  48.195  3.23
222  14  ASN  HB3  13.013  8.905  48.912  7.14
223  14  ASN  HD21  12.143  9.33  45.157  7.14
224  14  ASN  HD22  12.37  10.531  46.008  7.18
225  15  GLY  N  10.398  12.023  48.567  7.18
226  15  GLY  CA  8.948  12.197  48.759  4.05
227  15  GLY  C  8.205  12.528  47.48  9.17
228  15  GLY  O  8.766  12.691  46.408  4.86
229  15  GLY  H  10.814  12.757  48.398  8.36
230  15  GLY  HA2  8.579  11.384  49.138  2.44
231  15  GLY  HA3  8.797  12.905  49.405  1.66
232  16  LYS  N  6.861  12.546  47.655  3.46
233  16  LYS  CA  5.979  12.808  46.522  121.48
234  16  LYS  C  6.233  14.238  46.027  8.37
235  16  LYS  O  6.46  14.424  44.823  3.58
236  16  LYS  CB  4.512  12.56  46.817  1.99
237  16  LYS  CG  3.631  12.631  45.566  1.88
238  16  LYS  CD  2.172  12.847  45.955  1.92
239  16  LYS  CE  1.264  12.911  44.764  2.23
240  16  LYS  NZ  1.25  11.617  44.035  8.36
241  16  LYS  H  6.462  12.411  48.405  8.8
242  16  LYS  HA  6.192  12.172  45.822  4.73
243  16  LYS  HB2  4.413  11.687  47.228  1.63
244  16  LYS  HB3  4.202  13.214  47.463  1.73
245  16  LYS  HG2  3.93  13.355  44.993  0.5
246  16  LYS  HG3  3.718  11.811  45.055  1.49
247  16  LYS  HD2  1.886  12.127  46.538  1.38
248  16  LYS  HD3  2.094  13.67  46.462  6.96
249  16  LYS  HE2  0.365  13.134  45.05  8.59
250  16  LYS  HE3  1.556  13.619  44.168  4.74
251  16  LYS  HZ1  0.576  11.61  43.454  3.24
252  16  LYS  HZ2  2.018  11.514  43.598  2.84
253  16  LYS  HZ3  1.148  10.95  44.615  109.49
254  17  THR  N  6.205  15.182  46.978  47.14
255  17  THR  CA  6.442  16.564  46.604  175.11
256  17  THR  C  7.659  17.184  47.298  5.02
257  17  THR  O  8.204  18.065  46.559  116.98
258  17  THR  CB  5.206  17.529  46.754  3.92
259  17  THR  OG1  4.791  17.51  48.135  8.57
260  17  THR  CG2  4.077  17.076  45.806  3.97
261  17  THR  H  6.056  15.042  47.813  8.13
262  17  THR  HA  6.623  16.487  45.654  5.83
263  17  THR  HB  5.439  18.438  46.509  4.29
264  17  THR  HG1  4.132  18.021  48.237  40.64
265  17  THR  HG21  3.317  17.671  45.9  9.5
266  17  THR  HG22  4.395  17.1  44.89  4.36
267  17  THR  HG23  3.808  16.172  46.031  8.47
268  18  LEU  N  8.008  16.621  48.423  8.73
269  18  LEU  CA  9.251  17.155  49.091  4.44
270  18  LEU  C  10.418  16.203  48.659  2.69
271  18  LEU  O  10.341  15.004  48.895  8.11
272  18  LEU  CB  9.05  17.14  50.575  4.64
273  18  LEU  CG  9.821  17.946  51.563  3.56
274  18  LEU  CD1  9.63  17.389  52.985  3.37
275  18  LEU  CD2  11.301  18.094  51.259  5.24
276  18  LEU  H  7.6  15.977  48.821  9.01
277  18  LEU  HA  9.452  18.069  48.835  4.65
278  18  LEU  HB2  8.118  17.369  50.717  4.45
279  18  LEU  HB3  9.159  16.215  50.847  2.7
280  18  LEU  HG  9.451  18.84  51.496  8.37
281  18  LEU  HD11  10.138  17.925  53.614  4
282  18  LEU  HD12  8.69  17.419  53.221  3.78
283  18  LEU  HD13  9.942  16.471  53.018  114.08
284  18  LEU  HD21  11.721  18.63  51.95  4.08
285  18  LEU  HD22  11.716  17.217  51.233  2
286  18  LEU  HD23  11.413  18.529  50.399  2
287  19  LYS  N  11.477  16.92  48.219  1.74
288  19  LYS  CA  12.665  16.128  47.74  1.74
289  19  LYS  C  13.919  16.907  48.203  3.23
290  19  LYS  O  13.896  18.117  48.307  3.23
291  19  LYS  CB  12.701  16.096  46.24  7.07
292  19  LYS  CG  11.612  15.296  45.532  6.58
293  19  LYS  CD  11.851  15.396  44.016  9.13
294  19  LYS  H  11.54  17.777  48.185  7.94
295  19  LYS  HA  12.624  15.222  48.084  5.39
296  19  LYS  HB2  12.659  17.01  45.919  1.7
297  19  LYS  HB3  13.561  15.739  45.968  1.7
298  19  LYS  HG2  11.633  14.369  45.817  1.45
299  19  LYS  HG3  10.735  15.643  45.76  1.45
300  20  GLY  N  14.967  16.088  48.433  118.28
301  20  GLY  CA  16.245  16.811  48.773  6.73
302  20  GLY  C  16.957  16.193  49.923  6.73
303  20  GLY  O  16.824  15.023  50.26  114.09
304  20  GLY  H  14.982  15.229  48.407  9.07
305  20  GLY  HA2  16.828  16.813  47.998  173.71
306  20  GLY  HA3  16.044  17.737  48.98  1.29
307  21  GLU  N  17.775  17.067  50.533  42.04
308  21  GLU  CA  18.565  16.665  51.686  2.93
309  21  GLU  C  18.723  17.771  52.717  2.93
310  21  GLU  O  18.772  18.984  52.314  9.01
311  21  GLU  CB  19.994  16.319  51.191  5.13
312  21  GLU  CG  20.898  15.575  52.13  119.08
313  21  GLU  CD  22.258  15.175  51.605  3.77
314  21  GLU  OE1  22.354  15.082  50.359  7.54
315  21  GLU  OE2  23.169  14.952  52.374  5.11
316  21  GLU  H  17.879  17.886  50.291  8.5
317  21  GLU  HA  18.104  15.919  52.1  4.13
318  21  GLU  HB2  19.91  15.794  50.38  6.79
319  21  GLU  HB3  20.434  17.148  50.948  126.08
320  21  GLU  HG2  21.029  16.124  52.919  0.98
321  21  GLU  HG3  20.438  14.771  52.417  7.12
322  22  THR  N  18.765  17.395  53.925  7.07
323  22  THR  CA  18.953  18.299  55.056  119.39
324  22  THR  C  19.866  17.641  56.063  56.94
325  22  THR  O  20.174  16.436  55.852  9.63
326  22  THR  CB  17.549  18.75  55.665  3.95
327  22  THR  OG1  17.898  19.878  56.509  1.92
328  22  THR  CG2  16.866  17.627  56.458  2.01
329  22  THR  H  18.684  16.571  54.158  7.32
330  22  THR  HA  19.382  19.119  54.765  4.73
331  22  THR  HB  16.902  18.977  54.979  3.03
332  22  THR  HG1  17.204  20.181  56.873  3.38
333  22  THR  HG21  16.019  17.946  56.808  6.64
334  22  THR  HG22  16.709  16.868  55.875  7.58
335  22  THR  HG23  17.438  17.356  57.193  8.56
336  23  THR  N  20.231  18.392  57.066  4.69
337  23  THR  CA  21.109  17.814  58.116  3.09
338  23  THR  C  20.664  18.28  59.487  2.91
339  23  THR  O  19.857  19.243  59.618  6.99
340  23  THR  CB  22.601  18.368  57.827  125.78
341  23  THR  OG1  22.529  19.8  57.986  4.71
342  23  THR  CG2  23.186  17.897  56.511  3.47
343  23  THR  H  20.005  19.214  57.18  8.32
344  23  THR  HA  21.074  16.845  58.098  3.32
345  23  THR  HB  23.239  17.999  58.458  1.17
346  23  THR  HG1  23.286  20.136  57.846  174.71
347  23  THR  HG21  24.077  18.265  56.403  9.09
348  23  THR  HG22  23.234  16.928  56.506  8.36
349  23  THR  HG23  22.622  18.196  55.781  3.71
350  24  THR  N  21.218  17.68  60.506  3.94
351  24  THR  CA  21.029  18.048  61.894  1.53
352  24  THR  C  22.276  17.622  62.687  3.85
353  24  THR  O  22.958  16.689  62.176  0.68
354  24  THR  CB  19.71  17.451  62.558  8.16
355  24  THR  OG1  19.447  18.321  63.683  6.87
356  24  THR  CG2  19.779  15.993  62.97  4.67
357  24  THR  H  21.746  17.008  60.409  8.35
358  24  THR  HA  20.909  19.01  61.921  3.86
359  24  THR  HB  18.994  17.435  61.903  7.09
360  24  THR  HG1  18.755  18.061  64.082  7.09
361  24  THR  HG21  18.932  15.727  63.361  4.58
362  24  THR  HG22  19.961  15.445  62.191  3.78
363  24  THR  HG23  20.487  15.874  63.622  7.87
364  25  LYS  N  22.482  18.264  63.789  103.18
365  25  LYS  CA  23.622  17.815  64.657  5.29
366  25  LYS  C  22.957  17.272  65.912  2.93
367  25  LYS  O  22.01  17.911  66.445  3.16
368  25  LYS  CB  24.541  18.967  65.007  4.78
369  25  LYS  CG  25.368  19.477  63.818  2.02
370  25  LYS  CD  26.341  20.561  64.219  2.02
371  25  LYS  CE  25.713  21.905  64.493  124.28
372  25  LYS  H  22.024  18.932  64.078  8.33
373  25  LYS  HA  24.175  17.156  64.208  3.67
374  25  LYS  HB2  24.01  19.698  65.36  2.67
375  25  LYS  HB3  25.143  18.687  65.714  2.67
376  25  LYS  HG2  25.856  18.737  63.425  1.22
377  25  LYS  HG3  24.771  19.818  63.134  9.73
378  25  LYS  HD2  26.817  20.273  65.013  3.51
379  25  LYS  HD3  27  20.664  63.515  54.54
380  26  ALA  N  23.367  16.122  66.376  8.53
381  26  ALA  CA  22.856  15.456  67.56  4.53
382  26  ALA  C  23.972  14.668  68.246  3.11
383  26  ALA  O  24.98  14.376  67.604  5.08
384  26  ALA  CB  21.742  14.447  67.207  3.3
385  26  ALA  H  23.991  15.673  65.99  7.23
386  26  ALA  HA  22.504  16.149  68.141  3.21
387  26  ALA  HB1  21.423  14.02  68.018  8.18
388  26  ALA  HB2  21.008  14.913  66.777  4.16
389  26  ALA  HB3  22.094  13.773  66.605  1.51
390  27  VAL  N  23.692  14.343  69.479  1.51
391  27  VAL  CA  24.604  13.59  70.31  1.34
392  27  VAL  C  24.693  12.146  69.887  1.34
393  27  VAL  O  25.74  11.509  70.107  1.56
394  27  VAL  CB  24.35  13.833  71.804  1.56
395  27  VAL  CG1  24.496  15.303  72.189  2.89
396  27  VAL  CG2  23.011  13.274  72.282  121.78
397  27  VAL  H  22.956  14.554  69.87  8.33
398  27  VAL  HA  25.501  13.929  70.167  2.64
399  27  VAL  HB  25.045  13.338  72.265  6.32
400  27  VAL  HG11  24.327  15.407  73.138  6.32
401  27  VAL  HG12  25.396  15.603  71.986  63.44
402  27  VAL  HG13  23.858  15.834  71.687  176.81
403  27  VAL  HG21  22.904  13.455  73.229  7.53
404  27  VAL  HG22  22.29  13.695  71.789  32.04
405  27  VAL  HG23  22.988  12.316  72.132  1.9
406  28  ASP  N  23.608  11.626  69.319  2.22
407  28  ASP  CA  23.612  10.206  68.892  4.44
408  28  ASP  C  22.591  9.99  67.777  2.17
409  28  ASP  O  21.835  10.933  67.471  1.87
410  28  ASP  CB  23.434  9.282  70.072  1.94
411  28  ASP  CG  22.155  9.42  70.883  1.87
412  28  ASP  OD1  21.21  10.081  70.427  3.69
413  28  ASP  OD2  22.059  8.838  71.976  3.54
414  28  ASP  H  22.876  12.053  69.171  7.19
415  28  ASP  HA  24.479  9.982  68.519  3.67
416  28  ASP  HB2  23.486  8.369  69.748  1.74
417  28  ASP  HB3  24.185  9.414  70.672  1.74
418  29  ALA  N  22.64  8.8  67.212  8.44
419  29  ALA  CA  21.786  8.444  66.092  3.9
420  29  ALA  C  20.304  8.432  66.504  2.81
421  29  ALA  O  19.489  8.742  65.629  8.12
422  29  ALA  CB  22.15  7.088  65.491  4.26
423  29  ALA  H  23.17  8.172  67.466  7.19
424  29  ALA  HA  21.93  9.125  65.416  4.1
425  29  ALA  HB1  21.556  6.893  64.749  116.78
426  29  ALA  HB2  23.066  7.11  65.174  4.18
427  29  ALA  HB3  22.059  6.399  66.168  8.18
428  30  GLU  N  20.036  8.021  67.712  110.39
429  30  GLU  CA  18.635  7.922  68.209  45.44
430  30  GLU  C  18.012  9.312  68.249  173.61
431  30  GLU  O  16.865  9.491  67.828  4.14
432  30  GLU  CB  18.504  7.309  69.563  116.7
433  30  GLU  CG  18.794  5.904  69.915  3.88
434  30  GLU  CD  17.892  4.763  69.697  3.88
435  30  GLU  OE1  16.681  5  69.982  120.09
436  30  GLU  OE2  18.265  3.649  69.313  58.44
437  30  GLU  H  20.634  7.787  68.284  8.57
438  30  GLU  HA  18.176  7.335  67.588  4.78
439  30  GLU  HB2  19.062  7.845  70.148  2.84
440  30  GLU  HB3  17.584  7.461  69.831  3.35
441  30  GLU  HG2  19.617  5.681  69.453  2.39
442  30  GLU  HG3  18.993  5.906  70.864  8.92
443  31  THR  N  18.78  10.26  68.744  4.32
444  31  THR  CA  18.285  11.658  68.811  1.7
445  31  THR  C  18.01  12.197  67.43  2.01
446  31  THR  O  17.017  12.911  67.181  1.75
447  31  THR  CB  19.301  12.548  69.61  130.8
448  31  THR  OG1  19.382  11.888  70.923  4.53
449  31  THR  CG2  18.955  14.015  69.732  2.96
450  31  THR  H  19.576  10.139  69.045  9
451  31  THR  HA  17.441  11.676  69.289  4.1
452  31  THR  HB  20.145  12.595  69.134  7.04
453  31  THR  HG1  20.078  11.419  70.959  6.77
454  31  THR  HG21  19.645  14.469  70.241  6.77
455  31  THR  HG22  18.895  14.408  68.847  8.68
456  31  THR  HG23  18.103  14.11  70.186  110.99
457  32  ALA  N  18.922  11.898  66.496  45.54
458  32  ALA  CA  18.843  12.365  65.101  4.1
459  32  ALA  C  17.614  11.752  64.423  2.1
460  32  ALA  O  16.945  12.481  63.676  60.57
461  32  ALA  CB  20.095  12.067  64.312  181.64
462  32  ALA  H  19.613  11.412  66.656  7.48
463  32  ALA  HA  18.758  13.331  65.12  4.03
464  32  ALA  HB1  19.991  12.393  63.405  4.3
465  32  ALA  HB2  20.853  12.507  64.729  2.19
466  32  ALA  HB3  20.247  11.109  64.295  2.19
467  33  GLU  N  17.367  10.505  64.733  7.4
468  33  GLU  CA  16.219  9.781  64.153  4.81
469  33  GLU  C  14.911  10.482  64.593  3.25
470  33  GLU  O  14.045  10.731  63.746  3.57
471  33  GLU  CB  16.179  8.361  64.663  6.91
472  33  GLU  CG  15.066  7.446  64.077  4.44
473  33  GLU  CD  15.033  6.071  64.662  3.88
474  33  GLU  OE1  15.811  5.638  65.486  3.88
475  33  GLU  OE2  14.094  5.387  64.196  7.76
476  33  GLU  H  17.843  10.041  65.278  8.05
477  33  GLU  HA  16.308  9.779  63.187  4.24
478  33  GLU  HB2  17.038  7.949  64.482  3.29
479  33  GLU  HB3  16.075  8.387  65.627  3.29
480  33  GLU  HG2  14.205  7.869  64.221  119.68
481  33  GLU  HG3  15.191  7.376  63.118  124.05
482  34  LYS  N  14.826  10.769  65.847  67.37
483  34  LYS  CA  13.61  11.461  66.414  177.64
484  34  LYS  C  13.429  12.796  65.777  2.85
485  34  LYS  O  12.299  13.173  65.355  3.33
486  34  LYS  CB  13.652  11.377  67.908  6.97
487  34  LYS  CG  13.438  10.054  68.604  7.7
488  34  LYS  CD  13.854  8.763  68.003  8.27
489  34  LYS  CE  14.163  7.586  68.849  4.46
490  34  LYS  H  15.437  10.591  66.425  9.2
491  34  LYS  HA  12.779  11.016  66.186  3.77
492  34  LYS  HB2  14.517  11.713  68.19  0.62
493  34  LYS  HB3  12.984  11.992  68.249  2.15
494  34  LYS  HG2  13.883  10.117  69.463  7.1
495  34  LYS  HG3  12.487  9.984  68.782  7.1
496  34  LYS  HD2  13.15  8.495  67.392  56.07
497  34  LYS  HD3  14.643  8.941  67.467  58.84
498  35  ALA  N  14.497  13.573  65.575  174.21
499  35  ALA  CA  14.391  14.901  64.953  1.96
500  35  ALA  C  13.948  14.84  63.523  64.04
501  35  ALA  O  13.204  15.716  63.005  4.03
502  35  ALA  CB  15.735  15.654  65.084  2.3
503  35  ALA  H  15.298  13.349  65.792  8.4
504  35  ALA  HA  13.702  15.389  65.43  4.46
505  35  ALA  HB1  15.658  16.529  64.672  5.4
506  35  ALA  HB2  15.958  15.758  66.022  2.93
507  35  ALA  HB3  16.434  15.149  64.64  2.93
508  36  PHE  N  14.451  13.866  62.798  5.86
509  36  PHE  CA  14.188  13.627  61.41  119.08
510  36  PHE  C  12.742  13.125  61.207  122.09
511  36  PHE  O  12.164  13.573  60.193  56.34
512  36  PHE  CB  15.217  12.823  60.634  175.61
513  36  PHE  CG  16.556  13.523  60.402  1.5
514  36  PHE  CD1  16.641  14.801  59.937  8.1
515  36  PHE  CD2  17.695  12.692  60.44  3.03
516  36  PHE  CE1  17.863  15.425  59.677  4.12
517  36  PHE  CE2  18.941  13.276  60.097  121.39
518  36  PHE  CZ  18.996  14.598  59.722  55.94
519  36  PHE  H  14.993  13.288  63.132  8.74
520  36  PHE  HA  14.284  14.499  60.996  4.37
521  36  PHE  HB2  15.381  11.993  61.108  2.56
522  36  PHE  HB3  14.839  12.588  59.772  2.73
523  36  PHE  HD1  15.855  15.276  59.787  6.78
524  36  PHE  HD2  17.631  11.796  60.681  7.68
525  36  PHE  HE1  17.922  16.333  59.486  8.13
526  36  PHE  HE2  19.719  12.767  60.126  4.29
527  36  PHE  HZ  19.82  14.96  59.488  4.42
528  37  LYS  N  12.353  12.242  62.083  8.11
529  37  LYS  CA  10.944  11.704  61.949  9.05
530  37  LYS  C  9.982  12.835  62.197  5.17
531  37  LYS  O  8.958  12.919  61.478  8.38
532  37  LYS  CB  10.74  10.478  62.77  50.64
533  37  LYS  CG  11.4  9.269  62.08  175.11
534  37  LYS  CD  11.221  7.981  62.816  2.49
535  37  LYS  CE  11.771  6.803  62.025  18.44
536  37  LYS  NZ  11.615  5.55  62.79  178.74
537  37  LYS  H  12.821  11.933  62.735  7.36
538  37  LYS  HA  10.771  11.387  61.049  4.62
539  37  LYS  HB2  11.12  10.604  63.653  2.07
540  37  LYS  HB3  9.792  10.314  62.89  2.69
541  37  LYS  HG2  11.031  9.176  61.188  117.78
542  37  LYS  HG3  12.349  9.444  61.978  2.88
543  37  LYS  HD2  11.67  8.033  63.674  4.46
544  37  LYS  HD3  10.279  7.839  62.996  2.57
545  37  LYS  HE2  11.306  6.731  61.177  7.02
546  37  LYS  HE3  12.708  6.951  61.823  8.08
547  37  LYS  HZ1  11.486  4.872  62.227  3.9
548  37  LYS  HZ2  12.35  5.401  63.27  63.54
549  37  LYS  HZ3  10.915  5.62  63.335  129.2
550  38  GLN  N  10.269  13.664  63.154  4.5
551  38  GLN  CA  9.378  14.834  63.488  31.94
552  38  GLN  C  9.328  15.782  62.325  2.59
553  38  GLN  O  8.257  16.238  61.851  122.47
554  38  GLN  CB  9.756  15.466  64.796  8.74
555  38  GLN  CG  8.799  16.599  65.242  4.72
556  38  GLN  CD  9.367  17.323  66.44  4.38
557  38  GLN  OE1  9.619  18.525  66.403  2.21
558  38  GLN  NE2  9.604  16.562  67.5  1.86
559  38  GLN  H  10.97  13.601  63.648  7.77
560  38  GLN  HA  8.47  14.523  63.628  56.14
561  38  GLN  HB2  9.775  14.781  65.483  175.71
562  38  GLN  HB3  10.655  15.823  64.725  4.52
563  38  GLN  HG2  8.665  17.224  64.512  29.54
564  38  GLN  HG3  7.93  16.229  65.462  1.79
565  38  GLN  HE21  9.411  15.724  67.48  116.18
566  38  GLN  HE22  9.951  16.906  68.208  8.94
567  39  TYR  N  10.501  16.172  61.782  6.11
568  39  TYR  CA  10.589  17.021  60.594  8.41
569  39  TYR  C  9.796  16.432  59.457  4.36
570  39  TYR  O  9.037  17.197  58.79  2.12
571  39  TYR  CB  12.147  17.102  60.195  1.96
572  39  TYR  CG  12.45  17.566  58.823  2.32
573  39  TYR  CD1  12.404  18.917  58.463  2.32
574  39  TYR  CD2  12.639  16.649  57.757  113.89
575  39  TYR  CE1  12.664  19.348  57.168  62.04
576  39  TYR  CE2  12.884  17.06  56.468  174.71
577  39  TYR  CZ  12.879  18.434  56.166  3.71
578  39  TYR  OH  13.113  18.85  54.893  1.82
579  39  TYR  H  11.266  15.945  62.102  8.11
580  39  TYR  HA  10.225  17.901  60.776  4.13
581  39  TYR  HB2  12.591  17.694  60.822  4.37
582  39  TYR  HB3  12.537  16.222  60.312  1.88
583  39  TYR  HD1  12.192  19.548  59.112  8.73
584  39  TYR  HD2  12.596  15.738  57.936  111.29
585  39  TYR  HE1  12.693  20.258  56.979  45.84
586  39  TYR  HE2  13.052  16.434  55.801  174.31
587  39  TYR  HH  13.226  18.182  54.396  4.02
588  40  ALA  N  9.956  15.158  59.151  1.81
589  40  ALA  CA  9.284  14.567  57.995  2.19
590  40  ALA  C  7.726  14.717  58.2  8.54
591  40  ALA  O  7.136  15.27  57.253  115.98
592  40  ALA  CB  9.673  13.163  57.699  4.36
593  40  ALA  H  10.449  14.612  59.597  8.61
594  40  ALA  HA  9.574  15.053  57.207  4.88
595  40  ALA  HB1  9.184  12.849  56.922  62.44
596  40  ALA  HB2  10.625  13.122  57.52  2.59
597  40  ALA  HB3  9.463  12.601  58.462  2.74
598  41  ASN  N  7.311  14.25  59.31  108.48
599  41  ASN  CA  5.804  14.315  59.602  4.72
600  41  ASN  C  5.333  15.746  59.532  6.73
601  41  ASN  O  4.254  15.942  58.939  8.87
602  41  ASN  CB  5.512  13.562  60.857  0.58
603  41  ASN  CG  3.988  13.722  61.287  3.88
604  41  ASN  OD1  3.793  14.504  62.176  9.01
605  41  ASN  ND2  3.204  12.964  60.517  7.84
606  41  ASN  H  7.801  13.896  59.922  7.91
607  41  ASN  HA  5.275  13.865  58.925  10.13
608  41  ASN  HB2  5.717  12.623  60.728  62.67
609  41  ASN  HB3  6.087  13.882  61.57  0.61
610  41  ASN  HD21  2.35  12.985  60.62  33.22
611  41  ASN  HD22  3.552  12.455  59.918  2.79
612  42  ASP  N  6.003  16.683  60.151  3.25
613  42  ASP  CA  5.594  18.099  60.122  7.91
614  42  ASP  C  5.411  18.618  58.72  121.99
615  42  ASP  O  4.587  19.542  58.477  64.84
616  42  ASP  CB  6.605  18.978  60.867  176.81
617  42  ASP  CG  6.643  18.839  62.335  3.96
618  42  ASP  OD1  5.807  18.185  63  31.74
619  42  ASP  OD2  7.594  19.36  62.96  117.28
620  42  ASP  H  6.716  16.534  60.608  8.24
621  42  ASP  HA  4.735  18.144  60.57  4.39
622  42  ASP  HB2  7.49  18.783  60.521  4.18
623  42  ASP  HB3  6.415  19.905  60.655  1.77
624  43  ASN  N  6.202  18.141  57.783  2.43
625  43  ASN  CA  6.233  18.508  56.409  7.9
626  43  ASN  C  5.366  17.618  55.548  113.5
627  43  ASN  O  5.438  17.733  54.318  6.68
628  43  ASN  CB  7.696  18.611  55.866  6.32
629  43  ASN  CG  8.379  19.852  56.412  0.71
630  43  ASN  OD1  7.985  20.972  56.08  6.32
631  43  ASN  ND2  9.375  19.639  57.23  6.32
632  43  ASN  H  6.787  17.537  57.963  9.27
633  43  ASN  HA  5.846  19.396  56.353  5.34
634  43  ASN  HB2  8.198  17.821  56.12  3.3
635  43  ASN  HB3  7.686  18.641  54.897  3.15
636  43  ASN  HD21  9.8  20.304  57.573  8.19
637  43  ASN  HD22  9.606  18.834  57.426  5.07
638  44  GLY  N  4.564  16.787  56.169  121.29
639  44  GLY  CA  3.649  15.884  55.49  56.44
640  44  GLY  C  4.246  14.719  54.759  177.01
641  44  GLY  O  3.622  14.185  53.814  4.41
642  44  GLY  H  4.53  16.725  57.026  9.36
643  44  GLY  HA2  3.026  15.538  56.148  2.46
644  44  GLY  HA3  3.131  16.403  54.855  7.8
645  45  VAL  N  5.42  14.253  55.137  4.39
646  45  VAL  CA  6.1  13.117  54.553  2.63
647  45  VAL  C  6.152  12.033  55.625  111.78
648  45  VAL  O  6.618  12.26  56.739  4.02
649  45  VAL  CB  7.485  13.499  53.969  118.29
650  45  VAL  CG1  8.284  12.285  53.498  59.24
651  45  VAL  CG2  7.381  14.518  52.857  177.21
652  45  VAL  H  5.867  14.612  55.778  8.55
653  45  VAL  HA  5.617  12.778  53.783  4.97
654  45  VAL  HB  7.969  13.904  54.705  3.29
655  45  VAL  HG11  9.138  12.577  53.143  7.96
656  45  VAL  HG12  8.433  11.686  54.246  4.04
657  45  VAL  HG13  7.789  11.82  52.805  2.03
658  45  VAL  HG21  8.268  14.726  52.524  2.03
659  45  VAL  HG22  6.842  14.157  52.136  113.69
660  45  VAL  HG23  6.966  15.327  53.196  57.14
661  46  ASP  N  5.57  10.913  55.302  174.31
662  46  ASP  CA  5.535  9.737  56.209  3.84
663  46  ASP  C  5.796  8.584  55.238  43.04
664  46  ASP  O  5.287  8.635  54.118  1.93
665  46  ASP  CB  4.219  9.613  56.998  3.86
666  46  ASP  CG  3.947  10.812  57.921  3.89
667  46  ASP  OD1  4.482  10.815  59.003  8.23
668  46  ASP  OD2  3.197  11.715  57.498  4.79
669  46  ASP  H  5.173  10.785  54.55  7.57
670  46  ASP  HA  6.184  9.779  56.929  4.58
671  46  ASP  HB2  3.483  9.52  56.374  2.26
672  46  ASP  HB3  4.244  8.802  57.53  2.59
673  47  GLY  N  6.636  7.649  55.67  174.51
674  47  GLY  CA  6.989  6.543  54.785  2.59
675  47  GLY  C  7.88  5.522  55.507  41.14
676  47  GLY  O  7.765  5.315  56.693  0.76
677  47  GLY  H  7.003  7.634  56.447  8.54
678  47  GLY  HA2  6.182  6.107  54.469  7.25
679  47  GLY  HA3  7.451  6.885  54.003  7.94
680  48  VAL  N  8.674  4.91  54.638  4.51
681  48  VAL  CA  9.604  3.838  55.091  113.88
682  48  VAL  C  11.06  4.473  55.152  2.7
683  48  VAL  O  11.33  5.308  54.339  113.65
684  48  VAL  CB  9.549  2.694  54.095  54.17
685  48  VAL  CG1  8.242  1.877  54.342  172.74
686  48  VAL  CG2  9.764  2.967  52.666  2.02
687  48  VAL  H  8.702  5.084  53.796  8.29
688  48  VAL  HA  9.362  3.492  55.964  4.1
689  48  VAL  HB  10.351  2.184  54.288  1.48
690  48  VAL  HG11  8.195  1.142  53.711  116.49
691  48  VAL  HG12  8.246  1.526  55.246  58.04
692  48  VAL  HG13  7.472  2.454  54.223  175.31
693  48  VAL  HG21  9.698  2.139  52.165  1.6
694  48  VAL  HG22  9.091  3.59  52.351  39.34
695  48  VAL  HG23  10.645  3.352  52.539  119.18
696  49  TRP  N  11.719  3.956  56.173  2.57
697  49  TRP  CA  13.064  4.595  56.423  2.57
698  49  TRP  C  14.218  3.564  56.396  7.17
699  49  TRP  O  14.064  2.44  56.74  7.1
700  49  TRP  CB  12.984  5.078  57.881  8.45
701  49  TRP  CG  12.102  6.263  58.071  7.87
702  49  TRP  CD1  10.718  6.271  58.135  116.8
703  49  TRP  CD2  12.508  7.608  58.298  3.32
704  49  TRP  NE1  10.271  7.533  58.328  3.03
705  49  TRP  CE2  11.344  8.395  58.446  4.45
706  49  TRP  CE3  13.766  8.232  58.36  1.9
707  49  TRP  CZ2  11.365  9.763  58.589  7.21
708  49  TRP  CZ3  13.791  9.592  58.573  2.13
709  49  TRP  CH2  12.619  10.365  58.701  127.28
710  49  TRP  H  11.472  3.317  56.692  6.98
711  49  TRP  HA  13.237  5.274  55.753  4.38
712  49  TRP  HB2  12.661  4.352  58.437  177.94
713  49  TRP  HB3  13.877  5.296  58.191  1.4
714  49  TRP  HD1  10.176  5.519  58.057  118.59
715  49  TRP  HE1  9.444  7.764  58.371  55.44
716  49  TRP  HE3  14.552  7.745  58.261  173.61
717  49  TRP  HZ2  10.581  10.263  58.61  2.98
718  49  TRP  HZ3  14.615  10.018  58.635  31.94
719  49  TRP  HH2  12.682  11.279  58.861  6.96
720  50  THR  N  15.36  4.236  56.142  9.02
721  50  THR  CA  16.653  3.444  56.275  3.86
722  50  THR  C  17.597  4.392  57.047  4.53
723  50  THR  O  17.475  5.599  57.021  1.47
724  50  THR  CB  17.299  3.061  54.945  1.53
725  50  THR  OG1  17.739  4.288  54.233  7.75
726  50  THR  CG2  16.547  2.172  53.956  4.45
727  50  THR  H  15.43  5.062  55.914  7.84
728  50  THR  HA  16.476  2.597  56.714  4.18
729  50  THR  HB  18.02  2.485  55.243  1.6
730  50  THR  HG1  18.095  4.076  53.503  127.98
731  50  THR  HG21  17.095  2.027  53.169  3.17
732  50  THR  HG22  16.349  1.319  54.373  3.17
733  50  THR  HG23  15.719  2.605  53.697  7.14
734  51  TYR  N  18.585  3.732  57.648  7.09
735  51  TYR  CA  19.654  4.508  58.303  4.41
736  51  TYR  C  20.992  3.747  58.034  2.42
737  51  TYR  O  20.971  2.543  58.263  116.1
738  51  TYR  CB  19.437  4.593  59.829  112.69
739  51  TYR  CG  20.645  5.214  60.547  58.64
740  51  TYR  CD1  21.05  6.503  60.182  173.91
741  51  TYR  CD2  21.355  4.485  61.453  4.3
742  51  TYR  CE1  22.162  7.089  60.802  64.04
743  51  TYR  CE2  22.458  5.068  62.084  7.73
744  51  TYR  CZ  22.849  6.341  61.738  125.48
745  51  TYR  OH  23.957  6.884  62.354  4.2
746  51  TYR  H  18.661  2.876  57.692  7.39
747  51  TYR  HA  19.663  5.412  57.952  5.45
748  51  TYR  HB2  18.645  5.122  60.014  3.77
749  51  TYR  HB3  19.273  3.704  60.182  3.77
750  51  TYR  HD1  20.582  6.97  59.529  7.48
751  51  TYR  HD2  21.109  3.61  61.649  3.96
752  51  TYR  HE1  22.429  7.954  60.59  59.93
753  51  TYR  HE2  22.926  4.597  62.735  9.07
754  51  TYR  HH  24.417  6.27  62.696  104.08
755  52  ASP  N  22.008  4.561  57.676  2.51
756  52  ASP  CA  23.353  3.859  57.542  8.18
757  52  ASP  C  24.267  4.513  58.591  122.09
758  52  ASP  O  24.605  5.691  58.424  53.44
759  52  ASP  CB  23.9  3.944  56.155  172.21
760  52  ASP  CG  25.146  3.029  55.947  1.31
761  52  ASP  OD1  25.699  2.556  56.941  116.78
762  52  ASP  OD2  25.402  2.72  54.795  1.7
763  52  ASP  H  21.977  5.406  57.521  10.36
764  52  ASP  HA  23.274  2.906  57.702  5.63
765  52  ASP  HB2  23.209  3.693  55.522  3.2
766  52  ASP  HB3  24.142  4.863  55.962  3.25
767  53  ASP  N  24.685  3.696  59.531  4.81
768  53  ASP  CA  25.537  4.209  60.61  3.27
769  53  ASP  C  26.948  4.525  60.05  3.15
770  53  ASP  O  27.665  5.342  60.673  2.35
771  53  ASP  CB  25.545  3.308  61.815  2.85
772  53  ASP  CG  26.085  3.966  63.054  122.19
773  53  ASP  OD1  25.565  5.032  63.466  114.28
774  53  ASP  OD2  27.057  3.431  63.609  176.11
775  53  ASP  H  24.499  2.857  59.575  9.13
776  53  ASP  HA  25.163  5.041  60.94  5.27
777  53  ASP  HB2  24.64  3.003  61.988  8.81
778  53  ASP  HB3  26.077  2.521  61.618  5.94
779  54  ALA  N  27.266  3.883  58.963  3.98
780  54  ALA  CA  28.602  4.138  58.328  8.2
781  54  ALA  C  28.654  5.529  57.736  4.63
782  54  ALA  O  29.684  6.233  57.835  2.75
783  54  ALA  CB  28.94  3.047  57.347  2.75
784  54  ALA  H  26.767  3.309  58.562  8.27
785  54  ALA  HA  29.294  4.111  59.007  4.47
786  54  ALA  HB1  29.805  3.228  56.947  1.57
787  54  ALA  HB2  28.97  2.194  57.809  3.18
788  54  ALA  HB3  28.264  3.015  56.653  3.18
789  55  THR  N  27.579  6  57.142  123.29
790  55  THR  CA  27.487  7.286  56.482  58.24
791  55  THR  C  26.691  8.342  57.266  178.61
792  55  THR  O  26.543  9.475  56.746  4.73
793  55  THR  CB  26.898  7.128  55.03  41.74
794  55  THR  OG1  25.493  6.704  55.211  3.83
795  55  THR  CG2  27.671  6.125  54.145  3.95
796  55  THR  H  26.843  5.557  57.11  8.33
797  55  THR  HA  28.397  7.617  56.434  4.73
798  55  THR  HB  26.974  7.97  54.555  3.8
799  55  THR  HG1  25.131  6.606  54.46  9.67
800  55  THR  HG21  27.255  6.078  53.27  4.95
801  55  THR  HG22  28.591  6.418  54.051  8.39
802  55  THR  HG23  27.653  5.248  54.558  3.96
803  56  LYS  N  26.144  7.983  58.393  1.73
804  56  LYS  CA  25.347  8.84  59.278  1.56
805  56  LYS  C  24.22  9.469  58.412  0.92
806  56  LYS  O  23.874  10.635  58.576  0.84
807  56  LYS  CB  26.18  9.926  59.926  4.02
808  56  LYS  CG  27.393  9.418  60.707  116.18
809  56  LYS  CD  27.06  8.69  61.946  2.02
810  56  LYS  CE  28.225  8.17  62.753  116.99
811  56  LYS  NZ  29.044  7.202  61.975  58.84
812  56  LYS  H  26.223  7.183  58.698  7.88
813  56  LYS  HA  24.983  8.308  60.003  4.3
814  56  LYS  HB2  26.486  10.537  59.237  1.95
815  56  LYS  HB3  25.614  10.436  60.526  2.16
816  56  LYS  HG2  27.913  8.835  60.132  2.31
817  56  LYS  HG3  27.959  10.173  60.931  2.31
818  56  LYS  HD2  26.536  9.278  62.512  1.85
819  56  LYS  HD3  26.492  7.939  61.714  1.85
820  56  LYS  HE2  28.782  8.913  63.034  119.09
821  56  LYS  HE3  27.896  7.742  63.559  57.64
822  56  LYS  HZ1  29.46  6.648  62.534  124.38
823  56  LYS  HZ2  28.516  6.734  61.433  3.77
824  56  LYS  HZ3  29.647  7.644  61.492  29.74
825  57  THR  N  23.645  8.596  57.603  7.89
826  57  THR  CA  22.555  9.068  56.724  4.18
827  57  THR  C  21.258  8.218  56.904  5.62
828  57  THR  O  21.287  7.019  56.745  1.98
829  57  THR  CB  22.949  9.059  55.221  1.98
830  57  THR  OG1  24.221  9.797  55.107  118.09
831  57  THR  CG2  21.9  9.73  54.299  57.84
832  57  THR  H  23.848  7.763  57.538  177.61
833  57  THR  HA  22.386  9.984  56.995  5.6
834  57  THR  HB  23.016  8.136  54.931  118.38
835  57  THR  HG1  24.797  9.441  55.603  4.82
836  57  THR  HG21  22.205  9.691  53.379  4.12
837  57  THR  HG22  21.053  9.263  54.378  4.11
838  57  THR  HG23  21.784  10.657  54.561  1.92
839  58  PHE  N  20.195  9.028  57.055  1.48
840  58  PHE  CA  18.81  8.46  57.054  4
841  58  PHE  C  18.2  8.808  55.69  5.47
842  58  PHE  O  18.5  9.81  55.057  0.71
843  58  PHE  CB  17.973  9.192  58.129  3.61
844  58  PHE  CG  18.343  8.935  59.538  115.99
845  58  PHE  CD1  19.353  9.685  60.16  58.44
846  58  PHE  CD2  17.708  7.92  60.245  178.41
847  58  PHE  CE1  19.625  9.43  61.51  3.91
848  58  PHE  CE2  17.955  7.657  61.56  29.34
849  58  PHE  CZ  18.956  8.418  62.199  8.1
850  58  PHE  H  20.24  9.881  57.157  1.08
851  58  PHE  HA  18.822  7.505  57.225  57.67
852  58  PHE  HB2  18.037  10.146  57.967  7.72
853  58  PHE  HB3  17.042  8.946  58.009  4.21
854  58  PHE  HD1  19.828  10.332  59.69  112.28
855  58  PHE  HD2  17.084  7.394  59.799  2
856  58  PHE  HE1  20.261  9.943  61.954  1.59
857  58  PHE  HE2  17.481  7.001  62.018  1.67
858  58  PHE  HZ  19.172  8.244  63.087  8.47
859  59  THR  N  17.317  7.879  55.248  5.25
860  59  THR  CA  16.582  8.147  54.007  3.99
861  59  THR  C  15.059  7.855  54.376  121.58
862  59  THR  O  14.826  6.876  55.038  7.12
863  59  THR  CB  16.948  7.242  52.79  116.59
864  59  THR  OG1  18.432  7.393  52.581  57.64
865  59  THR  CG2  16.222  7.568  51.501  176.41
866  59  THR  H  17.143  7.131  55.634  9.96
867  59  THR  HA  16.792  9.05  53.723  31.84
868  59  THR  HB  16.673  6.336  53.002  1.95
869  59  THR  HG1  18.673  6.918  51.932  2.25
870  59  THR  HG21  16.511  6.959  50.804  4.23
871  59  THR  HG22  15.266  7.475  51.636  9
872  59  THR  HG23  16.424  8.479  51.237  7.51
873  60  VAL  N  14.269  8.745  53.825  4.18
874  60  VAL  CA  12.756  8.419  54.019  2.03
875  60  VAL  C  12.221  8.381  52.612  115.28
876  60  VAL  O  12.5  9.238  51.77  2.46
877  60  VAL  CB  12.096  9.391  54.969  2.46
878  60  VAL  CG1  12.124  10.845  54.489  114.05
879  60  VAL  CG2  10.608  8.967  55.196  9.24
880  60  VAL  H  14.484  9.455  53.389  4.22
881  60  VAL  HA  12.574  7.574  54.459  62.98
882  60  VAL  HB  12.608  9.355  55.792  9.83
883  60  VAL  HG11  11.685  11.411  55.144  4.04
884  60  VAL  HG12  13.044  11.132  54.379  4.04
885  60  VAL  HG13  11.66  10.915  53.64  117.39
886  60  VAL  HG21  10.183  9.59  55.806  59.34
887  60  VAL  HG22  10.137  8.973  54.348  175.31
888  60  VAL  HG23  10.58  8.075  55.575  8.3
889  61  THR  N  11.394  7.328  52.364  38.24
890  61  THR  CA  10.792  7.193  51.039  4.47
891  61  THR  C  9.258  7.337  51.376  5.11
892  61  THR  O  8.785  6.556  52.173  3.81
893  61  THR  CB  11.057  5.825  50.339  3.88
894  61  THR  OG1  12.532  5.743  50.203  8.94
895  61  THR  CG2  10.465  5.758  48.916  113.88
896  61  THR  H  11.186  6.716  52.931  3.37
897  61  THR  HA  11.156  7.839  50.414  5.19
898  61  THR  HB  10.653  5.111  50.857  3.59
899  61  THR  HG1  12.739  5.019  49.83  8.59
900  61  THR  HG21  10.657  4.891  48.526  4.13
901  61  THR  HG22  9.505  5.888  48.958  3.96
902  61  THR  HG23  10.861  6.453  48.367  7.47
903  62  GLU  N  8.7  8.357  50.753  117.8
904  62  GLU  CA  7.261  8.6  51.105  8.01
905  62  GLU  C  6.423  7.525  50.441  4.16
906  62  GLU  O  6.689  7.112  49.297  54.77
907  62  GLU  CB  6.808  9.949  50.594  3.87
908  62  GLU  CG  5.391  10.391  51.021  4
909  62  GLU  CD  4.925  11.742  50.629  2.21
910  62  GLU  OE1  5.664  12.36  49.843  8.32
911  62  GLU  OE2  3.852  12.199  51.046  4.39
912  62  GLU  H  9.066  8.884  50.18  121.98
913  62  GLU  HA  7.16  8.58  52.069  1.28
914  62  GLU  HB2  7.441  10.619  50.895  1.11
915  62  GLU  HB3  6.846  9.938  49.625  7.41
916  62  GLU  HG2  4.76  9.746  50.664  4.76
917  62  GLU  HG3  5.342  10.331  51.988  4.38
918  63  MET  N  5.384  7.171  51.216  7.83
919  63  MET  CA  4.405  6.17  50.725  19.13
920  63  MET  C  3.135  6.947  50.355  7.48
921  63  MET  O  2.571  7.665  51.185  8.08
922  63  MET  CB  4.187  5.089  51.754  112.95
923  63  MET  CG  5.469  4.26  51.828  57.77
924  63  MET  SD  5.073  2.652  52.555  172.84
925  63  MET  CE  4.667  3.116  54.238  3.75
926  63  MET  H  5.227  7.483  52.002  127.58
927  63  MET  HA  4.723  5.698  49.94  9.5
928  63  MET  HB2  3.982  5.478  52.619  8.32
929  63  MET  HB3  3.433  4.53  51.508  4.81
930  63  MET  HG2  5.848  4.145  50.942  8.46
931  63  MET  HG3  6.135  4.717  52.364  4.11
932  63  MET  HE1  4.431  2.323  54.745  1.94
933  63  MET  HE2  5.433  3.546  54.649  117.8
934  63  MET  HE3  3.917  3.731  54.232  2.28
935  64  VAL  N  2.78  6.783  49.111  174.14
936  64  VAL  CA  1.615  7.427  48.515  3.18
937  64  VAL  C  0.31  6.787  49.013  3.18
938  64  VAL  O  0.219  5.562  49.186  7.49
939  64  VAL  CB  1.776  7.415  46.984  7.49
940  64  VAL  CG1  3.054  8.114  46.503  119.28
941  64  VAL  CG2  1.66  6.029  46.368  7.49
942  64  VAL  H  3.213  6.282  48.562  6.99
943  64  VAL  HA  1.557  8.354  48.795  5.13
944  64  VAL  HB  1.021  7.933  46.665  1.2
945  64  VAL  HG11  3.1  8.074  45.535  8.9
946  64  VAL  HG12  3.043  9.041  46.788  4.2
947  64  VAL  HG13  3.828  7.669  46.881  1.65
948  64  VAL  HG21  1.77  6.092  45.406  1.65
949  64  VAL  HG22  2.349  5.453  46.735  1.94
950  64  VAL  HG23  0.787  5.657  46.569  1.94
951  65  THR  N  -0.669  7.657  49.245  123.68
952  65  THR  CA  -2.019  7.183  49.7  3.25
953  65  THR  C  -2.947  7.347  48.517  2.08
954  65  THR  O  -3.345  8.487  48.208  2.22
955  65  THR  CB  -2.476  7.852  51.029  3.83
956  65  THR  OG1  -1.813  7.123  52.122  4
957  65  THR  CG2  -3.983  7.975  51.295  105.15
958  65  THR  H  -0.596  8.509  49.154  46.87
959  65  THR  HA  -2.01  6.247  49.954  175.44
960  65  THR  HB  -2.214  8.783  50.961  122.77
961  65  THR  HG1  -2.036  7.459  52.859  8.06
962  65  THR  HG21  -4.126  8.407  52.151  4.13
963  65  THR  HG22  -4.393  8.504  50.593  9.59
964  65  THR  HG23  -4.383  7.091  51.308  1.5
965  66  GLU  N  -3.243  6.218  47.873  51.67
966  66  GLU  CA  -4.132  6.285  46.708  4.68
967  66  GLU  C  -5.5  5.674  47.066  2.1
968  66  GLU  O  -5.594  4.882  48.012  2.1
969  66  GLU  CB  -3.603  5.598  45.473  6.71
970  66  GLU  CG  -3.68  4.102  45.236  6.71
971  66  GLU  CD  -4.273  3.62  43.962  7.73
972  66  GLU  OE1  -4.083  4.363  42.969  4.25
973  66  GLU  OE2  -4.874  2.549  43.827  2.12
974  66  GLU  H  -2.955  5.435  48.081  43.83
975  66  GLU  HA  -4.204  7.227  46.49  114.18
976  66  GLU  HB2  -4.049  6.015  44.719  4.46
977  66  GLU  HB3  -2.664  5.834  45.413  2.89
978  66  GLU  HG2  -2.78  3.746  45.296  2.74
979  66  GLU  HG3  -4.188  3.713  45.965  1.25
980  67  VAL  N  -6.471  6  46.257  1.37
981  67  VAL  CA  -7.846  5.437  46.371  0.71
982  67  VAL  C  -8.023  4.526  45.155  4.07
983  67  VAL  O  -7.311  4.705  44.141  9.04
984  67  VAL  CB  -8.884  6.554  46.518  5.01
985  67  VAL  CG1  -8.756  7.361  47.801  1.16
986  67  VAL  CG2  -8.909  7.51  45.336  1.59
987  67  VAL  H  -6.378  6.558  45.61  0.54
988  67  VAL  HA  -7.98  4.908  47.173  8.26
989  67  VAL  HB  -9.724  6.069  46.552  5.13
990  67  VAL  HG11  -9.443  8.045  47.823  2.99
991  67  VAL  HG12  -8.862  6.773  48.565  2.69
992  67  VAL  HG13  -7.882  7.78  47.834  5.9
993  67  VAL  HG21  -9.582  8.192  45.485  3.3
994  67  VAL  HG22  -8.04  7.93  45.241  113.67
995  67  VAL  HG23  -9.121  7.019  44.527  5.09
996  68  PRO  N  -8.961  3.588  45.266  114.58
997  68  PRO  CA  -9.2  2.631  44.176  61.87
998  68  PRO  C  -9.709  3.272  42.912  8.1
999  68  PRO  O  -10.301  4.364  42.95  4.87
1000  68  PRO  CB  -10.136  1.583  44.763  5.22
1001  68  PRO  CG  -10.257  1.868  46.225  2.58
1002  68  PRO  CD  -9.814  3.325  46.431  2.95
1003  68  PRO  HA  -8.373  2.224  43.875  7.25
1004  68  PRO  HB2  -11.005  1.621  44.334  130.3
1005  68  PRO  HB3  -9.786  0.69  44.616  5.15
1006  68  PRO  HG2  -11.17  1.74  46.526  2.93
1007  68  PRO  HG3  -9.701  1.263  46.741  3.08
1008  68  PRO  HD2  -10.573  3.929  46.462  7.25
1009  68  PRO  HD3  -9.328  3.437  47.263  7.25
1010  69  VAL  N  -9.501  2.573  41.798  7.25
1011  69  VAL  CA  -9.879  3.048  40.473  7.25
1012  69  VAL  C  -10.475  2.061  39.532  176.24
1013  69  VAL  O  -10.007  1.885  38.363  119.47
1014  69  VAL  CB  -8.749  3.973  39.959  5.02
1015  69  VAL  CG1  -7.363  3.335  39.894  3.11
1016  69  VAL  CG2  -9.021  4.76  38.702  3.11
1017  69  VAL  H  -9.13  1.797  41.793  1.27
1018  69  VAL  HA  -10.684  3.584  40.548  1.78
1019  69  VAL  HB  -8.745  4.624  40.678  6.92
1020  69  VAL  HG11  -6.723  3.984  39.563  111.08
1021  69  VAL  HG12  -7.099  3.044  40.781  5.22
1022  69  VAL  HG13  -7.386  2.571  39.297  4.04
1023  69  VAL  HG21  -8.244  5.298  38.482  1.26
1024  69  VAL  HG22  -9.208  4.149  37.972  1.79
1025  69  VAL  HG23  -9.786  5.34  38.842  7.08
1026  70  ALA  N  -11.59  1.411  39.93  1.03
1027  70  ALA  CA  -12.264  0.476  39.014  2.46
1028  70  ALA  C  -13.015  1.313  37.973  3.97
1029  70  ALA  O  -13.023  0.936  36.793  114.18
1030  70  ALA  H  -11.959  1.496  40.702  119.28
