1  1  ILE  N  37.59  58.14  6.539  115.74
2  1  ILE  CA  38.087  56.865  5.985  54.6
3  1  ILE  C  39.411  56.489  6.623  172.65
4  1  ILE  O  40.329  57.323  6.672  55.76
5  1  ILE  CB  38.419  57.046  4.471  22.17
6  1  ILE  CG1  37.181  57.472  3.653  8.35
7  1  ILE  CG2  39.058  55.804  3.856  4.37
8  1  ILE  CD  36.055  56.43  3.536  4.03
9  1  ILE  H  36.709  58.089  6.658  4.25
10  1  ILE  H2  37.986  58.299  7.32  120.07
11  1  ILE  H3  37.775  58.802  5.973  60.65
12  1  ILE  HA  37.403  56.196  6.144  4.03
13  1  ILE  HB  39.072  57.762  4.43  112.57
14  1  ILE  HG21  39.244  55.966  2.918  60.79
15  1  ILE  HG22  39.886  55.603  4.32  46.43
16  1  ILE  HG23  38.45  55.052  3.939  20.48
17  2  VAL  N  39.43  55.332  7.25  125.87
18  2  VAL  CA  40.6  54.931  7.964  52.33
19  2  VAL  C  41.409  54.034  7.049  176.55
20  2  VAL  O  40.786  53.135  6.491  128.39
21  2  VAL  CB  40.191  54.143  9.219  19.37
22  2  VAL  CG1  41.418  53.597  9.952  169.39
23  2  VAL  CG2  39.403  54.99  10.268  4.23
24  2  VAL  H  38.777  54.773  7.271  8.65
25  2  VAL  HA  41.118  55.705  8.234  4.41
26  2  VAL  HB  39.62  53.436  8.88  1.43
27  2  VAL  HG11  41.133  53.105  10.738  3.03
28  2  VAL  HG12  41.911  53.006  9.362  7.17
29  2  VAL  HG13  41.989  54.334  10.221  63.39
30  2  VAL  HG21  39.178  54.434  11.03  7.05
31  2  VAL  HG22  39.952  55.734  10.562  35.81
32  2  VAL  HG23  38.589  55.33  9.864  7.33
33  3  GLY  N  42.697  54.27  6.836  123.35
34  3  GLY  CA  43.453  53.231  6.038  52.48
35  3  GLY  C  43.335  53.331  4.53  177.26
36  3  GLY  O  43.513  52.326  3.817  4.77
37  3  GLY  H  43.144  54.953  7.106  8.43
38  3  GLY  HA2  44.392  53.288  6.275  1.84
39  3  GLY  HA3  43.144  52.353  6.311  8
40  4  GLY  N  42.853  54.474  4.089  117.75
41  4  GLY  CA  42.782  54.682  2.674  61.72
42  4  GLY  C  43.866  55.652  2.241  174.82
43  4  GLY  O  45.032  55.631  2.72  7.34
44  4  GLY  H  42.571  55.121  4.58  8.17
45  4  GLY  HA2  42.888  53.837  2.209  44.12
46  4  GLY  HA3  41.909  55.031  2.433  175.89
47  5  ARG  N  43.562  56.29  1.11  117.21
48  5  ARG  CA  44.672  57.084  0.53  57.84
49  5  ARG  C  44.043  58.312  -0.157  172.97
50  5  ARG  O  42.833  58.353  -0.387  4.11
51  5  ARG  CB  45.446  56.245  -0.458  64.59
52  5  ARG  CG  44.63  56.157  -1.766  62.64
53  5  ARG  CD  45.376  55.387  -2.834  4.74
54  5  ARG  NE  44.357  54.811  -3.801  1.76
55  5  ARG  CZ  43.672  53.617  -3.77  69.17
56  5  ARG  NH1  43.865  52.783  -2.758  1.23
57  5  ARG  NH2  42.608  53.311  -4.642  5.56
58  5  ARG  H  42.81  56.289  0.693  8.27
59  5  ARG  HA  45.295  57.369  1.216  4.55
60  5  ARG  HB2  46.315  56.64  -0.628  3.85
61  5  ARG  HB3  45.603  55.358  -0.098  1.14
62  5  ARG  HG2  43.779  55.726  -1.59  7.29
63  5  ARG  HG3  44.434  57.051  -2.087  7.29
64  5  ARG  HD2  45.995  55.97  -3.302  110.98
65  5  ARG  HD3  45.902  54.677  -2.434  127.24
66  5  ARG  HE  44.179  55.311  -4.477  55.11
67  5  ARG  HH11  44.414  52.99  -2.129  34.11
68  5  ARG  HH12  43.441  52.035  -2.73  21.81
69  5  ARG  HH21  42.357  53.884  -5.232  30.6
70  5  ARG  HH22  42.21  52.551  -4.585  8.67
71  6  ARG  N  44.849  59.322  -0.348  119.21
72  6  ARG  CA  44.394  60.515  -1.048  61.65
73  6  ARG  C  43.875  60.256  -2.448  173.64
74  6  ARG  O  44.647  59.691  -3.223  4.5
75  6  ARG  CB  45.198  61.868  -0.903  34.14
76  6  ARG  CG  46.748  61.859  -0.773  2.04
77  6  ARG  CD  47.426  63.262  -0.789  1.98
78  6  ARG  NE  47.033  64.148  0.342  1.89
79  6  ARG  CZ  47.894  64.623  1.283  9.5
80  6  ARG  NH1  49.201  64.21  1.331  5.01
81  6  ARG  NH2  47.391  65.437  2.25  3.21
82  6  ARG  H  45.667  59.348  -0.084  8.33
83  6  ARG  HA  43.631  60.729  -0.488  4.19
84  6  ARG  HB2  44.979  62.414  -1.674  9.49
85  6  ARG  HB3  44.848  62.326  -0.123  6.92
86  6  ARG  HG2  46.986  61.411  0.054  0.89
87  6  ARG  HG3  47.116  61.33  -1.498  6.65
88  6  ARG  HD2  48.389  63.144  -0.774  6.87
89  6  ARG  HD3  47.208  63.705  -1.624  123.07
90  6  ARG  HE  46.206  64.375  0.405  53.62
91  6  ARG  HH11  49.493  63.639  0.758  1.89
92  6  ARG  HH12  49.729  64.522  1.934  1.63
93  6  ARG  HH21  46.554  65.635  2.253  30.87
94  6  ARG  HH22  47.91  65.753  2.859  6.91
95  7  ALA  N  42.638  60.768  -2.71  123.67
96  7  ALA  CA  42.059  60.691  -4.077  51.91
97  7  ALA  C  42.876  61.656  -4.919  176.69
98  7  ALA  O  43.495  62.592  -4.389  9.4
99  7  ALA  CB  40.605  61.181  -4.059  37.01
100  7  ALA  H  42.136  61.151  -2.126  8.61
101  7  ALA  HA  42.077  59.783  -4.417  4.91
102  7  ALA  HB1  40.234  61.128  -4.954  2.25
103  7  ALA  HB2  40.083  60.625  -3.46  2.85
104  7  ALA  HB3  40.577  62.101  -3.752  3.18
105  8  ARG  N  42.889  61.45  -6.2  124.71
106  8  ARG  CA  43.392  62.499  -7.127  56.13
107  8  ARG  C  42.335  63.611  -7.251  176.61
108  8  ARG  O  41.144  63.432  -6.962  2.62
109  8  ARG  CB  43.738  61.921  -8.533  36.28
110  8  ARG  CG  45.03  61.042  -8.611  31.4
111  8  ARG  CD  46.329  61.782  -9.084  33.52
112  8  ARG  NE  46.946  62.728  -8.101  37.05
113  8  ARG  CZ  48.252  63.078  -8.102  8.31
114  8  ARG  NH1  49.065  62.564  -9.005  4.3
115  8  ARG  NH2  48.713  63.918  -7.197  2.08
116  8  ARG  H  42.62  60.727  -6.581  8.95
117  8  ARG  HA  44.214  62.861  -6.759  4.91
118  8  ARG  HB2  42.987  61.389  -8.839  3.22
119  8  ARG  HB3  43.833  62.661  -9.153  2.88
120  8  ARG  HG2  45.196  60.661  -7.734  1.86
121  8  ARG  HG3  44.862  60.302  -9.215  1.36
122  8  ARG  HD2  46.991  61.114  -9.321  123.58
123  8  ARG  HD3  46.121  62.275  -9.893  56.4
124  8  ARG  HE  46.438  63.07  -7.498  7.56
125  8  ARG  HH11  48.763  62.009  -9.589  4.43
126  8  ARG  HH12  49.896  62.784  -9.01  40.3
127  8  ARG  HH21  48.183  64.245  -6.604  4.6
128  8  ARG  HH22  49.544  64.139  -7.199  1.68
129  9  PRO  N  42.84  64.804  -7.384  118.31
130  9  PRO  CA  41.964  65.963  -7.381  60.75
131  9  PRO  C  40.868  65.756  -8.402  175.43
132  9  PRO  O  41.237  65.325  -9.491  3.01
133  9  PRO  CB  42.917  67.077  -7.818  62.84
134  9  PRO  CG  44.219  66.633  -7.159  9.52
135  9  PRO  CD  44.265  65.151  -7.4  5.09
136  9  PRO  HA  41.524  66.144  -6.536  4.27
137  9  PRO  HB2  42.996  67.133  -8.783  3.95
138  9  PRO  HB3  42.628  67.949  -7.506  7.05
139  9  PRO  HG2  44.985  67.08  -7.551  1.76
140  9  PRO  HG3  44.225  66.839  -6.211  6.72
141  9  PRO  HD2  44.684  64.932  -8.247  4.78
142  9  PRO  HD3  44.761  64.685  -6.709  3
143  10  HSE  N  39.619  65.873  -7.932  118.46
144  10  HSE  CA  38.393  65.838  -8.739  55.56
145  10  HSE  C  38.267  64.532  -9.52  174.24
146  10  HSE  O  37.636  64.515  -10.591  7.28
147  10  HSE  CB  38.238  67.058  -9.712  28.41
148  10  HSE  CG  38.565  68.381  -8.976  32.89
149  10  HSE  ND1  37.754  68.872  -7.924  4.71
150  10  HSE  CD2  39.716  69.131  -9.049  55.63
151  10  HSE  CE1  38.496  69.977  -7.306  4.15
152  10  HSE  NE2  39.711  70.105  -8.007  4.15
153  11  ALA  N  38.895  63.511  -8.938  117.38
154  11  ALA  CA  38.689  62.145  -9.506  57.5
155  11  ALA  C  37.217  61.68  -9.594  172.99
156  11  ALA  O  36.916  60.771  -10.385  4.83
157  11  ALA  CB  39.562  61.044  -8.861  38.85
158  11  ALA  H  39.416  63.563  -8.256  7.53
159  11  ALA  HA  38.996  62.266  -10.418  4.8
160  11  ALA  HB1  39.371  60.191  -9.282  50.89
161  11  ALA  HB2  40.499  61.261  -8.983  3.16
162  11  ALA  HB3  39.364  60.988  -7.913  2.84
163  12  TRP  N  36.43  62.055  -8.622  131.37
164  12  TRP  CA  35.041  61.553  -8.331  63.05
165  12  TRP  C  34.08  62.719  -8.225  176.42
166  12  TRP  O  33.802  63.278  -7.15  2.01
167  12  TRP  CB  35.024  60.791  -6.938  32.11
168  12  TRP  CG  36.168  59.765  -6.836  27.3
169  12  TRP  CD1  37.288  59.73  -6.022  4.37
170  12  TRP  CD2  36.319  58.688  -7.714  124.43
171  12  TRP  NE1  38.132  58.647  -6.47  56.08
172  12  TRP  CE2  37.569  58.088  -7.456  36.76
173  12  TRP  CE3  35.506  58.239  -8.741  176.3
174  12  TRP  CZ2  38.03  57.017  -8.189  30.88
175  12  TRP  CZ3  35.993  57.188  -9.472  4.06
176  12  TRP  CH2  37.217  56.595  -9.214  64.62
177  12  TRP  H  36.679  62.651  -8.054  4.29
178  12  TRP  HA  34.776  60.958  -9.05  4.55
179  12  TRP  HB2  35.101  61.434  -6.216  2.28
180  12  TRP  HB3  34.173  60.339  -6.826  2.08
181  12  TRP  HD1  37.465  60.303  -5.312  2.23
182  12  TRP  HE1  38.887  58.421  -6.126  2.23
183  12  TRP  HE3  34.681  58.627  -8.923  1.99
184  12  TRP  HZ2  38.842  56.604  -8.002  1.99
185  12  TRP  HZ3  35.478  56.858  -10.173  118.02
186  12  TRP  HH2  37.498  55.889  -9.751  53.85
187  13  PRO  N  33.89  63.308  -9.37  117.74
188  13  PRO  CA  33.429  64.709  -9.364  58.72
189  13  PRO  C  31.946  64.741  -9.06  177.22
190  13  PRO  O  31.38  65.799  -9.269  8.49
191  13  PRO  CB  33.647  65.169  -10.806  32.79
192  13  PRO  CG  33.738  63.89  -11.629  24.61
193  13  PRO  CD  34.16  62.792  -10.703  29.24
194  13  PRO  HA  33.888  65.259  -8.71  4.08
195  13  PRO  HB2  32.915  65.728  -11.109  1.81
196  13  PRO  HB3  34.458  65.695  -10.886  1.84
197  13  PRO  HG2  32.882  63.684  -12.036  1.43
198  13  PRO  HG3  34.378  63.993  -12.351  1.21
199  13  PRO  HD2  33.662  61.977  -10.873  1.7
200  13  PRO  HD3  35.1  62.579  -10.815  1.63
201  14  PHE  N  31.406  63.654  -8.528  115.28
202  14  PHE  CA  29.974  63.572  -8.066  53.16
203  14  PHE  C  29.976  63.612  -6.547  175.33
204  14  PHE  O  28.882  63.451  -5.978  55.18
205  14  PHE  CB  29.187  62.285  -8.538  38.26
206  14  PHE  CG  30.052  61.05  -8.383  126.59
207  14  PHE  CD1  30.294  60.496  -7.133  54.88
208  14  PHE  CD2  30.708  60.553  -9.491  7.09
209  14  PHE  CE1  31.223  59.476  -6.984  4.34
210  14  PHE  CE2  31.623  59.511  -9.363  3.84
211  14  PHE  CZ  31.919  58.988  -8.118  7.89
212  14  PHE  H  31.845  62.923  -8.413  8.37
213  14  PHE  HA  29.51  64.322  -8.469  4.8
214  14  PHE  HB2  28.375  62.186  -8.017  3
215  14  PHE  HB3  28.918  62.385  -9.465  7.12
216  14  PHE  HD1  29.83  60.811  -6.391  6.97
217  14  PHE  HD2  30.538  60.917  -10.33  6.77
218  14  PHE  HE1  31.388  59.114  -6.143  59.75
219  14  PHE  HE2  32.038  59.165  -10.12  55.21
220  14  PHE  HZ  32.565  58.326  -8.026  117.57
221  15  MET  N  31.204  63.759  -5.977  117.44
222  15  MET  CA  31.308  63.62  -4.499  52.8
223  15  MET  C  30.96  64.992  -3.957  175.65
224  15  MET  O  31.501  65.904  -4.519  28.79
225  15  MET  CB  32.777  63.324  -4.167  19.08
226  15  MET  CG  33.038  63.032  -2.671  4.52
227  15  MET  SD  31.935  61.83  -1.866  1.85
228  15  MET  CE  32.173  62.099  -0.153  1.89
229  15  MET  H  31.937  63.927  -6.395  7.49
230  15  MET  HA  30.739  62.923  -4.136  4.52
231  15  MET  HB2  33.07  62.563  -4.691  2.21
232  15  MET  HB3  33.319  64.081  -4.438  2.06
233  15  MET  HG2  33.95  62.714  -2.58  2.13
234  15  MET  HG3  32.979  63.869  -2.185  8.34
235  15  MET  HE1  31.613  61.489  0.352  117.59
236  15  MET  HE2  33.104  61.944  0.073  59.77
237  15  MET  HE3  31.935  63.013  0.067  2.42
238  16  VAL  N  30.068  65.098  -2.969  117.09
239  16  VAL  CA  29.583  66.353  -2.467  56.4
240  16  VAL  C  29.951  66.353  -0.947  175.29
241  16  VAL  O  29.834  65.335  -0.208  124.11
242  16  VAL  CB  28.055  66.313  -2.655  38.15
243  16  VAL  CG1  27.342  67.489  -1.974  115.13
244  16  VAL  CG2  27.587  66.282  -4.085  8.68
245  16  VAL  H  29.728  64.416  -2.571  8.63
246  16  VAL  HA  29.949  67.138  -2.904  4.97
247  16  VAL  HB  27.819  65.471  -2.236  2.06
248  16  VAL  HG11  26.386  67.417  -2.122  2.44
249  16  VAL  HG12  27.524  67.47  -1.021  2.33
250  16  VAL  HG13  27.665  68.324  -2.348  122.97
251  16  VAL  HG21  26.618  66.258  -4.108  62.19
252  16  VAL  HG22  27.901  67.076  -4.546  1.46
253  16  VAL  HG23  27.94  65.492  -4.524  1.78
254  17  SER  N  30.204  67.544  -0.463  111.51
255  17  SER  CA  30.337  67.758  1.009  63.08
256  17  SER  C  29.125  68.465  1.605  174.49
257  17  SER  O  28.751  69.531  1.155  1.6
258  17  SER  CB  31.687  68.47  1.34  69.59
259  17  SER  OG  31.709  68.94  2.699  4.45
260  17  SER  H  30.306  68.251  -0.941  8.11
261  17  SER  HA  30.359  66.888  1.438  4.22
262  17  SER  HB2  32.423  67.855  1.196  4.08
263  17  SER  HB3  31.818  69.217  0.735  3.49
264  17  SER  HG  32.497  68.92  2.99  3.49
265  18  LEU  N  28.559  67.987  2.716  118.3
266  18  LEU  CA  27.459  68.734  3.303  55.43
267  18  LEU  C  28.014  69.512  4.491  176.85
268  18  LEU  O  28.699  68.903  5.307  170.27
269  18  LEU  CB  26.284  67.821  3.795  40.97
270  18  LEU  CG  25.537  67.073  2.686  27.22
271  18  LEU  CD1  24.449  66.151  3.247  25.23
272  18  LEU  CD2  24.935  68.009  1.607  22.88
273  18  LEU  H  28.787  67.266  3.126  8.43
274  18  LEU  HA  27.091  69.315  2.619  4.28
275  18  LEU  HB2  26.638  67.172  4.423  1.67
276  18  LEU  HB3  25.649  68.369  4.282  1.78
277  18  LEU  HG  26.213  66.53  2.25  1.69
278  18  LEU  HD11  24.001  65.697  2.516  174.47
279  18  LEU  HD12  24.853  65.494  3.836  3.74
280  18  LEU  HD13  23.804  66.677  3.745  64.03
281  18  LEU  HD21  24.477  67.478  0.936  1.8
282  18  LEU  HD22  24.304  68.618  2.022  1.45
283  18  LEU  HD23  25.646  68.517  1.186  4.3
284  19  GLN  N  27.661  70.767  4.677  120.79
285  19  GLN  CA  28.349  71.53  5.734  56.33
286  19  GLN  C  27.379  72.379  6.547  175.47
287  19  GLN  O  26.42  73.001  6.072  3.84
288  19  GLN  CB  29.356  72.476  5.028  29.48
289  19  GLN  CG  30.455  71.652  4.292  33.14
290  19  GLN  CD  31.709  72.434  3.831  3.87
291  19  GLN  OE1  31.853  73.626  4.106  3.87
292  19  GLN  NE2  32.638  71.754  3.141  1.73
293  19  GLN  H  27.058  71.191  4.234  8.19
294  19  GLN  HA  28.782  70.911  6.343  4.33
295  19  GLN  HB2  28.888  73.04  4.393  1.96
296  19  GLN  HB3  29.768  73.064  5.68  2.03
297  19  GLN  HG2  30.742  70.936  4.88  2.41
298  19  GLN  HG3  30.053  71.236  3.513  2.45
299  19  GLN  HE21  32.516  70.922  2.96  4.01
300  19  GLN  HE22  33.355  72.15  2.88  1.44
301  20  LEU  N  27.646  72.381  7.768  124.68
302  20  LEU  CA  26.926  73.275  8.657  57.64
303  20  LEU  C  27.929  74.358  9.089  174.38
304  20  LEU  O  28.995  74.512  8.49  1.59
305  20  LEU  CB  26.441  72.513  9.906  38.68
306  20  LEU  CG  25.18  71.581  9.713  4.55
307  20  LEU  CD1  24.84  70.723  11  3.87
308  20  LEU  CD2  23.888  72.359  9.31  3.87
309  20  LEU  H  28.238  71.884  8.145  9.09
310  20  LEU  HA  26.151  73.652  8.212  5.03
311  20  LEU  HB2  27.174  71.969  10.234  2.95
312  20  LEU  HB3  26.237  73.161  10.598  3.11
313  20  LEU  HG  25.442  70.994  8.986  3.11
314  20  LEU  HD11  24.061  70.172  10.825  3.01
315  20  LEU  HD12  25.595  70.154  11.219  17.57
316  20  LEU  HD13  24.656  71.316  11.745  8
317  20  LEU  HD21  23.153  71.735  9.207  61.03
318  20  LEU  HD22  23.67  73.004  10.001  174.27
319  20  LEU  HD23  24.038  72.823  8.471  1.55
320  21  ARG  N  27.582  75.204  10.056  128.02
321  21  ARG  CA  28.541  76.323  10.288  53.14
322  21  ARG  C  29.918  75.877  10.805  171.7
323  21  ARG  O  30.978  76.389  10.439  4.3
324  21  ARG  CB  27.836  77.233  11.346  31.25
325  21  ARG  CG  28.593  78.517  11.761  27.23
326  21  ARG  CD  28.371  78.822  13.294  43.6
327  21  ARG  NE  27.62  80.036  13.484  121.06
328  21  ARG  CZ  27.358  80.484  14.667  7.48
329  21  ARG  NH1  27.797  79.776  15.716  7.3
330  21  ARG  NH2  26.55  81.504  14.738  119.34
331  21  ARG  H  26.878  75.173  10.55  8.68
332  21  ARG  HA  28.734  76.771  9.45  4.51
333  21  ARG  HB2  26.969  77.491  10.996  1.76
334  21  ARG  HB3  27.674  76.704  12.143  1.79
335  21  ARG  HG2  29.54  78.412  11.581  1.58
336  21  ARG  HG3  28.284  79.267  11.229  8.33
337  21  ARG  HD2  27.902  78.081  13.708  3.17
338  21  ARG  HD3  29.23  78.898  13.738  3.28
339  21  ARG  HE  27.341  80.471  12.797  7.17
340  21  ARG  HH11  28.238  79.048  15.59  120.09
341  21  ARG  HH12  27.638  80.049  16.516  59.93
342  21  ARG  HH21  26.221  81.843  14.019  2.94
343  21  ARG  HH22  26.345  81.838  15.504  2.94
344  22  GLY  N  29.957  74.713  11.44  131.27
345  22  GLY  CA  31.296  74.167  11.8  63.03
346  22  GLY  C  31.954  73.414  10.641  176.25
347  22  GLY  O  33.041  72.849  10.764  4.43
348  22  GLY  H  29.277  74.237  11.667  7.35
349  22  GLY  HA2  31.874  74.894  12.079  8.32
350  22  GLY  HA3  31.205  73.57  12.559  4.63
351  23  GLY  N  31.384  73.475  9.474  118.9
352  23  GLY  CA  32.075  72.748  8.403  55.05
353  23  GLY  C  31.459  71.375  8.164  173.41
354  23  GLY  O  30.259  71.206  8.384  41.5
355  23  GLY  H  30.659  73.889  9.269  8.58
356  23  GLY  HA2  32.038  73.266  7.584  4.24
357  23  GLY  HA3  33.012  72.647  8.633  4.03
358  24  HSE  N  32.244  70.55  7.377  119.28
359  24  HSE  CA  31.793  69.236  6.943  54.46
360  24  HSE  C  31.095  68.415  8.028  175.28
361  24  HSE  O  31.677  68.02  9.047  1.33
362  24  HSE  CB  33.013  68.485  6.427  39.03
363  24  HSE  CG  32.598  67.087  5.891  63.53
364  24  HSE  ND1  32.152  66.912  4.597  176.47
365  24  HSE  CD2  32.635  65.864  6.477  7.11
366  24  HSE  CE1  31.887  65.518  4.378  32.53
367  24  HSE  NE2  32.217  64.877  5.536  27.33
368  25  PHE  N  29.982  67.889  7.675  114.67
369  25  PHE  CA  29.452  66.886  8.588  45.35
370  25  PHE  C  29.017  65.58  7.929  174.52
371  25  PHE  O  28.865  64.569  8.631  3.36
372  25  PHE  CB  28.297  67.424  9.487  117.42
373  25  PHE  CG  26.99  67.659  8.711  32.34
374  25  PHE  CD1  26.808  68.792  7.948  4.44
375  25  PHE  CD2  25.932  66.765  8.835  2.32
376  25  PHE  CE1  25.609  68.997  7.242  1.95
377  25  PHE  CE2  24.726  66.986  8.135  8.99
378  25  PHE  CZ  24.562  68.087  7.326  3.82
379  25  PHE  H  29.524  68.064  6.968  9.42
380  25  PHE  HA  30.218  66.68  9.146  2.99
381  25  PHE  HB2  28.132  66.793  10.205  3.91
382  25  PHE  HB3  28.576  68.256  9.9  121.31
383  25  PHE  HD1  27.485  69.428  7.899  55.33
384  25  PHE  HD2  26.019  66.018  9.382  176.67
385  25  PHE  HE1  25.515  69.754  6.71  1.46
386  25  PHE  HE2  24.029  66.376  8.222  30.53
387  25  PHE  HZ  23.774  68.218  6.85  29.54
388  26  CYS  N  28.756  65.601  6.673  117.05
389  26  CYS  CA  28.387  64.359  6.021  61.19
390  26  CYS  C  28.756  64.49  4.563  173.52
391  26  CYS  O  28.712  65.618  4.057  173.86
392  26  CYS  CB  26.833  64.099  6.051  62.22
393  26  CYS  SG  26.103  63.298  7.517  3.77
394  26  CYS  H  28.779  66.297  6.169  9.38
395  26  CYS  HA  28.84  63.636  6.483  4.2
396  26  CYS  HB2  26.39  64.954  5.933  3.86
397  26  CYS  HB3  26.611  63.555  5.279  4.13
398  27  GLY  N  28.763  63.318  3.884  120.27
399  27  GLY  CA  28.996  63.277  2.433  52.66
400  27  GLY  C  27.625  63.221  1.76  175.91
401  27  GLY  O  26.632  63.105  2.477  34.63
402  27  GLY  H  28.636  62.549  4.248  8.43
403  27  GLY  HA2  29.489  64.06  2.143  127.24
404  27  GLY  HA3  29.528  62.502  2.193  8.49
405  28  ALA  N  27.596  63.25  0.41  114.44
406  28  ALA  CA  26.392  63.185  -0.519  55.06
407  28  ALA  C  26.937  62.922  -1.938  173.57
408  28  ALA  O  28.124  63.062  -2.207  2.61
409  28  ALA  CB  25.476  64.478  -0.61  37.66
410  28  ALA  H  28.328  63.313  -0.038  8.64
411  28  ALA  HA  25.821  62.493  -0.15  4.43
412  28  ALA  HB1  24.747  64.315  -1.229  7.61
413  28  ALA  HB2  25.115  64.682  0.267  2.81
414  28  ALA  HB3  26.005  65.228  -0.924  3.18
415  29  THR  N  26.071  62.518  -2.827  117.99
416  29  THR  CA  26.443  62.209  -4.187  54.88
417  29  THR  C  25.552  63.072  -5.075  174.35
418  29  THR  O  24.35  63.067  -4.818  7.28
419  29  THR  CB  26.163  60.683  -4.474  33.71
420  29  THR  OG1  26.969  59.901  -3.543  1.69
421  29  THR  CG2  26.405  60.193  -5.94  8.78
422  29  THR  H  25.234  62.412  -2.66  7.87
423  29  THR  HA  27.383  62.382  -4.351  4.44
424  29  THR  HB  25.21  60.556  -4.348  2.1
425  29  THR  HG1  26.577  59.178  -3.372  2.51
426  29  THR  HG21  26.203  59.246  -6.002  2.32
427  29  THR  HG22  25.83  60.686  -6.545  60.83
428  29  THR  HG23  27.332  60.342  -6.182  173.67
429  30  LEU  N  26.105  63.733  -6.107  119.56
430  30  LEU  CA  25.24  64.457  -7.127  62.59
431  30  LEU  C  24.52  63.489  -8.091  174.44
432  30  LEU  O  25.219  62.845  -8.858  116.69
433  30  LEU  CB  26.105  65.414  -7.974  69.28
434  30  LEU  CG  25.312  66.422  -8.764  116.14
435  30  LEU  CD1  24.415  67.298  -7.836  131.6
436  30  LEU  CD2  26.332  67.209  -9.629  0.8
437  30  LEU  H  26.951  63.786  -6.251  8.24
438  30  LEU  HA  24.571  64.944  -6.62  4.84
439  30  LEU  HB2  26.717  65.886  -7.388  1.92
440  30  LEU  HB3  26.645  64.89  -8.586  125.81
441  30  LEU  HG  24.67  66.001  -9.357  54.03
442  30  LEU  HD11  23.919  67.935  -8.373  175.17
443  30  LEU  HD12  23.794  66.729  -7.354  117.27
444  30  LEU  HD13  24.973  67.775  -7.203  31.03
445  30  LEU  HD21  25.863  67.873  -10.158  34.63
446  30  LEU  HD22  26.974  67.65  -9.051  2.4
447  30  LEU  HD23  26.797  66.596  -10.219  32.07
448  31  ILE  N  23.187  63.292  -8.034  128.4
449  31  ILE  CA  22.526  62.308  -8.924  57.89
450  31  ILE  C  21.717  63.043  -10  176.75
451  31  ILE  O  21.233  62.422  -10.92  1.9
452  31  ILE  CB  21.588  61.423  -8.022  41.6
453  31  ILE  CG1  20.696  62.329  -7.15  2.25
454  31  ILE  CG2  22.404  60.543  -7.105  2.1
455  31  ILE  CD  19.528  61.611  -6.492  123.71
456  31  ILE  H  22.657  63.708  -7.499  9.7
457  31  ILE  HA  23.177  61.75  -9.378  4.59
458  31  ILE  HB  21.045  60.871  -8.606  1.63
459  31  ILE  HG21  21.81  60.006  -6.558  37.03
460  31  ILE  HG22  22.97  59.96  -7.635  24.23
461  31  ILE  HG23  22.957  61.097  -6.532  118.54
462  32  ALA  N  21.575  64.352  -9.961  108.45
463  32  ALA  CA  21.022  65.063  -11.135  47.79
464  32  ALA  C  21.483  66.515  -11  172.19
465  32  ALA  O  22.199  66.825  -10.024  1.8
466  32  ALA  CB  19.51  64.946  -10.964  1.8
467  32  ALA  H  21.782  64.851  -9.292  9.16
468  32  ALA  HA  21.297  64.721  -12  50.93
469  32  ALA  HB1  19.065  65.392  -11.702  176.27
470  32  ALA  HB2  19.257  64.01  -10.953  36.07
471  32  ALA  HB3  19.245  65.362  -10.129  20.53
472  33  PRO  N  21.307  67.426  -11.999  106.83
473  33  PRO  CA  21.887  68.748  -11.725  52.4
474  33  PRO  C  21.409  69.441  -10.412  175.4
475  33  PRO  O  22.087  70.292  -9.882  8.6
476  33  PRO  CB  21.602  69.486  -13.018  39.39
477  33  PRO  CG  21.655  68.357  -14  175.7
478  33  PRO  CD  20.855  67.254  -13.377  2.54
479  33  PRO  HA  22.833  68.714  -11.515  4.78
480  33  PRO  HB2  20.737  69.925  -13.008  3.12
481  33  PRO  HB3  22.265  70.169  -13.206  3.57
482  33  PRO  HG2  21.282  68.62  -14.856  120.71
483  33  PRO  HG3  22.569  68.077  -14.163  53.61
484  33  PRO  HD2  19.898  67.376  -13.479  119.41
485  33  PRO  HD3  21.069  66.38  -13.739  57.93
486  34  ASN  N  20.152  69.249  -9.996  117.59
487  34  ASN  CA  19.696  69.986  -8.896  60.59
488  34  ASN  C  19.35  69.026  -7.77  175.65
489  34  ASN  O  18.462  69.393  -7.041  3.08
490  34  ASN  CB  18.401  70.774  -9.332  32.95
491  34  ASN  CG  17.342  69.979  -10.097  26.8
492  34  ASN  OD1  17.691  68.993  -10.745  44.93
493  34  ASN  ND2  16.033  70.437  -10.027  175.37
494  34  ASN  H  19.585  68.705  -10.346  8.97
495  34  ASN  HA  20.377  70.607  -8.594  3.84
496  34  ASN  HB2  17.987  71.142  -8.536  1.43
497  34  ASN  HB3  18.674  71.524  -9.883  1.97
498  34  ASN  HD21  15.41  70.025  -10.453  7.92
499  34  ASN  HD22  15.845  71.133  -9.558  6.95
500  35  PHE  N  19.911  67.796  -7.717  120.12
501  35  PHE  CA  19.496  66.909  -6.656  62.09
502  35  PHE  C  20.714  66.162  -6.112  175.47
503  35  PHE  O  21.474  65.548  -6.864  7.97
504  35  PHE  CB  18.46  65.848  -7.006  36.29
505  35  PHE  CG  17.084  66.4  -7.416  120.09
506  35  PHE  CD1  16.133  66.571  -6.453  56.03
507  35  PHE  CD2  16.726  66.536  -8.744  173.57
508  35  PHE  CE1  14.836  66.959  -6.765  1.28
509  35  PHE  CE2  15.417  66.923  -9.086  30.03
510  35  PHE  CZ  14.482  67.16  -8.102  36.93
511  35  PHE  H  20.5  67.486  -8.262  8.29
512  35  PHE  HA  19.073  67.506  -6.019  4.38
513  35  PHE  HB2  18.805  65.304  -7.731  3.22
514  35  PHE  HB3  18.345  65.262  -6.242  3.28
515  35  PHE  HD1  16.359  66.424  -5.563  2.37
516  35  PHE  HD2  17.351  66.371  -9.413  2.2
517  35  PHE  HE1  14.209  67.084  -6.09  54.37
518  35  PHE  HE2  15.182  67.019  -9.981  18.31
519  35  PHE  HZ  13.627  67.45  -8.325  117.51
520  36  VAL  N  20.801  66.181  -4.779  117.12
521  36  VAL  CA  21.818  65.295  -4.197  56.87
522  36  VAL  C  21.185  64.223  -3.302  178.15
523  36  VAL  O  20.071  64.398  -2.79  1.19
524  36  VAL  CB  22.932  66.161  -3.53  39.37
525  36  VAL  CG1  23.561  67.178  -4.545  61.03
526  36  VAL  CG2  22.551  66.764  -2.159  174.17
527  36  VAL  H  20.33  66.652  -4.235  8.33
528  36  VAL  HA  22.259  64.778  -4.89  4.57
529  36  VAL  HB  23.643  65.546  -3.292  60.71
530  36  VAL  HG11  24.247  67.698  -4.099  3.72
531  36  VAL  HG12  23.955  66.693  -5.287  2.02
532  36  VAL  HG13  22.87  67.772  -4.878  8.3
533  36  VAL  HG21  23.294  67.284  -1.816  5.15
534  36  VAL  HG22  21.776  67.338  -2.262  130.02
535  36  VAL  HG23  22.344  66.049  -1.537  57.34
536  37  MET  N  21.924  63.124  -3.159  118.41
537  37  MET  CA  21.409  61.982  -2.343  61.16
538  37  MET  C  22.352  61.796  -1.172  175.3
539  37  MET  O  23.571  61.866  -1.366  8.6
540  37  MET  CB  21.631  60.737  -3.201  40.41
541  37  MET  CG  21.197  59.368  -2.606  7.01
542  37  MET  SD  21.237  58.075  -3.919  128.67
543  37  MET  CE  22.997  57.843  -4.219  52.79
544  37  MET  H  22.702  63.006  -3.507  8.31
545  37  MET  HA  20.49  62.125  -2.067  3.51
546  37  MET  HB2  21.158  60.863  -4.039  2.85
547  37  MET  HB3  22.576  60.685  -3.414  2.89
548  37  MET  HG2  21.789  59.12  -1.878  1.59
549  37  MET  HG3  20.304  59.436  -2.235  2.41
550  37  MET  HE1  23.122  57.17  -4.906  6.9
551  37  MET  HE2  23.389  58.681  -4.512  56.53
552  37  MET  HE3  23.43  57.553  -3.401  173.47
553  38  SER  N  21.78  61.509  -0.009  116.07
554  38  SER  CA  22.62  61.285  1.159  58.63
555  38  SER  C  21.95  60.251  2.065  177.22
556  38  SER  O  20.871  59.777  1.749  53.91
557  38  SER  CB  22.855  62.653  1.878  36.22
558  38  SER  OG  23.969  62.556  2.788  39.89
559  38  SER  H  20.933  61.441  0.124  9.21
560  38  SER  HA  23.488  60.931  0.908  4.08
561  38  SER  HB2  23.026  63.346  1.221  3.02
562  38  SER  HB3  22.056  62.912  2.362  3.13
563  38  SER  HG  24.674  62.783  2.393  53.46
564  39  ALA  N  22.442  60.169  3.27  118.41
565  39  ALA  CA  21.796  59.387  4.352  56.59
566  39  ALA  C  20.8  60.198  5.161  177.61
567  39  ALA  O  21.117  61.312  5.543  1.54
568  39  ALA  CB  22.857  58.8  5.295  38.75
569  39  ALA  H  23.168  60.561  3.511  8.15
570  39  ALA  HA  21.303  58.675  3.915  4.49
571  39  ALA  HB1  22.421  58.292  5.997  25.23
572  39  ALA  HB2  23.448  58.217  4.794  2.84
573  39  ALA  HB3  23.373  59.52  5.691  2.98
574  40  ALA  N  19.654  59.599  5.424  122.76
575  40  ALA  CA  18.575  60.218  6.177  54.79
576  40  ALA  C  19.082  60.715  7.546  180.72
577  40  ALA  O  18.649  61.762  8.016  3.87
578  40  ALA  CB  17.281  59.316  6.282  18.6
579  40  ALA  H  19.474  58.799  5.164  7.25
580  40  ALA  HA  18.284  60.995  5.674  4.13
581  40  ALA  HB1  16.602  59.783  6.793  1.37
582  40  ALA  HB2  16.944  59.129  5.392  1.05
583  40  ALA  HB3  17.503  58.482  6.725  0.29
584  41  HSE  N  19.914  59.924  8.153  122.72
585  41  HSE  CA  20.297  60.276  9.491  66.94
586  41  HSE  C  21.175  61.542  9.547  181.04
587  41  HSE  O  21.198  62.225  10.559  4.93
588  41  HSE  CB  20.991  59.053  10.218  31.5
589  41  HSE  CG  22.366  58.753  9.694  1.37
590  41  HSE  ND1  22.608  57.712  8.853  61.03
591  41  HSE  CD2  23.51  59.415  9.928  176.27
592  41  HSE  CE1  23.983  57.758  8.554  128.47
593  41  HSE  NE2  24.543  58.901  9.271  32.33
594  42  CYS  N  21.8  61.913  8.444  119.03
595  42  CYS  CA  22.528  63.218  8.413  66.49
596  42  CYS  C  21.596  64.431  8.568  179.02
597  42  CYS  O  22.086  65.517  8.796  4.06
598  42  CYS  CB  23.235  63.434  7.087  31.58
599  42  CYS  SG  24.564  62.245  6.808  2.13
600  42  CYS  H  21.828  61.457  7.715  8.02
601  42  CYS  HA  23.148  63.161  9.156  3.79
602  42  CYS  HB2  22.59  63.368  6.366  57.08
603  42  CYS  HB3  23.599  64.333  7.061  176.4
604  43  VAL  N  20.392  64.362  8.113  119.8
605  43  VAL  CA  19.532  65.533  8.158  57.84
606  43  VAL  C  18.494  65.4  9.28  176.68
607  43  VAL  O  17.673  66.298  9.511  29.88
608  43  VAL  CB  18.759  65.796  6.823  27.99
609  43  VAL  CG1  19.669  66.216  5.664  55.03
610  43  VAL  CG2  17.95  64.626  6.306  170.87
611  43  VAL  H  20.035  63.658  7.771  7.72
612  43  VAL  HA  20.13  66.281  8.316  4.24
613  43  VAL  HB  18.163  66.514  7.087  1.5
614  43  VAL  HG11  19.133  66.364  4.869  1.24
615  43  VAL  HG12  20.133  67.035  5.897  1.24
616  43  VAL  HG13  20.317  65.516  5.491  8.59
617  43  VAL  HG21  17.508  64.878  5.48  4.15
618  43  VAL  HG22  18.539  63.873  6.14  5.13
619  43  VAL  HG23  17.284  64.376  6.966  2.24
620  44  ALA  N  18.437  64.279  9.892  112.23
621  44  ALA  CA  17.409  64.198  10.929  59.09
622  44  ALA  C  17.935  65.019  12.129  175.23
623  44  ALA  O  19.156  64.965  12.453  55.03
624  44  ALA  CB  17.161  62.712  11.338  64.57
625  44  ALA  H  18.928  63.585  9.761  7.84
626  44  ALA  HA  16.561  64.548  10.614  4.55
627  44  ALA  HB1  16.478  62.675  12.025  39.84
628  44  ALA  HB2  16.867  62.208  10.563  3.98
629  44  ALA  HB3  17.984  62.329  11.68  4.24
630  45  ASN  N  16.976  65.736  12.768  119.62
631  45  ASN  CA  17.352  66.539  13.985  54.37
632  45  ASN  C  18.434  67.619  13.763  175.23
633  45  ASN  O  19.114  67.892  14.757  2.45
634  45  ASN  CB  17.851  65.614  15.146  37.24
635  45  ASN  CG  16.766  64.642  15.664  178.21
636  45  ASN  OD1  15.562  64.721  15.397  64.51
637  45  ASN  ND2  17.225  63.698  16.44  113.69
638  45  ASN  H  16.149  65.776  12.536  8.48
639  45  ASN  HA  16.526  66.995  14.211  4.51
640  45  ASN  HB2  18.614  65.101  14.837  2.89
641  45  ASN  HB3  18.159  66.166  15.881  3.18
642  45  ASN  HD21  16.687  63.117  16.775  6.84
643  45  ASN  HD22  18.066  63.657  16.616  7.57
644  46  VAL  N  18.705  68.098  12.47  102.21
645  46  VAL  CA  19.57  69.255  12.136  45.87
646  46  VAL  C  18.647  70.218  11.461  174.64
647  46  VAL  O  17.566  69.796  11.034  118.01
648  46  VAL  CB  20.859  69.071  11.286  61.53
649  46  VAL  CG1  21.714  67.934  11.853  173.67
650  46  VAL  CG2  20.513  68.65  9.897  2.29
651  46  VAL  H  18.368  67.728  11.77  8.09
652  46  VAL  HA  19.973  69.531  12.974  8.43
653  46  VAL  HB  21.329  69.919  11.299  4.3
654  46  VAL  HG11  22.514  67.83  11.314  125.11
655  46  VAL  HG12  21.965  68.142  12.766  53.98
656  46  VAL  HG13  21.205  67.108  11.838  35.9
657  46  VAL  HG21  21.326  68.54  9.38  126.81
658  46  VAL  HG22  20.031  67.809  9.924  54.13
659  46  VAL  HG23  19.956  69.328  9.482  176.07
660  47  ASN  N  19.056  71.46  11.446  109.82
661  47  ASN  CA  18.313  72.496  10.743  63.16
662  47  ASN  C  18.742  72.528  9.25  174.28
663  47  ASN  O  19.833  73.029  8.938  8.31
664  47  ASN  CB  18.544  73.868  11.48  70.06
665  47  ASN  CG  17.909  75.06  10.706  8.62
666  47  ASN  OD1  16.957  74.956  9.932  4.45
667  47  ASN  ND2  18.47  76.18  10.938  1.72
668  47  ASN  H  19.769  71.737  11.839  7.6
669  47  ASN  HA  17.361  72.312  10.753  4.25
670  47  ASN  HB2  18.164  73.823  12.371  55.93
671  47  ASN  HB3  19.496  74.022  11.585  129.74
672  47  ASN  HD21  18.185  76.892  10.549  55.13
673  47  ASN  HD22  19.133  76.224  11.483  64.03
