1  1  SER  N  13.467  21.071  4.277  124.64
2  1  SER  CA  14.565  20.882  5.211  51.52
3  1  SER  C  15.12  22.215  5.707  173.27
4  1  SER  O  14.951  23.239  5.047  0
5  1  SER  CB  15.726  20.108  4.575  19.22
6  1  SER  OG  16.963  20.664  5.008  4.14
7  1  SER  H  13.493  20.434  3.656  43.11
8  1  SER  H2  12.693  21.027  4.715  3.68
9  1  SER  H3  13.542  21.868  3.888  4.28
10  1  SER  HA  14.195  20.378  5.952  7.94
11  1  SER  HB2  15.677  19.172  4.823  3.82
12  1  SER  HB3  15.663  20.149  3.608  4.44
13  1  SER  HG  17.599  20.239  4.66  121.32
14  2  PRO  N  15.787  22.175  6.853  54.32
15  2  PRO  CA  16.496  23.345  7.376  176.47
16  2  PRO  C  17.324  24.026  6.297  2.18
17  2  PRO  O  17.403  25.251  6.231  41.82
18  2  PRO  CB  17.419  22.725  8.43  1.71
19  2  PRO  CG  16.612  21.578  8.951  4.58
20  2  PRO  CD  15.913  21.01  7.745  125.91
21  2  PRO  HA  15.898  24.028  7.718  8.6
22  2  PRO  HB2  18.257  22.428  8.043  4.81
23  2  PRO  HB3  17.639  23.358  9.132  3.19
24  2  PRO  HG2  17.179  20.914  9.373  3
25  2  PRO  HG3  15.974  21.873  9.62  124.92
26  2  PRO  HD2  16.428  20.298  7.334  58.52
27  2  PRO  HD3  15.047  20.638  7.974  176.57
28  3  LYS  N  17.932  23.212  5.435  2.13
29  3  LYS  CA  18.714  23.747  4.328  30.22
30  3  LYS  C  17.848  24.612  3.415  36.12
31  3  LYS  O  18.203  25.755  3.123  1.97
32  3  LYS  CB  19.37  22.62  3.529  3.64
33  3  LYS  H  17.903  22.353  5.475  3.64
34  3  LYS  HA  19.414  24.305  4.702  8.79
35  4  ALA  N  16.71  24.082  2.964  4.12
36  4  ALA  CA  15.89  24.91  2.072  1.91
37  4  ALA  C  15.413  26.152  2.81  1.91
38  4  ALA  O  15.505  27.268  2.302  1.62
39  4  ALA  CB  14.706  24.142  1.52  1.51
40  4  ALA  H  16.408  23.298  3.146  1.24
41  4  ALA  HA  16.443  25.173  1.32  1.24
42  4  ALA  HB1  14.189  24.719  0.937  2.97
43  4  ALA  HB2  15.023  23.376  1.017  2.97
44  4  ALA  HB3  14.147  23.839  2.252  18.22
45  5  LEU  N  14.891  25.931  4.012  8.32
46  5  LEU  CA  14.401  27.027  4.841  4.23
47  5  LEU  C  15.456  28.122  4.963  2.06
48  5  LEU  O  15.211  29.281  4.636  7.99
49  5  LEU  CB  13.984  26.504  6.215  4.3
50  5  LEU  CG  12.518  26.048  6.273  119.72
51  5  LEU  CD1  11.957  26.009  4.861  64.22
52  5  LEU  CD2  12.401  24.706  6.958  176.37
53  5  LEU  H  14.811  25.152  4.367  8.22
54  5  LEU  HA  13.62  27.416  4.416  4.31
55  5  LEU  HB2  14.557  25.76  6.459  4.02
56  5  LEU  HB3  14.126  27.2  6.876  3.93
57  5  LEU  HG  11.999  26.678  6.797  179.7
58  5  LEU  HD11  11.031  25.722  4.888  7.97
59  5  LEU  HD12  12.009  26.894  4.467  3.74
60  5  LEU  HD13  12.472  25.386  4.325  1.88
61  5  LEU  HD21  11.47  24.436  6.985  1.62
62  5  LEU  HD22  12.915  24.046  6.467  1.09
63  5  LEU  HD23  12.744  24.773  7.863  8.18
64  6  GLN  N  16.645  27.722  5.402  4.14
65  6  GLN  CA  17.771  28.647  5.439  1.8
66  6  GLN  C  17.972  29.265  4.061  8.14
67  6  GLN  O  18.327  30.431  3.929  4.66
68  6  GLN  CB  19.048  27.951  5.89  3.06
69  6  GLN  CG  19.562  28.417  7.239  2.97
70  6  GLN  CD  19.997  27.252  8.105  60.02
71  6  GLN  OE1  20.814  27.457  9.005  177.17
72  6  GLN  NE2  19.483  26.048  7.871  7.85
73  6  GLN  H  16.82  26.927  5.68  32.02
74  6  GLN  HA  17.57  29.344  6.083  24.22
75  6  GLN  HB2  18.888  26.995  5.928  29.62
76  6  GLN  HB3  19.738  28.097  5.224  41.82
77  6  GLN  HG2  20.31  29.021  7.11  7.54
78  6  GLN  HG3  18.868  28.918  7.695  8.04
79  6  GLN  HE21  18.915  25.939  7.235  4.19
80  6  GLN  HE22  19.719  25.378  8.356  1.88
81  7  GLN  N  17.721  28.464  3.031  1.88
82  7  GLN  CA  17.81  28.969  1.669  1.72
83  7  GLN  C  16.738  30.021  1.421  1.24
84  7  GLN  O  17.061  31.17  1.129  1.7
85  7  GLN  CB  17.686  27.837  0.648  1.66
86  7  GLN  H  17.5  27.636  3.098  2.89
87  7  GLN  HA  18.683  29.378  1.56  2.89
88  8  LYS  N  15.47  29.645  1.539  1.39
89  8  LYS  CA  14.382  30.581  1.334  1.34
90  8  LYS  C  14.563  31.838  2.19  1.35
91  8  LYS  O  14.372  32.941  1.692  114.12
92  8  LYS  CB  13.02  29.946  1.651  55.92
93  8  LYS  CG  11.938  30.383  0.658  3.88
94  8  LYS  CD  12.533  30.455  -0.743  3.88
95  8  LYS  CE  11.567  31.025  -1.765  37.62
96  8  LYS  NZ  10.37  30.159  -1.959  31.42
97  8  LYS  H  15.221  28.846  1.739  27.3
98  8  LYS  HA  14.401  30.828  0.396  112.7
99  8  LYS  HB2  13.103  28.98  1.634  8.51
100  8  LYS  HB3  12.751  30.191  2.55  4.39
101  8  LYS  HG2  11.198  29.756  0.674  2.9
102  8  LYS  HG3  11.582  31.248  0.913  2.81
103  8  LYS  HD2  13.334  31.002  -0.722  7.05
104  8  LYS  HD3  12.803  29.566  -1.021  7.59
105  8  LYS  HE2  11.282  31.907  -1.48  107.42
106  8  LYS  HE3  12.025  31.135  -2.613  47.22
107  8  LYS  HZ1  9.831  30.528  -2.564  8.36
108  8  LYS  HZ2  10.627  29.356  -2.242  4.32
109  8  LYS  HZ3  9.935  30.076  -1.187  3.16
110  9  ILE  N  14.94  31.633  3.443  3.16
111  9  ILE  CA  15.036  32.744  4.382  7.09
112  9  ILE  C  15.933  33.827  3.834  7.09
113  9  ILE  O  15.638  35.023  3.82  6.76
114  9  ILE  CB  15.587  32.303  5.746  6.76
115  9  ILE  CG1  14.525  31.783  6.718  3.93
116  9  ILE  CG2  16.387  33.44  6.361  31.22
117  9  ILE  H  15.144  30.864  3.77  21.92
118  9  ILE  HA  14.134  33.081  4.503  24.42
119  9  ILE  HB  16.164  31.541  5.58  8.77
120  9  ILE  HG21  16.735  33.162  7.223  3.6
121  9  ILE  HG22  17.124  33.672  5.774  2.12
122  9  ILE  HG23  15.813  34.213  6.479  2.67
123  10  HSE  N  17.127  33.447  3.362  8.22
124  10  HSE  CA  17.977  34.515  2.854  3.94
125  10  HSE  C  17.46  35.039  1.516  4.35
126  10  HSE  O  17.653  36.216  1.231  7.3
127  10  HSE  CB  19.42  34.002  2.773  4.5
128  10  HSE  CG  20.208  34.37  4.008  118.12
129  10  HSE  ND1  19.673  34.572  5.257  58.22
130  10  HSE  CD2  21.54  34.631  4.119  178.47
131  10  HSE  CE1  20.637  34.911  6.097  2.79
132  10  HSE  NE2  21.784  34.949  5.436  41.02
133  11  GLU  N  16.825  34.18  0.736  26.22
134  11  GLU  CA  16.318  34.643  -0.564  8.43
135  11  GLU  C  15.385  35.849  -0.382  3.87
136  11  GLU  O  15.623  36.904  -0.959  3.87
137  11  GLU  CB  15.594  33.529  -1.32  3.94
138  11  GLU  H  16.676  33.354  0.922  2.11
139  11  GLU  HA  17.085  34.912  -1.093  1.27
140  12  LEU  N  14.359  35.673  0.441  2.07
141  12  LEU  CA  13.416  36.779  0.652  4.37
142  12  LEU  C  14.118  37.957  1.296  176.82
143  12  LEU  O  13.858  39.123  0.971  123.6
144  12  LEU  CB  12.235  36.335  1.515  62.61
145  12  LEU  CG  11.348  35.261  0.904  8.23
146  12  LEU  CD1  9.879  35.505  1.206  4.18
147  12  LEU  CD2  11.586  35.202  -0.598  1.7
148  12  LEU  H  14.189  34.951  0.876  1.7
149  12  LEU  HA  13.075  37.051  -0.214  1.8
150  12  LEU  HB2  12.578  36.007  2.361  53.38
151  12  LEU  HB3  11.688  37.111  1.712  39.72
152  12  LEU  HG  11.582  34.408  1.302  8.17
153  12  LEU  HD11  9.345  34.803  0.802  4.09
154  12  LEU  HD12  9.741  35.504  2.166  1.81
155  12  LEU  HD13  9.612  36.364  0.842  8.27
156  12  LEU  HD21  11.021  34.517  -0.989  4.45
157  12  LEU  HD22  11.373  36.062  -0.994  2.89
158  12  LEU  HD23  12.517  34.989  -0.77  2.74
159  13  GLU  N  15.006  37.651  2.238  120.72
160  13  GLU  CA  15.69  38.694  2.989  64.92
161  13  GLU  C  16.435  39.66  2.085  178.27
162  13  GLU  O  16.705  40.815  2.411  5.91
163  13  GLU  CB  16.658  38.041  3.975  8.09
164  13  GLU  CG  16.097  37.925  5.381  3.92
165  13  GLU  CD  16.965  37.022  6.235  4.26
166  13  GLU  OE1  18.088  36.692  5.795  7.46
167  13  GLU  OE2  16.517  36.651  7.338  7.61
168  13  GLU  H  15.225  36.848  2.456  3.92
169  13  GLU  HA  15.022  39.212  3.465  2.07
170  13  GLU  HB2  16.89  37.156  3.652  1.97
171  13  GLU  HB3  17.479  38.557  4.003  1.17
172  13  GLU  HG2  16.043  38.805  5.785  2.03
173  13  GLU  HG3  15.194  37.573  5.345  8.16
174  14  GLY  N  16.816  39.204  0.897  8.27
175  14  GLY  CA  17.482  40.067  -0.06  4.53
176  14  GLY  C  16.455  40.806  -0.901  3.07
177  14  GLY  O  16.687  41.969  -1.213  7.91
178  14  GLY  H  16.696  38.396  0.628  8.42
179  14  GLY  HA2  18.047  40.703  0.406  4.46
180  14  GLY  HA3  18.061  39.54  -0.633  3.14
181  15  LEU  N  15.37  40.113  -1.232  2.91
182  15  LEU  CA  14.275  40.806  -1.9  43.02
183  15  LEU  C  13.752  41.888  -0.955  26.32
184  15  LEU  O  13.582  43.038  -1.367  23.62
185  15  LEU  CB  13.168  39.842  -2.309  23.72
186  15  LEU  H  15.249  39.274  -1.086  8.61
187  15  LEU  HA  14.597  41.212  -2.72  4.02
188  16  GLN  N  15.905  44.728  -0.807  2.03
189  16  GLN  CA  15.948  45.391  -2.096  1.28
190  16  GLN  C  14.765  46.327  -2.259  2.06
191  16  GLN  O  14.945  47.511  -2.577  8.43
192  16  GLN  CB  15.994  44.332  -3.21  4.04
193  16  GLN  CG  15.881  44.963  -4.587  2.35
194  16  GLN  HA  16.749  45.935  -2.155  2.25
195  16  GLN  HB2  16.824  43.833  -3.149  2.66
196  16  GLN  HB3  15.271  43.697  -3.084  2.46
197  17  HSE  N  13.545  45.81  -2.075  126.02
198  17  HSE  CA  12.358  46.632  -2.249  55.02
199  17  HSE  C  12.453  47.895  -1.381  179.37
200  17  HSE  O  12.392  49.006  -1.908  62.22
201  17  HSE  CB  11.08  45.912  -1.881  18.02
202  17  HSE  CG  10.597  44.842  -2.793  9.15
203  17  HSE  ND1  10.697  44.847  -4.162  4.26
204  17  HSE  CD2  9.96  43.701  -2.471  3
205  17  HSE  CE1  10.153  43.746  -4.635  3.28
206  17  HSE  NE2  9.686  43.013  -3.636  8.45
207  18  ALA  N  12.58  47.647  -0.083  4.08
208  18  ALA  CA  12.666  48.704  0.919  2.38
209  18  ALA  C  13.657  49.771  0.475  2.22
210  18  ALA  O  13.419  50.966  0.572  2.58
211  18  ALA  CB  13.064  48.128  2.255  2.58
212  18  ALA  H  12.619  46.853  0.245  2.93
213  18  ALA  HA  11.794  49.117  1.013  7.05
214  18  ALA  HB1  13.118  48.84  2.912  7.05
215  18  ALA  HB2  12.402  47.478  2.537  7.75
216  18  ALA  HB3  13.929  47.695  2.176  4.4
217  19  GLN  N  14.784  49.29  -0.046  2.85
218  19  GLN  CA  15.791  50.174  -0.608  2.85
219  19  GLN  C  15.177  51.055  -1.685  8.58
220  19  GLN  O  15.476  52.25  -1.749  4.06
221  19  GLN  CB  16.963  49.381  -1.186  178.87
222  19  GLN  CG  18.185  50.221  -1.513  56.07
223  19  GLN  H  14.981  48.454  -0.082  43.22
224  19  GLN  HA  16.129  50.735  0.108  26.02
225  19  GLN  HB2  17.217  48.692  -0.552  23.52
226  19  GLN  HB3  16.668  48.93  -1.993  23.52
227  20  ASN  N  14.298  50.501  -2.523  8.43
228  20  ASN  CA  13.637  51.368  -3.501  4.17
229  20  ASN  C  12.339  51.943  -2.955  1.77
230  20  ASN  O  11.481  52.359  -3.727  1.5
231  20  ASN  CB  13.352  50.64  -4.813  0.88
232  20  ASN  CG  14.426  49.635  -5.173  2.94
233  20  ASN  OD1  15.591  50.006  -5.336  8.37
234  20  ASN  ND2  14.01  48.377  -5.295  4.18
235  20  ASN  H  14.078  49.67  -2.545  2.32
236  20  ASN  HA  14.256  52.094  -3.677  2.32
237  20  ASN  HB2  12.498  50.184  -4.746  2.52
238  20  ASN  HB3  13.271  51.291  -5.528  2.52
239  20  ASN  HD21  14.569  47.757  -5.501  62.42
240  20  ASN  HD22  13.182  48.184  -5.168  176.17
241  21  LEU  N  12.162  51.954  -1.637  2.21
242  21  LEU  CA  10.975  52.533  -1.015  71.02
243  21  LEU  C  9.692  51.763  -1.316  1.9
244  21  LEU  O  8.598  52.177  -0.945  21.12
245  21  LEU  CB  10.807  53.99  -1.449  8.19
246  21  LEU  CG  11.873  54.941  -0.88  4.38
247  21  LEU  CD1  11.239  56.288  -0.63  4.25
248  21  LEU  CD2  12.483  54.359  0.384  4.48
249  21  LEU  H  12.727  51.626  -1.078  2.7
250  21  LEU  HA  11.12  52.479  -0.057  8.56
251  21  LEU  HB2  10.832  54.034  -2.418  4.11
252  21  LEU  HB3  9.93  54.3  -1.174  2.43
253  21  LEU  HG  12.596  55.052  -1.517  2.26
254  21  LEU  HD11  11.903  56.897  -0.27  2.68
255  21  LEU  HD12  10.893  56.643  -1.464  2.68
256  21  LEU  HD13  10.512  56.191  0.005  7.7
257  21  LEU  HD21  13.153  54.969  0.731  3.9
258  21  LEU  HD22  11.789  54.23  1.049  4.12
259  21  LEU  HD23  12.898  53.506  0.18  112.62
260  22  GLU  N  9.833  50.638  -1.991  56.42
261  22  GLU  CA  8.736  49.757  -2.308  173.87
262  22  GLU  C  8.275  49.052  -1.053  7.04
263  22  GLU  O  8.433  47.825  -0.963  65.02
264  22  GLU  CB  9.144  48.685  -3.317  8.58
265  22  GLU  CG  9.16  49.085  -4.775  4.07
266  22  GLU  CD  10.207  48.308  -5.548  1.92
267  22  GLU  OE1  10.169  47.059  -5.498  1.71
268  22  GLU  OE2  11.071  48.927  -6.206  1.86
269  22  GLU  H  10.592  50.36  -2.285  0.86
270  22  GLU  HA  8.03  50.302  -2.689  123.12
271  22  GLU  HB2  10.031  48.371  -3.081  54.62
272  22  GLU  HB3  8.54  47.932  -3.218  177.97
273  22  GLU  HG2  8.286  48.929  -5.165  18.34
274  22  GLU  HG3  9.339  50.035  -4.85  40.32
275  23  PHE  N  7.667  49.693  -0.065  6.93
276  23  PHE  CA  7.207  48.866  1.075  9.69
277  23  PHE  C  6.065  47.981  0.653  7.82
278  23  PHE  O  6.063  47.502  -0.486  8.68
279  23  PHE  CB  6.889  49.799  2.239  4.66
280  23  PHE  CG  7.959  50.897  2.29  2.74
281  23  PHE  CD1  9.294  50.553  2.396  2.67
282  23  PHE  CD2  7.62  52.23  2.224  121.82
283  23  PHE  CE1  10.28  51.514  2.43  57.72
284  23  PHE  CE2  8.605  53.204  2.263  178.27
285  23  PHE  CZ  9.94  52.853  2.358  8.56
286  23  PHE  H  7.513  50.538  -0.019  4.38
287  23  PHE  HA  7.897  48.255  1.376  3.54
288  23  PHE  HB2  6.009  50.191  2.126  3.48
289  23  PHE  HB3  6.874  49.304  3.073  0.96
290  23  PHE  HD1  9.531  49.655  2.445  7.4
291  23  PHE  HD2  6.726  52.478  2.153  8.77
292  23  PHE  HE1  11.173  51.263  2.501  2.47
293  23  PHE  HE2  8.366  54.102  2.225  2.56
294  23  PHE  HZ  10.6  53.508  2.373  110.02
295  24  GLU  N  5.033  47.686  1.442  63.32
296  24  GLU  CA  3.999  46.776  0.94  173.17
297  24  GLU  C  4.609  45.398  0.65  7.82
298  24  GLU  O  4.561  44.572  1.556  8.51
299  24  GLU  CB  3.28  47.313  -0.295  4.23
300  24  GLU  CG  2.461  48.57  -0.01  4.07
301  24  GLU  CD  3.05  49.821  -0.614  4.07
302  24  GLU  OE1  4.093  49.742  -1.292  3.86
303  24  GLU  OE2  2.451  50.896  -0.404  2.09
304  24  GLU  H  4.912  47.986  2.239  3.04
305  24  GLU  HA  3.328  46.697  1.636  2.87
306  24  GLU  HB2  3.934  47.509  -0.984  7.08
307  24  GLU  HB3  2.694  46.624  -0.647  7.08
308  24  GLU  HG2  1.562  48.446  -0.352  6.76
309  24  GLU  HG3  2.385  48.687  0.95  6.76
310  25  GLU  N  5.136  45.203  -0.54  8.37
311  25  GLU  CA  5.942  44.03  -0.852  3.72
312  25  GLU  C  6.927  43.782  0.302  2.32
313  25  GLU  O  6.914  42.699  0.877  1.66
314  25  GLU  CB  6.71  44.163  -2.147  32.62
315  25  GLU  CG  7.028  45.593  -2.551  27.22
316  25  GLU  CD  6.127  46.025  -3.692  29.62
317  25  GLU  OE1  4.89  45.949  -3.529  42.12
318  25  GLU  OE2  6.642  46.442  -4.757  114.21
319  25  GLU  H  5.039  45.748  -1.198  7.1
320  25  GLU  HA  5.334  43.283  -0.962  4.17
321  25  GLU  HB2  7.541  43.669  -2.068  1.84
322  25  GLU  HB3  6.198  43.745  -2.857  1.84
323  25  GLU  HG2  6.908  46.185  -1.792  1.33
324  25  GLU  HG3  7.958  45.662  -2.82  1.33
325  26  ALA  N  7.688  44.828  0.606  1.85
326  26  ALA  CA  8.57  44.848  1.76  1.69
327  26  ALA  C  7.854  44.267  2.975  2.86
328  26  ALA  O  8.367  43.415  3.69  2.77
329  26  ALA  CB  9.039  46.264  2.059  6.76
330  26  ALA  H  7.705  45.552  0.142  66.37
331  26  ALA  HA  9.348  44.305  1.559  8.33
332  26  ALA  HB1  9.626  46.254  2.832  4.28
333  26  ALA  HB2  9.52  46.614  1.293  3.18
334  26  ALA  HB3  8.271  46.827  2.244  3.18
335  27  ALA  N  6.62  44.729  3.145  7.05
336  27  ALA  CA  5.746  44.21  4.186  7.05
337  27  ALA  C  5.364  42.755  3.931  6.74
338  27  ALA  O  5.485  41.94  4.851  6.74
339  27  ALA  CB  4.506  45.084  4.307  42.12
340  27  ALA  H  6.269  45.348  2.663  6.86
341  27  ALA  HA  6.231  44.234  5.025  7.2
342  27  ALA  HB1  3.928  44.732  5.002  4.28
343  27  ALA  HB2  4.769  45.99  4.533  1.93
344  27  ALA  HB3  4.029  45.088  3.462  1.76
345  28  GLN  N  4.913  42.398  2.73  1.45
346  28  GLN  CA  4.472  41.01  2.541  1.38
347  28  GLN  C  5.661  40.064  2.708  1.6
348  28  GLN  O  5.559  39.062  3.412  8.41
349  28  GLN  CB  3.804  40.741  1.198  4.2
350  28  GLN  CG  3.671  41.918  0.262  2.16
351  28  GLN  CD  3.708  41.582  -1.217  2.16
352  28  GLN  OE1  4.569  40.859  -1.729  2.52
353  28  GLN  NE2  2.734  42.14  -1.939  2.52
354  28  GLN  H  4.854  42.911  2.042  115.92
355  28  GLN  HA  3.797  40.852  3.22  51.32
356  28  GLN  HB2  4.306  40.047  0.743  174.17
357  28  GLN  HB3  2.917  40.386  1.366  2.16
358  28  GLN  HG2  2.835  42.372  0.454  38.12
359  28  GLN  HG3  4.385  42.546  0.453  2.18
360  28  GLN  HE21  2.147  42.639  -1.557  103.4
361  28  GLN  HE22  2.693  42  -2.787  110.8
362  29  ILE  N  6.758  40.391  2.03  7.44
363  29  ILE  CA  7.927  39.519  2.144  8.27
364  29  ILE  C  8.337  39.419  3.604  4.33
365  29  ILE  O  8.767  38.37  4.082  4.05
366  29  ILE  CB  9.094  40.026  1.289  4.21
367  29  ILE  CG1  8.786  40.044  -0.213  7.66
368  29  ILE  CG2  10.356  39.227  1.564  121.92
369  29  ILE  CD  10.019  39.867  -1.071  57.02
370  29  ILE  H  6.848  41.079  1.521  176.07
371  29  ILE  HA  7.69  38.639  1.812  4.1
372  29  ILE  HB  9.237  40.949  1.552  8.32
373  29  ILE  HG21  11.079  39.565  1.013  3.92
374  29  ILE  HG22  10.596  39.312  2.5  3.92
375  29  ILE  HG23  10.2  38.293  1.355  24.82
376  30  ARG  N  8.187  40.517  4.325  8.68
377  30  ARG  CA  8.572  40.56  5.729  4.08
378  30  ARG  C  7.822  39.537  6.575  1.55
379  30  ARG  O  8.401  38.898  7.453  1.55
380  30  ARG  CB  8.353  41.953  6.321  1.65
381  30  ARG  CG  8.851  42.035  7.759  39.2
382  30  ARG  CD  8.033  43.011  8.565  39.85
383  30  ARG  NE  6.608  42.794  8.31  8.12
384  30  ARG  CZ  5.729  43.781  8.392  4.17
385  30  ARG  NH1  6.098  45.017  8.71  1.84
386  30  ARG  NH2  4.442  43.548  8.157  1.68
387  30  ARG  H  7.863  41.253  4.021  2
388  30  ARG  HA  9.516  40.339  5.752  53.42
389  30  ARG  HB2  8.815  42.612  5.78  174.57
390  30  ARG  HB3  7.409  42.173  6.292  8.31
391  30  ARG  HG2  8.808  41.157  8.169  41.92
392  30  ARG  HG3  9.782  42.306  7.766  1.77
393  30  ARG  HD2  8.221  42.9  9.51  1.13
394  30  ARG  HD3  8.277  43.92  8.332  1.69
395  30  ARG  HE  6.335  42.006  8.102  7.95
396  30  ARG  HH11  6.925  45.192  8.868  5.08
397  30  ARG  HH12  5.51  45.643  8.757  3.04
398  30  ARG  HH21  4.179  42.755  7.951  2.43
399  30  ARG  HH22  3.872  44.19  8.211  124.52
400  31  ASP  N  6.531  39.341  6.312  55.92
401  31  ASP  CA  5.816  38.359  7.135  174.17
402  31  ASP  C  6.022  36.946  6.596  1.79
403  31  ASP  O  5.919  35.968  7.342  43.72
404  31  ASP  CB  4.331  38.683  7.244  26.72
405  31  ASP  CG  4.035  40.161  7.41  24.12
406  31  ASP  OD1  4.147  40.853  6.373  26.62
407  31  ASP  OD2  3.705  40.629  8.523  7.02
408  31  ASP  H  6.072  39.737  5.702  8.47
409  31  ASP  HA  6.19  38.406  8.029  4.33
410  31  ASP  HB2  3.879  38.359  6.449  3.58
411  31  ASP  HB3  3.958  38.201  7.999  3.45
412  32  GLN  N  6.318  36.838  5.303  7.2
413  32  GLN  CA  6.668  35.536  4.743  10.09
414  32  GLN  C  7.832  34.984  5.555  7.6
415  32  GLN  O  7.79  33.882  6.089  7.39
416  32  GLN  CB  7.063  35.631  3.277  7.08
417  32  GLN  CG  5.928  35.574  2.269  7.15
418  32  GLN  CD  6.356  35.082  0.893  121.82
419  32  GLN  OE1  6.841  33.95  0.763  53.02
420  32  GLN  NE2  6.177  35.927  -0.121  176.77
421  32  GLN  H  6.322  37.491  4.744  3.52
422  32  GLN  HA  5.895  34.952  4.789  39.42
423  32  GLN  HB2  7.546  36.462  3.145  3.92
424  32  GLN  HB3  7.681  34.909  3.081  66.18
425  32  GLN  HG2  5.232  34.991  2.61  117.1
426  32  GLN  HG3  5.539  36.458  2.181  8.39
427  32  GLN  HE21  5.836  36.703  0.021  4.03
428  32  GLN  HE22  6.403  35.696  -0.918  1.72
429  33  LEU  N  8.864  35.825  5.656  1.72
430  33  LEU  CA  10.007  35.542  6.508  1.84
431  33  LEU  C  9.561  35.205  7.932  8.01
432  33  LEU  O  10.152  34.372  8.605  127.62
433  33  LEU  CB  10.96  36.732  6.512  56.42
434  33  LEU  CG  12.18  36.576  5.599  175.27
435  33  LEU  CD1  12.37  37.806  4.741  3.95
436  33  LEU  CD2  13.429  36.305  6.43  42.52
437  33  LEU  H  8.916  36.571  5.232  27.02
438  33  LEU  HA  10.471  34.768  6.152  23.62
439  33  LEU  HB2  10.47  37.525  6.244  26.72
440  33  LEU  HB3  11.267  36.882  7.42  9.23
441  33  LEU  HG  12.028  35.82  5.011  3.69
442  33  LEU  HD11  13.146  37.687  4.172  0.96
443  33  LEU  HD12  11.583  37.941  4.19  0.96
444  33  LEU  HD13  12.503  38.58  5.31  1.77
445  33  LEU  HD21  14.194  36.208  5.842  3.95
446  33  LEU  HD22  13.58  37.046  7.038  4.01
447  33  LEU  HD23  13.308  35.489  6.94  119.74
448  34  HSE  N  8.479  35.859  8.349  8.67
449  34  HSE  CA  7.927  35.518  9.66  4.87
450  34  HSE  C  7.575  34.04  9.729  3.25
451  34  HSE  O  7.974  33.371  10.686  3.25
452  34  HSE  CB  6.72  36.387  9.991  7.26
453  34  HSE  CG  7.067  37.771  10.442  7.26
454  34  HSE  ND1  8.265  38.119  11.021  7.34
455  34  HSE  CD2  6.338  38.911  10.398  7.34
456  34  HSE  CE1  8.268  39.403  11.311  8.42
457  34  HSE  NE2  7.106  39.918  10.942  131.42
458  35  GLN  N  6.849  33.473  8.763  116.38
459  35  GLN  CA  6.519  32.064  9.004  131.02
460  35  GLN  C  7.759  31.177  8.962  1.39
461  35  GLN  O  8.011  30.401  9.885  56.54
462  35  GLN  CB  5.475  31.559  8.01  7.81
463  35  GLN  CG  4.312  30.837  8.681  8.15
464  35  GLN  CD  4.688  29.666  9.571  4.12
465  35  GLN  OE1  5.778  29.596  10.133  3.86
466  35  GLN  NE2  3.767  28.709  9.718  3.86
467  35  GLN  H  6.563  33.835  8.037  7.33
468  35  GLN  HA  6.143  32.013  9.897  7.3
469  35  GLN  HB2  5.132  32.309  7.5  7.3
470  35  GLN  HB3  5.901  30.958  7.379  3.69
471  35  GLN  HG2  3.817  31.48  9.213  122.82
472  35  GLN  HG3  3.71  30.517  7.991  59.12
473  35  GLN  HE21  3.01  28.776  9.316  8.21
474  35  GLN  HE22  3.932  28.026  10.214  3.95
475  36  LEU  N  8.518  31.299  7.889  29.82
476  36  LEU  CA  9.681  30.458  7.649  36.12
477  36  LEU  C  10.61  30.348  8.856  7.04
478  36  LEU  O  11.069  29.242  9.164  4.04
479  36  LEU  CB  10.441  30.989  6.427  1.8
480  36  LEU  CG  9.817  30.69  5.063  8.89
481  36  LEU  CD1  8.515  31.453  4.895  4.15
482  36  LEU  CD2  10.775  31.026  3.93  2.13
483  36  LEU  H  8.373  31.878  7.27  1.96
484  36  LEU  HA  9.359  29.558  7.481  2.42
485  36  LEU  HB2  10.53  31.951  6.517  8.16
486  36  LEU  HB3  11.337  30.618  6.44  3.52
487  36  LEU  HG  9.63  29.739  5.025  2.17
488  36  LEU  HD11  8.132  31.253  4.026  175.87
489  36  LEU  HD12  7.893  31.189  5.591  5.72
490  36  LEU  HD13  8.687  32.405  4.961  70.22
491  36  LEU  HD21  10.353  30.827  3.08  3.3
492  36  LEU  HD22  11  31.969  3.965  21.52
493  36  LEU  HD23  11.583  30.497  4.022  7.57
494  37  ARG  N  10.895  31.454  9.532  4.32
495  37  ARG  CA  11.719  31.443  10.733  4.39
496  37  ARG  C  11.157  30.398  11.699  30.75
497  37  ARG  O  11.89  29.543  12.176  27.83
498  37  ARG  CB  11.739  32.802  11.41  49.64
499  37  ARG  CG  13.099  33.467  11.505  8.17
500  37  ARG  CD  13.645  33.739  10.125  4.02
501  37  ARG  NE  14.101  35.085  9.873  45.62
502  37  ARG  CZ  13.599  36.256  10.201  173.97
503  37  ARG  NH1  12.475  36.36  10.897  2.19
504  37  ARG  NH2  14.245  37.355  9.822  7.46
505  37  ARG  H  10.615  32.235  9.306  3.84
506  37  ARG  HA  12.631  31.225  10.483  4.09
507  37  ARG  HB2  11.14  33.394  10.929  120.22
508  37  ARG  HB3  11.381  32.704  12.306  57.12
509  37  ARG  HG2  13.026  34.298  12.001  176.67
510  37  ARG  HG3  13.711  32.897  11.996  31.6
511  37  ARG  HD2  14.384  33.132  9.965  42.22
512  37  ARG  HD3  12.956  33.524  9.477  8.36
513  37  ARG  HE  14.835  35.13  9.427  3.7
514  37  ARG  HH11  12.056  35.651  11.145  2.09
515  37  ARG  HH12  12.165  37.136  11.1  1.64
516  37  ARG  HH21  14.975  37.291  9.372  1.64
517  37  ARG  HH22  13.933  38.13  10.027  1.81
518  38  GLU  N  9.855  30.518  11.9  1.25
519  38  GLU  CA  9.053  29.628  12.716  1.66
520  38  GLU  C  9.122  28.179  12.252  7.04
521  38  GLU  O  9.402  27.251  13.012  4.12
522  38  GLU  CB  7.598  30.101  12.684  121.23
523  38  GLU  CG  7.058  30.456  14.061  65.74
524  38  GLU  CD  5.539  30.494  14.047  171.87
525  38  GLU  OE1  4.991  30.62  12.93  57.95
526  38  GLU  OE2  4.916  30.394  15.125  116.32
527  38  GLU  H  9.394  31.152  11.547  52.92
528  38  GLU  HA  9.41  29.657  13.617  174.77
529  38  GLU  HB2  7.528  30.876  12.105  35.75
530  38  GLU  HB3  7.045  29.405  12.295  8.27
531  38  GLU  HG2  7.364  29.805  14.712  3.63
532  38  GLU  HG3  7.405  31.318  14.338  2.24
533  39  LEU  N  8.849  27.976  10.961  24.72
534  39  LEU  CA  8.924  26.625  10.411  7.65
535  39  LEU  C  10.342  26.092  10.585  4.69
536  39  LEU  O  10.546  24.911  10.841  1.22
537  39  LEU  CB  8.529  26.59  8.94  0.84
538  39  LEU  CG  7.07  26.914  8.612  1.37
539  39  LEU  CD1  6.724  26.449  7.206  2.36
540  39  LEU  CD2  6.146  26.286  9.642  2.51
541  39  LEU  H  8.625  28.59  10.402  117.06
542  39  LEU  HA  8.296  26.065  10.893  65.46
543  39  LEU  HB2  9.093  27.216  8.46  111.34
544  39  LEU  HB3  8.728  25.706  8.594  8.87
545  39  LEU  HG  6.948  27.876  8.645  4.09
546  39  LEU  HD11  5.797  26.661  7.014  51.52
547  39  LEU  HD12  7.298  26.898  6.566  177.67
548  39  LEU  HD13  6.856  25.49  7.14  2.96
549  39  LEU  HD21  5.225  26.498  9.423  41.52
550  39  LEU  HD22  6.265  25.323  9.639  3.48
551  39  LEU  HD23  6.357  26.635  10.522  1.85
552  40  PHE  N  11.309  26.991  10.434  0.99
553  40  PHE  CA  12.699  26.623  10.659  7.79
554  40  PHE  C  12.828  25.992  12.043  4.84
555  40  PHE  O  13.01  24.787  12.183  3.3
556  40  PHE  CB  13.604  27.846  10.562  2.87
557  40  PHE  CG  15.08  27.519  10.728  116.52
558  40  PHE  CD1  15.823  27.13  9.625  62.62
559  40  PHE  CD2  15.699  27.607  11.963  7.93
560  40  PHE  CE1  17.164  26.831  9.742  4.25
561  40  PHE  CE2  17.043  27.309  12.086  3.4
562  40  PHE  CZ  17.776  26.927  10.978  3.45
563  40  PHE  H  11.183  27.81  10.204  8.74
564  40  PHE  HA  12.973  25.988  9.978  7.42
565  40  PHE  HB2  13.469  28.273  9.701  8.75
566  40  PHE  HB3  13.343  28.488  11.241  3.93
567  40  PHE  HD1  15.411  27.07  8.793  4.19
568  40  PHE  HD2  15.21  27.867  12.71  121.52
569  40  PHE  HE1  17.653  26.567  8.996  57.92
570  40  PHE  HE2  17.456  27.366  12.917  178.97
571  40  PHE  HZ  18.682  26.734  11.064  2.72
572  41  ILE  N  12.697  26.856  13.041  31.72
573  41  ILE  CA  12.73  26.501  14.45  32.32
574  41  ILE  C  11.904  25.248  14.724  8.41
575  41  ILE  O  12.262  24.385  15.517  4.2
576  41  ILE  CB  12.193  27.647  15.332  1.72
577  41  ILE  CG1  12.948  28.97  15.199  1.72
578  41  ILE  CG2  12.143  27.202  16.786  1.95
579  41  ILE  H  12.582  27.698  12.909  2.21
580  41  ILE  HA  13.659  26.332  14.672  2.69
581  41  ILE  HB  11.3  27.835  15.004  2.6
582  41  ILE  HG21  11.805  27.927  17.335  8.11
583  41  ILE  HG22  11.557  26.433  16.869  118.54
584  41  ILE  HG23  13.035  26.962  17.082  59.63
585  42  ALA  N  10.765  25.17  14.046  110.32
586  42  ALA  CA  9.915  23.994  14.116  46.92
587  42  ALA  C  10.639  22.784  13.531  175.37
588  42  ALA  O  10.808  21.765  14.192  118.07
589  42  ALA  CB  8.616  24.262  13.375  8.96
590  42  ALA  H  10.466  25.795  13.536  8.5
591  42  ALA  HA  9.709  23.799  15.044  4.1
592  42  ALA  HB1  8.049  23.477  13.422  117.22
593  42  ALA  HB2  8.16  25.015  13.783  67.42
594  42  ALA  HB3  8.809  24.466  12.447  174.97
595  43  ALA  N  11.052  22.942  12.286  4.76
596  43  ALA  CA  11.718  21.945  11.477  67.92
597  43  ALA  C  13.205  21.854  11.803  3.69
598  43  ALA  O  14.03  21.85  10.888  20.82
599  43  ALA  CB  11.537  22.259  9.996  8.18
600  43  ALA  H  10.943  23.684  11.865  3.71
601  43  ALA  HA  11.312  21.088  11.68  4.19
602  43  ALA  HB1  11.988  21.584  9.465  7.48
603  43  ALA  HB2  10.592  22.263  9.779  3.82
604  43  ALA  HB3  11.917  23.13  9.801  2.14
605  44  SER  N  13.531  21.781  13.088  177.71
606  44  SER  CA  14.923  21.66  13.515  120.52
607  44  SER  C  15.054  20.795  14.765  66.72
608  44  SER  CB  15.533  23.041  13.771  177.97
609  44  SER  OG  14.526  24.037  13.881  43.39
610  44  SER  H  12.961  21.8  13.731  31.52
611  44  SER  HA  15.409  21.227  12.796  22.62
612  44  SER  HB2  16.059  23.019  14.586  20.52
613  44  SER  HB3  16.139  23.269  13.048  7.22
614  44  SER  HG  14.233  24.225  13.117  3.37
