1  1  GLY  N  -60.639  -2.058  8.149  123.7
2  1  GLY  CA  -59.15  -2.094  8.155  54.01
3  1  GLY  C  -58.598  -3.097  9.151  174.87
4  1  GLY  O  -59.225  -3.364  10.176  55.76
5  1  GLY  H  -60.924  -1.234  7.972  41.43
6  1  GLY  H2  -60.955  -2.307  8.943  26.47
7  1  GLY  H3  -60.956  -2.611  7.528  4.47
8  1  GLY  HA2  -58.839  -2.331  7.267  17.22
9  1  GLY  HA3  -58.817  -1.211  8.38  4.76
10  2  PRO  N  -57.414  -3.673  8.877  2.81
11  2  PRO  CA  -56.788  -4.654  9.769  63.08
12  2  PRO  C  -56.258  -4.017  11.05  176.47
13  2  PRO  O  -55.056  -4.042  11.318  4.14
14  2  PRO  CB  -55.635  -5.209  8.93  32.51
15  2  PRO  CG  -55.299  -4.114  7.978  118.93
16  2  PRO  CD  -56.596  -3.413  7.677  52.98
17  2  PRO  HA  -57.402  -5.37  9.995  4.48
18  2  PRO  HB2  -54.884  -5.422  9.506  3.05
19  2  PRO  HB3  -55.927  -6.007  8.463  38.67
20  2  PRO  HG2  -54.672  -3.5  8.391  116.3
21  2  PRO  HG3  -54.922  -4.487  7.166  60.56
22  2  PRO  HD2  -56.447  -2.462  7.559  175.18
23  2  PRO  HD3  -57.011  -3.793  6.887  8.59
24  3  LEU  N  -57.163  -3.444  11.839  120.17
25  3  LEU  CA  -56.791  -2.795  13.095  55.34
26  3  LEU  C  -55.858  -3.682  13.917  177.47
27  3  LEU  O  -56.167  -4.842  14.187  3.12
28  3  LEU  CB  -58.039  -2.458  13.917  4.29
29  3  LEU  CG  -58.798  -3.662  14.484  26.9
30  3  LEU  CD1  -59.988  -3.199  15.309  23.54
31  3  LEU  CD2  -59.254  -4.589  13.367  175.47
32  3  LEU  H  -57.989  -3.453  11.601  8.68
33  3  LEU  HA  -56.326  -1.972  12.877  4.35
34  3  LEU  HB2  -57.77  -1.892  14.658  1.62
35  3  LEU  HB3  -58.647  -1.956  13.353  1.68
36  3  LEU  HG  -58.207  -4.163  15.067  1.6
37  3  LEU  HD11  -60.675  -3.884  15.299  4.32
38  3  LEU  HD12  -60.344  -2.379  14.932  2.04
39  3  LEU  HD13  -59.705  -3.038  16.223  55
40  3  LEU  HD21  -59.88  -5.239  13.723  34.26
41  3  LEU  HD22  -58.486  -5.049  12.994  24.87
42  3  LEU  HD23  -59.689  -4.069  12.673  28.82
43  4  GLY  N  -54.716  -3.127  14.309  107.52
44  4  GLY  CA  -53.757  -3.881  15.095  44.93
45  4  GLY  C  -52.647  -3.01  15.648  173.3
46  4  GLY  O  -52.721  -2.548  16.786  59.78
47  4  GLY  H  -54.546  -2.312  14.094  8.52
48  4  GLY  HA2  -54.221  -4.305  15.833  3.96
49  4  GLY  HA3  -53.365  -4.569  14.535  71.19
50  5  SER  N  -51.617  -2.783  14.84  1.26
51  5  SER  CA  -50.488  -1.959  15.252  56.36
52  5  SER  C  -50.2  -0.882  14.212  172.19
53  5  SER  O  -49.314  -1.04  13.372  4.67
54  5  SER  CB  -49.246  -2.826  15.464  63.18
55  5  SER  OG  -48.886  -3.502  14.271  120.91
56  5  SER  H  -51.617  -3.129  14.052  8.31
57  5  SER  HA  -50.721  -1.531  16.09  4.76
58  5  SER  HB2  -48.505  -2.264  15.738  3.84
59  5  SER  HB3  -49.428  -3.484  16.153  3.88
60  5  SER  HG  -48.725  -2.94  13.668  61.14
61  6  PRO  N  -50.951  0.232  14.251  176.17
62  6  PRO  CA  -50.776  1.337  13.305  63.16
63  6  PRO  C  -49.592  2.233  13.66  176.54
64  6  PRO  O  -49.721  3.456  13.712  8.6
65  6  PRO  CB  -52.088  2.106  13.436  31.92
66  6  PRO  CG  -52.513  1.881  14.847  4.27
67  6  PRO  CD  -52.034  0.5  15.218  50.61
68  6  PRO  HA  -50.675  1.015  12.396  4.41
69  6  PRO  HB2  -51.934  3.047  13.255  2.3
70  6  PRO  HB3  -52.739  1.752  12.81  1.94
71  6  PRO  HG2  -52.103  2.545  15.424  60.97
72  6  PRO  HG3  -53.48  1.93  14.911  175.87
73  6  PRO  HD2  -51.695  0.493  16.127  3.71
74  6  PRO  HD3  -52.753  -0.144  15.118  61.95
75  7  SER  N  -48.439  1.618  13.902  114.02
76  7  SER  CA  -47.233  2.361  14.249  58.27
77  7  SER  C  -46.022  1.862  13.46  174.34
78  7  SER  O  -44.904  2.336  13.665  3.95
79  7  SER  CB  -46.957  2.249  15.749  63.72
80  7  SER  OG  -45.788  2.966  16.108  26.76
81  7  SER  H  -48.401  0.76  13.851  8.53
82  7  SER  HA  -47.386  3.293  14.027  4.47
83  7  SER  HB2  -47.709  2.612  16.243  3.86
84  7  SER  HB3  -46.836  1.316  15.984  4.4
85  7  SER  HG  -45.954  3.463  16.764  28.34
86  8  LYS  N  -46.244  0.904  12.559  121.12
87  8  LYS  CA  -45.163  0.351  11.749  56.4
88  8  LYS  C  -43.997  -0.1  12.626  174.29
89  8  LYS  O  -42.84  -0.053  12.21  8.37
90  8  LYS  CB  -44.676  1.379  10.722  32.89
91  8  LYS  CG  -45.671  1.66  9.603  24.76
92  8  LYS  CD  -46.945  2.316  10.116  28.75
93  8  LYS  CE  -46.659  3.65  10.788  42.18
94  8  LYS  NZ  -47.901  4.293  11.297  2.47
95  8  LYS  H  -47.042  0.603  12.451  8.53
96  8  LYS  HA  -45.513  -0.421  11.277  4.31
97  8  LYS  HB2  -44.491  2.214  11.18  1.85
98  8  LYS  HB3  -43.855  1.053  10.321  1.77
99  8  LYS  HG2  -45.256  2.251  8.956  1.42
100  8  LYS  HG3  -45.902  0.822  9.173  177.77
101  8  LYS  HD2  -47.542  2.467  9.367  1.69
102  8  LYS  HD3  -47.372  1.724  10.755  41.88
103  8  LYS  HE2  -46.053  3.503  11.531  3.02
104  8  LYS  HE3  -46.24  4.24  10.142  4.53
105  8  LYS  HZ1  -48.544  4.247  10.683  2.09
106  8  LYS  HZ2  -47.748  5.149  11.488  8.09
107  8  LYS  HZ3  -48.179  3.88  12.035  4.31
108  9  ASP  N  -44.313  -0.537  13.841  118.9
109  9  ASP  CA  -43.295  -0.997  14.778  54.32
110  9  ASP  C  -42.288  0.108  15.082  175.98
111  9  ASP  O  -41.15  -0.165  15.462  174.21
112  9  ASP  CB  -42.571  -2.222  14.215  41.05
113  9  ASP  CG  -43.512  -3.382  13.958  66.63
114  9  ASP  OD1  -44.148  -3.856  14.923  7.29
115  9  ASP  OD2  -43.613  -3.817  12.791  7.34
116  9  ASP  H  -45.139  -0.548  14.08  8.46
117  9  ASP  HA  -43.742  -1.247  15.602  4.59
118  9  ASP  HB2  -42.145  -1.981  13.377  2.74
119  9  ASP  HB3  -41.894  -2.509  14.847  2.62
120  10  CYS  N  -42.714  1.358  14.913  117.59
121  10  CYS  CA  -41.848  2.504  15.171  58.76
122  10  CYS  C  -40.527  2.372  14.42  174.53
123  10  CYS  O  -39.571  1.78  14.922  23.31
124  10  CYS  CB  -41.584  2.641  16.67  22.6
125  10  CYS  SG  -40.537  4.047  17.112  8.14
126  10  CYS  H  -43.52  1.494  14.646  8.44
127  10  CYS  HA  -42.306  3.299  14.857  4.47
128  10  CYS  HB2  -42.431  2.75  17.13  3.19
129  10  CYS  HB3  -41.149  1.835  16.991  2.94
130  10  CYS  HG  -39.744  4.211  16.226  4.02
131  11  GLY  N  -40.482  2.925  13.214  108.61
132  11  GLY  CA  -39.276  2.857  12.411  45.02
133  11  GLY  C  -39.391  1.855  11.279  173.35
134  11  GLY  O  -38.382  1.363  10.772  3.7
135  11  GLY  H  -41.179  3.326  12.908  8.61
136  11  GLY  HA2  -39.098  3.734  12.036  3.98
137  11  GLY  HA3  -38.534  2.602  12.981  61.39
138  12  SER  N  -40.623  1.55  10.882  177.37
139  12  SER  CA  -40.867  0.599  9.802  56.22
140  12  SER  C  -40.374  -0.795  10.182  172.19
141  12  SER  O  -39.535  -0.945  11.07  180.85
142  12  SER  CB  -40.18  1.066  8.516  63.3
143  12  SER  OG  -40.67  2.331  8.106  4.27
144  12  SER  H  -41.293  1.922  11.272  8.25
145  12  SER  HA  -41.824  0.561  9.651  4.75
146  12  SER  HB2  -39.225  1.137  8.67  3.84
147  12  SER  HB3  -40.347  0.422  7.81  121.77
148  12  SER  HG  -40.182  2.937  8.423  66.01
149  13  PRO  N  -40.893  -1.84  9.511  176.17
150  13  PRO  CA  -40.506  -3.228  9.78  63.18
151  13  PRO  C  -39  -3.4  9.947  176.87
152  13  PRO  O  -38.528  -3.836  10.996  22.62
153  13  PRO  CB  -40.989  -3.962  8.532  31.88
154  13  PRO  CG  -42.185  -3.191  8.093  7.94
155  13  PRO  CD  -41.902  -1.751  8.435  3.85
156  13  PRO  HA  -40.96  -3.58  10.562  4.46
157  13  PRO  HB2  -40.292  -3.953  7.858  2.21
158  13  PRO  HB3  -41.218  -4.877  8.758  180.43
159  13  PRO  HG2  -42.309  -3.292  7.136  174.01
160  13  PRO  HG3  -42.971  -3.502  8.569  18.68
161  13  PRO  HD2  -41.545  -1.285  7.663  3.68
162  13  PRO  HD3  -42.708  -1.315  8.753  4.25
163  14  LYS  N  -38.252  -3.062  8.903  118.71
164  14  LYS  CA  -36.8  -3.185  8.931  56.3
165  14  LYS  C  -36.145  -2.177  7.993  175.74
166  14  LYS  O  -35.386  -1.311  8.429  120.43
167  14  LYS  CB  -36.388  -4.607  8.543  32.88
168  14  LYS  CG  -36.808  -5.661  9.555  27.72
169  14  LYS  CD  -36.14  -5.438  10.902  42.9
170  14  LYS  CE  -36.569  -6.486  11.917  39.06
171  14  LYS  NZ  -35.92  -6.276  13.241  2.88
172  14  LYS  H  -38.634  -2.766  8.191  8.4
173  14  LYS  HA  -36.503  -3.008  9.837  4.36
174  14  LYS  HB2  -36.796  -4.827  7.691  1.96
175  14  LYS  HB3  -35.423  -4.64  8.45  1.77
176  14  LYS  HG2  -37.77  -5.62  9.671  1.44
177  14  LYS  HG3  -36.557  -6.536  9.219  1.69
178  14  LYS  HD2  -35.178  -5.487  10.789  1.69
179  14  LYS  HD3  -36.383  -4.559  11.233  1.41
180  14  LYS  HE2  -37.532  -6.438  12.027  2.99
181  14  LYS  HE3  -36.326  -7.363  11.581  3.14
182  14  LYS  HZ1  -36.456  -5.804  13.772  58.55
183  14  LYS  HZ2  -35.154  -5.834  13.139  6.88
184  14  LYS  HZ3  -35.75  -7.06  13.626  2.97
185  15  TYR  N  -36.441  -2.295  6.703  117.77
186  15  TYR  CA  -35.877  -1.393  5.705  57.5
187  15  TYR  C  -36.983  -0.719  4.898  174.68
188  15  TYR  O  -37.193  0.489  5.004  58.31
189  15  TYR  CB  -34.933  -2.161  4.774  38.76
190  15  TYR  CG  -34.214  -1.286  3.769  28.39
191  15  TYR  CD1  -34.907  -0.648  2.748  28.42
192  15  TYR  CD2  -32.84  -1.098  3.846  44
193  15  TYR  CE1  -34.251  0.152  1.832  3.41
194  15  TYR  CE2  -32.177  -0.299  2.934  116.13
195  15  TYR  CZ  -32.886  0.323  1.93  8.1
196  15  TYR  OH  -32.23  1.119  1.02  3.69
197  15  TYR  H  -36.976  -2.919  6.45  8.08
198  15  TYR  HA  -35.372  -0.71  6.173  4.53
199  15  TYR  HB2  -34.261  -2.613  5.308  2.96
200  15  TYR  HB3  -35.445  -2.822  4.282  2.83
201  15  TYR  HD1  -35.827  -0.766  2.682  7.04
202  15  TYR  HD2  -32.363  -1.519  4.524  7
203  15  TYR  HE1  -34.73  0.573  1.155  117.3
204  15  TYR  HE2  -31.256  -0.184  3  59.33
205  15  TYR  HH  -31.762  1.685  1.428  118.84
206  16  ALA  N  -37.688  -1.509  4.093  122.81
207  16  ALA  CA  -38.775  -0.988  3.269  52.1
208  16  ALA  C  -39.426  -2.097  2.448  176.26
209  16  ALA  O  -40.634  -2.079  2.212  28.17
210  16  ALA  CB  -38.266  0.115  2.351  19.43
211  16  ALA  H  -37.5  -2.348  4.06  8.22
212  16  ALA  HA  -39.441  -0.604  3.861  4.25
213  16  ALA  HB1  -38.963  0.777  2.225  3.99
214  16  ALA  HB2  -38.022  -0.266  1.493  8.02
215  16  ALA  HB3  -37.489  0.536  2.751  4.11
216  17  TYR  N  -38.619  -3.061  2.013  116.84
217  17  TYR  CA  -39.115  -4.173  1.218  57.83
218  17  TYR  C  -39.773  -3.677  -0.064  174.94
219  17  TYR  O  -40.658  -4.329  -0.615  2.34
220  17  TYR  CB  -40.098  -5.017  2.028  38.75
221  17  TYR  CG  -39.5  -5.572  3.301  178.37
222  17  TYR  CD1  -39.198  -4.74  4.373  121.54
223  17  TYR  CD2  -39.225  -6.927  3.426  57.73
224  17  TYR  CE1  -38.641  -5.244  5.533  176.47
225  17  TYR  CE2  -38.67  -7.437  4.582  54.9
226  17  TYR  CZ  -38.379  -6.593  5.632  39.24
227  17  TYR  OH  -37.825  -7.1  6.785  26.6
228  17  TYR  H  -37.78  -3.028  2.201  8.03
229  17  TYR  HA  -38.352  -4.722  0.979  4.61
230  17  TYR  HB2  -40.863  -4.471  2.27  3.19
231  17  TYR  HB3  -40.395  -5.764  1.486  2.92
232  17  TYR  HD1  -39.377  -3.83  4.305  2.19
233  17  TYR  HD2  -39.421  -7.495  2.716  1.41
234  17  TYR  HE1  -38.445  -4.674  6.241  1.01
235  17  TYR  HE2  -38.491  -8.347  4.648  24.99
236  17  TYR  HH  -38.398  -7.559  7.193  7.68
237  18  PHE  N  -39.318  -2.524  -0.536  119.86
238  18  PHE  CA  -39.836  -1.936  -1.764  57.58
239  18  PHE  C  -39.516  -2.833  -2.959  174.76
240  18  PHE  O  -40.098  -2.684  -4.033  0.93
241  18  PHE  CB  -39.232  -0.543  -1.99  39.69
242  18  PHE  CG  -37.751  -0.562  -2.27  55.18
243  18  PHE  CD1  -36.837  -0.859  -1.269  180.17
244  18  PHE  CD2  -37.275  -0.301  -3.545  8.53
245  18  PHE  CE1  -35.483  -0.892  -1.534  17.49
246  18  PHE  CE2  -35.92  -0.329  -3.815  8.41
247  18  PHE  CZ  -35.023  -0.626  -2.808  3.78
248  18  PHE  H  -38.692  -2.118  -0.108  8.19
249  18  PHE  HA  -40.799  -1.855  -1.676  4.59
250  18  PHE  HB2  -39.672  -0.126  -2.747  3.01
251  18  PHE  HB3  -39.379  -0.003  -1.198  114.83
252  18  PHE  HD1  -37.14  -1.032  -0.407  7
253  18  PHE  HD2  -37.878  -0.1  -4.224  178.57
254  18  PHE  HE1  -34.884  -1.095  -0.853  7.22
255  18  PHE  HE2  -35.613  -0.149  -4.674  29.35
256  18  PHE  HZ  -34.111  -0.648  -2.988  35.96
257  19  ASN  N  -38.574  -3.756  -2.759  119.12
258  19  ASN  CA  -38.148  -4.68  -3.805  53.09
259  19  ASN  C  -37.374  -3.949  -4.897  175.77
260  19  ASN  O  -36.147  -4.023  -4.955  8.05
261  19  ASN  CB  -39.344  -5.419  -4.417  3.99
262  19  ASN  CG  -40.024  -6.348  -3.431  2.03
263  19  ASN  OD1  -40.536  -5.913  -2.402  2.03
264  19  ASN  ND2  -40.033  -7.638  -3.744  112.89
265  19  ASN  H  -38.195  -3.804  -1.989  8.46
266  19  ASN  HA  -37.559  -5.328  -3.388  4.62
267  19  ASN  HB2  -39.996  -4.771  -4.727  2.75
268  19  ASN  HB3  -39.037  -5.946  -5.171  173.27
269  19  ASN  HD21  -39.658  -7.881  -4.479  6.95
270  19  ASN  HD22  -40.414  -8.185  -3.2  7.65
271  20  GLY  N  -38.097  -3.244  -5.761  106.1
272  20  GLY  CA  -37.455  -2.513  -6.838  45.43
273  20  GLY  C  -38.363  -1.47  -7.46  173.59
274  20  GLY  O  -39.25  -1.8  -8.248  4.01
275  20  GLY  H  -38.953  -3.224  -5.679  7.83
276  20  GLY  HA2  -36.665  -2.071  -6.489  3.95
277  20  GLY  HA3  -37.184  -3.142  -7.525  3.84
278  21  CYS  N  -38.141  -0.208  -7.106  116.28
279  21  CYS  CA  -38.945  0.888  -7.636  58.39
280  21  CYS  C  -38.204  1.624  -8.75  173.91
281  21  CYS  O  -38.528  2.767  -9.07  18.06
282  21  CYS  CB  -39.303  1.871  -6.519  28.16
283  21  CYS  SG  -40.232  1.13  -5.156  2.16
284  21  CYS  H  -37.507  -0.033  -6.552  8.18
285  21  CYS  HA  -39.762  0.511  -7.999  4.55
286  21  CYS  HB2  -38.487  2.244  -6.15  3.13
287  21  CYS  HB3  -39.844  2.586  -6.889  2.89
288  21  CYS  HG  -41.172  1.838  -4.92  45.01
289  22  SER  N  -37.201  0.968  -9.333  116.11
290  22  SER  CA  -36.413  1.571  -10.405  58.3
291  22  SER  C  -35.929  2.96  -10.003  173.53
292  22  SER  O  -35.694  3.817  -10.854  3.96
293  22  SER  CB  -37.24  1.668  -11.687  63.74
294  22  SER  OG  -36.456  2.153  -12.763  120.04
295  22  SER  H  -37.01  0.172  -9.07  8.59
296  22  SER  HA  -35.643  1.003  -10.566  4.55
297  22  SER  HB2  -37.582  0.79  -11.918  3.85
298  22  SER  HB3  -37.981  2.278  -11.542  42.73
299  22  SER  HG  -35.765  1.682  -12.842  27
300  23  SER  N  -35.791  3.178  -8.699  22.59
301  23  SER  CA  -35.346  4.463  -8.181  56.25
302  23  SER  C  -33.866  4.694  -8.456  172.23
303  23  SER  O  -33.011  4.028  -7.873  4.73
304  23  SER  CB  -35.6  4.547  -6.675  63.51
305  23  SER  OG  -36.988  4.562  -6.389  1.62
306  23  SER  H  -35.973  2.545  -8.146  8.38
307  23  SER  HA  -35.862  5.155  -8.624  4.47
308  23  SER  HB2  -35.202  3.776  -6.24  3.83
309  23  SER  HB3  -35.197  5.357  -6.326  3.71
310  23  SER  HG  -37.155  4.006  -5.782  116.73
311  24  PRO  N  -33.533  5.665  -9.327  122.84
312  24  PRO  CA  -32.139  5.987  -9.636  63.21
313  24  PRO  C  -31.34  6.253  -8.362  176.52
314  24  PRO  O  -30.112  6.184  -8.358  61.85
315  24  PRO  CB  -32.241  7.258  -10.485  31.94
316  24  PRO  CG  -33.608  7.211  -11.076  118.51
317  24  PRO  CD  -34.478  6.535  -10.052  50.61
318  24  PRO  HA  -31.712  5.281  -10.146  4.47
319  24  PRO  HB2  -32.124  8.037  -9.919  2.27
320  24  PRO  HB3  -31.557  7.246  -11.173  1.96
321  24  PRO  HG2  -33.925  8.112  -11.245  2.49
322  24  PRO  HG3  -33.595  6.696  -11.898  2.16
323  24  PRO  HD2  -34.872  7.191  -9.456  3.68
324  24  PRO  HD3  -35.169  6.01  -10.486  2.06
325  25  THR  N  -32.063  6.552  -7.281  111.61
326  25  THR  CA  -31.462  6.825  -5.982  61.43
327  25  THR  C  -30.64  5.635  -5.493  173.62
328  25  THR  O  -31.067  4.892  -4.609  59.86
329  25  THR  CB  -32.562  7.144  -4.969  69.94
330  25  THR  OG1  -33.495  6.075  -4.897  1.68
331  25  THR  CG2  -33.328  8.408  -5.297  21.67
332  25  THR  H  -32.92  6.585  -7.35  8.26
333  25  THR  HA  -30.881  7.596  -6.074  4.31
334  25  THR  HB  -32.162  7.256  -4.093  4.19
335  25  THR  HG1  -34.179  6.32  -4.475  8.05
336  25  THR  HG21  -33.333  8.993  -4.523  9.15
337  25  THR  HG22  -34.24  8.181  -5.537  7.88
338  25  THR  HG23  -32.901  8.861  -6.041  8.83
339  26  ALA  N  -29.461  5.46  -6.076  4.07
340  26  ALA  CA  -28.578  4.361  -5.702  50.58
341  26  ALA  C  -27.78  4.696  -4.443  174.86
342  26  ALA  O  -27.758  3.917  -3.49  1.88
343  26  ALA  CB  -27.64  4.024  -6.853  18.21
344  26  ALA  H  -29.212  6.008  -6.69  8.31
345  26  ALA  HA  -29.13  3.583  -5.526  4.55
346  26  ALA  HB1  -27.611  4.768  -7.475  8.17
347  26  ALA  HB2  -27.963  3.232  -7.31  4.89
348  26  ALA  HB3  -26.749  3.858  -6.507  1.85
349  27  PRO  N  -27.109  5.862  -4.422  118.51
350  27  PRO  CA  -26.308  6.292  -3.271  62.98
351  27  PRO  C  -27.129  6.361  -1.988  175.71
352  27  PRO  O  -28.18  5.73  -1.875  56.51
353  27  PRO  CB  -25.82  7.69  -3.668  32.24
354  27  PRO  CG  -25.907  7.721  -5.153  177.57
355  27  PRO  CD  -27.075  6.85  -5.515  50.61
356  27  PRO  HA  -25.546  5.708  -3.134  4.41
357  27  PRO  HB2  -26.395  8.36  -3.265  2.28
358  27  PRO  HB3  -24.907  7.813  -3.365  2.05
359  27  PRO  HG2  -26.058  8.63  -5.457  8.96
360  27  PRO  HG3  -25.091  7.367  -5.539  4.36
361  27  PRO  HD2  -27.893  7.371  -5.538  3.65
362  27  PRO  HD3  -26.922  6.416  -6.369  2.62
363  28  LEU  N  -26.642  7.134  -1.025  120.64
364  28  LEU  CA  -27.328  7.29  0.253  56.01
365  28  LEU  C  -27.456  8.763  0.624  176.64
366  28  LEU  O  -28.541  9.237  0.963  1.87
367  28  LEU  CB  -26.581  6.539  1.359  42.06
368  28  LEU  CG  -26.467  5.026  1.162  26.99
369  28  LEU  CD1  -27.845  4.404  0.994  24.11
370  28  LEU  CD2  -25.58  4.702  -0.032  24.11
371  28  LEU  H  -25.904  7.554  -1.159  8.72
372  28  LEU  HA  -28.217  6.912  0.161  4.42
373  28  LEU  HB2  -25.685  6.906  1.422  1.68
374  28  LEU  HB3  -27.038  6.702  2.199  2.3
375  28  LEU  HG  -26.061  4.636  1.952  1.65
376  28  LEU  HD11  -28.096  4.423  0.057  2.28
377  28  LEU  HD12  -28.492  4.908  1.512  2.28
378  28  LEU  HD13  -27.825  3.485  1.305  9.39
379  28  LEU  HD21  -26.13  4.399  -0.771  4.91
380  28  LEU  HD22  -24.953  4.003  0.211  118.78
381  28  LEU  HD23  -25.091  5.496  -0.298  59.47
382  29  SER  N  -26.341  9.484  0.551  177.77
383  29  SER  CA  -26.322  10.908  0.874  58.47
384  29  SER  C  -24.918  11.491  0.728  172.21
385  29  SER  O  -24.745  12.549  0.123  71.5
386  29  SER  CB  -26.848  11.154  2.292  63.6
387  29  SER  OG  -26.825  12.535  2.61  124.94
388  29  SER  H  -25.613  9.101  0.302  8.47
389  29  SER  HA  -26.904  11.358  0.242  4.63
390  29  SER  HB2  -27.762  10.837  2.356  3.76
391  29  SER  HB3  -26.295  10.678  2.931  4.04
392  29  SER  HG  -26.036  12.819  2.57  3.3
393  30  PRO  N  -23.887  10.818  1.274  3.07
394  30  PRO  CA  -22.504  11.29  1.188  63.13
395  30  PRO  C  -21.895  11.045  -0.192  175.52
396  30  PRO  O  -20.749  10.608  -0.304  4.93
397  30  PRO  CB  -21.762  10.463  2.254  31.92
398  30  PRO  CG  -22.813  9.668  2.964  119.53
399  30  PRO  CD  -23.969  9.556  2.015  58.97
400  30  PRO  HA  -22.438  12.233  1.404  4.43
401  30  PRO  HB2  -21.115  9.884  1.822  174.29
402  30  PRO  HB3  -21.303  11.062  2.864  28.7
403  30  PRO  HG2  -22.469  8.787  3.18  35.96
404  30  PRO  HG3  -23.085  10.13  3.772  7.68
405  30  PRO  HD2  -23.852  8.796  1.424  131.76
406  30  PRO  HD3  -24.806  9.489  2.501  176.65
407  31  MET  N  -22.665  11.327  -1.24  117.43
408  31  MET  CA  -22.197  11.135  -2.607  55.13
409  31  MET  C  -21.203  12.225  -2.998  175.57
410  31  MET  O  -21.123  13.267  -2.349  2.12
411  31  MET  CB  -23.383  11.13  -3.574  32.55
412  31  MET  CG  -22.988  10.941  -5.03  31.95
413  31  MET  SD  -24.415  10.849  -6.128  119.12
414  31  MET  CE  -25.214  12.412  -5.775  16.76
415  31  MET  H  -23.459  11.631  -1.11  8.5
416  31  MET  HA  -21.75  10.275  -2.651  4.61
417  31  MET  HB2  -23.984  10.41  -3.327  1.99
418  31  MET  HB3  -23.854  11.974  -3.495  2.15
419  31  MET  HG2  -22.436  11.69  -5.303  2.63
420  31  MET  HG3  -22.479  10.119  -5.111  2.63
421  31  MET  HE1  -25.468  12.441  -4.839  171.44
422  31  MET  HE2  -26.006  12.504  -6.327  2.12
423  31  MET  HE3  -24.601  13.139  -5.966  65.8
424  32  SER  N  -20.445  11.975  -4.061  7.92
425  32  SER  CA  -19.454  12.934  -4.537  56.21
426  32  SER  C  -19.983  13.724  -5.732  173.47
427  32  SER  O  -19.78  13.334  -6.881  3.3
428  32  SER  CB  -18.163  12.211  -4.924  62.99
429  32  SER  OG  -18.397  11.263  -5.952  128.61
430  32  SER  H  -20.54  11.229  -4.478  8.37
431  32  SER  HA  -19.263  13.55  -3.813  4.69
432  32  SER  HB2  -17.514  12.859  -5.24  3.73
433  32  SER  HB3  -17.808  11.75  -4.148  3.84
434  32  SER  HG  -18.031  10.534  -5.751  64.49
435  33  PRO  N  -20.667  14.855  -5.478  174.87
436  33  PRO  CA  -21.216  15.699  -6.544  63.28
437  33  PRO  C  -20.121  16.234  -7.464  176.87
438  33  PRO  O  -18.936  16.022  -7.21  23.9
439  33  PRO  CB  -21.895  16.85  -5.788  31.89
440  33  PRO  CG  -21.282  16.839  -4.43  8.65
441  33  PRO  CD  -20.951  15.404  -4.141  50.61
442  33  PRO  HA  -21.874  15.22  -7.071  4.37
443  33  PRO  HB2  -21.722  17.686  -6.248  2.29
444  33  PRO  HB3  -22.851  16.691  -5.746  2.01
445  33  PRO  HG2  -20.476  17.378  -4.427  8.83
446  33  PRO  HG3  -21.917  17.176  -3.779  21.71
447  33  PRO  HD2  -20.172  15.346  -3.566  3.61
448  33  PRO  HD3  -21.709  14.955  -3.736  3.88
449  34  PRO  N  -20.497  16.938  -8.55  111.51
450  34  PRO  CA  -19.535  17.5  -9.503  63.24
451  34  PRO  C  -18.427  18.291  -8.814  177.02
452  34  PRO  O  -18.53  19.506  -8.647  31.8
453  34  PRO  CB  -20.384  18.429  -10.386  63.25
454  34  PRO  CG  -21.719  18.517  -9.718  114.57
455  34  PRO  CD  -21.879  17.244  -8.941  50.61
456  34  PRO  HA  -19.137  16.806  -10.052  4.38
457  34  PRO  HB2  -19.961  19.3  -10.44  2.26
458  34  PRO  HB3  -20.46  18.049  -11.275  2.01
459  34  PRO  HG2  -21.738  19.28  -9.119  2.4
460  34  PRO  HG3  -22.418  18.593  -10.386  110.72
461  34  PRO  HD2  -22.442  17.387  -8.164  3.62
462  34  PRO  HD3  -22.244  16.545  -9.506  173.87
463  35  GLY  N  -17.368  17.593  -8.417  106.98
464  35  GLY  CA  -16.257  18.247  -7.753  44.08
465  35  GLY  C  -15.114  18.552  -8.701  173.42
466  35  GLY  O  -14.345  17.662  -9.063  7.57
467  35  GLY  H  -17.344  16.745  -8.557  8.61
468  35  GLY  HA2  -16.57  19.078  -7.362  3.89
469  35  GLY  HA3  -15.931  17.669  -7.045  3.83
470  36  TYR  N  -15.001  19.814  -9.101  117.79
471  36  TYR  CA  -13.94  20.234  -10.011  58.1
472  36  TYR  C  -12.963  21.17  -9.306  174.93
473  36  TYR  O  -13.007  22.386  -9.492  175.27
474  36  TYR  CB  -14.522  20.922  -11.251  38.74
475  36  TYR  CG  -15.312  22.178  -10.951  31.63
476  36  TYR  CD1  -16.54  22.118  -10.303  33.5
477  36  TYR  CD2  -14.823  23.428  -11.313  7.18
478  36  TYR  CE1  -17.259  23.265  -10.027  120.25
479  36  TYR  CE2  -15.537  24.58  -11.04  53.27
480  36  TYR  CZ  -16.753  24.493  -10.398  7.97
481  36  TYR  OH  -17.466  25.638  -10.124  4.44
482  36  TYR  H  -15.565  20.396  -8.813  7.97
483  36  TYR  HA  -13.459  19.439  -10.29  4.51
484  36  TYR  HB2  -13.796  21.165  -11.847  3.11
485  36  TYR  HB3  -15.112  20.302  -11.707  2.99
486  36  TYR  HD1  -16.88  21.289  -10.056  7.05
487  36  TYR  HD2  -14.002  23.484  -11.747  6.79
488  36  TYR  HE1  -18.079  23.206  -9.593  119.91
489  36  TYR  HE2  -15.195  25.408  -11.29  50.36
490  36  TYR  HH  -17.996  25.796  -10.756  176.87
491  37  LYS  N  -12.082  20.591  -8.497  121.44
492  37  LYS  CA  -11.09  21.367  -7.762  55.67
493  37  LYS  C  -10.178  20.451  -6.95  174.86
494  37  LYS  O  -8.975  20.692  -6.846  3.8
495  37  LYS  CB  -11.772  22.378  -6.834  33.18
496  37  LYS  CG  -12.593  21.746  -5.717  28.91
497  37  LYS  CD  -13.794  20.982  -6.254  178.46
498  37  LYS  CE  -14.674  20.469  -5.125  42.16
499  37  LYS  NZ  -13.934  19.547  -4.22  62.23
500  37  LYS  H  -12.096  19.736  -8.407  8.18
501  37  LYS  HA  -10.551  21.848  -8.409  4.22
502  37  LYS  HB2  -11.091  22.937  -6.428  1.63
503  37  LYS  HB3  -12.362  22.937  -7.364  1.73
504  37  LYS  HG2  -12.029  21.131  -5.223  1.31
505  37  LYS  HG3  -12.906  22.447  -5.124  4.54
506  37  LYS  HD2  -14.318  21.573  -6.818  2.55
507  37  LYS  HD3  -13.482  20.226  -6.776  2.22
508  37  LYS  HE2  -14.995  21.226  -4.61  2.97
509  37  LYS  HE3  -15.429  19.996  -5.509  1.98
510  37  LYS  HZ1  -14.498  19.158  -3.652  3.83
511  37  LYS  HZ2  -13.324  19.999  -3.755  3.83
512  37  LYS  HZ3  -13.523  18.916  -4.695  122.95
513  38  LEU  N  -10.758  19.4  -6.379  121.54
514  38  LEU  CA  -10.001  18.445  -5.577  55.13
515  38  LEU  C  -9.402  19.117  -4.343  176.69
516  38  LEU  O  -9.958  19.028  -3.248  28.02
517  38  LEU  CB  -8.898  17.798  -6.42  42.42
518  38  LEU  CG  -8.014  16.8  -5.672  24.49
519  38  LEU  CD1  -8.849  15.654  -5.121  24.78
520  38  LEU  CD2  -6.918  16.272  -6.586  59.27
521  38  LEU  H  -11.603  19.279  -6.485  8.23
522  38  LEU  HA  -10.617  17.755  -5.284  4.33
523  38  LEU  HB2  -9.316  17.336  -7.163  1.67
524  38  LEU  HB3  -8.331  18.5  -6.774  2.07
525  38  LEU  HG  -7.591  17.249  -4.924  1.67
526  38  LEU  HD11  -9.205  15.131  -5.856  2.43
527  38  LEU  HD12  -9.58  16.012  -4.594  117.71
528  38  LEU  HD13  -8.293  15.089  -4.562  7.88
529  38  LEU  HD21  -7.232  16.276  -7.504  111.65
530  38  LEU  HD22  -6.69  15.365  -6.327  61
531  38  LEU  HD23  -6.133  16.837  -6.511  176.97
532  39  VAL  N  -8.269  19.792  -4.523  120.06
533  39  VAL  CA  -7.605  20.476  -3.42  62.05
534  39  VAL  C  -7.051  21.824  -3.866  175.85
535  39  VAL  O  -7.408  22.867  -3.319  8.86
536  39  VAL  CB  -6.455  19.626  -2.839  32.58
537  39  VAL  CG1  -5.807  20.33  -1.653  24.49
538  39  VAL  CG2  -6.956  18.244  -2.44  20.9
539  39  VAL  H  -7.92  19.827  -5.308  8.38
540  39  VAL  HA  -8.26  20.623  -2.72  4.21
541  39  VAL  HB  -5.781  19.516  -3.528  2.1
542  39  VAL  HG11  -4.844  20.339  -1.769  177.67
543  39  VAL  HG12  -6.03  19.859  -0.835  177.41
544  39  VAL  HG13  -6.134  21.242  -1.599  42.11
545  39  VAL  HG21  -6.614  17.584  -3.063  32.28
546  39  VAL  HG22  -7.926  18.232  -2.457  24.19
547  39  VAL  HG23  -6.647  18.034  -1.545  4.49
548  40  THR  N  -6.173  21.79  -4.861  115.61
549  40  THR  CA  -5.556  23.005  -5.39  61.84
550  40  THR  C  -4.964  23.855  -4.268  174.54
551  40  THR  O  -4.844  25.074  -4.398  1.58
552  40  THR  CB  -6.579  23.821  -6.182  1.99
553  40  THR  OG1  -7.662  24.21  -5.356  2.19
554  40  THR  CG2  -7.152  23.074  -7.367  21.7
555  40  THR  H  -5.959  21.03  -5.202  8.34
556  40  THR  HA  -4.84  22.736  -5.987  4.33
557  40  THR  HB  -6.149  24.623  -6.517  4.2
558  40  THR  HG1  -7.367  24.585  -4.664  113.15
559  40  THR  HG21  -6.681  23.337  -8.173  119.51
560  40  THR  HG22  -8.094  23.288  -7.459  59.9
561  40  THR  HG23  -7.049  22.12  -7.229  177.67
562  41  GLY  N  -4.599  23.205  -3.167  108.65
563  41  GLY  CA  -4.028  23.916  -2.039  45.1
564  41  GLY  C  -4.834  23.719  -0.772  173.2
565  41  GLY  O  -4.432  22.971  0.119  43.18
566  41  GLY  H  -4.707  22.353  -3.125  8.49
567  41  GLY  HA2  -3.125  23.595  -1.89  3.98
568  41  GLY  HA3  -3.996  24.863  -2.247  1.9
569  42  ASP  N  -5.981  24.383  -0.698  118.09
570  42  ASP  CA  -6.855  24.272  0.463  54.13
571  42  ASP  C  -7.569  22.929  0.464  176.87
572  42  ASP  O  -8.389  22.647  -0.409  1.86
573  42  ASP  CB  -7.876  25.411  0.473  41.12
574  42  ASP  CG  -8.796  25.356  1.678  1.72
575  42  ASP  OD1  -8.287  25.427  2.816  1.62
576  42  ASP  OD2  -10.024  25.241  1.482  3.36
577  42  ASP  H  -6.217  24.887  -1.354  8.35
578  42  ASP  HA  -6.308  24.329  1.262  4.59
579  42  ASP  HB2  -7.406  26.26  0.486  2.65
580  42  ASP  HB3  -8.418  25.359  -0.33  2.71
581  43  ARG  N  -7.25  22.106  1.454  119.25
582  43  ARG  CA  -7.858  20.79  1.581  56.28
583  43  ARG  C  -9.38  20.894  1.675  175.9
584  43  ARG  O  -10.084  19.9  1.501  55.59
585  43  ARG  CB  -7.302  20.072  2.811  30.47
586  43  ARG  CG  -5.792  19.905  2.781  29.1
587  43  ARG  CD  -5.28  19.223  4.039  43.31
588  43  ARG  NE  -3.828  19.066  4.025  2.01
589  43  ARG  CZ  -3.134  18.501  5.01  1.98
590  43  ARG  NH1  -3.755  18.039  6.088  1.59
591  43  ARG  NH2  -1.816  18.395  4.917  8.9
592  43  ARG  H  -6.671  22.357  2.038  8.52
593  43  ARG  HA  -7.629  20.28  0.789  4.27
594  43  ARG  HB2  -7.537  20.58  3.603  1.94
595  43  ARG  HB3  -7.705  19.191  2.869  1.79
596  43  ARG  HG2  -5.549  19.367  2.011  1.63
597  43  ARG  HG3  -5.38  20.78  2.707  119.6
598  43  ARG  HD2  -5.532  19.758  4.808  3.18
599  43  ARG  HD3  -5.691  18.347  4.106  178.47
600  43  ARG  HE  -3.403  19.358  3.336  65.52
601  43  ARG  HH11  -4.61  18.104  6.155  30.16
602  43  ARG  HH12  -3.302  17.674  6.721  26.64
603  43  ARG  HH21  -1.409  18.692  4.22  43.77
604  43  ARG  HH22  -1.368  18.029  5.554  28.65
605  44  ASN  N  -9.879  22.103  1.958  116.38
606  44  ASN  CA  -11.317  22.351  2.082  53.07
607  44  ASN  C  -11.801  21.984  3.477  174.55
608  44  ASN  O  -12.5  22.757  4.132  7.61
609  44  ASN  CB  -12.109  21.553  1.04  38.66
610  44  ASN  CG  -11.479  21.609  -0.337  2.03
611  44  ASN  OD1  -11.365  22.675  -0.94  1.98
612  44  ASN  ND2  -11.058  20.452  -0.836  113.65
613  44  ASN  H  -9.337  22.76  2.076  8.57
614  44  ASN  HA  -11.469  23.298  1.937  4.68
615  44  ASN  HB2  -12.158  20.625  1.318  2.85
616  44  ASN  HB3  -13.007  21.915  0.98  2.77
617  44  ASN  HD21  -11.164  19.743  -0.361  7.03
618  44  ASN  HD22  -10.693  20.452  -1.615  7.79
619  45  ASN  N  -11.426  20.792  3.919  116.9
620  45  ASN  CA  -11.815  20.296  5.229  53.24
621  45  ASN  C  -10.6  19.815  6.023  175.15
622  45  ASN  O  -10.751  19.257  7.109  61.82
623  45  ASN  CB  -12.817  19.155  5.059  38.73
624  45  ASN  CG  -12.319  18.106  4.082  7.09
625  45  ASN  OD1  -11.355  17.393  4.357  38.07
626  45  ASN  ND2  -12.966  18.023  2.924  113.47
627  45  ASN  H  -10.942  20.291  3.414  8.39
628  45  ASN  HA  -12.24  21.022  5.712  4.72
629  45  ASN  HB2  -12.966  18.73  5.918  2.88
630  45  ASN  HB3  -13.655  19.513  4.727  2.82
631  45  ASN  HD21  -13.627  18.557  2.789  7.01
632  45  ASN  HD22  -12.695  17.446  2.347  7.76
633  46  SER  N  -9.396  20.024  5.47  113.89
634  46  SER  CA  -8.15  19.607  6.117  58.94
635  46  SER  C  -7.855  18.133  5.842  174.35
636  46  SER  O  -6.727  17.675  6.021  3.17
637  46  SER  CB  -8.192  19.859  7.627  63.72
638  46  SER  OG  -8.543  21.203  7.911  51.6
639  46  SER  H  -9.349  20.411  4.704  8.48
640  46  SER  HA  -7.434  20.137  5.734  4.45
641  46  SER  HB2  -8.844  19.27  8.038  3.85
642  46  SER  HB3  -7.316  19.681  8.004  118.34
643  46  SER  HG  -9.376  21.293  7.854  56.01
644  47  SER  N  -8.872  17.397  5.396  115.21
645  47  SER  CA  -8.719  15.983  5.082  58.84
646  47  SER  C  -8.074  15.224  6.239  174.15
647  47  SER  O  -6.916  14.814  6.158  3.31
648  47  SER  CB  -7.882  15.825  3.815  63.62
649  47  SER  OG  -6.531  16.184  4.046  112.83
650  47  SER  H  -9.64  17.766  5.28  8.48
651  47  SER  HA  -9.603  15.616  4.924  4.46
652  47  SER  HB2  -7.915  14.903  3.516  3.92
653  47  SER  HB3  -8.242  16.404  3.125  2.94
654  47  SER  HG  -6.078  16.029  3.356  59.98
655  48  CYS  N  -8.834  15.04  7.315  118.23
656  48  CYS  CA  -8.338  14.33  8.488  58.97
657  48  CYS  C  -9.48  13.659  9.246  174.16
658  48  CYS  O  -9.392  12.486  9.607  176.77
659  48  CYS  CB  -7.595  15.293  9.417  26.3
660  48  CYS  SG  -6.162  16.095  8.659  37.73
661  48  CYS  H  -9.638  15.346  7.319  8.29
662  48  CYS  HA  -7.72  13.647  8.183  4.5
663  48  CYS  HB2  -8.205  15.991  9.703  2.95
664  48  CYS  HB3  -7.283  14.805  10.195  8.33
665  48  CYS  HG  -6.529  16.636  7.653  4.53
666  49  ARG  N  -10.548  14.414  9.49  120.77
667  49  ARG  CA  -11.704  13.892  10.213  56.28
668  49  ARG  C  -12.869  13.618  9.265  175.82
669  49  ARG  O  -13.906  14.279  9.331  4.52
670  49  ARG  CB  -12.143  14.87  11.307  30.56
671  49  ARG  CG  -11.159  14.999  12.462  26.99
672  49  ARG  CD  -9.832  15.597  12.017  43.31
673  49  ARG  NE  -8.936  15.845  13.144  174.96
674  49  ARG  CZ  -9.177  16.737  14.103  40.77
675  49  ARG  NH1  -10.261  17.502  14.053  27.32
676  49  ARG  NH2  -8.324  16.874  15.109  23.86
677  49  ARG  H  -10.556  15.23  9.218  8.41
678  49  ARG  HA  -11.439  13.056  10.628  4.26
679  49  ARG  HB2  -12.26  15.748  10.912  1.89
680  49  ARG  HB3  -12.994  14.573  11.666  1.76
681  49  ARG  HG2  -11.548  15.57  13.143  1.64
682  49  ARG  HG3  -10.996  14.118  12.834  0.63
683  49  ARG  HD2  -9.4  14.979  11.407  3.2
684  49  ARG  HD3  -10.004  16.435  11.56  6.96
685  49  ARG  HE  -8.217  15.375  13.191  41.24
686  49  ARG  HH11  -10.813  17.425  13.398  25.85
687  49  ARG  HH12  -10.412  18.075  14.677  23.04
688  49  ARG  HH21  -7.616  16.387  15.143  110.31
689  49  ARG  HH22  -8.479  17.45  15.729  124.57
690  50  ASN  N  -12.694  12.636  8.387  116.78
691  50  ASN  CA  -13.733  12.273  7.428  54.33
692  50  ASN  C  -14.166  10.818  7.6  174.52
693  50  ASN  O  -15.27  10.442  7.204  38.08
694  50  ASN  CB  -13.243  12.506  5.999  40.66
695  50  ASN  CG  -12.999  13.973  5.706  175.17
696  50  ASN  OD1  -13.91  14.796  5.797  1.74
697  50  ASN  ND2  -11.765  14.309  5.35  113.04
698  50  ASN  H  -11.95  12.205  8.383  8.42
699  50  ASN  HA  -14.499  12.845  7.592  4.69
700  50  ASN  HB2  -12.412  12.024  5.865  2.89
701  50  ASN  HB3  -13.909  12.175  5.376  2.74
702  50  ASN  HD21  -11.172  13.688  5.304  7.01
703  50  ASN  HD22  -11.604  15.136  5.178  7.69
704  51  TYR  N  -13.296  10.003  8.19  118.87
705  51  TYR  CA  -13.599  8.594  8.408  58.33
706  51  TYR  C  -13.849  7.881  7.083  174.97
707  51  TYR  O  -14.928  7.993  6.5  3.01
708  51  TYR  CB  -14.818  8.445  9.32  38.42
709  51  TYR  CG  -14.607  8.998  10.713  1.95
710  51  TYR  CD1  -14.329  10.344  10.916  114.11
711  51  TYR  CD2  -14.686  8.17  11.827  61.43
712  51  TYR  CE1  -14.134  10.849  12.188  177.07
713  51  TYR  CE2  -14.493  8.668  13.101  177.33
714  51  TYR  CZ  -14.218  10.008  13.276  62.11
715  51  TYR  OH  -14.025  10.507  14.544  29.77
716  51  TYR  H  -12.537  10.313  8.449  8.25
717  51  TYR  HA  -12.831  8.189  8.84  4.47
718  51  TYR  HB2  -15.569  8.914  8.925  3.05
719  51  TYR  HB3  -15.038  7.504  9.403  2.94
720  51  TYR  HD1  -14.274  10.91  10.18  6.99
721  51  TYR  HD2  -14.871  7.267  11.706  120.04
722  51  TYR  HE1  -13.949  11.753  12.305  58.81
723  51  TYR  HE2  -14.55  8.1  13.836  177.87
724  51  TYR  HH  -14.532  11.165  14.667  2.25
725  52  ASN  N  -12.846  7.146  6.615  118.11
726  52  ASN  CA  -12.955  6.412  5.36  53.13
727  52  ASN  C  -13.153  4.924  5.622  174.34
728  52  ASN  O  -14.016  4.287  5.018  176.53
729  52  ASN  CB  -11.706  6.632  4.505  38.69
730  52  ASN  CG  -10.44  6.169  5.2  33.06
731  52  ASN  OD1  -10.096  6.657  6.277  8.54
732  52  ASN  ND2  -9.74  5.223  4.586  113.16
733  52  ASN  H  -12.114  7.101  7.064  8.41
734  52  ASN  HA  -13.728  6.752  4.883  4.61
735  52  ASN  HB2  -11.797  6.139  3.675  2.7
736  52  ASN  HB3  -11.619  7.577  4.307  2.8
737  52  ASN  HD21  -10.033  4.924  3.835  6.96
738  52  ASN  HD22  -9.018  4.944  4.961  7.63
739  53  LYS  N  -12.347  4.377  6.532  119.96
740  53  LYS  CA  -12.425  2.962  6.89  56.56
741  53  LYS  C  -12.594  2.077  5.656  176.38
742  53  LYS  O  -13.288  1.061  5.699  1.2
743  53  LYS  CB  -13.578  2.723  7.867  32.71
744  53  LYS  CG  -14.921  3.224  7.363  24.69
745  53  LYS  CD  -16.046  2.861  8.318  19.83
746  53  LYS  CE  -15.828  3.471  9.694  42.01
747  53  LYS  NZ  -16.927  3.121  10.637  3.6
748  53  LYS  H  -11.764  4.874  6.923  8.3
749  53  LYS  HA  -11.592  2.724  7.327  4.16
750  53  LYS  HB2  -13.653  1.771  8.036  1.78
751  53  LYS  HB3  -13.379  3.175  8.702  1.53
752  53  LYS  HG2  -14.884  4.189  7.277  1.4
753  53  LYS  HG3  -15.1  2.827  6.496  119.47
754  53  LYS  HD2  -16.884  3.191  7.958  58.77
755  53  LYS  HD3  -16.087  1.896  8.404  177.37
756  53  LYS  HE2  -14.989  3.142  10.052  3.02
757  53  LYS  HE3  -15.785  4.436  9.603  27.7
758  53  LYS  HZ1  -16.612  3.068  11.468  33.2
759  53  LYS  HZ2  -17.282  2.336  10.414  48.52
760  53  LYS  HZ3  -17.563  3.743  10.61  7.44
761  54  GLN  N  -11.954  2.47  4.559  118.25
762  54  GLN  CA  -12.032  1.712  3.316  56.28
763  54  GLN  C  -10.653  1.57  2.68  176.04
764  54  GLN  O  -9.651  2.009  3.244  2.15
765  54  GLN  CB  -12.991  2.392  2.337  28.98
766  54  GLN  CG  -12.58  3.808  1.968  33.8
767  54  GLN  CD  -13.544  4.458  0.995  2.15
768  54  GLN  OE1  -14.729  4.614  1.287  123.04
769  54  GLN  NE2  -13.038  4.84  -0.172  113.16
770  54  GLN  H  -11.481  3.188  4.584  8.41
771  54  GLN  HA  -12.372  0.828  3.527  4.46
772  54  GLN  HB2  -13.033  1.865  1.524  1.98
773  54  GLN  HB3  -13.874  2.426  2.738  2.06
774  54  GLN  HG2  -12.549  4.344  2.776  2.38
775  54  GLN  HG3  -11.699  3.782  1.562  27.02
776  54  GLN  HE21  -12.202  4.702  -0.317  7
777  54  GLN  HE22  -13.565  5.211  -0.742  7.67
778  55  ALA  N  -10.61  0.952  1.503  122.15
779  55  ALA  CA  -9.354  0.749  0.786  53.14
780  55  ALA  C  -8.468  -0.263  1.506  177.89
781  55  ALA  O  -8.218  -1.351  0.99  7.52
782  55  ALA  CB  -8.618  2.07  0.614  18.87
783  55  ALA  H  -11.342  0.665  1.154  8.35
784  55  ALA  HA  -9.568  0.406  -0.096  4.23
785  55  ALA  HB1  -9.256  2.772  0.411  1.81
786  55  ALA  HB2  -7.98  1.993  -0.113  1.72
787  55  ALA  HB3  -8.148  2.288  1.434  3.27
788  56  SER  N  -8.002  0.116  2.7  112.01
789  56  SER  CA  -7.135  -0.729  3.532  59.04
790  56  SER  C  -5.667  -0.362  3.336  174.36
791  56  SER  O  -4.983  0.013  4.287  6.45
792  56  SER  CB  -7.338  -2.223  3.245  63.61
793  56  SER  OG  -6.616  -3.02  4.167  6.8
794  56  SER  H  -8.219  0.894  2.995  8.29
795  56  SER  HA  -7.368  -0.558  4.458  4.5
796  56  SER  HB2  -8.281  -2.439  3.316  3.9
797  56  SER  HB3  -7.025  -2.424  2.349  2.67
798  56  SER  HG  -6.57  -3.808  3.881  67.8
799  57  GLU  N  -5.186  -0.47  2.1  119.77
800  57  GLU  CA  -3.796  -0.145  1.794  56.98
801  57  GLU  C  -3.483  -0.351  0.312  176.5
802  57  GLU  O  -3.021  -1.417  -0.094  3.83
803  57  GLU  CB  -2.85  -0.989  2.654  29.88
804  57  GLU  CG  -3.112  -2.485  2.567  33.81
805  57  GLU  CD  -2.182  -3.29  3.454  1.76
806  57  GLU  OE1  -0.952  -3.214  3.249  7.45
807  57  GLU  OE2  -2.684  -3.996  4.354  9.48
808  57  GLU  H  -5.705  -0.736  1.468  8.39
809  57  GLU  HA  -3.661  0.791  2.01  4.33
810  57  GLU  HB2  -1.938  -0.824  2.367  2.06
811  57  GLU  HB3  -2.945  -0.718  3.58  1.93
812  57  GLU  HG2  -4.026  -2.658  2.841  2.3
813  57  GLU  HG3  -2.988  -2.771  1.648  2.22
814  58  GLN  N  -3.729  0.681  -0.489  117.78
815  58  GLN  CA  -3.463  0.621  -1.924  56.26
816  58  GLN  C  -2.664  1.838  -2.378  176.37
817  58  GLN  O  -2.784  2.278  -3.522  4
818  58  GLN  CB  -4.77  0.54  -2.718  32.49
819  58  GLN  CG  -5.507  -0.782  -2.567  29.14
820  58  GLN  CD  -5.932  -1.059  -1.141  0.69
821  58  GLN  OE1  -6.637  -0.26  -0.525  1.44
822  58  GLN  NE2  -5.506  -2.2  -0.609  112.92
823  58  GLN  H  -4.046  1.406  -0.152  8.28
824  58  GLN  HA  -2.939  -0.177  -2.096  4.19
825  58  GLN  HB2  -5.36  1.249  -2.419  1.85
826  58  GLN  HB3  -4.571  0.67  -3.658  2.06
827  58  GLN  HG2  -6.299  -0.762  -3.127  2.38
828  58  GLN  HG3  -4.923  -1.499  -2.862  57.49
829  58  GLN  HE21  -5.017  -2.715  -1.094  6.92
830  58  GLN  HE22  -5.737  -2.381  0.199  7.48
831  59  ASN  N  -1.852  2.383  -1.477  116.9
832  59  ASN  CA  -1.04  3.553  -1.794  54.37
833  59  ASN  C  0.439  3.293  -1.53  174.99
834  59  ASN  O  1.213  4.226  -1.321  38.6
835  59  ASN  CB  -1.508  4.758  -0.979  38.51
836  59  ASN  CG  -1.425  4.513  0.515  4.43
837  59  ASN  OD1  -0.348  4.258  1.055  2.93
838  59  ASN  ND2  -2.565  4.589  1.191  113.44
839  59  ASN  H  -1.805  2.04  -0.69  8.39
840  59  ASN  HA  -1.156  3.748  -2.737  4.69
841  59  ASN  HB2  -0.949  5.52  -1.196  2.86
842  59  ASN  HB3  -2.429  4.959  -1.208  2.78
843  59  ASN  HD21  -3.284  4.771  0.756  7.01
844  59  ASN  HD22  -2.543  4.455  2.04  7.76
845  60  TRP  N  0.827  2.024  -1.542  119.37
846  60  TRP  CA  2.215  1.651  -1.305  57.93
847  60  TRP  C  2.766  0.813  -2.456  175.59
848  60  TRP  O  3.966  0.831  -2.73  4.41
849  60  TRP  CB  2.334  0.885  0.01  29.25
850  60  TRP  CG  1.405  -0.284  0.095  1.92
851  60  TRP  CD1  0.043  -0.243  0.177  2.78
852  60  TRP  CD2  1.766  -1.668  0.095  2.78
853  60  TRP  NE1  -0.464  -1.517  0.233  129.24
854  60  TRP  CE2  0.573  -2.409  0.183  24
855  60  TRP  CE3  2.982  -2.354  0.029  25.88
856  60  TRP  CZ2  0.561  -3.798  0.206  123.07
857  60  TRP  CZ3  2.968  -3.735  0.052  55.32
858  60  TRP  CH2  1.764  -4.445  0.14  179.27
859  60  TRP  H  0.247  1.408  -1.693  8.21
860  60  TRP  HA  2.734  2.468  -1.239  4.57
861  60  TRP  HB2  3.242  0.557  0.109  3.29
862  60  TRP  HB3  2.128  1.486  0.743  3.31
863  60  TRP  HD1  -0.457  0.541  0.195  1.35
864  60  TRP  HE1  -1.298  -1.721  0.288  10.15
865  60  TRP  HE3  3.79  -1.897  -0.03  7.01
866  60  TRP  HZ2  -0.232  -4.28  0.262  7.23
867  60  TRP  HZ3  3.769  -4.206  0.009  7.43
868  60  TRP  HH2  1.796  -5.374  0.154  179.47
869  61  ALA  N  1.882  0.08  -3.13  121.54
870  61  ALA  CA  2.278  -0.763  -4.254  53.43
871  61  ALA  C  2.992  -2.019  -3.774  177.49
872  61  ALA  O  4.139  -1.964  -3.331  33.47
873  61  ALA  CB  3.16  0.013  -5.223  18.72
874  61  ALA  H  1.054  0.103  -2.897  8.23
875  61  ALA  HA  1.473  -1.027  -4.726  4.34
876  61  ALA  HB1  3.168  -0.436  -6.083  2.93
877  61  ALA  HB2  4.064  0.058  -4.874  2.75
878  61  ALA  HB3  2.809  0.911  -5.331  119.13
879  62  ASN  N  2.304  -3.149  -3.868  114.3
880  62  ASN  CA  2.866  -4.426  -3.449  53.65
881  62  ASN  C  3.74  -5.034  -4.541  174.94
882  62  ASN  O  4.441  -6.018  -4.305  32.88
883  62  ASN  CB  1.745  -5.4  -3.084  38.32
884  62  ASN  CG  0.729  -5.548  -4.199  60.37
885  62  ASN  OD1  1.054  -6.003  -5.296  173.61
886  62  ASN  ND2  -0.51  -5.157  -3.924  8.15
887  62  ASN  H  1.505  -3.127  -4.186  8.17
888  62  ASN  HA  3.413  -4.268  -2.663  4.58
889  62  ASN  HB2  2.128  -6.272  -2.901  2.78
890  62  ASN  HB3  1.289  -5.079  -2.291  2.67
891  62  ASN  HD21  -0.672  -4.846  -3.139  7.01
892  62  ASN  HD22  -1.105  -5.226  -4.541  7.68
893  63  TYR  N  3.694  -4.454  -5.741  118.73
894  63  TYR  CA  4.482  -4.949  -6.873  58.82
895  63  TYR  C  3.971  -6.309  -7.339  175.92
896  63  TYR  O  4.117  -6.669  -8.507  58.03
897  63  TYR  CB  5.966  -5.06  -6.509  38.67
898  63  TYR  CG  6.53  -3.811  -5.874  176.67
899  63  TYR  CD1  6.255  -3.508  -4.551  30.64
900  63  TYR  CD2  7.318  -2.927  -6.6  52.31
901  63  TYR  CE1  6.745  -2.369  -3.963  177.97
902  63  TYR  CE2  7.819  -1.778  -6.016  175.55
903  63  TYR  CZ  7.529  -1.504  -4.696  41.85
904  63  TYR  OH  8.022  -0.361  -4.109  8.65
905  63  TYR  H  3.184  -3.771  -5.857  8.11
906  63  TYR  HA  4.383  -4.315  -7.6  4.56
907  63  TYR  HB2  6.085  -5.79  -5.882  2.99
908  63  TYR  HB3  6.477  -5.244  -7.313  2.56
909  63  TYR  HD1  5.735  -4.094  -4.05  7.01
910  63  TYR  HD2  7.51  -3.117  -7.49  7.01
911  63  TYR  HE1  6.54  -2.191  -3.073  6.76
912  63  TYR  HE2  8.348  -1.197  -6.513  6.76
913  63  TYR  HH  7.811  0.307  -4.573  62.34
914  64  SER  N  3.381  -7.061  -6.413  114.68
915  64  SER  CA  2.852  -8.389  -6.711  58.73
916  64  SER  C  3.988  -9.386  -6.902  174.4
917  64  SER  O  3.957  -10.216  -7.81  22.65
918  64  SER  CB  1.961  -8.359  -7.957  63.72
919  64  SER  OG  0.899  -7.433  -7.802  4.08
920  64  SER  H  3.317  -6.757  -5.611  8.29
921  64  SER  HA  2.319  -8.67  -5.951  4.26
922  64  SER  HB2  2.49  -8.101  -8.728  3.71
923  64  SER  HB3  1.586  -9.241  -8.104  4
924  64  SER  HG  1.212  -6.676  -7.614  3.35
925  65  ALA  N  4.99  -9.296  -6.034  123.16
926  65  ALA  CA  6.142  -10.188  -6.1  53.65
927  65  ALA  C  6.843  -10.28  -4.749  178.45
928  65  ALA  O  8.045  -10.54  -4.679  55.86
929  65  ALA  CB  7.113  -9.714  -7.17  18.75
930  65  ALA  H  4.958  -8.697  -5.418  8.31
931  65  ALA  HA  5.823  -11.07  -6.35  4.19
932  65  ALA  HB1  7.984  -10.113  -7.015  177.27
933  65  ALA  HB2  7.188  -8.748  -7.134  4.08
934  65  ALA  HB3  6.787  -9.981  -8.044  30.83
935  66  GLU  N  6.086  -10.066  -3.678  116.45
936  66  GLU  CA  6.634  -10.125  -2.327  57.49
937  66  GLU  C  6.034  -11.283  -1.534  177.08
938  66  GLU  O  6.531  -11.633  -0.465  2.9
939  66  GLU  CB  6.381  -8.806  -1.594  29.56
940  66  GLU  CG  7.013  -7.602  -2.273  33.81
941  66  GLU  CD  8.52  -7.721  -2.387  8.42
942  66  GLU  OE1  9.187  -7.833  -1.337  3.91
943  66  GLU  OE2  9.033  -7.702  -3.525  2.06
944  66  GLU  H  5.251  -9.888  -3.783  8.28
945  66  GLU  HA  7.591  -10.265  -2.399  4.17
946  66  GLU  HB2  5.424  -8.657  -1.539  1.99
947  66  GLU  HB3  6.742  -8.873  -0.696  3.36
948  66  GLU  HG2  6.642  -7.518  -3.165  2.26
949  66  GLU  HG3  6.802  -6.808  -1.758  2.2
950  67  GLN  N  4.965  -11.878  -2.058  117.21
951  67  GLN  CA  4.315  -12.994  -1.383  56.81
952  67  GLN  C  5.305  -14.106  -1.087  176.11
953  67  GLN  O  5.322  -14.647  0.013  177.01
954  67  GLN  CB  3.164  -13.541  -2.217  28.8
955  67  GLN  CG  2.073  -12.521  -2.502  59.93
956  67  GLN  CD  1.422  -11.993  -1.238  179.47
957  67  GLN  OE1  2.082  -11.397  -0.387  4.72
958  67  GLN  NE2  0.118  -12.209  -1.11  113.22
959  67  GLN  H  4.651  -11.601  -2.809  8.21
960  67  GLN  HA  3.966  -12.669  -0.538  4.14
961  67  GLN  HB2  3.513  -13.859  -3.064  2.1
962  67  GLN  HB3  2.769  -14.286  -1.737  1.98
963  67  GLN  HG2  2.462  -11.774  -2.984  2.23
964  67  GLN  HG3  1.391  -12.939  -3.051  119.71
965  67  GLN  HE21  -0.287  -12.631  -1.74  6.92
966  67  GLN  HE22  -0.274  -11.919  -0.402  7.48
967  68  ASN  N  6.138  -14.441  -2.065  116.1
968  68  ASN  CA  7.132  -15.486  -1.869  53.77
969  68  ASN  C  7.982  -15.155  -0.659  175.33
970  68  ASN  O  8.257  -16.011  0.188  7.18
971  68  ASN  CB  8.013  -15.64  -3.112  38.56
972  68  ASN  CG  7.243  -16.061  -4.359  2.09
973  68  ASN  OD1  7.816  -16.146  -5.445  2.21
974  68  ASN  ND2  5.947  -16.338  -4.219  113.3
975  68  ASN  H  6.096  -14.03  -2.819  8.34
976  68  ASN  HA  6.661  -16.317  -1.697  4.65
977  68  ASN  HB2  8.444  -14.791  -3.296  2.84
978  68  ASN  HB3  8.694  -16.308  -2.934  2.8
979  68  ASN  HD21  5.593  -16.271  -3.438  6.99
980  68  ASN  HD22  5.507  -16.575  -4.919  7.64
981  69  ARG  N  8.367  -13.893  -0.569  118.48
982  69  ARG  CA  9.155  -13.428  0.548  56.89
983  69  ARG  C  8.373  -13.595  1.839  176.43
984  69  ARG  O  8.89  -14.104  2.833  3.97
985  69  ARG  CB  9.54  -11.964  0.357  30.32
986  69  ARG  CG  10.717  -11.757  -0.582  2.18
987  69  ARG  CD  10.43  -12.31  -1.968  3.18
988  69  ARG  NE  11.553  -12.111  -2.881  2.64
989  69  ARG  CZ  11.556  -12.509  -4.152  2.9
990  69  ARG  NH1  10.499  -13.127  -4.663  119.36
991  69  ARG  NH2  12.619  -12.287  -4.913  65.61
992  69  ARG  H  8.127  -13.335  -1.178  8.21
993  69  ARG  HA  9.956  -13.973  0.589  4.25
994  69  ARG  HB2  8.777  -11.488  -0.007  1.87
995  69  ARG  HB3  9.761  -11.586  1.223  1.79
996  69  ARG  HG2  10.898  -10.807  -0.654  1.69
997  69  ARG  HG3  11.494  -12.209  -0.217  7.54
998  69  ARG  HD2  10.25  -13.26  -1.894  3.3
999  69  ARG  HD3  9.649  -11.861  -2.327  7.54
1000  69  ARG  HE  12.25  -11.713  -2.572  4.37
1001  69  ARG  HH11  9.807  -13.273  -4.174  4.41
1002  69  ARG  HH12  10.507  -13.382  -5.484  41.3
1003  69  ARG  HH21  13.307  -11.887  -4.586  57.9
1004  69  ARG  HH22  12.622  -12.544  -5.734  178.85
1005  70  MET  N  7.114  -13.173  1.81  117.38
1006  70  MET  CA  6.252  -13.289  2.979  56.31
1007  70  MET  C  6.082  -14.749  3.359  176.68
1008  70  MET  O  5.97  -15.088  4.538  173.57
1009  70  MET  CB  4.889  -12.65  2.721  1.59
1010  70  MET  CG  4.95  -11.18  2.323  32.48
1011  70  MET  SD  5.634  -10.119  3.614  4.14
1012  70  MET  CE  7.377  -10.518  3.517  16.82
1013  70  MET  H  6.803  -12.832  1.084  8.33
1014  70  MET  HA  6.687  -12.835  3.718  4.42
1015  70  MET  HB2  4.445  -13.138  2.01  2.06
1016  70  MET  HB3  4.359  -12.723  3.53  6.45
1017  70  MET  HG2  5.504  -11.096  1.531  2.54
1018  70  MET  HG3  4.051  -10.878  2.118  2.54
1019  70  MET  HE1  7.624  -11.079  4.269  4.33
1020  70  MET  HE2  7.897  -9.7  3.539  30.57
1021  70  MET  HE3  7.556  -10.99  2.689  27.82
1022  71  GLY  N  6.092  -15.61  2.355  107.11
1023  71  GLY  CA  5.967  -17.025  2.599  45.48
1024  71  GLY  C  7.126  -17.526  3.425  173.78
1025  71  GLY  O  6.939  -18.218  4.426  173.67
1026  71  GLY  H  6.191  -15.321  1.551  8.39
1027  71  GLY  HA2  5.136  -17.199  3.069  3.95
1028  71  GLY  HA3  5.961  -17.488  1.747  3.38
1029  72  GLN  N  8.329  -17.137  3.019  117.27
1030  72  GLN  CA  9.535  -17.508  3.742  56.11
1031  72  GLN  C  9.477  -16.947  5.153  175.87
1032  72  GLN  O  9.448  -17.687  6.136  3.52
1033  72  GLN  CB  10.765  -16.958  3.025  29.33
1034  72  GLN  CG  11.108  -17.694  1.742  33.78
1035  72  GLN  CD  12.339  -17.132  1.058  44.7
1036  72  GLN  OE1  12.373  -15.961  0.681  173.57
1037  72  GLN  NE2  13.358  -17.967  0.894  112.82
1038  72  GLN  H  8.394  -16.633  2.325  8.25
1039  72  GLN  HA  9.586  -18.476  3.78  4.31
1040  72  GLN  HB2  10.603  -16.028  2.804  2.11
1041  72  GLN  HB3  11.525  -17.008  3.626  1.98
1042  72  GLN  HG2  11.27  -18.627  1.951  2.38
1043  72  GLN  HG3  10.355  -17.626  1.134  173.57
1044  72  GLN  HE21  13.272  -18.774  1.179  6.97
1045  72  GLN  HE22  14.068  -17.672  0.508  7.62
1046  73  ALA  N  9.452  -15.62  5.226  122.85
1047  73  ALA  CA  9.385  -14.896  6.495  53.09
1048  73  ALA  C  8.493  -15.611  7.51  177.87
1049  73  ALA  O  8.878  -15.802  8.663  8.03
1050  73  ALA  CB  8.871  -13.483  6.256  3.95
1051  73  ALA  H  9.475  -15.171  4.493  8.54
1052  73  ALA  HA  10.284  -14.834  6.854  4.31
1053  73  ALA  HB1  8.726  -13.043  7.108  1.5
1054  73  ALA  HB2  8.035  -13.521  5.765  175.28
1055  73  ALA  HB3  9.525  -12.985  5.741  42.76
1056  74  GLY  N  7.3  -16  7.071  106
1057  74  GLY  CA  6.373  -16.686  7.953  45.14
1058  74  GLY  C  6.691  -18.161  8.096  173.74
1059  74  GLY  O  6.422  -18.763  9.136  132.98
1060  74  GLY  H  7.078  -15.841  6.256  8.5
1061  74  GLY  HA2  6.409  -16.271  8.829  3.97
1062  74  GLY  HA3  5.476  -16.592  7.597  176.57
1063  75  SER  N  7.264  -18.745  7.049  113.06
1064  75  SER  CA  7.619  -20.159  7.062  58.22
1065  75  SER  C  8.709  -20.442  8.09  174.4
1066  75  SER  O  8.839  -21.565  8.577  3.39
1067  75  SER  CB  8.084  -20.602  5.673  63.83
1068  75  SER  OG  8.432  -21.975  5.666  8.46
1069  75  SER  H  7.43  -18.277  6.347  8.27
1070  75  SER  HA  6.825  -20.662  7.303  4.53
1071  75  SER  HB2  7.37  -20.457  5.033  3.91
1072  75  SER  HB3  8.86  -20.081  5.414  3.48
1073  75  SER  HG  7.847  -22.415  6.078  107.47
1074  76  THR  N  9.492  -19.419  8.416  113.97
1075  76  THR  CA  10.57  -19.561  9.387  61.93
1076  76  THR  C  10.023  -19.957  10.754  174.11
1077  76  THR  O  10.669  -20.686  11.506  7.54
1078  76  THR  CB  11.357  -18.255  9.499  69.84
1079  76  THR  OG1  10.514  -17.195  9.915  26.95
1080  76  THR  CG2  12.012  -17.838  8.2  21.63
1081  76  THR  H  9.36  -18.654  8.046  8.41
1082  76  THR  HA  11.163  -20.262  9.073  4.39
1083  76  THR  HB  12.057  -18.365  10.162  4.28
1084  76  THR  HG1  9.775  -17.254  9.521  35.75
1085  76  THR  HG21  11.505  -18.194  7.454  26.87
1086  76  THR  HG22  12.918  -18.184  8.169  3.43
1087  76  THR  HG23  12.033  -16.87  8.144  3.43
1088  77  ILE  N  8.828  -19.472  11.066  120.86
1089  77  ILE  CA  8.188  -19.772  12.341  61.2
1090  77  ILE  C  9.04  -19.287  13.51  175.59
1091  77  ILE  O  10.123  -19.816  13.764  0.97
1092  77  ILE  CB  7.927  -21.285  12.496  38.61
1093  77  ILE  CG1  7.062  -21.795  11.343  27.32
1094  77  ILE  CG2  7.259  -21.58  13.833  3.45
1095  77  ILE  CD  5.708  -21.123  11.263  116.33
1096  77  ILE  H  8.421  -18.967  10.501  8.29
1097  77  ILE  HA  7.334  -19.312  12.363  4.2
1098  77  ILE  HB  8.781  -21.744  12.479  1.74
1099  77  ILE  HG12  7.523  -21.634  10.505  1.5
1100  77  ILE  HG13  6.917  -22.748  11.452  1.21
1101  77  ILE  HG21  7.939  -21.757  14.502  175.53
1102  77  ILE  HG22  6.685  -22.357  13.742  9.18
1103  77  ILE  HG23  6.728  -20.815  14.105  7.52
1104  77  ILE  HD11  4.937  -21.876  11.195  4.78
1105  77  ILE  HD12  5.672  -20.49  10.389  2.06
1106  77  ILE  HD13  5.55  -20.525  12.148  2.06
1107  78  SER  N  8.544  -18.279  14.22  117.52
1108  78  SER  CA  9.26  -17.724  15.363  58.2
1109  78  SER  C  8.427  -16.655  16.059  173.9
1110  78  SER  O  8.443  -16.539  17.285  8.62
1111  78  SER  CB  10.599  -17.136  14.917  63.71
1112  78  SER  OG  11.304  -16.582  16.014  123.89
1113  78  SER  H  7.782  -17.947  14  8.5
1114  78  SER  HA  9.425  -18.446  15.989  4.43
1115  78  SER  HB2  11.141  -17.835  14.519  3.84
1116  78  SER  HB3  10.442  -16.438  14.263  40.94
1117  78  SER  HG  11.202  -15.748  16.022  25.36
1118  79  ASN  N  7.703  -15.875  15.268  118.91
1119  79  ASN  CA  6.863  -14.811  15.8  53.12
1120  79  ASN  C  5.398  -15.042  15.437  173.9
1121  79  ASN  O  4.875  -14.427  14.508  4.93
1122  79  ASN  CB  7.329  -13.458  15.261  38.7
1123  79  ASN  CG  6.518  -12.302  15.815  1.52
1124  79  ASN  OD1  5.305  -12.229  15.619  1.11
1125  79  ASN  ND2  7.188  -11.392  16.512  112.96
1126  79  ASN  H  7.733  -16.001  14.418  8.57
1127  79  ASN  HA  6.951  -14.814  16.766  4.74
1128  79  ASN  HB2  8.259  -13.323  15.503  2.8
1129  79  ASN  HB3  7.246  -13.458  14.295  4.2
1130  79  ASN  HD21  8.035  -11.501  16.615  7.01
1131  79  ASN  HD22  6.75  -10.727  16.837  7.7
1132  80  SER  N  4.743  -15.931  16.176  113.73
1133  80  SER  CA  3.339  -16.243  15.932  58.6
1134  80  SER  C  2.439  -15.526  16.934  174.01
1135  80  SER  O  1.56  -16.136  17.544  31.36
1136  80  SER  CB  3.11  -17.754  16.009  63.62
1137  80  SER  OG  3.466  -18.26  17.284  49.93
1138  80  SER  H  5.157  -16.333  16.814  8.35
1139  80  SER  HA  3.118  -15.937  15.039  4.35
1140  80  SER  HB2  2.173  -17.946  15.848  3.83
1141  80  SER  HB3  3.651  -18.196  15.336  1.87
1142  80  SER  HG  3.107  -17.791  17.882  1.87
1143  81  HSE  N  2.665  -14.227  17.099  117.8
1144  81  HSE  CA  1.878  -13.422  18.027  55.54
1145  81  HSE  C  2.311  -11.961  17.995  173.56
1146  81  HSE  O  1.473  -11.061  17.944  58.79
1147  81  HSE  CB  1.978  -13.992  19.448  29.63
1148  81  HSE  CG  3.372  -14.352  19.871  29.2
1149  81  HSE  ND1  4.36  -13.419  20.106  27.06
1150  81  HSE  CD2  3.94  -15.561  20.097  63.34
1151  81  HSE  CE1  5.473  -14.038  20.457  177.02
1152  81  HSE  NE2  5.245  -15.337  20.46  7.48
1153  81  HSE  H  3.381  -13.798  16.585  8.55
1154  81  HSE  HA  0.847  -13.474  17.71  4.7
1155  81  HSE  HB2  1.602  -13.26  20.146  3.27
1156  81  HSE  HB3  1.372  -14.884  19.511  3.13
1157  81  HSE  HD1  4.26  -12.45  20.033  3.5
1158  81  HSE  HD2  3.455  -16.523  20.008  3.28
1159  81  HSE  HE1  6.411  -13.561  20.702  7.24
1160  81  HSE  HE2  5.924  -16.03  20.597  122.44
1161  82  ALA  N  3.62  -11.726  18.016  122.48
1162  82  ALA  CA  4.154  -10.366  17.984  52.41
1163  82  ALA  C  3.41  -9.453  18.956  176.95
1164  82  ALA  O  3.323  -8.243  18.746  58.62
1165  82  ALA  CB  4.077  -9.812  16.569  19.33
1166  82  ALA  H  4.166  -12.39  18.043  8.33
1167  82  ALA  HA  5.087  -10.403  18.246  4.29
1168  82  ALA  HB1  4.94  -9.906  16.137  8.92
1169  82  ALA  HB2  3.833  -8.874  16.602  22.18
1170  82  ALA  HB3  3.408  -10.302  16.066  7.75
1171  83  GLN  N  2.873  -10.042  20.018  4.89
1172  83  GLN  CA  2.135  -9.283  21.019  53.91
1173  83  GLN  C  3.054  -8.814  22.149  173.74
1174  83  GLN  O  2.989  -7.658  22.566  2.19
1175  83  GLN  CB  0.988  -10.123  21.588  28.72
1176  83  GLN  CG  0.061  -10.692  20.528  31.98
1177  83  GLN  CD  -1.109  -11.45  21.124  1.56
1178  83  GLN  OE1  -1.907  -10.891  21.877  114.46
1179  83  GLN  NE2  -1.217  -12.73  20.79  113.21
1180  83  GLN  H  2.959  -10.892  20.116  8.53
1181  83  GLN  HA  1.764  -8.501  20.58  4.56
1182  83  GLN  HB2  1.358  -10.862  22.095  1.99
1183  83  GLN  HB3  0.46  -9.568  22.183  1.84
1184  83  GLN  HG2  -0.284  -9.962  19.99  2.34
1185  83  GLN  HG3  0.567  -11.299  19.965  9.06
1186  83  GLN  HE21  -0.627  -13.062  20.26  6.97
1187  83  GLN  HE22  -1.872  -13.182  21.116  7.63
1188  84  PRO  N  3.922  -9.704  22.67  2.79
1189  84  PRO  CA  4.843  -9.363  23.761  63.14
1190  84  PRO  C  5.825  -8.25  23.385  176.17
1191  84  PRO  O  6.198  -7.438  24.232  2.67
1192  84  PRO  CB  5.582  -10.681  24.037  31.85
1193  84  PRO  CG  4.712  -11.738  23.454  67.92
1194  84  PRO  CD  4.075  -11.108  22.254  50.61
1195  84  PRO  HA  4.356  -9.096  24.556  4.51
1196  84  PRO  HB2  6.451  -10.666  23.605  2.19
1197  84  PRO  HB3  5.69  -10.8  24.994  1.93
1198  84  PRO  HG2  5.248  -12.502  23.192  23.65
1199  84  PRO  HG3  4.034  -12.002  24.096  7.97
1200  84  PRO  HD2  4.66  -11.18  21.483  3.58
1201  84  PRO  HD3  3.213  -11.514  22.07  2.24
1202  85  PHE  N  6.231  -8.198  22.115  116.99
1203  85  PHE  CA  7.155  -7.155  21.658  57.41
1204  85  PHE  C  7.092  -6.959  20.146  174.53
1205  85  PHE  O  6.722  -5.886  19.67  5.17
1206  85  PHE  CB  8.603  -7.447  22.084  39.36
1207  85  PHE  CG  9.005  -8.893  22.005  1.33
1208  85  PHE  CD1  8.579  -9.794  22.963  120.11
1209  85  PHE  CD2  9.809  -9.349  20.974  57.66
1210  85  PHE  CE1  8.946  -11.125  22.897  178.87
1211  85  PHE  CE2  10.18  -10.678  20.9  0.44
1212  85  PHE  CZ  9.748  -11.568  21.863  39.73
1213  85  PHE  H  5.936  -8.777  21.552  8.22
1214  85  PHE  HA  6.876  -6.326  22.079  4.55
1215  85  PHE  HB2  9.203  -6.947  21.509  3.14
1216  85  PHE  HB3  8.728  -7.151  22.999  2.97
1217  85  PHE  HD1  8.041  -9.496  23.661  4.47
1218  85  PHE  HD2  10.1  -8.75  20.325  2.85
1219  85  PHE  HE1  8.654  -11.722  23.548  2.85
1220  85  PHE  HE2  10.72  -10.973  20.202  119.82
1221  85  PHE  HZ  9.996  -12.463  21.816  56.99
1222  86  ASP  N  7.462  -7.99  19.394  119.1
1223  86  ASP  CA  7.453  -7.915  17.936  53.72
1224  86  ASP  C  8.489  -6.909  17.438  174.58
1225  86  ASP  O  8.338  -6.326  16.365  1.35
1226  86  ASP  CB  6.064  -7.518  17.429  41.2
1227  86  ASP  CG  5.952  -7.589  15.918  1.45
1228  86  ASP  OD1  6.933  -8.004  15.266  8.27
1229  86  ASP  OD2  4.879  -7.235  15.386  4.51
1230  86  ASP  H  7.717  -8.718  19.775  8.12
1231  86  ASP  HA  7.677  -8.793  17.59  4.52
1232  86  ASP  HB2  5.404  -8.115  17.815  2.46
1233  86  ASP  HB3  5.873  -6.609  17.708  60.46
1234  87  PHE  N  9.542  -6.708  18.225  177.47
1235  87  PHE  CA  10.598  -5.77  17.86  55.81
1236  87  PHE  C  11.614  -6.41  16.911  173.44
1237  87  PHE  O  11.985  -5.811  15.902  31.25
1238  87  PHE  CB  11.299  -5.237  19.115  39
1239  87  PHE  CG  10.439  -4.322  19.939  117.93
1240  87  PHE  CD1  9.884  -3.183  19.38  8.68
1241  87  PHE  CD2  10.19  -4.599  21.273  4.05
1242  87  PHE  CE1  9.095  -2.337  20.136  2.1
1243  87  PHE  CE2  9.401  -3.758  22.034  2.1
1244  87  PHE  CZ  8.852  -2.625  21.465  2.58
1245  87  PHE  H  9.601  -7.139  18.967  8.18
1246  87  PHE  HA  10.179  -5.025  17.401  4.81
1247  87  PHE  HB2  11.556  -5.984  19.678  3.14
1248  87  PHE  HB3  12.093  -4.747  18.851  2.9
1249  87  PHE  HD1  10.045  -2.988  18.485  7.16
1250  87  PHE  HD2  10.559  -5.361  21.658  60.36
1251  87  PHE  HE1  8.727  -1.575  19.75  7.03
1252  87  PHE  HE2  9.239  -3.954  22.929  7.29
1253  87  PHE  HZ  8.321  -2.057  21.976  29.19
1254  88  PRO  N  12.081  -7.638  17.212  26.33
1255  88  PRO  CA  13.055  -8.337  16.364  63.56
1256  88  PRO  C  12.534  -8.551  14.948  176.38
1257  88  PRO  O  13.3  -8.533  13.984  8.12
1258  88  PRO  CB  13.253  -9.686  17.066  31.87
1259  88  PRO  CG  12.799  -9.464  18.467  25.46
1260  88  PRO  CD  11.704  -8.441  18.387  50.61
1261  88  PRO  HA  13.899  -7.861  16.328  4.39
1262  88  PRO  HB2  12.719  -10.364  16.624  2.31
1263  88  PRO  HB3  14.19  -9.935  17.034  1.97
1264  88  PRO  HG2  12.459  -10.293  18.839  1.75
1265  88  PRO  HG3  13.535  -9.129  19.003  1.69
1266  88  PRO  HD2  10.846  -8.872  18.252  3.65
1267  88  PRO  HD3  11.69  -7.897  19.19  3.24
1268  89  ASP  N  11.226  -8.754  14.831  116.37
1269  89  ASP  CA  10.599  -8.973  13.534  54.33
1270  89  ASP  C  10.139  -7.651  12.926  175.44
1271  89  ASP  O  8.99  -7.513  12.506  2.91
1272  89  ASP  CB  9.413  -9.93  13.673  40.66
1273  89  ASP  CG  8.745  -10.229  12.344  114.51
1274  89  ASP  OD1  9.204  -9.692  11.314  61.37
1275  89  ASP  OD2  7.764  -11.001  12.333  175.67
1276  89  ASP  H  10.738  -8.757  15.539  8.48
1277  89  ASP  HA  11.26  -9.373  12.947  4.53
1278  89  ASP  HB2  9.723  -10.766  14.055  2.65
1279  89  ASP  HB3  8.754  -9.535  14.265  8.14
1280  90  ASP  N  11.045  -6.68  12.883  117.46
1281  90  ASP  CA  10.736  -5.369  12.327  54.44
1282  90  ASP  C  11.994  -4.712  11.767  176.03
1283  90  ASP  O  12.214  -3.513  11.941  112.02
1284  90  ASP  CB  10.107  -4.474  13.397  41
1285  90  ASP  CG  9.672  -3.127  12.849  54.75
1286  90  ASP  OD1  9.837  -2.898  11.632  178.67
1287  90  ASP  OD2  9.165  -2.302  13.638  3.09
1288  90  ASP  H  11.834  -6.829  13.19  8.19
1289  90  ASP  HA  10.1  -5.494  11.605  4.54
1290  90  ASP  HB2  9.328  -4.92  13.765  2.75
1291  90  ASP  HB3  10.753  -4.324  14.105  2.65
1292  91  ASN  N  12.818  -5.508  11.093  116.49
1293  91  ASN  CA  14.055  -5.008  10.506  53.79
1294  91  ASN  C  14.176  -5.439  9.049  175.43
1295  91  ASN  O  14.491  -4.63  8.176  66.92
1296  91  ASN  CB  15.263  -5.508  11.302  38.67
1297  91  ASN  CG  15.346  -7.021  11.339  119.17
1298  91  ASN  OD1  14.433  -7.693  11.82  38.1
1299  91  ASN  ND2  16.445  -7.566  10.83  113.89
1300  91  ASN  H  12.616  -6.339  11.001  8.53
1301  91  ASN  HA  14.033  -4.039  10.545  4.68
1302  91  ASN  HB2  16.075  -5.167  10.897  2.87
1303  91  ASN  HB3  15.199  -5.181  12.213  3.79
1304  91  ASN  HD21  17.047  -7.042  10.51  7.04
1305  91  ASN  HD22  16.515  -8.423  10.84  7.79
1306  92  GLN  N  13.92  -6.718  8.79  117.68
1307  92  GLN  CA  13.997  -7.252  7.436  56.82
1308  92  GLN  C  12.853  -6.72  6.581  175.97
1309  92  GLN  O  13.053  -5.885  5.701  2.11
1310  92  GLN  CB  13.964  -8.782  7.465  28.69
1311  92  GLN  CG  15.115  -9.402  8.244  2.34
1312  92  GLN  CD  15.082  -10.925  8.274  123.05
1313  92  GLN  OE1  15.954  -11.555  8.872  116.72
1314  92  GLN  NE2  14.082  -11.531  7.634  113.74
1315  92  GLN  H  13.701  -7.241  9.437  8.5
1316  92  GLN  HA  14.839  -6.962  7.05  4.18
1317  92  GLN  HB2  13.132  -9.07  7.872  2.14
1318  92  GLN  HB3  14  -9.113  6.554  2.01
1319  92  GLN  HG2  15.949  -9.122  7.836  2.35
1320  92  GLN  HG3  15.08  -9.074  9.156  7.82
1321  92  GLN  HE21  13.497  -11.045  7.232  7.02
1322  92  GLN  HE22  14.057  -12.391  7.647  7.79
1323  93  ASN  N  11.647  -7.201  6.851  116.1
1324  93  ASN  CA  10.468  -6.766  6.108  53.69
1325  93  ASN  C  10.354  -5.242  6.097  174.93
1326  93  ASN  O  9.692  -4.668  5.232  2.69
1327  93  ASN  CB  9.205  -7.378  6.714  38.6
1328  93  ASN  CG  9.01  -6.983  8.164  57.57
1329  93  ASN  OD1  8.881  -5.802  8.485  176.57
1330  93  ASN  ND2  8.989  -7.972  9.049  113.87
1331  93  ASN  H  11.557  -7.778  7.482  8.44
1332  93  ASN  HA  10.562  -7.079  5.195  4.63
1333  93  ASN  HB2  8.433  -7.08  6.208  2.84
1334  93  ASN  HB3  9.264  -8.345  6.665  2.76
1335  93  ASN  HD21  9.086  -8.777  8.761  7.05
1336  93  ASN  HD22  8.88  -7.773  9.878  7.79
1337  94  ALA  N  10.997  -4.593  7.065  121.23
1338  94  ALA  CA  10.959  -3.141  7.165  53.1
1339  94  ALA  C  12.088  -2.486  6.372  177.77
1340  94  ALA  O  11.963  -1.34  5.94  61.19
1341  94  ALA  CB  11.025  -2.714  8.623  18.9
1342  94  ALA  H  11.441  -5.04  7.65  8.2
1343  94  ALA  HA  10.11  -2.84  6.804  4.22
1344  94  ALA  HB1  10.126  -2.643  8.98  4.62
1345  94  ALA  HB2  11.468  -1.854  8.689  5.17
1346  94  ALA  HB3  11.523  -3.374  9.13  38.1
1347  95  LYS  N  13.195  -3.205  6.187  117.46
1348  95  LYS  CA  14.331  -2.657  5.45  56.49
1349  95  LYS  C  14.173  -2.866  3.947  176.36
1350  95  LYS  O  14.519  -1.989  3.156  173.27
1351  95  LYS  CB  15.648  -3.266  5.931  32.48
1352  95  LYS  CG  15.822  -4.734  5.582  24.81
1353  95  LYS  CD  17.096  -5.3  6.187  29
1354  95  LYS  CE  17.361  -6.719  5.709  42.12
1355  95  LYS  NZ  18.621  -7.27  6.28  3.43
1356  95  LYS  H  13.244  -4  6.512  8.25
1357  95  LYS  HA  14.352  -1.703  5.622  4.22
1358  95  LYS  HB2  16.378  -2.773  5.525  1.78
1359  95  LYS  HB3  15.703  -3.173  6.895  1.84
1360  95  LYS  HG2  15.064  -5.232  5.926  1.48
1361  95  LYS  HG3  15.863  -4.825  4.617  123.61
1362  95  LYS  HD2  17.844  -4.737  5.931  1.69
1363  95  LYS  HD3  17.007  -5.305  7.153  116.22
1364  95  LYS  HE2  16.62  -7.284  5.979  2.99
1365  95  LYS  HE3  17.428  -6.715  4.741  177.37
1366  95  LYS  HZ1  19.205  -6.614  6.423  34.38
1367  95  LYS  HZ2  18.981  -7.858  5.717  61.88
1368  95  LYS  HZ3  18.453  -7.679  7.053  117.31
1369  96  LYS  N  13.635  -4.019  3.551  120.33
1370  96  LYS  CA  13.426  -4.301  2.133  56.47
1371  96  LYS  C  12.538  -3.236  1.495  176.55
1372  96  LYS  O  12.489  -3.108  0.271  4.25
1373  96  LYS  CB  12.8  -5.685  1.926  32.91
1374  96  LYS  CG  13.779  -6.841  2.074  24.75
1375  96  LYS  CD  14.186  -7.059  3.52  29
1376  96  LYS  CE  15.198  -8.185  3.649  42.12
1377  96  LYS  NZ  14.666  -9.472  3.122  3.5
1378  96  LYS  H  13.396  -4.599  4.139  8.27
1379  96  LYS  HA  14.293  -4.281  1.699  4.23
1380  96  LYS  HB2  12.09  -5.805  2.575  1.81
1381  96  LYS  HB3  12.419  -5.724  1.035  1.78
1382  96  LYS  HG2  13.36  -7.651  1.742  1.4
1383  96  LYS  HG3  14.572  -6.648  1.55  4.5
1384  96  LYS  HD2  14.578  -6.241  3.864  1.69
1385  96  LYS  HD3  13.396  -7.284  4.036  2.73
1386  96  LYS  HE2  15.996  -7.947  3.151  3
1387  96  LYS  HE3  15.423  -8.297  4.586  57.36
1388  96  LYS  HZ1  15.019  -9.645  2.323  177.37
1389  96  LYS  HZ2  13.781  -9.428  3.041  20.77
1390  96  LYS  HZ3  14.869  -10.138  3.676  33.28
1391  97  VAL  N  11.836  -2.472  2.331  119.56
1392  97  VAL  CA  10.952  -1.42  1.844  62.47
1393  97  VAL  C  11.553  -0.041  2.097  175.73
1394  97  VAL  O  11.309  0.901  1.344  8.55
1395  97  VAL  CB  9.566  -1.498  2.515  32.55
1396  97  VAL  CG1  8.633  -0.436  1.952  21.04
1397  97  VAL  CG2  8.968  -2.886  2.344  1.94
1398  97  VAL  H  11.905  -2.602  3.178  8.29
1399  97  VAL  HA  10.836  -1.543  0.889  4.03
1400  97  VAL  HB  9.677  -1.331  3.464  2.03
1401  97  VAL  HG11  8.684  0.363  2.5  43.74
1402  97  VAL  HG12  7.723  -0.771  1.955  172.29
1403  97  VAL  HG13  8.896  -0.222  1.043  118.01
1404  97  VAL  HG21  9.283  -3.464  3.056  60.09
1405  97  VAL  HG22  9.239  -3.251  1.487  178.77
1406  97  VAL  HG23  8  -2.828  2.379  4.36
1407  98  ALA  N  12.341  0.071  3.163  125.55
1408  98  ALA  CA  12.977  1.334  3.515  52.44
1409  98  ALA  C  13.832  1.856  2.365  176.89
1410  98  ALA  O  13.928  3.063  2.147  7.86
1411  98  ALA  CB  13.821  1.169  4.77  19.18
1412  98  ALA  H  12.479  -0.62  3.656  8.47
1413  98  ALA  HA  12.278  1.979  3.704  4.26
1414  98  ALA  HB1  14.304  1.992  4.945  8.63
1415  98  ALA  HB2  14.454  0.445  4.641  4.34
1416  98  ALA  HB3  13.245  0.964  5.523  2.18
1417  99  ALA  N  14.449  0.936  1.631  121.26
1418  99  ALA  CA  15.293  1.297  0.504  52.51
1419  99  ALA  C  14.458  1.519  -0.753  178.02
1420  99  ALA  O  14.675  0.874  -1.78  3.56
1421  99  ALA  CB  16.343  0.222  0.264  3.44
1422  99  ALA  H  14.347  0.105  1.827  8.39
1423  99  ALA  HA  15.751  2.122  0.729  4.27
1424  99  ALA  HB1  16.828  0.42  -0.552  24.52
1425  99  ALA  HB2  15.908  -0.641  0.18  7.39
1426  99  ALA  HB3  16.961  0.202  1.011  4.67
1427  100  GLY  N  13.5  2.435  -0.664  105.99
1428  100  GLY  CA  12.643  2.727  -1.798  45.15
1429  100  GLY  C  11.403  3.503  -1.404  173.74
1430  100  GLY  O  10.846  4.248  -2.211  4.54
1431  100  GLY  H  13.388  2.858  0.076  8.55
1432  100  GLY  HA2  13.145  3.245  -2.446  3.93
1433  100  GLY  HA3  12.371  1.891  -2.209  3.01
1434  101  HSE  N  10.97  3.332  -0.159  115.6
1435  101  HSE  CA  9.789  4.026  0.342  56.23
1436  101  HSE  C  10.104  5.483  0.686  173.92
1437  101  HSE  O  9.225  6.227  1.121  4.12
1438  101  HSE  CB  9.236  3.307  1.574  29.9
1439  101  HSE  CG  8.002  3.943  2.136  2.15
1440  101  HSE  ND1  6.836  4.089  1.414  2.45
1441  101  HSE  CD2  7.755  4.471  3.359  2.29
1442  101  HSE  CE1  5.926  4.68  2.167  121.54
1443  101  HSE  NE2  6.458  4.922  3.351  54.88
1444  101  HSE  H  11.457  2.725  0.438  8.42
1445  101  HSE  HA  9.042  4.008  -0.437  4.71
1446  101  HSE  HB2  8.992  2.289  1.309  3.29
1447  101  HSE  HB3  9.99  3.301  2.347  3.15
1448  101  HSE  HD1  6.697  3.804  0.487  4.27
1449  101  HSE  HD2  8.448  4.526  4.186  178.7
1450  101  HSE  HE1  4.917  4.923  1.866  1.92
1451  101  HSE  HE2  5.974  5.278  4.126  31.59
1452  102  GLU  N  11.357  5.887  0.488  119.41
1453  102  GLU  CA  11.773  7.251  0.776  56.8
1454  102  GLU  C  11.381  8.184  -0.363  175.9
1455  102  GLU  O  11.067  9.353  -0.14  53.9
1456  102  GLU  CB  13.285  7.309  0.998  29.9
1457  102  GLU  CG  13.764  6.44  2.151  36.08
1458  102  GLU  CD  15.265  6.511  2.354  23.64
1459  102  GLU  OE1  15.935  7.244  1.595  127.02
1460  102  GLU  OE2  15.772  5.835  3.274  8.74
1461  102  GLU  H  11.936  5.331  0.18  8.76
1462  102  GLU  HA  11.323  7.538  1.586  4.23
1463  102  GLU  HB2  13.731  7.014  0.189  2
1464  102  GLU  HB3  13.54  8.226  1.183  1.93
1465  102  GLU  HG2  13.327  6.735  2.965  2.27
1466  102  GLU  HG3  13.519  5.519  1.97  2.17
1467  103  LEU  N  11.399  7.659  -1.584  120.93
1468  103  LEU  CA  11.042  8.45  -2.755  54.97
1469  103  LEU  C  11.044  7.59  -4.015  176.6
1470  103  LEU  O  10.094  7.62  -4.798  46.66
1471  103  LEU  CB  12.013  9.624  -2.915  41.86
1472  103  LEU  CG  11.578  10.701  -3.912  59.01
1473  103  LEU  CD1  11.545  10.149  -5.33  23.54
1474  103  LEU  CD2  10.215  11.255  -3.523  23.54
1475  103  LEU  H  11.625  6.835  -1.686  8.49
1476  103  LEU  HA  10.148  8.799  -2.616  4.32
1477  103  LEU  HB2  12.13  10.042  -2.047  1.63
1478  103  LEU  HB3  12.869  9.272  -3.204  179.6
1479  103  LEU  HG  12.217  11.431  -3.89  5.73
1480  103  LEU  HD11  10.641  9.874  -5.549  8.35
1481  103  LEU  HD12  12.14  9.385  -5.395  3.94
1482  103  LEU  HD13  11.833  10.836  -5.951  2.25
1483  103  LEU  HD21  10.002  10.982  -2.617  2.12
1484  103  LEU  HD22  9.541  10.913  -4.131  2.52
1485  103  LEU  HD23  10.234  12.224  -3.573  2.31
1486  104  GLN  N  12.114  6.825  -4.209  4.14
1487  104  GLN  CA  12.229  5.962  -5.38  55.82
1488  104  GLN  C  12.814  4.602  -5.003  176.27
1489  104  GLN  O  13.8  4.526  -4.27  58.38
1490  104  GLN  CB  13.102  6.622  -6.452  28.91
1491  104  GLN  CG  14.553  6.808  -6.035  29.94
1492  104  GLN  CD  14.713  7.759  -4.866  28.37
1493  104  GLN  OE1  14.357  8.934  -4.953  122.63
1494  104  GLN  NE2  15.253  7.255  -3.762  113.39
1495  104  GLN  H  12.752  6.84  -3.632  8.47
1496  104  GLN  HA  11.337  5.832  -5.738  4.54
1497  104  GLN  HB2  13.083  6.073  -7.252  2.09
1498  104  GLN  HB3  12.732  7.494  -6.661  1.96
1499  104  GLN  HG2  14.917  5.945  -5.782  2.31
1500  104  GLN  HG3  15.051  7.158  -6.79  3.34
1501  104  GLN  HE21  15.482  6.426  -3.765  6.96
1502  104  GLN  HE22  15.354  7.776  -3.085  7.7
1503  105  PRO  N  12.216  3.505  -5.503  1.66
1504  105  PRO  CA  12.688  2.149  -5.213  62.7
1505  105  PRO  C  13.949  1.794  -5.995  176.31
1506  105  PRO  O  14.889  1.218  -5.448  120.81
1507  105  PRO  CB  11.519  1.271  -5.657  31.9
1508  105  PRO  CG  10.863  2.046  -6.746  178.68
1509  105  PRO  CD  11.034  3.499  -6.39  55.7
1510  105  PRO  HA  12.85  2.023  -4.265  4.42
1511  105  PRO  HB2  11.854  0.419  -5.977  8.09
1512  105  PRO  HB3  10.916  1.129  -4.911  4.19
1513  105  PRO  HG2  11.295  1.854  -7.593  60.11
1514  105  PRO  HG3  9.921  1.82  -6.789  177.62
1515  105  PRO  HD2  11.199  4.025  -7.188  3.68
1516  105  PRO  HD3  10.25  3.828  -5.923  115.43
1517  106  LEU  N  13.961  2.143  -7.277  119.98
1518  106  LEU  CA  15.107  1.861  -8.134  54.98
1519  106  LEU  C  15.285  2.95  -9.188  176.7
1520  106  LEU  O  14.398  3.778  -9.396  33.78
1521  106  LEU  CB  14.944  0.492  -8.804  42.47
1522  106  LEU  CG  13.635  0.287  -9.574  26.99
1523  106  LEU  CD1  13.554  1.229  -10.765  24.69
1524  106  LEU  CD2  13.507  -1.159  -10.027  7.96
1525  106  LEU  H  13.277  2.544  -7.611  8.51
1526  106  LEU  HA  15.897  1.842  -7.572  4.39
1527  106  LEU  HB2  15.682  0.367  -9.421  1.63
1528  106  LEU  HB3  15.001  -0.19  -8.117  1.74
1529  106  LEU  HG  12.889  0.484  -8.986  1.59
1530  106  LEU  HD11  12.989  0.837  -11.449  56.17
1531  106  LEU  HD12  14.443  1.375  -11.123  8.68
1532  106  LEU  HD13  13.177  2.077  -10.482  4.83
1533  106  LEU  HD21  14.37  -1.48  -10.33  105.43
1534  106  LEU  HD22  12.868  -1.215  -10.755  45.47
1535  106  LEU  HD23  13.202  -1.705  -9.286  173.88
1536  107  ALA  N  16.437  2.942  -9.85  122.94
1537  107  ALA  CA  16.733  3.927  -10.882  52.03
1538  107  ALA  C  17.966  3.524  -11.685  177.18
1539  107  ALA  O  18.881  4.324  -11.882  3.93
1540  107  ALA  CB  16.93  5.301  -10.258  19.26
1541  107  ALA  H  17.023  2.34  -9.665  8.4
1542  107  ALA  HA  15.97  3.972  -11.479  4.28
1543  107  ALA  HB1  16.069  5.738  -10.163  8.04
1544  107  ALA  HB2  17.503  5.837  -10.829  38.08
1545  107  ALA  HB3  17.342  5.204  -9.385  26.79
1546  108  ILE  N  17.986  2.273  -12.138  118.94
1547  108  ILE  CA  19.107  1.755  -12.912  61.11
1548  108  ILE  C  20.354  1.674  -12.036  176.09
1549  108  ILE  O  21.483  1.756  -12.519  4.11
1550  108  ILE  CB  19.396  2.623  -14.162  38.28
1551  108  ILE  CG1  18.162  2.696  -15.07  20.85
1552  108  ILE  CG2  20.582  2.07  -14.941  17.39
1553  108  ILE  CD  17.001  3.462  -14.475  39.18
1554  108  ILE  H  17.323  1.754  -11.962  8.31
1555  108  ILE  HA  18.875  0.861  -13.208  4.11
1556  108  ILE  HB  19.623  3.517  -13.864  1.82
1557  108  ILE  HG12  18.407  3.131  -15.901  1.21
1558  108  ILE  HG13  17.858  1.795  -15.26  1.01
1559  108  ILE  HG21  21.395  2.512  -14.65  121.33
1560  108  ILE  HG22  20.449  2.23  -15.888  55.18
1561  108  ILE  HG23  20.657  1.116  -14.781  173.78
1562  108  ILE  HD11  16.335  3.776  -15.265  3.24
1563  108  ILE  HD12  17.372  4.331  -13.952  29.05
1564  108  ILE  HD13  16.465  2.828  -13.785  7.14
1565  109  VAL  N  20.134  1.509  -10.736  122.51
1566  109  VAL  CA  21.23  1.414  -9.781  62.34
1567  109  VAL  C  20.872  0.475  -8.634  175.12
1568  109  VAL  O  21.029  0.815  -7.461  2.16
1569  109  VAL  CB  21.606  2.799  -9.215  32.64
1570  109  VAL  CG1  20.427  3.419  -8.48  21.04
1571  109  VAL  CG2  22.821  2.695  -8.303  21.04
1572  109  VAL  H  19.324  1.456  -10.453  8.35
1573  109  VAL  HA  22.001  1.054  -10.247  4.08
1574  109  VAL  HB  21.835  3.378  -9.959  2.04
1575  109  VAL  HG11  19.806  2.721  -8.218  23.12
1576  109  VAL  HG12  19.977  4.049  -9.064  25.93
1577  109  VAL  HG13  20.746  3.882  -7.689  123.93
1578  109  VAL  HG21  23.32  3.526  -8.334  52.27
1579  109  VAL  HG22  23.388  1.967  -8.601  176.68
1580  109  VAL  HG23  22.528  2.526  -7.394  1.82
1581  110  ASP  N  20.391  -0.71  -8.987  122.14
1582  110  ASP  CA  20.009  -1.706  -7.995  54.44
1583  110  ASP  C  21.233  -2.238  -7.258  175.59
1584  110  ASP  O  21.149  -2.62  -6.091  3.79
1585  110  ASP  CB  19.268  -2.86  -8.668  41.19
1586  110  ASP  CG  18.016  -2.402  -9.389  109.04
1587  110  ASP  OD1  17.118  -1.845  -8.723  118.54
1588  110  ASP  OD2  17.933  -2.6  -10.619  54.1
1589  110  ASP  H  20.302  -0.894  -9.822  8.5
1590  110  ASP  HA  19.417  -1.28  -7.355  4.57
1591  110  ASP  HB2  19.858  -3.282  -9.313  2.61
1592  110  ASP  HB3  19.015  -3.509  -7.993  2.74
1593  111  GLN  N  22.369  -2.26  -7.947  119.21
1594  111  GLN  CA  23.61  -2.744  -7.355  55.5
1595  111  GLN  C  24.141  -1.756  -6.325  175.56
1596  111  GLN  O  24.35  -2.118  -5.169  4.62
1597  111  GLN  CB  24.668  -2.986  -8.436  29.39
1598  111  GLN  CG  24.333  -4.133  -9.378  2.63
1599  111  GLN  CD  23.054  -3.899  -10.158  119.81
1600  111  GLN  OE1  22.94  -2.933  -10.912  60.76
1601  111  GLN  NE2  22.082  -4.786  -9.979  112.99
1602  111  GLN  H  22.373  -1.979  -8.76  8.5
1603  111  GLN  HA  23.418  -3.584  -6.911  4.31
1604  111  GLN  HB2  24.764  -2.178  -8.965  2.16
1605  111  GLN  HB3  25.514  -3.184  -8.005  1.92
1606  111  GLN  HG2  25.063  -4.241  -10.008  2.35
1607  111  GLN  HG3  24.234  -4.945  -8.857  8.06
1608  111  GLN  HE21  22.222  -5.439  -9.437  6.95
1609  111  GLN  HE22  21.347  -4.675  -10.411  7.62
1610  112  ARG  N  24.358  -0.512  -6.771  1.21
1611  112  ARG  CA  24.873  0.586  -5.934  54.67
1612  112  ARG  C  26.35  0.878  -6.227  174.03
1613  112  ARG  O  26.694  2.004  -6.588  31.41
1614  112  ARG  CB  24.662  0.344  -4.43  29.48
1615  112  ARG  CG  23.235  0.6  -3.96  22.42
1616  112  ARG  CD  22.217  -0.21  -4.75  43.31
1617  112  ARG  NE  20.846  0.067  -4.324  116.33
1618  112  ARG  CZ  20.239  1.241  -4.49  7.33
1619  112  ARG  NH1  20.857  2.236  -5.113  4.69
1620  112  ARG  NH2  19.002  1.415  -4.043  1.97
1621  112  ARG  H  24.189  -0.344  -7.597  8.49
1622  112  ARG  HA  24.369  1.377  -6.182  4.56
1623  112  ARG  HB2  24.894  -0.573  -4.216  1.99
1624  112  ARG  HB3  25.25  0.937  -3.936  1.8
1625  112  ARG  HG2  23.167  0.356  -3.024  55.38
1626  112  ARG  HG3  23.036  1.544  -4.063  176.16
1627  112  ARG  HD2  22.304  0.011  -5.69  3.24
1628  112  ARG  HD3  22.399  -1.154  -4.622  42.08
1629  112  ARG  HE  20.416  -0.568  -3.935  26.37
1630  112  ARG  HH11  21.655  2.127  -5.415  23.58
1631  112  ARG  HH12  20.46  2.992  -5.215  25.93
1632  112  ARG  HH21  18.594  0.77  -3.647  7.51
1633  112  ARG  HH22  18.609  2.172  -4.149  4.31
1634  113  PRO  N  27.252  -0.116  -6.089  1.72
1635  113  PRO  CA  28.682  0.083  -6.357  63.26
1636  113  PRO  C  28.936  0.758  -7.695  176.69
1637  113  PRO  O  29.668  1.744  -7.773  115.58
1638  113  PRO  CB  29.239  -1.34  -6.365  31.88
1639  113  PRO  CG  28.33  -2.096  -5.464  178.25
1640  113  PRO  CD  26.965  -1.502  -5.671  50.61
1641  113  PRO  HA  29.113  0.596  -5.656  4.49
1642  113  PRO  HB2  29.222  -1.694  -7.268  2.32
1643  113  PRO  HB3  30.149  -1.338  -6.029  2.04
1644  113  PRO  HG2  28.33  -3.035  -5.707  63.35
1645  113  PRO  HG3  28.61  -1.985  -4.542  8.24
1646  113  PRO  HD2  26.494  -1.984  -6.368  3.65
1647  113  PRO  HD3  26.462  -1.519  -4.842  33.15
1648  114  SER  N  28.341  0.211  -8.75  113.5
1649  114  SER  CA  28.513  0.749  -10.096  58.74
1650  114  SER  C  29.937  0.518  -10.603  174.48
1651  114  SER  O  30.251  0.832  -11.751  4.03
1652  114  SER  CB  28.18  2.244  -10.13  63.7
1653  114  SER  OG  28.31  2.763  -11.442  7.41
1654  114  SER  H  27.848  -0.485  -8.638  8.59
1655  114  SER  HA  27.898  0.278  -10.68  4.43
1656  114  SER  HB2  27.267  2.377  -9.831  3.98
1657  114  SER  HB3  28.787  2.722  -9.544  3.91
1658  114  SER  HG  29.119  2.759  -11.667  176.25
1659  115  SER  N  30.797  -0.037  -9.747  115.65
1660  115  SER  CA  32.179  -0.309  -10.125  58.64
1661  115  SER  C  32.36  -1.783  -10.475  174.47
1662  115  SER  O  33.179  -2.136  -11.323  8.96
1663  115  SER  CB  33.128  0.079  -8.989  63.58
1664  115  SER  OG  34.476  -0.178  -9.341  55.07
1665  115  SER  H  30.534  -0.244  -8.955  8.47
1666  115  SER  HA  32.386  0.227  -10.907  4.43
1667  115  SER  HB2  33.03  1.025  -8.798  3.87
1668  115  SER  HB3  32.908  -0.436  -8.197  26.15
1669  115  SER  HG  34.617  -1.006  -9.329  127.54
1670  116  ARG  N  31.584  -2.637  -9.815  120.34
1671  116  ARG  CA  31.647  -4.074  -10.052  56.21
1672  116  ARG  C  30.869  -4.444  -11.312  175.91
1673  116  ARG  O  30.544  -3.578  -12.125  4.3
1674  116  ARG  CB  31.098  -4.838  -8.841  30.59
1675  116  ARG  CG  31.96  -4.723  -7.591  26.8
1676  116  ARG  CD  32.079  -3.285  -7.109  43.31
1677  116  ARG  NE  32.799  -3.19  -5.841  5.4
1678  116  ARG  CZ  34.089  -3.484  -5.694  105.03
1679  116  ARG  NH1  34.821  -3.841  -6.743  45.06
1680  116  ARG  NH2  34.654  -3.405  -4.497  174.25
1681  116  ARG  H  31.027  -2.333  -9.234  8.39
1682  116  ARG  HA  32.578  -4.315  -10.182  4.32
1683  116  ARG  HB2  30.215  -4.494  -8.632  1.88
1684  116  ARG  HB3  31.022  -5.777  -9.07  1.76
1685  116  ARG  HG2  31.559  -5.256  -6.886  1.67
1686  116  ARG  HG3  32.846  -5.065  -7.79  175.25
1687  116  ARG  HD2  32.558  -2.77  -7.777  3.2
1688  116  ARG  HD3  31.188  -2.918  -6.995  32.55
1689  116  ARG  HE  32.353  -2.94  -5.15  26.61
1690  116  ARG  HH11  34.464  -3.882  -7.524  120.06
1691  116  ARG  HH12  35.654  -4.03  -6.641  56.31
1692  116  ARG  HH21  34.186  -3.165  -3.816  83.5
1693  116  ARG  HH22  35.487  -3.595  -4.401  4.04
1694  117  ALA  N  30.581  -5.731  -11.476  122.63
1695  117  ALA  CA  29.852  -6.205  -12.645  52.96
1696  117  ALA  C  30.677  -6.011  -13.914  177.6
1697  117  ALA  O  30.136  -5.98  -15.019  5.05
1698  117  ALA  CB  28.512  -5.491  -12.765  19.07
1699  117  ALA  H  30.837  -6.3  -10.884  8.36
1700  117  ALA  HA  29.68  -7.152  -12.526  4.32
1701  117  ALA  HB1  28.537  -4.668  -12.252  54.9
1702  117  ALA  HB2  27.809  -6.064  -12.422  174.95
1703  117  ALA  HB3  28.336  -5.286  -13.697  1.83
1704  118  SER  N  31.992  -5.878  -13.744  112.64
1705  118  SER  CA  32.901  -5.686  -14.87  58.66
1706  118  SER  C  32.454  -4.526  -15.75  174.32
1707  118  SER  O  32.414  -4.638  -16.975  178.93
1708  118  SER  CB  33.007  -6.968  -15.7  63.68
1709  118  SER  OG  31.749  -7.337  -16.238  4.39
1710  118  SER  H  32.316  -5.904  -12.948  8.42
1711  118  SER  HA  33.776  -5.472  -14.51  4.43
1712  118  SER  HB2  33.629  -6.827  -16.431  3.9
1713  118  SER  HB3  33.329  -7.689  -15.137  33.36
1714  118  SER  HG  31.787  -8.127  -16.522  57.27
1715  119  SER  N  32.134  -3.404  -15.116  115.6
1716  119  SER  CA  31.709  -2.215  -15.841  58.61
1717  119  SER  C  32.912  -1.503  -16.461  174.11
1718  119  SER  O  32.756  -0.51  -17.171  8.53
1719  119  SER  CB  30.961  -1.262  -14.908  63.71
1720  119  SER  OG  30.539  -0.098  -15.598  55.35
1721  119  SER  H  32.19  -3.375  -14.258  8.42
1722  119  SER  HA  31.112  -2.497  -16.551  4.44
1723  119  SER  HB2  30.18  -1.711  -14.548  3.92
1724  119  SER  HB3  31.546  -0.998  -14.181  125.54
1725  119  SER  HG  31.207  0.296  -15.92  7.9
1726  120  ARG  N  34.112  -2.016  -16.188  120.51
1727  120  ARG  CA  35.336  -1.427  -16.72  56.21
1728  120  ARG  C  35.777  -2.133  -17.999  176.01
1729  120  ARG  O  36.551  -1.588  -18.786  29.74
1730  120  ARG  CB  36.449  -1.495  -15.677  30.59
1731  120  ARG  CG  36.113  -0.775  -14.381  26.8
1732  120  ARG  CD  37.247  -0.881  -13.375  43.31
1733  120  ARG  NE  38.485  -0.29  -13.878  124.08
1734  120  ARG  CZ  39.624  -0.256  -13.19  53.84
1735  120  ARG  NH1  39.687  -0.779  -11.972  178.15
1736  120  ARG  NH2  40.704  0.3  -13.723  1.09
1737  120  ARG  H  34.169  -2.711  -15.685  8.41
1738  120  ARG  HA  35.153  -0.497  -16.926  4.32
1739  120  ARG  HB2  36.63  -2.425  -15.47  1.88
1740  120  ARG  HB3  37.249  -1.093  -16.05  1.76
1741  120  ARG  HG2  35.95  0.162  -14.574  1.67
1742  120  ARG  HG3  35.314  -1.172  -14  4.73
1743  120  ARG  HD2  36.987  -0.42  -12.562  3.2
1744  120  ARG  HD3  37.403  -1.818  -13.178  1.52
1745  120  ARG  HE  38.468  0.055  -14.666  114.31
1746  120  ARG  HH11  38.991  -1.143  -11.622  60.59
1747  120  ARG  HH12  40.425  -0.755  -11.532  175.35
1748  120  ARG  HH21  40.668  0.639  -14.513  108.7
1749  120  ARG  HH22  41.44  0.321  -13.279  71.24
1750  121  ALA  N  35.277  -3.346  -18.201  122.73
1751  121  ALA  CA  35.614  -4.128  -19.385  52.96
1752  121  ALA  C  37.118  -4.368  -19.497  177.52
1753  121  ALA  O  37.778  -3.838  -20.391  1.68
1754  121  ALA  CB  35.094  -3.436  -20.636  19.07
1755  121  ALA  H  34.737  -3.678  -17.62  8.43
1756  121  ALA  HA  35.168  -4.986  -19.309  4.33
1757  121  ALA  HB1  35.47  -3.862  -21.422  3.62
1758  121  ALA  HB2  35.353  -2.501  -20.62  1.29
1759  121  ALA  HB3  34.127  -3.502  -20.665  0.98
1760  122  SER  N  37.651  -5.18  -18.589  112.48
1761  122  SER  CA  39.073  -5.506  -18.588  58.31
1762  122  SER  C  39.934  -4.25  -18.503  174.16
1763  122  SER  O  40.66  -3.916  -19.44  121.7
1764  122  SER  CB  39.433  -6.302  -19.844  63.72
1765  122  SER  OG  38.698  -7.512  -19.91  7.98
1766  122  SER  H  37.143  -5.529  -17.989  8.39
1767  122  SER  HA  39.249  -6.056  -17.809  4.45
1768  122  SER  HB2  39.231  -5.771  -20.63  3.9
1769  122  SER  HB3  40.38  -6.512  -19.831  8.88
1770  122  SER  HG  37.877  -7.34  -19.944  4.2
1771  123  SER  N  39.855  -3.56  -17.371  115.4
1772  123  SER  CA  40.635  -2.345  -17.162  58.09
1773  123  SER  C  41.661  -2.543  -16.053  173.66
1774  123  SER  O  42.026  -1.595  -15.357  38.14
1775  123  SER  CB  39.716  -1.174  -16.815  63.74
1776  123  SER  OG  40.453  0.026  -16.664  59.94
1777  123  SER  H  39.335  -3.839  -16.746  8.38
1778  123  SER  HA  41.104  -2.145  -17.987  4.46
1779  123  SER  HB2  39.064  -1.055  -17.523  3.88
1780  123  SER  HB3  39.257  -1.364  -15.982  2.86
1781  123  SER  HG  39.927  0.661  -16.502  119.34
1782  124  ARG  N  42.125  -3.777  -15.894  8.6
1783  124  ARG  CA  43.111  -4.09  -14.868  53.89
1784  124  ARG  C  44.293  -4.858  -15.449  173.56
1785  124  ARG  O  44.115  -5.821  -16.195  9.15
1786  124  ARG  CB  42.482  -4.911  -13.744  30.08
1787  124  ARG  CG  41.429  -4.156  -12.949  26.99
1788  124  ARG  CD  40.842  -5.018  -11.842  43.31
1789  124  ARG  NE  39.817  -4.308  -11.078  121.84
1790  124  ARG  CZ  38.647  -3.923  -11.582  7.88
1791  124  ARG  NH1  38.325  -4.218  -12.836  119.84
1792  124  ARG  NH2  37.788  -3.255  -10.825  59.14
1793  124  ARG  H  41.839  -4.405  -16.407  8.34
1794  124  ARG  HA  43.43  -3.251  -14.501  4.66
1795  124  ARG  HB2  42.065  -5.699  -14.127  1.85
1796  124  ARG  HB3  43.184  -5.191  -13.135  1.7
1797  124  ARG  HG2  41.838  -3.371  -12.552  1.68
1798  124  ARG  HG3  40.718  -3.883  -13.55  59.3
1799  124  ARG  HD2  40.445  -5.809  -12.24  3.21
1800  124  ARG  HD3  41.556  -5.283  -11.241  4
1801  124  ARG  HE  39.992  -4.123  -10.257  2.34
1802  124  ARG  HH11  38.872  -4.661  -13.329  119.89
1803  124  ARG  HH12  37.568  -3.964  -13.156  120.16
1804  124  ARG  HH21  37.987  -3.07  -10.009  66.99
1805  124  ARG  HH22  37.032  -3.006  -11.15  179.45
1806  125  PRO  N  45.523  -4.45  -15.098  -0.85
1807  125  PRO  CA  46.737  -5.115  -15.573  63.06
1808  125  PRO  C  46.867  -6.521  -14.984  176.12
1809  125  PRO  O  45.863  -7.165  -14.681  1.78
1810  125  PRO  CB  47.86  -4.192  -15.079  31.93
1811  125  PRO  CG  47.284  -3.485  -13.904  8.19
1812  125  PRO  CD  45.822  -3.319  -14.199  7.99
1813  125  PRO  HA  46.757  -5.168  -16.541  4.41
1814  125  PRO  HB2  48.636  -4.718  -14.83  4.21
1815  125  PRO  HB3  48.1  -3.568  -15.782  129.24
1816  125  PRO  HG2  47.408  -4.019  -13.104  0.91
1817  125  PRO  HG3  47.707  -2.618  -13.801  56.79
1818  125  PRO  HD2  45.302  -3.38  -13.382  3.62
1819  125  PRO  HD3  45.658  -2.473  -14.645  57.55
1820  126  ARG  N  48.097  -6.993  -14.816  179.35
1821  126  ARG  CA  48.329  -8.323  -14.254  53.98
1822  126  ARG  C  49.629  -8.381  -13.447  174.34
1823  126  ARG  O  49.627  -8.836  -12.304  4.49
1824  126  ARG  CB  48.332  -9.393  -15.353  30.23
1825  126  ARG  CG  47.049  -9.432  -16.167  26.99
1826  126  ARG  CD  47.105  -10.506  -17.242  43.32
1827  126  ARG  NE  45.877  -10.555  -18.032  4.32
1828  126  ARG  CZ  45.674  -11.407  -19.034  2.73
1829  126  ARG  NH1  46.613  -12.283  -19.37  4.67
1830  126  ARG  NH2  44.528  -11.385  -19.7  42.21
1831  126  ARG  H  48.768  -6.502  -15.037  8.64
1832  126  ARG  HA  47.593  -8.508  -13.65  4.61
1833  126  ARG  HB2  49.071  -9.23  -15.96  1.86
1834  126  ARG  HB3  48.452  -10.262  -14.939  1.72
1835  126  ARG  HG2  46.305  -9.62  -15.574  1.68
1836  126  ARG  HG3  46.919  -8.569  -16.59  59.32
1837  126  ARG  HD2  47.851  -10.318  -17.833  3.22
1838  126  ARG  HD3  47.24  -11.367  -16.816  179.39
1839  126  ARG  HE  45.254  -9.997  -17.833  29.49
1840  126  ARG  HH11  47.358  -12.302  -18.941  9.33
1841  126  ARG  HH12  46.476  -12.831  -20.018  5.68
1842  126  ARG  HH21  43.916  -10.82  -19.486  1.57
1843  126  ARG  HH22  44.397  -11.936  -20.347  8.01
1844  127  PRO  N  50.762  -7.924  -14.018  3.98
1845  127  PRO  CA  52.052  -7.936  -13.33  63.17
1846  127  PRO  C  52.179  -6.778  -12.35  176.18
1847  127  PRO  O  52.845  -6.885  -11.321  6.81
1848  127  PRO  CB  53.078  -7.794  -14.47  31.89
1849  127  PRO  CG  52.284  -7.781  -15.741  27.48
1850  127  PRO  CD  50.895  -7.361  -15.363  50.61
1851  127  PRO  HA  52.197  -8.772  -12.86  4.46
1852  127  PRO  HB2  53.574  -6.968  -14.359  2.32
1853  127  PRO  HB3  53.691  -8.546  -14.448  1.96
1854  127  PRO  HG2  52.669  -7.145  -16.364  1.92
1855  127  PRO  HG3  52.273  -8.669  -16.131  8.71
1856  127  PRO  HD2  50.825  -6.394  -15.346  3.73
1857  127  PRO  HD3  50.24  -7.741  -15.969  3.85
1858  128  ASP  N  51.53  -5.673  -12.693  118.07
1859  128  ASP  CA  51.539  -4.463  -11.881  54.17
1860  128  ASP  C  50.931  -3.323  -12.683  175.79
1861  128  ASP  O  50.214  -2.478  -12.148  4.01
1862  128  ASP  CB  52.966  -4.095  -11.458  41.17
1863  128  ASP  CG  53.017  -2.825  -10.632  2.77
1864  128  ASP  OD1  52.386  -2.792  -9.554  2.44
1865  128  ASP  OD2  53.688  -1.863  -11.061  66.36
1866  128  ASP  H  51.083  -5.67  -13.428  8.48
1867  128  ASP  HA  50.998  -4.622  -11.092  4.62
1868  128  ASP  HB2  53.339  -4.817  -10.929  2.72
1869  128  ASP  HB3  53.507  -3.967  -12.253  2.65
1870  129  ASP  N  51.224  -3.33  -13.981  118.91
1871  129  ASP  CA  50.72  -2.32  -14.91  54.37
1872  129  ASP  C  51.431  -2.438  -16.251  175.94
1873  129  ASP  O  51.841  -1.443  -16.847  118.74
1874  129  ASP  CB  50.897  -0.909  -14.339  40.92
1875  129  ASP  CG  50.366  0.166  -15.267  179.15
1876  129  ASP  OD1  49.156  0.14  -15.576  1.81
1877  129  ASP  OD2  51.16  1.035  -15.685  35.64
1878  129  ASP  H  51.724  -3.96  -14.285  8.41
1879  129  ASP  HA  49.776  -2.493  -15.05  4.59
1880  129  ASP  HB2  50.418  -0.847  -13.498  2.9
1881  129  ASP  HB3  51.84  -0.744  -14.184  2.69
1882  130  LEU  N  51.573  -3.672  -16.715  119.37
1883  130  LEU  CA  52.233  -3.944  -17.982  55.01
1884  130  LEU  C  53.665  -3.419  -17.981  176.76
1885  130  LEU  O  54.258  -3.207  -19.039  179.11
1886  130  LEU  CB  51.449  -3.326  -19.142  42.35
1887  130  LEU  CG  50.03  -3.869  -19.334  26.99
1888  130  LEU  CD1  49.16  -3.538  -18.132  117.42
1889  130  LEU  CD2  49.416  -3.312  -20.61  24.88
1890  130  LEU  H  51.268  -4.33  -16.252  8.21
1891  130  LEU  HA  52.256  -4.907  -18.095  4.33
1892  130  LEU  HB2  51.391  -2.369  -18.994  1.64
1893  130  LEU  HB3  51.945  -3.481  -19.961  8.25
1894  130  LEU  HG  50.069  -4.835  -19.416  1.61
1895  130  LEU  HD11  48.226  -3.572  -18.39  3.78
1896  130  LEU  HD12  49.375  -2.647  -17.814  180.26
1897  130  LEU  HD13  49.324  -4.182  -17.426  1.83
1898  130  LEU  HD21  49.703  -2.394  -20.733  116.41
1899  130  LEU  HD22  48.449  -3.343  -20.543  58.91
1900  130  LEU  HD23  49.705  -3.845  -21.367  176.95
1901  131  GLU  N  54.22  -3.218  -16.79  120.07
1902  131  GLU  CA  55.584  -2.726  -16.658  56.27
1903  131  GLU  C  56.495  -3.82  -16.115  174.9
1904  131  GLU  O  57.483  -3.539  -15.437  39.92
1905  131  GLU  CB  55.625  -1.508  -15.733  29.98
1906  131  GLU  CG  55.197  -1.814  -14.307  36.02
1907  131  GLU  CD  55.188  -0.582  -13.424  3.98
1908  131  GLU  OE1  56.259  0.04  -13.262  2.03
1909  131  GLU  OE2  54.11  -0.238  -12.896  4.53
1910  131  GLU  H  53.765  -3.386  -16.08  8.45
1911  131  GLU  HA  55.896  -2.465  -17.539  4.34
1912  131  GLU  HB2  56.531  -1.161  -15.711  2.06
1913  131  GLU  HB3  55.034  -0.825  -16.088  1.92
1914  131  GLU  HG2  54.304  -2.191  -14.323  22.11
1915  131  GLU  HG3  55.813  -2.461  -13.93  2.28
1916  132  ILE  N  56.152  -5.07  -16.415  6.86
1917  132  ILE  CA  56.935  -6.212  -15.956  6.5
1918  132  ILE  C  56.851  -6.356  -14.44  7.2
1919  132  ILE  O  57.276  -5.419  -13.732  4.39
1920  132  ILE  CB  58.416  -6.083  -16.371  1.38
1921  132  ILE  CG1  58.528  -5.914  -17.888  27.14
1922  132  ILE  CG2  59.208  -7.299  -15.909  17.91
1923  132  ILE  CD  59.953  -5.762  -18.375  28.38
1924  132  ILE  OXT  56.36  -7.405  -13.972  117.56
1925  132  ILE  H  55.449  -5.209  -16.89  7.82
1926  132  ILE  HA  56.571  -7.011  -16.369  4.07
1927  132  ILE  HB  58.786  -5.299  -15.937  1.85
1928  132  ILE  HG12  58.148  -6.693  -18.323  1.4
1929  132  ILE  HG13  58.035  -5.123  -18.156  1.13
1930  132  ILE  HG21  58.603  -8.044  -15.767  3.36
1931  132  ILE  HG22  59.664  -7.091  -15.079  1.29
1932  132  ILE  HG23  59.861  -7.537  -16.586  7.99
1933  132  ILE  HD11  60.147  -4.724  -18.601  4.5
1934  132  ILE  HD12  60.094  -6.357  -19.265  2.46
1935  132  ILE  HD13  60.634  -6.096  -17.607  102.94
