1  1  MET  N  12.274  -0.984  12.651  115.74
2  1  MET  CA  12.269  -1.698  11.364  43.57
3  1  MET  C  10.87  -2.269  11.13  172.65
4  1  MET  O  10.115  -2.403  12.091  55.76
5  1  MET  CB  13.365  -2.77  11.329  22.17
6  1  MET  CG  14.755  -2.125  11.202  8.35
7  1  MET  SD  15.373  -1.2  12.634  4.37
8  1  MET  CE  16.388  0.026  11.769  4.03
9  1  MET  H  13.071  -0.92  13.042  4.25
10  1  MET  HA  12.449  -1.054  10.661  120.07
11  1  MET  HB2  13.321  -3.326  12.123  60.65
12  1  MET  HB3  13.217  -3.327  10.549  4.03
13  1  MET  HG2  15.408  -2.815  11.006  4.14
14  1  MET  HG3  14.733  -1.523  10.442  2.19
15  1  MET  HE1  17.11  -0.416  11.296  2.19
16  1  MET  HE2  15.84  0.513  11.134  2.5
17  1  MET  HE3  16.747  0.66  12.409  2.5
18  1  MET  H2  11.794  -1.44  13.246  52.33
19  1  MET  H3  13.111  -0.905  12.944  176.55
20  2  ALA  N  10.471  -2.515  9.875  128.39
21  2  ALA  CA  9.123  -2.925  9.502  51.44
22  2  ALA  C  9.07  -3.505  8.083  173.5
23  2  ALA  O  10.089  -3.658  7.408  4.23
24  2  ALA  CB  8.193  -1.703  9.601  20.34
25  2  ALA  H  11.016  -2.431  9.215  4.55
26  2  ALA  HA  8.835  -3.621  10.113  4.46
27  2  ALA  HB1  8.488  -1.03  8.967  3.91
28  2  ALA  HB2  7.278  -1.949  9.395  3.82
29  2  ALA  HB3  8.203  -1.335  10.499  3.85
30  3  ARG  N  7.855  -3.786  7.617  121.98
31  3  ARG  CA  7.456  -4.057  6.25  56.04
32  3  ARG  C  6.49  -2.976  5.833  174.8
33  3  ARG  O  5.407  -2.855  6.404  8.55
34  3  ARG  CB  6.771  -5.426  6.129  31.24
35  3  ARG  CG  7.791  -6.538  5.936  27.94
36  3  ARG  CD  8.042  -7.31  7.214  43.34
37  3  ARG  NE  7.496  -8.676  7.156  8.43
38  3  ARG  CZ  8.187  -9.81  7.315  28.98
39  3  ARG  NH1  9.508  -9.808  7.425  8.5
40  3  ARG  NH2  7.533  -10.963  7.349  4.65
41  3  ARG  H  7.208  -3.745  8.183  9.26
42  3  ARG  HA  8.237  -4.019  5.676  5.25
43  3  ARG  HB2  6.217  -5.608  6.904  1.93
44  3  ARG  HB3  6.186  -5.408  5.355  1.54
45  3  ARG  HG2  7.523  -7.147  5.231  1.68
46  3  ARG  HG3  8.623  -6.11  5.679  1.45
47  3  ARG  HD2  9.003  -7.306  7.345  3.24
48  3  ARG  HD3  7.615  -6.837  7.945  3.1
49  3  ARG  HE  6.65  -8.728  7.008  1.44
50  3  ARG  HH11  9.965  -9.097  7.266  1.38
51  3  ARG  HH12  9.98  -10.513  7.565  1.72
52  3  ARG  HH21  6.673  -10.988  7.339  1.65
53  3  ARG  HH22  7.958  -11.707  7.42  3.01
54  4  VAL  N  6.885  -2.2  4.837  125.88
55  4  VAL  CA  6.001  -1.258  4.157  58.84
56  4  VAL  C  5.435  -2.017  2.959  173.3
57  4  VAL  O  6.173  -2.793  2.348  1.99
58  4  VAL  CB  6.839  0.016  3.849  34.74
59  4  VAL  CG1  7.469  -0.028  2.464  21.14
60  4  VAL  CG2  6.16  1.385  3.963  20.14
61  4  VAL  H  7.637  -2.393  4.466  9.27
62  4  VAL  HA  5.244  -1.051  4.727  5.07
63  4  VAL  HB  7.558  0.02  4.5  1.78
64  4  VAL  HG11  8.119  0.682  2.346  4.34
65  4  VAL  HG12  7.891  -0.894  2.35  127.24
66  4  VAL  HG13  6.768  0.069  1.801  124.34
67  4  VAL  HG21  5.236  1.344  3.671  52.25
68  4  VAL  HG22  6.24  1.706  4.875  178.03
69  4  VAL  HG23  6.633  2.052  3.44  2.76
70  5  ALA  N  4.153  -1.833  2.625  126.48
71  5  ALA  CA  3.613  -2.34  1.369  49.74
72  5  ALA  C  3.461  -1.158  0.409  61.65
73  5  ALA  O  3.281  -0.021  0.852  173.64
74  5  ALA  CB  2.263  -3.024  1.611  23.64
75  5  ALA  H  3.646  -1.298  3.067  8.87
76  5  ALA  HA  4.225  -2.998  1.004  5.95
77  5  ALA  HB1  1.867  -3.279  0.763  4.05
78  5  ALA  HB2  2.401  -3.826  2.139  1.89
79  5  ALA  HB3  1.659  -2.424  2.075  9.5
80  6  ILE  N  3.478  -1.403  -0.9  5.01
81  6  ILE  CA  3.296  -0.374  -1.921  58.94
82  6  ILE  C  2.349  -0.946  -2.986  8.33
83  6  ILE  O  2.663  -2.003  -3.531  4.19
84  6  ILE  CB  4.644  0.066  -2.529  43.54
85  6  ILE  CG1  5.672  0.534  -1.479  30.04
86  6  ILE  CG2  4.423  1.197  -3.547  21.84
87  6  ILE  CD  6.577  -0.585  -0.948  6.65
88  6  ILE  H  3.716  -2.185  -1.166  9.24
89  6  ILE  HA  2.907  0.409  -1.501  5.4
90  6  ILE  HB  5.028  -0.68  -3.015  1.83
91  6  ILE  HG12  6.239  1.21  -1.882  1.53
92  6  ILE  HG13  5.22  0.946  -0.726  0.9
93  6  ILE  HG21  5.267  1.436  -3.962  30.87
94  6  ILE  HG22  3.824  0.909  -4.253  6.91
95  6  ILE  HG23  4.051  1.978  -3.109  8.26
96  6  ILE  HD11  7.396  -0.158  -0.382  4.25
97  6  ILE  HD12  6.033  -1.218  -0.259  176.69
98  6  ILE  HD13  6.985  -1.174  -1.769  9.4
99  7  PRO  N  1.202  -0.303  -3.268  37.01
100  7  PRO  CA  0.245  -0.693  -4.278  61.84
101  7  PRO  C  0.844  -0.441  -5.658  176.5
102  7  PRO  O  0.895  0.698  -6.108  123.11
103  7  PRO  CB  -0.987  0.177  -3.999  32.24
104  7  PRO  CG  -0.485  1.429  -3.31  27.84
105  7  PRO  CD  0.83  0.985  -2.732  52.64
106  7  PRO  HA  0.014  -1.631  -4.191  4.61
107  7  PRO  HB2  -1.452  0.421  -4.815  2.11
108  7  PRO  HB3  -1.568  -0.299  -3.386  2.11
109  7  PRO  HG2  -0.343  2.136  -3.959  2.8
110  7  PRO  HG3  -1.05  1.733  -2.582  2.31
111  7  PRO  HD2  1.457  1.658  -3.041  4.26
112  7  PRO  HD3  0.771  0.938  -1.765  4.67
113  8  SER  N  1.305  -1.486  -6.324  118.18
114  8  SER  CA  1.849  -1.451  -7.671  56.64
115  8  SER  C  0.769  -1.931  -8.654  173.7
116  8  SER  O  -0.307  -2.389  -8.241  1.6
117  8  SER  CB  3.078  -2.363  -7.64  65.94
118  8  SER  OG  3.661  -2.543  -8.907  3.22
119  8  SER  H  1.179  -2.266  -5.983  9.2
120  8  SER  HA  2.135  -0.553  -7.903  5.1
121  8  SER  HB2  3.735  -1.972  -7.043  3.58
122  8  SER  HB3  2.831  -3.229  -7.279  3.52
123  8  SER  HG  4.288  -3.094  -8.809  4.51
124  9  VAL  N  1.064  -1.875  -9.955  117.58
125  9  VAL  CA  0.282  -2.541  -10.992  61.84
126  9  VAL  C  1.205  -3.417  -11.868  176.2
127  9  VAL  O  0.941  -3.607  -13.057  69.83
128  9  VAL  CB  -0.508  -1.463  -11.789  1.68
129  9  VAL  CG1  -1.368  -0.576  -10.873  21.14
130  9  VAL  CG2  0.343  -0.463  -12.59  20.14
131  9  VAL  H  1.811  -1.512  -10.176  7.94
132  9  VAL  HA  -0.367  -3.133  -10.581  4.75
133  9  VAL  HB  -1.102  -1.921  -12.404  2.38
134  9  VAL  HG11  -0.798  0.043  -10.39  4.14
135  9  VAL  HG12  -1.986  -0.055  -11.409  2.1
136  9  VAL  HG13  -1.868  -1.125  -10.249  2.1
137  9  VAL  HG21  -0.241  0.103  -13.119  2.46
138  9  VAL  HG22  0.844  0.113  -11.992  2.46
139  9  VAL  HG23  0.95  -0.922  -13.192  174.94
140  10  GLY  N  2.22  -4.069  -11.285  107.48
141  10  GLY  CA  3.11  -4.999  -11.982  44.54
142  10  GLY  C  4.196  -5.541  -11.06  171.9
143  10  GLY  O  4.182  -5.261  -9.86  118.46
144  10  GLY  H  2.401  -3.953  -10.452  8.05
145  10  GLY  HA2  2.591  -5.755  -12.299  4.38
146  10  GLY  HA3  3.52  -4.56  -12.744  3.77
147  11  LYS  N  5.158  -6.306  -11.589  113.68
148  11  LYS  CA  6.061  -7.137  -10.781  55.74
149  11  LYS  C  7.522  -6.834  -11.083  174.2
150  11  LYS  O  8.381  -7.714  -11.096  1.58
151  11  LYS  CB  5.658  -8.614  -10.887  32.84
152  11  LYS  CG  5.812  -9.205  -12.29  23.64
153  11  LYS  CD  5.096  -10.558  -12.4  29.44
154  11  LYS  CE  3.727  -10.338  -13.052  41.84
155  11  LYS  NZ  2.806  -11.462  -12.813  7.07
156  11  LYS  H  5.219  -6.392  -12.442  7.62
157  11  LYS  HA  5.941  -6.914  -9.845  3.67
158  11  LYS  HB2  6.196  -9.133  -10.269  1.37
159  11  LYS  HB3  4.731  -8.69  -10.612  1.29
160  11  LYS  HG2  5.441  -8.592  -12.944  0.69
161  11  LYS  HG3  6.759  -9.312  -12.471  0.42
162  11  LYS  HD2  5.615  -11.16  -12.956  1.47
163  11  LYS  HD3  5  -10.957  -11.521  1.47
164  11  LYS  HE2  3.33  -9.526  -12.7  2.82
165  11  LYS  HE3  3.85  -10.21  -14.006  2.82
166  11  LYS  HZ1  2.125  -11.451  -13.386  3.16
167  11  LYS  HZ2  3.219  -12.246  -12.893  2.48
168  11  LYS  HZ3  2.432  -11.429  -12.006  27.3
169  12  ASP  N  7.802  -5.549  -11.268  115.58
170  12  ASP  CA  9.143  -4.986  -11.314  52.54
171  12  ASP  C  9.134  -3.707  -10.491  175.2
172  12  ASP  O  8.1  -3.046  -10.38  36.76
173  12  ASP  CB  9.54  -4.675  -12.758  44.14
174  12  ASP  CG  10.32  -5.808  -13.415  30.88
175  12  ASP  OD1  11.382  -6.206  -12.884  121.01
176  12  ASP  OD2  9.907  -6.28  -14.499  7.97
177  12  ASP  H  7.145  -4.994  -11.277  7.47
178  12  ASP  HA  9.781  -5.608  -10.931  4.78
179  12  ASP  HB2  8.742  -4.463  -13.267  2.66
180  12  ASP  HB3  10.09  -3.876  -12.776  2.59
181  13  LEU  N  10.282  -3.331  -9.942  118.88
182  13  LEU  CA  10.441  -2.248  -8.958  57.34
183  13  LEU  C  10.348  -0.85  -9.584  176
184  13  LEU  O  10.218  0.138  -8.871  1.99
185  13  LEU  CB  11.759  -2.497  -8.208  40.94
186  13  LEU  CG  11.904  -2.074  -6.737  27.44
187  13  LEU  CD1  11.78  -0.576  -6.523  24.84
188  13  LEU  CD2  10.938  -2.822  -5.808  23.34
189  13  LEU  H  10.956  -3.838  -10.109  8.37
190  13  LEU  HA  9.713  -2.299  -8.319  3.91
191  13  LEU  HB2  11.868  -3.46  -8.179  1.75
192  13  LEU  HB3  12.492  -2.124  -8.723  1.46
193  13  LEU  HG  12.803  -2.323  -6.47  1.56
194  13  LEU  HD11  10.848  -0.31  -6.557  1.91
195  13  LEU  HD12  12.139  -0.34  -5.653  2.19
196  13  LEU  HD13  12.265  -0.112  -7.223  2.19
197  13  LEU  HD21  11.066  -3.779  -5.897  1.43
198  13  LEU  HD22  11.117  -2.577  -4.887  9.26
199  13  LEU  HD23  10.02  -2.596  -6.023  4.78
200  14  SER  N  10.288  -0.738  -10.908  109.18
201  14  SER  CA  9.864  0.499  -11.544  57.84
202  14  SER  C  8.557  0.264  -12.309  174.2
203  14  SER  O  8.324  0.877  -13.351  175.33
204  14  SER  CB  10.987  0.945  -12.472  63.44
205  14  SER  OG  10.874  2.291  -12.902  4.26
206  14  SER  H  10.483  -1.412  -11.405  7.71
207  14  SER  HA  9.723  1.182  -10.87  4.46
208  14  SER  HB2  11.847  0.824  -12.04  4.05
209  14  SER  HB3  10.907  0.348  -13.232  3.81
210  14  SER  HG  10.851  2.796  -12.231  4.47
211  15  SER  N  7.64  -0.544  -11.768  118.18
212  15  SER  CA  6.277  -0.533  -12.281  59.14
213  15  SER  C  5.563  0.683  -11.678  172.3
214  15  SER  O  6.028  1.228  -10.676  7.24
215  15  SER  CB  5.526  -1.817  -11.904  64.24
216  15  SER  OG  6.235  -2.967  -12.329  6.8
217  15  SER  H  7.806  -0.943  -11.025  7.55
218  15  SER  HA  6.352  -0.449  -13.245  4.31
219  15  SER  HB2  5.42  -1.848  -10.94  3.91
220  15  SER  HB3  4.648  -1.805  -12.315  3.7
221  15  SER  HG  6.973  -2.921  -11.931  4.77
222  16  MET  N  4.395  1.072  -12.183  119.38
223  16  MET  CA  3.72  2.272  -11.695  55.04
224  16  MET  C  3.049  1.938  -10.357  176.8
225  16  MET  O  2.5  0.846  -10.181  19.08
226  16  MET  CB  2.637  2.675  -12.72  31.54
227  16  MET  CG  3.071  3.816  -13.649  32.64
228  16  MET  SD  2.255  5.409  -13.326  179.1
229  16  MET  CE  2.754  5.659  -11.607  16.64
230  16  MET  H  4.066  0.68  -12.874  8.12
231  16  MET  HA  4.357  2.992  -11.566  4.63
232  16  MET  HB2  2.394  1.909  -13.263  1.99
233  16  MET  HB3  1.829  2.947  -12.257  1.89
234  16  MET  HG2  4.032  3.935  -13.596  2.76
235  16  MET  HG3  2.861  3.558  -14.56  2.63
236  16  MET  HE1  2.386  4.949  -11.058  3.19
237  16  MET  HE2  3.723  5.647  -11.561  7.31
238  16  MET  HE3  2.429  6.51  -11.275  7.41
239  17  VAL  N  3.102  2.872  -9.407  121.68
240  17  VAL  CA  2.319  2.799  -8.178  63.54
241  17  VAL  C  0.883  3.212  -8.542  177.6
242  17  VAL  O  0.643  4.108  -9.36  60.02
243  17  VAL  CB  3.002  3.626  -7.06  31.84
244  17  VAL  CG1  2.334  3.626  -5.682  20.24
245  17  VAL  CG2  4.397  3.061  -6.804  23.44
246  17  VAL  H  3.529  3.607  -9.537  8.63
247  17  VAL  HA  2.31  1.874  -7.887  4.25
248  17  VAL  HB  3.103  4.545  -7.354  2.13
249  17  VAL  HG11  2.313  2.731  -5.31  2.07
250  17  VAL  HG12  2.856  4.192  -5.092  1.99
251  17  VAL  HG13  1.429  3.969  -5.747  8.07
252  17  VAL  HG21  4.336  2.147  -6.485  4.22
253  17  VAL  HG22  4.894  3.078  -7.637  1.89
254  17  VAL  HG23  4.873  3.608  -6.159  1.89
255  18  SER  N  -0.086  2.48  -8.008  121.18
256  18  SER  CA  -1.506  2.675  -8.228  57.94
257  18  SER  C  -1.989  3.764  -7.28  174.4
258  18  SER  O  -1.518  3.855  -6.144  1.7
259  18  SER  CB  -2.213  1.341  -7.96  63.64
260  18  SER  OG  -3.577  1.396  -8.334  3
261  18  SER  H  0.148  1.919  -7.4  8.02
262  18  SER  HA  -1.652  2.965  -9.142  4.22
263  18  SER  HB2  -1.78  0.636  -8.466  3.58
264  18  SER  HB3  -2.112  1.111  -7.023  3.64
265  18  SER  HG  -3.944  0.66  -8.166  2.49
266  19  ASP  N  -2.963  4.57  -7.703  125.28
267  19  ASP  CA  -3.441  5.706  -6.917  54.44
268  19  ASP  C  -4.524  5.247  -5.916  175.2
269  19  ASP  O  -5.564  5.895  -5.766  40.97
270  19  ASP  CB  -4.055  6.802  -7.811  40.24
271  19  ASP  CG  -3.162  7.491  -8.836  25.23
272  19  ASP  OD1  -1.926  7.549  -8.668  7.71
273  19  ASP  OD2  -3.769  8.062  -9.78  4.36
274  19  ASP  H  -3.289  4.422  -8.485  8.5
275  19  ASP  HA  -2.668  6.073  -6.46  4.69
276  19  ASP  HB2  -4.82  6.422  -8.27  2.83
277  19  ASP  HB3  -4.382  7.509  -7.233  2.72
278  20  ARG  N  -4.377  4.071  -5.3  119.18
279  20  ARG  CA  -5.474  3.355  -4.647  54.54
280  20  ARG  C  -4.938  2.062  -4.064  174.3
281  20  ARG  O  -4.681  1.129  -4.815  1.8
282  20  ARG  CB  -6.637  3.063  -5.624  32.04
283  20  ARG  CG  -6.268  2.74  -7.092  26.04
284  20  ARG  CD  -7.402  3.071  -8.062  43.74
285  20  ARG  NE  -7.523  4.531  -8.265  56.33
286  20  ARG  CZ  -8.281  5.152  -9.18  7.92
287  20  ARG  NH1  -9.087  4.47  -9.98  3.88
288  20  ARG  NH2  -8.259  6.473  -9.292  29.48
289  20  ARG  H  -3.643  3.643  -5.43  8.38
290  20  ARG  HA  -5.834  3.896  -3.926  4.63
291  20  ARG  HB2  -7.11  2.293  -5.272  1.81
292  20  ARG  HB3  -7.262  3.804  -5.594  1.56
293  20  ARG  HG2  -5.485  3.223  -7.4  1.53
294  20  ARG  HG3  -6.061  1.794  -7.151  1.53
295  20  ARG  HD2  -7.199  2.644  -8.909  3.06
296  20  ARG  HD3  -8.227  2.704  -7.707  3.01
297  20  ARG  HE  -7.03  5.019  -7.757  2.41
298  20  ARG  HH11  -9.071  3.612  -10.041  1.89
299  20  ARG  HH12  -9.608  4.869  -10.535  1.85
300  20  ARG  HH21  -7.762  6.951  -8.779  118.52
301  20  ARG  HH22  -8.631  6.874  -9.955  58.7
302  21  PHE  N  -4.841  1.973  -2.737  118.78
303  21  PHE  CA  -4.467  0.755  -2.048  60.74
304  21  PHE  C  -5.362  -0.415  -2.458  174.3
305  21  PHE  O  -4.897  -1.371  -3.064  33.26
306  21  PHE  CB  -4.524  0.988  -0.534  40.34
307  21  PHE  CG  -4.369  -0.281  0.263  2.72
308  21  PHE  CD1  -3.273  -1.116  -0.005  3.87
309  21  PHE  CD2  -5.309  -0.64  1.246  9.09
310  21  PHE  CE1  -3.127  -2.33  0.672  8.47
311  21  PHE  CE2  -5.145  -1.848  1.943  4.56
312  21  PHE  CZ  -4.058  -2.691  1.66  1.79
313  21  PHE  H  -4.964  2.665  -2.241  8.48
314  21  PHE  HA  -3.556  0.537  -2.3  4.71
315  21  PHE  HB2  -3.803  1.583  -0.276  3.53
316  21  PHE  HB3  -5.355  1.429  -0.297  3.36
317  21  PHE  HD1  -2.632  -0.872  -0.633  7.4
318  21  PHE  HD2  -6.02  -0.08  1.458  7.4
319  21  PHE  HE1  -2.403  -2.871  0.451  7.15
320  21  PHE  HE2  -5.733  -2.08  2.625  7.15
321  21  PHE  HZ  -3.946  -3.475  2.147  6.73
322  22  ALA  N  -6.654  -0.348  -2.125  122.78
323  22  ALA  CA  -7.56  -1.475  -2.293  55.04
324  22  ALA  C  -8.057  -1.593  -3.74  178.2
325  22  ALA  O  -9.019  -2.317  -3.979  27.23
326  22  ALA  CB  -8.712  -1.369  -1.285  17.94
327  22  ALA  H  -6.956  0.359  -1.74  9.11
328  22  ALA  HA  -7.07  -2.287  -2.09  3.67
329  22  ALA  HB1  -8.359  -1.292  -0.385  7.99
330  22  ALA  HB2  -9.28  -0.609  -1.486  4.1
331  22  ALA  HB3  -9.251  -2.174  -1.329  9.3
332  23  ARG  N  -7.452  -0.867  -4.693  110.68
333  23  ARG  CA  -7.613  -1.134  -6.107  53.84
334  23  ARG  C  -6.232  -1.173  -6.782  175.4
335  23  ARG  O  -6.061  -0.712  -7.919  7.61
336  23  ARG  CB  -8.5  -0.026  -6.691  29.54
337  23  ARG  CG  -9.946  -0.465  -6.928  27.04
338  23  ARG  CD  -10.65  0.482  -7.917  43.14
339  23  ARG  NE  -11.675  -0.197  -8.735  7.17
340  23  ARG  CZ  -11.499  -0.7  -9.968  7.85
341  23  ARG  NH1  -10.291  -0.785  -10.517  8.27
342  23  ARG  NH2  -12.545  -1.137  -10.659  4.07
343  23  ARG  H  -6.778  -0.357  -4.535  7.78
344  23  ARG  HA  -8.032  -2.001  -6.227  4.3
345  23  ARG  HB2  -8.53  0.747  -6.106  2.09
346  23  ARG  HB3  -8.072  0.258  -7.514  1.45
347  23  ARG  HG2  -9.95  -1.366  -7.286  1.5
348  23  ARG  HG3  -10.398  -0.471  -6.07  1.63
349  23  ARG  HD2  -11.06  1.209  -7.422  3.17
350  23  ARG  HD3  -9.997  0.877  -8.515  3.17
351  23  ARG  HE  -12.474  -0.188  -8.418  7.85
352  23  ARG  HH11  -9.575  -0.463  -10.166  3.73
353  23  ARG  HH12  -10.196  -1.053  -11.329  7.78
354  23  ARG  HH21  -13.353  -1.127  -10.365  4.62
355  23  ARG  HH22  -12.441  -1.497  -11.433  1.83
356  24  ALA  N  -5.229  -1.718  -6.099  123.68
357  24  ALA  CA  -3.949  -1.932  -6.742  53.14
358  24  ALA  C  -4  -3.291  -7.437  177.1
359  24  ALA  O  -5.069  -3.889  -7.498  1.67
360  24  ALA  CB  -2.818  -1.818  -5.703  19.14
361  24  ALA  H  -5.364  -2.095  -5.338  7.01
362  24  ALA  HA  -3.903  -1.242  -7.422  3.77
363  24  ALA  HB1  -3.022  -1.104  -5.079  63.53
364  24  ALA  HB2  -2.733  -2.636  -5.189  176.47
365  24  ALA  HB3  -1.967  -1.618  -6.123  8.02
366  25  GLU  N  -2.907  -3.755  -8.037  122.58
367  25  GLU  CA  -2.85  -5.128  -8.539  61.34
368  25  GLU  C  -1.721  -5.998  -7.987  176.2
369  25  GLU  O  -1.742  -7.222  -8.141  45.35
370  25  GLU  CB  -2.968  -5.089  -10.064  29.74
371  25  GLU  CG  -4.45  -5.173  -10.464  37.84
372  25  GLU  CD  -4.67  -6.006  -11.72  117.42
373  25  GLU  OE1  -4.783  -7.248  -11.59  4.01
374  25  GLU  OE2  -4.763  -5.417  -12.818  8.33
375  25  GLU  H  -2.181  -3.294  -8.044  9.39
376  25  GLU  HA  -3.626  -5.596  -8.193  3.67
377  25  GLU  HB2  -2.604  -4.246  -10.376  2.16
378  25  GLU  HB3  -2.476  -5.83  -10.45  1.44
379  25  GLU  HG2  -4.962  -5.58  -9.748  2.18
380  25  GLU  HG3  -4.802  -4.278  -10.588  2.49
381  26  TYR  N  -0.731  -5.387  -7.344  113.18
382  26  TYR  CA  0.425  -6.023  -6.765  55.84
383  26  TYR  C  0.735  -5.225  -5.502  174.1
384  26  TYR  O  0.392  -4.04  -5.425  8.45
385  26  TYR  CB  1.605  -5.994  -7.765  42.94
386  26  TYR  CG  1.429  -6.864  -8.999  2.24
387  26  TYR  CD1  0.615  -6.44  -10.067  2.09
388  26  TYR  CD2  2.096  -8.098  -9.094  2
389  26  TYR  CE1  0.433  -7.251  -11.2  2.31
390  26  TYR  CE2  1.946  -8.904  -10.23  8.41
391  26  TYR  CZ  1.095  -8.496  -11.278  4.55
392  26  TYR  OH  0.925  -9.32  -12.342  62.22
393  26  TYR  H  -0.75  -4.551  -7.142  7.96
394  26  TYR  HA  0.184  -6.932  -6.526  5.03
395  26  TYR  HB2  1.779  -5.087  -8.061  2.63
396  26  TYR  HB3  2.403  -6.287  -7.298  2.55
397  26  TYR  HD1  0.182  -5.618  -10.026  6.66
398  26  TYR  HD2  2.644  -8.4  -8.406  6.66
399  26  TYR  HE1  -0.117  -6.959  -11.891  6.71
400  26  TYR  HE2  2.388  -9.721  -10.272  6.71
401  26  TYR  HH  0.145  -9.311  -12.652  8.26
402  27  PHE  N  1.387  -5.841  -4.518  115.48
403  27  PHE  CA  1.811  -5.157  -3.303  57.54
404  27  PHE  C  3.246  -5.527  -3.025  174.3
405  27  PHE  O  3.57  -6.69  -2.811  3.76
406  27  PHE  CB  0.939  -5.469  -2.095  41.74
407  27  PHE  CG  -0.475  -4.982  -2.236  1.05
408  27  PHE  CD1  -0.755  -3.605  -2.246  2.61
409  27  PHE  CD2  -1.51  -5.915  -2.382  37.66
410  27  PHE  CE1  -2.076  -3.172  -2.431  0.65
411  27  PHE  CE2  -2.826  -5.471  -2.533  4.43
412  27  PHE  CZ  -3.112  -4.1  -2.572  8.28
413  27  PHE  H  1.672  -6.64  -4.658  9.11
414  27  PHE  HA  1.745  -4.201  -3.452  5.04
415  27  PHE  HB2  0.935  -6.427  -1.946  2.64
416  27  PHE  HB3  1.331  -5.049  -1.314  2.52
417  27  PHE  HD1  -0.067  -2.986  -2.154  6.77
418  27  PHE  HD2  -1.326  -6.827  -2.37  6.77
419  27  PHE  HE1  -2.287  -2.267  -2.47  6.96
420  27  PHE  HE2  -3.515  -6.091  -2.606  6.96
421  27  PHE  HZ  -3.984  -3.803  -2.696  6.75
422  28  ILE  N  4.108  -4.533  -3.07  124.78
423  28  ILE  CA  5.54  -4.721  -2.996  59.74
424  28  ILE  C  5.887  -4.517  -1.53  175.1
425  28  ILE  O  5.556  -3.463  -1  2.51
426  28  ILE  CB  6.206  -3.755  -3.994  38.04
427  28  ILE  CG1  5.466  -3.706  -5.353  28.64
428  28  ILE  CG2  7.672  -4.155  -4.165  17.34
429  28  ILE  CD  5.265  -5.056  -6.043  1.44
430  28  ILE  H  3.821  -3.737  -3.226  9.06
431  28  ILE  HA  5.777  -5.627  -3.25  4.57
432  28  ILE  HB  6.183  -2.857  -3.627  1.95
433  28  ILE  HG12  4.599  -3.289  -5.23  1.46
434  28  ILE  HG13  5.959  -3.135  -5.963  1.34
435  28  ILE  HG21  7.762  -5.117  -4.248  1.62
436  28  ILE  HG22  8.061  -3.756  -4.959  3.22
437  28  ILE  HG23  8.155  -3.837  -3.386  3.22
438  28  ILE  HD11  4.808  -5.788  -5.38  7.23
439  28  ILE  HD12  4.61  -4.928  -6.903  41.83
440  28  ILE  HD13  6.23  -5.418  -6.386  125.81
441  29  ILE  N  6.422  -5.53  -0.847  126.88
442  29  ILE  CA  6.625  -5.511  0.598  59.74
443  29  ILE  C  8.119  -5.411  0.872  174.5
444  29  ILE  O  8.834  -6.413  0.824  2
445  29  ILE  CB  5.939  -6.689  1.321  38.14
446  29  ILE  CG1  4.42  -6.674  1.046  27.24
447  29  ILE  CG2  6.209  -6.545  2.832  17.64
448  29  ILE  CD  3.711  -7.922  1.571  1.75
449  29  ILE  H  6.573  -6.265  -1.267  9.34
450  29  ILE  HA  6.2  -4.71  0.943  5.06
451  29  ILE  HB  6.316  -7.526  1.008  1.91
452  29  ILE  HG12  4.023  -5.885  1.447  1.49
453  29  ILE  HG13  4.263  -6.636  0.09  0.89
454  29  ILE  HG21  7.159  -6.593  3.02  2.09
455  29  ILE  HG22  5.888  -5.679  3.129  2
456  29  ILE  HG23  5.792  -7.248  3.355  2.43
457  29  ILE  HD11  3.791  -7.985  2.654  2.43
458  29  ILE  HD12  2.661  -7.85  1.31  30.59
459  29  ILE  HD13  4.143  -8.812  1.114  37.29
460  30  TYR  N  8.582  -4.192  1.131  130.38
461  30  TYR  CA  9.974  -3.876  1.42  56.04
462  30  TYR  C  10.234  -4.124  2.915  172.9
463  30  TYR  O  9.688  -3.418  3.767  47.79
464  30  TYR  CB  10.202  -2.401  1.05  42.24
465  30  TYR  CG  11.655  -1.959  0.995  9.05
466  30  TYR  CD1  12.485  -2.337  -0.079  8.5
467  30  TYR  CD2  12.196  -1.206  2.052  4.78
468  30  TYR  CE1  13.858  -2.005  -0.064  2.87
469  30  TYR  CE2  13.554  -0.836  2.058  2.77
470  30  TYR  CZ  14.394  -1.242  0.997  7.61
471  30  TYR  OH  15.725  -0.966  1.008  6.91
472  30  TYR  H  8.001  -3.565  1.225  9.6
473  30  TYR  HA  10.548  -4.444  0.883  5.16
474  30  TYR  HB2  9.802  -2.224  0.184  2.61
475  30  TYR  HB3  9.73  -1.867  1.708  2.5
476  30  TYR  HD1  12.138  -2.837  -0.782  6.69
477  30  TYR  HD2  11.653  -0.979  2.772  6.69
478  30  TYR  HE1  14.442  -2.319  -0.716  6.64
479  30  TYR  HE2  13.905  -0.374  2.785  6.64
480  30  TYR  HH  15.974  -0.396  1.572  8.33
481  31  ASP  N  11.027  -5.15  3.218  127.48
482  31  ASP  CA  11.517  -5.572  4.526  51.94
483  31  ASP  C  12.697  -4.707  4.985  176.3
484  31  ASP  O  13.831  -4.922  4.536  119.41
485  31  ASP  CB  12  -7.042  4.403  42.84
486  31  ASP  CG  11.177  -8.004  5.225  4.21
487  31  ASP  OD1  11.119  -7.793  6.451  60.59
488  31  ASP  OD2  10.609  -8.963  4.644  175.65
489  31  ASP  H  11.272  -5.665  2.574  7.58
490  31  ASP  HA  10.79  -5.479  5.161  5.23
491  31  ASP  HB2  12.003  -7.321  3.474  2.92
492  31  ASP  HB3  12.913  -7.144  4.716  2.31
493  32  THR  N  12.484  -3.736  5.882  114.58
494  32  THR  CA  13.536  -2.792  6.277  63.84
495  32  THR  C  14.571  -3.419  7.234  176
496  32  THR  O  14.951  -2.801  8.229  3.73
497  32  THR  CB  12.969  -1.463  6.807  68.54
498  32  THR  OG1  12.476  -1.613  8.113  26.5
499  32  THR  CG2  11.897  -0.84  5.92  21.54
500  32  THR  H  11.711  -3.637  6.246  9.04
501  32  THR  HA  14.01  -2.558  5.463  3.91
502  32  THR  HB  13.705  -0.833  6.847  4.54
503  32  THR  HG1  13.168  -1.824  8.541  1.83
504  32  THR  HG21  11.101  -1.393  5.884  1.59
505  32  THR  HG22  11.675  0.036  6.272  1.59
506  32  THR  HG23  12.259  -0.725  5.028  8.18
507  33  GLU  N  15.013  -4.644  6.968  120.28
508  33  GLU  CA  16.05  -5.326  7.72  57.84
509  33  GLU  C  17.084  -5.925  6.835  176.9
510  33  GLU  O  18.265  -5.802  7.187  1.19
511  33  GLU  CB  15.496  -6.378  8.684  29.84
512  33  GLU  CG  14.728  -5.697  9.822  36.64
513  33  GLU  CD  14.643  -6.52  11.102  1.95
514  33  GLU  OE1  14.774  -7.765  11.073  7.58
515  33  GLU  OE2  14.526  -5.908  12.186  3.89
516  33  GLU  H  14.746  -4.977  6.222  8.43
517  33  GLU  HA  16.599  -4.67  8.178  4.3
518  33  GLU  HB2  14.942  -7.006  8.195  2.04
519  33  GLU  HB3  16.25  -6.859  9.06  2.04
520  33  GLU  HG2  15.198  -4.879  10.049  2.24
521  33  GLU  HG3  13.835  -5.468  9.52  2.14
522  34  SER  N  16.684  -6.466  5.69  111.28
523  34  SER  CA  17.676  -6.976  4.787  57.94
524  34  SER  C  17.421  -6.528  3.341  175.7
525  34  SER  O  17.785  -7.241  2.404  61.03
526  34  SER  CB  17.654  -8.508  4.943  8.44
527  34  SER  OG  18.422  -8.953  6.044  4.49
528  34  SER  H  15.849  -6.527  5.492  7.61
529  34  SER  HA  18.514  -6.604  5.104  4.46
530  34  SER  HB2  16.738  -8.799  5.075  3.92
531  34  SER  HB3  18.005  -8.929  4.143  3.71
532  34  SER  HG  18.838  -9.629  5.77  7.5
533  35  GLY  N  16.943  -5.292  3.147  112.58
534  35  GLY  CA  16.64  -4.677  1.846  45.34
535  35  GLY  C  15.909  -5.623  0.894  173.1
536  35  GLY  O  16.12  -5.569  -0.317  1.58
537  35  GLY  H  16.699  -4.858  3.848  8.34
538  35  GLY  HA2  16.08  -3.899  1.991  4.11
539  35  GLY  HA3  17.44  -4.341  1.412  3.57
540  36  ASN  N  15.123  -6.544  1.45  117.28
541  36  ASN  CA  14.454  -7.597  0.717  53.84
542  36  ASN  C  13.08  -7.086  0.308  173.8
543  36  ASN  O  12.49  -6.252  1.003  114.82
544  36  ASN  CB  14.339  -8.834  1.611  39.74
545  36  ASN  CG  13.636  -9.952  0.87  176.11
546  36  ASN  OD1  12.423  -10.1  0.967  2.85
547  36  ASN  ND2  14.358  -10.714  0.076  37.76
548  36  ASN  H  14.939  -6.444  2.284  7.58
549  36  ASN  HA  14.967  -7.821  -0.075  4.54
550  36  ASN  HB2  15.222  -9.125  1.887  2.65
551  36  ASN  HB3  13.822  -8.614  2.401  2.57
552  36  ASN  HD21  15.213  -10.639  0.019  1.89
553  36  ASN  HD22  13.956  -11.259  -0.454  3.57
554  37  VAL  N  12.558  -7.582  -0.802  119.98
555  37  VAL  CA  11.255  -7.239  -1.307  60.64
556  37  VAL  C  10.51  -8.52  -1.676  175.2
557  37  VAL  O  11.088  -9.507  -2.14  36.22
558  37  VAL  CB  11.357  -6.251  -2.489  35.14
559  37  VAL  CG1  10.18  -5.283  -2.378  21.94
560  37  VAL  CG2  12.647  -5.412  -2.562  21.64
561  37  VAL  H  12.998  -8.145  -1.28  8.06
562  37  VAL  HA  10.777  -6.804  -0.584  5.04
563  37  VAL  HB  11.28  -6.74  -3.323  1.94
564  37  VAL  HG11  9.341  -5.765  -2.443  4.62
565  37  VAL  HG12  10.216  -4.815  -1.529  2.9
566  37  VAL  HG13  10.242  -4.637  -3.099  2.83
567  37  VAL  HG21  12.814  -4.966  -1.717  1.54
568  37  VAL  HG22  13.402  -5.983  -2.773  7.54
569  37  VAL  HG23  12.572  -4.746  -3.263  4.44
570  38  GLU  N  9.194  -8.483  -1.544  127.28
571  38  GLU  CA  8.269  -9.522  -1.959  54.54
572  38  GLU  C  7.271  -8.831  -2.877  173.9
573  38  GLU  O  6.79  -7.752  -2.527  3.85
574  38  GLU  CB  7.611  -10.108  -0.698  33.24
575  38  GLU  CG  6.323  -10.909  -0.933  36.24
576  38  GLU  CD  6.559  -12.282  -1.561  180.72
577  38  GLU  OE1  7.243  -12.389  -2.598  3.87
578  38  GLU  OE2  6.012  -13.26  -0.996  115.45
579  38  GLU  H  8.835  -7.763  -1.24  9.1
580  38  GLU  HA  8.731  -10.223  -2.445  4.67
581  38  GLU  HB2  8.255  -10.662  -0.23  1.95
582  38  GLU  HB3  7.381  -9.374  -0.107  1.9
583  38  GLU  HG2  5.903  -11.036  -0.068  2.23
584  38  GLU  HG3  5.695  -10.407  -1.476  2.08
585  39  VAL  N  6.946  -9.422  -4.025  123.98
586  39  VAL  CA  5.879  -8.929  -4.882  61.84
587  39  VAL  C  4.676  -9.828  -4.625  175.7
588  39  VAL  O  4.645  -10.994  -5.014  1.33
589  39  VAL  CB  6.291  -8.888  -6.367  33.24
590  39  VAL  CG1  5.186  -8.255  -7.234  21.74
591  39  VAL  CG2  7.605  -8.12  -6.581  21.14
592  39  VAL  H  7.268  -10.196  -4.218  8.66
593  39  VAL  HA  5.65  -8.023  -4.623  4.67
594  39  VAL  HB  6.427  -9.798  -6.674  2
595  39  VAL  HG11  4.353  -8.171  -6.745  176.28
596  39  VAL  HG12  5.432  -7.369  -7.541  179.02
597  39  VAL  HG13  5.033  -8.819  -8.008  29.12
598  39  VAL  HG21  7.559  -7.239  -6.177  31.58
599  39  VAL  HG22  8.34  -8.603  -6.173  2.13
600  39  VAL  HG23  7.784  -8.037  -7.531  8.02
601  40  VAL  N  3.67  -9.286  -3.957  129.18
602  40  VAL  CA  2.352  -9.885  -3.881  60.94
603  40  VAL  C  1.648  -9.551  -5.195  175.2
604  40  VAL  O  1.887  -8.496  -5.775  4.12
605  40  VAL  CB  1.621  -9.257  -2.686  34.14
606  40  VAL  CG1  0.135  -9.63  -2.591  20.54
607  40  VAL  CG2  2.374  -9.526  -1.375  20.84
608  40  VAL  H  3.751  -8.48  -3.667  9.44
609  40  VAL  HA  2.429  -10.846  -3.772  4.4
610  40  VAL  HB  1.626  -8.298  -2.831  2.26
611  40  VAL  HG11  -0.332  -9.222  -3.337  60.9
612  40  VAL  HG12  0.029  -10.594  -2.608  179.3
613  40  VAL  HG13  -0.237  -9.267  -1.772  1.5
614  40  VAL  HG21  1.898  -9.117  -0.635  28.73
615  40  VAL  HG22  2.461  -10.481  -1.227  8.64
616  40  VAL  HG23  3.26  -9.132  -1.403  3.32
617  41  GLU  N  0.716  -10.402  -5.604  127.68
618  41  GLU  CA  -0.117  -10.284  -6.79  56.44
619  41  GLU  C  -1.54  -10.42  -6.261  175.5
620  41  GLU  O  -1.928  -11.508  -5.825  117.29
621  41  GLU  CB  0.27  -11.393  -7.779  30.04
622  41  GLU  CG  -0.424  -11.26  -9.133  36.24
623  41  GLU  CD  0.143  -12.282  -10.125  4.8
624  41  GLU  OE1  1.278  -12.11  -10.627  3.3
625  41  GLU  OE2  -0.563  -13.277  -10.415  3.11
626  41  GLU  H  0.54  -11.066  -5.087  8.93
627  41  GLU  HA  0.012  -9.42  -7.212  4.32
628  41  GLU  HB2  1.229  -11.361  -7.92  2.02
629  41  GLU  HB3  0.031  -12.256  -7.407  2.02
630  41  GLU  HG2  -1.376  -11.407  -9.018  2.22
631  41  GLU  HG3  -0.296  -10.36  -9.471  2.12
632  42  ASN  N  -2.266  -9.311  -6.147  124.48
633  42  ASN  CA  -3.539  -9.235  -5.439  52.04
634  42  ASN  C  -4.518  -8.632  -6.416  175.1
635  42  ASN  O  -4.371  -7.477  -6.799  3.98
636  42  ASN  CB  -3.433  -8.367  -4.178  37.84
637  42  ASN  CG  -4.029  -9.013  -2.94  121.8
638  42  ASN  OD1  -5.216  -8.87  -2.667  54.87
639  42  ASN  ND2  -3.235  -9.704  -2.145  179.62
640  42  ASN  H  -2.031  -8.609  -6.584  8.06
641  42  ASN  HA  -3.851  -10.12  -5.194  4.86
642  42  ASN  HB2  -2.509  -8.117  -4.021  3.16
643  42  ASN  HB3  -3.947  -7.559  -4.333  2.07
644  42  ASN  HD21  -2.415  -9.867  -2.346  8.23
645  42  ASN  HD22  -3.598  -10.136  -1.496  4.91
646  43  THR  N  -5.484  -9.409  -6.862  115.78
647  43  THR  CA  -6.31  -9.056  -7.993  61.64
648  43  THR  C  -7.601  -8.434  -7.46  174.7
649  43  THR  O  -8.667  -9.055  -7.461  6.91
650  43  THR  CB  -6.4  -10.317  -8.863  68.84
651  43  THR  OG1  -6.81  -11.43  -8.093  2.39
652  43  THR  CG2  -4.995  -10.61  -9.418  21.64
653  43  THR  H  -5.568  -10.224  -6.602  7.85
654  43  THR  HA  -5.871  -8.374  -8.526  4.26
655  43  THR  HB  -7.018  -10.181  -9.598  4.09
656  43  THR  HG1  -7.619  -11.302  -7.908  35.9
657  43  THR  HG21  -4.664  -9.812  -9.859  8.38
658  43  THR  HG22  -4.37  -10.838  -8.712  3.96
659  43  THR  HG23  -5.033  -11.34  -10.055  4.26
660  44  ILE  N  -7.462  -7.216  -6.928  121.68
661  44  ILE  CA  -8.51  -6.409  -6.323  61.34
662  44  ILE  C  -8.755  -5.194  -7.211  175.5
663  44  ILE  O  -8.053  -4.195  -7.107  31.74
664  44  ILE  CB  -8.196  -6.017  -4.852  37.64
665  44  ILE  CG1  -6.774  -6.264  -4.314  27.64
666  44  ILE  CG2  -9.076  -6.842  -3.923  18.24
667  44  ILE  CD  -5.723  -5.317  -4.83  8.37
668  44  ILE  H  -6.67  -6.88  -6.92  7.69
669  44  ILE  HA  -9.329  -6.929  -6.328  4.05
670  44  ILE  HB  -8.421  -5.084  -4.714  1.89
671  44  ILE  HG12  -6.775  -6.153  -3.35  1.41
672  44  ILE  HG13  -6.488  -7.169  -4.516  1.16
673  44  ILE  HG21  -8.802  -7.767  -4.025  3.18
674  44  ILE  HG22  -8.938  -6.554  -3.007  4.74
675  44  ILE  HG23  -10.01  -6.722  -4.154  7.02
676  44  ILE  HD11  -5.515  -5.573  -5.862  113.67
677  44  ILE  HD12  -6.053  -4.286  -4.726  58.82
678  44  ILE  HD13  -4.84  -5.483  -4.225  178.55
679  45  ALA  N  -9.763  -5.265  -8.078  127.08
680  45  ALA  CA  -10.127  -4.194  -8.993  52.54
681  45  ALA  C  -11.645  -4.005  -8.972  4.11
682  45  ALA  O  -12.291  -4.023  -10.017  3.91
683  45  ALA  CB  -9.577  -4.517  -10.387  19.44
684  45  ALA  H  -10.233  -5.984  -8.122  7.94
685  45  ALA  HA  -9.719  -3.363  -8.702  4.27
686  45  ALA  HB1  -9.788  -3.797  -11.002  9.25
687  45  ALA  HB2  -8.613  -4.617  -10.344  4.76
688  45  ALA  HB3  -9.971  -5.34  -10.715  2.96
689  46  ASP  N  -12.247  -3.879  -7.787  3.35
690  46  ASP  CA  -13.663  -3.531  -7.624  54.24
691  46  ASP  C  -13.883  -3.008  -6.2  129.09
692  46  ASP  O  -12.906  -2.793  -5.477  123.49
693  46  ASP  CB  -14.6  -4.721  -7.944  41.34
694  46  ASP  CG  -16.028  -4.277  -8.29  3.94
695  46  ASP  OD1  -16.304  -3.057  -8.278  2.12
696  46  ASP  OD2  -16.858  -5.143  -8.639  2.04
697  46  ASP  H  -11.768  -3.852  -7.073  7.89
698  46  ASP  HA  -13.851  -2.815  -8.25  4.51
699  46  ASP  HB2  -14.261  -5.206  -8.713  2.64
700  46  ASP  HB3  -14.62  -5.33  -7.189  2.56
701  47  ALA  N  -15.128  -2.793  -5.773  56.73
702  47  ALA  CA  -15.529  -2.496  -4.405  176.67
703  47  ALA  C  -16.645  -3.457  -3.96  7.32
704  47  ALA  O  -17.153  -4.255  -4.751  4.12
705  47  ALA  CB  -15.952  -1.022  -4.309  34.43
706  47  ALA  H  -15.772  -2.938  -6.324  3.17
707  47  ALA  HA  -14.769  -2.639  -3.819  4.19
708  47  ALA  HB1  -15.21  -0.448  -4.556  8.39
709  47  ALA  HB2  -16.702  -0.859  -4.903  4.47
710  47  ALA  HB3  -16.218  -0.809  -3.401  2.64
711  48  HSE  N  -17.043  -3.337  -2.692  2.51
712  48  HSE  CA  -17.839  -4.291  -1.919  1.96
713  48  HSE  C  -17.131  -5.648  -1.766  2.36
714  48  HSE  O  -15.94  -5.765  -2.065  108.54
715  48  HSE  CB  -19.301  -4.373  -2.416  62.1
716  48  HSE  CG  -20.301  -4.668  -1.315  176.06
717  48  HSE  ND1  -21.429  -5.459  -1.409  8.05
718  48  HSE  CD2  -20.291  -4.13  -0.055  120.54
719  48  HSE  CE1  -22.074  -5.401  -0.23  138.44
720  48  HSE  NE2  -21.402  -4.62  0.634  8.01
721  48  HSE  H  -16.583  -2.619  -2.148  8.52
722  48  HSE  HA  -17.86  -3.867  -0.917  4.14
723  48  HSE  HB2  -19.583  -3.422  -2.865  2.3
724  48  HSE  HB3  -19.375  -5.135  -3.194  2.3
725  48  HSE  HD1  -21.794  -5.947  -2.226  2.72
726  48  HSE  HD2  -19.566  -3.43  0.338  7.1
727  48  HSE  HE1  -23.016  -5.895  -0.017  8.05
728  49  GLY  N  -17.817  -6.624  -1.171  118.69
729  49  GLY  CA  -17.251  -7.873  -0.682  63.11
730  49  GLY  C  -17.402  -7.958  0.836  174.81
731  49  GLY  O  -17.925  -7.033  1.47  7.89
732  49  GLY  H  -18.621  -6.45  -0.92  38.15
733  49  GLY  HA2  -17.712  -8.617  -1.1  3.17
734  49  GLY  HA3  -16.311  -7.926  -0.915  7.44
735  50  THR  N  -16.939  -9.059  1.428  3.76
736  50  THR  CA  -16.937  -9.288  2.865  2.16
737  50  THR  C  -15.571  -9.858  3.26  2.76
738  50  THR  O  -15.04  -10.759  2.605  123.31
739  50  THR  CB  -18.146  -10.16  3.269  55.73
740  50  THR  OG1  -18.194  -10.31  4.676  116.02
741  50  THR  CG2  -18.176  -11.557  2.634  52.96
742  50  THR  H  -16.561  -9.665  0.949  174.93
743  50  THR  HA  -17.04  -8.433  3.311  33.63
744  50  THR  HB  -18.952  -9.695  2.995  38.22
745  50  THR  HG1  -18.807  -10.856  4.854  62.54
746  50  THR  HG21  -18.153  -11.482  1.667  8.55
747  50  THR  HG22  -17.414  -12.08  2.929  4.69
748  50  THR  HG23  -18.997  -12.01  2.882  2.8
749  51  GLY  N  -15  -9.311  4.334  2.58
750  51  GLY  CA  -13.643  -9.572  4.78  108.61
751  51  GLY  C  -12.65  -8.689  4.013  45.23
752  51  GLY  O  -12.95  -8.231  2.906  4.52
753  51  GLY  H  -15.363  -8.607  4.669  1.88
754  51  GLY  HA2  -13.592  -9.382  5.73  7.62
755  51  GLY  HA3  -13.426  -10.505  4.628  4.28
756  52  PRO  N  -11.453  -8.439  4.569  3.05
757  52  PRO  CA  -10.434  -7.65  3.897  65.44
758  52  PRO  C  -9.866  -8.382  2.694  6.7
759  52  PRO  O  -9.865  -7.812  1.605  6.7
760  52  PRO  CB  -9.359  -7.378  4.943  31.84
761  52  PRO  CG  -9.51  -8.519  5.941  27.94
762  52  PRO  CD  -11.002  -8.844  5.894  50.44
763  52  PRO  HA  -10.785  -6.806  3.572  4.21
764  52  PRO  HB2  -8.48  -7.395  4.532  2.39
765  52  PRO  HB3  -9.531  -6.527  5.375  1.9
766  52  PRO  HG2  -8.99  -9.271  5.617  2.12
767  52  PRO  HG3  -9.216  -8.277  6.833  1.76
768  52  PRO  HD2  -11.143  -9.791  6.047  3.7
769  52  PRO  HD3  -11.471  -8.324  6.565  3.52
770  53  LYS  N  -9.36  -9.606  2.884  1.74
771  53  LYS  CA  -8.572  -10.389  1.936  58.74
772  53  LYS  C  -7.28  -9.682  1.532  179.1
773  53  LYS  O  -6.221  -10.183  1.901  5.25
774  53  LYS  CB  -9.496  -10.887  0.821  32.04
775  53  LYS  CG  -8.844  -11.367  -0.476  25.34
776  53  LYS  CD  -8.673  -10.285  -1.55  29.04
777  53  LYS  CE  -9.9  -9.382  -1.773  42.14
778  53  LYS  NZ  -11.019  -10.115  -2.391  7.26
779  53  LYS  H  -9.563  -10.014  3.613  7.26
780  53  LYS  HA  -8.285  -11.194  2.395  4.11
781  53  LYS  HB2  -9.993  -11.637  1.183  1.87
782  53  LYS  HB3  -10.147  -10.196  0.621  1.87
783  53  LYS  HG2  -7.983  -11.766  -0.275  1.43
784  53  LYS  HG3  -9.412  -12.059  -0.85  1.54
785  53  LYS  HD2  -7.904  -9.73  -1.347  1.67
786  53  LYS  HD3  -8.468  -10.751  -2.376  1.67
787  53  LYS  HE2  -10.184  -8.968  -0.943  2.98
788  53  LYS  HE3  -9.647  -8.661  -2.371  2.98
789  53  LYS  HZ1  -11.728  -9.584  -2.474  2.93
790  53  LYS  HZ2  -10.785  -10.382  -3.207  122.3
791  53  LYS  HZ3  -11.252  -10.828  -1.912  4.49
792  54  VAL  N  -7.344  -8.505  0.899  121.48
793  54  VAL  CA  -6.179  -7.703  0.554  66.14
794  54  VAL  C  -5.341  -7.509  1.825  178.3
795  54  VAL  O  -4.22  -7.999  1.932  2.18
796  54  VAL  CB  -6.558  -6.395  -0.175  31.04
797  54  VAL  CG1  -7.645  -5.489  0.423  22.54
798  54  VAL  CG2  -5.303  -5.542  -0.369  21.84
799  54  VAL  H  -8.124  -8.185  0.731  8.14
800  54  VAL  HA  -5.685  -8.206  -0.112  3.54
801  54  VAL  HB  -6.886  -6.665  -1.047  2.09
802  54  VAL  HG11  -8.472  -5.979  0.55  56.23
803  54  VAL  HG12  -7.353  -5.093  1.259  30.25
804  54  VAL  HG13  -7.832  -4.769  -0.2  8.96
805  54  VAL  HG21  -4.553  -6.114  -0.596  8.09
806  54  VAL  HG22  -5.453  -4.893  -1.075  4.17
807  54  VAL  HG23  -5.07  -5.074  0.448  1.57
808  55  VAL  N  -5.936  -6.845  2.819  118.88
809  55  VAL  CA  -5.354  -6.582  4.128  67.94
810  55  VAL  C  -4.969  -7.894  4.79  177.2
811  55  VAL  O  -3.797  -8.011  5.11  60.6
812  55  VAL  CB  -6.271  -5.658  4.972  31.04
813  55  VAL  CG1  -5.451  -4.767  5.896  21.14
814  55  VAL  CG2  -7.151  -4.716  4.122  23.34
815  55  VAL  H  -6.722  -6.528  2.671  8.03
816  55  VAL  HA  -4.494  -6.146  4.027  3.3
817  55  VAL  HB  -6.849  -6.197  5.535  2.21
818  55  VAL  HG11  -6.043  -4.162  6.37  3.03
819  55  VAL  HG12  -4.995  -5.318  6.551  8.03
820  55  VAL  HG13  -4.803  -4.253  5.389  3.98
821  55  VAL  HG21  -6.595  -4.23  3.493  2
822  55  VAL  HG22  -7.829  -5.213  3.639  2
823  55  VAL  HG23  -7.612  -4.077  4.689  2.17
824  56  GLN  N  -5.875  -8.879  4.904  117.58
825  56  GLN  CA  -5.599  -10.158  5.566  59.04
826  56  GLN  C  -4.256  -10.744  5.117  178.6
827  56  GLN  O  -3.443  -11.122  5.961  69.38
828  56  GLN  CB  -6.734  -11.176  5.336  27.74
829  56  GLN  CG  -7.612  -11.387  6.582  33.64
830  56  GLN  CD  -7.04  -12.336  7.633  4.09
831  56  GLN  OE1  -5.866  -12.7  7.628  4.11
832  56  GLN  NE2  -7.883  -12.712  8.581  173.97
833  56  GLN  H  -6.665  -8.757  4.587  7.99
834  56  GLN  HA  -5.554  -9.974  6.517  3.9
835  56  GLN  HB2  -7.297  -10.867  4.609  2.13
836  56  GLN  HB3  -6.372  -12.034  5.066  2.13
837  56  GLN  HG2  -7.772  -10.535  7.017  2.41
838  56  GLN  HG3  -8.463  -11.747  6.287  2.41
839  56  GLN  HE21  -8.697  -12.436  8.549  2.5
840  56  GLN  HE22  -7.658  -13.318  9.148  54.88
841  57  SER  N  -4.01  -10.791  3.804  115.68
842  57  SER  CA  -2.79  -11.338  3.239  61.44
843  57  SER  C  -1.571  -10.551  3.699  176.1
844  57  SER  O  -0.731  -11.112  4.401  7.49
845  57  SER  CB  -2.949  -11.427  1.711  62.74
846  57  SER  OG  -1.927  -12.205  1.121  1.8
847  57  SER  H  -4.595  -10.491  3.249  7.8
848  57  SER  HA  -2.665  -12.221  3.621  4.17
849  57  SER  HB2  -3.804  -11.836  1.503  3.94
850  57  SER  HB3  -2.936  -10.536  1.328  3.87
851  57  SER  HG  -2.105  -12.308  0.307  2.18
852  58  LEU  N  -1.494  -9.267  3.348  119.98
853  58  LEU  CA  -0.382  -8.362  3.641  57.44
854  58  LEU  C  -0.061  -8.343  5.136  179.2
855  58  LEU  O  1.095  -8.444  5.54  32.03
856  58  LEU  CB  -0.744  -6.941  3.17  40.84
857  58  LEU  CG  -1.124  -6.838  1.682  25.64
858  58  LEU  CD1  -1.713  -5.46  1.385  25.04
859  58  LEU  CD2  0.04  -7.124  0.754  20.94
860  58  LEU  H  -2.13  -8.977  2.847  7.68
861  58  LEU  HA  0.405  -8.67  3.165  3.88
862  58  LEU  HB2  -1.493  -6.626  3.7  1.87
863  58  LEU  HB3  0.006  -6.352  3.347  0.93
864  58  LEU  HG  -1.799  -7.499  1.461  1.58
865  58  LEU  HD11  -1.061  -4.768  1.58  4.13
866  58  LEU  HD12  -1.985  -5.406  0.455  2.14
867  58  LEU  HD13  -2.496  -5.333  1.943  2.14
868  58  LEU  HD21  0.734  -6.453  0.852  2.55
869  58  LEU  HD22  0.393  -8.008  0.941  2.51
870  58  LEU  HD23  -0.305  -7.135  -0.153  58.53
871  59  VAL  N  -1.097  -8.219  5.961  120.58
872  59  VAL  CA  -1.038  -8.255  7.413  66.64
873  59  VAL  C  -0.401  -9.556  7.882  180.5
874  59  VAL  O  0.492  -9.518  8.722  51.77
875  59  VAL  CB  -2.475  -8.065  7.935  31.44
876  59  VAL  CG1  -2.697  -8.55  9.375  22.34
877  59  VAL  CG2  -2.785  -6.564  7.9  20.94
878  59  VAL  H  -1.884  -8.187  5.615  8.57
879  59  VAL  HA  -0.474  -7.531  7.727  3.64
880  59  VAL  HB  -3.08  -8.531  7.337  2.09
881  59  VAL  HG11  -2.604  -9.514  9.425  1.88
882  59  VAL  HG12  -2.052  -8.136  9.97  1.88
883  59  VAL  HG13  -3.589  -8.316  9.676  1.55
884  59  VAL  HG21  -3.66  -6.399  8.285  1.43
885  59  VAL  HG22  -2.12  -6.084  8.418  1.68
886  59  VAL  HG23  -2.78  -6.25  6.982  1.68
887  60  SER  N  -0.803  -10.69  7.315  116.88
888  60  SER  CA  -0.234  -11.995  7.613  61.34
889  60  SER  C  1.182  -12.159  7.032  175
890  60  SER  O  1.744  -13.255  7.062  115.17
891  60  SER  CB  -1.21  -13.069  7.13  62.84
892  60  SER  OG  -2.482  -12.86  7.734  3.98
893  60  SER  H  -1.374  -10.661  6.673  8.22
894  60  SER  HA  -0.156  -12.08  8.576  4.31
895  60  SER  HB2  -1.303  -13.023  6.166  4.02
896  60  SER  HB3  -0.868  -13.947  7.361  4.02
897  60  SER  HG  -2.885  -12.322  7.231  4.36
898  61  LYS  N  1.786  -11.091  6.491  119.68
899  61  LYS  CA  3.206  -11.026  6.156  55.54
900  61  LYS  C  3.808  -9.848  6.937  176.2
901  61  LYS  O  4.748  -9.194  6.485  7.91
902  61  LYS  CB  3.404  -10.964  4.617  4.16
903  61  LYS  CG  2.219  -11.514  3.792  28.74
904  61  LYS  CD  2.452  -12.377  2.564  24.94
905  61  LYS  CE  3.459  -11.835  1.541  42.14
906  61  LYS  NZ  3.677  -12.8  0.438  1.45
907  61  LYS  H  1.334  -10.372  6.357  7.24
908  61  LYS  HA  3.639  -11.836  6.468  4.41
909  61  LYS  HB2  3.518  -10.037  4.355  2
910  61  LYS  HB3  4.219  -11.44  4.394  1.78
911  61  LYS  HG2  1.673  -12.106  4.333  1.61
912  61  LYS  HG3  1.678  -10.748  3.542  1.48
913  61  LYS  HD2  2.744  -13.245  2.885  1.46
914  61  LYS  HD3  1.571  -12.482  2.173  1.46
915  61  LYS  HE2  3.136  -10.993  1.184  2.89
916  61  LYS  HE3  4.303  -11.684  1.994  2.89
917  61  LYS  HZ1  4.52  -12.805  0.154  60.8
918  61  LYS  HZ2  3.454  -13.633  0.657  177.69
919  61  LYS  HZ3  3.147  -12.61  -0.251  178.47
920  62  GLY  N  3.342  -9.659  8.173  107.18
921  62  GLY  CA  3.766  -8.694  9.176  45.94
922  62  GLY  C  3.678  -7.213  8.807  174.2
923  62  GLY  O  4.141  -6.413  9.61  8
924  62  GLY  H  2.725  -10.193  8.443  8.01
925  62  GLY  HA2  3.191  -8.818  9.947  4
926  62  GLY  HA3  4.678  -8.895  9.438  3.84
927  63  VAL  N  3.131  -6.82  7.651  117.88
928  63  VAL  CA  3.154  -5.449  7.123  64.54
929  63  VAL  C  2.618  -4.419  8.127  174.4
930  63  VAL  O  1.4  -4.341  8.311  1.7
931  63  VAL  CB  2.395  -5.423  5.782  32.04
932  63  VAL  CG1  2.167  -4.017  5.225  22.14
933  63  VAL  CG2  3.17  -6.163  4.689  24.04
934  63  VAL  H  2.791  -7.423  7.14  7.1
935  63  VAL  HA  4.074  -5.203  6.937  3.46
936  63  VAL  HB  1.531  -5.848  5.902  1.57
937  63  VAL  HG11  3.017  -3.574  5.076  52.41
938  63  VAL  HG12  1.675  -4.075  4.391  121.17
939  63  VAL  HG13  1.639  -3.489  5.845  58.63
940  63  VAL  HG21  2.615  -6.249  3.898  179.5
941  63  VAL  HG22  3.959  -5.646  4.463  115.08
942  63  VAL  HG23  3.433  -7.049  4.985  30.33
943  64  GLU  N  3.5  -3.581  8.696  123.88
944  64  GLU  CA  3.11  -2.531  9.657  56.54
945  64  GLU  C  3.16  -1.132  9.022  174.9
946  64  GLU  O  3.328  -0.114  9.698  4.25
947  64  GLU  CB  4.13  -2.558  10.82  33.84
948  64  GLU  CG  3.928  -3.727  11.797  37.14
949  64  GLU  CD  3.582  -3.232  13.198  1.53
950  64  GLU  OE1  2.376  -3.055  13.486  1.45
951  64  GLU  OE2  4.507  -2.975  14.003  1.69
952  64  GLU  H  4.333  -3.704  8.52  8.21
953  64  GLU  HA  2.22  -2.69  10.009  4.34
954  64  GLU  HB2  5.027  -2.593  10.452  1.96
955  64  GLU  HB3  4.116  -1.72  11.308  1.8
956  64  GLU  HG2  3.215  -4.302  11.478  2.31
957  64  GLU  HG3  4.74  -4.256  11.841  2.11
958  65  TYR  N  2.813  -1.008  7.748  116.38
959  65  TYR  CA  2.977  0.23  7.005  55.84
960  65  TYR  C  2.407  0.031  5.61  172.7
961  65  TYR  O  2.184  -1.09  5.156  59.38
962  65  TYR  CB  4.461  0.545  6.811  43.44
963  65  TYR  CG  5.223  1.396  7.792  1.69
964  65  TYR  CD1  4.904  2.751  7.966  34.2
965  65  TYR  CD2  6.381  0.867  8.377  25.36
966  65  TYR  CE1  5.701  3.563  8.79  29.58
967  65  TYR  CE2  7.186  1.667  9.21  8.22
968  65  TYR  CZ  6.843  3.023  9.417  4.33
969  65  TYR  OH  7.647  3.822  10.168  2.15
970  65  TYR  H  2.618  -1.701  7.278  7.7
971  65  TYR  HA  2.531  0.96  7.462  5.61
972  65  TYR  HB2  4.924  -0.298  6.681  2.8
973  65  TYR  HB3  4.542  1.037  5.979  2.56
974  65  TYR  HD1  4.173  3.113  7.519  7.17
975  65  TYR  HD2  6.588  -0.016  8.173  7.17
976  65  TYR  HE1  5.485  4.457  8.925  6.96
977  65  TYR  HE2  7.94  1.317  9.627  6.96
978  65  TYR  HH  7.59  4.624  9.925  3.99
979  66  LEU  N  2.253  1.118  4.871  124.18
980  66  LEU  CA  1.79  1.118  3.502  52.64
981  66  LEU  C  2.074  2.501  2.92  173.9
982  66  LEU  O  2.087  3.485  3.653  7.87
983  66  LEU  CB  0.297  0.756  3.54  46.74
984  66  LEU  CG  -0.516  1.093  2.289  27.94
985  66  LEU  CD1  -0.107  0.32  1.027  24.34
986  66  LEU  CD2  -1.992  0.794  2.555  27.84
987  66  LEU  H  2.457  1.879  5.216  9.13
988  66  LEU  HA  2.28  0.442  3.008  5.38
989  66  LEU  HB2  0.224  -0.191  3.738  1.73
990  66  LEU  HB3  -0.102  1.239  4.28  1.08
991  66  LEU  HG  -0.411  2.047  2.151  1.58
992  66  LEU  HD11  -0.127  -0.634  1.199  2.02
993  66  LEU  HD12  -0.715  0.524  0.299  2.47
994  66  LEU  HD13  0.781  0.581  0.737  2.47
995  66  LEU  HD21  -2.533  1.136  1.826  8.12
996  66  LEU  HD22  -2.131  -0.162  2.645  4.27
997  66  LEU  HD23  -2.285  1.227  3.372  1.78
998  67  ILE  N  2.272  2.592  1.61  127.78
999  67  ILE  CA  2.473  3.824  0.86  60.04
1000  67  ILE  C  1.336  3.874  -0.151  173.1
1001  67  ILE  O  1.416  3.219  -1.179  8.32
1002  67  ILE  CB  3.871  3.781  0.21  38.94
1003  67  ILE  CG1  4.965  3.866  1.3  26.34
1004  67  ILE  CG2  4.099  4.969  -0.731  19.44
1005  67  ILE  CD  6.309  3.27  0.876  2.36
1006  67  ILE  H  2.334  1.865  1.156  8.67
1007  67  ILE  HA  2.413  4.598  1.442  4.94
1008  67  ILE  HB  3.933  2.969  -0.317  1.71
1009  67  ILE  HG12  5.06  4.797  1.554  1.23
1010  67  ILE  HG13  4.716  3.388  2.107  0.67
1011  67  ILE  HG21  3.747  5.783  -0.337  18.52
1012  67  ILE  HG22  5.05  5.087  -0.883  2.86
1013  67  ILE  HG23  3.67  4.797  -1.584  6.83
1014  67  ILE  HD11  7.098  3.667  1.513  0.86
1015  67  ILE  HD12  6.269  2.191  0.988  7.79
1016  67  ILE  HD13  6.529  3.487  -0.162  4.22
1017  68  ALA  N  0.236  4.556  0.157  122.88
1018  68  ALA  CA  -0.981  4.547  -0.644  50.44
1019  68  ALA  C  -1.729  5.875  -0.528  175.5
1020  68  ALA  O  -2.402  6.162  0.465  1.78
1021  68  ALA  CB  -1.947  3.456  -0.208  22.54
1022  68  ALA  H  0.272  5.117  0.808  8.83
1023  68  ALA  HA  -0.725  4.364  -1.562  4.84
1024  68  ALA  HB1  -1.548  2.587  -0.372  3.22
1025  68  ALA  HB2  -2.17  3.558  0.73  7.19
1026  68  ALA  HB3  -2.754  3.555  -0.736  8.65
1027  69  SER  N  -1.692  6.627  -1.612  113.88
1028  69  SER  CA  -2.331  7.912  -1.828  59.34
1029  69  SER  C  -3.814  7.986  -1.446  174
1030  69  SER  O  -4.315  9.068  -1.146  3.51
1031  69  SER  CB  -2.16  8.249  -3.308  64.34
1032  69  SER  OG  -3.022  7.545  -4.184  56.36
1033  69  SER  H  -1.347  6.226  -2.29  8.73
1034  69  SER  HA  -1.856  8.583  -1.312  4.88
1035  69  SER  HB2  -2.311  9.203  -3.399  4
1036  69  SER  HB3  -1.252  8.056  -3.591  3.88
1037  69  SER  HG  -3.476  8.155  -4.54  4.24
1038  70  ASN  N  -4.529  6.864  -1.512  116.88
1039  70  ASN  CA  -5.969  6.747  -1.393  53.04
1040  70  ASN  C  -6.261  5.254  -1.252  172.8
1041  70  ASN  O  -5.373  4.414  -1.44  1.84
1042  70  ASN  CB  -6.636  7.209  -2.71  42.64
1043  70  ASN  CG  -6.92  8.697  -2.87  8.65
1044  70  ASN  OD1  -6.818  9.221  -3.975  4.1
1045  70  ASN  ND2  -7.383  9.383  -1.84  2.75
1046  70  ASN  H  -4.132  6.108  -1.616  7.78
1047  70  ASN  HA  -6.275  7.238  -0.615  4.92
1048  70  ASN  HB2  -6.073  6.94  -3.453  2.7
1049  70  ASN  HB3  -7.481  6.749  -2.831  2.6
1050  70  ASN  HD21  -7.41  9.06  -1.044  64.03
1051  70  ASN  HD22  -7.601  10.203  -1.977  175.87
1052  71  VAL  N  -7.532  4.882  -1.095  116.48
1053  71  VAL  CA  -7.961  3.498  -1.048  61.94
1054  71  VAL  C  -9.13  3.322  -2.022  174.1
1055  71  VAL  O  -9.81  4.287  -2.375  2.02
1056  71  VAL  CB  -8.195  3.156  0.439  18.13
1057  71  VAL  CG1  -9.389  3.862  1.078  21.64
1058  71  VAL  CG2  -8.311  1.662  0.706  21.64
1059  71  VAL  H  -8.179  5.448  -1.067  7.84
1060  71  VAL  HA  -7.245  2.925  -1.364  4.09
1061  71  VAL  HB  -7.404  3.443  0.922  1.83
1062  71  VAL  HG11  -9.42  3.624  2.018  4.13
1063  71  VAL  HG12  -9.288  4.823  0.998  9.17
1064  71  VAL  HG13  -10.218  3.59  0.654  4.76
1065  71  VAL  HG21  -8.169  1.521  1.655  128.1
1066  71  VAL  HG22  -9.184  1.327  0.449  54.99
1067  71  VAL  HG23  -7.62  1.188  0.218  5.64
1068  72  GLY  N  -9.318  2.09  -2.499  113.78
1069  72  GLY  CA  -10.51  1.662  -3.223  44.64
1070  72  GLY  C  -11.774  2.094  -2.461  0.71
1071  72  GLY  O  -12.578  2.891  -2.945  116.11
1072  72  GLY  H  -8.746  1.483  -2.289  8.75
1073  72  GLY  HA2  -10.495  1.983  -4.138  4.54
1074  72  GLY  HA3  -10.499  0.693  -3.276  3.9
1075  73  ARG  N  -11.852  1.601  -1.22  60.27
1076  73  ARG  CA  -12.931  1.517  -0.223  177.68
1077  73  ARG  C  -12.608  0.267  0.625  5.1
1078  73  ARG  O  -11.566  -0.353  0.399  38.98
1079  73  ARG  CB  -14.359  1.498  -0.845  62.03
1080  73  ARG  CG  -15.093  2.851  -0.727  29.34
1081  73  ARG  CD  -16.554  2.752  -1.209  8.04
1082  73  ARG  NE  -17.318  3.999  -0.967  4.22
1083  73  ARG  CZ  -17.947  4.356  0.167  5.54
1084  73  ARG  NH1  -18.08  3.499  1.173  39.35
1085  73  ARG  NH2  -18.453  5.577  0.289  60.22
1086  73  ARG  H  -11.178  1.122  -0.983  8.43
1087  73  ARG  HA  -12.856  2.29  0.359  4.3
1088  73  ARG  HB2  -14.323  1.219  -1.773  2.24
1089  73  ARG  HB3  -14.904  0.843  -0.382  2.04
1090  73  ARG  HG2  -15.094  3.125  0.204  2.14
1091  73  ARG  HG3  -14.628  3.525  -1.248  2.14
1092  73  ARG  HD2  -16.556  2.562  -2.16  178.1
1093  73  ARG  HD3  -16.985  2.01  -0.757  0.57
1094  73  ARG  HE  -17.3  4.576  -1.604  32.15
1095  73  ARG  HH11  -18.097  2.663  0.972  24.89
1096  73  ARG  HH12  -18.453  3.713  1.918  30.53
1097  73  ARG  HH21  -18.532  6.106  -0.385  3.79
1098  73  ARG  HH22  -18.811  5.867  1.015  69.39
1099  74  ASN  N  -13.471  -0.072  1.591  7.97
1100  74  ASN  CA  -13.447  -1.229  2.504  3.48
1101  74  ASN  C  -12.066  -1.838  2.789  1.68
1102  74  ASN  O  -11.837  -3.031  2.573  1.77
1103  74  ASN  CB  -14.456  -2.309  2.066  1.22
1104  74  ASN  CG  -14.64  -3.378  3.138  1.22
1105  74  ASN  OD1  -14.389  -4.562  2.915  117.3
1106  74  ASN  ND2  -15.048  -2.992  4.334  47.53
1107  74  ASN  H  -14.158  0.436  1.685  113.85
1108  74  ASN  HA  -13.757  -0.888  3.357  63.34
1109  74  ASN  HB2  -15.318  -1.909  1.871  177.35
1110  74  ASN  HB3  -14.123  -2.737  1.262  5.66
1111  74  ASN  HD21  -15.23  -2.168  4.5  31.99
1112  74  ASN  HD22  -15.1  -3.572  4.967  125.08
1113  75  ALA  N  -11.141  -1.042  3.328  20.91
1114  75  ALA  CA  -9.857  -1.554  3.799  55.24
1115  75  ALA  C  -9.222  -0.7  4.891  177.8
1116  75  ALA  O  -8.466  -1.228  5.701  2.19
1117  75  ALA  CB  -8.89  -1.652  2.619  18.44
1118  75  ALA  H  -11.376  -0.237  3.52  127.11
1119  75  ALA  HA  -9.98  -2.445  4.163  3.81
1120  75  ALA  HB1  -8.717  -0.766  2.264  174.67
1121  75  ALA  HB2  -8.061  -2.047  2.931  120.18
1122  75  ALA  HB3  -9.265  -2.217  1.925  56.59
1123  76  PHE  N  -9.48  0.61  4.91  119.08
1124  76  PHE  CA  -8.756  1.556  5.755  62.74
1125  76  PHE  C  -8.914  1.25  7.239  176.7
1126  76  PHE  O  -7.97  1.441  7.996  33.97
1127  76  PHE  CB  -9.224  2.966  5.403  40.14
1128  76  PHE  CG  -8.834  4.08  6.358  118.91
1129  76  PHE  CD1  -7.581  4.717  6.26  57.03
1130  76  PHE  CD2  -9.767  4.533  7.308  7.67
1131  76  PHE  CE1  -7.299  5.854  7.042  4.25
1132  76  PHE  CE2  -9.477  5.653  8.101  2.03
1133  76  PHE  CZ  -8.257  6.336  7.952  2.07
1134  76  PHE  H  -10.092  0.929  4.396  8.85
1135  76  PHE  HA  -7.809  1.495  5.554  3.75
1136  76  PHE  HB2  -8.864  3.171  4.526  3.15
1137  76  PHE  HB3  -10.191  2.959  5.326  3.01
1138  76  PHE  HD1  -6.945  4.417  5.652  6.97
1139  76  PHE  HD2  -10.586  4.106  7.416  6.97
1140  76  PHE  HE1  -6.482  6.289  6.947  7.16
1141  76  PHE  HE2  -10.107  5.945  8.72  7.16
1142  76  PHE  HZ  -8.087  7.087  8.474  7.07
1143  77  GLU  N  -10.073  0.744  7.647  116.58
1144  77  GLU  CA  -10.324  0.374  9.034  59.54
1145  77  GLU  C  -9.529  -0.874  9.416  179.6
1146  77  GLU  O  -9.074  -0.999  10.551  7.86
1147  77  GLU  CB  -11.816  0.118  9.246  29.34
1148  77  GLU  CG  -12.678  1.302  8.792  36.74
1149  77  GLU  CD  -14.115  1.104  9.254  47.73
1150  77  GLU  OE1  -14.771  0.123  8.819  1.03
1151  77  GLU  OE2  -14.571  1.903  10.095  107.3
1152  77  GLU  H  -10.691  0.616  7.063  8.57
1153  77  GLU  HA  -10.054  1.103  9.615  3.84
1154  77  GLU  HB2  -12.079  -0.677  8.757  2.14
1155  77  GLU  HB3  -11.967  -0.04  10.191  2.06
1156  77  GLU  HG2  -12.32  2.12  9.171  2.58
1157  77  GLU  HG3  -12.658  1.39  7.826  2.39
1158  78  THR  N  -9.337  -1.794  8.472  116.38
1159  78  THR  CA  -8.669  -3.062  8.717  66.64
1160  78  THR  C  -7.15  -2.887  8.606  176.4
1161  78  THR  O  -6.398  -3.733  9.083  59.16
1162  78  THR  CB  -9.205  -4.121  7.733  68.34
1163  78  THR  OG1  -10.562  -3.87  7.39  54.83
1164  78  THR  CG2  -9.142  -5.519  8.351  21.74
1165  78  THR  H  -9.573  -1.652  7.657  7.7
1166  78  THR  HA  -8.879  -3.341  9.622  3.91
1167  78  THR  HB  -8.68  -4.1  6.918  4.16
1168  78  THR  HG1  -10.685  -4.134  6.602  8.09
1169  78  THR  HG21  -9.622  -6.151  7.793  4.1
1170  78  THR  HG22  -8.218  -5.803  8.434  3.04
1171  78  THR  HG23  -9.553  -5.522  9.23  2.85
1172  79  LEU  N  -6.7  -1.782  7.996  124.18
1173  79  LEU  CA  -5.306  -1.37  7.978  58.34
1174  79  LEU  C  -4.905  -1.065  9.412  177.8
1175  79  LEU  O  -4.117  -1.773  10.021  173.27
1176  79  LEU  CB  -5.094  -0.168  7.021  40.84
1177  79  LEU  CG  -5.127  -0.588  5.532  25.94
1178  79  LEU  CD1  -5.421  0.562  4.545  26.14
1179  79  LEU  CD2  -3.792  -1.246  5.181  24.04
1180  79  LEU  H  -7.289  -1.244  7.675  8.37
1181  79  LEU  HA  -4.764  -2.124  7.697  3.55
1182  79  LEU  HB2  -5.761  0.513  7.2  1.73
1183  79  LEU  HB3  -4.236  0.243  7.209  0.97
1184  79  LEU  HG  -5.827  -1.247  5.407  1.59
1185  79  LEU  HD11  -4.713  0.667  3.891  7.72
1186  79  LEU  HD12  -6.238  0.37  4.059  54.4
1187  79  LEU  HD13  -5.53  1.403  5.016  120.61
1188  79  LEU  HD21  -3.804  -1.579  4.27  61.03
1189  79  LEU  HD22  -3.075  -0.599  5.267  175.87
1190  79  LEU  HD23  -3.618  -1.998  5.769  5.19
1191  80  LYS  N  -5.485  -0.024  9.984  118.48
1192  80  LYS  CA  -5.201  0.4  11.343  58.34
1193  80  LYS  C  -5.514  -0.633  12.422  180.8
1194  80  LYS  O  -4.83  -0.646  13.441  5.62
1195  80  LYS  CB  -5.921  1.711  11.584  30.84
1196  80  LYS  CG  -7.411  1.787  11.185  23.44
1197  80  LYS  CD  -7.885  3.176  10.713  28.34
1198  80  LYS  CE  -6.923  3.838  9.714  41.54
1199  80  LYS  NZ  -5.958  4.749  10.384  128.61
1200  80  LYS  H  -6.074  0.415  9.538  8.11
1201  80  LYS  HA  -4.248  0.57  11.408  3.86
1202  80  LYS  HB2  -5.852  1.878  12.537  1.58
1203  80  LYS  HB3  -5.398  2.363  11.093  1.48
1204  80  LYS  HG2  -7.584  1.164  10.462  1.16
1205  80  LYS  HG3  -7.955  1.502  11.936  1.05
1206  80  LYS  HD2  -8.74  3.064  10.268  1.51
1207  80  LYS  HD3  -8.037  3.758  11.474  1.51
1208  80  LYS  HE2  -6.457  3.142  9.225  2.91
1209  80  LYS  HE3  -7.446  4.338  9.068  2.86
1210  80  LYS  HZ1  -6.247  5.59  10.337  3.15
1211  80  LYS  HZ2  -5.883  4.549  11.248  4.51
1212  80  LYS  HZ3  -5.164  4.727  9.983  54.51
1213  81  ALA  N  -6.462  -1.533  12.177  122.28
1214  81  ALA  CA  -6.683  -2.713  13.011  54.34
1215  81  ALA  C  -5.398  -3.529  13.222  178.4
1216  81  ALA  O  -5.233  -4.133  14.283  2.85
1217  81  ALA  CB  -7.773  -3.601  12.402  17.74
1218  81  ALA  H  -6.988  -1.36  11.519  7.76
1219  81  ALA  HA  -6.988  -2.409  13.88  4.08
1220  81  ALA  HB1  -7.477  -3.955  11.549  175.37
1221  81  ALA  HB2  -7.948  -4.348  12.995  119.78
1222  81  ALA  HB3  -8.592  -3.095  12.287  40.53
1223  82  ALA  N  -4.479  -3.535  12.248  117.98
1224  82  ALA  CA  -3.165  -4.155  12.363  51.74
1225  82  ALA  C  -2.063  -3.084  12.411  177.1
1226  82  ALA  O  -0.964  -3.291  11.9  107.57
1227  82  ALA  CB  -2.994  -5.068  11.14  8.54
1228  82  ALA  H  -4.632  -3.092  11.527  7.37
1229  82  ALA  HA  -3.112  -4.69  13.17  4.34
1230  82  ALA  HB1  -2.119  -5.485  11.157  2.81
1231  82  ALA  HB2  -3.673  -5.761  11.148  5.5
1232  82  ALA  HB3  -3.077  -4.541  10.33  3.14
1233  83  GLY  N  -2.314  -1.957  13.075  106.38
1234  83  GLY  CA  -1.39  -0.842  13.241  45.54
1235  83  GLY  C  -0.715  -0.317  11.975  174
1236  83  GLY  O  0.378  0.244  12.053  1.48
1237  83  GLY  H  -3.095  -1.849  13.418  7.7
1238  83  GLY  HA2  -1.931  -0.103  13.561  4.06
1239  83  GLY  HA3  -0.714  -1.07  13.898  3.66
1240  84  VAL  N  -1.34  -0.467  10.81  121.98
1241  84  VAL  CA  -0.674  -0.228  9.539  61.84
1242  84  VAL  C  -0.632  1.27  9.27  174.9
1243  84  VAL  O  -1.672  1.915  9.081  116.41
1244  84  VAL  CB  -1.366  -1.046  8.433  31.84
1245  84  VAL  CG1  -0.664  -0.939  7.075  21.44
1246  84  VAL  CG2  -1.397  -2.52  8.834  21.24
1247  84  VAL  H  -2.094  -0.879  10.787  7.67
1248  84  VAL  HA  0.241  -0.539  9.62  3.69
1249  84  VAL  HB  -2.286  -0.753  8.337  1.57
1250  84  VAL  HG11  -0.62  -0.015  6.784  4.83
1251  84  VAL  HG12  0.231  -1.308  7.141  117.91
1252  84  VAL  HG13  -1.149  -1.456  6.413  59.53
1253  84  VAL  HG21  -0.495  -2.843  8.984  176.17
1254  84  VAL  HG22  -1.869  -2.616  9.676  118.71
1255  84  VAL  HG23  -1.862  -3.049  8.167  7.69
1256  85  LYS  N  0.583  1.827  9.263  127.28
1257  85  LYS  CA  0.788  3.241  8.998  56.14
1258  85  LYS  C  0.72  3.484  7.483  174.6
1259  85  LYS  O  1.664  3.165  6.761  55.53
1260  85  LYS  CB  2.1  3.737  9.646  34.14
1261  85  LYS  CG  1.851  4.75  10.778  25.54
1262  85  LYS  CD  3.174  5.303  11.33  29.14
1263  85  LYS  CE  2.903  6.327  12.443  42.14
1264  85  LYS  NZ  4.066  7.197  12.724  5.47
1265  85  LYS  H  1.267  1.347  9.466  7.39
1266  85  LYS  HA  0.045  3.686  9.434  4.27
1267  85  LYS  HB2  2.606  2.987  9.996  1.86
1268  85  LYS  HB3  2.647  4.177  8.977  1.86
1269  85  LYS  HG2  1.338  5.495  10.428  1.51
1270  85  LYS  HG3  1.351  4.324  11.492  1.37
1271  85  LYS  HD2  3.718  4.58  11.679  1.75
1272  85  LYS  HD3  3.645  5.734  10.6  1.75
1273  85  LYS  HE2  2.176  6.904  12.163  2.99
1274  85  LYS  HE3  2.632  5.867  13.253  2.99
1275  85  LYS  HZ1  4.078  7.437  13.581  8.68
1276  85  LYS  HZ2  4.855  6.838  12.524  4.08
1277  85  LYS  HZ3  3.987  7.956  12.266  1.68
1278  86  VAL  N  -0.389  4.025  6.984  123.58
1279  86  VAL  CA  -0.657  4.284  5.573  60.44
1280  86  VAL  C  -0.209  5.711  5.242  174.3
1281  86  VAL  O  -0.815  6.686  5.689  56.03
1282  86  VAL  CB  -2.154  4.078  5.288  33.14
1283  86  VAL  CG1  -2.385  4.186  3.774  22.74
1284  86  VAL  CG2  -2.634  2.718  5.825  22.14
1285  86  VAL  H  -0.93  4.384  7.548  8.51
1286  86  VAL  HA  -0.17  3.657  5.016  5.2
1287  86  VAL  HB  -2.674  4.768  5.729  2.11
1288  86  VAL  HG11  -1.737  3.641  3.3  2.74
1289  86  VAL  HG12  -3.286  3.91  3.543  2.32
1290  86  VAL  HG13  -2.255  5.105  3.494  32.63
1291  86  VAL  HG21  -3.498  2.502  5.441  115.41
1292  86  VAL  HG22  -1.995  2.016  5.626  54.33
1293  86  VAL  HG23  -2.738  2.766  6.788  176.47
1294  87  TYR  N  0.862  5.841  4.469  126.98
1295  87  TYR  CA  1.309  7.087  3.864  57.34
1296  87  TYR  C  0.508  7.418  2.617  173.7
1297  87  TYR  O  -0.098  6.536  2.023  7.32
1298  87  TYR  CB  2.801  6.956  3.5  42.04
1299  87  TYR  CG  3.715  7.357  4.634  7.87
1300  87  TYR  CD1  3.94  6.5  5.726  4.4
1301  87  TYR  CD2  4.315  8.621  4.603  5.88
1302  87  TYR  CE1  4.781  6.926  6.777  9.09
1303  87  TYR  CE2  5.178  9.037  5.622  5.21
1304  87  TYR  CZ  5.446  8.176  6.705  1.74
1305  87  TYR  OH  6.358  8.525  7.656  122.71
1306  87  TYR  H  1.248  5.128  4.181  9.51
1307  87  TYR  HA  1.155  7.814  4.488  4.94
1308  87  TYR  HB2  3.005  6.041  3.251  2.97
1309  87  TYR  HB3  3.015  7.474  2.709  2.7
1310  87  TYR  HD1  3.546  5.657  5.727  6.96
1311  87  TYR  HD2  4.13  9.196  3.896  6.96
1312  87  TYR  HE1  4.944  6.374  7.507  6.88
1313  87  TYR  HE2  5.561  9.882  5.555  6.88
1314  87  TYR  HH  6.777  9.227  7.464  4.17
1315  88  ARG  N  0.566  8.675  2.193  121.38
1316  88  ARG  CA  0.236  9.154  0.86  55.14
1317  88  ARG  C  1.445  8.848  -0.025  175.2
1318  88  ARG  O  2.565  8.841  0.472  9.03
1319  88  ARG  CB  0.046  10.684  0.969  32.14
1320  88  ARG  CG  -0.367  11.448  -0.302  27.94
1321  88  ARG  CD  -1.862  11.776  -0.352  43.54
1322  88  ARG  NE  -2.177  12.54  -1.567  43.39
1323  88  ARG  CZ  -3.177  13.399  -1.772  28.55
1324  88  ARG  NH1  -4.06  13.657  -0.809  53.94
1325  88  ARG  NH2  -3.304  13.996  -2.951  25.68
1326  88  ARG  H  1.052  9.2  2.67  8.67
1327  88  ARG  HA  -0.561  8.693  0.554  5.19
1328  88  ARG  HB2  -0.589  10.881  1.676  1.94
1329  88  ARG  HB3  0.899  11.052  1.247  1.62
1330  88  ARG  HG2  0.117  12.289  -0.313  1.58
1331  88  ARG  HG3  -0.113  10.958  -1.1  1.69
1332  88  ARG  HD2  -2.375  10.953  -0.349  3.2
1333  88  ARG  HD3  -2.086  12.307  0.428  3.2
1334  88  ARG  HE  -1.691  12.366  -2.255  2.7
1335  88  ARG  HH11  -3.939  13.349  -0.015  117.71
1336  88  ARG  HH12  -4.729  14.179  -0.948  56.53
1337  88  ARG  HH21  -2.647  13.954  -3.505  174.27
1338  88  ARG  HH22  -3.8  14.695  -3.018  45.5
1339  89  PHE  N  1.238  8.661  -1.323  125.48
1340  89  PHE  CA  2.259  8.878  -2.349  56.54
1341  89  PHE  C  1.609  9.723  -3.459  174
1342  89  PHE  O  0.376  9.782  -3.511  8.31
1343  89  PHE  CB  2.829  7.519  -2.814  43.74
1344  89  PHE  CG  2.474  7.145  -4.245  119.89
1345  89  PHE  CD1  1.134  6.804  -4.518  54.97
1346  89  PHE  CD2  3.404  7.201  -5.308  120.16
1347  89  PHE  CE1  0.681  6.64  -5.837  51.53
1348  89  PHE  CE2  2.941  7.005  -6.615  34.07
1349  89  PHE  CZ  1.587  6.763  -6.897  115.21
1350  89  PHE  H  0.432  8.676  -1.623  8.08
1351  89  PHE  HA  2.982  9.402  -1.97  4.89
1352  89  PHE  HB2  3.787  7.523  -2.66  3.04
1353  89  PHE  HB3  2.475  6.819  -2.243  2.42
1354  89  PHE  HD1  0.538  6.704  -3.811  7.11
1355  89  PHE  HD2  4.317  7.347  -5.211  7.11
1356  89  PHE  HE1  -0.206  6.421  -6.01  7.39
1357  89  PHE  HE2  3.57  6.98  -7.3  7.39
1358  89  PHE  HZ  1.306  6.623  -7.772  6.95
1359  90  GLU  N  2.361  10.348  -4.367  124.98
1360  90  GLU  CA  1.781  11.134  -5.458  56.64
1361  90  GLU  C  2.746  11.132  -6.653  175.5
1362  90  GLU  O  3.672  11.94  -6.717  2.88
1363  90  GLU  CB  1.429  12.551  -4.954  121.31
1364  90  GLU  CG  0.448  13.306  -5.869  35.94
1365  90  GLU  CD  -0.074  14.599  -5.215  174.17
1366  90  GLU  OE1  0.597  15.645  -5.365  4.47
1367  90  GLU  OE2  -1.146  14.6  -4.557  32.03
1368  90  GLU  H  3.219  10.291  -4.341  8.21
1369  90  GLU  HA  0.953  10.712  -5.735  4.12
1370  90  GLU  HB2  1.025  12.483  -4.075  1.92
1371  90  GLU  HB3  2.248  13.063  -4.865  1.78
1372  90  GLU  HG2  0.899  13.524  -6.7  2.08
1373  90  GLU  HG3  -0.304  12.734  -6.087  2.08
1374  91  GLY  N  2.564  10.186  -7.578  104.88
1375  91  GLY  CA  3.195  10.179  -8.896  45.64
1376  91  GLY  C  4.6  9.585  -8.954  172.3
1377  91  GLY  O  5.58  10.324  -8.964  4.41
1378  91  GLY  H  1.926  9.626  -7.44  6.4
1379  91  GLY  HA2  2.628  9.679  -9.505  4.04
1380  91  GLY  HA3  3.252  11.095  -9.211  3.54
1381  92  GLY  N  4.722  8.267  -9.12  107.88
1382  92  GLY  CA  5.992  7.554  -9.065  44.44
1383  92  GLY  C  5.839  6.072  -9.396  172.2
1384  92  GLY  O  4.739  5.524  -9.291  178.27
1385  92  GLY  H  4.025  7.765  -9.163  7.72
1386  92  GLY  HA2  6.642  7.955  -9.663  4.49
1387  92  GLY  HA3  6.327  7.627  -8.158  4.21
1388  93  THR  N  6.934  5.415  -9.777  111.28
1389  93  THR  CA  7.013  3.968  -9.844  60.94
1390  93  THR  C  7.319  3.408  -8.453  175.4
1391  93  THR  O  7.538  4.172  -7.516  9.39
1392  93  THR  CB  8.054  3.551  -10.891  71.84
1393  93  THR  OG1  9.364  3.998  -10.597  3.75
1394  93  THR  CG2  7.652  3.995  -12.297  22.34
1395  93  THR  H  7.698  5.807  -9.827  8.88
1396  93  THR  HA  6.148  3.619  -10.11  4.98
1397  93  THR  HB  8.072  2.581  -10.89  4.53
1398  93  THR  HG1  9.442  4.798  -10.84  56.03
1399  93  THR  HG21  7.567  4.961  -12.335  116.61
1400  93  THR  HG22  8.32  3.706  -12.938  64.03
1401  93  THR  HG23  6.797  3.599  -12.527  175.87
1402  94  VAL  N  7.283  2.085  -8.27  121.08
1403  94  VAL  CA  7.458  1.467  -6.961  67.04
1404  94  VAL  C  8.64  2.041  -6.173  177.8
1405  94  VAL  O  8.453  2.297  -4.989  43.48
1406  94  VAL  CB  7.454  -0.064  -7.091  30.94
1407  94  VAL  CG1  7.744  -0.741  -5.754  22.04
1408  94  VAL  CG2  6.076  -0.516  -7.59  21.94
1409  94  VAL  H  6.922  1.593  -8.876  8.72
1410  94  VAL  HA  6.679  1.701  -6.433  3.25
1411  94  VAL  HB  8.124  -0.376  -7.72  2.23
1412  94  VAL  HG11  8.617  -0.472  -5.429  2.64
1413  94  VAL  HG12  7.066  -0.512  -5.1  2.53
1414  94  VAL  HG13  7.767  -1.698  -5.908  116.58
1415  94  VAL  HG21  6.063  -1.484  -7.657  123.47
1416  94  VAL  HG22  5.383  -0.227  -6.976  55.36
1417  94  VAL  HG23  5.887  -0.163  -8.474  62.95
1418  95  GLN  N  9.805  2.289  -6.78  117.48
1419  95  GLN  CA  10.939  2.866  -6.05  58.34
1420  95  GLN  C  10.676  4.25  -5.464  177.1
1421  95  GLN  O  11.169  4.546  -4.384  174.79
1422  95  GLN  CB  12.183  2.942  -6.939  28.74
1423  95  GLN  CG  13.47  2.529  -6.198  33.14
1424  95  GLN  CD  14.033  3.582  -5.249  9.23
1425  95  GLN  OE1  14.528  4.607  -5.695  4.4
1426  95  GLN  NE2  14.08  3.333  -3.949  3.86
1427  95  GLN  H  9.926  1.984  -7.575  8.43
1428  95  GLN  HA  11.107  2.277  -5.298  3.6
1429  95  GLN  HB2  12.065  2.334  -7.686  2.02
1430  95  GLN  HB3  12.269  3.844  -7.285  1.77
1431  95  GLN  HG2  13.331  1.699  -5.715  2.13
1432  95  GLN  HG3  14.148  2.364  -6.872  2.13
1433  95  GLN  HE21  13.812  2.599  -3.589  38.53
1434  95  GLN  HE22  14.394  3.972  -3.467  129.49
1435  96  GLU  N  9.906  5.084  -6.146  118.38
1436  96  GLU  CA  9.628  6.458  -5.772  59.34
1437  96  GLU  C  8.857  6.445  -4.474  179.2
1438  96  GLU  O  9.22  7.165  -3.563  4.7
1439  96  GLU  CB  8.743  7.11  -6.832  29.54
1440  96  GLU  CG  9.431  7.375  -8.173  37.84
1441  96  GLU  CD  10.028  8.775  -8.272  120.61
1442  96  GLU  OE1  9.259  9.75  -8.132  52.53
1443  96  GLU  OE2  11.219  8.906  -8.632  175.87
1444  96  GLU  H  9.437  4.749  -6.784  7.71
1445  96  GLU  HA  10.459  6.942  -5.644  3.95
1446  96  GLU  HB2  8.016  6.49  -7.002  2.56
1447  96  GLU  HB3  8.327  7.912  -6.48  2.08
1448  96  GLU  HG2  10.105  6.701  -8.351  2.42
1449  96  GLU  HG3  8.748  7.304  -8.858  2.34
1450  97  ALA  N  7.838  5.588  -4.349  124.38
1451  97  ALA  CA  7.134  5.405  -3.098  55.24
1452  97  ALA  C  8.087  5.159  -1.914  178.5
1453  97  ALA  O  7.75  5.512  -0.79  112.12
1454  97  ALA  CB  6.143  4.253  -3.308  17.14
1455  97  ALA  H  7.588  5.107  -5.016  7.85
1456  97  ALA  HA  6.652  6.224  -2.906  2.91
1457  97  ALA  HB1  5.942  3.814  -2.467  178.07
1458  97  ALA  HB2  5.328  4.594  -3.708  4.05
1459  97  ALA  HB3  6.525  3.579  -3.892  8.06
1460  98  ILE  N  9.258  4.567  -2.142  118.48
1461  98  ILE  CA  10.223  4.19  -1.114  65.54
1462  98  ILE  C  11.142  5.363  -0.906  178.7
1463  98  ILE  O  11.154  5.876  0.195  58.03
1464  98  ILE  CB  11.06  2.958  -1.518  37.84
1465  98  ILE  CG1  10.259  1.98  -2.358  29.34
1466  98  ILE  CG2  11.687  2.292  -0.279  16.84
1467  98  ILE  CD  8.97  1.482  -1.71  179.74
1468  98  ILE  H  9.482  4.413  -2.958  7.97
1469  98  ILE  HA  9.76  4.013  -0.28  3.12
1470  98  ILE  HB  11.765  3.237  -2.123  1.52
1471  98  ILE  HG12  10.049  2.479  -3.163  1.35
1472  98  ILE  HG13  10.822  1.228  -2.599  0.15
1473  98  ILE  HG21  11.003  2.076  0.374  4.38
1474  98  ILE  HG22  12.147  1.477  -0.535  1.77
1475  98  ILE  HG23  12.326  2.902  0.121  1.74
1476  98  ILE  HD11  8.26  2.299  -1.517  112.51
1477  98  ILE  HD12  8.51  0.773  -2.397  59.03
1478  98  ILE  HD13  9.208  0.992  -0.768  174.87
1479  99  ASP  N  11.866  5.778  -1.944  122.78
1480  99  ASP  CA  12.815  6.885  -1.979  57.64
1481  99  ASP  C  12.171  8.123  -1.369  178
1482  99  ASP  O  12.759  8.81  -0.533  2.04
1483  99  ASP  CB  13.204  7.095  -3.45  39.64
1484  99  ASP  CG  14.232  8.207  -3.686  2.2
1485  99  ASP  OD1  15.291  8.25  -3.016  8.79
1486  99  ASP  OD2  13.98  9.003  -4.621  56.57
1487  99  ASP  H  11.737  5.388  -2.7  8.62
1488  99  ASP  HA  13.612  6.66  -1.474  4.26
1489  99  ASP  HB2  13.559  6.26  -3.794  2.62
1490  99  ASP  HB3  12.413  7.257  -3.987  2.56
1491  100  ALA  N  10.896  8.336  -1.7  121.48
1492  100  ALA  CA  10.141  9.462  -1.181  55.44
1493  100  ALA  C  9.919  9.286  0.324  179.7
1494  100  ALA  O  10.259  10.161  1.112  109.95
1495  100  ALA  CB  8.827  9.592  -1.952  18.44
1496  100  ALA  H  10.51  7.74  -2.185  8.04
1497  100  ALA  HA  10.661  10.268  -1.323  3.92
1498  100  ALA  HB1  8.257  8.825  -1.786  45.03
1499  100  ALA  HB2  8.377  10.411  -1.692  172.67
1500  100  ALA  HB3  9.017  9.62  -2.903  7.06
1501  101  PHE  N  9.344  8.16  0.742  119.18
1502  101  PHE  CA  9.059  7.834  2.138  60.74
1503  101  PHE  C  10.326  7.847  3  179.4
1504  101  PHE  O  10.327  8.411  4.098  7.11
1505  101  PHE  CB  8.379  6.458  2.155  39.34
1506  101  PHE  CG  8.41  5.681  3.448  7.56
1507  101  PHE  CD1  7.476  5.928  4.471  5.55
1508  101  PHE  CD2  9.362  4.658  3.597  117.62
1509  101  PHE  CE1  7.499  5.146  5.641  65.31
1510  101  PHE  CE2  9.39  3.899  4.773  174.47
1511  101  PHE  CZ  8.452  4.13  5.793  8.12
1512  101  PHE  H  9.189  7.563  0.143  8.45
1513  101  PHE  HA  8.445  8.494  2.496  3.89
1514  101  PHE  HB2  7.452  6.575  1.894  3.09
1515  101  PHE  HB3  8.802  5.897  1.487  2.95
1516  101  PHE  HD1  6.836  6.595  4.368  6.64
1517  101  PHE  HD2  9.967  4.476  2.914  6.64
1518  101  PHE  HE1  6.883  5.292  6.322  6.53
1519  101  PHE  HE2  10.041  3.242  4.866  6.53
1520  101  PHE  HZ  8.471  3.624  6.573  5.95
1521  102  SER  N  11.386  7.201  2.523  117.78
1522  102  SER  CA  12.613  6.931  3.24  61.64
1523  102  SER  C  13.372  8.218  3.492  2.29
1524  102  SER  O  13.993  8.349  4.546  128.91
1525  102  SER  CB  13.449  5.913  2.452  62.84
1526  102  SER  OG  13.857  6.324  1.162  174.37
1527  102  SER  H  11.334  6.889  1.723  8.82
1528  102  SER  HA  12.381  6.542  4.098  4.12
1529  102  SER  HB2  14.23  5.677  2.976  3.95
1530  102  SER  HB3  12.895  5.128  2.323  3.89
1531  102  SER  HG  14.135  7.117  1.158  121.94
1532  103  GLU  N  13.283  9.174  2.564  117.88
1533  103  GLU  CA  13.916  10.471  2.714  55.94
1534  103  GLU  C  12.834  11.523  2.981  4.65
1535  103  GLU  O  12.957  12.68  2.567  8.25
1536  103  GLU  CB  14.737  10.772  1.451  5.34
1537  103  GLU  CG  15.637  9.608  0.986  36.24
1538  103  GLU  CD  16.987  10.136  0.5  1.85
1539  103  GLU  OE1  17.008  10.929  -0.47  2.12
1540  103  GLU  OE2  18.033  9.767  1.085  2.02
1541  103  GLU  H  12.836  9.047  1.84  7.62
1542  103  GLU  HA  14.526  10.459  3.468  4.22
1543  103  GLU  HB2  14.133  10.998  0.726  2.19
1544  103  GLU  HB3  15.289  11.546  1.641  1.87
1545  103  GLU  HG2  15.746  8.944  1.685  2.46
1546  103  GLU  HG3  15.213  9.147  0.245  2.26
1547  104  GLY  N  11.82  11.131  3.762  108.28
1548  104  GLY  CA  10.819  11.98  4.383  46.54
1549  104  GLY  C  10.173  13.005  3.455  175.8
1550  104  GLY  O  10.02  14.167  3.833  63.23
1551  104  GLY  H  11.803  10.296  3.968  7.61
1552  104  GLY  HA2  10.112  11.406  4.718  3.89
1553  104  GLY  HA3  11.231  12.44  5.131  3.79
1554  105  ARG  N  9.789  12.611  2.243  115.18
1555  105  ARG  CA  8.997  13.423  1.325  56.04
1556  105  ARG  C  7.667  12.743  1.024  176
1557  105  ARG  O  7.177  12.857  -0.096  7.5
1558  105  ARG  CB  9.745  13.614  -0.006  31.34
1559  105  ARG  CG  11.116  14.292  0.084  28.04
1560  105  ARG  CD  11.704  14.579  -1.307  43.34
1561  105  ARG  NE  11.432  15.949  -1.781  114.88
1562  105  ARG  CZ  10.376  16.408  -2.465  113.71
1563  105  ARG  NH1  9.384  15.607  -2.834  58.93
1564  105  ARG  NH2  10.329  17.707  -2.736  174.47
1565  105  ARG  H  9.974  11.805  2.007  7.93
1566  105  ARG  HA  8.811  14.292  1.714  4.42
1567  105  ARG  HB2  9.861  12.745  -0.42  2.03
1568  105  ARG  HB3  9.154  14.14  -0.568  1.69
1569  105  ARG  HG2  11.062  15.11  0.603  1.6
1570  105  ARG  HG3  11.718  13.677  0.532  1.55
1571  105  ARG  HD2  12.667  14.477  -1.252  3.28
1572  105  ARG  HD3  11.382  13.921  -1.943  3.24
1573  105  ARG  HE  12.065  16.509  -1.622  7.07
1574  105  ARG  HH11  9.484  14.753  -2.82  61.44
1575  105  ARG  HH12  8.649  15.907  -3.165  -0.03
1576  105  ARG  HH21  11.012  18.197  -2.556  58.51
1577  105  ARG  HH22  9.702  18.068  -3.201  33.62
1578  106  LEU  N  7.028  12.097  1.998  117.48
1579  106  LEU  CA  5.654  11.643  1.848  53.64
1580  106  LEU  C  4.869  12.04  3.095  176.4
1581  106  LEU  O  5.452  12.431  4.11  4.35
1582  106  LEU  CB  5.584  10.12  1.636  42.74
1583  106  LEU  CG  6.086  9.57  0.291  26.84
1584  106  LEU  CD1  5.723  8.084  0.201  26.94
1585  106  LEU  CD2  5.478  10.239  -0.947  22.74
1586  106  LEU  H  7.365  12.056  2.788  7.75
1587  106  LEU  HA  5.273  12.101  1.082  4.89
1588  106  LEU  HB2  6.079  9.689  2.35  1.89
1589  106  LEU  HB3  4.658  9.848  1.733  1.84
1590  106  LEU  HG  7.051  9.666  0.278  1.37
1591  106  LEU  HD11  5.692  7.679  1.082  4.34
1592  106  LEU  HD12  4.846  7.971  -0.198  36.28
1593  106  LEU  HD13  6.372  7.631  -0.36  8.49
1594  106  LEU  HD21  5.966  11.044  -1.182  5.62
1595  106  LEU  HD22  5.53  9.655  -1.72  2.12
1596  106  LEU  HD23  4.554  10.476  -0.77  2.09
1597  107  GLU  N  3.548  11.884  3.059  122.48
1598  107  GLU  CA  2.644  12.366  4.097  54.74
1599  107  GLU  C  2.028  11.165  4.8  175.7
1600  107  GLU  O  1.764  10.161  4.149  1.74
1601  107  GLU  CB  1.515  13.201  3.482  31.74
1602  107  GLU  CG  1.96  14.175  2.384  36.24
1603  107  GLU  CD  0.784  15.024  1.915  1.35
1604  107  GLU  OE1  0.12  15.664  2.773  1.64
1605  107  GLU  OE2  0.487  15.049  0.698  2.92
1606  107  GLU  H  3.189  11.487  2.386  9.15
1607  107  GLU  HA  3.128  12.916  4.733  4.57
1608  107  GLU  HB2  0.841  12.613  3.106  2.11
1609  107  GLU  HB3  1.101  13.694  4.208  2.02
1610  107  GLU  HG2  2.66  14.751  2.728  2.35
1611  107  GLU  HG3  2.309  13.674  1.63  2.35
1612  108  GLU  N  1.732  11.249  6.091  123.58
1613  108  GLU  CA  0.963  10.228  6.794  56.64
1614  108  GLU  C  -0.508  10.488  6.459  176.3
1615  108  GLU  O  -0.98  11.614  6.648  9.11
1616  108  GLU  CB  1.289  10.328  8.292  30.14
1617  108  GLU  CG  1.344  8.958  8.961  36.54
1618  108  GLU  CD  1.586  9.072  10.462  173.17
1619  108  GLU  OE1  0.597  9.223  11.211  52.95
1620  108  GLU  OE2  2.769  9.037  10.855  70.53
1621  108  GLU  H  1.837  11.99  6.515  8.66
1622  108  GLU  HA  1.206  9.346  6.471  3.99
1623  108  GLU  HB2  2.181  10.698  8.383  1.81
1624  108  GLU  HB3  0.651  10.904  8.742  1.76
1625  108  GLU  HG2  0.531  8.458  8.787  2.06
1626  108  GLU  HG3  2.099  8.489  8.573  1.84
1627  109  LEU  N  -1.212  9.509  5.88  128.18
1628  109  LEU  CA  -2.565  9.67  5.357  54.54
1629  109  LEU  C  -3.571  9.047  6.319  176.2
1630  109  LEU  O  -4.224  8.042  6.027  116.21
1631  109  LEU  CB  -2.662  9.15  3.917  42.64
1632  109  LEU  CG  -3.958  9.662  3.261  27.04
1633  109  LEU  CD1  -3.917  11.153  2.912  24.94
1634  109  LEU  CD2  -4.242  8.894  1.982  25.54
1635  109  LEU  H  -0.87  8.727  5.777  8.96
1636  109  LEU  HA  -2.774  10.616  5.308  4.47
1637  109  LEU  HB2  -1.901  9.465  3.405  1.76
1638  109  LEU  HB3  -2.643  8.18  3.925  1.18
1639  109  LEU  HG  -4.7  9.515  3.868  1.62
1640  109  LEU  HD11  -3.965  11.678  3.726  1.78
1641  109  LEU  HD12  -3.1  11.366  2.435  44.03
1642  109  LEU  HD13  -4.687  11.393  2.373  5.6
1643  109  LEU  HD21  -3.503  9.028  1.368  2.14
1644  109  LEU  HD22  -4.299  7.946  2.179  8.28
1645  109  LEU  HD23  -5.078  9.2  1.597  3.94
1646  110  THR  N  -3.696  9.643  7.498  114.88
1647  110  THR  CA  -4.409  9.074  8.634  61.94
1648  110  THR  C  -5.849  9.59  8.722  173.8
1649  110  THR  O  -6.378  9.773  9.818  18.53
1650  110  THR  CB  -3.549  9.405  9.87  69.44
1651  110  THR  OG1  -2.965  10.702  9.809  35
1652  110  THR  CG2  -2.397  8.413  9.881  21.64
1653  110  THR  H  -3.218  10.339  7.663  8.43
1654  110  THR  HA  -4.46  8.11  8.536  4.45
1655  110  THR  HB  -4.058  9.301  10.689  4.32
1656  110  THR  HG1  -3.572  11.277  9.891  5.03
1657  110  THR  HG21  -2.756  7.516  9.97  32.33
1658  110  THR  HG22  -1.877  8.482  9.065  9.43
1659  110  THR  HG23  -1.812  8.584  10.635  4.55
1660  111  THR  N  -6.472  9.754  7.553  114.48
1661  111  THR  CA  -7.851  10.073  7.193  59.24
1662  111  THR  C  -7.765  10.655  5.77  170.7
1663  111  THR  O  -6.676  11.029  5.318  122.51
1664  111  THR  CB  -8.591  10.955  8.229  69.44
1665  111  THR  OG1  -9.96  11.052  7.891  179.27
1666  111  THR  CG2  -8.017  12.37  8.368  18.94
1667  111  THR  H  -6.002  9.577  6.855  7.16
1668  111  THR  HA  -8.332  9.233  7.136  3.85
1669  111  THR  HB  -8.561  10.525  9.098  3.73
1670  111  THR  HG1  -10.3  10.295  8.019  52.79
1671  111  THR  HG21  -7.087  12.329  8.639  9.1
1672  111  THR  HG22  -8.084  12.847  7.526  3.88
1673  111  THR  HG23  -8.517  12.853  9.044  1.67
1674  112  PHE  N  -8.88  10.741  5.051  116.68
1675  112  PHE  CA  -9.007  11.382  3.746  55.44
1676  112  PHE  C  -10.497  11.583  3.474  174.7
1677  112  PHE  O  -11.353  11.028  4.169  110.61
1678  112  PHE  CB  -8.367  10.516  2.643  39.34
1679  112  PHE  CG  -8.721  9.051  2.758  175.17
1680  112  PHE  CD1  -9.98  8.587  2.335  128.27
1681  112  PHE  CD2  -7.829  8.179  3.403  62.53
1682  112  PHE  CE1  -10.357  7.26  2.591  174.68
1683  112  PHE  CE2  -8.205  6.853  3.652  7.85
1684  112  PHE  CZ  -9.475  6.398  3.264  34.07
1685  112  PHE  H  -9.629  10.489  5.391  6.69
1686  112  PHE  HA  -8.57  12.248  3.769  4.26
1687  112  PHE  HB2  -8.639  10.833  1.767  3.21
1688  112  PHE  HB3  -7.403  10.614  2.696  2.53
1689  112  PHE  HD1  -10.583  9.161  1.921  7.01
1690  112  PHE  HD2  -7.006  8.492  3.701  7.01
1691  112  PHE  HE1  -11.2  6.966  2.33  7.28
1692  112  PHE  HE2  -7.614  6.287  4.094  7.28
1693  112  PHE  HZ  -9.731  5.524  3.452  2.3
1694  113  THR  N  -10.807  12.349  2.438  110.88
1695  113  THR  CA  -12.175  12.714  2.063  60.54
1696  113  THR  C  -12.691  11.731  0.996  174.1
1697  113  THR  O  -11.881  11.068  0.334  3.78
1698  113  THR  CB  -12.121  14.163  1.545  69.54
1699  113  THR  OG1  -11.322  14.958  2.407  121.91
1700  113  THR  CG2  -13.478  14.849  1.426  22.24
1701  113  THR  H  -10.162  12.671  1.969  8.57
1702  113  THR  HA  -12.748  12.675  2.845  4.47
1703  113  THR  HB  -11.711  14.148  0.666  4.4
1704  113  THR  HG1  -11.689  14.989  3.162  3.85
1705  113  THR  HG21  -14.029  14.385  0.776  0.96
1706  113  THR  HG22  -13.927  14.868  2.286  59
1707  113  THR  HG23  -13.359  15.76  1.114  173.19
1708  114  ARG  N  -14.01  11.639  0.771  120.98
1709  114  ARG  CA  -14.599  10.935  -0.368  55.94
1710  114  ARG  C  -16.049  11.373  -0.503  175
1711  114  ARG  O  -16.901  10.926  0.27  2.71
1712  114  ARG  CB  -14.482  9.404  -0.195  31.44
1713  114  ARG  CG  -15.321  8.583  -1.198  26.24
1714  114  ARG  CD  -14.796  8.675  -2.632  43.34
1715  114  ARG  NE  -13.88  7.549  -2.896  5.72
1716  114  ARG  CZ  -13.173  7.328  -4.009  125.16
1717  114  ARG  NH1  -13.247  8.156  -5.051  9.44
1718  114  ARG  NH2  -12.402  6.25  -4.082  4.98
1719  114  ARG  H  -14.567  12.108  1.229  8.27
1720  114  ARG  HA  -14.122  11.207  -1.168  4.53
1721  114  ARG  HB2  -13.549  9.152  -0.282  1.92
1722  114  ARG  HB3  -14.757  9.169  0.705  1.81
1723  114  ARG  HG2  -15.333  7.654  -0.918  1.58
1724  114  ARG  HG3  -16.248  8.867  -1.183  1.58
1725  114  ARG  HD2  -15.549  8.632  -3.242  3.17
1726  114  ARG  HD3  -14.36  9.532  -2.759  3.17
1727  114  ARG  HE  -13.76  7.017  -2.231  17.53
1728  114  ARG  HH11  -13.811  8.805  -5.071  1
1729  114  ARG  HH12  -12.687  8.124  -5.703  7.14
1730  114  ARG  HH21  -12.357  5.663  -3.455  3.98
1731  114  ARG  HH22  -11.824  6.192  -4.716  1.93
1732  115  GLU  N  -16.347  12.168  -1.526  120.78
1733  115  GLU  CA  -17.702  12.634  -1.798  56.24
1734  115  GLU  C  -18.521  11.611  -2.604  175.97
1735  115  GLU  O  -19.381  11.979  -3.409  113.01
1736  115  GLU  CB  -17.612  14.016  -2.465  45.33
1737  115  GLU  CG  -17.188  14.092  -3.947  36.24
1738  115  GLU  CD  -15.739  14.546  -4.106  57.59
1739  115  GLU  OE1  -15.433  15.733  -3.859  38.53
1740  115  GLU  OE2  -14.88  13.685  -4.412  28.35
1741  115  GLU  H  -15.718  12.458  -2.036  8.42
1742  115  GLU  HA  -18.15  12.76  -0.947  4.33
1743  115  GLU  HB2  -18.474  14.451  -2.37  2.13
1744  115  GLU  HB3  -16.958  14.506  -1.943  1.95
1745  115  GLU  HG2  -17.304  13.235  -4.386  2.36
1746  115  GLU  HG3  -17.758  14.733  -4.4  2.36
1747  116  GLY  N  -18.351  10.321  -2.313  173.27
1748  116  GLY  CA  -19.005  9.206  -2.985  9.04
1749  116  GLY  C  -19.673  8.333  -1.954  69.53
1750  116  GLY  O  -20.613  8.838  -1.307  2.78
1751  116  GLY  H  -17.864  10.126  -1.632  8.11
1752  116  GLY  HA2  -19.677  9.521  -3.61  3.95
1753  116  GLY  HA3  -18.348  8.684  -3.472  3.75
