1  1  MET  N  -2.481  19.726  -2.865  108.82
2  1  MET  CA  -1.118  20.037  -3.262  54.94
3  1  MET  C  -0.197  18.834  -3.049  176.1
4  1  MET  O  0.838  18.716  -3.704  55.76
5  1  MET  CB  -0.606  21.224  -2.443  35.55
6  1  MET  CG  0.729  21.732  -2.991  32.07
7  1  MET  SD  0.614  23.473  -3.363  4.38
8  1  MET  CE  0.387  23.399  -5.133  16.19
9  1  MET  HA  -1.165  20.252  -4.207  47
10  1  MET  HB2  -1.26  21.94  -2.462  116.05
11  1  MET  HB3  -0.499  20.959  -1.516  58.48
12  1  MET  HG2  1.433  21.578  -2.342  174.56
13  1  MET  HG3  0.968  21.238  -3.79  2.2
14  1  MET  HE1  0.108  22.505  -5.385  1.94
15  1  MET  HE2  -0.294  24.037  -5.399  2.58
16  1  MET  HE3  1.223  23.614  -5.576  2.35
17  1  MET  H  -3.032  20.351  -3.179  4.54
18  1  MET  H2  -2.713  18.933  -3.196  3.93
19  1  MET  H3  -2.534  19.704  -1.977  19.9
20  2  SER  N  -0.606  17.971  -2.13  121.34
21  2  SER  CA  0.17  16.782  -1.823  57.38
22  2  SER  C  -0.534  15.964  -0.738  174.71
23  2  SER  O  -1.089  16.526  0.206  174.49
24  2  SER  CB  1.586  17.148  -1.376  65.06
25  2  SER  OG  2.207  16.092  -0.649  120.9
26  2  SER  H  -1.331  18.06  -1.676  9.86
27  2  SER  HA  0.211  16.281  -2.653  4.75
28  2  SER  HB2  2.124  17.363  -2.154  5.03
29  2  SER  HB3  1.554  17.945  -0.824  4.25
30  2  SER  HG  2.002  16.144  0.164  24.5
31  3  ARG  N  -0.489  14.651  -0.908  119.52
32  3  ARG  CA  -1.115  13.751  0.045  59.41
33  3  ARG  C  -0.886  14.245  1.473  177.96
34  3  ARG  O  0.138  14.863  1.762  8.53
35  3  ARG  CB  -0.56  12.331  -0.092  29.32
36  3  ARG  CG  0.901  12.269  0.358  36.27
37  3  ARG  CD  1.478  10.867  0.155  1.68
38  3  ARG  NE  2.833  10.958  -0.436  1.36
39  3  ARG  CZ  3.078  11.329  -1.701  1.36
40  3  ARG  NH1  2.061  11.646  -2.514  9.36
41  3  ARG  NH2  4.338  11.383  -2.15  4.17
42  3  ARG  H  -0.099  14.265  -1.57  2.21
43  3  ARG  HA  -2.058  13.766  -0.184  2.16
44  3  ARG  HB2  -1.092  11.719  0.44  2.53
45  3  ARG  HB3  -0.63  12.04  -1.015  2.5
46  3  ARG  HG2  1.425  12.914  -0.143  119.44
47  3  ARG  HG3  0.966  12.516  1.294  57.84
48  3  ARG  HD2  1.518  10.399  1.004  177.93
49  3  ARG  HD3  0.898  10.351  -0.427  176.46
50  3  ARG  HE  3.505  10.76  0.064  42.16
51  3  ARG  HH11  1.252  11.612  -2.225  26.95
52  3  ARG  HH12  2.218  11.884  -3.325  24.27
53  3  ARG  HH21  4.991  11.179  -1.628  26.27
54  3  ARG  HH22  4.495  11.621  -2.961  8.53
55  4  SER  N  -1.855  13.957  2.328  4.17
56  4  SER  CA  -1.772  14.366  3.72  2.17
57  4  SER  C  -1.666  13.135  4.622  1.85
58  4  SER  O  -2.467  12.209  4.511  1.79
59  4  SER  CB  -2.982  15.213  4.12  56.19
60  4  SER  OG  -2.618  16.561  4.406  176.43
61  4  SER  H  -2.569  13.525  2.119  110.28
62  4  SER  HA  -0.968  14.904  3.782  34
63  4  SER  HB2  -3.635  15.201  3.402  25.13
64  4  SER  HB3  -3.408  14.821  4.898  28.93
65  4  SER  HG  -2.161  16.875  3.775  118.99
66  5  ASN  N  -0.669  13.164  5.494  59.36
67  5  ASN  CA  -0.446  12.062  6.415  179.06
68  5  ASN  C  -1.595  12.006  7.423  4.35
69  5  ASN  O  -2.209  13.028  7.727  29.65
70  5  ASN  CB  0.858  12.248  7.193  37.85
71  5  ASN  CG  0.809  13.515  8.049  1.42
72  5  ASN  OD1  1.041  14.619  7.583  1.31
73  5  ASN  ND2  0.494  13.297  9.322  1.45
74  5  ASN  H  -0.111  13.815  5.566  8.25
75  5  ASN  HA  -0.402  11.27  5.857  3.93
76  5  ASN  HB2  1.013  11.477  7.761  2.32
77  5  ASN  HB3  1.603  12.3  6.574  2.32
78  5  ASN  HD21  0.34  12.496  9.595  2.85
79  5  ASN  HD22  0.445  13.957  9.872  2.85
80  6  ARG  N  -1.852  10.803  7.913  116.31
81  6  ARG  CA  -2.917  10.6  8.881  59.86
82  6  ARG  C  -2.541  11.23  10.224  179.72
83  6  ARG  O  -1.475  11.829  10.356  67.03
84  6  ARG  CB  -3.2  9.11  9.086  32.59
85  6  ARG  CG  -2.077  8.443  9.882  26.27
86  6  ARG  CD  -1.393  7.352  9.059  29.57
87  6  ARG  NE  -0.238  7.918  8.328  41.77
88  6  ARG  CZ  0.88  8.362  8.92  8.86
89  6  ARG  NH1  1  8.307  10.253  8.7
90  6  ARG  NH2  1.879  8.861  8.177  3.93
91  6  ARG  H  -1.42  10.092  7.696  1.94
92  6  ARG  HA  -3.691  11.039  8.495  1.9
93  6  ARG  HB2  -4.043  8.999  9.552  1.73
94  6  ARG  HB3  -3.293  8.674  8.224  1.47
95  6  ARG  HG2  -1.425  9.11  10.149  1.73
96  6  ARG  HG3  -2.438  8.06  10.697  1.68
97  6  ARG  HD2  -1.097  6.634  9.639  2.97
98  6  ARG  HD3  -2.024  6.966  8.431  2.92
99  6  ARG  HE  -0.286  7.966  7.471  121.39
100  6  ARG  HH11  0.36  7.987  10.73  60
101  6  ARG  HH12  1.717  8.592  10.632  178.5
102  6  ARG  HH21  1.802  8.895  7.321  122.77
103  6  ARG  HH22  2.596  9.146  8.557  55
104  7  GLN  N  -3.437  11.072  11.187  24.5
105  7  GLN  CA  -3.212  11.617  12.515  29.57
106  7  GLN  C  -2.772  10.511  13.476  18.13
107  7  GLN  O  -1.58  10.331  13.718  8.1
108  7  GLN  CB  -4.461  12.331  13.034  4.21
109  7  GLN  CG  -5.588  12.285  12  3.95
110  7  GLN  CD  -6.315  10.939  12.042  1.93
111  7  GLN  OE1  -6.819  10.507  13.065  1.75
112  7  GLN  NE2  -6.343  10.302  10.874  116.64
113  7  GLN  H  -4.181  10.652  11.089  60.55
114  7  GLN  HA  -2.497  12.264  12.409  179.06
115  7  GLN  HB2  -4.757  11.913  13.858  57.46
116  7  GLN  HB3  -4.248  13.254  13.243  33.05
117  7  GLN  HG2  -6.219  13.002  12.171  31.85
118  7  GLN  HG3  -5.224  12.431  11.113  40.98
119  7  GLN  HE21  -5.972  10.655  10.183  16.85
120  7  GLN  HE22  -6.733  9.538  10.809  8.02
121  8  LYS  N  -3.759  9.798  13.998  3.91
122  8  LYS  CA  -3.491  8.713  14.927  2.11
123  8  LYS  C  -3.933  7.389  14.3  2.46
124  8  LYS  O  -3.405  6.331  14.639  2.44
125  8  LYS  CB  -4.139  8.997  16.284  2.77
126  8  LYS  CG  -5.636  8.683  16.252  123.59
127  8  LYS  CD  -6.46  9.901  16.68  58.5
128  8  LYS  CE  -7.66  9.479  17.529  119.19
129  8  LYS  NZ  -8.141  10.615  18.347  116.32
130  8  LYS  H  -4.591  9.929  13.824  66.84
131  8  LYS  HA  -2.532  8.683  15.068  177.94
132  8  LYS  HB2  -3.707  8.464  16.97  30.18
133  8  LYS  HB3  -4.005  9.928  16.521  31.6
134  8  LYS  HG2  -5.894  8.412  15.357  22.97
135  8  LYS  HG3  -5.825  7.938  16.843  21.47
136  8  LYS  HD2  -5.901  10.512  17.185  8.1
137  8  LYS  HD3  -6.766  10.38  15.894  3.6
138  8  LYS  HE2  -8.374  9.163  16.953  2.2
139  8  LYS  HE3  -7.412  8.739  18.105  33.9
140  8  LYS  HZ1  -8.734  10.321  18.943  20.1
141  8  LYS  HZ2  -7.453  10.985  18.773  111.22
142  8  LYS  HZ3  -8.525  11.22  17.818  122.78
143  9  GLU  N  -4.896  7.49  13.396  65.7
144  9  GLU  CA  -5.414  6.314  12.72  177.34
145  9  GLU  C  -5.201  6.434  11.209  122.27
146  9  GLU  O  -5.339  7.517  10.643  55.3
147  9  GLU  CB  -6.893  6.098  13.049  180.18
148  9  GLU  CG  -7.723  7.33  12.679  108.85
149  9  GLU  CD  -9.107  6.926  12.17  18.28
150  9  GLU  OE1  -9.184  6.535  10.985  8.25
151  9  GLU  OE2  -10.057  7.015  12.977  4.34
152  9  GLU  H  -5.26  8.234  13.164  3.38
153  9  GLU  HA  -4.899  5.569  13.066  4.08
154  9  GLU  HB2  -7.225  5.324  12.567  4.23
155  9  GLU  HB3  -6.993  5.909  13.995  116.29
156  9  GLU  HG2  -7.815  7.907  13.453  58.57
157  9  GLU  HG3  -7.26  7.842  11.998  178.89
158  10  TYR  N  -4.866  5.306  10.6  120.22
159  10  TYR  CA  -4.632  5.27  9.167  42.09
160  10  TYR  C  -5.922  5.55  8.393  25.97
161  10  TYR  O  -6.999  5.119  8.8  24.27
162  10  TYR  CB  -4.159  3.85  8.851  25.87
163  10  TYR  CG  -5.295  2.833  8.715  8.04
164  10  TYR  CD1  -6.334  2.834  9.622  3.99
165  10  TYR  CD2  -5.279  1.916  7.684  2.6
166  10  TYR  CE1  -7.403  1.876  9.494  1.62
167  10  TYR  CE2  -6.347  0.958  7.556  2.43
168  10  TYR  CZ  -7.357  0.986  8.467  122.46
169  10  TYR  OH  -8.365  0.083  8.346  118.6
170  10  TYR  H  -4.771  4.552  11.002  60
171  10  TYR  HA  -3.98  5.956  8.953  176.51
172  10  TYR  HB2  -3.65  3.863  8.025  3.01
173  10  TYR  HB3  -3.557  3.556  9.552  27.66
174  10  TYR  HD1  -6.344  3.453  10.316  117.49
175  10  TYR  HD2  -4.579  1.915  7.072  65.46
176  10  TYR  HE1  -8.109  1.867  10.1  2.99
177  10  TYR  HE2  -6.347  0.335  6.866  8.66
178  10  TYR  HH  -8.063  -0.651  8.071  38.89
179  11  LYS  N  -5.769  6.27  7.291  119.16
180  11  LYS  CA  -6.909  6.612  6.457  55.49
181  11  LYS  C  -6.447  6.758  5.005  176.15
182  11  LYS  O  -5.256  6.657  4.716  7.51
183  11  LYS  CB  -7.62  7.852  7.004  32.63
184  11  LYS  CG  -6.819  9.121  6.703  31.95
185  11  LYS  CD  -7.735  10.345  6.644  181.18
186  11  LYS  CE  -8.427  10.445  5.283  60.68
187  11  LYS  NZ  -9.875  10.168  5.416  18.13
188  11  LYS  H  -5.012  6.568  7.012  8.43
189  11  LYS  HA  -7.538  5.876  6.507  4.47
190  11  LYS  HB2  -8.504  7.922  6.611  2.04
191  11  LYS  HB3  -7.743  7.762  7.962  2.11
192  11  LYS  HG2  -6.144  9.251  7.387  2.56
193  11  LYS  HG3  -6.352  9.019  5.859  2.63
194  11  LYS  HD2  -8.401  10.29  7.347  27.46
195  11  LYS  HD3  -7.217  11.149  6.806  44.61
196  11  LYS  HE2  -8.296  11.331  4.911  8.94
197  11  LYS  HE3  -8.028  9.815  4.663  4.53
198  11  LYS  HZ1  -10.288  10.378  4.656  2.94
199  11  LYS  HZ2  -9.996  9.304  5.59  2.9
200  11  LYS  HZ3  -10.211  10.654  6.082  119.57
201  12  CYS  N  -7.415  6.994  4.132  116.26
202  12  CYS  CA  -7.123  7.155  2.717  58.44
203  12  CYS  C  -5.873  8.026  2.581  174.47
204  12  CYS  O  -5.677  8.963  3.355  31.14
205  12  CYS  CB  -8.313  7.742  1.956  63.81
206  12  CYS  SG  -8.282  7.183  0.215  21.97
207  12  CYS  H  -8.246  7.063  4.342  8.32
208  12  CYS  HA  -6.964  6.266  2.363  4.48
209  12  CYS  HB2  -9.142  7.467  2.377  3.93
210  12  CYS  HB3  -8.285  8.711  1.993  3.93
211  12  CYS  HG  -7.242  6.59  0.294  7.96
212  13  GLY  N  -5.06  7.688  1.591  122.19
213  13  GLY  CA  -3.834  8.428  1.343  56.33
214  13  GLY  C  -2.675  7.858  2.164  176.28
215  13  GLY  O  -1.54  8.322  2.048  0.53
216  13  GLY  H  -5.203  7.032  1.054  8.46
217  13  GLY  HA2  -3.614  8.391  0.399  62.86
218  13  GLY  HA3  -3.965  9.362  1.568  58.1
219  14  ASP  N  -2.999  6.862  2.975  115.64
220  14  ASP  CA  -1.999  6.226  3.815  58.58
221  14  ASP  C  -1.303  5.119  3.021  174.18
222  14  ASP  O  -1.962  4.273  2.418  130.75
223  14  ASP  CB  -2.64  5.591  5.05  63.71
224  14  ASP  CG  -1.714  4.685  5.866  130.75
225  14  ASP  OD1  -0.741  5.229  6.43  130.75
226  14  ASP  OD2  -2.002  3.47  5.909  128.85
227  14  ASP  H  -3.794  6.544  3.052  8.37
228  14  ASP  HA  -1.391  6.937  4.071  4.46
229  14  ASP  HB2  -2.97  6.297  5.627  3.9
230  14  ASP  HB3  -3.41  5.072  4.769  3.9
231  15  LEU  N  0.021  5.158  3.045  119.91
232  15  LEU  CA  0.813  4.169  2.336  53.29
233  15  LEU  C  1.363  3.149  3.335  174.88
234  15  LEU  O  1.984  3.522  4.331  6.97
235  15  LEU  CB  1.895  4.852  1.496  38.76
236  15  LEU  CG  2.755  3.927  0.631  115.82
237  15  LEU  CD1  3.904  3.328  1.446  58.07
238  15  LEU  CD2  1.901  2.847  -0.035  178.16
239  15  LEU  H  0.476  5.752  3.47  8.47
240  15  LEU  HA  0.22  3.708  1.722  4.74
241  15  LEU  HB2  1.467  5.501  0.916  2.83
242  15  LEU  HB3  2.48  5.346  2.092  2.88
243  15  LEU  HG  3.152  4.456  -0.078  175.89
244  15  LEU  HD11  4.007  2.391  1.218  178.73
245  15  LEU  HD12  4.726  3.803  1.245  7.42
246  15  LEU  HD13  3.706  3.409  2.392  121.36
247  15  LEU  HD21  1.069  3.238  -0.345  7.63
248  15  LEU  HD22  2.382  2.473  -0.79  6.94
249  15  LEU  HD23  1.709  2.144  0.605  5.5
250  16  VAL  N  1.117  1.883  3.037  119.96
251  16  VAL  CA  1.58  0.807  3.897  56.19
252  16  VAL  C  1.952  -0.403  3.037  175.87
253  16  VAL  O  1.811  -0.368  1.816  174.14
254  16  VAL  CB  0.52  0.488  4.952  30.62
255  16  VAL  CG1  0.739  1.316  6.219  8.46
256  16  VAL  CG2  -0.89  0.699  4.395  3.95
257  16  VAL  H  0.682  1.629  2.34  8.22
258  16  VAL  HA  2.375  1.12  4.355  4.32
259  16  VAL  HB  0.607  -0.448  5.189  2.35
260  16  VAL  HG11  0.186  2.112  6.184  2.25
261  16  VAL  HG12  0.499  0.788  6.996  7.24
262  16  VAL  HG13  1.672  1.574  6.279  6.8
263  16  VAL  HG21  -1.538  0.281  4.984  114.87
264  16  VAL  HG22  -1.075  1.649  4.337  60.79
265  16  VAL  HG23  -0.952  0.304  3.511  7.51
266  17  PHE  N  2.418  -1.445  3.709  120.79
267  17  PHE  CA  2.812  -2.664  3.022  55.89
268  17  PHE  C  1.646  -3.653  2.95  175.35
269  17  PHE  O  1.187  -4.151  3.976  130.85
270  17  PHE  CB  3.947  -3.29  3.835  29.25
271  17  PHE  CG  5.316  -3.211  3.154  33.71
272  17  PHE  CD1  5.51  -3.806  1.947  117.65
273  17  PHE  CD2  6.339  -2.548  3.758  177.33
274  17  PHE  CE1  6.779  -3.733  1.315  21.43
275  17  PHE  CE2  7.608  -2.475  3.127  7.28
276  17  PHE  CZ  7.803  -3.069  1.919  4.1
277  17  PHE  H  2.515  -1.463  4.563  8.38
278  17  PHE  HA  3.078  -2.415  2.123  4.3
279  17  PHE  HB2  3.998  -2.845  4.695  2.02
280  17  PHE  HB3  3.734  -4.221  4.007  2.09
281  17  PHE  HD1  4.811  -4.259  1.534  6.73
282  17  PHE  HD2  6.206  -2.141  4.584  6.71
283  17  PHE  HE1  6.912  -4.139  0.489  60.16
284  17  PHE  HE2  8.307  -2.022  3.54  114.58
285  17  PHE  HZ  8.635  -3.022  1.505  61.55
286  18  ALA  N  1.201  -3.907  1.728  122.74
287  18  ALA  CA  0.099  -4.827  1.51  56.2
288  18  ALA  C  0.623  -6.088  0.818  175.3
289  18  ALA  O  1.325  -6.002  -0.188  110.87
290  18  ALA  CB  -0.995  -4.129  0.7  32.95
291  18  ALA  H  1.529  -3.554  1.015  8.27
292  18  ALA  HA  -0.26  -5.069  2.378  4.19
293  18  ALA  HB1  -0.855  -3.169  0.727  2.27
294  18  ALA  HB2  -0.962  -4.435  -0.22  1.65
295  18  ALA  HB3  -1.862  -4.341  1.079  1.65
296  19  LYS  N  0.26  -7.229  1.384  121.17
297  19  LYS  CA  0.684  -8.506  0.835  55.79
298  19  LYS  C  -0.53  -9.236  0.259  175.06
299  19  LYS  O  -1.66  -9.009  0.692  7.69
300  19  LYS  CB  1.446  -9.315  1.886  30.83
301  19  LYS  CG  0.481  -10.033  2.831  36.01
302  19  LYS  CD  -0.133  -9.054  3.835  120.45
303  19  LYS  CE  -0.209  -9.675  5.231  59.53
304  19  LYS  NZ  -1.182  -10.789  5.252  177.48
305  19  LYS  H  -0.232  -7.281  2.088  8.14
306  19  LYS  HA  1.303  -8.319  0.112  4.36
307  19  LYS  HB2  2.018  -9.965  1.448  1.94
308  19  LYS  HB3  2.024  -8.726  2.395  1.94
309  19  LYS  HG2  -0.223  -10.459  2.318  2.3
310  19  LYS  HG3  0.952  -10.735  3.307  2.3
311  19  LYS  HD2  0.396  -8.242  3.866  122.43
312  19  LYS  HD3  -1.022  -8.8  3.541  8.47
313  19  LYS  HE2  0.667  -9.997  5.495  7.17
314  19  LYS  HE3  -0.468  -9  5.878  3.98
315  19  LYS  HZ1  -0.819  -11.491  5.662  2.23
316  19  LYS  HZ2  -1.914  -10.535  5.69  2.02
317  19  LYS  HZ3  -1.397  -11.011  4.418  1.94
318  20  MET  N  -0.257  -10.098  -0.709  119.61
319  20  MET  CA  -1.314  -10.863  -1.351  58.13
320  20  MET  C  -0.96  -12.35  -1.402  173.95
321  20  MET  O  0.203  -12.722  -1.245  124.38
322  20  MET  CB  -1.532  -10.341  -2.772  41.19
323  20  MET  CG  -2.91  -10.745  -3.3  174.53
324  20  MET  SD  -3.731  -9.327  -4.01  1.94
325  20  MET  CE  -3.478  -9.66  -5.745  31.89
326  20  MET  H  0.535  -10.251  -1.008  7.65
327  20  MET  HA  -2.102  -10.73  -0.801  4.59
328  20  MET  HB2  -1.447  -9.375  -2.783  2.88
329  20  MET  HB3  -0.843  -10.693  -3.358  2.09
330  20  MET  HG2  -2.819  -11.443  -3.967  34.74
331  20  MET  HG3  -3.446  -11.109  -2.578  36.67
332  20  MET  HE1  -3.987  -9.026  -6.274  6.51
333  20  MET  HE2  -2.535  -9.575  -5.956  6.51
334  20  MET  HE3  -3.775  -10.561  -5.947  62.04
335  21  LYS  N  -1.984  -13.163  -1.619  118.99
336  21  LYS  CA  -1.796  -14.601  -1.691  53.88
337  21  LYS  C  -0.792  -14.926  -2.799  175.53
338  21  LYS  O  -1.031  -14.621  -3.967  1.76
339  21  LYS  CB  -3.141  -15.311  -1.854  35.48
340  21  LYS  CG  -3.929  -15.302  -0.541  24.33
341  21  LYS  CD  -3.7  -16.596  0.243  24.04
342  21  LYS  CE  -4.92  -17.515  0.151  42.26
343  21  LYS  NZ  -5.974  -17.073  1.091  32.74
344  21  LYS  H  -2.795  -12.897  -1.726  8.87
345  21  LYS  HA  -1.421  -14.888  -0.844  4.89
346  21  LYS  HB2  -3.66  -14.874  -2.548  1.73
347  21  LYS  HB3  -2.997  -16.226  -2.142  1.83
348  21  LYS  HG2  -3.657  -14.542  -0.003  1.37
349  21  LYS  HG3  -4.875  -15.196  -0.728  1.37
350  21  LYS  HD2  -2.918  -17.054  -0.102  1.56
351  21  LYS  HD3  -3.518  -16.387  1.173  1.56
352  21  LYS  HE2  -5.265  -17.513  -0.756  3.07
353  21  LYS  HE3  -4.66  -18.428  0.352  3.07
354  21  LYS  HZ1  -5.666  -17.118  1.925  1.17
355  21  LYS  HZ2  -6.204  -16.234  0.903  1.17
356  21  LYS  HZ3  -6.686  -17.601  1.009  1.55
357  22  GLY  N  0.311  -15.537  -2.394  118.14
358  22  GLY  CA  1.352  -15.905  -3.339  61.86
359  22  GLY  C  2.306  -14.735  -3.588  175.81
360  22  GLY  O  3.387  -14.918  -4.146  7.36
361  22  GLY  H  0.472  -15.747  -1.576  8.39
362  22  GLY  HA2  1.849  -16.665  -2.998  120.45
363  22  GLY  HA3  0.95  -16.183  -4.177  108.37
364  23  TYR  N  1.871  -13.558  -3.161  115.39
365  23  TYR  CA  2.672  -12.359  -3.331  44.67
366  23  TYR  C  3.178  -11.842  -1.982  173.98
367  23  TYR  O  2.419  -11.766  -1.018  68.13
368  23  TYR  CB  1.741  -11.314  -3.947  3.78
369  23  TYR  CG  2.456  -10.284  -4.825  22.59
370  23  TYR  CD1  3.052  -10.679  -6.005  4.37
371  23  TYR  CD2  2.504  -8.96  -4.437  1.57
372  23  TYR  CE1  3.724  -9.71  -6.832  1.76
373  23  TYR  CE2  3.178  -7.991  -5.264  1.33
374  23  TYR  CZ  3.754  -8.415  -6.42  1.33
375  23  TYR  OH  4.388  -7.501  -7.201  1.64
376  23  TYR  H  1.114  -13.438  -2.771  9.73
377  23  TYR  HA  3.433  -12.583  -3.89  2.98
378  23  TYR  HB2  1.068  -11.767  -4.479  2.98
379  23  TYR  HB3  1.275  -10.849  -3.235  178.82
380  23  TYR  HD1  3.019  -11.57  -6.268  122.46
381  23  TYR  HD2  2.103  -8.694  -3.641  30.2
382  23  TYR  HE1  4.129  -9.965  -7.63  118.03
383  23  TYR  HE2  3.216  -7.097  -5.012  55.11
384  23  TYR  HH  4.226  -6.724  -6.925  173.44
385  24  PRO  N  4.492  -11.492  -1.957  6.87
386  24  PRO  CA  5.109  -10.985  -0.742  55.68
387  24  PRO  C  4.682  -9.541  -0.475  174.78
388  24  PRO  O  4.313  -8.815  -1.397  1.89
389  24  PRO  CB  6.605  -11.132  -0.969  41.19
390  24  PRO  CG  6.785  -11.278  -2.472  1.71
391  24  PRO  CD  5.423  -11.569  -3.079  124.94
392  24  PRO  HA  4.81  -11.496  0.026  4.62
393  24  PRO  HB2  7.084  -10.357  -0.636  3
394  24  PRO  HB3  6.953  -11.906  -0.5  2.62
395  24  PRO  HG2  7.158  -10.466  -2.85  65.07
396  24  PRO  HG3  7.407  -11.996  -2.671  38.89
397  24  PRO  HD2  5.199  -10.924  -3.768  25.85
398  24  PRO  HD3  5.403  -12.445  -3.494  29.87
399  25  HSE  N  4.748  -9.164  0.795  119.37
400  25  HSE  CA  4.374  -7.818  1.197  53.66
401  25  HSE  C  4.945  -6.808  0.2  177.56
402  25  HSE  O  6.157  -6.621  0.126  5.13
403  25  HSE  CB  4.809  -7.541  2.637  41.4
404  25  HSE  CG  3.667  -7.229  3.574  26.27
405  25  HSE  ND1  3.59  -7.737  4.859  1.21
406  25  HSE  CD2  2.558  -6.454  3.401  21.75
407  25  HSE  CE1  2.481  -7.283  5.424  1.72
408  25  HSE  NE2  1.842  -6.488  4.517  1.44
409  25  HSE  H  5.05  -9.759  1.54  8.57
410  25  HSE  HA  3.285  -7.774  1.163  5.14
411  25  HSE  HB2  5.349  -8.409  3.016  1.15
412  25  HSE  HB3  5.507  -6.704  2.64  1.96
413  25  HSE  HD1  4.258  -8.345  5.288  0.87
414  25  HSE  HD2  2.303  -5.9  2.496  1.05
415  25  HSE  HE1  2.138  -7.505  6.435  52.53
416  26  TRP  N  4.04  -6.182  -0.541  116.87
417  26  TRP  CA  4.439  -5.196  -1.53  59.29
418  26  TRP  C  3.928  -3.83  -1.069  175.37
419  26  TRP  O  2.987  -3.75  -0.279  25.07
420  26  TRP  CB  3.937  -5.581  -2.923  36.75
421  26  TRP  CG  5.05  -5.776  -3.954  24.57
422  26  TRP  CD1  5.16  -5.213  -5.166  9.58
423  26  TRP  CD2  6.214  -6.619  -3.815  5.14
424  26  TRP  NE1  6.305  -5.63  -5.814  2.11
425  26  TRP  CE2  6.966  -6.512  -4.966  1.26
426  26  TRP  CE3  6.617  -7.445  -2.75  1.32
427  26  TRP  CZ2  8.167  -7.203  -5.164  7.66
428  26  TRP  CZ3  7.819  -8.128  -2.964  4.41
429  26  TRP  CH2  8.588  -8.032  -4.118  65.44
430  26  TRP  H  3.193  -6.318  -0.483  9.04
431  26  TRP  HA  5.408  -5.191  -1.57  5.35
432  26  TRP  HB2  3.425  -6.402  -2.855  107.91
433  26  TRP  HB3  3.331  -4.894  -3.24  123.59
434  26  TRP  HD1  4.543  -4.616  -5.524  54.8
435  26  TRP  HE1  6.562  -5.388  -6.598  177.86
436  26  TRP  HE3  6.125  -7.531  -1.966  22.32
437  26  TRP  HZ2  8.658  -7.115  -5.949  33.06
438  26  TRP  HZ3  8.124  -8.687  -2.286  23.95
439  26  TRP  HH2  9.379  -8.515  -4.194  29.45
440  27  PRO  N  4.586  -2.762  -1.592  41.25
441  27  PRO  CA  4.208  -1.403  -1.242  58.66
442  27  PRO  C  2.914  -0.994  -1.946  174.86
443  27  PRO  O  2.924  -0.683  -3.137  4.67
444  27  PRO  CB  5.399  -0.548  -1.641  42.67
445  27  PRO  CG  6.204  -1.386  -2.621  1.95
446  27  PRO  CD  5.705  -2.818  -2.528  1.63
447  27  PRO  HA  4.024  -1.34  -0.292  5.24
448  27  PRO  HB2  5.108  0.282  -2.051  2.69
449  27  PRO  HB3  5.932  -0.31  -0.866  2.86
450  27  PRO  HG2  6.099  -1.047  -3.524  2.91
451  27  PRO  HG3  7.15  -1.342  -2.409  3.03
452  27  PRO  HD2  5.422  -3.15  -3.394  22.82
453  27  PRO  HD3  6.401  -3.414  -2.21  8
454  28  ALA  N  1.831  -1.009  -1.183  123.62
455  28  ALA  CA  0.532  -0.644  -1.722  49.77
456  28  ALA  C  -0.078  0.466  -0.863  177.08
457  28  ALA  O  0.154  0.519  0.344  177.82
458  28  ALA  CB  -0.361  -1.885  -1.789  23.64
459  28  ALA  H  1.833  -1.228  -0.351  9.66
460  28  ALA  HA  0.668  -0.308  -2.622  5.56
461  28  ALA  HB1  0.194  -2.68  -1.824  29.57
462  28  ALA  HB2  -0.927  -1.92  -1.002  41.65
463  28  ALA  HB3  -0.915  -1.842  -2.584  42.42
464  29  ARG  N  -0.844  1.325  -1.518  127.02
465  29  ARG  CA  -1.488  2.43  -0.829  53.87
466  29  ARG  C  -2.912  2.045  -0.422  172.46
467  29  ARG  O  -3.487  1.11  -0.975  1.83
468  29  ARG  CB  -1.538  3.677  -1.715  34.85
469  29  ARG  CG  -1.619  4.948  -0.867  24.68
470  29  ARG  CD  -1.283  6.185  -1.702  27.85
471  29  ARG  NE  -2.529  6.872  -2.112  1.79
472  29  ARG  CZ  -2.624  7.687  -3.172  2.93
473  29  ARG  NH1  -1.547  7.923  -3.935  3.12
474  29  ARG  NH2  -3.795  8.267  -3.469  2.5
475  29  ARG  H  -1.002  1.281  -2.362  9.49
476  29  ARG  HA  -0.934  2.593  -0.049  4.65
477  29  ARG  HB2  -0.749  3.709  -2.279  2.29
478  29  ARG  HB3  -2.307  3.628  -2.305  1.07
479  29  ARG  HG2  -2.51  5.037  -0.494  1.13
480  29  ARG  HG3  -1.005  4.881  -0.119  1.13
481  29  ARG  HD2  -0.727  6.791  -1.188  1.47
482  29  ARG  HD3  -0.774  5.928  -2.487  -0.01
483  29  ARG  HE  -3.237  6.74  -1.642  8.17
484  29  ARG  HH11  -0.796  7.551  -3.743  4.72
485  29  ARG  HH12  -1.607  8.446  -4.615  4.07
486  29  ARG  HH21  -4.486  8.116  -2.979  3.92
487  29  ARG  HH22  -3.855  8.79  -4.149  8.6
488  30  ILE  N  -3.437  2.785  0.542  124.91
489  30  ILE  CA  -4.783  2.532  1.03  53.5
490  30  ILE  C  -5.786  3.314  0.178  175.53
491  30  ILE  O  -5.496  4.424  -0.264  1.37
492  30  ILE  CB  -4.877  2.839  2.526  35.69
493  30  ILE  CG1  -5.563  1.696  3.277  36.57
494  30  ILE  CG2  -5.57  4.182  2.768  3.9
495  30  ILE  CD  -7.012  1.528  2.818  2.24
496  30  ILE  H  -3.029  3.438  0.926  8.7
497  30  ILE  HA  -4.959  1.585  0.92  4.69
498  30  ILE  HB  -3.977  2.915  2.879  4.17
499  30  ILE  HG12  -5.075  0.871  3.132  2.33
500  30  ILE  HG13  -5.542  1.873  4.231  2.07
501  30  ILE  HG21  -5.705  4.308  3.72  2.54
502  30  ILE  HG22  -5.017  4.899  2.421  2.38
503  30  ILE  HG23  -6.428  4.188  2.316  119.71
504  30  ILE  HD11  -7.666  1.475  3.688  57.35
505  30  ILE  HD12  -7.297  2.378  2.198  177.54
506  30  ILE  HD13  -7.104  0.609  2.237  4.28
507  31  ASP  N  -6.943  2.703  -0.027  123.34
508  31  ASP  CA  -7.99  3.326  -0.817  58.49
509  31  ASP  C  -9.349  2.776  -0.383  177.64
510  31  ASP  O  -9.447  1.631  0.056  26.87
511  31  ASP  CB  -7.81  3.022  -2.306  31.89
512  31  ASP  CG  -6.36  3.011  -2.794  24.8
513  31  ASP  OD1  -5.642  2.06  -2.419  1.96
514  31  ASP  OD2  -6.003  3.956  -3.532  1.25
515  31  ASP  H  -7.138  1.926  0.286  8.61
516  31  ASP  HA  -7.904  4.277  -0.649  4.09
517  31  ASP  HB2  -8.208  2.158  -2.497  1.79
518  31  ASP  HB3  -8.304  3.68  -2.819  1.85
519  32  GLU  N  -10.364  3.618  -0.52  112.89
520  32  GLU  CA  -11.714  3.23  -0.146  45.12
521  32  GLU  C  -12.453  2.651  -1.354  173.51
522  32  GLU  O  -12.209  3.057  -2.49  117.66
523  32  GLU  CB  -12.479  4.412  0.45  59.97
524  32  GLU  CG  -12.672  4.237  1.958  177.37
525  32  GLU  CD  -13.937  4.952  2.435  53.61
526  32  GLU  OE1  -15.024  4.361  2.258  32.11
527  32  GLU  OE2  -13.789  6.073  2.966  24.37
528  32  GLU  H  -10.287  4.417  -0.828  9.05
529  32  GLU  HA  -11.606  2.546  0.533  41.77
530  32  GLU  HB2  -11.996  5.235  0.276  18.76
531  32  GLU  HB3  -13.343  4.493  0.017  8.39
532  32  GLU  HG2  -12.728  3.293  2.172  3.7
533  32  GLU  HG3  -11.9  4.588  2.429  2.01
534  33  MET  N  -13.34  1.71  -1.069  119.33
535  33  MET  CA  -14.117  1.071  -2.118  55.74
536  33  MET  C  -15.201  2.01  -2.648  172.61
537  33  MET  O  -16.135  2.356  -1.928  0.66
538  33  MET  CB  -14.768  -0.2  -1.569  40.77
539  33  MET  CG  -15.866  0.138  -0.559  2.94
540  33  MET  SD  -15.879  -1.071  0.755  2.87
541  33  MET  CE  -16.898  -0.22  1.949  57.46
542  33  MET  H  -13.505  1.429  -0.273  8.11
543  33  MET  HA  -13.484  0.866  -2.823  4.93
544  33  MET  HB2  -15.144  -0.717  -2.299  3.2
545  33  MET  HB3  -14.095  -0.757  -1.147  2.92
546  33  MET  HG2  -15.717  1.023  -0.191  178.16
547  33  MET  HG3  -16.729  0.157  -1.002  116.39
548  33  MET  HE1  -16.336  0.309  2.537  6.63
549  33  MET  HE2  -17.519  0.364  1.486  6.63
550  33  MET  HE3  -17.394  -0.869  2.472  174.18
551  34  PRO  N  -15.034  2.409  -3.938  67.72
552  34  PRO  CA  -15.987  3.303  -4.574  61.99
553  34  PRO  C  -17.279  2.563  -4.932  176.67
554  34  PRO  O  -17.368  1.348  -4.765  4.03
555  34  PRO  CB  -15.261  3.853  -5.79  31.78
556  34  PRO  CG  -14.106  2.899  -6.051  26.98
557  34  PRO  CD  -13.939  2.02  -4.822  49.7
558  34  PRO  HA  -16.247  4.008  -3.961  4.76
559  34  PRO  HB2  -15.852  3.899  -6.557  1.99
560  34  PRO  HB3  -14.938  4.753  -5.626  2.35
561  34  PRO  HG2  -14.283  2.357  -6.835  2.19
562  34  PRO  HG3  -13.29  3.393  -6.228  2.19
563  34  PRO  HD2  -13.99  1.079  -5.053  3.92
564  34  PRO  HD3  -13.078  2.164  -4.4  4.04
565  35  GLU  N  -18.245  3.329  -5.418  118.41
566  35  GLU  CA  -19.527  2.76  -5.802  60.69
567  35  GLU  C  -20.083  3.488  -7.028  175.74
568  35  GLU  O  -21.277  3.775  -7.095  4.05
569  35  GLU  CB  -20.518  2.812  -4.638  30.09
570  35  GLU  CG  -20.8  4.256  -4.22  1.06
571  35  GLU  CD  -21.343  4.318  -2.791  1.08
572  35  GLU  OE1  -22.285  3.545  -2.509  47.51
573  35  GLU  OE2  -20.807  5.137  -2.014  176.05
574  35  GLU  H  -18.174  4.178  -5.532  8.16
575  35  GLU  HA  -19.343  1.833  -6.022  3.93
576  35  GLU  HB2  -21.347  2.379  -4.896  1.98
577  35  GLU  HB3  -20.163  2.317  -3.883  2.4
578  35  GLU  HG2  -19.985  4.778  -4.282  120.45
579  35  GLU  HG3  -21.44  4.654  -4.831  66.71
580  36  ALA  N  -19.19  3.761  -7.968  126.4
581  36  ALA  CA  -19.577  4.448  -9.188  55.89
582  36  ALA  C  -19.595  3.449  -10.347  174.5
583  36  ALA  O  -20.658  3.1  -10.857  30.27
584  36  ALA  CB  -18.623  5.617  -9.442  33.16
585  36  ALA  H  -18.356  3.557  -7.915  9.21
586  36  ALA  HA  -20.473  4.797  -9.06  5.46
587  36  ALA  HB1  -18.502  5.735  -10.397  3.45
588  36  ALA  HB2  -18.997  6.427  -9.061  3.92
589  36  ALA  HB3  -17.766  5.43  -9.027  3.56
590  37  ALA  N  -18.402  3.015  -10.732  129.31
591  37  ALA  CA  -18.265  2.064  -11.82  62.81
592  37  ALA  C  -19.077  0.806  -11.497  174.96
593  37  ALA  O  -19.835  0.32  -12.335  54.81
594  37  ALA  CB  -16.785  1.757  -12.049  32.21
595  37  ALA  H  -17.662  3.263  -10.371  53.85
596  37  ALA  HA  -18.627  2.476  -12.62  4.07
597  37  ALA  HB1  -16.649  1.491  -12.972  1.56
598  37  ALA  HB2  -16.258  2.55  -11.86  1.54
599  37  ALA  HB3  -16.508  1.037  -11.46  1.88
600  38  VAL  N  -18.891  0.318  -10.28  129.56
601  38  VAL  CA  -19.596  -0.873  -9.836  52.48
602  38  VAL  C  -20.07  -0.672  -8.396  174.18
603  38  VAL  O  -19.788  0.357  -7.782  2.79
604  38  VAL  CB  -18.702  -2.104  -10.005  23.43
605  38  VAL  CG1  -18.417  -2.375  -11.484  7.12
606  38  VAL  CG2  -17.402  -1.951  -9.215  113.53
607  38  VAL  H  -18.36  0.663  -9.698  9.52
608  38  VAL  HA  -20.372  -0.984  -10.408  5.04
609  38  VAL  HB  -19.179  -2.87  -9.648  0.77
610  38  VAL  HG11  -17.476  -2.224  -11.666  40.6
611  38  VAL  HG12  -18.643  -3.295  -11.693  2.56
612  38  VAL  HG13  -18.952  -1.779  -12.031  3.18
613  38  VAL  HG21  -17.608  -1.731  -8.293  113.2
614  38  VAL  HG22  -16.903  -2.782  -9.247  8.21
615  38  VAL  HG23  -16.869  -1.241  -9.604  4.85
616  39  LYS  N  -20.782  -1.673  -7.896  118.7
617  39  LYS  CA  -21.297  -1.619  -6.538  53.45
618  39  LYS  C  -20.406  -2.462  -5.625  174.59
619  39  LYS  O  -20.485  -3.69  -5.635  7.14
620  39  LYS  CB  -22.771  -2.029  -6.508  35.8
621  39  LYS  CG  -23.613  -1.111  -7.398  26.97
622  39  LYS  CD  -24.546  -1.926  -8.297  178.65
623  39  LYS  CE  -24.206  -1.712  -9.774  6.62
624  39  LYS  NZ  -24.734  -2.825  -10.594  30.67
625  39  LYS  H  -20.975  -2.39  -8.329  8.85
626  39  LYS  HA  -21.251  -0.695  -6.246  5.34
627  39  LYS  HB2  -22.862  -2.947  -6.808  1.56
628  39  LYS  HB3  -23.102  -1.994  -5.597  1.62
629  39  LYS  HG2  -24.136  -0.51  -6.844  1.36
630  39  LYS  HG3  -23.031  -0.559  -7.944  1.36
631  39  LYS  HD2  -24.471  -2.868  -8.077  1.96
632  39  LYS  HD3  -25.466  -1.667  -8.133  2.53
633  39  LYS  HE2  -24.581  -0.871  -10.08  2.64
634  39  LYS  HE3  -23.244  -1.65  -9.884  2.42
635  39  LYS  HZ1  -24.508  -2.699  -11.445  119.59
636  39  LYS  HZ2  -24.391  -3.594  -10.306  53.62
637  39  LYS  HZ3  -25.621  -2.851  -10.522  175.89
638  40  SER  N  -19.578  -1.77  -4.855  123.06
639  40  SER  CA  -18.674  -2.44  -3.936  59.87
640  40  SER  C  -19.472  -3.201  -2.877  174.91
641  40  SER  O  -20.698  -3.116  -2.839  26.77
642  40  SER  CB  -17.725  -1.441  -3.271  35.4
643  40  SER  OG  -16.717  -0.984  -4.168  7.7
644  40  SER  H  -19.53  -0.911  -4.852  8.6
645  40  SER  HA  -18.162  -3.054  -4.485  4.08
646  40  SER  HB2  -18.233  -0.683  -2.943  2.02
647  40  SER  HB3  -17.307  -1.857  -2.501  1.61
648  40  SER  HG  -16.584  -0.162  -4.058  2.09
649  41  THR  N  -18.744  -3.926  -2.04  131.08
650  41  THR  CA  -19.368  -4.702  -0.982  54.19
651  41  THR  C  -18.918  -4.192  0.388  176.12
652  41  THR  O  -18.25  -3.164  0.483  8.85
653  41  THR  CB  -19.042  -6.177  -1.22  43.09
654  41  THR  OG1  -17.617  -6.225  -1.193  113.53
655  41  THR  CG2  -19.403  -6.636  -2.634  60.25
656  41  THR  H  -17.886  -3.982  -2.073  9.05
657  41  THR  HA  -20.328  -4.571  -1.033  5.25
658  41  THR  HB  -19.469  -6.737  -0.553  64.62
659  41  THR  HG1  -17.359  -7.024  -1.169  175.06
660  41  THR  HG21  -18.692  -6.388  -3.246  7.44
661  41  THR  HG22  -19.514  -7.6  -2.642  4.46
662  41  THR  HG23  -20.231  -6.213  -2.91  3.94
663  42  ALA  N  -19.303  -4.936  1.416  116.26
664  42  ALA  CA  -18.947  -4.572  2.777  56.11
665  42  ALA  C  -17.761  -5.423  3.234  175.16
666  42  ALA  O  -17.293  -6.289  2.496  58.17
667  42  ALA  CB  -20.168  -4.737  3.685  32.52
668  42  ALA  H  -19.771  -5.654  1.341  7.96
669  42  ALA  HA  -18.684  -3.638  2.774  4.62
670  42  ALA  HB1  -20.203  -4.002  4.317  5
671  42  ALA  HB2  -20.974  -4.738  3.146  1.97
672  42  ALA  HB3  -20.1  -5.576  4.168  1.97
673  43  ASN  N  -17.309  -5.148  4.449  122.04
674  43  ASN  CA  -16.187  -5.878  5.013  52.98
675  43  ASN  C  -15.122  -6.082  3.934  173.99
676  43  ASN  O  -14.806  -7.215  3.575  57.26
677  43  ASN  CB  -16.622  -7.257  5.513  32
678  43  ASN  CG  -17.346  -8.036  4.414  32.42
679  43  ASN  OD1  -16.746  -8.74  3.62  40.53
680  43  ASN  ND2  -18.666  -7.871  4.413  51.87
681  43  ASN  H  -17.643  -4.541  4.959  8.82
682  43  ASN  HA  -15.87  -5.33  5.748  4.84
683  43  ASN  HB2  -15.846  -7.756  5.813  2.62
684  43  ASN  HB3  -17.207  -7.156  6.28  2.74
685  43  ASN  HD21  -19.036  -7.361  4.998  128.85
686  43  ASN  HD22  -19.15  -8.274  3.828  7.81
687  44  LYS  N  -14.599  -4.967  3.446  4.73
688  44  LYS  CA  -13.576  -5.009  2.414  63
689  44  LYS  C  -13.045  -3.595  2.171  176.67
690  44  LYS  O  -13.786  -2.62  2.291  7.19
691  44  LYS  CB  -14.114  -5.689  1.153  32.21
692  44  LYS  CG  -15.09  -4.774  0.411  27.34
693  44  LYS  CD  -14.838  -4.814  -1.098  50.7
694  44  LYS  CE  -14.363  -3.453  -1.609  7.15
695  44  LYS  NZ  -14.72  -3.281  -3.035  118.18
696  44  LYS  H  -14.825  -4.177  3.701  53.32
697  44  LYS  HA  -12.849  -5.557  2.749  4.46
698  44  LYS  HB2  -13.377  -5.924  0.568  1.79
699  44  LYS  HB3  -14.56  -6.516  1.394  2.15
700  44  LYS  HG2  -16.001  -5.05  0.597  1.39
701  44  LYS  HG3  -14.996  -3.865  0.735  1.84
702  44  LYS  HD2  -14.173  -5.49  -1.301  3.25
703  44  LYS  HD3  -15.653  -5.069  -1.559  3.46
704  44  LYS  HE2  -14.764  -2.744  -1.082  4.66
705  44  LYS  HE3  -13.402  -3.378  -1.5  1.75
706  44  LYS  HZ1  -15.602  -3.346  -3.13  1.63
707  44  LYS  HZ2  -14.449  -2.481  -3.315  1.64
708  44  LYS  HZ3  -14.323  -3.914  -3.518  123.04
709  45  TYR  N  -11.766  -3.528  1.833  121.57
710  45  TYR  CA  -11.127  -2.249  1.571  56.84
711  45  TYR  C  -10.372  -2.276  0.241  176.18
712  45  TYR  O  -9.929  -3.334  -0.205  124.07
713  45  TYR  CB  -10.125  -2.039  2.709  29.99
714  45  TYR  CG  -10.402  -0.797  3.559  36.31
715  45  TYR  CD1  -11.701  -0.382  3.772  56.58
716  45  TYR  CD2  -9.353  -0.092  4.113  175.84
717  45  TYR  CE1  -11.962  0.786  4.574  6.94
718  45  TYR  CE2  -9.613  1.077  4.913  30.27
719  45  TYR  CZ  -10.904  1.457  5.104  36.27
720  45  TYR  OH  -11.151  2.561  5.86  2.53
721  45  TYR  H  -11.254  -4.214  1.751  8.58
722  45  TYR  HA  -11.82  -1.571  1.529  4.22
723  45  TYR  HB2  -10.131  -2.821  3.283  2
724  45  TYR  HB3  -9.233  -1.97  2.334  2
725  45  TYR  HD1  -12.408  -0.858  3.4  2.02
726  45  TYR  HD2  -8.478  -0.372  3.969  1.96
727  45  TYR  HE1  -12.833  1.075  4.724  2.38
728  45  TYR  HE2  -8.914  1.56  5.292  2.34
729  45  TYR  HH  -10.894  2.431  6.649  121.35
730  46  GLN  N  -10.246  -1.099  -0.355  123.68
731  46  GLN  CA  -9.552  -0.974  -1.625  52.99
732  46  GLN  C  -8.063  -0.716  -1.393  177.48
733  46  GLN  O  -7.694  0.2  -0.661  30.55
734  46  GLN  CB  -10.172  0.131  -2.482  19.1
735  46  GLN  CG  -9.519  0.184  -3.865  7.31
736  46  GLN  CD  -10.27  1.144  -4.789  4.36
737  46  GLN  OE1  -11.284  0.813  -5.382  21.17
738  46  GLN  NE2  -9.719  2.351  -4.879  8.1
739  46  GLN  H  -10.557  -0.363  -0.038  8.32
740  46  GLN  HA  -9.674  -1.827  -2.071  4.23
741  46  GLN  HB2  -11.125  -0.024  -2.578  1.86
742  46  GLN  HB3  -10.068  0.987  -2.038  2.2
743  46  GLN  HG2  -8.595  0.468  -3.78  2.01
744  46  GLN  HG3  -9.508  -0.703  -4.257  125.03
745  46  GLN  HE21  -9.003  2.531  -4.438  61.93
746  46  GLN  HE22  -10.077  2.953  -5.378  176.61
747  47  VAL  N  -7.246  -1.543  -2.031  120.04
748  47  VAL  CA  -5.803  -1.415  -1.903  52.94
749  47  VAL  C  -5.185  -1.258  -3.293  177.56
750  47  VAL  O  -5.541  -1.983  -4.221  18.57
751  47  VAL  CB  -5.24  -2.609  -1.128  19.31
752  47  VAL  CG1  -3.733  -2.749  -1.357  9.59
753  47  VAL  CG2  -5.56  -2.495  0.363  4.09
754  47  VAL  H  -7.511  -2.182  -2.542  8.14
755  47  VAL  HA  -5.625  -0.612  -1.389  4.25
756  47  VAL  HB  -5.668  -3.412  -1.465  1.41
757  47  VAL  HG11  -3.573  -3.117  -2.24  174.56
758  47  VAL  HG12  -3.314  -1.877  -1.29  124.89
759  47  VAL  HG13  -3.357  -3.34  -0.686  56.21
760  47  VAL  HG21  -6.008  -3.303  0.658  176.17
761  47  VAL  HG22  -4.737  -2.379  0.863  27.78
762  47  VAL  HG23  -6.139  -1.731  0.512  34.22
763  48  PHE  N  -4.268  -0.306  -3.394  116.78
764  48  PHE  CA  -3.596  -0.044  -4.655  62.51
765  48  PHE  C  -2.121  -0.444  -4.584  176.14
766  48  PHE  O  -1.346  0.156  -3.838  8.47
767  48  PHE  CB  -3.693  1.461  -4.909  32.31
768  48  PHE  CG  -4.439  1.828  -6.194  4.46
769  48  PHE  CD1  -5.797  1.764  -6.234  1.98
770  48  PHE  CD2  -3.744  2.217  -7.296  1.81
771  48  PHE  CE1  -6.489  2.105  -7.427  1.41
772  48  PHE  CE2  -4.436  2.557  -8.49  1.34
773  48  PHE  CZ  -5.794  2.494  -8.528  1.73
774  48  PHE  H  -4.023  0.197  -2.741  7.73
775  48  PHE  HA  -4.041  -0.575  -5.334  4.09
776  48  PHE  HB2  -4.14  1.878  -4.156  2.97
777  48  PHE  HB3  -2.797  1.831  -4.949  6.99
778  48  PHE  HD1  -6.273  1.499  -5.48  113.08
779  48  PHE  HD2  -2.815  2.26  -7.27  110.81
780  48  PHE  HE1  -7.418  2.062  -7.453  117.68
781  48  PHE  HE2  -3.961  2.823  -9.244  55.36
782  48  PHE  HZ  -6.247  2.717  -9.309  56.72
783  49  PHE  N  -1.775  -1.453  -5.368  122.1
784  49  PHE  CA  -0.406  -1.939  -5.404  57.29
785  49  PHE  C  0.429  -1.153  -6.415  176.93
786  49  PHE  O  0.054  -1.039  -7.581  26.65
787  49  PHE  CB  -0.463  -3.405  -5.838  32.52
788  49  PHE  CG  -0.66  -4.39  -4.682  24.91
789  49  PHE  CD1  -1.704  -4.231  -3.824  7.58
790  49  PHE  CD2  0.206  -5.423  -4.515  4.63
791  49  PHE  CE1  -1.886  -5.143  -2.752  2.35
792  49  PHE  CE2  0.024  -6.335  -3.442  2.02
793  49  PHE  CZ  -1.019  -6.177  -2.584  2.35
794  49  PHE  H  -2.321  -1.868  -5.887  8.26
795  49  PHE  HA  -0.035  -1.818  -4.516  4.25
796  49  PHE  HB2  -1.188  -3.518  -6.473  1.87
797  49  PHE  HB3  0.358  -3.628  -6.303  1.82
798  49  PHE  HD1  -2.296  -3.523  -3.939  173
799  49  PHE  HD2  0.921  -5.531  -5.1  1.68
800  49  PHE  HE1  -2.6  -5.035  -2.166  32.97
801  49  PHE  HE2  0.617  -7.042  -3.327  3
802  49  PHE  HZ  -1.138  -6.775  -1.882  42.84
803  50  PHE  N  1.546  -0.628  -5.932  113.97
804  50  PHE  CA  2.438  0.146  -6.78  59
805  50  PHE  C  3.293  -0.772  -7.655  174.93
806  50  PHE  O  3.252  -0.682  -8.882  2.24
807  50  PHE  CB  3.353  0.945  -5.852  63.39
808  50  PHE  CG  2.773  2.291  -5.411  2.47
809  50  PHE  CD1  2.771  3.344  -6.271  2.43
810  50  PHE  CD2  2.258  2.432  -4.161  8.01
811  50  PHE  CE1  2.231  4.592  -5.863  6.51
812  50  PHE  CE2  1.719  3.68  -3.753  116.78
813  50  PHE  CZ  1.716  4.735  -4.612  59.4
814  50  PHE  H  1.802  -0.711  -5.115  8.19
815  50  PHE  HA  1.883  0.705  -7.346  4.45
816  50  PHE  HB2  3.546  0.413  -5.064  3.91
817  50  PHE  HB3  4.198  1.101  -6.302  3.91
818  50  PHE  HD1  3.122  3.247  -7.127  128.62
819  50  PHE  HD2  2.259  1.711  -3.573  54.93
820  50  PHE  HE1  2.229  5.313  -6.451  175.92
821  50  PHE  HE2  1.366  3.776  -2.898  9.32
822  50  PHE  HZ  1.363  5.552  -4.344  4.2
823  51  GLY  N  4.049  -1.634  -6.992  112.85
824  51  GLY  CA  4.913  -2.567  -7.696  61.78
825  51  GLY  C  4.225  -3.118  -8.946  173.83
826  51  GLY  O  4.75  -3.001  -10.051  2.35
827  51  GLY  H  4.072  -1.693  -6.134  7.88
828  51  GLY  HA2  5.739  -2.123  -7.945  65.75
829  51  GLY  HA3  5.153  -3.298  -7.105  177.65
830  52  THR  N  3.057  -3.706  -8.728  124
831  52  THR  CA  2.291  -4.275  -9.823  52.74
832  52  THR  C  1.538  -3.176  -10.576  176.93
833  52  THR  O  1.315  -3.283  -11.781  21.07
834  52  THR  CB  1.373  -5.354  -9.248  19.1
835  52  THR  OG1  0.569  -4.658  -8.299  3.81
836  52  THR  CG2  2.133  -6.383  -8.407  2.33
837  52  THR  H  2.695  -3.785  -7.952  7.94
838  52  THR  HA  2.909  -4.678  -10.453  4.3
839  52  THR  HB  0.864  -5.789  -9.95  1.36
840  52  THR  HG1  0.022  -5.186  -7.942  117.02
841  52  THR  HG21  1.938  -6.241  -7.468  46.88
842  52  THR  HG22  1.857  -7.277  -8.663  174.73
843  52  THR  HG23  3.086  -6.282  -8.559  118.62
844  53  HSE  N  1.167  -2.143  -9.833  115.96
845  53  HSE  CA  0.444  -1.025  -10.413  53.19
846  53  HSE  C  -1.004  -1.436  -10.688  173.82
847  53  HSE  O  -1.577  -1.061  -11.709  31.32
848  53  HSE  CB  1.159  -0.506  -11.663  38.34
849  53  HSE  CG  0.975  0.973  -11.906  21.27
850  53  HSE  ND1  2.037  1.839  -12.098  7.33
851  53  HSE  CD2  -0.158  1.728  -11.987  3.58
852  53  HSE  CE1  1.554  3.059  -12.284  2.23
853  53  HSE  NE2  0.193  2.989  -12.215  128.94
854  53  HSE  H  1.352  -2.063  -8.853  8.38
855  53  HSE  HA  0.451  -0.227  -9.67  4.51
856  53  HSE  HB2  2.224  -0.719  -11.574  2.84
857  53  HSE  HB3  0.796  -1.053  -12.532  2.84
858  53  HSE  HD1  3.005  1.588  -12.096  55.56
859  53  HSE  HD2  -1.179  1.36  -11.883  119.81
860  53  HSE  HE1  2.14  3.961  -12.462  57.69
861  54  GLU  N  -1.555  -2.202  -9.756  116.89
862  54  GLU  CA  -2.924  -2.668  -9.885  55.25
863  54  GLU  C  -3.632  -2.619  -8.529  174.67
864  54  GLU  O  -2.979  -2.598  -7.486  58.92
865  54  GLU  CB  -2.97  -4.079  -10.475  35.69
866  54  GLU  CG  -2.328  -5.092  -9.526  25.37
867  54  GLU  CD  -2.705  -6.523  -9.914  29.51
868  54  GLU  OE1  -2.179  -6.989  -10.947  4.21
869  54  GLU  OE2  -3.511  -7.12  -9.167  2.84
870  54  GLU  H  -1.147  -2.461  -9.044  7.69
871  54  GLU  HA  -3.35  -2.053  -10.502  4.54
872  54  GLU  HB2  -3.89  -4.331  -10.649  1.65
873  54  GLU  HB3  -2.508  -4.093  -11.328  1.65
874  54  GLU  HG2  -1.363  -4.992  -9.543  1.2
875  54  GLU  HG3  -2.614  -4.914  -8.616  1.43
876  55  THR  N  -4.954  -2.6  -8.589  119.04
877  55  THR  CA  -5.757  -2.553  -7.378  57.5
878  55  THR  C  -6.256  -3.953  -7.014  174.77
879  55  THR  O  -6.498  -4.778  -7.893  54.29
880  55  THR  CB  -6.886  -1.544  -7.598  39.92
881  55  THR  OG1  -6.212  -0.347  -7.979  4.16
882  55  THR  CG2  -7.6  -1.171  -6.297  2.05
883  55  THR  H  -5.404  -2.615  -9.322  8.93
884  55  THR  HA  -5.193  -2.253  -6.648  4.47
885  55  THR  HB  -7.517  -1.869  -8.259  1.54
886  55  THR  HG1  -6.573  -0.02  -8.663  1.77
887  55  THR  HG21  -6.973  -0.736  -5.698  1.6
888  55  THR  HG22  -8.333  -0.566  -6.493  3.03
889  55  THR  HG23  -7.946  -1.974  -5.877  2.96
890  56  ALA  N  -6.395  -4.176  -5.715  121.81
891  56  ALA  CA  -6.861  -5.463  -5.224  56.05
892  56  ALA  C  -7.674  -5.251  -3.945  174.16
893  56  ALA  O  -7.317  -4.421  -3.11  121.79
894  56  ALA  CB  -5.665  -6.391  -5.007  29.88
895  56  ALA  H  -6.224  -3.595  -5.105  8.62
896  56  ALA  HA  -7.437  -5.848  -5.903  4.2
897  56  ALA  HB1  -5.606  -6.63  -4.069  31.49
898  56  ALA  HB2  -5.778  -7.195  -5.538  1.9
899  56  ALA  HB3  -4.852  -5.938  -5.278  1.9
900  57  PHE  N  -8.75  -6.014  -3.832  127.95
901  57  PHE  CA  -9.616  -5.921  -2.67  61.01
902  57  PHE  C  -8.975  -6.591  -1.453  172.46
903  57  PHE  O  -9.003  -7.814  -1.326  8.48
904  57  PHE  CB  -10.913  -6.655  -3.016  33.58
905  57  PHE  CG  -11.587  -6.154  -4.295  2.88
906  57  PHE  CD1  -12.104  -4.897  -4.345  2.71
907  57  PHE  CD2  -11.671  -6.967  -5.383  8.91
908  57  PHE  CE1  -12.73  -4.433  -5.532  8.39
909  57  PHE  CE2  -12.299  -6.503  -6.569  117.68
910  57  PHE  CZ  -12.814  -5.246  -6.619  57.61
911  57  PHE  H  -8.994  -6.591  -4.421  9.1
912  57  PHE  HA  -9.749  -4.978  -2.484  4.57
913  57  PHE  HB2  -10.722  -7.601  -3.111  30.71
914  57  PHE  HB3  -11.535  -6.563  -2.277  32.25
915  57  PHE  HD1  -12.045  -4.341  -3.602  53.66
916  57  PHE  HD2  -11.32  -7.827  -5.348  17.97
917  57  PHE  HE1  -13.083  -3.573  -5.565  8.5
918  57  PHE  HE2  -12.356  -7.059  -7.312  4.24
919  57  PHE  HZ  -13.225  -4.941  -7.396  2.2
920  58  LEU  N  -8.41  -5.76  -0.588  126.75
921  58  LEU  CA  -7.763  -6.258  0.614  55.89
922  58  LEU  C  -8.259  -5.461  1.822  173.59
923  58  LEU  O  -8.981  -4.478  1.667  28.04
924  58  LEU  CB  -6.241  -6.24  0.449  41.4
925  58  LEU  CG  -5.642  -7.382  -0.374  3.12
926  58  LEU  CD1  -4.12  -7.427  -0.225  131.33
927  58  LEU  CD2  -6.292  -8.72  -0.01  131.33
928  58  LEU  H  -8.394  -4.905  -0.683  9.07
929  58  LEU  HA  -8.028  -7.184  0.725  4.73
930  58  LEU  HB2  -5.988  -5.4  0.035  2.96
931  58  LEU  HB3  -5.838  -6.253  1.331  2.43
932  58  LEU  HG  -5.834  -7.216  -1.31  42.88
933  58  LEU  HD11  -3.872  -8.181  0.333  25.12
934  58  LEU  HD12  -3.711  -7.521  -1.1  8
935  58  LEU  HD13  -3.812  -6.606  0.189  8.1
936  58  LEU  HD21  -5.68  -9.443  -0.218  4.05
937  58  LEU  HD22  -6.498  -8.732  0.938  2.19
938  58  LEU  HD23  -7.11  -8.83  -0.519  2.17
939  59  GLY  N  -7.853  -5.917  2.998  125.49
940  59  GLY  CA  -8.249  -5.26  4.233  57.13
941  59  GLY  C  -7.027  -4.925  5.09  175.36
942  59  GLY  O  -5.915  -4.812  4.578  65.85
943  59  GLY  H  -7.348  -6.606  3.099  8.71
944  59  GLY  HA2  -8.738  -4.448  4.027  8.09
945  59  GLY  HA3  -8.85  -5.836  4.731  68.58
946  60  PRO  N  -7.282  -4.772  6.417  8.8
947  60  PRO  CA  -6.216  -4.45  7.352  60.19
948  60  PRO  C  -5.342  -5.676  7.627  177.24
949  60  PRO  O  -4.179  -5.541  8.006  4.03
950  60  PRO  CB  -6.924  -3.936  8.595  39.92
951  60  PRO  CG  -8.36  -4.42  8.486  60
952  60  PRO  CD  -8.587  -4.897  7.062  175.24
953  60  PRO  HA  -5.624  -3.782  6.972  4.43
954  60  PRO  HB2  -6.503  -4.275  9.4  2.56
955  60  PRO  HB3  -6.887  -2.968  8.64  2.56
956  60  PRO  HG2  -8.524  -5.14  9.115  55.88
957  60  PRO  HG3  -8.978  -3.705  8.707  178.12
958  60  PRO  HD2  -8.901  -5.815  7.042  3.27
959  60  PRO  HD3  -9.256  -4.358  6.611  43.04
960  61  LYS  N  -5.935  -6.843  7.425  113.2
961  61  LYS  CA  -5.224  -8.091  7.646  46.74
962  61  LYS  C  -4.202  -8.297  6.526  175.25
963  61  LYS  O  -3.246  -9.054  6.683  7.81
964  61  LYS  CB  -6.211  -9.25  7.799  4.32
965  61  LYS  CG  -5.474  -10.568  8.052  1.71
966  61  LYS  CD  -5.958  -11.658  7.092  1.55
967  61  LYS  CE  -4.93  -12.787  6.984  1.99
968  61  LYS  NZ  -5.52  -14.068  7.435  1.19
969  61  LYS  H  -6.748  -6.931  7.159  10.35
970  61  LYS  HA  -4.745  -8.009  8.486  7.64
971  61  LYS  HB2  -6.816  -9.069  8.535  66.63
972  61  LYS  HB3  -6.752  -9.327  6.998  121.7
973  61  LYS  HG2  -4.52  -10.435  7.941  60
974  61  LYS  HG3  -5.617  -10.852  8.968  115.83
975  61  LYS  HD2  -6.805  -12.015  7.403  54.19
976  61  LYS  HD3  -6.117  -11.275  6.215  176.38
977  61  LYS  HE2  -4.628  -12.869  6.066  2.39
978  61  LYS  HE3  -4.151  -12.576  7.522  40.13
979  61  LYS  HZ1  -6.242  -14.25  6.947  119.87
980  61  LYS  HZ2  -4.923  -14.721  7.337  59.36
981  61  LYS  HZ3  -5.75  -14.001  8.292  179.73
982  62  ASP  N  -4.44  -7.611  5.418  111.34
983  62  ASP  CA  -3.553  -7.709  4.271  62.08
984  62  ASP  C  -2.705  -6.439  4.178  175.75
985  62  ASP  O  -2.025  -6.215  3.178  2.49
986  62  ASP  CB  -4.347  -7.843  2.97  68.04
987  62  ASP  CG  -4.656  -9.281  2.547  54.38
988  62  ASP  OD1  -3.767  -9.89  1.916  176.41
989  62  ASP  OD2  -5.776  -9.738  2.864  4.08
990  62  ASP  H  -5.111  -7.083  5.314  7.97
991  62  ASP  HA  -3.018  -8.502  4.43  4.01
992  62  ASP  HB2  -5.184  -7.363  3.066  1.05
993  62  ASP  HB3  -3.852  -7.41  2.257  112.2
994  63  LEU  N  -2.773  -5.641  5.233  113.78
995  63  LEU  CA  -2.019  -4.399  5.283  54.52
996  63  LEU  C  -1.329  -4.282  6.643  173.49
997  63  LEU  O  -1.953  -4.501  7.682  2.16
998  63  LEU  CB  -2.922  -3.212  4.946  25.76
999  63  LEU  CG  -2.855  -2.705  3.503  6.87
1000  63  LEU  CD1  -3.821  -1.54  3.284  116.13
1001  63  LEU  CD2  -1.42  -2.34  3.118  53.15
1002  63  LEU  H  -3.251  -5.804  5.929  7.84
1003  63  LEU  HA  -1.337  -4.446  4.595  3.72
1004  63  LEU  HB2  -3.84  -3.459  5.141  3.33
1005  63  LEU  HB3  -2.695  -2.478  5.538  3.7
1006  63  LEU  HG  -3.135  -3.425  2.916  176.51
1007  63  LEU  HD11  -3.426  -0.902  2.669  2.08
1008  63  LEU  HD12  -4.653  -1.875  2.914  8.37
1009  63  LEU  HD13  -4  -1.104  4.132  4.71
1010  63  LEU  HD21  -0.895  -3.15  3.021  3.09
1011  63  LEU  HD22  -1.424  -1.855  2.278  2.7
1012  63  LEU  HD23  -1.03  -1.784  3.81  108.41
1013  64  PHE  N  -0.051  -3.934  6.595  117.47
1014  64  PHE  CA  0.73  -3.784  7.81  55.28
1015  64  PHE  C  1.549  -2.492  7.78  174.01
1016  64  PHE  O  2.204  -2.192  6.783  7.75
1017  64  PHE  CB  1.685  -4.977  7.879  31.47
1018  64  PHE  CG  1.38  -5.955  9.016  36.31
1019  64  PHE  CD1  0.122  -6.447  9.17  119.98
1020  64  PHE  CD2  2.367  -6.331  9.872  53.5
1021  64  PHE  CE1  -0.161  -7.354  10.225  177.48
1022  64  PHE  CE2  2.084  -7.238  10.927  18.28
1023  64  PHE  CZ  0.826  -7.731  11.082  40.01
1024  64  PHE  H  0.378  -3.783  5.865  6.79
1025  64  PHE  HA  0.106  -3.752  8.552  4.38
1026  64  PHE  HB2  1.651  -5.456  7.036  1.4
1027  64  PHE  HB3  2.592  -4.649  7.981  1.78
1028  64  PHE  HD1  -0.554  -6.19  8.585  4.56
1029  64  PHE  HD2  3.228  -5.995  9.766  3.12
1030  64  PHE  HE1  -1.022  -7.689  10.331  2.65
1031  64  PHE  HE2  2.759  -7.497  11.512  112.59
1032  64  PHE  HZ  0.641  -8.325  11.773  45.65
1033  65  PRO  N  1.482  -1.743  8.913  172.82
1034  65  PRO  CA  2.209  -0.49  9.025  60.71
1035  65  PRO  C  3.704  -0.74  9.236  173.9
1036  65  PRO  O  4.107  -1.842  9.604  4.1
1037  65  PRO  CB  1.56  0.24  10.19  71.84
1038  65  PRO  CG  0.807  -0.821  10.976  117.67
1039  65  PRO  CD  0.717  -2.068  10.113  55.03
1040  65  PRO  HA  2.139  0.016  8.2  5.63
1041  65  PRO  HB2  2.227  0.676  10.743  4.35
1042  65  PRO  HB3  0.957  0.931  9.873  34.2
1043  65  PRO  HG2  1.266  -1.016  11.808  1.03
1044  65  PRO  HG3  -0.08  -0.505  11.211  2.37
1045  65  PRO  HD2  1.087  -2.84  10.569  2.33
1046  65  PRO  HD3  -0.204  -2.281  9.896  7.53
1047  66  TYR  N  4.486  0.302  8.996  124.9
1048  66  TYR  CA  5.928  0.209  9.155  50.9
1049  66  TYR  C  6.297  -0.177  10.588  174.12
1050  66  TYR  O  7.194  -0.99  10.805  1.5
1051  66  TYR  CB  6.476  1.606  8.858  23.33
1052  66  TYR  CG  7.825  1.899  9.519  2.03
1053  66  TYR  CD1  8.956  1.225  9.106  124.09
1054  66  TYR  CD2  7.908  2.836  10.528  56.59
1055  66  TYR  CE1  10.224  1.501  9.727  174.89
1056  66  TYR  CE2  9.178  3.111  11.151  7.96
1057  66  TYR  CZ  10.273  2.43  10.72  27.63
1058  66  TYR  OH  11.471  2.691  11.307  1.89
1059  66  TYR  H  4.198  1.07  8.738  8.98
1060  66  TYR  HA  6.252  -0.476  8.549  4.52
1061  66  TYR  HB2  6.567  1.711  7.898  3.31
1062  66  TYR  HB3  5.83  2.266  9.155  2.5
1063  66  TYR  HD1  8.899  0.593  8.426  58.1
1064  66  TYR  HD2  7.146  3.29  10.807  131.21
1065  66  TYR  HE1  10.993  1.053  9.458  52.91
1066  66  TYR  HE2  9.247  3.741  11.832  175.71
1067  66  TYR  HH  12.09  2.623  10.743  27.1
1068  67  GLU  N  5.586  0.424  11.53  118.1
1069  67  GLU  CA  5.828  0.154  12.938  56.68
1070  67  GLU  C  5.782  -1.352  13.204  175.66
1071  67  GLU  O  6.675  -1.899  13.85  3.91
1072  67  GLU  CB  4.824  0.897  13.82  39.92
1073  67  GLU  CG  5.525  1.941  14.691  29.67
1074  67  GLU  CD  4.705  2.247  15.947  3.62
1075  67  GLU  OE1  4.063  1.301  16.45  2.98
1076  67  GLU  OE2  4.74  3.421  16.375  117.7
1077  67  GLU  H  4.96  0.992  11.372  8.52
1078  67  GLU  HA  6.719  0.493  13.116  5.77
1079  67  GLU  HB2  4.158  1.331  13.264  2.7
1080  67  GLU  HB3  4.352  0.264  14.384  2.94
1081  67  GLU  HG2  6.403  1.618  14.946  182.57
1082  67  GLU  HG3  5.658  2.755  14.181  130.75
1083  68  GLU  N  4.734  -1.98  12.694  123.03
1084  68  GLU  CA  4.56  -3.411  12.868  53.76
1085  68  GLU  C  5.512  -4.178  11.947  175.63
1086  68  GLU  O  6.163  -5.13  12.375  129.25
1087  68  GLU  CB  3.108  -3.823  12.62  47.64
1088  68  GLU  CG  2.333  -3.922  13.936  27.52
1089  68  GLU  CD  1.653  -5.287  14.069  2.49
1090  68  GLU  OE1  0.699  -5.524  13.298  2.37
1091  68  GLU  OE2  2.104  -6.062  14.94  6.14
1092  68  GLU  H  4.113  -1.591  12.243  8.81
1093  68  GLU  HA  4.785  -3.587  13.795  5
1094  68  GLU  HB2  2.681  -3.176  12.037  1.5
1095  68  GLU  HB3  3.083  -4.677  12.16  1.89
1096  68  GLU  HG2  2.937  -3.782  14.682  118.14
1097  68  GLU  HG3  1.665  -3.22  13.975  59.5
1098  69  SER  N  5.563  -3.733  10.7  108.25
1099  69  SER  CA  6.424  -4.365  9.715  43.83
1100  69  SER  C  7.87  -4.378  10.215  172.42
1101  69  SER  O  8.52  -5.422  10.22  34.47
1102  69  SER  CB  6.336  -3.65  8.366  2.31
1103  69  SER  OG  7.497  -2.867  8.099  6.85
1104  69  SER  H  5.105  -3.067  10.407  9.47
1105  69  SER  HA  6.089  -5.27  9.622  7.95
1106  69  SER  HB2  6.219  -4.305  7.66  3.73
1107  69  SER  HB3  5.552  -3.078  8.354  2.25
1108  69  SER  HG  7.563  -2.723  7.274  2.21
1109  70  LYS  N  8.331  -3.205  10.625  2.48
1110  70  LYS  CA  9.688  -3.068  11.127  65.17
1111  70  LYS  C  9.825  -3.849  12.435  178.09
1112  70  LYS  O  10.923  -4.265  12.803  6.87
1113  70  LYS  CB  10.067  -1.591  11.249  32
1114  70  LYS  CG  9.317  -0.926  12.406  27.88
1115  70  LYS  CD  10.166  -0.922  13.678  50.11
1116  70  LYS  CE  9.87  0.314  14.53  38.44
1117  70  LYS  NZ  8.841  0.007  15.549  29.76
1118  70  LYS  H  7.87  -2.479  10.619  37.47
1119  70  LYS  HA  10.282  -3.463  10.47  4.2
1120  70  LYS  HB2  11.023  -1.509  11.39  2.27
1121  70  LYS  HB3  9.862  -1.132  10.419  2.6
1122  70  LYS  HG2  9.086  -0.016  12.164  2.29
1123  70  LYS  HG3  8.485  -1.398  12.569  2.41
1124  70  LYS  HD2  9.986  -1.724  14.193  3.8
1125  70  LYS  HD3  11.107  -0.94  13.444  4.09
1126  70  LYS  HE2  10.683  0.617  14.964  2.9
1127  70  LYS  HE3  9.565  1.039  13.963  2.6
1128  70  LYS  HZ1  8.318  -0.65  15.254  121.84
1129  70  LYS  HZ2  9.238  -0.245  16.305  60.27
1130  70  LYS  HZ3  8.348  0.732  15.702  177.02
1131  71  GLU  N  8.694  -4.025  13.104  116.56
1132  71  GLU  CA  8.674  -4.748  14.364  58.38
1133  71  GLU  C  9.196  -6.172  14.166  176.39
1134  71  GLU  O  9.968  -6.673  14.982  131.45
1135  71  GLU  CB  7.269  -4.756  14.968  31.36
1136  71  GLU  CG  7.321  -4.535  16.482  19.26
1137  71  GLU  CD  6.758  -5.744  17.232  24.7
1138  71  GLU  OE1  5.559  -6.033  17.022  128.15
1139  71  GLU  OE2  7.536  -6.351  17.998  8.81
1140  71  GLU  H  7.93  -3.731  12.841  8.61
1141  71  GLU  HA  9.27  -4.258  14.951  4.15
1142  71  GLU  HB2  6.731  -4.063  14.555  1.88
1143  71  GLU  HB3  6.835  -5.603  14.778  1.88
1144  71  GLU  HG2  8.238  -4.379  16.758  1.38
1145  71  GLU  HG3  6.815  -3.741  16.714  1.38
1146  72  LYS  N  8.752  -6.785  13.077  117.84
1147  72  LYS  CA  9.164  -8.143  12.764  54.37
1148  72  LYS  C  10.211  -8.107  11.646  172.94
1149  72  LYS  O  11.366  -8.466  11.863  55.73
1150  72  LYS  CB  7.947  -9.01  12.439  43.62
1151  72  LYS  CG  8.373  -10.345  11.824  114.89
1152  72  LYS  CD  8.896  -11.301  12.898  29.96
1153  72  LYS  CE  10.423  -11.387  12.859  32.25
1154  72  LYS  NZ  10.898  -12.527  13.675  120.11
1155  72  LYS  H  8.212  -6.428  12.511  7.74
1156  72  LYS  HA  9.577  -8.512  13.56  5.06
1157  72  LYS  HB2  7.435  -9.171  13.247  2.63
1158  72  LYS  HB3  7.363  -8.538  11.824  3.8
1159  72  LYS  HG2  7.619  -10.749  11.367  1.89
1160  72  LYS  HG3  9.062  -10.193  11.159  1.65
1161  72  LYS  HD2  8.609  -10.998  13.774  2.2
1162  72  LYS  HD3  8.515  -12.183  12.764  8.34
1163  72  LYS  HE2  10.723  -11.492  11.943  3.99
1164  72  LYS  HE3  10.808  -10.561  13.19  2.04
1165  72  LYS  HZ1  10.204  -13.027  13.921  122.13
1166  72  LYS  HZ2  11.464  -13.019  13.196  55.34
1167  72  LYS  HZ3  11.313  -12.219  14.399  180.25
1168  73  PHE  N  9.764  -7.671  10.477  117.54
1169  73  PHE  CA  10.647  -7.586  9.326  53.48
1170  73  PHE  C  10.526  -6.223  8.642  174.96
1171  73  PHE  O  11.428  -5.394  8.736  4.08
1172  73  PHE  CB  10.212  -8.675  8.345  45.84
1173  73  PHE  CG  11.137  -9.894  8.318  25.5
1174  73  PHE  CD1  11.493  -10.504  9.48  24.33
1175  73  PHE  CD2  11.602  -10.368  7.13  26.09
1176  73  PHE  CE1  12.352  -11.635  9.454  59.6
1177  73  PHE  CE2  12.46  -11.497  7.104  176.72
1178  73  PHE  CZ  12.818  -12.108  8.266  3.95
1179  73  PHE  H  8.953  -7.423  10.332  6.98
1180  73  PHE  HA  11.554  -7.704  9.649  5.15
1181  73  PHE  HB2  9.316  -8.967  8.576  1.44
1182  73  PHE  HB3  10.165  -8.296  7.453  0.55
1183  73  PHE  HD1  11.175  -10.18  10.291  0.56
1184  73  PHE  HD2  11.357  -9.951  6.336  0.04
1185  73  PHE  HE1  12.596  -12.052  10.249  128.85
1186  73  PHE  HE2  12.778  -11.822  6.293  7.5
1187  73  PHE  HZ  13.38  -12.849  8.25  4.43
1188  74  GLY  N  9.399  -6.033  7.969  118.13
1189  74  GLY  CA  9.146  -4.785  7.27  54.8
1190  74  GLY  C  9.951  -4.712  5.969  173.32
1191  74  GLY  O  9.901  -3.708  5.26  7.02
1192  74  GLY  H  8.771  -6.618  7.907  8.72
1193  74  GLY  HA2  8.2  -4.705  7.073  6.99
1194  74  GLY  HA3  9.382  -4.037  7.841  6.88
1195  75  LYS  N  10.674  -5.788  5.698  119.08
1196  75  LYS  CA  11.488  -5.858  4.497  64.32
1197  75  LYS  C  11.242  -7.196  3.797  178.47
1198  75  LYS  O  11.874  -8.199  4.124  30.59
1199  75  LYS  CB  12.959  -5.601  4.829  32.63
1200  75  LYS  CG  13.442  -6.539  5.938  28.43
1201  75  LYS  CD  14.32  -7.655  5.366  50.58
1202  75  LYS  CE  15.515  -7.934  6.279  8.5
1203  75  LYS  NZ  16.512  -8.778  5.584  2.98
1204  75  LYS  H  10.705  -6.486  6.2  1.93
1205  75  LYS  HA  11.198  -5.145  3.907  4.71
1206  75  LYS  HB2  13.501  -5.727  4.035  2.31
1207  75  LYS  HB3  13.075  -4.679  5.107  2.67
1208  75  LYS  HG2  13.944  -6.035  6.597  2.29
1209  75  LYS  HG3  12.679  -6.925  6.396  2.29
1210  75  LYS  HD2  13.793  -8.463  5.262  3.89
1211  75  LYS  HD3  14.634  -7.405  4.483  4.28
1212  75  LYS  HE2  15.925  -7.097  6.549  55.73
1213  75  LYS  HE3  15.216  -8.377  7.089  179.55
1214  75  LYS  HZ1  16.931  -8.294  4.965  7.67
1215  75  LYS  HZ2  17.105  -9.085  6.173  17.84
1216  75  LYS  HZ3  16.099  -9.463  5.194  8.56
1217  76  PRO  N  10.294  -7.168  2.821  3.93
1218  76  PRO  CA  9.955  -8.366  2.072  62.43
1219  76  PRO  C  11.047  -8.702  1.052  176.34
1220  76  PRO  O  12.005  -7.949  0.893  3.78
1221  76  PRO  CB  8.613  -8.061  1.427  39.29
1222  76  PRO  CG  8.471  -6.548  1.457  59.46
1223  76  PRO  CD  9.523  -6  2.405  178.91
1224  76  PRO  HA  9.904  -9.132  2.665  4.31
1225  76  PRO  HB2  8.58  -8.396  0.517  2.69
1226  76  PRO  HB3  7.889  -8.487  1.912  2.76
1227  76  PRO  HG2  8.59  -6.179  0.568  6.62
1228  76  PRO  HG3  7.582  -6.295  1.752  16.67
1229  76  PRO  HD2  10.087  -5.344  1.967  6.65
1230  76  PRO  HD3  9.117  -5.559  3.167  4.09
1231  77  ASN  N  10.862  -9.834  0.388  117.48
1232  77  ASN  CA  11.817  -10.279  -0.612  60.3
1233  77  ASN  C  12.133  -9.12  -1.56  179.23
1234  77  ASN  O  11.242  -8.361  -1.937  2.64
1235  77  ASN  CB  11.249  -11.429  -1.444  28.4
1236  77  ASN  CG  10.525  -12.443  -0.555  35.95
1237  77  ASN  OD1  11.069  -13.46  -0.158  2.69
1238  77  ASN  ND2  9.27  -12.11  -0.266  119.66
1239  77  ASN  H  10.188  -10.356  0.504  9.24
1240  77  ASN  HA  12.594  -10.57  -0.11  3.55
1241  77  ASN  HB2  10.635  -11.08  -2.109  2.09
1242  77  ASN  HB3  11.967  -11.871  -1.924  2.09
1243  77  ASN  HD21  8.937  -11.379  -0.575  22.07
1244  77  ASN  HD22  8.791  -12.625  0.229  22.07
1245  78  LYS  N  13.405  -9.021  -1.92  114.1
1246  78  LYS  CA  13.849  -7.968  -2.818  57.98
1247  78  LYS  C  13.824  -8.487  -4.257  177.3
1248  78  LYS  O  14.811  -9.038  -4.74  178.08
1249  78  LYS  CB  15.214  -7.434  -2.38  30.2
1250  78  LYS  CG  15.749  -6.411  -3.386  36.85
1251  78  LYS  CD  15.632  -4.989  -2.836  26.4
1252  78  LYS  CE  16.94  -4.545  -2.179  120.43
1253  78  LYS  NZ  17.395  -3.257  -2.75  60.54
1254  78  LYS  H  14.022  -9.557  -1.653  8.15
1255  78  LYS  HA  13.217  -7.236  -2.742  4.26
1256  78  LYS  HB2  15.141  -7.023  -1.505  2.11
1257  78  LYS  HB3  15.842  -8.168  -2.296  2.11
1258  78  LYS  HG2  16.677  -6.608  -3.589  2.44
1259  78  LYS  HG3  15.256  -6.482  -4.218  2.33
1260  78  LYS  HD2  15.404  -4.379  -3.555  22.87
1261  78  LYS  HD3  14.911  -4.946  -2.189  8.67
1262  78  LYS  HE2  16.814  -4.455  -1.221  4.27
1263  78  LYS  HE3  17.621  -5.222  -2.313  4.27
1264  78  LYS  HZ1  17.774  -3.402  -3.542  31.47
1265  78  LYS  HZ2  16.697  -2.714  -2.853  24.5
1266  78  LYS  HZ3  17.987  -2.881  -2.203  114.28
1267  79  ARG  N  12.682  -8.291  -4.902  110.72
1268  79  ARG  CA  12.514  -8.732  -6.276  58.39
1269  79  ARG  C  12.673  -7.55  -7.235  174.4
1270  79  ARG  O  12.994  -6.441  -6.812  176.49
1271  79  ARG  CB  11.139  -9.37  -6.486  64.45
1272  79  ARG  CG  11.107  -10.797  -5.938  68.23
1273  79  ARG  CD  11.648  -11.792  -6.967  1.32
1274  79  ARG  NE  10.549  -12.261  -7.842  21.87
1275  79  ARG  CZ  10.623  -13.344  -8.627  8.12
1276  79  ARG  NH1  11.745  -14.077  -8.652  4.05
1277  79  ARG  NH2  9.577  -13.694  -9.388  4.41
1278  79  ARG  H  11.995  -7.906  -4.557  7.55
1279  79  ARG  HA  13.214  -9.389  -6.413  4.59
1280  79  ARG  HB2  10.46  -8.835  -6.046  3.91
1281  79  ARG  HB3  10.924  -9.377  -7.432  3.91
1282  79  ARG  HG2  11.636  -10.848  -5.126  124.61
1283  79  ARG  HG3  10.198  -11.037  -5.698  54.99
1284  79  ARG  HD2  12.34  -11.373  -7.502  176.1
1285  79  ARG  HD3  12.056  -12.548  -6.516  8.1
1286  79  ARG  HE  9.817  -11.81  -7.846  17.66
1287  79  ARG  HH11  12.416  -13.852  -8.164  7.87
1288  79  ARG  HH12  11.792  -14.773  -9.156  4.23
1289  79  ARG  HH21  8.857  -13.224  -9.372  122.72
1290  79  ARG  HH22  9.625  -14.389  -9.892  59.36
1291  80  LYS  N  12.442  -7.829  -8.51  122.77
1292  80  LYS  CA  12.555  -6.803  -9.533  60.46
1293  80  LYS  C  11.438  -5.774  -9.343  177.79
1294  80  LYS  O  11.685  -4.571  -9.389  32.74
1295  80  LYS  CB  12.578  -7.436  -10.924  31.26
1296  80  LYS  CG  14.006  -7.798  -11.34  24.01
1297  80  LYS  CD  14.157  -7.78  -12.861  29.37
1298  80  LYS  CE  13.532  -9.028  -13.489  42.14
1299  80  LYS  NZ  12.263  -8.686  -14.171  4.08
1300  80  LYS  H  12.218  -8.607  -8.799  7.65
1301  80  LYS  HA  13.407  -6.358  -9.404  3.84
1302  80  LYS  HB2  12.024  -8.232  -10.932  1.53
1303  80  LYS  HB3  12.197  -6.821  -11.57  1.69
1304  80  LYS  HG2  14.63  -7.171  -10.942  1.21
1305  80  LYS  HG3  14.232  -8.677  -10.998  1.34
1306  80  LYS  HD2  13.733  -6.986  -13.222  1.47
1307  80  LYS  HD3  15.097  -7.732  -13.097  1.47
1308  80  LYS  HE2  14.151  -9.422  -14.124  2.89
1309  80  LYS  HE3  13.368  -9.694  -12.803  2.89
1310  80  LYS  HZ1  12.021  -9.357  -14.703  40.01
1311  80  LYS  HZ2  11.628  -8.545  -13.563  178.04
1312  80  LYS  HZ3  12.377  -7.948  -14.656  120.77
1313  81  GLY  N  10.235  -6.286  -9.133  119.3
1314  81  GLY  CA  9.08  -5.427  -8.936  58.76
1315  81  GLY  C  9.131  -4.745  -7.568  176.72
1316  81  GLY  O  8.346  -3.838  -7.291  2.78
1317  81  GLY  H  10.07  -7.129  -9.101  8.46
1318  81  GLY  HA2  9.05  -4.755  -9.635  36.17
1319  81  GLY  HA3  8.267  -5.951  -9.01  4.09
1320  82  PHE  N  10.063  -5.207  -6.746  115.9
1321  82  PHE  CA  10.227  -4.653  -5.413  57.79
1322  82  PHE  C  11.06  -3.371  -5.451  177.86
1323  82  PHE  O  10.717  -2.384  -4.804  3.91
1324  82  PHE  CB  10.964  -5.703  -4.579  32.52
1325  82  PHE  CG  11.285  -5.251  -3.154  24.21
1326  82  PHE  CD1  12.18  -4.248  -2.943  2.27
1327  82  PHE  CD2  10.677  -5.853  -2.096  2.05
1328  82  PHE  CE1  12.478  -3.831  -1.619  117.22
1329  82  PHE  CE2  10.975  -5.433  -0.773  59.08
1330  82  PHE  CZ  11.869  -4.431  -0.562  176.84
1331  82  PHE  H  10.609  -5.841  -6.946  7.12
1332  82  PHE  HA  9.341  -4.45  -5.075  3.92
1333  82  PHE  HB2  10.425  -6.508  -4.54  1
1334  82  PHE  HB3  11.791  -5.937  -5.029  0.79
1335  82  PHE  HD1  12.595  -3.837  -3.666  130.75
1336  82  PHE  HD2  10.066  -6.539  -2.24  1.14
1337  82  PHE  HE1  13.088  -3.144  -1.475  130.75
1338  82  PHE  HE2  10.56  -5.845  -0.05  2.59
1339  82  PHE  HZ  12.065  -4.157  0.305  7.75
1340  83  SER  N  12.139  -3.428  -6.217  112.55
1341  83  SER  CA  13.027  -2.284  -6.348  54.97
1342  83  SER  C  12.305  -1.142  -7.068  176.52
1343  83  SER  O  12.225  -0.03  -6.55  6.95
1344  83  SER  CB  14.304  -2.661  -7.099  37.81
1345  83  SER  OG  15.458  -2.051  -6.529  7.2
1346  83  SER  H  12.374  -4.122  -6.667  7.23
1347  83  SER  HA  13.25  -2.027  -5.44  4.83
1348  83  SER  HB2  14.412  -3.625  -7.091  2.44
1349  83  SER  HB3  14.224  -2.393  -8.028  0.66
1350  83  SER  HG  15.597  -1.304  -6.888  176.29
1351  84  GLU  N  11.797  -1.458  -8.249  109.14
1352  84  GLU  CA  11.085  -0.473  -9.046  45.99
1353  84  GLU  C  9.75  -0.122  -8.384  173.16
1354  84  GLU  O  9.23  0.977  -8.573  131.15
1355  84  GLU  CB  10.873  -0.972  -10.475  131.15
1356  84  GLU  CG  9.552  -1.733  -10.602  8.03
1357  84  GLU  CD  9.355  -2.258  -12.025  4.14
1358  84  GLU  OE1  9.067  -1.419  -12.905  128.85
1359  84  GLU  OE2  9.498  -3.488  -12.201  7.85
1360  84  GLU  H  11.856  -2.239  -8.605  8.12
1361  84  GLU  HA  11.659  0.309  -9.063  3.23
1362  84  GLU  HB2  10.877  -0.221  -11.089  2.96
1363  84  GLU  HB3  11.608  -1.55  -10.732  7.28
1364  84  GLU  HG2  9.54  -2.473  -9.975  7.23
1365  84  GLU  HG3  8.815  -1.148  -10.365  7.18
1366  85  GLY  N  9.233  -1.076  -7.625  119.95
1367  85  GLY  CA  7.969  -0.881  -6.935  53.7
1368  85  GLY  C  8.114  0.137  -5.802  173.31
1369  85  GLY  O  7.399  1.137  -5.767  41.61
1370  85  GLY  H  9.601  -1.843  -7.498  7.23
1371  85  GLY  HA2  7.297  -0.576  -7.565  8.82
1372  85  GLY  HA3  7.659  -1.728  -6.577  3.37
1373  86  LEU  N  9.043  -0.155  -4.903  1.99
1374  86  LEU  CA  9.289  0.723  -3.772  63.87
1375  86  LEU  C  9.679  2.111  -4.283  175.55
1376  86  LEU  O  9.434  3.114  -3.617  1.2
1377  86  LEU  CB  10.323  0.104  -2.829  32.53
1378  86  LEU  CG  11.125  1.085  -1.973  27.8
1379  86  LEU  CD1  12.262  1.714  -2.78  2.91
1380  86  LEU  CD2  10.211  2.143  -1.351  2.9
1381  86  LEU  H  9.538  -0.857  -4.934  175.3
1382  86  LEU  HA  8.459  0.8  -3.276  4.37
1383  86  LEU  HB2  9.866  -0.515  -2.238  1.87
1384  86  LEU  HB3  10.945  -0.419  -3.358  2.38
1385  86  LEU  HG  11.531  0.592  -1.243  58.73
1386  86  LEU  HD11  12.685  1.034  -3.328  178.99
1387  86  LEU  HD12  11.906  2.412  -3.351  8.96
1388  86  LEU  HD13  12.917  2.095  -2.175  28.93
1389  86  LEU  HD21  9.293  1.971  -1.614  22.82
1390  86  LEU  HD22  10.283  2.105  -0.384  23.8
1391  86  LEU  HD23  10.478  3.022  -1.661  182.51
1392  87  TRP  N  10.281  2.124  -5.464  117.91
1393  87  TRP  CA  10.707  3.372  -6.074  52.86
1394  87  TRP  C  9.513  3.961  -6.829  174.23
1395  87  TRP  O  9.466  5.164  -7.082  6.81
1396  87  TRP  CB  11.931  3.157  -6.965  41.09
1397  87  TRP  CG  13.15  3.988  -6.559  57.52
1398  87  TRP  CD1  13.464  5.233  -6.943  122.1
1399  87  TRP  CD2  14.212  3.581  -5.67  59.36
1400  87  TRP  NE1  14.646  5.656  -6.368  179.44
1401  87  TRP  CE2  15.114  4.619  -5.569  59.14
1402  87  TRP  CE3  14.402  2.375  -4.974  32.71
1403  87  TRP  CZ2  16.271  4.557  -4.782  24.5
1404  87  TRP  CZ3  15.562  2.326  -4.191  29.58
1405  87  TRP  CH2  16.48  3.363  -4.079  36.35
1406  87  TRP  H  10.449  1.418  -5.926  7.89
1407  87  TRP  HA  10.978  3.973  -5.362  4.64
1408  87  TRP  HB2  12.172  2.218  -6.947  2.37
1409  87  TRP  HB3  11.695  3.372  -7.881  2
1410  87  TRP  HD1  12.951  5.747  -7.524  4.14
1411  87  TRP  HE1  15.023  6.42  -6.483  2.03
1412  87  TRP  HE3  13.807  1.662  -5.027  120.21
1413  87  TRP  HZ2  16.867  5.269  -4.728  65.7
1414  87  TRP  HZ3  15.729  1.547  -3.711  177.46
1415  87  TRP  HH2  17.231  3.266  -3.54  7.62
1416  88  GLU  N  8.579  3.086  -7.169  119.09
1417  88  GLU  CA  7.389  3.503  -7.89  56.59
1418  88  GLU  C  6.476  4.325  -6.977  177
1419  88  GLU  O  5.683  5.136  -7.452  3.31
1420  88  GLU  CB  6.644  2.298  -8.468  32.21
1421  88  GLU  CG  7.036  2.059  -9.927  29.14
1422  88  GLU  CD  6.072  2.772  -10.877  24.83
1423  88  GLU  OE1  6.129  4.021  -10.911  116.48
1424  88  GLU  OE2  5.301  2.052  -11.546  55.56
1425  88  GLU  H  8.619  2.246  -6.989  8.44
1426  88  GLU  HA  7.71  4.058  -8.618  4.37
1427  88  GLU  HB2  6.846  1.508  -7.943  1.8
1428  88  GLU  HB3  5.687  2.443  -8.405  2.06
1429  88  GLU  HG2  7.94  2.377  -10.079  1.71
1430  88  GLU  HG3  7.036  1.107  -10.114  1.71
1431  89  ILE  N  6.618  4.086  -5.681  121.36
1432  89  ILE  CA  5.816  4.793  -4.698  55.75
1433  89  ILE  C  6.622  5.968  -4.138  177.3
1434  89  ILE  O  6.1  7.072  -3.996  1.69
1435  89  ILE  CB  5.31  3.827  -3.624  29.46
1436  89  ILE  CG1  4.766  4.59  -2.413  8.41
1437  89  ILE  CG2  6.398  2.827  -3.231  7.79
1438  89  ILE  CD  5.887  4.922  -1.427  42.26
1439  89  ILE  H  7.174  3.517  -5.355  8.84
1440  89  ILE  HA  5.037  5.146  -5.156  4.33
1441  89  ILE  HB  4.573  3.318  -3.996  176.62
1442  89  ILE  HG12  4.337  5.408  -2.708  33.08
1443  89  ILE  HG13  4.088  4.057  -1.97  62.51
1444  89  ILE  HG21  6.527  2.189  -3.951  174.71
1445  89  ILE  HG22  7.228  3.3  -3.065  56.82
1446  89  ILE  HG23  6.129  2.356  -2.427  31.06
1447  89  ILE  HD11  5.935  4.151  -0.657  8.07
1448  89  ILE  HD12  6.839  4.964  -1.958  4.17
1449  89  ILE  HD13  5.689  5.888  -0.961  4
1450  90  GLU  N  7.882  5.688  -3.835  126.75
1451  90  GLU  CA  8.765  6.708  -3.294  58.76
1452  90  GLU  C  9.196  7.676  -4.398  176.82
1453  90  GLU  O  9.474  8.844  -4.129  1.04
1454  90  GLU  CB  9.98  6.075  -2.614  32
1455  90  GLU  CG  9.679  5.741  -1.153  24.53
1456  90  GLU  CD  9.694  7.002  -0.287  29.12
1457  90  GLU  OE1  10.813  7.501  -0.031  123.25
1458  90  GLU  OE2  8.589  7.439  0.099  121.72
1459  90  GLU  H  8.241  4.913  -3.937  8.91
1460  90  GLU  HA  8.238  7.179  -2.63  4.25
1461  90  GLU  HB2  10.236  5.268  -3.088  1.94
1462  90  GLU  HB3  10.734  6.684  -2.662  1.99
1463  90  GLU  HG2  8.812  5.311  -1.089  1.59
1464  90  GLU  HG3  10.334  5.107  -0.82  1.45
1465  91  ASN  N  9.236  7.156  -5.616  113.8
1466  91  ASN  CA  9.628  7.96  -6.76  45.71
1467  91  ASN  C  8.649  7.715  -7.91  174.89
1468  91  ASN  O  9.018  7.145  -8.935  3.75
1469  91  ASN  CB  11.029  7.582  -7.245  3.67
1470  91  ASN  CG  11.998  7.442  -6.069  109.13
1471  91  ASN  OD1  12.994  8.138  -5.967  54.1
1472  91  ASN  ND2  11.649  6.509  -5.189  176.19
1473  91  ASN  H  9.04  6.338  -5.796  9.02
1474  91  ASN  HA  9.609  8.878  -6.446  27.56
1475  91  ASN  HB2  10.991  6.747  -7.737  7.08
1476  91  ASN  HB3  11.356  8.258  -7.859  127.99
1477  91  ASN  HD21  10.934  6.047  -5.313  125.55
1478  91  ASN  HD22  12.14  6.365  -4.498  134.43
1479  92  ASN  N  7.417  8.158  -7.7  123.67
1480  92  ASN  CA  6.381  7.994  -8.705  63.26
1481  92  ASN  C  6.832  8.657  -10.008  177.19
1482  92  ASN  O  7.649  9.577  -9.991  120.94
1483  92  ASN  CB  5.075  8.657  -8.264  39.5
1484  92  ASN  CG  5.165  10.18  -8.387  6.21
1485  92  ASN  OD1  4.685  10.781  -9.335  4.51
1486  92  ASN  ND2  5.805  10.768  -7.381  117.22
1487  92  ASN  H  7.166  8.555  -6.98  8.41
1488  92  ASN  HA  6.265  7.035  -8.797  3.42
1489  92  ASN  HB2  4.341  8.328  -8.806  2.51
1490  92  ASN  HB3  4.88  8.415  -7.345  3.13
1491  92  ASN  HD21  6.123  10.293  -6.738  6.92
1492  92  ASN  HD22  5.9  11.623  -7.372  6.67
1493  93  PRO  N  6.266  8.151  -11.136  7.77
1494  93  PRO  CA  6.602  8.684  -12.446  62.35
1495  93  PRO  C  5.929  10.04  -12.675  177.99
1496  93  PRO  O  6.585  11.005  -13.062  174.81
1497  93  PRO  CB  6.146  7.621  -13.432  52.71
1498  93  PRO  CG  5.159  6.747  -12.676  37.99
1499  93  PRO  CD  5.297  7.062  -11.195  27.28
1500  93  PRO  HA  7.556  8.849  -12.508  4.03
1501  93  PRO  HB2  5.729  8.023  -14.21  4.29
1502  93  PRO  HB3  6.899  7.099  -13.752  4.29
1503  93  PRO  HG2  4.253  6.92  -12.978  3.84
1504  93  PRO  HG3  5.34  5.808  -12.841  1.04
1505  93  PRO  HD2  4.446  7.326  -10.812  0.32
1506  93  PRO  HD3  5.605  6.288  -10.698  0.1
1507  94  THR  N  4.628  10.068  -12.425  123.66
1508  94  THR  CA  3.858  11.289  -12.601  60.72
1509  94  THR  C  3.879  12.12  -11.315  178.71
1510  94  THR  O  2.844  12.312  -10.68  8.45
1511  94  THR  CB  2.449  10.899  -13.049  28.3
1512  94  THR  OG1  2.658  10.163  -14.252  2.26
1513  94  THR  CG2  1.621  12.107  -13.491  123.54
1514  94  THR  H  4.175  9.388  -12.155  9.53
1515  94  THR  HA  4.284  11.822  -13.291  4.17
1516  94  THR  HB  1.99  10.399  -12.356  114.25
1517  94  THR  HG1  1.929  10.06  -14.656  33.19
1518  94  THR  HG21  0.693  11.844  -13.593  24.56
1519  94  THR  HG22  1.686  12.806  -12.822  29.02
1520  94  THR  HG23  1.958  12.438  -14.338  42.21
1521  95  VAL  N  5.07  12.589  -10.972  110.1
1522  95  VAL  CA  5.239  13.395  -9.775  46.41
1523  95  VAL  C  4.726  14.811  -10.042  174.71
1524  95  VAL  O  4.323  15.129  -11.159  1.82
1525  95  VAL  CB  6.7  13.363  -9.324  1.73
1526  95  VAL  CG1  7.582  14.184  -10.267  1.38
1527  95  VAL  CG2  6.841  13.849  -7.88  1.35
1528  95  VAL  H  5.79  12.45  -11.421  8.53
1529  95  VAL  HA  4.7  12.995  -9.074  57.9
1530  95  VAL  HB  7.004  12.443  -9.359  2.97
1531  95  VAL  HG11  8.32  14.568  -9.768  4.16
1532  95  VAL  HG12  7.93  13.609  -10.966  7.97
1533  95  VAL  HG13  7.056  14.896  -10.665  5.25
1534  95  VAL  HG21  7.105  14.782  -7.877  2.05
1535  95  VAL  HG22  5.99  13.754  -7.424  117.66
1536  95  VAL  HG23  7.515  13.32  -7.425  58.39
1537  96  LYS  N  4.756  15.625  -8.995  120.53
1538  96  LYS  CA  4.3  16.999  -9.104  56.57
1539  96  LYS  C  4.475  17.698  -7.754  179.2
1540  96  LYS  O  4.848  18.869  -7.7  120.33
1541  96  LYS  CB  2.868  17.048  -9.639  41.19
1542  96  LYS  CG  1.972  16.05  -8.903  26.09
1543  96  LYS  CD  0.685  16.721  -8.418  3.9
1544  96  LYS  CE  -0.094  15.798  -7.479  51
1545  96  LYS  NZ  -1.242  15.187  -8.187  4.62
1546  96  LYS  H  5.039  15.395  -8.216  8.33
1547  96  LYS  HA  4.865  17.443  -9.755  3.92
1548  96  LYS  HB2  2.51  17.944  -9.538  1.86
1549  96  LYS  HB3  2.867  16.85  -10.588  1.46
1550  96  LYS  HG2  1.754  15.31  -9.491  8.05
1551  96  LYS  HG3  2.452  15.679  -8.146  3.79
1552  96  LYS  HD2  0.9  17.549  -7.96  0.8
1553  96  LYS  HD3  0.133  16.954  -9.18  55.69
1554  96  LYS  HE2  0.491  15.102  -7.141  63.27
1555  96  LYS  HE3  -0.411  16.301  -6.713  177.31
1556  96  LYS  HZ1  -1.419  14.39  -7.832  30.18
1557  96  LYS  HZ2  -1.956  15.712  -8.105  32.26
1558  96  LYS  HZ3  -1.041  15.091  -9.049  27.16
1559  97  ALA  N  4.198  16.95  -6.696  118.72
1560  97  ALA  CA  4.32  17.482  -5.35  62.37
1561  97  ALA  C  5.775  17.36  -4.888  179.46
1562  97  ALA  O  6.398  16.314  -5.062  58.7
1563  97  ALA  CB  3.35  16.751  -4.421  28.19
1564  97  ALA  H  3.937  16.132  -6.74  7.93
1565  97  ALA  HA  4.077  18.421  -5.38  4.08
1566  97  ALA  HB1  2.536  17.271  -4.33  8.58
1567  97  ALA  HB2  3.139  15.881  -4.795  3.65
1568  97  ALA  HB3  3.759  16.637  -3.549  3.31
1569  98  SER  N  6.271  18.443  -4.309  119.36
1570  98  SER  CA  7.64  18.47  -3.82  59.99
1571  98  SER  C  7.914  17.232  -2.964  178.2
1572  98  SER  O  7.18  16.954  -2.015  1.75
1573  98  SER  CB  7.914  19.742  -3.017  30.52
1574  98  SER  OG  8.926  20.545  -3.617  4.58
1575  98  SER  H  5.829  19.171  -4.19  8.9
1576  98  SER  HA  8.196  18.463  -4.615  3.42
1577  98  SER  HB2  7.096  20.258  -2.941  2.07
1578  98  SER  HB3  8.183  19.503  -2.116  2.38
1579  98  SER  HG  9.675  20.358  -3.285  52.99
1580  99  GLY  N  8.97  16.52  -3.329  117.17
1581  99  GLY  CA  9.349  15.319  -2.604  65.29
1582  99  GLY  C  10.52  14.612  -3.293  173.3
1583  99  GLY  O  10.667  14.69  -4.511  129.15
1584  99  GLY  H  9.478  16.72  -3.993  7.59
1585  99  GLY  HA2  9.597  15.55  -1.695  4.53
1586  99  GLY  HA3  8.591  14.717  -2.549  3.9
1587  100  TYR  N  11.322  13.938  -2.481  113.2
1588  100  TYR  CA  12.473  13.216  -2.996  57.12
1589  100  TYR  C  12.658  11.886  -2.265  176.98
1590  100  TYR  O  11.766  11.039  -2.272  44.28
1591  100  TYR  CB  13.686  14.109  -2.723  31.15
1592  100  TYR  CG  14.763  13.446  -1.861  36.13
1593  100  TYR  CD1  15.362  12.278  -2.284  8.27
1594  100  TYR  CD2  15.137  14.02  -0.663  3.9
1595  100  TYR  CE1  16.377  11.654  -1.474  4.37
1596  100  TYR  CE2  16.151  13.396  0.148  5.15
1597  100  TYR  CZ  16.72  12.244  -0.298  117.13
1598  100  TYR  OH  17.68  11.656  0.467  66.6
1599  100  TYR  H  11.212  13.887  -1.63  5.97
1600  100  TYR  HA  12.32  13.042  -3.938  4.01
1601  100  TYR  HB2  14.079  14.373  -3.57  1.61
1602  100  TYR  HB3  13.386  14.919  -2.282  1.81
1603  100  TYR  HD1  15.11  11.892  -3.092  52.49
1604  100  TYR  HD2  14.733  14.808  -0.379  175.8
1605  100  TYR  HE1  16.788  10.866  -1.749  117.85
1606  100  TYR  HE2  16.411  13.772  0.958  55.34
1607  100  TYR  HH  17.396  11.55  1.25  7.28
