1  1  ARG  N  1.705  16.119  33.09  105.69
2  1  ARG  CA  0.326  16.34  33.568  43.31
3  1  ARG  C  -0.508  16.954  32.453  176.1
4  1  ARG  O  -0.35  16.575  31.281  55.76
5  1  ARG  CB  0.185  17.103  34.865  7.93
6  1  ARG  CG  0.835  18.428  35.141  32.07
7  1  ARG  CD  0.773  19.511  34.173  4.38
8  1  ARG  NE  -0.268  20.442  33.944  3.95
9  1  ARG  CZ  -1.548  20.577  34.25  47
10  1  ARG  NH1  -2.369  21.551  33.767  116.05
11  1  ARG  NH2  -2.064  19.665  35.08  62.62
12  1  ARG  H  1.963  15.294  33.3  176.38
13  1  ARG  H2  1.733  16.223  32.207  2.2
14  1  ARG  H3  2.251  16.707  33.475  32.17
15  1  ARG  HA  -0.013  15.461  33.798  26.92
16  1  ARG  HB2  -0.767  17.237  34.997  49.46
17  1  ARG  HB3  0.487  16.503  35.565  4.52
18  1  ARG  HG2  0.454  18.764  35.967  1.85
19  1  ARG  HG3  1.774  18.253  35.312  2.28
20  1  ARG  HD2  1.556  20.054  34.357  1.96
21  1  ARG  HD3  0.919  19.085  33.314  1.96
22  1  ARG  HE  0.009  21.107  33.474  3.55
23  1  ARG  HH11  -2.063  22.139  33.219  3.55
24  1  ARG  HH12  -3.194  21.578  34.01  120.72
25  1  ARG  HH21  -1.568  19.032  35.386  62.79
26  1  ARG  HH22  -2.892  19.711  35.308  175.2
27  2  LYS  N  -1.407  17.835  32.768  4.75
28  2  LYS  CA  -2.341  18.596  31.964  32.48
29  2  LYS  C  -3.73  18.457  32.632  20.82
30  2  LYS  O  -4.409  17.428  32.588  20.78
31  2  LYS  CB  -2.417  18.4  30.479  8.39
32  2  LYS  CG  -2.175  19.648  29.612  4.06
33  2  LYS  CD  -3.3  20.574  29.304  2.03
34  2  LYS  CE  -4.104  21.081  30.476  8.53
35  2  LYS  NZ  -5.492  21.508  30.095  29.32
36  2  LYS  H  -1.508  18.042  33.597  36.27
37  2  LYS  HA  -1.976  19.495  31.968  1.68
38  2  LYS  HB2  -1.768  17.724  30.228  1.36
39  2  LYS  HB3  -3.294  18.045  30.263  1.36
40  2  LYS  HG2  -1.483  20.17  30.046  122.96
41  2  LYS  HG3  -1.812  19.344  28.765  50.52
42  2  LYS  HD2  -2.94  21.34  28.83  173.18
43  2  LYS  HD3  -3.905  20.123  28.695  2.16
44  2  LYS  HE2  -4.159  20.385  31.149  38.63
45  2  LYS  HE3  -3.64  21.831  30.88  2.5
46  2  LYS  HZ1  -5.638  22.337  30.384  119.44
47  2  LYS  HZ2  -5.578  21.484  29.209  114.13
48  2  LYS  HZ3  -6.085  20.957  30.465  8.67
49  3  ARG  N  -4.046  19.584  33.256  5.03
50  3  ARG  CA  -5.262  19.83  34.008  2.81
51  3  ARG  C  -6.499  19.265  33.317  3.08
52  3  ARG  O  -6.912  19.773  32.253  7.26
53  3  ARG  CB  -5.465  21.32  34.349  7.79
54  3  ARG  CG  -5.224  21.633  35.833  8.53
55  3  ARG  CD  -6.421  22.22  36.461  64.84
56  3  ARG  NE  -6.365  23.623  36.767  178.12
57  3  ARG  CZ  -7.311  24.434  37.279  1.85
58  3  ARG  NH1  -7.087  25.752  37.489  31.75
59  3  ARG  NH2  -8.534  23.944  37.582  27.39
60  3  ARG  H  -3.522  20.266  33.25  50.43
61  3  ARG  HA  -5.145  19.354  34.845  4.12
62  3  ARG  HB2  -4.863  21.855  33.809  1.82
63  3  ARG  HB3  -6.368  21.581  34.111  1.9
64  3  ARG  HG2  -4.977  20.82  36.301  1.51
65  3  ARG  HG3  -4.478  22.247  35.919  1.88
66  3  ARG  HD2  -7.177  22.068  35.873  3.88
67  3  ARG  HD3  -6.6  21.737  37.283  3.92
68  3  ARG  HE  -5.612  24.003  36.597  121.03
69  3  ARG  HH11  -6.323  26.095  37.294  55.76
70  3  ARG  HH12  -7.709  26.247  37.817  177.96
71  3  ARG  HH21  -8.71  23.113  37.448  1.42
72  3  ARG  HH22  -9.136  24.463  37.909  18.46
73  4  VAL  N  -7.054  18.222  33.948  8.24
74  4  VAL  CA  -8.294  17.615  33.353  4.02
75  4  VAL  C  -9.46  18.242  34.101  3.93
76  4  VAL  O  -9.179  19.167  34.906  2.32
77  4  VAL  CB  -8.12  16.098  33.433  2.32
78  4  VAL  CG1  -9.306  15.364  32.848  116.73
79  4  VAL  CG2  -6.785  15.711  32.827  58.39
80  4  VAL  H  -6.765  17.86  34.673  178.27
81  4  VAL  HA  -8.466  17.791  32.415  59.86
82  4  VAL  HB  -8.101  15.819  34.362  29.48
83  4  VAL  HG11  -9.16  14.407  32.916  35.69
84  4  VAL  HG12  -10.109  15.604  33.337  32.59
85  4  VAL  HG13  -9.411  15.609  31.915  26.27
86  4  VAL  HG21  -6.673  14.749  32.877  29.57
87  4  VAL  HG22  -6.757  15.991  31.899  7.3
88  4  VAL  HG23  -6.069  16.145  33.317  4.14
89  5  ALA  N  -10.687  17.858  33.833  2.03
90  5  ALA  CA  -11.768  18.512  34.635  63.09
91  5  ALA  C  -12.885  17.473  34.687  177.29
92  5  ALA  O  -13.7  17.428  33.77  2.32
93  5  ALA  CB  -12.099  19.862  34.13  31.89
94  5  ALA  H  -10.93  17.275  33.249  55.74
95  5  ALA  HA  -11.516  18.733  35.545  176.09
96  5  ALA  HB1  -12.801  20.249  34.676  1.68
97  5  ALA  HB2  -11.311  20.425  34.171  38.7
98  5  ALA  HB3  -12.403  19.798  33.211  2.92
99  6  LEU  N  -12.776  16.672  35.773  121.25
100  6  LEU  CA  -13.657  15.53  36.007  55.99
101  6  LEU  C  -14.922  15.988  36.697  176.69
102  6  LEU  O  -14.731  16.292  37.875  4.3
103  6  LEU  CB  -12.974  14.413  36.785  31.59
104  6  LEU  CG  -13.018  12.963  36.351  2.71
105  6  LEU  CD1  -12.62  11.984  37.492  6.8
106  6  LEU  CD2  -14.365  12.545  35.833  7.75
107  6  LEU  H  -12.185  16.786  36.387  8.21
108  6  LEU  HA  -13.887  15.154  35.143  60.56
109  6  LEU  HB2  -12.036  14.654  36.848  174.65
110  6  LEU  HB3  -13.335  14.443  37.685  1.93
111  6  LEU  HG  -12.368  12.91  35.633  39.48
112  6  LEU  HD11  -12.664  11.072  37.166  116.64
113  6  LEU  HD12  -11.716  12.179  37.786  60.55
114  6  LEU  HD13  -13.232  12.09  38.237  132.33
115  6  LEU  HD21  -14.336  11.612  35.571  57.46
116  6  LEU  HD22  -15.031  12.664  36.528  130.24
117  6  LEU  HD23  -14.6  13.089  35.065  128.63
118  7  PHE  N  -16.026  16.02  36.003  123.35
119  7  PHE  CA  -17.291  16.421  36.673  55.99
120  7  PHE  C  -18.009  15.089  36.868  175.49
121  7  PHE  O  -17.87  14.287  35.952  3.23
122  7  PHE  CB  -18.073  17.452  35.906  32.99
123  7  PHE  CG  -17.317  18.741  35.761  6.89
124  7  PHE  CD1  -17.648  19.806  36.579  2.44
125  7  PHE  CD2  -16.303  18.799  34.791  6.61
126  7  PHE  CE1  -16.93  20.979  36.454  6.81
127  7  PHE  CE2  -15.569  19.993  34.65  116.28
128  7  PHE  CZ  -15.888  21.065  35.516  60.18
129  7  PHE  H  -16.093  15.825  35.168  8.34
130  7  PHE  HA  -17.15  16.883  37.514  66.84
131  7  PHE  HB2  -18.289  17.104  35.027  30.57
132  7  PHE  HB3  -18.914  17.621  36.359  29.39
133  7  PHE  HD1  -18.338  19.734  37.199  44.09
134  7  PHE  HD2  -16.12  18.063  34.252  22.97
135  7  PHE  HE1  -17.136  21.711  36.99  21.47
136  7  PHE  HE2  -14.899  20.074  34.01  8.1
137  7  PHE  HZ  -15.393  21.85  35.463  3.6
138  8  THR  N  -18.677  14.896  37.945  122.75
139  8  THR  CA  -19.333  13.62  38.241  55.39
140  8  THR  C  -20.718  13.813  38.768  176.39
141  8  THR  O  -21.039  14.85  39.352  1.99
142  8  THR  CB  -18.378  12.956  39.348  30.99
143  8  THR  OG1  -17.281  12.45  38.519  2.21
144  8  THR  CG2  -18.939  11.894  40.259  3.2
145  8  THR  H  -18.782  15.494  38.554  8.14
146  8  THR  HA  -19.442  13.068  37.451  7.93
147  8  THR  HB  -18.152  13.615  40.023  180.18
148  8  THR  HG1  -16.71  12.076  39.008  108.85
149  8  THR  HG21  -18.247  11.592  40.868  18.28
150  8  THR  HG22  -19.679  12.261  40.767  8.25
151  8  THR  HG23  -19.252  11.145  39.729  117.59
152  9  ASP  N  -21.531  12.794  38.562  124.05
153  9  ASP  CA  -22.917  12.749  39.072  60.39
154  9  ASP  C  -23.445  11.328  38.841  173.69
155  9  ASP  O  -23.015  10.576  37.931  31.55
156  9  ASP  CB  -23.851  13.869  38.716  35.69
157  9  ASP  CG  -24.439  14.535  39.978  22.76
158  9  ASP  OD1  -24.587  15.768  40.045  7.92
159  9  ASP  OD2  -24.738  13.738  40.897  3.58
160  9  ASP  H  -21.304  12.093  38.118  8.62
161  9  ASP  HA  -22.88  12.944  40.022  24.27
162  9  ASP  HB2  -23.378  14.532  38.189  25.87
163  9  ASP  HB3  -24.571  13.528  38.163  8.04
164  10  GLY  N  -24.288  11.004  39.803  128.95
165  10  GLY  CA  -24.941  9.663  39.86  50.19
166  10  GLY  C  -26.35  9.999  40.387  174.49
167  10  GLY  O  -26.473  10.97  41.153  118.96
168  10  GLY  H  -24.51  11.533  40.444  8.13
169  10  GLY  HA2  -24.973  9.24  38.988  179.62
170  10  GLY  HA3  -24.469  9.057  40.452  60
171  11  ALA  N  -27.272  9.245  39.869  125.05
172  11  ALA  CA  -28.69  9.265  40.184  52.69
173  11  ALA  C  -29.115  7.785  40.385  173.49
174  11  ALA  O  -28.5  6.856  39.886  25.47
175  11  ALA  CB  -29.595  9.905  39.212  8.02
176  11  ALA  H  -27.083  8.654  39.273  8.73
177  11  ALA  HA  -28.783  9.826  40.97  1.13
178  11  ALA  HB1  -30.508  9.853  39.536  1.79
179  11  ALA  HB2  -29.345  10.835  39.1  1.75
180  11  ALA  HB3  -29.529  9.448  38.359  55.49
181  12  CYS  N  -30.122  7.691  41.209  126.45
182  12  CYS  CA  -30.734  6.395  41.591  55.69
183  12  CYS  C  -32.204  6.693  41.896  176.59
184  12  CYS  O  -32.525  7.851  42.215  31.95
185  12  CYS  CB  -29.98  5.662  42.677  40.49
186  12  CYS  SG  -30.607  3.995  42.929  110
187  12  CYS  H  -30.492  8.372  41.581  9.19
188  12  CYS  HA  -30.68  5.754  40.865  178.27
189  12  CYS  HB2  -29.039  5.621  42.444  4.47
190  12  CYS  HB3  -30.045  6.16  43.507  30.77
191  12  CYS  HG  -29.701  3.267  43.227  22.36
192  13  LEU  N  -33.027  5.677  41.733  111.55
193  13  LEU  CA  -34.471  5.806  41.922  59.99
194  13  LEU  C  -35.149  4.933  42.942  175.19
195  13  LEU  O  -36.399  4.733  42.873  1.59
196  13  LEU  CB  -35.033  5.712  40.479  71.09
197  13  LEU  CG  -35.282  6.996  39.739  4.53
198  13  LEU  CD1  -34.276  8.088  39.967  2.94
199  13  LEU  CD2  -35.201  6.621  38.253  2.9
200  13  LEU  H  -32.771  4.887  41.509  7.9
201  13  LEU  HA  -34.672  6.647  42.362  116.26
202  13  LEU  HB2  -34.416  5.18  39.953  120.53
203  13  LEU  HB3  -35.87  5.222  40.516  59.06
204  13  LEU  HG  -36.13  7.351  40.048  178.15
205  13  LEU  HD11  -34.524  8.87  39.449  63.81
206  13  LEU  HD12  -34.256  8.318  40.909  32.28
207  13  LEU  HD13  -33.398  7.782  39.69  25.43
208  13  LEU  HD21  -35.354  7.411  37.711  29.14
209  13  LEU  HD22  -34.322  6.26  38.058  41.82
210  13  LEU  HD23  -35.876  5.955  38.05  3.93
211  14  GLY  N  -34.46  4.399  43.907  121.55
212  14  GLY  CA  -35.031  3.56  44.991  53.99
213  14  GLY  C  -33.93  3.415  46.039  173.19
214  14  GLY  O  -32.873  4.086  46.06  1.93
215  14  GLY  H  -33.609  4.503  43.977  8.83
216  14  GLY  HA2  -35.82  3.976  45.372  1.61
217  14  GLY  HA3  -35.303  2.693  44.652  1.7
218  15  ASN  N  -34.222  2.498  46.944  106.45
219  15  ASN  CA  -33.237  2.165  48.02  45.09
220  15  ASN  C  -33.362  0.679  48.394  170.59
221  15  ASN  O  -33.918  0.383  49.452  174.18
222  15  ASN  CB  -33.364  3.113  49.203  130.75
223  15  ASN  CG  -32.264  2.828  50.231  63.71
224  15  ASN  OD1  -31.199  2.338  49.841  114.41
225  15  ASN  ND2  -32.522  3.154  51.5  55.79
226  15  ASN  H  -34.959  2.055  46.973  8.28
227  15  ASN  HA  -32.335  2.297  47.689  8.37
228  15  ASN  HB2  -33.301  4.032  48.898  28.3
229  15  ASN  HB3  -34.236  3.011  49.616  34.19
230  15  ASN  HD21  -31.926  3.025  52.107  3.9
231  15  ASN  HD22  -33.284  3.493  51.711  119.91
232  16  PRO  N  -32.871  -0.238  47.574  122.25
233  16  PRO  CA  -32.196  0.034  46.305  51.59
234  16  PRO  C  -33.197  0.341  45.181  4.31
235  16  PRO  O  -34.43  0.331  45.38  2.02
236  16  PRO  CB  -31.346  -1.201  46.108  22.89
237  16  PRO  CG  -32.071  -2.305  46.777  2.42
238  16  PRO  CD  -32.942  -1.664  47.85  2.57
239  16  PRO  HA  -31.647  0.834  46.3  6.81
240  16  PRO  HB2  -31.22  -1.389  45.165  7.42
241  16  PRO  HB3  -30.464  -1.081  46.493  115.47
242  16  PRO  HG2  -32.613  -2.797  46.141  57.12
243  16  PRO  HG3  -31.45  -2.938  47.17  175.94
244  16  PRO  HD2  -33.855  -1.988  47.803  178.73
245  16  PRO  HD3  -32.614  -1.868  48.74  29.61
246  17  GLY  N  -32.632  0.716  44.035  24.86
247  17  GLY  CA  -33.253  1.064  42.798  51.19
248  17  GLY  C  -32.324  1.065  41.597  177.49
249  17  GLY  O  -31.122  0.718  41.625  5.5
250  17  GLY  H  -31.776  0.774  43.975  8.38
251  17  GLY  HA2  -33.979  0.443  42.629  4.09
252  17  GLY  HA3  -33.648  1.945  42.886  1.94
253  18  PRO  N  -32.905  1.455  40.466  120.95
254  18  PRO  CA  -32.103  1.56  39.227  53.69
255  18  PRO  C  -31.564  2.999  39.289  1.42
256  18  PRO  O  -32.265  3.941  39.673  1.74
257  18  PRO  CB  -33.097  1.36  38.114  1.96
258  18  PRO  CG  -34.341  2.014  38.721  3.06
259  18  PRO  CD  -34.278  1.889  40.225  3.06
260  18  PRO  HA  -31.373  0.933  39.108  2.25
261  18  PRO  HB2  -32.819  1.791  37.291  7.24
262  18  PRO  HB3  -33.237  0.422  37.91  6.8
263  18  PRO  HG2  -34.388  2.948  38.464  117.73
264  18  PRO  HG3  -35.143  1.586  38.383  56.74
265  18  PRO  HD2  -34.469  2.733  40.663  175.73
266  18  PRO  HD3  -34.921  1.244  40.558  120.79
267  19  GLY  N  -30.314  3.064  38.968  33.2
268  19  GLY  CA  -29.51  4.261  38.897  44.19
269  19  GLY  C  -28.573  4.133  37.657  171.19
270  19  GLY  O  -28.426  3.062  37.05  41.96
271  19  GLY  H  -29.864  2.359  38.767  7.03
272  19  GLY  HA2  -30.075  5.046  38.817  8.3
273  19  GLY  HA3  -28.988  4.369  39.708  4.2
274  20  GLY  N  -28.016  5.295  37.377  116.75
275  20  GLY  CA  -27.051  5.441  36.322  50.59
276  20  GLY  C  -26.065  6.495  36.83  0.76
277  20  GLY  O  -26.494  7.183  37.735  1.42
278  20  GLY  H  -28.191  6.024  37.799  8.24
279  20  GLY  HA2  -26.603  4.601  36.137  1.69
280  20  GLY  HA3  -27.474  5.725  35.496  2.96
281  21  TRP  N  -24.896  6.525  36.26  2.96
282  21  TRP  CA  -23.911  7.558  36.601  62.89
283  21  TRP  C  -23.53  8.281  35.296  177.29
284  21  TRP  O  -24.186  8.262  34.237  114.58
285  21  TRP  CB  -22.702  6.999  37.299  119.77
286  21  TRP  CG  -22.284  5.751  36.62  50.77
287  21  TRP  CD1  -22.781  4.518  36.838  175.86
288  21  TRP  CD2  -21.283  5.63  35.591  175.3
289  21  TRP  NE1  -22.117  3.608  36.052  21.96
290  21  TRP  CE2  -21.221  4.268  35.247  7.7
291  21  TRP  CE3  -20.432  6.513  34.97  4.45
292  21  TRP  CZ2  -20.35  3.762  34.293  4.19
293  21  TRP  CZ3  -19.547  6.019  34.039  2.27
294  21  TRP  CH2  -19.51  4.688  33.694  1.65
295  21  TRP  H  -24.633  5.961  35.667  115.33
296  21  TRP  HA  -24.302  8.181  37.234  57.12
297  21  TRP  HB2  -21.979  7.646  37.285  173.76
298  21  TRP  HB3  -22.906  6.821  38.23  175.06
299  21  TRP  HD1  -23.469  4.314  37.43  64.22
300  21  TRP  HE1  -22.243  2.757  36.062  30.83
301  21  TRP  HE3  -20.454  7.42  35.174  8.66
302  21  TRP  HZ2  -20.331  2.859  34.07  4.42
303  21  TRP  HZ3  -18.953  6.606  33.629  4.03
304  21  TRP  HH2  -18.908  4.403  33.045  4.33
305  22  ALA  N  -22.42  8.957  35.403  106.65
306  22  ALA  CA  -21.906  9.772  34.291  45.49
307  22  ALA  C  -20.635  10.401  34.854  62.13
308  22  ALA  O  -20.61  10.654  36.116  179.06
309  22  ALA  CB  -23.009  10.778  33.938  2.3
310  22  ALA  H  -21.931  8.97  36.11  8.86
311  22  ALA  HA  -21.69  9.301  33.471  122.43
312  22  ALA  HB1  -22.712  11.34  33.205  8.47
313  22  ALA  HB2  -23.811  10.3  33.674  132.33
314  22  ALA  HB3  -23.202  11.331  34.711  3.98
315  23  ALA  N  -19.691  10.54  33.976  130.85
316  23  ALA  CA  -18.378  11.144  34.244  63.39
317  23  ALA  C  -18.084  12.021  33.021  176.59
318  23  ALA  O  -18.405  11.487  31.955  3.65
319  23  ALA  CB  -17.226  10.199  34.417  31.89
320  23  ALA  H  -19.779  10.28  33.161  3.04
321  23  ALA  HA  -18.443  11.605  35.095  124.38
322  23  ALA  HB1  -16.416  10.704  34.588  6.79
323  23  ALA  HB2  -17.402  9.608  35.166  174.53
324  23  ALA  HB3  -17.114  9.673  33.61  7.29
325  24  LEU  N  -17.624  13.22  33.195  108.85
326  24  LEU  CA  -17.338  14.064  32.058  45.09
327  24  LEU  C  -15.867  14.487  32.183  171.69
328  24  LEU  O  -15.616  15.156  33.186  176.08
329  24  LEU  CB  -18.254  15.284  31.872  2.09
330  24  LEU  CG  -18.132  15.916  30.448  29.86
331  24  LEU  CD1  -19.472  16.445  30  35.55
332  24  LEU  CD2  -17.099  17.025  30.38  6.51
333  24  LEU  H  -17.466  13.576  33.962  8.82
334  24  LEU  HA  -17.513  13.545  31.258  62.04
335  24  LEU  HB2  -19.174  15.02  32.027  9.22
336  24  LEU  HB3  -18.035  15.953  32.539  3.66
337  24  LEU  HG  -17.834  15.209  29.854  2.17
338  24  LEU  HD11  -19.387  16.835  29.116  2.17
339  24  LEU  HD12  -20.114  15.718  29.972  2.15
340  24  LEU  HD13  -19.778  17.122  30.624  2.15
341  24  LEU  HD21  -17.064  17.38  29.478  119.23
342  24  LEU  HD22  -17.343  17.733  30.997  59.21
343  24  LEU  HD23  -16.228  16.672  30.621  179.05
344  25  LEU  N  -15.116  14.159  31.155  105.85
345  25  LEU  CA  -13.695  14.498  31.135  45.29
346  25  LEU  C  -13.356  15.729  30.33  170.99
347  25  LEU  O  -12.716  15.553  29.294  1.83
348  25  LEU  CB  -12.957  13.17  30.789  1.37
349  25  LEU  CG  -12.724  12.262  32  1.37
350  25  LEU  CD1  -12.952  10.785  31.789  7.95
351  25  LEU  CD2  -11.264  12.485  32.442  3.99
352  25  LEU  H  -15.399  13.742  30.458  8.88
353  25  LEU  HA  -13.376  14.81  31.996  2.1
354  25  LEU  HB2  -13.473  12.686  30.126  2.23
355  25  LEU  HB3  -12.101  13.381  30.383  2.23
356  25  LEU  HG  -13.387  12.51  32.663  120.33
357  25  LEU  HD11  -12.776  10.309  32.616  54.67
358  25  LEU  HD12  -13.871  10.635  31.519  180.75
359  25  LEU  HD13  -12.355  10.461  31.097  175.81
360  25  LEU  HD21  -11.07  11.927  33.211  18.62
361  25  LEU  HD22  -10.666  12.252  31.715  8.61
362  25  LEU  HD23  -11.136  13.417  32.679  3.95
363  26  ARG  N  -13.624  16.94  30.77  117.65
364  26  ARG  CA  -13.321  18.213  30.107  54.39
365  26  ARG  C  -11.845  18.455  29.843  174.19
366  26  ARG  O  -11.078  19.022  30.616  114.4
367  26  ARG  CB  -13.914  19.366  30.921  32.89
368  26  ARG  CG  -14.172  20.711  30.266  174.74
369  26  ARG  CD  -13.377  21.808  30.866  22.59
370  26  ARG  NE  -13.997  22.551  31.962  62.22
371  26  ARG  CZ  -13.398  23.439  32.763  1.57
372  26  ARG  NH1  -14.063  24.077  33.72  8.79
373  26  ARG  NH2  -12.102  23.763  32.662  3.37
374  26  ARG  H  -14.02  17.06  31.524  8.43
375  26  ARG  HA  -13.731  18.165  29.229  3.13
376  26  ARG  HB2  -14.758  19.057  31.285  9.73
377  26  ARG  HB3  -13.321  19.521  31.673  123.05
378  26  ARG  HG2  -13.967  20.649  29.32  55.87
379  26  ARG  HG3  -15.115  20.925  30.338  177.92
380  26  ARG  HD2  -12.542  21.434  31.189  122.46
381  26  ARG  HD3  -13.153  22.438  30.163  37.06
382  26  ARG  HE  -14.832  22.402  32.106  118.03
383  26  ARG  HH11  -14.901  23.923  33.837  55.11
384  26  ARG  HH12  -13.655  24.644  34.222  173.44
385  26  ARG  HH21  -11.612  23.394  32.059  8.23
386  26  ARG  HH22  -11.76  24.34  33.2  4.4
387  27  PHE  N  -11.402  18.048  28.676  119.05
388  27  PHE  CA  -10.09  18.109  28.087  51.99
389  27  PHE  C  -9.82  19.474  27.455  174.39
390  27  PHE  O  -10.749  20.275  27.27  1.71
391  27  PHE  CB  -9.732  17.116  26.979  22.99
392  27  PHE  CG  -9.524  15.776  27.611  58.41
393  27  PHE  CD1  -10.531  14.826  27.529  177.31
394  27  PHE  CD2  -8.328  15.524  28.291  2.62
395  27  PHE  CE1  -10.377  13.575  28.124  28.43
396  27  PHE  CE2  -8.141  14.263  28.875  33.4
397  27  PHE  CZ  -9.187  13.311  28.787  25.85
398  27  PHE  H  -11.95  17.673  28.13  8.87
399  27  PHE  HA  -9.554  17.893  28.866  119.37
400  27  PHE  HB2  -10.442  17.074  26.319  7.52
401  27  PHE  HB3  -8.929  17.401  26.515  3.97
402  27  PHE  HD1  -11.316  15.026  27.073  2.07
403  27  PHE  HD2  -7.671  16.179  28.354  2.07
404  27  PHE  HE1  -11.052  12.936  28.078  2.25
405  27  PHE  HE2  -7.346  14.056  29.311  2.46
406  27  PHE  HZ  -9.072  12.48  29.188  6.75
407  28  HSE  N  -8.538  19.494  27.166  123.75
408  28  HSE  CA  -7.836  20.677  26.588  50.19
409  28  HSE  C  -8.798  21.303  25.616  174.19
410  28  HSE  O  -9.183  22.458  25.85  178.06
411  28  HSE  CB  -6.451  20.377  26.033  22.19
412  28  HSE  CG  -5.838  19.184  26.77  42.13
413  28  HSE  ND1  -5.459  19.174  28.091  25.75
414  28  HSE  CD2  -5.592  17.926  26.293  24.01
415  28  HSE  CE1  -5.022  17.966  28.393  23.77
416  28  HSE  NE2  -5.064  17.195  27.325  7.5
417  29  ALA  N  -9.214  20.474  24.648  125.25
418  29  ALA  CA  -10.247  21.026  23.717  53.19
419  29  ALA  C  -11.022  19.851  23.151  174.99
420  29  ALA  O  -10.712  19.343  22.077  1.13
421  29  ALA  CB  -9.659  22.006  22.763  45.69
422  29  ALA  H  -8.951  19.667  24.509  9.3
423  29  ALA  HA  -10.904  21.581  24.165  5.14
424  29  ALA  HB1  -10.354  22.343  22.176  2.11
425  29  ALA  HB2  -9.267  22.743  23.257  1.26
426  29  ALA  HB3  -8.972  21.571  22.234  1.32
427  30  HSE  N  -11.996  19.449  23.944  128.95
428  30  HSE  CA  -12.928  18.35  23.711  53.99
429  30  HSE  C  -13.33  17.644  25.012  175.79
430  30  HSE  O  -12.55  17.453  25.936  9.04
431  30  HSE  CB  -12.498  17.293  22.648  44.29
432  30  HSE  CG  -11.384  16.416  23.137  29.21
433  30  HSE  ND1  -11.576  15.141  23.568  17.01
434  30  HSE  CD2  -10.08  16.691  23.298  54.8
435  30  HSE  CE1  -10.432  14.626  23.955  8.47
436  30  HSE  NE2  -9.506  15.559  23.791  3.27
437  31  GLU  N  -14.543  17.22  25.13  123.55
438  31  GLU  CA  -15.133  16.552  26.258  55.49
439  31  GLU  C  -15.287  15.098  25.882  175.59
440  31  GLU  O  -15.186  14.784  24.726  41.25
441  31  GLU  CB  -16.529  17.081  26.552  32.59
442  31  GLU  CG  -16.508  18.507  27.154  174.86
443  31  GLU  CD  -17.503  19.454  26.591  4.67
444  31  GLU  OE1  -18.689  19.18  26.445  42.67
445  31  GLU  OE2  -16.964  20.528  26.241  1.95
446  31  GLU  H  -15.11  17.321  24.491  9.34
447  31  GLU  HA  -14.57  16.691  27.035  56.48
448  31  GLU  HB2  -17.049  17.087  25.733  177.62
449  31  GLU  HB3  -16.976  16.48  27.168  2.86
450  31  GLU  HG2  -16.654  18.439  28.11  37.94
451  31  GLU  HG3  -15.622  18.881  27.028  3.03
452  32  LYS  N  -15.487  14.309  26.883  126.15
453  32  LYS  CA  -15.646  12.823  26.696  56.19
454  32  LYS  C  -16.519  12.438  27.899  175.19
455  32  LYS  O  -16.026  12.698  28.997  4.38
456  32  LYS  CB  -14.258  12.261  26.722  39.99
457  32  LYS  CG  -14.003  10.77  26.897  2.73
458  32  LYS  CD  -12.476  10.644  27.035  23.64
459  32  LYS  CE  -12.139  9.18  27.206  9.66
460  32  LYS  NZ  -12.149  8.494  25.899  118.15
461  32  LYS  H  -15.541  14.573  27.7  8.39
462  32  LYS  HA  -16.057  12.504  25.877  176.37
463  32  LYS  HB2  -13.833  12.523  25.891  42.42
464  32  LYS  HB3  -13.785  12.713  27.438  29.35
465  32  LYS  HG2  -14.457  10.425  27.682  53.87
466  32  LYS  HG3  -14.33  10.265  26.136  172.46
467  32  LYS  HD2  -12.034  11.004  26.25  122.42
468  32  LYS  HD3  -12.161  11.155  27.797  138.93
469  32  LYS  HE2  -11.266  9.089  27.619  24.68
470  32  LYS  HE3  -12.78  8.762  27.802  7.6
471  32  LYS  HZ1  -11.949  7.634  26.013  4.03
472  32  LYS  HZ2  -12.957  8.564  25.533  2.43
473  32  LYS  HZ3  -11.547  8.869  25.362  3.21
474  33  LEU  N  -17.739  12.015  27.706  121.55
475  33  LEU  CA  -18.609  11.665  28.796  58.39
476  33  LEU  C  -19.023  10.195  28.685  175.79
477  33  LEU  O  -19.572  9.78  27.655  2.29
478  33  LEU  CB  -19.747  12.633  28.905  28.79
479  33  LEU  CG  -21.076  12.12  29.417  66.29
480  33  LEU  CD1  -21.485  12.772  30.703  177.08
481  33  LEU  CD2  -22.11  12.527  28.344  1.47
482  33  LEU  H  -18.094  11.92  26.928  9.05
483  33  LEU  HA  -18.136  11.743  29.639  30.11
484  33  LEU  HB2  -19.465  13.357  29.486  16.59
485  33  LEU  HB3  -19.896  13.016  28.026  4.07
486  33  LEU  HG  -21.017  11.165  29.578  8.4
487  33  LEU  HD11  -22.339  12.413  30.991  3.66
488  33  LEU  HD12  -20.815  12.596  31.382  2.21
489  33  LEU  HD13  -21.566  13.729  30.569  1.12
490  33  LEU  HD21  -22.992  12.225  28.613  1.96
491  33  LEU  HD22  -22.114  13.492  28.248  1.37
492  33  LEU  HD23  -21.874  12.119  27.496  35.69
493  34  LEU  N  -18.727  9.521  29.794  120.25
494  34  LEU  CA  -18.991  8.11  30.039  52.29
495  34  LEU  C  -20.215  7.971  30.956  176.69
496  34  LEU  O  -20.161  8.687  31.953  8.7
497  34  LEU  CB  -17.792  7.446  30.694  18.89
498  34  LEU  CG  -16.471  7.364  29.952  60.37
499  34  LEU  CD1  -15.674  8.579  30.347  178.33
500  34  LEU  CD2  -15.782  6.068  30.335  2.07
501  34  LEU  H  -18.343  9.901  30.463  8.48
502  34  LEU  HA  -19.162  7.674  29.19  37.04
503  34  LEU  HB2  -17.625  7.911  31.529  119.71
504  34  LEU  HB3  -18.052  6.539  30.921  57.35
505  34  LEU  HG  -16.579  7.358  28.988  177.54
506  34  LEU  HD11  -14.817  8.566  29.893  8.48
507  34  LEU  HD12  -16.16  9.38  30.097  3.79
508  34  LEU  HD13  -15.531  8.574  31.306  2.04
509  34  LEU  HD21  -14.935  6.001  29.868  2.1
510  34  LEU  HD22  -15.625  6.055  31.292  2.1
511  34  LEU  HD23  -16.345  5.317  30.091  2.56
512  35  SER  N  -21.163  7.16  30.677  116.05
513  35  SER  CA  -22.366  6.944  31.415  55.49
514  35  SER  C  -22.748  5.469  31.283  172.99
515  35  SER  O  -22.666  4.905  30.217  8.61
516  35  SER  CB  -23.484  7.835  30.968  31.29
517  35  SER  OG  -23.562  8.052  29.629  34.06
518  35  SER  H  -21.127  6.662  29.977  7.53
519  35  SER  HA  -22.208  7.169  32.345  112.89
520  35  SER  HB2  -24.323  7.449  31.266  45.12
521  35  SER  HB3  -23.391  8.692  31.413  7.71
522  35  SER  HG  -24.305  8.397  29.444  4.05
523  36  GLY  N  -23.113  4.896  32.396  120.35
524  36  GLY  CA  -23.524  3.518  32.616  54.29
525  36  GLY  C  -24.677  3.662  33.661  175.49
526  36  GLY  O  -24.906  4.769  34.167  2.47
527  36  GLY  H  -23.132  5.345  33.129  8.42
528  36  GLY  HA2  -23.831  3.099  31.797  9.05
529  36  GLY  HA3  -22.796  2.975  32.956  118.95
530  37  GLY  N  -25.286  2.514  33.884  122.25
531  37  GLY  CA  -26.403  2.328  34.816  55.59
532  37  GLY  C  -26.534  0.827  35.171  173.19
533  37  GLY  O  -26.321  0.01  34.271  37.4
534  37  GLY  H  -25.058  1.787  33.485  8.83
535  37  GLY  HA2  -26.256  2.849  35.621  55.74
536  37  GLY  HA3  -27.227  2.649  34.417  130.44
537  38  GLU  N  -26.809  0.591  36.436  129.05
538  38  GLU  CA  -26.968  -0.762  37.006  53.79
539  38  GLU  C  -28.467  -0.813  37.237  175.39
540  38  GLU  O  -28.968  0.323  37.138  8.47
541  38  GLU  CB  -26.185  -0.9  38.253  4.61
542  38  GLU  CG  -25.396  -2.138  38.664  3.4
543  38  GLU  CD  -24.334  -2.011  39.723  3.76
544  38  GLU  OE1  -24.313  -2.654  40.782  3.2
545  38  GLU  OE2  -23.428  -1.194  39.391  7.24
546  38  GLU  H  -26.914  1.219  37.014  8.62
547  38  GLU  HA  -26.646  -1.486  36.447  7.36
548  38  GLU  HB2  -25.548  -0.169  38.248  7.2
549  38  GLU  HB3  -26.807  -0.729  38.977  120.69
550  38  GLU  HG2  -26.033  -2.803  38.967  58.03
551  38  GLU  HG3  -24.973  -2.493  37.867  178.97
552  39  ALA  N  -29.1  -1.927  37.422  129.85
553  39  ALA  CA  -30.533  -2.096  37.61  53.59
554  39  ALA  C  -31.169  -1.834  38.969  175.29
555  39  ALA  O  -32.283  -1.276  39.011  21.94
556  39  ALA  CB  -30.913  -3.534  37.185  44.19
557  39  ALA  H  -28.682  -2.678  37.446  9.51
558  39  ALA  HA  -30.892  -1.379  37.064  4.13
559  39  ALA  HB1  -31.867  -3.665  37.304  1.34
560  39  ALA  HB2  -30.682  -3.668  36.252  1.84
561  39  ALA  HB3  -30.429  -4.172  37.732  1.84
562  40  CYS  N  -30.589  -2.328  40.029  113.45
563  40  CYS  CA  -30.833  -2.254  41.455  56.59
564  40  CYS  C  -29.443  -1.904  42.094  172.49
565  40  CYS  O  -28.481  -2.674  41.904  118.41
566  40  CYS  CB  -31.331  -3.504  42.142  65.99
567  40  CYS  SG  -33.081  -3.538  42.519  175.74
568  40  CYS  H  -29.895  -2.82  39.902  7.85
569  40  CYS  HA  -31.547  -1.608  41.576  56.12
570  40  CYS  HB2  -31.123  -4.267  41.58  177.24
571  40  CYS  HB3  -30.837  -3.618  42.969  1.08
572  40  CYS  HG  -33.355  -4.575  43.058  40.78
573  41  THR  N  -29.392  -0.782  42.738  105.55
574  41  THR  CA  -28.263  -0.178  43.369  45.19
575  41  THR  C  -28.74  1.075  44.129  170.49
576  41  THR  O  -29.9  1.421  44.208  7.78
577  41  THR  CB  -27.159  0.427  42.398  4.56
578  41  THR  OG1  -27.881  0.955  41.247  2.72
579  41  THR  CG2  -26.004  -0.481  42.08  2.8
580  41  THR  H  -30.097  -0.297  42.829  6.39
581  41  THR  HA  -27.883  -0.9  43.893  63.99
582  41  THR  HB  -26.676  1.14  42.845  175.94
583  41  THR  HG1  -27.335  1.289  40.703  30.27
584  41  THR  HG21  -25.388  -0.025  41.485  70
585  41  THR  HG22  -25.544  -0.719  42.9  9.21
586  41  THR  HG23  -26.333  -1.285  41.649  20.38
587  42  THR  N  -27.669  1.749  44.545  104.45
588  42  THR  CA  -27.756  2.923  45.369  46.39
589  42  THR  C  -26.938  4.143  45.017  172.59
590  42  THR  O  -25.726  4.156  44.816  129.31
591  42  THR  CB  -27.3  2.478  46.866  62.81
592  42  THR  OG1  -25.836  2.368  46.821  174.96
593  42  THR  CG2  -27.928  1.212  47.406  54.81
594  42  THR  H  -26.863  1.523  44.347  7.96
595  42  THR  HA  -28.673  3.217  45.251  54.45
596  42  THR  HB  -27.617  3.149  47.491  173.7
597  42  THR  HG1  -25.549  2.14  47.577  1.56
598  42  THR  HG21  -27.59  1.038  48.299  38.87
599  42  THR  HG22  -28.892  1.318  47.44  1.88
600  42  THR  HG23  -27.705  0.467  46.826  129.56
601  43  ASN  N  -27.628  5.267  45.172  118.15
602  43  ASN  CA  -27.029  6.579  45.046  55.39
603  43  ASN  C  -25.517  6.551  45.313  175.29
604  43  ASN  O  -24.723  6.978  44.435  2.7
605  43  ASN  CB  -27.732  7.552  45.994  34.59
606  43  ASN  CG  -29.068  8.041  45.491  6.88
607  43  ASN  OD1  -30.069  7.324  45.703  7.52
608  43  ASN  ND2  -29.121  9.22  44.879  116.1
609  43  ASN  H  -28.468  5.284  45.356  8.21
610  43  ASN  HA  -27.145  6.879  44.131  176.12
611  43  ASN  HB2  -27.859  7.118  46.852  2.56
612  43  ASN  HB3  -27.154  8.316  46.145  33.25
613  43  ASN  HD21  -29.875  9.528  44.604  35.95
614  43  ASN  HD22  -28.401  9.674  44.758  8.21
615  44  ASN  N  -25.109  6.109  46.491  123.85
616  44  ASN  CA  -23.693  6.128  46.917  54.89
617  44  ASN  C  -22.826  5.331  45.955  178.19
618  44  ASN  O  -21.787  5.9  45.552  4.62
619  44  ASN  CB  -23.458  5.85  48.378  19.39
620  44  ASN  CG  -24.52  6.414  49.296  2.07
621  44  ASN  OD1  -25.667  5.924  49.378  2.21
622  44  ASN  ND2  -24.212  7.504  49.971  2.4
623  44  ASN  H  -25.643  5.783  47.082  8.28
624  44  ASN  HA  -23.398  7.05  46.854  68.17
625  44  ASN  HB2  -23.407  4.89  48.51  176.02
626  44  ASN  HB3  -22.597  6.217  48.632  5.34
627  44  ASN  HD21  -24.802  7.881  50.471  66.61
628  44  ASN  HD22  -23.422  7.838  49.912  1.62
629  45  ARG  N  -23.277  4.148  45.596  110.25
630  45  ARG  CA  -22.471  3.377  44.649  56.89
631  45  ARG  C  -22.463  4.045  43.274  173.09
632  45  ARG  O  -21.455  3.911  42.569  4.29
633  45  ARG  CB  -22.938  1.961  44.437  62.19
634  45  ARG  CG  -23.681  1.254  45.499  2.42
635  45  ARG  CD  -23.801  -0.203  45.151  119.59
636  45  ARG  NE  -22.579  -0.896  45.567  53.62
637  45  ARG  CZ  -21.945  -1.737  44.735  175.89
638  45  ARG  NH1  -20.847  -2.368  45.104  66.09
639  45  ARG  NH2  -22.444  -1.898  43.512  179.38
640  45  ARG  H  -24.006  3.78  45.866  7.7
641  45  ARG  HA  -21.59  3.353  45.054  30.74
642  45  ARG  HB2  -23.498  1.959  43.645  28.42
643  45  ARG  HB3  -22.154  1.428  44.232  50.22
644  45  ARG  HG2  -23.224  1.356  46.348  4.27
645  45  ARG  HG3  -24.563  1.644  45.603  1.37
646  45  ARG  HD2  -24.573  -0.59  45.593  2.17
647  45  ARG  HD3  -23.938  -0.309  44.197  1.93
648  45  ARG  HE  -22.263  -0.762  46.356  1.93
649  45  ARG  HH11  -20.524  -2.244  45.891  3.66
650  45  ARG  HH12  -20.454  -2.903  44.557  3.79
651  45  ARG  HH21  -23.152  -1.47  43.276  114.71
652  45  ARG  HH22  -22.059  -2.43  42.957  61.3
653  46  MET  N  -23.566  4.636  42.871  125.45
654  46  MET  CA  -23.729  5.261  41.553  59.69
655  46  MET  C  -22.979  6.585  41.573  172.19
656  46  MET  O  -22.669  7.045  40.476  9.05
657  46  MET  CB  -25.156  5.556  41.144  68.49
658  46  MET  CG  -25.891  4.401  40.595  133.08
659  46  MET  SD  -24.912  3.645  39.25  175.06
660  46  MET  CE  -24.02  2.342  40.145  118.32
661  46  MET  H  -24.269  4.693  43.363  9.29
662  46  MET  HA  -23.389  4.62  40.91  3.94
663  46  MET  HB2  -25.638  5.893  41.916  6.99
664  46  MET  HB3  -25.15  6.265  40.482  4.01
665  46  MET  HG2  -26.058  3.749  41.294  3.09
666  46  MET  HG3  -26.756  4.685  40.259  3.14
667  46  MET  HE1  -23.452  1.856  39.527  32.52
668  46  MET  HE2  -23.474  2.742  40.84  6.91
669  46  MET  HE3  -24.657  1.731  40.547  4.62
670  47  GLU  N  -22.763  7.134  42.769  107.25
671  47  GLU  CA  -22.059  8.438  42.749  57.89
672  47  GLU  C  -20.567  8.124  42.709  175.49
673  47  GLU  O  -19.729  8.874  42.12  57.63
674  47  GLU  CB  -22.424  9.33  43.867  72.89
675  47  GLU  CG  -23.781  9.909  44.175  173.99
676  47  GLU  CD  -23.862  10.504  45.56  36.67
677  47  GLU  OE1  -23.713  9.897  46.61  32
678  47  GLU  OE2  -24.08  11.733  45.567  32.42
679  47  GLU  H  -22.986  6.815  43.536  8.34
680  47  GLU  HA  -22.328  8.944  41.966  51.87
681  47  GLU  HB2  -22.162  8.853  44.67  131.78
682  47  GLU  HB3  -21.833  10.095  43.786  129.94
683  47  GLU  HG2  -23.992  10.593  43.521  8.36
684  47  GLU  HG3  -24.452  9.214  44.086  4.74
685  48  LEU  N  -20.289  6.993  43.342  121.75
686  48  LEU  CA  -18.913  6.475  43.441  57.79
687  48  LEU  C  -18.42  5.807  42.165  4.73
688  48  LEU  O  -17.296  6.11  41.673  7.12
689  48  LEU  CB  -18.847  5.674  44.712  38.89
690  48  LEU  CG  -17.549  5.152  45.256  7.55
691  48  LEU  CD1  -16.59  6.29  45.609  7.61
692  48  LEU  CD2  -17.875  4.376  46.542  116.85
693  48  LEU  H  -20.881  6.501  43.726  9.14
694  48  LEU  HA  -18.261  7.189  43.51  179.3
695  48  LEU  HB2  -19.242  6.221  45.408  118.18
696  48  LEU  HB3  -19.428  4.907  44.59  29.39
697  48  LEU  HG  -17.122  4.595  44.587  31.55
698  48  LEU  HD11  -15.763  5.921  45.957  1.79
699  48  LEU  HD12  -16.401  6.813  44.814  16.23
700  48  LEU  HD13  -16.997  6.86  46.281  8.36
701  48  LEU  HD21  -17.056  4.022  46.923  4.49
702  48  LEU  HD22  -18.298  4.971  47.181  2.21
703  48  LEU  HD23  -18.477  3.644  46.335  2.21
704  49  LYS  N  -19.181  4.928  41.592  116.05
705  49  LYS  CA  -18.87  4.214  40.338  55.79
706  49  LYS  C  -18.617  5.313  39.301  1.63
707  49  LYS  O  -17.864  5.122  38.326  1.64
708  49  LYS  CB  -20.028  3.35  39.914  36.99
709  49  LYS  CG  -19.867  1.875  39.552  119.82
710  49  LYS  CD  -20.082  1.6  38.03  59.5
711  49  LYS  CE  -20.941  0.398  37.708  179.64
712  49  LYS  NZ  -20.128  -0.836  37.724  124.07
713  49  LYS  H  -19.942  4.7  41.922  8.27
714  49  LYS  HA  -18.106  3.626  40.44  25.22
715  49  LYS  HB2  -20.68  3.389  40.631  29.21
716  49  LYS  HB3  -20.428  3.782  39.143  41.71
717  49  LYS  HG2  -18.98  1.578  39.808  6.94
718  49  LYS  HG3  -20.501  1.349  40.064  7.53
719  49  LYS  HD2  -20.486  2.385  37.628  4.27
720  49  LYS  HD3  -19.215  1.481  37.612  1.39
721  49  LYS  HE2  -21.661  0.326  38.353  1.59
722  49  LYS  HE3  -21.351  0.511  36.836  1.38
723  49  LYS  HZ1  -20.645  -1.535  37.533  1.45
724  49  LYS  HZ2  -19.48  -0.773  37.117  1.09
725  49  LYS  HZ3  -19.769  -0.945  38.531  1.37
726  50  ALA  N  -19.192  6.472  39.534  116.75
727  50  ALA  CA  -19.019  7.593  38.624  60.79
728  50  ALA  C  -17.631  8.173  38.687  2.34
729  50  ALA  O  -16.948  8.419  37.671  121.35
730  50  ALA  CB  -20.087  8.617  38.907  29.29
731  50  ALA  H  -19.69  6.637  40.216  7.25
732  50  ALA  HA  -19.119  7.279  37.712  64.2
733  50  ALA  HB1  -19.981  9.37  38.305  176
734  50  ALA  HB2  -20.961  8.218  38.775  19.1
735  50  ALA  HB3  -20.007  8.923  39.824  63.29
736  51  ALA  N  -17.159  8.432  39.89  117.65
737  51  ALA  CA  -15.81  9.004  40.078  57.69
738  51  ALA  C  -14.725  8.097  39.56  4.43
739  51  ALA  O  -13.741  8.588  38.99  4.1
740  51  ALA  CB  -15.601  9.248  41.56  36.29
741  51  ALA  H  -17.592  8.289  40.619  7.65
742  51  ALA  HA  -15.755  9.83  39.573  123.23
743  51  ALA  HB1  -14.719  9.624  41.705  63.8
744  51  ALA  HB2  -16.274  9.867  41.884  177.26
745  51  ALA  HB3  -15.677  8.409  42.04  61.93
746  52  ILE  N  -14.868  6.8  39.77  119.85
747  52  ILE  CA  -13.851  5.785  39.375  59.59
748  52  ILE  C  -13.731  5.583  37.875  16.84
749  52  ILE  O  -12.553  5.57  37.42  177.56
750  52  ILE  CB  -13.924  4.514  40.271  29.19
751  52  ILE  CG1  -13.915  3.217  39.41  3.89
752  52  ILE  CG2  -15.091  4.412  41.308  2.46
753  52  ILE  CD  -12.469  2.907  38.934  1.63
754  52  ILE  H  -15.561  6.461  40.15  8.32
755  52  ILE  HA  -12.973  6.147  39.574  4.25
756  52  ILE  HB  -13.123  4.609  40.809  1.41
757  52  ILE  HG21  -15.018  3.577  41.796  174.56
758  52  ILE  HG22  -15.038  5.155  41.929  124.89
759  52  ILE  HG23  -15.941  4.441  40.842  56.21
760  53  GLU  N  -14.839  5.451  37.137  116.95
761  53  GLU  CA  -14.796  5.29  35.661  57.69
762  53  GLU  C  -14.199  6.536  35.026  57.97
763  53  GLU  O  -13.431  6.482  34.05  179.55
764  53  GLU  CB  -16.099  4.914  34.996  41.99
765  53  GLU  CG  -16.749  3.589  35.311  40.43
766  53  GLU  CD  -16.198  2.264  34.955  8.47
767  53  GLU  OE1  -16.109  1.748  33.831  32.31
768  53  GLU  OE2  -15.865  1.552  35.951  4.46
769  53  GLU  H  -15.633  5.451  37.467  7.21
770  53  GLU  HA  -14.229  4.518  35.507  4.5
771  53  GLU  HB2  -16.742  5.609  35.207  2.81
772  53  GLU  HB3  -15.953  4.944  34.037  3.06
773  53  GLU  HG2  -16.872  3.576  36.273  116.05
774  53  GLU  HG3  -17.633  3.625  34.912  64.19
775  54  GLY  N  -14.52  7.694  35.59  120.25
776  54  GLY  CA  -13.904  8.977  35.104  58.89
777  54  GLY  C  -12.375  8.697  35.115  27.97
778  54  GLY  O  -11.791  8.502  34.035  113.08
779  54  GLY  H  -15.076  7.782  36.24  8.57
780  54  GLY  HA2  -14.216  9.205  34.214  4.13
781  54  GLY  HA3  -14.132  9.721  35.683  2.49
782  55  LEU  N  -11.811  8.585  36.325  117.75
783  55  LEU  CA  -10.385  8.297  36.517  55.49
784  55  LEU  C  -9.907  7.15  35.617  121.25
785  55  LEU  O  -9.006  7.356  34.801  66.8
786  55  LEU  CB  -10.036  8.126  37.97  177.01
787  55  LEU  CG  -9.714  9.18  38.978  32.52
788  55  LEU  CD1  -9.464  10.588  38.437  38.35
789  55  LEU  CD2  -10.849  9.293  40.019  30.83
790  55  LEU  H  -12.249  8.675  37.06  7.77
791  55  LEU  HA  -9.884  9.075  36.226  2.35
792  55  LEU  HB2  -10.78  7.634  38.351  8.83
793  55  LEU  HB3  -9.27  7.531  37.976  3.79
794  55  LEU  HG  -8.875  8.873  39.356  2.23
795  55  LEU  HD11  -9.265  11.187  39.173  1.27
796  55  LEU  HD12  -8.713  10.57  37.823  2.5
797  55  LEU  HD13  -10.255  10.901  37.971  1.82
798  55  LEU  HD21  -10.627  9.98  40.667  173
799  55  LEU  HD22  -11.677  9.527  39.571  1.68
800  55  LEU  HD23  -10.957  8.443  40.474  32.97
801  56  LYS  N  -10.488  5.98  35.724  116.35
802  56  LYS  CA  -10.126  4.803  34.943  55.39
803  56  LYS  C  -9.74  5.119  33.513  119.19
804  56  LYS  O  -8.731  4.588  33.01  60.44
805  56  LYS  CB  -11.176  3.684  34.874  16.59
806  56  LYS  CG  -11.122  2.757  36.114  2.24
807  56  LYS  CD  -11.537  1.338  35.847  30.43
808  56  LYS  CE  -12.946  1.153  35.325  28.41
809  56  LYS  NZ  -12.977  -0.165  34.569  43.52
810  56  LYS  H  -11.133  5.833  36.274  6.57
811  56  LYS  HA  -9.366  4.48  35.452  6.51
812  56  LYS  HB2  -12.06  4.076  34.803  116.78
813  56  LYS  HB3  -11.034  3.158  34.072  59.4
814  56  LYS  HG2  -10.218  2.757  36.465  8.94
815  56  LYS  HG3  -11.695  3.125  36.805  3.91
816  56  LYS  HD2  -10.919  0.953  35.206  1.94
817  56  LYS  HD3  -11.445  0.831  36.669  1.99
818  56  LYS  HE2  -13.583  1.143  36.056  1.61
819  56  LYS  HE3  -13.194  1.888  34.742  1.92
820  56  LYS  HZ1  -13.795  -0.304  34.248  3.25
821  56  LYS  HZ2  -12.396  -0.135  33.896  3.25
822  56  LYS  HZ3  -12.758  -0.829  35.12  7.74
823  57  ALA  N  -10.589  5.949  32.914  116.95
824  57  ALA  CA  -10.383  6.353  31.505  66.39
825  57  ALA  C  -9.401  7.503  31.318  173.83
826  57  ALA  O  -9.775  8.535  30.748  2.35
827  57  ALA  CB  -11.757  6.637  30.931  38.89
828  57  ALA  H  -11.283  6.29  33.29  7.9
829  57  ALA  HA  -9.951  5.633  31.02  178.59
830  57  ALA  HB1  -11.671  6.907  30.003  124
831  57  ALA  HB2  -12.302  5.837  30.985  18.38
832  57  ALA  HB3  -12.178  7.349  31.437  7.79
833  58  LEU  N  -8.193  7.36  31.815  115.55
834  58  LEU  CA  -7.117  8.343  31.706  59.09
835  58  LEU  C  -5.771  7.587  31.837  3.81
836  58  LEU  O  -5.263  7.469  32.941  2.33
837  58  LEU  CB  -7.212  9.472  32.637  28.89
838  58  LEU  CG  -8.111  10.485  33.212  57.27
839  58  LEU  CD1  -7.507  10.953  34.556  176.8
840  58  LEU  CD2  -8.185  11.752  32.371  117.02
841  58  LEU  H  -7.957  6.656  32.248  8.18
842  58  LEU  HA  -7.191  8.77  30.838  174.73
843  58  LEU  HB2  -6.875  9.059  33.447  118.62
844  58  LEU  HB3  -6.506  10.041  32.293  129.86
845  58  LEU  HG  -8.987  10.075  33.28  53.19
846  58  LEU  HD11  -8.084  11.623  34.955  130.96
847  58  LEU  HD12  -7.428  10.196  35.157  127.56
848  58  LEU  HD13  -6.629  11.334  34.401  8.17
849  58  LEU  HD21  -8.788  12.385  32.791  4.53
850  58  LEU  HD22  -7.301  12.146  32.3  3.1
851  58  LEU  HD23  -8.513  11.534  31.485  3.75
852  59  LYS  N  -5.207  7.136  30.717  105.45
853  59  LYS  CA  -3.906  6.419  30.752  47.79
854  59  LYS  C  -2.725  7.398  30.975  8.38
855  59  LYS  O  -1.562  6.977  30.996  6.91
856  59  LYS  CB  -3.559  5.652  29.474  6.99
857  59  LYS  CG  -4.634  4.906  28.737  120.22
858  59  LYS  CD  -5.281  3.807  29.54  60.34
859  59  LYS  CE  -6.261  2.925  28.801  176.85
860  59  LYS  NZ  -6.56  1.711  29.627  57.69
861  59  LYS  H  -5.547  7.227  29.932  7.84
862  59  LYS  HA  -4.022  5.792  31.483  28
863  59  LYS  HB2  -3.169  6.286  28.853  43.11
864  59  LYS  HB3  -2.865  5.013  29.699  58.92
865  59  LYS  HG2  -5.318  5.535  28.458  35.69
866  59  LYS  HG3  -4.254  4.524  27.931  25.37
867  59  LYS  HD2  -4.581  3.244  29.905  29.51
868  59  LYS  HD3  -5.742  4.21  30.292  8.4
869  59  LYS  HE2  -7.079  3.414  28.62  2.5
870  59  LYS  HE3  -5.892  2.662  27.943  1.09
871  59  LYS  HZ1  -7.137  1.191  29.193  1.65
872  59  LYS  HZ2  -5.807  1.26  29.775  -0.19
873  59  LYS  HZ3  -6.913  1.961  30.405  1.45
874  60  GLU  N  -3.053  8.663  31.119  117.75
875  60  GLU  CA  -2.077  9.731  31.219  57.49
876  60  GLU  C  -2.163  10.591  32.464  176.09
877  60  GLU  O  -2.856  11.601  32.678  57.5
878  60  GLU  CB  -1.969  10.484  29.887  42.79
879  60  GLU  CG  -1.902  11.98  29.668  54.29
880  60  GLU  CD  -3.146  12.815  29.607  39.92
881  60  GLU  OE1  -4.274  12.336  29.786  114.48
882  60  GLU  OE2  -3  14.043  29.366  59.18
883  60  GLU  H  -3.868  8.935  31.163  7.44
884  60  GLU  HA  -1.216  9.311  31.37  4.47
885  60  GLU  HB2  -1.174  10.129  29.459  30.28
886  60  GLU  HB3  -2.73  10.185  29.364  36.37
887  60  GLU  HG2  -1.351  12.345  30.378  1.6
888  60  GLU  HG3  -1.424  12.123  28.836  3.03
889  61  PRO  N  -1.259  10.146  33.348  119.55
890  61  PRO  CA  -1.046  10.783  34.648  58.69
891  61  PRO  C  -0.999  12.287  34.516  3.91
892  61  PRO  O  -0.003  12.876  34.154  2.08
893  61  PRO  CB  0.296  10.173  35.123  32.19
894  61  PRO  CG  0.108  8.748  34.627  2.29
895  61  PRO  CD  -0.392  8.959  33.197  2.6
896  61  PRO  HA  -1.761  10.625  35.284  116.05
897  61  PRO  HB2  1.066  10.609  34.725  57.49
898  61  PRO  HB3  0.409  10.222  36.085  178.6
899  61  PRO  HG2  0.937  8.245  34.649  1.9
900  61  PRO  HG3  -0.534  8.26  35.166  28.75
901  61  PRO  HD2  0.337  9.118  32.577  35.43
902  61  PRO  HD3  -0.883  8.19  32.867  172.46
903  62  CYS  N  -2.12  12.866  34.864  8.48
904  62  CYS  CA  -2.357  14.325  34.85  33.58
905  62  CYS  C  -2.849  14.878  36.203  177.99
906  62  CYS  O  -3.253  14.152  37.12  4.79
907  62  CYS  CB  -3.397  14.709  33.751  2.38
908  62  CYS  SG  -4.674  13.437  33.62  2.69
909  62  CYS  H  -2.805  12.419  35.129  6.98
910  62  CYS  HA  -1.494  14.725  34.659  3
911  62  CYS  HB2  -3.804  15.563  33.967  121.81
912  62  CYS  HB3  -2.949  14.815  32.897  55.77
913  62  CYS  HG  -4.195  12.434  33.168  179.81
914  63  GLU  N  -2.777  16.209  36.233  119.75
915  63  GLU  CA  -3.31  16.854  37.443  18
916  63  GLU  C  -4.824  16.758  37.17  176.49
917  63  GLU  O  -5.263  17.105  36.055  3.98
918  63  GLU  CB  -2.781  18.218  37.681  40.99
919  63  GLU  CG  -3.477  19.264  38.568  2.2
920  63  GLU  CD  -2.943  20.673  38.361  126.75
921  63  GLU  OE1  -1.749  20.886  38.129  116.2
922  63  GLU  OE2  -3.839  21.561  38.416  66
923  63  GLU  H  -2.454  16.723  35.624  7.06
924  63  GLU  HA  -3.048  16.436  38.278  41.4
925  63  GLU  HB2  -1.889  18.104  38.045  38.46
926  63  GLU  HB3  -2.681  18.627  36.807  30.69
927  63  GLU  HG2  -4.429  19.255  38.383  16.66
928  63  GLU  HG3  -3.366  19.016  39.499  9.07
929  64  VAL  N  -5.592  16.243  38.103  122.65
930  64  VAL  CA  -7.071  16.155  37.968  56.69
931  64  VAL  C  -7.777  17.073  38.966  176.89
932  64  VAL  O  -7.271  17.269  40.089  0.74
933  64  VAL  CB  -7.451  14.655  38.1  32.39
934  64  VAL  CG1  -8.892  14.26  37.973  8
935  64  VAL  CG2  -6.496  13.87  37.176  8.1
936  64  VAL  H  -5.29  15.927  38.844  8.24
937  64  VAL  HA  -7.371  16.475  37.103  2.19
938  64  VAL  HB  -7.333  14.42  39.033  2.17
939  64  VAL  HG11  -8.975  13.299  38.077  125.49
940  64  VAL  HG12  -9.412  14.705  38.661  119.5
941  64  VAL  HG13  -9.223  14.52  37.099  59.3
942  64  VAL  HG21  -6.7  12.923  37.229  178.02
943  64  VAL  HG22  -6.607  14.174  36.262  8.71
944  64  VAL  HG23  -5.579  14.019  37.456  32.44
945  65  ASP  N  -8.85  17.692  38.63  118.15
946  65  ASP  CA  -9.743  18.522  39.443  53.19
947  65  ASP  C  -10.977  17.585  39.414  41.97
948  65  ASP  O  -11.391  17.254  38.265  177.24
949  65  ASP  CB  -10.119  19.876  38.867  30.29
950  65  ASP  CG  -9.103  20.94  39.151  3.94
951  65  ASP  OD1  -9.2  21.801  40.041  1.7
952  65  ASP  OD2  -8.067  20.852  38.472  1.93
953  65  ASP  H  -9.133  17.647  37.819  7.51
954  65  ASP  HA  -9.354  18.772  40.296  1.46
955  65  ASP  HB2  -10.232  19.793  37.907  1.69
956  65  ASP  HB3  -10.976  20.149  39.231  1.69
957  66  LEU  N  -11.427  17.091  40.497  2.9
958  66  LEU  CA  -12.615  16.148  40.391  2.9
959  66  LEU  C  -13.791  16.908  40.974  177.29
960  66  LEU  O  -13.514  17.882  41.725  113.2
961  66  LEU  CB  -12.144  14.829  40.923  46.74
962  66  LEU  CG  -12.883  13.584  40.509  114.37
963  66  LEU  CD1  -12.015  12.396  40.89  58.65
964  66  LEU  CD2  -14.265  13.518  41.152  173.82
965  66  LEU  H  -11.123  17.239  41.288  1.71
966  66  LEU  HA  -12.959  15.889  39.522  38.27
967  66  LEU  HB2  -11.215  14.721  40.665  1.99
968  66  LEU  HB3  -12.165  14.877  41.892  1.19
969  66  LEU  HG  -13.041  13.582  39.552  132.1
970  66  LEU  HD11  -12.462  11.574  40.637  7.64
971  66  LEU  HD12  -11.164  12.456  40.429  131.67
972  66  LEU  HD13  -11.864  12.399  41.848  129.73
973  66  LEU  HD21  -14.716  12.708  40.868  8.23
974  66  LEU  HD22  -14.173  13.515  42.118  4.53
975  66  LEU  HD23  -14.786  14.29  40.88  2.44
976  67  TYR  N  -15.019  16.61  40.653  131.45
977  67  TYR  CA  -16.113  17.422  41.224  2.39
978  67  TYR  C  -17.355  16.58  41.511  177.29
979  67  TYR  O  -17.76  15.84  40.618  119.87
980  67  TYR  CB  -16.436  18.616  40.401  22.39
981  67  TYR  CG  -15.392  19.616  40.006  7.24
982  67  TYR  CD1  -15.495  20.947  40.462  112.58
983  67  TYR  CD2  -14.382  19.295  39.109  59.5
984  67  TYR  CE1  -14.574  21.893  40.089  174.72
985  67  TYR  CE2  -13.495  20.271  38.696  2.49
986  67  TYR  CZ  -13.578  21.56  39.175  60.82
987  67  TYR  OH  -12.672  22.501  38.738  54.38
988  67  TYR  H  -15.259  15.972  40.129  11.25
989  67  TYR  HA  -15.786  17.757  42.073  4.45
990  67  TYR  HB2  -16.835  18.289  39.579  4.14
991  67  TYR  HB3  -17.126  19.105  40.877  4.27
992  67  TYR  HD1  -16.197  21.186  41.023  1.05
993  67  TYR  HD2  -14.303  18.426  38.787  120.1
994  67  TYR  HE1  -14.615  22.751  40.445  54.25
995  67  TYR  HE2  -12.83  20.054  38.083  176.55
996  67  TYR  HH  -12.139  22.146  38.194  173.49
997  68  THR  N  -17.893  16.749  42.698  122.85
998  68  THR  CA  -19.044  15.939  43.075  55.59
999  68  THR  C  -19.894  16.581  44.131  174.89
1000  68  THR  O  -19.393  17.304  45.016  116.13
1001  68  THR  CB  -18.308  14.625  43.521  30.19
1002  68  THR  OG1  -19.236  13.552  43.365  8.92
1003  68  THR  CG2  -17.714  14.722  44.909  4.63
1004  68  THR  H  -17.622  17.309  43.291  8.51
1005  68  THR  HA  -19.705  15.798  42.379  2.42
1006  68  THR  HB  -17.532  14.466  42.961  0.89
1007  68  THR  HG1  -18.872  12.831  43.595  1.82
1008  68  THR  HG21  -17.274  13.887  45.132  121.18
1009  68  THR  HG22  -17.067  15.445  44.935  59.92
1010  68  THR  HG23  -18.419  14.897  45.552  177.34
1011  69  ASP  N  -21.197  16.427  44.07  125.75
1012  69  ASP  CA  -22.263  16.916  44.925  60.09
1013  69  ASP  C  -22.51  15.86  46.039  175.29
1014  69  ASP  O  -23.463  16.087  46.809  55.28
1015  69  ASP  CB  -23.56  17.125  44.158  34.79
1016  69  ASP  CG  -24.493  16.009  43.756  7.75
1017  69  ASP  OD1  -25.757  16.164  43.66  10.06
1018  69  ASP  OD2  -24.059  14.86  43.424  3.81
1019  69  ASP  H  -21.53  15.962  43.428  8.93
1020  69  ASP  HA  -21.993  17.772  45.292  1.91
1021  69  ASP  HB2  -24.089  17.744  44.685  1.99
1022  69  ASP  HB3  -23.319  17.585  43.339  2.24
1023  70  SER  N  -21.716  14.795  45.992  127.35
1024  70  SER  CA  -21.764  13.626  46.841  53.79
1025  70  SER  C  -21.612  13.899  48.335  177.79
1026  70  SER  O  -20.595  14.253  48.928  1.4
1027  70  SER  CB  -20.918  12.443  46.428  43.89
1028  70  SER  OG  -21.297  11.204  47.015  33.97
1029  70  SER  H  -21.084  14.74  45.411  8.31
1030  70  SER  HA  -22.682  13.354  46.684  2.65
1031  70  SER  HB2  -20.957  12.355  45.463  112.59
1032  70  SER  HB3  -19.994  12.626  46.659  8.6
1033  70  SER  HG  -22.026  11.298  47.422  4.1
1034  71  HSE  N  -22.79  13.652  48.887  129.15
1035  71  HSE  CA  -23.083  13.736  50.332  53.89
1036  71  HSE  C  -22.032  12.799  50.979  174.19
1037  71  HSE  O  -21.115  13.17  51.731  2.46
1038  71  HSE  CB  -24.548  13.304  50.618  43.89
1039  71  HSE  CG  -25.598  13.944  49.744  55.03
1040  71  HSE  ND1  -25.722  13.744  48.371  119.31
1041  71  HSE  CD2  -26.638  14.761  50.075  59.3
1042  71  HSE  CE1  -26.75  14.455  47.898  179.68
1043  71  HSE  NE2  -27.327  15.071  48.902  1.03
1044  72  TYR  N  -22.114  11.566  50.542  126.55
1045  72  TYR  CA  -21.268  10.453  50.892  55.99
1046  72  TYR  C  -19.785  10.575  50.564  175.69
1047  72  TYR  O  -18.944  10.16  51.404  124.9
1048  72  TYR  CB  -21.835  9.225  50.173  40.59
1049  72  TYR  CG  -21.233  7.884  50.404  174.12
1050  72  TYR  CD1  -21.315  7.204  51.623  1.5
1051  72  TYR  CD2  -20.648  7.224  49.353  7.85
1052  72  TYR  CE1  -20.791  5.927  51.771  4.22
1053  72  TYR  CE2  -20.109  5.953  49.47  2.25
1054  72  TYR  CZ  -20.177  5.273  50.685  2.31
1055  72  TYR  OH  -19.614  4.012  50.749  1.78
1056  72  TYR  H  -22.723  11.336  49.98  9.19
1057  72  TYR  HA  -21.285  10.4  51.86  3.35
1058  72  TYR  HB2  -22.775  9.163  50.405  3.75
1059  72  TYR  HB3  -21.789  9.402  49.22  7.94
1060  72  TYR  HD1  -21.728  7.615  52.348  4.52
1061  72  TYR  HD2  -20.612  7.648  48.526  3.31
1062  72  TYR  HE1  -20.846  5.499  52.595  2.5
1063  72  TYR  HE2  -19.701  5.553  48.736  58.1
1064  72  TYR  HH  -19.661  3.645  49.995  118.08
1065  73  LEU  N  -19.387  11.024  49.385  117.05
1066  73  LEU  CA  -17.956  11.095  49.061  60.09
1067  73  LEU  C  -17.279  12.128  49.936  171.99
1068  73  LEU  O  -16.161  11.835  50.327  38.74
1069  73  LEU  CB  -17.75  11.355  47.587  69.19
1070  73  LEU  CG  -17.467  10.113  46.746  175.66
1071  73  LEU  CD1  -18.765  9.375  46.409  133.69
1072  73  LEU  CD2  -16.717  10.576  45.486  39.92
1073  73  LEU  H  -19.915  11.291  48.761  8.1
1074  73  LEU  HA  -17.541  10.239  49.249  128.55
1075  73  LEU  HB2  -18.541  11.793  47.236  7.63
1076  73  LEU  HB3  -17.012  11.975  47.482  3.58
1077  73  LEU  HG  -16.92  9.479  47.236  2.4
1078  73  LEU  HD11  -18.562  8.591  45.875  2.88
1079  73  LEU  HD12  -19.205  9.102  47.229  2.7
1080  73  LEU  HD13  -19.351  9.964  45.908  7.44
1081  73  LEU  HD21  -16.52  9.809  44.926  182.57
1082  73  LEU  HD22  -17.269  11.203  44.993  5.69
1083  73  LEU  HD23  -15.888  11.009  45.743  6.92
1084  74  LYS  N  -17.942  13.241  50.102  127.65
1085  74  LYS  CA  -17.439  14.378  50.909  52.79
1086  74  LYS  C  -17.27  13.933  52.361  175.59
1087  74  LYS  O  -16.334  14.387  53.019  47.64
1088  74  LYS  CB  -18.361  15.582  50.85  40.59
1089  74  LYS  CG  -18.022  16.817  51.687  2.49
1090  74  LYS  CD  -19.195  17.768  51.845  2.37
1091  74  LYS  CE  -20.059  18.137  50.639  6.14
1092  74  LYS  NZ  -21.394  18.753  51.052  8.71
1093  74  LYS  H  -18.714  13.383  49.752  8.65
1094  74  LYS  HA  -16.586  14.648  50.535  2.62
1095  74  LYS  HB2  -18.417  15.863  49.923  2.92
1096  74  LYS  HB3  -19.247  15.286  51.111  7.13
1097  74  LYS  HG2  -17.721  16.534  52.565  7.92
1098  74  LYS  HG3  -17.283  17.289  51.273  117.57
1099  74  LYS  HD2  -19.785  17.387  52.515  55.61
1100  74  LYS  HD3  -18.846  18.595  52.212  178.09
1101  74  LYS  HE2  -19.576  18.763  50.077  34.47
1102  74  LYS  HE3  -20.222  17.344  50.105  37.39
1103  74  LYS  HZ1  -21.866  18.953  50.325  6.85
1104  74  LYS  HZ2  -21.848  18.171  51.549  9.47
1105  74  LYS  HZ3  -21.246  19.494  51.523  111.55
1106  75  LYS  N  -18.206  13.099  52.816  114.65
1107  75  LYS  CA  -18.179  12.544  54.175  58.19
1108  75  LYS  C  -16.804  11.849  54.294  176.69
1109  75  LYS  O  -15.794  12.395  54.788  2.94
1110  75  LYS  CB  -19.305  11.558  54.456  64.29
1111  75  LYS  CG  -19.404  10.985  55.877  7.7
1112  75  LYS  CD  -20.178  9.671  56.059  122.15
1113  75  LYS  CE  -19.526  8.39  55.547  59.92
1114  75  LYS  NZ  -18.552  7.749  56.486  175.51
1115  75  LYS  H  -18.877  12.837  52.346  7.84
1116  75  LYS  HA  -18.309  13.25  54.827  37.82
1117  75  LYS  HB2  -20.146  11.996  54.25  29.76
1118  75  LYS  HB3  -19.214  10.815  53.839  37.47
1119  75  LYS  HG2  -18.503  10.85  56.209  133.63
1120  75  LYS  HG3  -19.817  11.656  56.442  2.27
1121  75  LYS  HD2  -20.356  9.558  57.006  130.35
1122  75  LYS  HD3  -21.037  9.766  55.618  2.29
1123  75  LYS  HE2  -20.224  7.749  55.341  7.57
1124  75  LYS  HE3  -19.068  8.588  54.715  4.49
1125  75  LYS  HZ1  -17.881  7.394  56.021  3.14
1126  75  LYS  HZ2  -18.233  8.362  57.047  3.48
1127  75  LYS  HZ3  -18.963  7.109  56.949  2.6
1128  76  ALA  N  -16.778  10.65  53.747  132.05
1129  76  ALA  CA  -15.692  9.703  53.712  58.79
1130  76  ALA  C  -14.306  10.265  53.553  176.99
1131  76  ALA  O  -13.397  9.638  54.129  116.56
1132  76  ALA  CB  -15.944  8.59  52.69  29.59
1133  76  ALA  H  -17.472  10.34  53.345  9.29
1134  76  ALA  HA  -15.696  9.338  54.611  178.76
1135  76  ALA  HB1  -15.196  7.972  52.693  31.36
1136  76  ALA  HB2  -16.756  8.114  52.923  40.86
1137  76  ALA  HB3  -16.039  8.978  51.806  26.63
1138  77  PHE  N  -14.111  11.356  52.853  123.25
1139  77  PHE  CA  -12.796  11.882  52.523  59.89
1140  77  PHE  C  -12.366  13.006  53.421  177.69
1141  77  PHE  O  -11.132  13.19  53.495  3.35
1142  77  PHE  CB  -12.715  12.412  51.063  39.89
1143  77  PHE  CG  -12.346  11.407  50.003  1.44
1144  77  PHE  CD1  -13.341  10.778  49.265  1.83
1145  77  PHE  CD2  -11.033  11.1  49.744  1.38
1146  77  PHE  CE1  -13.045  9.846  48.311  117.84
1147  77  PHE  CE2  -10.653  10.173  48.81  54.37
1148  77  PHE  CZ  -11.707  9.532  48.118  172.94
1149  77  PHE  H  -14.756  11.832  52.543  8.4
1150  77  PHE  HA  -12.205  11.122  52.642  43.62
1151  77  PHE  HB2  -13.575  12.796  50.831  116.74
1152  77  PHE  HB3  -12.066  13.133  51.037  59.9
1153  77  PHE  HD1  -14.231  10.997  49.424  178.49
1154  77  PHE  HD2  -10.371  11.542  50.225  120.11
1155  77  PHE  HE1  -13.714  9.438  47.81  32.49
1156  77  PHE  HE2  -9.759  9.978  48.642  25.84
1157  77  PHE  HZ  -11.493  8.868  47.504  29.43
1158  78  THR  N  -13.318  13.732  53.947  116.65
1159  78  THR  CA  -13.03  14.881  54.801  57.89
1160  78  THR  C  -12.984  14.597  56.302  177.99
1161  78  THR  O  -12.192  15.291  56.977  4.13
1162  78  THR  CB  -14.034  16.089  54.518  41.89
1163  78  THR  OG1  -15.291  15.768  55.229  1.94
1164  78  THR  CG2  -14.165  16.416  53.05  1.43
1165  78  THR  H  -14.156  13.582  53.826  8.07
1166  78  THR  HA  -12.125  15.126  54.551  1.69
1167  78  THR  HB  -13.693  16.928  54.866  1.69
1168  78  THR  HG1  -15.8  15.338  54.718  2.89
1169  78  THR  HG21  -14.784  17.154  52.937  2.89
1170  78  THR  HG22  -13.297  16.665  52.695  174.96
1171  78  THR  HG23  -14.498  15.639  52.574  4.08
1172  79  GLU  N  -13.795  13.685  56.791  118.55
1173  79  GLU  CA  -13.873  13.352  58.19  59.29
1174  79  GLU  C  -13.032  12.234  58.732  180.09
1175  79  GLU  O  -13.434  11.588  59.728  180.17
1176  79  GLU  CB  -15.323  13.083  58.631  31.99
1177  79  GLU  CG  -16.065  14.406  58.639  17.7
1178  79  GLU  CD  -17.558  14.319  58.593  7.59
1179  79  GLU  OE1  -18.091  13.501  59.335  4.15
1180  79  GLU  OE2  -18.008  15.14  57.731  5.15
1181  79  GLU  H  -14.333  13.228  56.3  7.32
1182  79  GLU  HA  -13.49  14.158  58.569  0.55
1183  79  GLU  HB2  -15.751  12.458  58.025  121.57
1184  79  GLU  HB3  -15.34  12.68  59.513  57.3
1185  79  GLU  HG2  -15.811  14.894  59.438  177.35
1186  79  GLU  HG3  -15.765  14.93  57.879  7.5
