1  1  PRO  N  1.514  -6.063  4.209  118.81
2  1  PRO  CA  2.873  -6.607  4.291  55.14
3  1  PRO  C  3.766  -5.793  5.218  174.99
4  1  PRO  O  4.801  -6.272  5.682  55.76
5  1  PRO  CB  3.397  -6.505  2.853  32.64
6  1  PRO  CG  2.205  -6.194  2.019  10.51
7  1  PRO  CD  1.267  -5.447  2.906  49.31
8  1  PRO  HA  2.868  -7.535  4.572  2.15
9  1  PRO  HB2  4.059  -5.798  2.798  4.2
10  1  PRO  HB3  3.797  -7.349  2.592  118.67
11  1  PRO  HG2  2.466  -5.646  1.263  58.05
12  1  PRO  HG3  1.792  -7.018  1.716  2.16
13  1  PRO  HD2  1.484  -4.502  2.923  2.6
14  1  PRO  HD3  0.35  -5.586  2.622  63.94
15  1  PRO  H2  1.398  -5.48  4.831  10.12
16  1  PRO  H3  0.943  -6.691  4.344  4.55
17  2  TYR  N  3.354  -4.561  5.482  177.17
18  2  TYR  CA  4.103  -3.672  6.354  3.89
19  2  TYR  C  3.28  -3.328  7.586  3.89
20  2  TYR  O  2.059  -3.182  7.503  121.8
21  2  TYR  CB  4.489  -2.406  5.596  54.22
22  2  TYR  CG  5.173  -2.694  4.282  36.39
23  2  TYR  CD1  6.052  -3.761  4.161  54.52
24  2  TYR  CD2  4.942  -1.9  3.169  40.62
25  2  TYR  CE1  6.682  -4.03  2.965  8.42
26  2  TYR  CE2  5.572  -2.159  1.968  4.3
27  2  TYR  CZ  6.44  -3.225  1.87  8.56
28  2  TYR  OH  7.074  -3.477  0.676  4.73
29  2  TYR  H  2.616  -4.284  5.139  4.62
30  2  TYR  HA  4.911  -4.135  6.626  1.73
31  2  TYR  HB2  3.69  -1.888  5.41  1.84
32  2  TYR  HB3  5.096  -1.879  6.139  1.75
33  2  TYR  HD1  6.214  -4.302  4.9  119.56
34  2  TYR  HD2  4.355  -1.182  3.24  58.12
35  2  TYR  HE1  7.265  -4.752  2.903  175.04
36  2  TYR  HE2  5.408  -1.617  1.23  120.59
37  2  TYR  HH  7.375  -2.756  0.366  55.48
38  3  LYS  N  3.935  -3.218  8.736  8.41
39  3  LYS  CA  3.23  -2.913  9.972  119.08
40  3  LYS  C  3.643  -1.564  10.553  30.88
41  3  LYS  O  2.788  -0.785  10.976  174.47
42  3  LYS  CB  3.461  -4.026  10.994  115.43
43  3  LYS  CG  2.18  -4.68  11.494  43.46
44  3  LYS  CD  1.21  -4.993  10.356  8.33
45  3  LYS  CE  -0.075  -4.191  10.484  4.37
46  3  LYS  NZ  -1.274  -5.071  10.566  3.01
47  3  LYS  H  4.786  -3.343  8.754  3.01
48  3  LYS  HA  2.283  -2.877  9.766  3.74
49  3  LYS  HB2  4.014  -4.712  10.589  2.17
50  3  LYS  HB3  3.929  -3.655  11.758  120.68
51  3  LYS  HG2  2.407  -5.508  11.946  55.9
52  3  LYS  HG3  1.747  -4.08  12.122  2.53
53  3  LYS  HD2  1.63  -4.776  9.509  122.2
54  3  LYS  HD3  0.993  -5.938  10.378  33.27
55  3  LYS  HE2  -0.027  -3.647  11.286  25.2
56  3  LYS  HE3  -0.158  -3.614  9.709  29.67
57  3  LYS  HZ1  -1.959  -4.623  10.916  42.35
58  3  LYS  HZ2  -1.1  -5.778  11.079  8.22
59  3  LYS  HZ3  -1.501  -5.354  9.753  8.04
60  4  THR  N  4.942  -1.28  10.576  4.34
61  4  THR  CA  5.424  -0.011  11.111  1.8
62  4  THR  C  6.31  0.726  10.102  1.8
63  4  THR  O  6.045  1.876  9.758  1.42
64  4  THR  CB  6.186  -0.246  12.413  1.42
65  4  THR  OG1  7.421  -0.892  12.162  1.7
66  4  THR  CG2  5.415  -1.093  13.405  1.7
67  4  THR  H  5.516  -1.837  10.261  3
68  4  THR  HA  4.649  0.542  11.3  3
69  4  THR  HB  6.366  0.61  12.831  32.77
70  4  THR  HG1  7.277  -1.673  11.889  25.31
71  4  THR  HG21  5.96  -1.848  13.677  29.36
72  4  THR  HG22  4.6  -1.416  12.99  109.78
73  4  THR  HG23  5.191  -0.558  14.183  51.39
74  5  LYS  N  7.369  0.053  9.643  8.23
75  5  LYS  CA  8.308  0.638  8.68  4.08
76  5  LYS  C  9.431  -0.345  8.363  20.46
77  5  LYS  O  9.696  -0.645  7.201  1.98
78  5  LYS  CB  8.903  1.937  9.233  1.66
79  5  LYS  CG  9.407  2.885  8.161  1.66
80  5  LYS  CD  9.216  4.336  8.578  7.69
81  5  LYS  CE  10.135  4.717  9.726  5.2
82  5  LYS  NZ  10.335  6.19  9.81  2.98
83  5  LYS  H  7.508  -0.747  9.926  2.98
84  5  LYS  HA  7.825  0.831  7.861  23.41
85  5  LYS  HB2  8.225  2.402  9.747  26.04
86  5  LYS  HB3  9.646  1.717  9.816  121.2
87  5  LYS  HG2  10.351  2.721  8.012  56.62
88  5  LYS  HG3  8.914  2.726  7.341  176.72
89  5  LYS  HD2  9.411  4.91  7.821  176.16
90  5  LYS  HD3  8.295  4.465  8.855  29.76
91  5  LYS  HE2  9.743  4.404  10.556  9.03
92  5  LYS  HE3  10.995  4.288  9.592  4.25
93  5  LYS  HZ1  9.552  6.6  9.914  4.05
94  5  LYS  HZ2  10.718  6.49  9.065  41.7
95  5  LYS  HZ3  10.858  6.39  10.502  2.23
96  6  SER  N  10.081  -0.849  9.408  128.06
97  6  SER  CA  11.171  -1.807  9.242  61.42
98  6  SER  C  10.713  -3.01  8.419  1.68
99  6  SER  O  11.525  -3.705  7.807  113.95
100  6  SER  CB  11.677  -2.271  10.609  61.73
101  6  SER  OG  11.8  -1.18  11.505  174.69
102  6  SER  H  9.852  -0.608  10.201  1.6
103  6  SER  HA  11.893  -1.362  8.771  69.37
104  6  SER  HB2  11.052  -2.913  10.982  9.1
105  6  SER  HB3  12.546  -2.689  10.506  21.39
106  6  SER  HG  11.051  -1.012  11.846  7.87
107  7  ASP  N  9.403  -3.244  8.41  4.1
108  7  ASP  CA  8.819  -4.354  7.666  3.99
109  7  ASP  C  9.029  -4.19  6.161  55.93
110  7  ASP  O  8.859  -5.141  5.399  55.52
111  7  ASP  CB  7.322  -4.451  7.974  174.84
112  7  ASP  CG  7.05  -5.063  9.335  120.02
113  7  ASP  OD1  7.035  -4.309  10.332  121.97
114  7  ASP  OD2  6.85  -6.293  9.405  55.33
115  7  ASP  H  8.882  -2.725  8.855  176.5
116  7  ASP  HA  9.252  -5.172  7.955  30.11
117  7  ASP  HB2  6.937  -3.561  7.957  32.59
118  7  ASP  HB3  6.891  -4.997  7.298  1.84
119  8  LEU  N  9.391  -2.98  5.734  1.62
120  8  LEU  CA  9.61  -2.705  4.317  8.1
121  8  LEU  C  10.687  -3.61  3.727  4.24
122  8  LEU  O  11.432  -4.264  4.455  4.2
123  8  LEU  CB  9.997  -1.242  4.112  2.05
124  8  LEU  CG  8.884  -0.237  4.393  2.22
125  8  LEU  CD1  9.428  1.178  4.326  115.21
126  8  LEU  CD2  7.736  -0.424  3.412  2.3
127  8  LEU  H  9.492  -2.342  6.302  119.48
128  8  LEU  HA  8.776  -2.875  3.853  63.39
129  8  LEU  HB2  10.745  -1.04  4.696  109.16
130  8  LEU  HB3  10.283  -1.129  3.192  45.02
131  8  LEU  HG  8.541  -0.384  5.288  173.49
132  8  LEU  HD11  9.208  1.571  3.467  28.44
133  8  LEU  HD12  10.391  1.159  4.437  17.72
134  8  LEU  HD13  9.03  1.707  5.035  2.96
135  8  LEU  HD21  6.894  -0.409  3.893  8.16
136  8  LEU  HD22  7.834  -1.276  2.958  3.98
137  8  LEU  HD23  7.749  0.293  2.759  8.11
138  9  PRO  N  10.772  -3.66  2.382  1.19
139  9  PRO  CA  11.748  -4.489  1.67  1.61
140  9  PRO  C  13.182  -4.006  1.846  22.2
141  9  PRO  O  13.456  -2.808  1.82  64.4
142  9  PRO  CB  11.327  -4.364  0.197  177.25
143  9  PRO  CG  9.966  -3.773  0.216  19.87
144  9  PRO  CD  9.911  -2.924  1.445  31.61
145  9  PRO  HA  11.692  -5.417  1.945  8.92
146  9  PRO  HB2  11.95  -3.784  -0.268  108.45
147  9  PRO  HB3  11.325  -5.241  -0.218  47.02
148  9  PRO  HG2  9.828  -3.234  -0.578  117.88
149  9  PRO  HG3  9.302  -4.479  0.261  52.74
150  9  PRO  HD2  10.265  -2.039  1.265  174.71
151  9  PRO  HD3  9.001  -2.87  1.777  3.95
152  10  GLU  N  14.094  -4.955  2.024  38.29
153  10  GLU  CA  15.506  -4.635  2.198  108.47
154  10  GLU  C  15.984  -3.685  1.103  45.38
155  10  GLU  O  16.575  -2.648  1.389  41.62
156  10  GLU  CB  16.346  -5.914  2.204  8.12
157  10  GLU  CG  16.148  -6.785  0.973  4.48
158  10  GLU  CD  15.864  -8.232  1.321  4.08
159  10  GLU  OE1  16.81  -8.945  1.714  4.08
160  10  GLU  OE2  14.694  -8.653  1.198  121.64
161  10  GLU  H  13.836  -5.775  2.037  57.82
162  10  GLU  HA  15.603  -4.19  3.054  176.35
163  10  GLU  HB2  17.284  -5.673  2.258  2.26
164  10  GLU  HB3  16.109  -6.436  2.987  42.24
165  10  GLU  HG2  15.399  -6.439  0.463  25.64
166  10  GLU  HG3  16.952  -6.747  0.432  26.11
167  11  SER  N  15.7  -4.029  -0.151  120.27
168  11  SER  CA  16.087  -3.188  -1.281  61.7
169  11  SER  C  15.476  -1.796  -1.157  176.51
170  11  SER  O  15.893  -0.862  -1.84  2.11
171  11  SER  CB  15.641  -3.828  -2.591  33.2
172  11  SER  OG  16.359  -3.299  -3.693  1.66
173  11  SER  H  15.265  -4.756  -0.301  1.51
174  11  SER  HA  17.054  -3.11  -1.277  7.85
175  11  SER  HB2  15.797  -4.784  -2.543  4.71
176  11  SER  HB3  14.695  -3.661  -2.725  2.06
177  11  SER  HG  17.167  -3.207  -3.484  2.18
178  12  VAL  N  14.492  -1.671  -0.275  7.78
179  12  VAL  CA  13.822  -0.407  -0.039  4.29
180  12  VAL  C  14.455  0.3  1.157  59.65
181  12  VAL  O  14.875  1.452  1.065  177.93
182  12  VAL  CB  12.316  -0.633  0.203  0.69
183  12  VAL  CG1  11.602  0.682  0.481  31.94
184  12  VAL  CG2  11.701  -1.343  -0.996  25.44
185  12  VAL  H  14.251  -2.36  0.18  60.31
186  12  VAL  HA  13.93  0.145  -0.829  177.37
187  12  VAL  HB  12.21  -1.208  0.977  64.09
188  12  VAL  HG11  12.107  1.194  1.132  8.38
189  12  VAL  HG12  10.715  0.502  0.83  4.13
190  12  VAL  HG13  11.526  1.19  -0.342  53.73
191  12  VAL  HG21  11.645  -0.726  -1.742  126.16
192  12  VAL  HG22  10.812  -1.656  -0.767  62.54
193  12  VAL  HG23  12.256  -2.099  -1.244  173.26
194  13  LYS  N  14.526  -0.406  2.278  1.56
195  13  LYS  CA  15.116  0.137  3.498  70.22
196  13  LYS  C  16.622  0.384  3.323  2.81
197  13  LYS  O  17.197  1.259  3.97  1.15
198  13  LYS  CB  14.896  -0.839  4.654  4.54
199  13  LYS  CG  13.444  -1.246  4.848  2.54
200  13  LYS  CD  13.304  -2.352  5.887  122.28
201  13  LYS  CE  14.111  -3.59  5.516  117.43
202  13  LYS  NZ  14.388  -4.444  6.704  4.28
203  13  LYS  H  14.21  -1.206  2.289  178.69
204  13  LYS  HA  14.67  0.974  3.702  28.83
205  13  LYS  HB2  15.414  -1.641  4.481  0.82
206  13  LYS  HB3  15.212  -0.431  5.476  36.6
207  13  LYS  HG2  12.94  -0.473  5.146  55.96
208  13  LYS  HG3  13.087  -1.559  4.002  171.1
209  13  LYS  HD2  13.618  -2.02  6.742  9.13
210  13  LYS  HD3  12.368  -2.597  5.959  7.89
211  13  LYS  HE2  13.612  -4.108  4.865  4.08
212  13  LYS  HE3  14.955  -3.313  5.126  2.07
213  13  LYS  HZ1  13.687  -4.439  7.253  2.14
214  13  LYS  HZ2  15.099  -4.137  7.143  2.53
215  13  LYS  HZ3  14.548  -5.281  6.449  62.56
216  14  HSE  N  17.255  -0.41  2.45  173.26
217  14  HSE  CA  18.698  -0.298  2.191  57.81
218  14  HSE  C  19.002  0.814  1.187  69.47
219  14  HSE  O  20.114  0.912  0.667  7.46
220  14  HSE  CB  19.25  -1.631  1.67  41.97
221  14  HSE  CG  20.213  -2.295  2.606  4.57
222  14  HSE  ND1  21.508  -1.859  2.798  23.78
223  14  HSE  CD2  20.062  -3.376  3.408  25.64
224  14  HSE  CE1  22.111  -2.642  3.676  0.96
225  14  HSE  NE2  21.254  -3.569  4.061  4.22
226  14  HSE  H  16.736  -1.091  1.973  1.86
227  14  HSE  HA  19.184  -0.061  3.123  2.11
228  14  HSE  HB2  18.432  -2.31  1.51  125.47
229  14  HSE  HB3  19.755  -1.465  0.73  59.83
230  14  HSE  HD2  19.169  -3.976  3.513  174.04
231  14  HSE  HE1  23.13  -2.541  4.02  1.88
232  14  HSE  HE2  21.436  -4.269  4.722  35.14
233  15  VAL  N  18  1.632  0.909  32.62
234  15  VAL  CA  18.129  2.724  -0.042  45.23
235  15  VAL  C  17.352  3.945  0.44  118.29
236  15  VAL  O  17.742  5.083  0.178  8.68
237  15  VAL  CB  17.594  2.284  -1.41  4.23
238  15  VAL  CG1  18.486  1.206  -2.009  6.91
239  15  VAL  CG2  16.17  1.774  -1.259  39.16
240  15  VAL  H  17.24  1.506  1.291  129.13
241  15  VAL  HA  19.066  2.958  -0.136  54.2
242  15  VAL  HB  17.59  3.05  -2.005  175.11
243  15  VAL  HG11  19.38  1.282  -1.64  28.51
244  15  VAL  HG12  18.521  1.312  -2.973  43.62
245  15  VAL  HG13  18.123  0.332  -1.796  27.71
246  15  VAL  HG21  15.821  1.516  -2.127  24.27
247  15  VAL  HG22  15.614  2.473  -0.881  23.84
248  15  VAL  HG23  16.167  1.005  -0.668  8.03
249  16  LEU  N  16.252  3.704  1.156  4.74
250  16  LEU  CA  15.435  4.784  1.68  57.54
251  16  LEU  C  16.017  5.312  2.982  1.1
252  16  LEU  O  16.369  4.555  3.888  0.83
253  16  LEU  CB  13.984  4.333  1.863  39.78
254  16  LEU  CG  13.01  4.78  0.759  6.79
255  16  LEU  CD1  13.748  5.166  -0.516  115.06
256  16  LEU  CD2  11.987  3.696  0.476  58.77
257  16  LEU  H  16.021  2.892  1.317  8.06
258  16  LEU  HA  15.458  5.506  1.033  4.59
259  16  LEU  HB2  13.972  3.364  1.904  124.19
260  16  LEU  HB3  13.661  4.681  2.709  3.01
261  16  LEU  HG  12.528  5.564  1.064  173.88
262  16  LEU  HD11  14.454  4.524  -0.688  42.04
263  16  LEU  HD12  14.136  6.048  -0.407  40.97
264  16  LEU  HD13  13.126  5.174  -1.261  7.86
265  16  LEU  HD21  12.335  3.091  -0.198  3.96
266  16  LEU  HD22  11.169  4.106  0.155  2.1
267  16  LEU  HD23  11.804  3.206  1.293  1.92
268  17  PRO  N  16.151  6.636  3.048  122.46
269  17  PRO  CA  16.728  7.353  4.196  50.87
270  17  PRO  C  16.035  7.056  5.528  8.73
271  17  PRO  O  16.539  6.266  6.327  4.04
272  17  PRO  CB  16.566  8.823  3.784  39.32
273  17  PRO  CG  16.552  8.774  2.296  8.62
274  17  PRO  CD  15.772  7.554  1.963  0.51
275  17  PRO  HA  17.673  7.154  4.286  4.93
276  17  PRO  HB2  15.733  9.175  4.134  2.62
277  17  PRO  HB3  17.314  9.344  4.116  2.78
278  17  PRO  HG2  16.12  9.562  1.93  57.86
279  17  PRO  HG3  17.457  8.689  1.958  177.02
280  17  PRO  HD2  14.818  7.73  1.972  34.22
281  17  PRO  HD3  16.046  7.201  1.102  5.04
282  18  SER  N  14.892  7.689  5.778  31.75
283  18  SER  CA  14.169  7.473  7.028  63.27
284  18  SER  C  12.666  7.638  6.826  54.97
285  18  SER  O  11.937  6.655  6.7  173.79
286  18  SER  CB  14.667  8.442  8.105  32.13
287  18  SER  OG  14.715  9.771  7.617  30.12
288  18  SER  H  14.574  8.238  5.197  28.12
289  18  SER  HA  14.345  6.564  7.318  4.38
290  18  SER  HB2  14.068  8.411  8.867  1.97
291  18  SER  HB3  15.559  8.18  8.382  2.27
292  18  SER  HG  14.865  10.298  8.254  31.04
293  19  HSE  N  12.206  8.887  6.787  120.46
294  19  HSE  CA  10.788  9.171  6.59  56.27
295  19  HSE  C  10.288  8.604  5.262  8.19
296  19  HSE  O  9.084  8.537  5.027  4.43
297  19  HSE  CB  10.531  10.676  6.64  30.84
298  19  HSE  CG  9.09  11.022  6.844  27.04
299  19  HSE  ND1  8.133  10.093  7.198  28.62
300  19  HSE  CD2  8.442  12.203  6.742  2.85
301  19  HSE  CE1  6.959  10.689  7.304  8.1
302  19  HSE  NE2  7.119  11.971  7.032  7.49
303  19  HSE  H  12.834  9.632  6.888  8.5
304  19  HSE  HA  10.239  8.701  7.393  4.36
305  19  HSE  HB2  11.095  11.105  7.453  1.81
306  19  HSE  HB3  10.852  11.12  5.709  1.94
307  19  HSE  HD2  8.884  13.153  6.484  55.08
308  19  HSE  HE1  6.028  10.209  7.567  32.74
309  19  HSE  HE2  6.425  12.658  7.119  27.33
310  20  ALA  N  11.215  8.19  4.399  109.29
311  20  ALA  CA  10.852  7.628  3.106  44.73
312  20  ALA  C  10.208  6.262  3.282  4.46
313  20  ALA  O  9.365  5.852  2.486  8.37
314  20  ALA  CB  12.079  7.515  2.218  4.32
315  20  ALA  H  12.047  8.255  4.607  8.38
316  20  ALA  HA  10.218  8.226  2.68  1.66
317  20  ALA  HB1  12.603  6.744  2.487  1.42
318  20  ALA  HB2  12.62  8.315  2.306  1.15
319  20  ALA  HB3  11.801  7.412  1.294  119.92
320  21  GLN  N  10.604  5.568  4.34  115.24
321  21  GLN  CA  10.057  4.254  4.637  55.72
322  21  GLN  C  8.628  4.396  5.122  65.75
323  21  GLN  O  7.755  3.604  4.764  175.9
324  21  GLN  CB  10.93  3.567  5.681  63.34
325  21  GLN  CG  12.389  3.542  5.267  32.61
326  21  GLN  CD  13.332  3.948  6.381  26.9
327  21  GLN  OE1  12.923  4.113  7.53  175.51
328  21  GLN  NE2  14.607  4.111  6.044  2.88
329  21  GLN  H  11.191  5.906  4.869  8.12
330  21  GLN  HA  10.062  3.733  3.819  3.72
331  21  GLN  HB2  10.849  4.041  6.523  3.47
332  21  GLN  HB3  10.628  2.653  5.802  3.52
333  21  GLN  HG2  12.616  2.643  4.981  3.98
334  21  GLN  HG3  12.502  4.154  4.523  4.31
335  21  GLN  HE21  14.829  3.983  5.223  62.99
336  21  GLN  HE22  15.165  4.333  6.66  114.17
337  22  ASP  N  8.385  5.441  5.903  8.49
338  22  ASP  CA  7.048  5.72  6.392  63.34
339  22  ASP  C  6.197  6.101  5.196  116.78
340  22  ASP  O  5.096  5.592  5.003  108.49
341  22  ASP  CB  7.073  6.854  7.416  31.52
342  22  ASP  CG  5.743  7.009  8.126  26.32
343  22  ASP  OD1  5.331  6.061  8.825  39.32
344  22  ASP  OD2  5.112  8.077  7.977  6.82
345  22  ASP  H  9.027  5.979  6.097  176.81
346  22  ASP  HA  6.695  4.914  6.8  3.86
347  22  ASP  HB2  7.756  6.67  8.079  1.12
348  22  ASP  HB3  7.281  7.687  6.965  1.57
349  23  ILE  N  6.764  6.969  4.366  117.55
350  23  ILE  CA  6.12  7.399  3.138  55.38
351  23  ILE  C  5.815  6.173  2.301  41.48
352  23  ILE  O  4.679  5.937  1.888  26.65
353  23  ILE  CB  7.05  8.339  2.349  37.72
354  23  ILE  CG1  7.136  9.68  3.065  22.75
355  23  ILE  CG2  6.555  8.535  0.916  37.6
356  23  ILE  CD  8.144  10.626  2.463  4.2
357  23  ILE  H  7.553  7.257  4.549  7.98
358  23  ILE  HA  5.299  7.867  3.357  4.76
359  23  ILE  HB  7.932  7.936  2.318  3.81
360  23  ILE  HG12  6.266  10.107  3.029  1.48
361  23  ILE  HG13  7.378  9.533  3.993  1.39
362  23  ILE  HG21  6.531  7.68  0.459  0.69
363  23  ILE  HG22  7.154  9.135  0.445  0.52
364  23  ILE  HG23  5.663  8.916  0.93  7.44
365  23  ILE  HD11  8.886  10.061  1.921  113.98
366  23  ILE  HD12  8.624  11.191  3.25  59.89
367  23  ILE  HD13  7.645  11.301  1.79  117.9
368  24  TYR  N  6.86  5.393  2.08  57.26
369  24  TYR  CA  6.761  4.16  1.321  58.22
370  24  TYR  C  5.661  3.274  1.887  42.42
371  24  TYR  O  4.702  2.937  1.199  29.54
372  24  TYR  CB  8.09  3.414  1.349  32.77
373  24  TYR  CG  8.153  2.263  0.374  25.15
374  24  TYR  CD1  7.288  1.183  0.484  3.85
375  24  TYR  CD2  9.068  2.267  -0.665  1.68
376  24  TYR  CE1  7.337  0.136  -0.416  1.51
377  24  TYR  CE2  9.124  1.226  -1.567  45.51
378  24  TYR  CZ  8.256  0.164  -1.441  119.31
379  24  TYR  OH  8.31  -0.874  -2.342  57.38
380  24  TYR  H  7.621  5.623  2.408  9.07
381  24  TYR  HA  6.551  4.386  0.401  4.19
382  24  TYR  HB2  8.808  4.029  1.131  38.38
383  24  TYR  HB3  8.231  3.06  2.241  1.9
384  24  TYR  HD1  6.672  1.167  1.18  58.06
385  24  TYR  HD2  9.654  2.984  -0.745  7.47
386  24  TYR  HE1  6.749  -0.579  -0.328  4.11
387  24  TYR  HE2  9.745  1.246  -2.259  72.86
388  24  TYR  HH  9.111  -1.035  -2.537  5.37
389  25  LYS  N  5.81  2.896  3.151  23.55
390  25  LYS  CA  4.835  2.043  3.817  7.75
391  25  LYS  C  3.439  2.669  3.806  4.96
392  25  LYS  O  2.472  2.038  3.379  3.84
393  25  LYS  CB  5.281  1.769  5.256  8.29
394  25  LYS  CG  4.243  1.043  6.093  124.49
395  25  LYS  CD  4.64  1.002  7.561  55.09
396  25  LYS  CE  3.631  1.73  8.433  176.57
397  25  LYS  NZ  2.235  1.325  8.116  127.48
398  25  LYS  H  6.5  3.158  3.593  8.11
399  25  LYS  HA  4.802  1.202  3.336  4.66
400  25  LYS  HB2  6.085  1.227  5.234  9.23
401  25  LYS  HB3  5.483  2.614  5.688  40.34
402  25  LYS  HG2  3.393  1.503  6.01  1.15
403  25  LYS  HG3  4.154  0.135  5.764  8.57
404  25  LYS  HD2  4.691  0.076  7.847  4.04
405  25  LYS  HD3  5.508  1.422  7.662  1.94
406  25  LYS  HE2  3.815  1.525  9.363  1.71
407  25  LYS  HE3  3.724  2.685  8.288  2.19
408  25  LYS  HZ1  2.222  0.498  7.788  2.19
409  25  LYS  HZ2  1.885  1.878  7.513  7.31
410  25  LYS  HZ3  1.735  1.351  8.852  6.7
411  26  GLU  N  3.337  3.905  4.287  121.28
412  26  GLU  CA  2.055  4.602  4.338  59.2
413  26  GLU  C  1.426  4.701  2.958  177.57
414  26  GLU  O  0.211  4.573  2.808  8.24
415  26  GLU  CB  2.226  5.995  4.932  31.23
416  26  GLU  CG  2.572  5.981  6.41  24.54
417  26  GLU  CD  1.846  7.061  7.187  29.33
418  26  GLU  OE1  1.631  8.156  6.625  174.41
419  26  GLU  OE2  1.49  6.811  8.358  8.64
420  26  GLU  H  4.042  4.302  4.579  8.99
421  26  GLU  HA  1.461  4.091  4.909  3.75
422  26  GLU  HB2  2.934  6.457  4.457  1.75
423  26  GLU  HB3  1.395  6.483  4.82  1.82
424  26  GLU  HG2  2.329  5.117  6.777  1.29
425  26  GLU  HG3  3.528  6.116  6.507  1.41
426  27  ALA  N  2.259  4.909  1.95  112.08
427  27  ALA  CA  1.776  5  0.58  60.42
428  27  ALA  C  1.391  3.616  0.086  7.28
429  27  ALA  O  0.38  3.44  -0.595  8.1
430  27  ALA  CB  2.826  5.63  -0.317  62.77
431  27  ALA  H  3.102  4.978  2.108  7.82
432  27  ALA  HA  0.988  5.566  0.572  4.01
433  27  ALA  HB1  2.61  5.446  -1.245  55.78
434  27  ALA  HB2  3.697  5.259  -0.106  172.48
435  27  ALA  HB3  2.84  6.589  -0.173  3.8
436  28  PHE  N  2.201  2.631  0.46  118.41
437  28  PHE  CA  1.951  1.248  0.088  55.27
438  28  PHE  C  0.636  0.787  0.697  34.83
439  28  PHE  O  -0.259  0.319  -0.007  24.78
440  28  PHE  CB  3.098  0.353  0.571  43.02
441  28  PHE  CG  2.896  -1.108  0.287  4.92
442  28  PHE  CD1  1.906  -1.834  0.932  4.39
443  28  PHE  CD2  3.697  -1.755  -0.64  3.06
444  28  PHE  CE1  1.718  -3.174  0.652  3.38
445  28  PHE  CE2  3.514  -3.095  -0.917  7.31
446  28  PHE  CZ  2.524  -3.803  -0.273  0.85
447  28  PHE  H  2.888  2.818  0.943  7.4
448  28  PHE  HA  1.891  1.199  -0.879  4.47
449  28  PHE  HB2  3.919  0.624  0.131  2.79
450  28  PHE  HB3  3.202  0.468  1.529  3.07
451  28  PHE  HD1  1.364  -1.411  1.558  114.54
452  28  PHE  HD2  4.367  -1.279  -1.076  56.12
453  28  PHE  HE1  1.052  -3.653  1.091  172.74
454  28  PHE  HE2  4.058  -3.519  -1.541  40.46
455  28  PHE  HZ  2.394  -4.703  -0.467  65.44
456  29  ASN  N  0.522  0.93  2.02  116.93
457  29  ASN  CA  -0.688  0.539  2.73  53.22
458  29  ASN  C  -1.898  1.239  2.126  8.38
459  29  ASN  O  -2.951  0.631  1.934  7.91
460  29  ASN  CB  -0.569  0.887  4.215  40.61
461  29  ASN  CG  -0.044  -0.275  5.034  2.65
462  29  ASN  OD1  -0.729  -0.78  5.924  117.21
463  29  ASN  ND2  1.175  -0.706  4.734  58.5
464  29  ASN  H  1.174  1.266  2.469  7.01
465  29  ASN  HA  -0.793  -0.421  2.638  3.49
466  29  ASN  HB2  0.039  1.636  4.319  0.65
467  29  ASN  HB3  -1.443  1.135  4.556  1.44
468  29  ASN  HD21  1.601  -0.312  4.099  117.21
469  29  ASN  HD22  1.497  -1.363  5.186  56.2
470  30  SER  N  -1.73  2.523  1.814  120.53
471  30  SER  CA  -2.799  3.308  1.212  62.61
472  30  SER  C  -3.268  2.642  -0.074  174.49
473  30  SER  O  -4.463  2.466  -0.295  2.14
474  30  SER  CB  -2.318  4.732  0.925  32.22
475  30  SER  OG  -3.41  5.633  0.841  2.48
476  30  SER  H  -0.969  2.895  1.962  8.38
477  30  SER  HA  -3.538  3.34  1.839  4.42
478  30  SER  HB2  -1.728  5.022  1.639  1.7
479  30  SER  HB3  -1.836  4.744  0.083  2.45
480  30  SER  HG  -3.427  5.98  0.076  120.61
481  31  ALA  N  -2.312  2.246  -0.907  124.51
482  31  ALA  CA  -2.627  1.572  -2.158  59.83
483  31  ALA  C  -3.13  0.162  -1.883  175.75
484  31  ALA  O  -3.926  -0.385  -2.643  26.81
485  31  ALA  CB  -1.412  1.539  -3.067  29.12
486  31  ALA  H  -1.488  2.373  -0.695  9.03
487  31  ALA  HA  -3.327  2.075  -2.603  3.69
488  31  ALA  HB1  -1.155  2.446  -3.295  3.64
489  31  ALA  HB2  -1.626  1.05  -3.877  1.91
490  31  ALA  HB3  -0.677  1.101  -2.61  2
491  32  TRP  N  -2.669  -0.412  -0.775  111.11
492  32  TRP  CA  -3.076  -1.751  -0.368  60.37
493  32  TRP  C  -4.555  -1.737  0.007  54.01
494  32  TRP  O  -5.35  -2.504  -0.535  174.75
495  32  TRP  CB  -2.197  -2.211  0.807  61.72
496  32  TRP  CG  -2.762  -3.327  1.643  36.93
497  32  TRP  CD1  -2.496  -4.66  1.515  59.9
498  32  TRP  CD2  -3.66  -3.206  2.756  178.39
499  32  TRP  NE1  -3.172  -5.374  2.47  63.37
500  32  TRP  CE2  -3.897  -4.507  3.244  9.47
501  32  TRP  CE3  -4.289  -2.128  3.387  4.11
502  32  TRP  CZ2  -4.736  -4.755  4.33  2.85
503  32  TRP  CZ3  -5.119  -2.376  4.464  2.62
504  32  TRP  CH2  -5.336  -3.68  4.927  7.84
505  32  TRP  H  -2.123  0.026  -0.275  8.44
506  32  TRP  HA  -2.946  -2.345  -1.124  4.09
507  32  TRP  HB2  -1.345  -2.515  0.456  1.4
508  32  TRP  HB3  -2.04  -1.452  1.39  3.92
509  32  TRP  HD1  -1.934  -5.023  0.869  6.74
510  32  TRP  HE1  -3.141  -6.228  2.567  1.22
511  32  TRP  HE3  -4.155  -1.255  3.096  102.47
512  32  TRP  HZ2  -4.888  -5.616  4.647  45.6
513  32  TRP  HZ3  -5.544  -1.669  4.894  171.59
514  32  TRP  HH2  -5.902  -3.806  5.654  2.83
515  33  ASP  N  -4.92  -0.842  0.922  120.96
516  33  ASP  CA  -6.306  -0.709  1.35  65.02
517  33  ASP  C  -7.163  -0.243  0.183  30.7
518  33  ASP  O  -8.308  -0.667  0.027  118.08
519  33  ASP  CB  -6.41  0.287  2.509  31.98
520  33  ASP  CG  -7.838  0.489  2.974  178.68
521  33  ASP  OD1  -8.612  1.15  2.249  4.21
522  33  ASP  OD2  -8.185  -0.017  4.061  41.04
523  33  ASP  H  -4.328  -0.321  1.265  6.88
524  33  ASP  HA  -6.619  -1.579  1.643  3.61
525  33  ASP  HB2  -5.887  -0.041  3.257  2.14
526  33  ASP  HB3  -6.056  1.144  2.224  7.86
527  34  GLN  N  -6.591  0.626  -0.641  116.49
528  34  GLN  CA  -7.295  1.142  -1.8  59.52
529  34  GLN  C  -7.504  0.034  -2.816  58.67
530  34  GLN  O  -8.441  0.07  -3.613  176.28
531  34  GLN  CB  -6.524  2.303  -2.429  32.01
532  34  GLN  CG  -6.69  3.614  -1.681  25.78
533  34  GLN  CD  -6.39  4.821  -2.547  29.26
534  34  GLN  OE1  -6.965  4.982  -3.624  8.71
535  34  GLN  NE2  -5.487  5.677  -2.083  3.65
536  34  GLN  H  -5.787  0.884  -0.479  7.64
537  34  GLN  HA  -8.163  1.457  -1.502  3.59
538  34  GLN  HB2  -5.58  2.079  -2.448  57.46
539  34  GLN  HB3  -6.837  2.431  -3.338  1.56
540  34  GLN  HG2  -7.604  3.676  -1.363  1.04
541  34  GLN  HG3  -6.086  3.62  -0.922  1.09
542  34  GLN  HE21  -5.121  5.51  -1.323  27.51
543  34  GLN  HE22  -5.298  6.366  -2.561  0.48
544  35  TYR  N  -6.626  -0.957  -2.77  111.15
545  35  TYR  CA  -6.707  -2.097  -3.675  57.62
546  35  TYR  C  -7.885  -2.994  -3.311  4.2
547  35  TYR  O  -7.717  -4.19  -3.068  1.48
548  35  TYR  CB  -5.41  -2.909  -3.645  29.81
549  35  TYR  CG  -4.947  -3.336  -5.013  1.87
550  35  TYR  CD1  -4.413  -2.415  -5.9  32.08
551  35  TYR  CD2  -5.047  -4.659  -5.419  119.72
552  35  TYR  CE1  -3.992  -2.799  -7.156  127.6
553  35  TYR  CE2  -4.627  -5.051  -6.672  62.1
554  35  TYR  CZ  -4.1  -4.119  -7.539  176.31
555  35  TYR  OH  -3.679  -4.506  -8.792  61.23
556  35  TYR  H  -5.992  -0.922  -2.19  8.11
557  35  TYR  HA  -6.844  -1.753  -4.572  4.45
558  35  TYR  HB2  -4.706  -2.378  -3.242  3.18
559  35  TYR  HB3  -5.547  -3.711  -3.117  3.29
560  35  TYR  HD1  -4.341  -1.525  -5.639  58
561  35  TYR  HD2  -5.402  -5.288  -4.834  7.15
562  35  TYR  HE1  -3.637  -2.167  -7.738  28.84
563  35  TYR  HE2  -4.7  -5.943  -6.926  8.68
564  35  TYR  HH  -4.149  -5.148  -9.061  109.08
565  36  LYS  N  -9.078  -2.417  -3.282  124.15
566  36  LYS  CA  -10.277  -3.175  -2.957  61.39
567  36  LYS  C  -10.815  -3.891  -4.197  57.56
568  36  LYS  O  -11.823  -4.595  -4.132  171.54
569  36  LYS  CB  -11.339  -2.251  -2.362  33.12
570  36  LYS  CG  -11.597  -2.498  -0.884  64.01
571  36  LYS  CD  -12.943  -3.164  -0.649  1.75
572  36  LYS  CE  -13.747  -2.441  0.418  8.48
573  36  LYS  NZ  -13.044  -2.432  1.731  3.01
574  36  LYS  H  -9.147  -1.58  -3.467  7.04
575  36  LYS  HA  -10.032  -3.841  -2.296  4.63
576  36  LYS  HB2  -11.045  -1.332  -2.467  8.52
577  36  LYS  HB3  -12.172  -2.375  -2.844  62
578  36  LYS  HG2  -10.899  -3.074  -0.535  1.13
579  36  LYS  HG3  -11.58  -1.649  -0.416  58.97
580  36  LYS  HD2  -13.447  -3.159  -1.478  32.1
581  36  LYS  HD3  -12.794  -4.079  -0.365  174.2
582  36  LYS  HE2  -13.896  -1.526  0.133  30.33
583  36  LYS  HE3  -14.601  -2.89  0.52  28.24
584  36  LYS  HZ1  -12.774  -3.254  1.94  43.7
585  36  LYS  HZ2  -13.592  -2.14  2.369  121.42
586  36  LYS  HZ3  -12.334  -1.897  1.696  53.84
587  37  ASP  N  -10.125  -3.71  -5.321  119.01
588  37  ASP  CA  -10.513  -4.336  -6.578  50.99
589  37  ASP  C  -10.04  -5.784  -6.621  46.48
590  37  ASP  O  -10.772  -6.68  -7.042  8.2
591  37  ASP  CB  -9.91  -3.556  -7.749  43.02
592  37  ASP  CG  -10.933  -3.231  -8.819  25.42
593  37  ASP  OD1  -11.657  -4.153  -9.249  1.38
594  37  ASP  OD2  -11.008  -2.052  -9.229  1.01
595  37  ASP  H  -9.425  -3.211  -5.308  7.29
596  37  ASP  HA  -11.481  -4.314  -6.643  4.88
597  37  ASP  HB2  -9.54  -2.723  -7.417  0.85
598  37  ASP  HB3  -9.2  -4.082  -8.149  1.51
599  38  LYS  N  -8.802  -5.997  -6.189  33.42
600  38  LYS  CA  -8.204  -7.325  -6.178  61.77
601  38  LYS  C  -8.113  -7.877  -4.757  36.69
602  38  LYS  O  -7.112  -8.482  -4.376  109.66
603  38  LYS  CB  -6.808  -7.262  -6.783  33.12
604  38  LYS  CG  -6.362  -8.567  -7.411  28.46
605  38  LYS  CD  -6.223  -8.45  -8.921  50.86
606  38  LYS  CE  -6.124  -9.82  -9.575  2
607  38  LYS  NZ  -6.939  -9.906  -10.819  1.94
608  38  LYS  H  -8.337  -5.328  -5.913  1.77
609  38  LYS  HA  -8.758  -7.913  -6.715  4.65
610  38  LYS  HB2  -6.788  -6.57  -7.463  2.01
611  38  LYS  HB3  -6.181  -7.034  -6.079  2.67
612  38  LYS  HG2  -5.506  -8.822  -7.033  1.98
613  38  LYS  HG3  -7.023  -9.246  -7.206  2.35
614  38  LYS  HD2  -6.998  -7.987  -9.275  4.1
615  38  LYS  HD3  -5.42  -7.945  -9.124  3.05
616  38  LYS  HE2  -5.195  -9.994  -9.795  42.57
617  38  LYS  HE3  -6.438  -10.489  -8.946  125.61
618  38  LYS  HZ1  -6.843  -9.164  -11.3  107.67
619  38  LYS  HZ2  -7.799  -10.005  -10.614  45.92
620  38  LYS  HZ3  -6.679  -10.603  -11.308  174.52
621  39  GLU  N  -9.16  -7.653  -3.978  8.89
622  39  GLU  CA  -9.199  -8.115  -2.591  3.98
623  39  GLU  C  -9.594  -9.586  -2.502  1.6
624  39  GLU  O  -9.026  -10.343  -1.714  1.6
625  39  GLU  CB  -10.189  -7.279  -1.776  1.58
626  39  GLU  CG  -9.566  -6.065  -1.104  1.41
627  39  GLU  CD  -9.063  -6.362  0.295  3.02
628  39  GLU  OE1  -8.304  -7.338  0.457  3.02
629  39  GLU  OE2  -9.424  -5.614  1.228  64.25
630  39  GLU  H  -9.829  -7.217  -4.298  9.51
631  39  GLU  HA  -8.311  -8.005  -2.217  3.73
632  39  GLU  HB2  -10.895  -6.969  -2.365  3.92
633  39  GLU  HB3  -10.578  -7.84  -1.087  3.73
634  39  GLU  HG2  -8.82  -5.759  -1.643  114.58
635  39  GLU  HG3  -10.235  -5.365  -1.049  45.46
636  40  ASP  N  -10.583  -9.977  -3.295  174.72
637  40  ASP  CA  -11.071  -11.352  -3.284  59
638  40  ASP  C  -10.479  -12.173  -4.421  9.52
639  40  ASP  O  -11.064  -13.171  -4.841  3.93
640  40  ASP  CB  -12.596  -11.368  -3.374  29.02
641  40  ASP  CG  -13.196  -12.613  -2.754  106.02
642  40  ASP  OD1  -12.884  -13.723  -3.231  44.63
643  40  ASP  OD2  -13.979  -12.477  -1.79  174.16
644  40  ASP  H  -10.954  -9.403  -3.817  60.38
645  40  ASP  HA  -10.803  -11.755  -2.443  4.66
646  40  ASP  HB2  -12.951  -10.592  -2.912  3.2
647  40  ASP  HB3  -12.86  -11.331  -4.307  3.37
648  41  ARG  N  -9.316  -11.765  -4.907  118.75
649  41  ARG  CA  -8.658  -12.485  -5.979  54.12
650  41  ARG  C  -7.465  -13.262  -5.45  178.76
651  41  ARG  O  -6.768  -12.818  -4.538  121.53
652  41  ARG  CB  -8.202  -11.53  -7.078  17.47
653  41  ARG  CG  -9.237  -10.481  -7.444  26.26
654  41  ARG  CD  -10.369  -11.081  -8.265  18.08
655  41  ARG  NE  -10.055  -11.102  -9.694  8.47
656  41  ARG  CZ  -10.908  -10.749  -10.657  3.69
657  41  ARG  NH1  -12.143  -10.359  -10.36  1.8
658  41  ARG  NH2  -10.523  -10.788  -11.925  25.88
659  41  ARG  H  -8.936  -11.068  -4.576  6.58
660  41  ARG  HA  -9.298  -13.111  -6.353  3.66
661  41  ARG  HB2  -7.397  -11.077  -6.782  1.4
662  41  ARG  HB3  -7.997  -12.044  -7.874  1.53
663  41  ARG  HG2  -9.603  -10.101  -6.63  1.64
664  41  ARG  HG3  -8.807  -9.783  -7.963  123.74
665  41  ARG  HD2  -10.522  -11.99  -7.963  54.43
666  41  ARG  HD3  -11.17  -10.553  -8.122  178.56
667  41  ARG  HE  -9.265  -11.356  -9.92  175.74
668  41  ARG  HH11  -12.405  -10.331  -9.541  18.45
669  41  ARG  HH12  -12.684  -10.135  -10.99  34.3
670  41  ARG  HH21  -9.725  -11.04  -12.124  119.76
671  41  ARG  HH22  -11.072  -10.562  -12.547  54.93
672  42  ARG  N  -7.231  -14.416  -6.043  117.11
673  42  ARG  CA  -6.114  -15.266  -5.656  59.33
674  42  ARG  C  -4.785  -14.596  -6  34.27
675  42  ARG  O  -3.728  -15.002  -5.516  7.84
676  42  ARG  CB  -6.217  -16.617  -6.366  28.13
677  42  ARG  CG  -6.603  -16.497  -7.834  34.8
678  42  ARG  CD  -7.851  -17.308  -8.15  9.28
679  42  ARG  NE  -7.733  -18.688  -7.693  120.79
680  42  ARG  CZ  -7.028  -19.62  -8.329  2.38
681  42  ARG  NH1  -6.386  -19.324  -9.453  2.09
682  42  ARG  NH2  -6.964  -20.848  -7.837  2.7
683  42  ARG  H  -7.751  -14.666  -6.681  7.76
684  42  ARG  HA  -6.159  -15.405  -4.697  3.32
685  42  ARG  HB2  -5.36  -17.068  -6.311  1.82
686  42  ARG  HB3  -6.887  -17.156  -5.917  2.21
687  42  ARG  HG2  -6.773  -15.564  -8.038  2.18
688  42  ARG  HG3  -5.87  -16.821  -8.38  1.38
689  42  ARG  HD2  -8.611  -16.896  -7.71  59.46
690  42  ARG  HD3  -7.993  -17.305  -9.11  180.8
691  42  ARG  HE  -8.142  -18.904  -6.968  29.34
692  42  ARG  HH11  -6.424  -18.527  -9.774  29.57
693  42  ARG  HH12  -5.931  -19.93  -9.859  130.02
694  42  ARG  HH21  -7.378  -21.04  -7.108  130.02
695  42  ARG  HH22  -6.511  -21.454  -8.247  8.79
696  43  ASP  N  -4.85  -13.565  -6.839  118.3
697  43  ASP  CA  -3.662  -12.832  -7.252  58.31
698  43  ASP  C  -3.394  -11.647  -6.322  2.24
699  43  ASP  O  -3.169  -10.525  -6.776  2.16
700  43  ASP  CB  -3.828  -12.345  -8.693  40.24
701  43  ASP  CG  -2.629  -11.554  -9.185  2.37
702  43  ASP  OD1  -1.573  -11.604  -8.518  111.86
703  43  ASP  OD2  -2.746  -10.885  -10.231  61.49
704  43  ASP  H  -5.617  -13.325  -7.144  7.37
705  43  ASP  HA  -2.907  -13.439  -7.211  4.41
706  43  ASP  HB2  -3.947  -13.112  -9.275  2.7
707  43  ASP  HB3  -4.615  -11.781  -8.746  2.84
708  44  ASP  N  -3.422  -11.9  -5.016  119.29
709  44  ASP  CA  -3.184  -10.849  -4.032  64.91
710  44  ASP  C  -1.812  -10.214  -4.237  3.98
711  44  ASP  O  -1.6  -9.052  -3.895  104.9
712  44  ASP  CB  -3.288  -11.414  -2.614  38.12
713  44  ASP  CG  -4.664  -11.213  -2.008  173.39
714  44  ASP  OD1  -5.465  -10.454  -2.591  58.27
715  44  ASP  OD2  -4.938  -11.815  -0.948  179.14
716  44  ASP  H  -3.592  -12.699  -4.747  7.28
717  44  ASP  HA  -3.863  -10.167  -4.151  3.61
718  44  ASP  HB2  -3.1  -12.365  -2.636  37.78
719  44  ASP  HB3  -2.634  -10.975  -2.047  3.1
720  45  ALA  N  -0.884  -10.976  -4.807  120.52
721  45  ALA  CA  0.458  -10.465  -5.064  61.32
722  45  ALA  C  0.379  -9.186  -5.88  7.06
723  45  ALA  O  1.096  -8.221  -5.619  4.28
724  45  ALA  CB  1.3  -11.495  -5.79  38.32
725  45  ALA  H  -1.084  -11.782  -5.032  8.22
726  45  ALA  HA  0.876  -10.272  -4.21  3.52
727  45  ALA  HB1  0.958  -12.384  -5.605  2.32
728  45  ALA  HB2  2.219  -11.429  -5.486  2.25
729  45  ALA  HB3  1.262  -11.324  -6.744  2.84
730  46  SER  N  -0.518  -9.182  -6.861  117.04
731  46  SER  CA  -0.722  -8.019  -7.711  60.46
732  46  SER  C  -0.967  -6.797  -6.851  37.38
733  46  SER  O  -0.367  -5.742  -7.05  29.61
734  46  SER  CB  -1.912  -8.253  -8.631  32.47
735  46  SER  OG  -2.086  -7.18  -9.541  1.32
736  46  SER  H  -1  -9.883  -6.988  8.57
737  46  SER  HA  0.077  -7.882  -8.244  3.72
738  46  SER  HB2  -1.761  -9.07  -9.131  1.79
739  46  SER  HB3  -2.717  -8.347  -8.098  2
740  46  SER  HG  -1.347  -6.805  -9.681  7.21
741  47  ARG  N  -1.836  -6.97  -5.866  116.57
742  47  ARG  CA  -2.147  -5.901  -4.929  59.28
743  47  ARG  C  -0.858  -5.422  -4.284  8.01
744  47  ARG  O  -0.451  -4.273  -4.458  32.3
745  47  ARG  CB  -3.128  -6.389  -3.861  29.5
746  47  ARG  CG  -3.435  -5.346  -2.797  36.26
747  47  ARG  CD  -2.445  -5.415  -1.643  120.67
748  47  ARG  NE  -2.399  -6.749  -1.044  59.68
749  47  ARG  CZ  -1.345  -7.234  -0.391  4.35
750  47  ARG  NH1  -0.264  -6.487  -0.215  114.57
751  47  ARG  NH2  -1.378  -8.465  0.099  31.68
752  47  ARG  H  -2.201  -7.743  -5.77  8.1
753  47  ARG  HA  -2.543  -5.167  -5.425  4.1
754  47  ARG  HB2  -3.96  -6.639  -4.292  63.71
755  47  ARG  HB3  -2.753  -7.168  -3.422  2.08
756  47  ARG  HG2  -3.389  -4.464  -3.198  2.37
757  47  ARG  HG3  -4.329  -5.503  -2.456  2.42
758  47  ARG  HD2  -1.561  -5.186  -1.97  23.92
759  47  ARG  HD3  -2.715  -4.774  -0.967  22.58
760  47  ARG  HE  -3.095  -7.247  -1.13  1.33
761  47  ARG  HH11  -0.239  -5.683  -0.52  7.35
762  47  ARG  HH12  0.416  -6.809  0.202  3.14
763  47  ARG  HH21  -2.08  -8.951  -0.005  1.02
764  47  ARG  HH22  -0.697  -8.778  0.52  2.79
765  48  GLU  N  -0.204  -6.327  -3.558  121.56
766  48  GLU  CA  1.056  -6.018  -2.91  54.86
767  48  GLU  C  1.984  -5.333  -3.904  2.08
768  48  GLU  O  2.58  -4.3  -3.606  6.32
769  48  GLU  CB  1.69  -7.307  -2.376  19.72
770  48  GLU  CG  2.99  -7.09  -1.633  57.58
771  48  GLU  CD  3.37  -8.276  -0.768  178.5
772  48  GLU  OE1  2.496  -8.772  -0.025  125.37
773  48  GLU  OE2  4.54  -8.709  -0.832  53
774  48  GLU  H  -0.532  -7.118  -3.481  8.34
775  48  GLU  HA  0.88  -5.415  -2.171  4.16
776  48  GLU  HB2  1.064  -7.728  -1.766  31.31
777  48  GLU  HB3  1.859  -7.906  -3.12  7.75
778  48  GLU  HG2  3.698  -6.934  -2.277  4.38
779  48  GLU  HG3  2.892  -6.311  -1.064  42.77
780  49  GLU  N  2.069  -5.906  -5.101  119.28
781  49  GLU  CA  2.895  -5.353  -6.165  61.62
782  49  GLU  C  2.492  -3.914  -6.459  57.98
783  49  GLU  O  3.296  -2.995  -6.323  177.8
784  49  GLU  CB  2.761  -6.208  -7.426  39.37
785  49  GLU  CG  3.96  -6.117  -8.354  41.92
786  49  GLU  CD  5.211  -6.73  -7.753  27.28
787  49  GLU  OE1  5.348  -7.97  -7.803  24.72
788  49  GLU  OE2  6.055  -5.97  -7.231  25.42
789  49  GLU  H  1.617  -6.62  -5.262  9.06
790  49  GLU  HA  3.818  -5.367  -5.867  3.82
791  49  GLU  HB2  2.65  -7.135  -7.165  2.78
792  49  GLU  HB3  1.974  -5.924  -7.917  3.21
793  49  GLU  HG2  3.75  -6.585  -9.178  176.93
794  49  GLU  HG3  4.134  -5.183  -8.547  175.27
795  50  THR  N  1.241  -3.715  -6.862  117.57
796  50  THR  CA  0.758  -2.369  -7.161  56.08
797  50  THR  C  1.091  -1.429  -6.013  2.47
798  50  THR  O  1.614  -0.337  -6.225  7.41
799  50  THR  CB  -0.749  -2.354  -7.401  37.28
800  50  THR  OG1  -1.075  -2.991  -8.622  7.97
801  50  THR  CG2  -1.324  -0.952  -7.438  3.22
802  50  THR  H  0.714  -4.39  -6.947  8.55
803  50  THR  HA  1.209  -2.058  -7.962  4.45
804  50  THR  HB  -1.183  -2.834  -6.679  0.64
805  50  THR  HG1  -1.799  -3.409  -8.536  32.56
806  50  THR  HG21  -1.643  -0.711  -6.554  112.79
807  50  THR  HG22  -2.059  -0.917  -8.07  44.72
808  50  THR  HG23  -0.633  -0.328  -7.71  174.22
809  51  ALA  N  0.803  -1.863  -4.79  114.96
810  51  ALA  CA  1.102  -1.047  -3.626  61.4
811  51  ALA  C  2.569  -0.631  -3.677  2.46
812  51  ALA  O  2.905  0.532  -3.46  2.79
813  51  ALA  CB  0.778  -1.793  -2.341  62.82
814  51  ALA  H  0.446  -2.639  -4.687  8.15
815  51  ALA  HA  0.547  -0.253  -3.671  4.37
816  51  ALA  HB1  0.179  -2.531  -2.536  9.43
817  51  ALA  HB2  0.353  -1.189  -1.712  3.97
818  51  ALA  HB3  1.599  -2.137  -1.955  4.04
819  52  HSE  N  3.435  -1.592  -4.01  123.44
820  52  HSE  CA  4.864  -1.317  -4.14  54.72
821  52  HSE  C  5.051  -0.153  -5.11  40.5
822  52  HSE  O  5.742  0.822  -4.811  7.41
823  52  HSE  CB  5.623  -2.546  -4.661  18.27
824  52  HSE  CG  6.017  -3.53  -3.602  4.08
825  52  HSE  ND1  7.187  -3.426  -2.878  118.36
826  52  HSE  CD2  5.407  -4.661  -3.165  55.85
827  52  HSE  CE1  7.283  -4.447  -2.046  174.18
828  52  HSE  NE2  6.217  -5.21  -2.2  2.64
829  52  HSE  H  3.092  -2.493  -4.191  7.96
830  52  HSE  HA  5.247  -1.039  -3.17  4.09
831  52  HSE  HB2  5.012  -3.063  -5.374  178.86
832  52  HSE  HB3  6.525  -2.214  -5.153  118.95
833  52  HSE  HD2  4.452  -5.048  -3.498  7.23
834  52  HSE  HE1  8.098  -4.629  -1.36  4.66
835  52  HSE  HE2  5.996  -5.988  -1.646  2.99
836  53  LYS  N  4.405  -0.265  -6.274  119.45
837  53  LYS  CA  4.462  0.764  -7.302  61.42
838  53  LYS  C  4  2.103  -6.75  6.82
839  53  LYS  O  4.642  3.133  -6.958  120.3
840  53  LYS  CB  3.574  0.368  -8.482  28.8
841  53  LYS  CG  4.201  -0.666  -9.402  176.05
842  53  LYS  CD  3.461  -1.994  -9.345  7.98
843  53  LYS  CE  2.377  -2.09  -10.416  9.26
844  53  LYS  NZ  1.422  -0.944  -10.377  8.09
845  53  LYS  H  3.931  -0.967  -6.421  9.02
846  53  LYS  HA  5.38  0.845  -7.604  3.62
847  53  LYS  HB2  2.742  0.005  -8.14  2.87
848  53  LYS  HB3  3.377  1.16  -9.006  3.38
849  53  LYS  HG2  4.171  -0.332  -10.312  116.51
850  53  LYS  HG3  5.123  -0.806  -9.135  38.73
851  53  LYS  HD2  4.099  -2.712  -9.481  8.39
852  53  LYS  HD3  3.053  -2.088  -8.47  3.08
853  53  LYS  HE2  2.803  -2.11  -11.287  38.84
854  53  LYS  HE3  1.883  -2.914  -10.281  115.34
855  53  LYS  HZ1  0.651  -1.176  -10.757  8.6
856  53  LYS  HZ2  1.76  -0.25  -10.819  7.29
857  53  LYS  HZ3  1.265  -0.697  -9.536  8.08
858  54  VAL  N  2.879  2.074  -6.046  117.09
859  54  VAL  CA  2.318  3.276  -5.459  56.82
860  54  VAL  C  3.261  3.854  -4.415  3
861  54  VAL  O  3.702  4.998  -4.526  124.94
862  54  VAL  CB  0.953  2.995  -4.82  41.44
863  54  VAL  CG1  0.337  4.279  -4.275  119.76
864  54  VAL  CG2  0.05  2.339  -5.845  60.61
865  54  VAL  H  2.479  1.321  -5.934  8.09
866  54  VAL  HA  2.19  3.922  -6.171  4.51
867  54  VAL  HB  1.078  2.379  -4.081  38.76
868  54  VAL  HG11  -0.629  4.195  -4.258  1.68
869  54  VAL  HG12  0.586  5.023  -4.845  8.58
870  54  VAL  HG13  0.663  4.439  -3.376  4.3
871  54  VAL  HG21  0.384  2.536  -6.734  2.04
872  54  VAL  HG22  -0.853  2.682  -5.754  1.65
873  54  VAL  HG23  0.049  1.379  -5.709  1.43
874  55  ALA  N  3.568  3.053  -3.401  116.39
875  55  ALA  CA  4.463  3.479  -2.333  56.73
876  55  ALA  C  5.711  4.138  -2.896  174.71
877  55  ALA  O  6.128  5.199  -2.434  1.59
878  55  ALA  CB  4.831  2.306  -1.45  29.02
879  55  ALA  H  3.227  2.264  -3.373  7.74
880  55  ALA  HA  3.988  4.127  -1.79  4.17
881  55  ALA  HB1  4.834  1.491  -1.976  7.58
882  55  ALA  HB2  4.179  2.228  -0.736  1.98
883  55  ALA  HB3  5.712  2.451  -1.071  3.38
884  56  TRP  N  6.292  3.515  -3.911  120.11
885  56  TRP  CA  7.477  4.071  -4.541  59.02
886  56  TRP  C  7.141  5.441  -5.113  4.2
887  56  TRP  O  7.903  6.389  -4.954  8.63
888  56  TRP  CB  8.012  3.15  -5.633  38.74
889  56  TRP  CG  9.107  2.249  -5.152  4.64
890  56  TRP  CD1  9.062  0.894  -5.087  132.89
891  56  TRP  CD2  10.399  2.634  -4.66  60.79
892  56  TRP  NE1  10.245  0.4  -4.594  175.86
893  56  TRP  CE2  11.086  1.451  -4.324  57.02
894  56  TRP  CE3  11.04  3.862  -4.476  41.1
895  56  TRP  CZ2  12.384  1.463  -3.811  27.58
896  56  TRP  CZ3  12.326  3.873  -3.967  16.61
897  56  TRP  CH2  12.986  2.682  -3.641  8.33
898  56  TRP  H  5.948  2.782  -4.2  7.33
899  56  TRP  HA  8.155  4.177  -3.855  4.18
900  56  TRP  HB2  7.289  2.593  -5.961  2.69
901  56  TRP  HB3  8.36  3.686  -6.362  2.89
902  56  TRP  HD1  8.325  0.388  -5.343  6.87
903  56  TRP  HE1  10.425  -0.433  -4.476  6.71
904  56  TRP  HE3  10.616  4.662  -4.688  1.96
905  56  TRP  HZ2  12.835  0.68  -3.59  1.45
906  56  TRP  HZ3  12.765  4.683  -3.837  129.17
907  56  TRP  HH2  13.849  2.732  -3.299  54.19
908  57  ALA  N  5.978  5.544  -5.758  123.54
909  57  ALA  CA  5.534  6.813  -6.328  56.09
910  57  ALA  C  5.61  7.914  -5.274  36.65
911  57  ALA  O  6.135  8.997  -5.531  10.12
912  57  ALA  CB  4.122  6.692  -6.889  33.17
913  57  ALA  H  5.475  4.85  -5.834  7.62
914  57  ALA  HA  6.133  7.037  -7.058  4.12
915  57  ALA  HB1  4.106  6.007  -7.575  2.59
916  57  ALA  HB2  3.854  7.541  -7.274  103.46
917  57  ALA  HB3  3.507  6.451  -6.179  1.62
918  58  ALA  N  5.122  7.613  -4.071  120.71
919  58  ALA  CA  5.176  8.559  -2.972  54.35
920  58  ALA  C  6.632  8.834  -2.633  8.81
921  58  ALA  O  7.037  9.98  -2.44  4.3
922  58  ALA  CB  4.426  8.01  -1.766  41.63
923  58  ALA  H  4.79  6.832  -3.933  8.03
924  58  ALA  HA  4.751  9.386  -3.249  4.51
925  58  ALA  HB1  3.542  8.406  -1.726  115.66
926  58  ALA  HB2  4.913  8.226  -0.956  2.54
927  58  ALA  HB3  4.345  7.047  -1.848  2.74
928  59  VAL  N  7.414  7.761  -2.584  120.73
929  59  VAL  CA  8.828  7.85  -2.297  56.75
930  59  VAL  C  9.537  8.702  -3.349  3.55
931  59  VAL  O  10.291  9.607  -3.011  53.33
932  59  VAL  CB  9.455  6.447  -2.219  32.85
933  59  VAL  CG1  10.959  6.543  -2.053  58.04
934  59  VAL  CG2  8.838  5.675  -1.066  29.95
935  59  VAL  H  7.069  6.987  -2.732  8.23
936  59  VAL  HA  8.932  8.274  -1.431  4.23
937  59  VAL  HB  9.264  5.968  -3.04  4.32
938  59  VAL  HG11  11.206  7.469  -1.904  1.89
939  59  VAL  HG12  11.392  6.217  -2.857  1.78
940  59  VAL  HG13  11.236  6.007  -1.293  2.11
941  59  VAL  HG21  7.89  5.873  -1.016  2.04
942  59  VAL  HG22  9.267  5.935  -0.236  4.65
943  59  VAL  HG23  8.964  4.724  -1.212  46.47
944  60  LYS  N  9.29  8.42  -4.626  119.68
945  60  LYS  CA  9.909  9.183  -5.706  57.15
946  60  LYS  C  9.431  10.636  -5.694  177.08
947  60  LYS  O  10.025  11.499  -6.338  58.85
948  60  LYS  CB  9.584  8.551  -7.063  29.69
949  60  LYS  CG  10.265  7.213  -7.301  35.92
950  60  LYS  CD  9.73  6.535  -8.555  39.39
951  60  LYS  CE  10.082  5.055  -8.589  27.76
952  60  LYS  NZ  10.679  4.657  -9.895  18.65
953  60  LYS  H  8.757  7.777  -4.83  8.46
954  60  LYS  HA  10.869  9.165  -5.571  4.18
955  60  LYS  HB2  8.625  8.418  -7.123  1.94
956  60  LYS  HB3  9.862  9.161  -7.764  2.05
957  60  LYS  HG2  11.218  7.359  -7.406  3.61
958  60  LYS  HG3  10.105  6.637  -6.537  2.24
959  60  LYS  HD2  8.765  6.627  -8.575  9.02
960  60  LYS  HD3  10.113  6.968  -9.334  4.74
961  60  LYS  HE2  10.719  4.866  -7.882  1.25
962  60  LYS  HE3  9.274  4.539  -8.442  118.71
963  60  LYS  HZ1  11.006  3.831  -9.843  59.63
964  60  LYS  HZ2  11.338  5.214  -10.112  176.73
965  60  LYS  HZ3  10.06  4.681  -10.534  128.39
966  61  HSE  N  8.354  10.897  -4.956  118.59
967  61  HSE  CA  7.796  12.242  -4.857  54.42
968  61  HSE  C  8.496  13.036  -3.758  7.74
969  61  HSE  O  8.881  14.189  -3.955  41.8
970  61  HSE  CB  6.292  12.17  -4.57  40.8
971  61  HSE  CG  5.505  13.301  -5.159  7.81
972  61  HSE  ND1  4.82  13.202  -6.351  5.02
973  61  HSE  CD2  5.288  14.561  -4.709  9.1
974  61  HSE  CE1  4.217  14.349  -6.611  5.3
975  61  HSE  NE2  4.485  15.19  -5.629  0.27
976  61  HSE  H  7.93  10.167  -4.461  8.24
977  61  HSE  HA  7.951  12.74  -5.802  4.55
978  61  HSE  HB2  5.899  11.249  -4.976  2.64
979  61  HSE  HB3  6.138  12.179  -3.5  2.76
980  61  HSE  HD2  5.675  14.991  -3.795  2.7
981  61  HSE  HE1  3.606  14.56  -7.477  31.74
982  61  HSE  HE2  4.086  16.08  -5.524  8.34
983  62  GLU  N  8.638  12.411  -2.596  119.84
984  62  GLU  CA  9.272  13.047  -1.444  56.04
985  62  GLU  C  10.747  12.677  -1.344  110.21
986  62  GLU  O  11.492  13.281  -0.578  7.17
987  62  GLU  CB  8.545  12.639  -0.164  30.69
988  62  GLU  CG  7.073  12.319  -0.387  26.12
989  62  GLU  CD  6.178  12.811  0.735  43.13
990  62  GLU  OE1  6.646  13.63  1.554  0.8
991  62  GLU  OE2  5.008  12.378  0.793  2.29
992  62  GLU  H  8.334  11.611  -2.514  8.12
993  62  GLU  HA  9.201  14.008  -1.553  4.35
994  62  GLU  HB2  8.975  11.852  0.205  1.77
995  62  GLU  HB3  8.608  13.364  0.478  1.91
996  62  GLU  HG2  6.79  12.745  -1.211  44.96
997  62  GLU  HG3  6.973  11.358  -0.471  1.6
998  63  TYR  N  11.151  11.668  -2.102  120.75
999  63  TYR  CA  12.533  11.199  -2.09  56.44
1000  63  TYR  C  13.057  10.991  -3.512  50.93
1001  63  TYR  O  12.305  10.645  -4.422  176.62
1002  63  TYR  CB  12.644  9.907  -1.271  30.54
1003  63  TYR  CG  12.634  10.147  0.222  26.9
1004  63  TYR  CD1  11.437  10.304  0.906  3.9
1005  63  TYR  CD2  13.817  10.241  0.944  121.85
1006  63  TYR  CE1  11.419  10.546  2.269  58
1007  63  TYR  CE2  13.807  10.487  2.307  8.43
1008  63  TYR  CZ  12.606  10.639  2.963  4.31
1009  63  TYR  OH  12.589  10.886  4.317  1.12
1010  63  TYR  H  10.574  11.267  -2.598  8.44
1011  63  TYR  HA  13.072  11.885  -1.666  4.28
1012  63  TYR  HB2  11.893  9.331  -1.484  1.79
1013  63  TYR  HB3  13.47  9.451  -1.498  1.84
1014  63  TYR  HD1  10.638  10.236  0.435  8.43
1015  63  TYR  HD2  14.627  10.135  0.499  4.19
1016  63  TYR  HE1  10.608  10.648  2.712  2.27
1017  63  TYR  HE2  14.608  10.549  2.776  2.54
1018  63  TYR  HH  12.8  10.188  4.734  119.3
1019  64  ALA  N  14.356  11.213  -3.682  119.82
1020  64  ALA  CA  15.004  11.065  -4.981  53.67
1021  64  ALA  C  16.147  10.06  -4.916  61.57
1022  64  ALA  O  16.857  9.989  -3.916  70.46
1023  64  ALA  CB  15.531  12.412  -5.457  41.34
1024  64  ALA  H  14.824  11.448  -3  8.35
1025  64  ALA  HA  14.342  10.753  -5.618  4.68
1026  64  ALA  HB1  15.792  12.946  -4.691  4.31
1027  64  ALA  HB2  14.837  12.875  -5.952  2.74
1028  64  ALA  HB3  16.302  12.273  -6.029  2.82
1029  65  LYS  N  16.344  9.306  -5.997  120.46
1030  65  LYS  CA  17.432  8.334  -6.057  55.47
1031  65  LYS  C  18.647  8.969  -6.703  8.85
1032  65  LYS  O  18.588  9.399  -7.855  3.96
1033  65  LYS  CB  17.037  7.086  -6.848  41.04
1034  65  LYS  CG  17.953  5.898  -6.598  3.4
1035  65  LYS  CD  17.494  4.664  -7.358  62.71
1036  65  LYS  CE  17.556  4.876  -8.863  28.42
1037  65  LYS  NZ  16.289  5.447  -9.397  6.97
1038  65  LYS  H  15.836  9.41  -6.683  8.37
1039  65  LYS  HA  17.654  8.077  -5.148  4.5
1040  65  LYS  HB2  16.133  6.832  -6.604  2.7
1041  65  LYS  HB3  17.062  7.295  -7.795  2.81
1042  65  LYS  HG2  18.851  6.126  -6.887  41.07
1043  65  LYS  HG3  17.957  5.699  -5.649  7.72
1044  65  LYS  HD2  18.067  3.918  -7.123  36.85
1045  65  LYS  HD3  16.58  4.463  -7.105  4.21
1046  65  LYS  HE2  18.285  5.483  -9.064  2.33
1047  65  LYS  HE3  17.72  4.021  -9.29  1.76
1048  65  LYS  HZ1  16.452  6.212  -9.822  8.13
1049  65  LYS  HZ2  15.72  5.606  -8.731  3.81
1050  65  LYS  HZ3  15.91  4.877  -9.966  1.82
1051  66  GLY  N  19.747  9.03  -5.968  123.18
1052  66  GLY  CA  20.944  9.623  -6.516  54.05
1053  66  GLY  C  21.441  8.867  -7.728  60.09
1054  66  GLY  O  20.71  8.053  -8.293  176.75
1055  66  GLY  H  19.75  8.715  -5.168  8.33
1056  66  GLY  HA2  20.743  10.536  -6.776  31.67
1057  66  GLY  HA3  21.634  9.631  -5.834  2.92
1058  67  ASP  N  22.67  9.137  -8.149  115.14
1059  67  ASP  CA  23.224  8.47  -9.319  59.88
1060  67  ASP  C  23.846  7.118  -8.973  8.72
1061  67  ASP  O  24.808  6.698  -9.614  3.99
1062  67  ASP  CB  24.268  9.364  -9.999  63.32
1063  67  ASP  CG  25.437  9.695  -9.093  18.66
1064  67  ASP  OD1  25.277  10.564  -8.211  7.39
1065  67  ASP  OD2  26.514  9.087  -9.269  4.19
1066  67  ASP  H  23.147  9.725  -7.741  8.32
1067  67  ASP  HA  22.495  8.32  -9.941  4.39
1068  67  ASP  HB2  24.61  8.91  -10.785  3.97
1069  67  ASP  HB3  23.845  10.193  -10.271  4.07
1070  68  ASP  N  23.293  6.42  -7.978  124.99
1071  68  ASP  CA  23.813  5.112  -7.608  59.6
1072  68  ASP  C  22.68  4.099  -7.484  59.37
1073  68  ASP  O  22.33  3.417  -8.447  178.79
1074  68  ASP  CB  24.622  5.203  -6.309  30.92
1075  68  ASP  CG  25.673  6.293  -6.36  26
1076  68  ASP  OD1  26.763  6.042  -6.915  36.38
1077  68  ASP  OD2  25.404  7.401  -5.848  45.23
1078  68  ASP  H  22.612  6.73  -7.554  8.12
1079  68  ASP  HA  24.402  4.819  -8.321  2.89
1080  68  ASP  HB2  24.023  5.393  -5.57  1.33
1081  68  ASP  HB3  25.067  4.356  -6.152  1.1
1082  69  ASP  N  22.109  4.028  -6.302  117.59
1083  69  ASP  CA  21.003  3.133  -6.019  60.14
1084  69  ASP  C  20.445  3.453  -4.647  4.78
1085  69  ASP  O  19.884  2.597  -3.967  21.21
1086  69  ASP  CB  21.452  1.677  -6.093  29.74
1087  69  ASP  CG  20.725  0.902  -7.174  36.98
1088  69  ASP  OD1  21.152  0.973  -8.346  4.06
1089  69  ASP  OD2  19.728  0.224  -6.849  176.17
1090  69  ASP  H  22.398  4.543  -5.677  8.43
1091  69  ASP  HA  20.31  3.294  -6.679  4.05
1092  69  ASP  HB2  22.403  1.646  -6.282  2.37
1093  69  ASP  HB3  21.282  1.25  -5.239  2.5
1094  70  LYS  N  20.613  4.705  -4.258  117.8
1095  70  LYS  CA  20.136  5.186  -2.974  59.88
1096  70  LYS  C  19.239  6.394  -3.16  7.12
1097  70  LYS  O  19.303  7.07  -4.185  4.05
1098  70  LYS  CB  21.316  5.558  -2.1  29.8
1099  70  LYS  CG  21.74  4.46  -1.154  36.47
1100  70  LYS  CD  22.826  4.932  -0.199  7.4
1101  70  LYS  CE  23.953  3.917  -0.092  120.53
1102  70  LYS  NZ  23.753  2.986  1.051  66.26
1103  70  LYS  H  21.013  5.252  -4.788  8.19
1104  70  LYS  HA  19.632  4.474  -2.55  4.26
1105  70  LYS  HB2  22.067  5.763  -2.679  2.17
1106  70  LYS  HB3  21.094  6.35  -1.586  2.27
1107  70  LYS  HG2  20.971  4.169  -0.64  2.36
1108  70  LYS  HG3  22.08  3.721  -1.682  2.5
1109  70  LYS  HD2  23.19  5.769  -0.528  7.35
1110  70  LYS  HD3  22.434  5.061  0.679  3.26
1111  70  LYS  HE2  23.99  3.404  -0.914  32.2
1112  70  LYS  HE3  24.79  4.393  0.029  1.43
1113  70  LYS  HZ1  22.913  3.033  1.341  30.84
1114  70  LYS  HZ2  24.299  3.2  1.72  131.3
1115  70  LYS  HZ3  23.924  2.15  0.798  116.65
1116  71  TRP  N  18.395  6.656  -2.174  115.4
1117  71  TRP  CA  17.475  7.782  -2.256  67.02
1118  71  TRP  C  17.687  8.792  -1.129  8.26
1119  71  TRP  O  18.285  8.484  -0.099  31.18
1120  71  TRP  CB  16.026  7.294  -2.239  68.9
1121  71  TRP  CG  15.726  6.274  -3.294  3.18
1122  71  TRP  CD1  16.186  4.991  -3.343  3.16
1123  71  TRP  CD2  14.902  6.449  -4.45  6.96
1124  71  TRP  NE1  15.702  4.357  -4.461  6.94
1125  71  TRP  CE2  14.91  5.231  -5.158  121.28
1126  71  TRP  CE3  14.158  7.517  -4.96  60.25
1127  71  TRP  CZ2  14.205  5.054  -6.345  178.1
1128  71  TRP  CZ3  13.459  7.34  -6.137  128.1
1129  71  TRP  CH2  13.486  6.116  -6.819  30.84
1130  71  TRP  H  18.379  6.143  -1.484  8.26
1131  71  TRP  HA  17.642  8.225  -3.102  3.9
1132  71  TRP  HB2  15.834  6.896  -1.376  7.57
1133  71  TRP  HB3  15.436  8.051  -2.378  3.97
1134  71  TRP  HD1  16.748  4.615  -2.705  23.31
1135  71  TRP  HE1  15.868  3.543  -4.685  7.59
1136  71  TRP  HE3  14.128  8.335  -4.519  4.26
1137  71  TRP  HZ2  14.215  4.248  -6.808  1.6
1138  71  TRP  HZ3  12.96  8.041  -6.489  1.54
1139  71  TRP  HH2  13.003  6.035  -7.61  1.64
1140  72  HSE  N  17.167  9.999  -1.347  124.15
1141  72  HSE  CA  17.25  11.09  -0.379  55.85
1142  72  HSE  C  15.997  11.952  -0.5  65.07
1143  72  HSE  O  15.498  12.166  -1.604  179.56
1144  72  HSE  CB  18.507  11.932  -0.615  16.86
1145  72  HSE  CG  18.663  12.404  -2.028  8.15
1146  72  HSE  ND1  18.669  13.736  -2.38  28.65
1147  72  HSE  CD2  18.832  11.713  -3.181  126.51
1148  72  HSE  CE1  18.833  13.848  -3.685  117.62
1149  72  HSE  NE2  18.935  12.635  -4.195  57.53
1150  72  HSE  H  16.699  10.16  -2.193  7.87
1151  72  HSE  HA  17.286  10.658  0.611  3.77
1152  72  HSE  HB2  18.472  12.802  0.021  41.71
1153  72  HSE  HB3  19.376  11.343  -0.363  25.94
1154  72  HSE  HD2  18.879  10.638  -3.284  7.95
1155  72  HSE  HE1  18.882  14.774  -4.239  4.72
1156  72  HSE  HE2  19.089  12.429  -5.141  2.68
1157  73  LYS  N  15.453  12.411  0.624  116.53
1158  73  LYS  CA  14.223  13.196  0.58  60.83
1159  73  LYS  C  14.339  14.433  -0.287  1.57
1160  73  LYS  O  15.164  15.316  -0.048  1.07
1161  73  LYS  CB  13.734  13.603  1.966  71.84
1162  73  LYS  CG  12.233  13.856  1.98  5.37
1163  73  LYS  CD  11.749  14.367  3.327  111.95
1164  73  LYS  CE  10.235  14.516  3.354  61.17
1165  73  LYS  NZ  9.822  15.925  3.594  175.3
1166  73  LYS  H  15.811  12.218  1.382  8.55
1167  73  LYS  HA  13.545  12.628  0.182  4.7
1168  73  LYS  HB2  13.938  12.898  2.6  4.25
1169  73  LYS  HB3  14.184  14.418  2.237  3.45
1170  73  LYS  HG2  12.019  14.511  1.298  4
1171  73  LYS  HG3  11.775  13.026  1.774  8.21
1172  73  LYS  HD2  12.015  13.739  4.016  7.29
1173  73  LYS  HD3  12.155  15.231  3.501  4.03
1174  73  LYS  HE2  9.875  14.222  2.503  1.46
1175  73  LYS  HE3  9.88  13.958  4.064  1.69
1176  73  LYS  HZ1  10.114  16.198  4.389  107.91
1177  73  LYS  HZ2  8.935  15.992  3.575  3.01
1178  73  LYS  HZ3  10.162  16.455  2.965  9.16
1179  74  LYS  N  13.464  14.492  -1.278  118.45
1180  74  LYS  CA  13.396  15.609  -2.186  60.62
1181  74  LYS  C  12.615  16.75  -1.533  4.57
1182  74  LYS  O  13.199  17.689  -0.99  115.67
1183  74  LYS  CB  12.728  15.174  -3.485  32.3
1184  74  LYS  CG  13.696  14.587  -4.498  25.58
1185  74  LYS  CD  14.303  15.665  -5.384  29.76
1186  74  LYS  CE  13.545  15.8  -6.696  42.12
1187  74  LYS  NZ  14.173  16.799  -7.607  121.71
1188  74  LYS  H  12.902  13.848  -1.373  7.83
1189  74  LYS  HA  14.302  15.899  -2.377  4.29
1190  74  LYS  HB2  12.055  14.505  -3.284  2.09
1191  74  LYS  HB3  12.298  15.947  -3.884  2.2
1192  74  LYS  HG2  14.409  14.136  -4.02  1.86
1193  74  LYS  HG3  13.223  13.949  -5.055  1.58
1194  74  LYS  HD2  14.272  16.513  -4.914  2.49
1195  74  LYS  HD3  15.225  15.432  -5.575  1.81
1196  74  LYS  HE2  13.532  14.937  -7.138  1.54
1197  74  LYS  HE3  12.636  16.077  -6.503  3.05
1198  74  LYS  HZ1  13.586  17.436  -7.812  46.83
1199  74  LYS  HZ2  14.441  16.405  -8.359  119.27
1200  74  LYS  HZ3  14.878  17.172  -7.212  125
1201  75  SER  N  11.289  16.652  -1.589  121.44
1202  75  SER  CA  10.412  17.664  -1.001  66.34
1203  75  SER  C  10.712  17.854  0.483  2.53
1204  75  SER  O  10.311  18.899  1.037  17.66
1205  75  SER  CB  8.946  17.27  -1.183  31.61
1206  75  SER  OG  8.129  18.414  -1.368  116.61
1207  75  SER  OXT  11.343  16.954  1.079  55.6
1208  75  SER  H  10.943  15.974  -1.989  8.24
1209  75  SER  HA  10.574  18.502  -1.462  3.66
1210  75  SER  HB2  8.86  16.696  -1.96  8.11
1211  75  SER  HB3  8.641  16.794  -0.395  4.3
1212  75  SER  HG  8.388  18.837  -2.046  56.19
