1  1  GLY  N  -4.85  -3.324  -12.44  121.23
2  1  GLY  CA  -5.709  -4.526  -12.298  52.59
3  1  GLY  C  -7.153  -4.159  -12.035  178.04
4  1  GLY  O  -7.45  -3.01  -11.717  55.76
5  1  GLY  H  -4.479  -3.305  -13.249  19.22
6  1  GLY  H2  -4.206  -3.33  -11.826  3.76
7  1  GLY  H3  -5.336  -2.587  -12.332  3.76
8  1  GLY  HA2  -5.661  -5.049  -13.114  3.85
9  1  GLY  HA3  -5.382  -5.063  -11.56  3.85
10  2  SER  N  -8.047  -5.129  -12.167  125.32
11  2  SER  CA  -9.465  -4.905  -11.913  53.23
12  2  SER  C  -9.968  -5.853  -10.826  178.46
13  2  SER  O  -11.118  -6.292  -10.849  4
14  2  SER  CB  -10.263  -5.122  -13.199  19.32
15  2  SER  OG  -9.686  -4.416  -14.286  8.53
16  2  SER  H  -7.786  -5.906  -12.427  8.58
17  2  SER  HA  -9.579  -3.989  -11.615  4.56
18  2  SER  HB2  -10.276  -6.067  -13.416  3.73
19  2  SER  HB3  -11.172  -4.808  -13.07  3.73
20  2  SER  HG  -9.496  -4.957  -14.9  116.97
21  3  HSE  N  -9.102  -6.164  -9.874  124.83
22  3  HSE  CA  -9.433  -7.127  -8.831  56.61
23  3  HSE  C  -9.956  -6.433  -7.58  177.04
24  3  HSE  O  -9.206  -5.789  -6.848  42.19
25  3  HSE  CB  -8.215  -7.99  -8.491  30.64
26  3  HSE  CG  -7.85  -8.945  -9.586  26.94
27  3  HSE  ND1  -8.386  -10.208  -9.631  177.58
28  3  HSE  CD2  -7.032  -8.772  -10.653  118.33
29  3  HSE  CE1  -7.892  -10.771  -10.72  18.72
30  3  HSE  NE2  -7.066  -9.94  -11.371  1.91
31  3  HSE  H  -8.226  -5.727  -9.864  7.72
32  3  HSE  HA  -10.212  -7.768  -9.216  4.32
33  3  HSE  HB2  -7.365  -7.35  -8.309  1.59
34  3  HSE  HB3  -8.426  -8.565  -7.602  1.67
35  3  HSE  HD2  -6.461  -7.886  -10.895  6.99
36  3  HSE  HE1  -8.124  -11.775  -11.044  8.55
37  3  HSE  HE2  -6.749  -10.053  -12.298  4.24
38  4  MET  N  -11.249  -6.588  -7.333  118.76
39  4  MET  CA  -11.906  -5.918  -6.218  56.44
40  4  MET  C  -11.581  -6.593  -4.889  178.03
41  4  MET  O  -11.755  -5.988  -3.833  32.74
42  4  MET  CB  -13.42  -5.894  -6.434  32.11
43  4  MET  CG  -13.858  -5.116  -7.666  36.36
44  4  MET  SD  -13.444  -3.361  -7.571  8.23
45  4  MET  CE  -14.368  -2.874  -6.116  16.52
46  4  MET  H  -11.714  -7.098  -7.846  8.59
47  4  MET  HA  -11.58  -5.005  -6.189  4.5
48  4  MET  HB2  -13.735  -6.807  -6.525  2.54
49  4  MET  HB3  -13.84  -5.492  -5.657  2.67
50  4  MET  HG2  -13.422  -5.497  -8.444  2.37
51  4  MET  HG3  -14.819  -5.204  -7.761  2.29
52  4  MET  HE1  -15.312  -3.046  -6.26  4.68
53  4  MET  HE2  -14.061  -3.383  -5.349  30.02
54  4  MET  HE3  -14.233  -1.928  -5.951  45.54
55  5  ALA  N  -11.095  -7.834  -4.95  123.54
56  5  ALA  CA  -10.76  -8.604  -3.747  54.66
57  5  ALA  C  -9.839  -7.819  -2.822  180.13
58  5  ALA  O  -10.171  -7.572  -1.66  3.82
59  5  ALA  CB  -10.114  -9.926  -4.133  17.78
60  5  ALA  H  -10.977  -8.196  -5.721  8.4
61  5  ALA  HA  -11.582  -8.799  -3.271  4.36
62  5  ALA  HB1  -10.713  -10.424  -4.711  2.73
63  5  ALA  HB2  -9.282  -9.755  -4.601  116.4
64  5  ALA  HB3  -9.931  -10.443  -3.333  58.32
65  6  ALA  N  -8.696  -7.408  -3.348  119.5
66  6  ALA  CA  -7.729  -6.665  -2.56  54.18
67  6  ALA  C  -8.242  -5.264  -2.257  180.68
68  6  ALA  O  -8.036  -4.741  -1.161  54.84
69  6  ALA  CB  -6.391  -6.601  -3.28  18.98
70  6  ALA  H  -8.524  -7.584  -4.172  8.32
71  6  ALA  HA  -7.6  -7.139  -1.724  4.78
72  6  ALA  HB1  -6.072  -7.501  -3.45  7.76
73  6  ALA  HB2  -6.499  -6.131  -4.122  23.44
74  6  ALA  HB3  -5.748  -6.129  -2.728  24.84
75  7  LEU  N  -8.94  -4.668  -3.222  123.59
76  7  LEU  CA  -9.396  -3.293  -3.081  58.03
77  7  LEU  C  -10.423  -3.168  -1.967  178.49
78  7  LEU  O  -10.207  -2.426  -1.012  45.12
79  7  LEU  CB  -9.993  -2.755  -4.38  29.38
80  7  LEU  CG  -10.263  -1.251  -4.352  27.29
81  7  LEU  CD1  -8.955  -0.482  -4.42  23.8
82  7  LEU  CD2  -11.189  -0.838  -5.478  24.65
83  7  LEU  H  -9.128  -5.105  -3.939  8.2
84  7  LEU  HA  -8.624  -2.755  -2.845  4.31
85  7  LEU  HB2  -9.378  -2.947  -5.105  1.68
86  7  LEU  HB3  -10.831  -3.213  -4.55  2.17
87  7  LEU  HG  -10.693  -1.025  -3.512  1.56
88  7  LEU  HD11  -9.136  0.47  -4.37  117.49
89  7  LEU  HD12  -8.387  -0.742  -3.678  60.49
90  7  LEU  HD13  -8.505  -0.681  -5.256  3.68
91  7  LEU  HD21  -12.017  -1.34  -5.414  3.68
92  7  LEU  HD22  -11.378  0.11  -5.403  108.93
93  7  LEU  HD23  -10.763  -1.016  -6.331  45.34
94  8  GLU  N  -11.529  -3.905  -2.086  118.16
95  8  GLU  CA  -12.588  -3.871  -1.079  59.21
96  8  GLU  C  -12.036  -4.246  0.274  179.55
97  8  GLU  O  -12.506  -3.762  1.298  3.67
98  8  GLU  CB  -13.728  -4.819  -1.44  29.34
99  8  GLU  CG  -14.598  -4.315  -2.568  36.31
100  8  GLU  CD  -15.627  -5.336  -3.008  24.9
101  8  GLU  OE1  -15.269  -6.272  -3.757  61.92
102  8  GLU  OE2  -16.796  -5.222  -2.592  176.18
103  8  GLU  H  -11.616  -4.425  -2.766  8.1
104  8  GLU  HA  -12.93  -2.964  -1.039  4
105  8  GLU  HB2  -13.352  -5.674  -1.703  2.11
106  8  GLU  HB3  -14.287  -4.947  -0.658  2.17
107  8  GLU  HG2  -15.063  -3.518  -2.27  2.31
108  8  GLU  HG3  -14.028  -4.092  -3.32  2.42
109  9  GLY  N  -11.025  -5.097  0.266  104.52
110  9  GLY  CA  -10.403  -5.502  1.495  47.14
111  9  GLY  C  -9.812  -4.327  2.24  176.17
112  9  GLY  O  -10.173  -4.068  3.389  4.8
113  9  GLY  H  -10.728  -5.396  -0.484  8.76
114  9  GLY  HA2  -11.066  -5.932  2.058  4.04
115  9  GLY  HA3  -9.697  -6.136  1.296  4.37
116  10  TYR  N  -8.904  -3.611  1.593  123.62
117  10  TYR  CA  -8.225  -2.506  2.243  62.02
118  10  TYR  C  -9.103  -1.257  2.3  176.8
119  10  TYR  O  -9.1  -0.562  3.3  24.99
120  10  TYR  CB  -6.895  -2.201  1.556  37.67
121  10  TYR  CG  -6.08  -1.155  2.281  36.69
122  10  TYR  CD1  -5.801  -1.282  3.639  8.33
123  10  TYR  CD2  -5.598  -0.037  1.616  4.36
124  10  TYR  CE1  -5.069  -0.322  4.308  116.71
125  10  TYR  CE2  -4.862  0.925  2.28  116.71
126  10  TYR  CZ  -4.603  0.778  3.624  4.32
127  10  TYR  OH  -3.879  1.739  4.288  60.38
128  10  TYR  H  -8.703  -3.811  0.781  8.16
129  10  TYR  HA  -8.041  -2.783  3.154  3.47
130  10  TYR  HB2  -6.367  -3.013  1.508  2.66
131  10  TYR  HB3  -7.067  -1.878  0.658  2.71
132  10  TYR  HD1  -6.117  -2.027  4.098  7.43
133  10  TYR  HD2  -5.773  0.059  0.708  7.43
134  10  TYR  HE1  -4.891  -0.421  5.215  6.37
135  10  TYR  HE2  -4.546  1.668  1.819  6.37
136  10  TYR  HH  -3.292  1.371  4.762  22.04
137  11  ARG  N  -9.855  -0.962  1.24  118.81
138  11  ARG  CA  -10.758  0.193  1.242  58.84
139  11  ARG  C  -11.82  0.076  2.331  179.23
140  11  ARG  O  -12.185  1.088  2.929  1.45
141  11  ARG  CB  -11.43  0.411  -0.114  29.65
142  11  ARG  CG  -12.575  -0.542  -0.416  27.84
143  11  ARG  CD  -13.61  0.12  -1.308  42.85
144  11  ARG  NE  -14.219  1.274  -0.647  118
145  11  ARG  CZ  -14.417  2.458  -1.225  8.69
146  11  ARG  NH1  -14.083  2.655  -2.492  4.25
147  11  ARG  NH2  -14.948  3.449  -0.524  2.08
148  11  ARG  H  -9.815  -1.46  0.54  8.26
149  11  ARG  HA  -10.279  1.002  1.48  4.48
150  11  ARG  HB2  -11.776  1.317  -0.146  1.84
151  11  ARG  HB3  -10.762  0.308  -0.809  1.96
152  11  ARG  HG2  -12.224  -1.326  -0.867  1.69
153  11  ARG  HG3  -12.995  -0.806  0.417  1.69
154  11  ARG  HD2  -13.179  0.415  -2.125  2.93
155  11  ARG  HD3  -14.302  -0.526  -1.519  2.93
156  11  ARG  HE  -14.452  1.176  0.175  174.68
157  11  ARG  HH11  -13.737  2.017  -2.953  58.14
158  11  ARG  HH12  -14.208  3.425  -2.855  118.54
159  11  ARG  HH21  -15.162  3.324  0.299  56.25
160  11  ARG  HH22  -15.073  4.218  -0.889  64.14
161  12  LYS  N  -12.301  -1.123  2.625  116.54
162  12  LYS  CA  -13.243  -1.279  3.729  58.85
163  12  LYS  C  -12.52  -0.978  5.048  179.13
164  12  LYS  O  -13.146  -0.672  6.065  3.88
165  12  LYS  CB  -13.853  -2.687  3.745  31.89
166  12  LYS  CG  -12.997  -3.706  4.48  28.8
167  12  LYS  CD  -13.626  -5.088  4.485  25.08
168  12  LYS  CE  -12.839  -6.042  5.367  41.71
169  12  LYS  NZ  -11.424  -6.168  4.933  3.79
170  12  LYS  H  -12.073  -1.807  2.156  7.59
171  12  LYS  HA  -13.944  -0.619  3.609  4.15
172  12  LYS  HB2  -14.721  -2.65  4.176  1.95
173  12  LYS  HB3  -13.965  -2.989  2.83  2.03
174  12  LYS  HG2  -12.132  -3.758  4.043  1.77
175  12  LYS  HG3  -12.879  -3.411  5.396  1.77
176  12  LYS  HD2  -14.533  -5.02  4.823  1.58
177  12  LYS  HD3  -13.639  -5.432  3.578  1.7
178  12  LYS  HE2  -12.861  -5.713  6.279  3.04
179  12  LYS  HE3  -13.259  -6.916  5.33  3.04
180  12  LYS  HZ1  -11.257  -5.607  4.263  4.38
181  12  LYS  HZ2  -11.258  -6.999  4.661  33.44
182  12  LYS  HZ3  -10.88  -5.973  5.61  4.27
183  13  GLU  N  -11.191  -1.058  5  122.44
184  13  GLU  CA  -10.343  -0.789  6.152  58.23
185  13  GLU  C  -9.938  0.69  6.191  177.63
186  13  GLU  O  -9.463  1.187  7.21  4.65
187  13  GLU  CB  -9.079  -1.658  6.099  28.19
188  13  GLU  CG  -8.36  -1.769  7.433  33.96
189  13  GLU  CD  -9.116  -2.649  8.411  2.6
190  13  GLU  OE1  -9.295  -3.857  8.124  2.6
191  13  GLU  OE2  -9.539  -2.147  9.47  116.56
192  13  GLU  H  -10.822  -1.282  4.256  7.08
193  13  GLU  HA  -10.845  -1.011  6.952  4.29
194  13  GLU  HB2  -9.325  -2.552  5.813  1.5
195  13  GLU  HB3  -8.461  -1.28  5.454  1.67
196  13  GLU  HG2  -7.474  -2.137  7.29  1.91
197  13  GLU  HG3  -8.281  -0.881  7.816  2.06
198  14  GLN  N  -10.159  1.409  5.088  116.74
199  14  GLN  CA  -9.638  2.768  4.953  59.57
200  14  GLN  C  -10.683  3.779  5.379  178.52
201  14  GLN  O  -10.426  4.64  6.216  4.43
202  14  GLN  CB  -9.238  3.066  3.506  28.95
203  14  GLN  CG  -8.105  2.211  2.98  36.63
204  14  GLN  CD  -7.739  2.565  1.553  4.08
205  14  GLN  OE1  -8.288  2.015  0.602  110.23
206  14  GLN  NE2  -6.805  3.486  1.392  111.66
207  14  GLN  H  -10.676  1.111  4.469  8.4
208  14  GLN  HA  -8.86  2.853  5.526  3.47
209  14  GLN  HB2  -10.009  2.926  2.935  2.09
210  14  GLN  HB3  -8.969  3.996  3.444  2.32
211  14  GLN  HG2  -7.327  2.337  3.546  1.44
212  14  GLN  HG3  -8.378  1.281  3.008  2.01
213  14  GLN  HE21  -6.453  3.838  2.093  6.05
214  14  GLN  HE22  -6.582  3.702  0.59  6.58
215  15  GLU  N  -11.871  3.646  4.816  117.78
216  15  GLU  CA  -12.934  4.608  5.066  58.59
217  15  GLU  C  -13.373  4.564  6.528  178.98
218  15  GLU  O  -13.895  5.536  7.067  4.2
219  15  GLU  CB  -14.111  4.36  4.119  29.22
220  15  GLU  CG  -14.549  2.912  4.004  35.99
221  15  GLU  CD  -15.58  2.735  2.909  4.21
222  15  GLU  OE1  -16.691  3.279  3.051  2.37
223  15  GLU  OE2  -15.276  2.087  1.885  1.92
224  15  GLU  H  -12.017  2.975  4.298  8.16
225  15  GLU  HA  -12.572  5.484  4.857  3.92
226  15  GLU  HB2  -14.871  4.877  4.429  2.08
227  15  GLU  HB3  -13.863  4.671  3.234  2.08
228  15  GLU  HG2  -13.776  2.361  3.805  2.3
229  15  GLU  HG3  -14.94  2.634  4.847  2.52
230  16  ARG  N  -13.12  3.428  7.164  119.35
231  16  ARG  CA  -13.469  3.212  8.564  58.98
232  16  ARG  C  -12.47  3.905  9.497  177.86
233  16  ARG  O  -12.755  4.136  10.672  8.18
234  16  ARG  CB  -13.496  1.705  8.836  32.79
235  16  ARG  CG  -13.831  1.326  10.268  27.9
236  16  ARG  CD  -13.938  -0.18  10.422  43.34
237  16  ARG  NE  -14.317  -0.57  11.777  116.86
238  16  ARG  CZ  -15.518  -1.037  12.104  51.64
239  16  ARG  NH1  -16.481  -1.09  11.191  122.1
240  16  ARG  NH2  -15.761  -1.426  13.346  57.02
241  16  ARG  H  -12.741  2.789  6.731  7.95
242  16  ARG  HA  -14.353  3.581  8.715  4.03
243  16  ARG  HB2  -14.157  1.297  8.255  1.98
244  16  ARG  HB3  -12.624  1.337  8.623  1.98
245  16  ARG  HG2  -13.131  1.655  10.853  1.52
246  16  ARG  HG3  -14.678  1.731  10.512  1.67
247  16  ARG  HD2  -14.606  -0.511  9.801  3.14
248  16  ARG  HD3  -13.078  -0.576  10.21  3.39
249  16  ARG  HE  -13.716  -0.506  12.389  1.72
250  16  ARG  HH11  -16.33  -0.819  10.389  8.16
251  16  ARG  HH12  -17.259  -1.394  11.396  3.97
252  16  ARG  HH21  -15.141  -1.379  13.941  121.2
253  16  ARG  HH22  -16.539  -1.721  13.565  114
254  17  LEU  N  -11.315  4.255  8.955  114.56
255  17  LEU  CA  -10.214  4.802  9.747  53.96
256  17  LEU  C  -9.763  6.158  9.216  176.94
257  17  LEU  O  -8.96  6.842  9.853  70.12
258  17  LEU  CB  -9.031  3.83  9.745  43.31
259  17  LEU  CG  -9.297  2.468  10.393  26.98
260  17  LEU  CD1  -8.06  1.588  10.308  25.66
261  17  LEU  CD2  -9.724  2.643  11.844  22
262  17  LEU  H  -11.213  4.175  8.105  7.48
263  17  LEU  HA  -10.496  4.941  10.665  4.36
264  17  LEU  HB2  -8.762  3.683  8.825  1.42
265  17  LEU  HB3  -8.294  4.25  10.216  1.42
266  17  LEU  HG  -10.017  2.025  9.917  1.48
267  17  LEU  HD11  -8.242  0.732  10.726  60.05
268  17  LEU  HD12  -7.827  1.45  9.377  117.7
269  17  LEU  HD13  -7.322  2.021  10.764  66.82
270  17  LEU  HD21  -9.882  1.773  12.242  175.18
271  17  LEU  HD22  -9.022  3.1  12.333  52.34
272  17  LEU  HD23  -10.538  3.169  11.881  68.92
273  18  GLY  N  -10.268  6.541  8.057  118.4
274  18  GLY  CA  -9.925  7.831  7.489  46.5
275  18  GLY  C  -8.721  7.743  6.573  174.8
276  18  GLY  O  -8.285  8.744  6.007  8.28
277  18  GLY  H  -10.785  6.006  7.625  7.75
278  18  GLY  HA2  -10.683  8.163  6.983  3.86
279  18  GLY  HA3  -9.729  8.451  8.209  3.76
280  19  ILE  N  -8.186  6.532  6.438  122.62
281  19  ILE  CA  -7.003  6.288  5.619  58.78
282  19  ILE  C  -7.263  6.672  4.162  176.04
283  19  ILE  O  -8.233  6.213  3.554  6.65
284  19  ILE  CB  -6.571  4.805  5.698  40.17
285  19  ILE  CG1  -6.253  4.422  7.148  27.73
286  19  ILE  CG2  -5.367  4.549  4.8  15.59
287  19  ILE  CD  -5.841  2.974  7.333  49.98
288  19  ILE  H  -8.558  5.868  6.838  8.28
289  19  ILE  HA  -6.281  6.835  5.964  4.04
290  19  ILE  HB  -7.306  4.258  5.379  1.26
291  19  ILE  HG12  -5.527  4.979  7.47  1.41
292  19  ILE  HG13  -7.039  4.579  7.694  1.41
293  19  ILE  HG21  -4.633  5.12  5.076  4.19
294  19  ILE  HG22  -5.1  3.619  4.874  8.44
295  19  ILE  HG23  -5.602  4.748  3.88  8.18
296  19  ILE  HD11  -4.978  2.766  6.718  4.66
297  19  ILE  HD12  -5.593  2.799  8.371  117.9
298  19  ILE  HD13  -6.655  2.327  7.043  60.22
299  20  PRO  N  -6.408  7.54  3.597  116.59
300  20  PRO  CA  -6.542  8.004  2.218  62.92
301  20  PRO  C  -6.276  6.898  1.209  177.02
302  20  PRO  O  -5.431  6.026  1.415  6.81
303  20  PRO  CB  -5.483  9.104  2.083  32.75
304  20  PRO  CG  -5.036  9.405  3.474  27.59
305  20  PRO  CD  -5.245  8.144  4.258  50.89
306  20  PRO  HA  -7.422  8.379  2.056  4.21
307  20  PRO  HB2  -4.75  8.78  1.536  1.99
308  20  PRO  HB3  -5.881  9.883  1.663  2.56
309  20  PRO  HG2  -4.097  9.65  3.475  2.19
310  20  PRO  HG3  -5.574  10.122  3.844  2.19
311  20  PRO  HD2  -4.467  7.569  4.188  4.14
312  20  PRO  HD3  -5.439  8.346  5.187  3.59
313  21  TYR  N  -7.024  6.953  0.124  117.53
314  21  TYR  CA  -6.917  5.995  -0.956  60.44
315  21  TYR  C  -5.613  6.181  -1.727  177.1
316  21  TYR  O  -4.976  5.212  -2.13  117.63
317  21  TYR  CB  -8.082  6.197  -1.905  37.95
318  21  TYR  CG  -8.935  4.968  -2.132  56.95
319  21  TYR  CD1  -8.471  3.915  -2.903  132.09
320  21  TYR  CD2  -10.219  4.881  -1.61  132.09
321  21  TYR  CE1  -9.255  2.811  -3.153  118.15
322  21  TYR  CE2  -11.01  3.772  -1.848  118.15
323  21  TYR  CZ  -10.521  2.741  -2.626  172.61
324  21  TYR  OH  -11.304  1.64  -2.887  123.91
325  21  TYR  H  -7.599  7.589  0.053  8.26
326  21  TYR  HA  -6.967  5.094  -0.6  4.38
327  21  TYR  HB2  -8.656  6.897  -1.556  2.9
328  21  TYR  HB3  -7.73  6.474  -2.765  3.09
329  21  TYR  HD1  -7.612  3.958  -3.257  7.16
330  21  TYR  HD2  -10.544  5.578  -1.087  7.16
331  21  TYR  HE1  -8.924  2.114  -3.673  6.83
332  21  TYR  HE2  -11.868  3.726  -1.492  6.83
333  21  TYR  HH  -10.825  0.95  -2.876  3.08
334  22  ASP  N  -5.237  7.44  -1.941  118.32
335  22  ASP  CA  -4.034  7.761  -2.706  50.75
336  22  ASP  C  -2.812  7.756  -1.788  178.34
337  22  ASP  O  -2.829  8.353  -0.71  7.72
338  22  ASP  CB  -4.176  9.125  -3.393  42.42
339  22  ASP  CG  -3.049  9.41  -4.371  52.11
340  22  ASP  OD1  -2.003  9.942  -3.952  174.81
341  22  ASP  OD2  -3.203  9.105  -5.571  65.54
342  22  ASP  H  -5.701  8.083  -1.608  8.46
343  22  ASP  HA  -3.925  7.074  -3.382  4.58
344  22  ASP  HB2  -5.015  9.15  -3.879  2.43
345  22  ASP  HB3  -4.179  9.821  -2.717  2.97
346  23  PRO  N  -1.735  7.076  -2.221  121.62
347  23  PRO  CA  -0.558  6.794  -1.385  61.48
348  23  PRO  C  0.143  8.03  -0.846  175.96
349  23  PRO  O  0.724  7.995  0.236  1.98
350  23  PRO  CB  0.391  6.044  -2.326  30.37
351  23  PRO  CG  -0.093  6.351  -3.696  27.11
352  23  PRO  CD  -1.577  6.522  -3.573  49.95
353  23  PRO  HA  -0.79  6.211  -0.645  1.04
354  23  PRO  HB2  1.297  6.362  -2.192  -0.3
355  23  PRO  HB3  0.348  5.093  -2.14  0.41
356  23  PRO  HG2  0.316  7.171  -4.014  0.77
357  23  PRO  HG3  0.115  5.614  -4.291  1.08
358  23  PRO  HD2  -1.903  7.144  -4.242  3.45
359  23  PRO  HD3  -2.028  5.667  -3.652  3.73
360  24  ILE  N  0.101  9.117  -1.597  115.47
361  24  ILE  CA  0.877  10.291  -1.248  63.6
362  24  ILE  C  0.353  10.968  0.017  176.68
363  24  ILE  O  1.113  11.634  0.72  9.93
364  24  ILE  CB  0.934  11.316  -2.407  37.52
365  24  ILE  CG1  2.134  12.252  -2.228  28.79
366  24  ILE  CG2  -0.355  12.123  -2.479  15.98
367  24  ILE  CD  2.334  13.213  -3.381  2.35
368  24  ILE  H  -0.396  9.129  -2.299  7.57
369  24  ILE  HA  1.787  10.009  -1.064  3.35
370  24  ILE  HB  1.034  10.829  -3.24  1.34
371  24  ILE  HG12  2.012  12.776  -1.421  0.94
372  24  ILE  HG13  2.939  11.718  -2.142  0.94
373  24  ILE  HG21  -1.104  11.525  -2.63  37.04
374  24  ILE  HG22  -0.484  12.599  -1.644  119.6
375  24  ILE  HG23  -0.298  12.76  -3.208  57.82
376  24  ILE  HD11  2.478  12.654  -4.293  179.08
377  24  ILE  HD12  1.464  13.845  -3.479  115.98
378  24  ILE  HD13  3.204  13.825  -3.192  42.92
379  25  HSE  N  -0.934  10.809  0.331  117.37
380  25  HSE  CA  -1.495  11.498  1.486  55.38
381  25  HSE  C  -1.399  10.658  2.756  176.56
382  25  HSE  O  -1.864  11.088  3.815  8.77
383  25  HSE  CB  -2.96  11.88  1.259  31.74
384  25  HSE  CG  -3.218  12.704  0.038  117.83
385  25  HSE  ND1  -2.841  14.02  -0.035  59.24
386  25  HSE  CD2  -3.853  12.36  -1.105  118.72
387  25  HSE  CE1  -3.261  14.447  -1.216  138.78
388  25  HSE  NE2  -3.881  13.476  -1.9  30.44
389  25  HSE  H  -1.513  10.25  -0.226  7.61
390  25  HSE  HA  -0.904  12.393  1.61  4.78
391  25  HSE  HB2  -3.545  10.977  1.168  2.94
392  25  HSE  HB3  -3.31  12.438  2.115  3.5
393  25  HSE  HD2  -4.265  11.392  -1.346  7.07
394  25  HSE  HE1  -3.12  15.455  -1.581  7.67
395  25  HSE  HE2  -4.507  13.619  -2.644  177.08
396  26  TRP  N  -0.806  9.466  2.669  120.24
397  26  TRP  CA  -0.742  8.585  3.836  55.3
398  26  TRP  C  0.154  9.198  4.905  179.65
399  26  TRP  O  1.114  9.906  4.597  1.73
400  26  TRP  CB  -0.163  7.199  3.51  30.52
401  26  TRP  CG  -0.948  6.334  2.573  34.84
402  26  TRP  CD1  -2.298  6.309  2.393  124.24
403  26  TRP  CD2  -0.404  5.32  1.714  3.86
404  26  TRP  NE1  -2.627  5.357  1.456  179.41
405  26  TRP  CE2  -1.479  4.736  1.025  59.61
406  26  TRP  CE3  0.897  4.861  1.453  120.66
407  26  TRP  CZ2  -1.298  3.714  0.093  112.97
408  26  TRP  CZ3  1.078  3.846  0.526  122.26
409  26  TRP  CH2  -0.015  3.284  -0.143  125.74
410  26  TRP  H  -0.422  9.232  1.936  7.87
411  26  TRP  HA  -1.643  8.506  4.187  5.35
412  26  TRP  HB2  0.715  7.32  3.116  3.27
413  26  TRP  HB3  -0.058  6.71  4.341  3.51
414  26  TRP  HD1  -2.898  6.865  2.836  6.57
415  26  TRP  HE1  -3.424  5.181  1.185  9.83
416  26  TRP  HE3  1.632  5.224  1.892  7.4
417  26  TRP  HZ2  -2.014  3.33  -0.36  7.3
418  26  TRP  HZ3  1.933  3.53  0.339  6.37
419  26  TRP  HH2  0.145  2.608  -0.761  6.2
420  27  SER  N  -0.163  8.937  6.158  121.49
421  27  SER  CA  0.758  9.222  7.238  56.65
422  27  SER  C  1.51  7.947  7.573  177.76
423  27  SER  O  1.058  6.864  7.205  58.12
424  27  SER  CB  0.018  9.773  8.459  65.21
425  27  SER  OG  -1.174  9.048  8.707  118.23
426  27  SER  H  -0.932  8.598  6.339  9.34
427  27  SER  HA  1.396  9.88  6.919  4.98
428  27  SER  HB2  0.591  9.706  9.239  4.13
429  27  SER  HB3  -0.207  10.704  8.304  4.56
430  27  SER  HG  -1.815  9.444  8.336  7.52
431  28  THR  N  2.646  8.073  8.249  115.53
432  28  THR  CA  3.55  6.947  8.481  65.66
433  28  THR  C  2.817  5.692  8.975  176.57
434  28  THR  O  3.115  4.578  8.54  8.47
435  28  THR  CB  4.647  7.349  9.481  67.72
436  28  THR  OG1  5.243  8.589  9.061  3.58
437  28  THR  CG2  5.721  6.276  9.586  21.45
438  28  THR  H  2.861  8.843  8.566  8.99
439  28  THR  HA  3.98  6.739  7.637  4.46
440  28  THR  HB  4.243  7.471  10.354  4.19
441  28  THR  HG1  5.791  8.844  9.644  115.3
442  28  THR  HG21  6.113  6.123  8.712  50.82
443  28  THR  HG22  5.327  5.451  9.909  170.58
444  28  THR  HG23  6.411  6.567  10.203  10.31
445  29  ASP  N  1.837  5.877  9.853  117.87
446  29  ASP  CA  1.045  4.755  10.355  57.21
447  29  ASP  C  0.227  4.117  9.237  176.88
448  29  ASP  O  0.292  2.915  9.032  7.33
449  29  ASP  CB  0.109  5.202  11.479  40.45
450  29  ASP  CG  0.85  5.584  12.74  4.89
451  29  ASP  OD1  1.224  6.768  12.88  176.93
452  29  ASP  OD2  1.061  4.701  13.6  5.25
453  29  ASP  H  1.671  6.672  10.137  8.2
454  29  ASP  HA  1.663  4.093  10.702  4.48
455  29  ASP  HB2  -0.4  5.972  11.181  2.57
456  29  ASP  HB3  -0.501  4.477  11.688  2.7
457  30  GLN  N  -0.526  4.937  8.515  120.09
458  30  GLN  CA  -1.37  4.469  7.406  58.31
459  30  GLN  C  -0.537  3.884  6.272  176.01
460  30  GLN  O  -0.976  2.934  5.619  111.2
461  30  GLN  CB  -2.238  5.605  6.866  25.78
462  30  GLN  CG  -3.094  6.293  7.913  34.74
463  30  GLN  CD  -3.658  7.6  7.4  4.4
464  30  GLN  OE1  -3.041  8.267  6.568  4.37
465  30  GLN  NE2  -4.825  7.98  7.889  109.94
466  30  GLN  H  -0.508  5.778  8.696  7.73
467  30  GLN  HA  -1.929  3.729  7.689  3.99
468  30  GLN  HB2  -1.66  6.272  6.464  1.4
469  30  GLN  HB3  -2.825  5.249  6.181  2.49
470  30  GLN  HG2  -3.829  5.707  8.152  2.5
471  30  GLN  HG3  -2.551  6.472  8.697  2.15
472  30  GLN  HE21  -5.209  7.474  8.469  7.5
473  30  GLN  HE22  -5.163  8.72  7.609  6.91
474  31  VAL  N  0.64  4.429  6.042  126.74
475  31  VAL  CA  1.564  3.839  5.079  67.85
476  31  VAL  C  1.774  2.354  5.393  177.7
477  31  VAL  O  1.73  1.5  4.508  4.12
478  31  VAL  CB  2.93  4.564  5.091  31.94
479  31  VAL  CG1  3.894  3.937  4.101  21.64
480  31  VAL  CG2  2.761  6.039  4.781  23.77
481  31  VAL  H  0.856  5.151  6.456  8.8
482  31  VAL  HA  1.176  3.926  4.194  4.3
483  31  VAL  HB  3.312  4.483  5.979  3.13
484  31  VAL  HG11  4.049  3.01  4.341  177.38
485  31  VAL  HG12  3.516  3.986  3.209  7.59
486  31  VAL  HG13  4.733  4.424  4.123  39.42
487  31  VAL  HG21  2.195  6.448  5.455  114.53
488  31  VAL  HG22  3.63  6.469  4.783  56.74
489  31  VAL  HG23  2.351  6.141  3.908  23.84
490  32  LEU  N  1.961  2.056  6.667  116.35
491  32  LEU  CA  2.177  0.686  7.117  58.11
492  32  LEU  C  0.892  0.012  7.614  177.68
493  32  LEU  O  0.91  -1.192  7.853  7.21
494  32  LEU  CB  3.288  0.615  8.165  41.35
495  32  LEU  CG  4.622  1.233  7.742  26.85
496  32  LEU  CD1  5.57  1.307  8.928  25.12
497  32  LEU  CD2  5.246  0.429  6.611  23.53
498  32  LEU  H  1.959  2.69  7.248  8.24
499  32  LEU  HA  2.391  0.133  6.349  4.18
500  32  LEU  HB2  2.979  1.075  8.961  1.99
501  32  LEU  HB3  3.439  -0.317  8.385  1.62
502  32  LEU  HG  4.468  2.136  7.422  1.99
503  32  LEU  HD11  5.723  0.416  9.278  53.74
504  32  LEU  HD12  6.414  1.691  8.645  118.6
505  32  LEU  HD13  5.177  1.863  9.619  55.22
506  32  LEU  HD21  5.389  -0.484  6.905  179.08
507  32  LEU  HD22  4.649  0.433  5.846  2.34
508  32  LEU  HD23  6.095  0.826  6.362  19.42
509  33  HSE  N  -0.221  0.726  7.75  117.92
510  33  HSE  CA  -1.505  0.027  7.863  60.79
511  33  HSE  C  -1.728  -0.724  6.559  176.85
512  33  HSE  O  -2.107  -1.891  6.541  7.54
513  33  HSE  CB  -2.701  0.961  8.118  30.81
514  33  HSE  CG  -2.774  1.54  9.498  6.54
515  33  HSE  ND1  -2.876  0.738  10.608  5.58
516  33  HSE  CD2  -2.808  2.838  9.889  118.54
517  33  HSE  CE1  -2.972  1.558  11.637  138.32
518  33  HSE  NE2  -2.934  2.839  11.255  8.91
519  33  HSE  H  -0.18  1.707  7.794  8.11
520  33  HSE  HA  -1.421  -0.686  8.674  3.99
521  33  HSE  HB2  -2.667  1.778  7.418  3.2
522  33  HSE  HB3  -3.612  0.404  7.951  3.12
523  33  HSE  HD2  -2.745  3.708  9.252  7.31
524  33  HSE  HE1  -3.077  1.234  12.659  7.82
525  33  HSE  HE2  -3.206  3.61  11.805  175.08
526  34  TRP  N  -1.451  -0.019  5.474  119.99
527  34  TRP  CA  -1.458  -0.597  4.138  60.54
528  34  TRP  C  -0.47  -1.755  4.034  175.97
529  34  TRP  O  -0.874  -2.866  3.711  19.27
530  34  TRP  CB  -1.14  0.485  3.098  27.46
531  34  TRP  CG  -1.084  -0.014  1.685  38.34
532  34  TRP  CD1  -2.122  -0.498  0.945  126
533  34  TRP  CD2  0.066  -0.052  0.831  117.88
534  34  TRP  NE1  -1.684  -0.858  -0.306  112.4
535  34  TRP  CE2  -0.345  -0.588  -0.403  7.84
536  34  TRP  CE3  1.406  0.312  0.995  121.45
537  34  TRP  CZ2  0.534  -0.768  -1.466  114.64
538  34  TRP  CZ3  2.277  0.134  -0.062  120.46
539  34  TRP  CH2  1.839  -0.401  -1.279  123.26
540  34  TRP  H  -1.281  0.82  5.56  7.55
541  34  TRP  HA  -2.332  -0.976  3.955  4.19
542  34  TRP  HB2  -1.824  1.171  3.145  2.94
543  34  TRP  HB3  -0.281  0.881  3.311  3.81
544  34  TRP  HD1  -2.994  -0.582  1.258  5.72
545  34  TRP  HE1  -2.172  -1.195  -0.928  12.46
546  34  TRP  HE3  1.714  0.668  1.797  8.21
547  34  TRP  HZ2  0.257  -1.124  -2.279  7.92
548  34  TRP  HZ3  3.171  0.372  0.031  7.04
549  34  TRP  HH2  2.455  -0.506  -1.968  7
550  35  VAL  N  0.807  -1.526  4.311  117.12
551  35  VAL  CA  1.8  -2.587  4.17  66.26
552  35  VAL  C  1.477  -3.803  5.055  177.85
553  35  VAL  O  1.646  -4.932  4.611  4.12
554  35  VAL  CB  3.237  -2.086  4.437  31.58
555  35  VAL  CG1  4.251  -3.189  4.191  22.31
556  35  VAL  CG2  3.556  -0.879  3.569  24
557  35  VAL  H  1.058  -0.743  4.562  8.42
558  35  VAL  HA  1.75  -2.917  3.259  2.6
559  35  VAL  HB  3.301  -1.817  5.367  2.13
560  35  VAL  HG11  4.048  -3.947  4.761  7.02
561  35  VAL  HG12  4.21  -3.465  3.262  45.73
562  35  VAL  HG13  5.141  -2.861  4.393  2.5
563  35  VAL  HG21  3.449  -1.116  2.635  53.74
564  35  VAL  HG22  2.953  -0.152  3.79  175.63
565  35  VAL  HG23  4.471  -0.599  3.729  115.93
566  36  VAL  N  0.986  -3.595  6.273  116.37
567  36  VAL  CA  0.639  -4.72  7.151  66.34
568  36  VAL  C  -0.623  -5.446  6.667  177.66
569  36  VAL  O  -0.626  -6.663  6.487  38.94
570  36  VAL  CB  0.443  -4.257  8.614  31.42
571  36  VAL  CG1  -0.152  -5.369  9.466  21.12
572  36  VAL  CG2  1.766  -3.794  9.206  23.11
573  36  VAL  H  0.889  -2.79  6.56  8.07
574  36  VAL  HA  1.381  -5.345  7.131  3.53
575  36  VAL  HB  -0.173  -3.507  8.62  2.03
576  36  VAL  HG11  0.439  -6.138  9.456  30.65
577  36  VAL  HG12  -0.261  -5.057  10.378  8.23
578  36  VAL  HG13  -1.017  -5.622  9.106  4.61
579  36  VAL  HG21  1.623  -3.494  10.117  4.2
580  36  VAL  HG22  2.399  -4.529  9.203  2.61
581  36  VAL  HG23  2.117  -3.061  8.676  7.21
582  37  TRP  N  -1.68  -4.69  6.452  121.21
583  37  TRP  CA  -2.944  -5.255  5.983  62.75
584  37  TRP  C  -2.772  -5.925  4.62  178.91
585  37  TRP  O  -3.2  -7.059  4.422  9
586  37  TRP  CB  -4.016  -4.163  5.9  29.83
587  37  TRP  CG  -5.409  -4.696  5.791  33.98
588  37  TRP  CD1  -6.364  -4.676  6.761  127.07
589  37  TRP  CD2  -6  -5.34  4.657  122.1
590  37  TRP  NE1  -7.513  -5.264  6.3  53.62
591  37  TRP  CE2  -7.314  -5.681  5.014  178.78
592  37  TRP  CE3  -5.547  -5.66  3.375  121.63
593  37  TRP  CZ2  -8.175  -6.324  4.139  113.94
594  37  TRP  CZ3  -6.396  -6.302  2.508  124.44
595  37  TRP  CH2  -7.7  -6.63  2.891  119.96
596  37  TRP  H  -1.618  -3.842  6.581  8.24
597  37  TRP  HA  -3.248  -5.964  6.571  3.9
598  37  TRP  HB2  -3.969  -3.611  6.696  3.16
599  37  TRP  HB3  -3.844  -3.611  5.121  3.62
600  37  TRP  HD1  -6.243  -4.313  7.609  7.3
601  37  TRP  HE1  -8.241  -5.352  6.749  10.25
602  37  TRP  HE3  -4.682  -5.447  3.107  7.24
603  37  TRP  HZ2  -9.047  -6.539  4.38  7.32
604  37  TRP  HZ3  -6.102  -6.523  1.654  7.37
605  37  TRP  HH2  -8.248  -7.064  2.278  6.69
606  38  VAL  N  -2.143  -5.247  3.698  119.85
607  38  VAL  CA  -2.01  -5.779  2.351  66.89
608  38  VAL  C  -0.934  -6.871  2.266  177.91
609  38  VAL  O  -1.02  -7.747  1.412  120.3
610  38  VAL  CB  -1.787  -4.663  1.312  31.1
611  38  VAL  CG1  -1.754  -5.218  -0.099  22.76
612  38  VAL  CG2  -2.882  -3.618  1.437  23.17
613  38  VAL  H  -1.817  -4.479  3.908  8.76
614  38  VAL  HA  -2.834  -6.238  2.124  3.26
615  38  VAL  HB  -0.935  -4.237  1.496  1.62
616  38  VAL  HG11  -2.6  -5.648  -0.297  8.45
617  38  VAL  HG12  -1.604  -4.496  -0.729  63.62
618  38  VAL  HG13  -1.037  -5.867  -0.175  34.44
619  38  VAL  HG21  -2.867  -3.24  2.33  34.34
620  38  VAL  HG22  -2.734  -2.915  0.785  8.31
621  38  VAL  HG23  -3.744  -4.033  1.275  3.92
622  39  MET  N  0.043  -6.884  3.16  117.09
623  39  MET  CA  0.937  -8.047  3.211  59.85
624  39  MET  C  0.167  -9.271  3.719  178.48
625  39  MET  O  0.512  -10.408  3.404  1.84
626  39  MET  CB  2.181  -7.812  4.078  33.14
627  39  MET  CG  1.903  -7.778  5.569  31.59
628  39  MET  SD  3.402  -7.851  6.566  1.88
629  39  MET  CE  4.309  -6.434  5.952  16.4
630  39  MET  H  0.167  -6.209  3.678  8.61
631  39  MET  HA  1.216  -8.232  2.301  3.87
632  39  MET  HB2  2.821  -8.521  3.906  2.17
633  39  MET  HB3  2.579  -6.964  3.825  2.17
634  39  MET  HG2  1.433  -6.955  5.778  2.8
635  39  MET  HG3  1.34  -8.535  5.795  2.32
636  39  MET  HE1  5.154  -6.363  6.423  24.64
637  39  MET  HE2  4.478  -6.544  5.003  38.02
638  39  MET  HE3  3.788  -5.628  6.096  8.95
639  40  LYS  N  -0.884  -9.015  4.484  117.45
640  40  LYS  CA  -1.757  -10.062  5.015  58.32
641  40  LYS  C  -2.5  -10.816  3.91  179.37
642  40  LYS  O  -2.461  -12.045  3.869  8.58
643  40  LYS  CB  -2.772  -9.438  5.979  32.28
644  40  LYS  CG  -3.854  -10.393  6.459  24.97
645  40  LYS  CD  -4.795  -9.712  7.439  28.99
646  40  LYS  CE  -5.661  -8.661  6.76  41.8
647  40  LYS  NZ  -6.68  -9.273  5.865  118.93
648  40  LYS  H  -1.072  -8.196  4.668  7.85
649  40  LYS  HA  -1.242  -10.716  5.513  4.02
650  40  LYS  HB2  -2.299  -9.105  6.757  1.82
651  40  LYS  HB3  -3.204  -8.692  5.534  1.73
652  40  LYS  HG2  -4.367  -10.694  5.693  1.36
653  40  LYS  HG3  -3.436  -11.153  6.894  1.1
654  40  LYS  HD2  -5.372  -10.383  7.837  1.55
655  40  LYS  HD3  -4.27  -9.285  8.134  1.55
656  40  LYS  HE2  -6.113  -8.14  7.442  2.87
657  40  LYS  HE3  -5.09  -8.078  6.236  2.87
658  40  LYS  HZ1  -7.359  -8.712  5.738  56.28
659  40  LYS  HZ2  -6.997  -10.021  6.229  8.15
660  40  LYS  HZ3  -6.324  -9.471  5.073  5.15
661  41  GLU  N  -3.155  -10.092  3.009  121.57
662  41  GLU  CA  -4.095  -10.709  2.066  58.04
663  41  GLU  C  -3.414  -11.706  1.118  177.77
664  41  GLU  O  -4.067  -12.597  0.578  6.51
665  41  GLU  CB  -4.843  -9.633  1.273  28.61
666  41  GLU  CG  -6.306  -9.987  1.028  33.89
667  41  GLU  CD  -7.108  -10.085  2.319  120.7
668  41  GLU  OE1  -6.502  -10.21  3.407  53.02
669  41  GLU  OE2  -8.353  -10.045  2.254  176.68
670  41  GLU  H  -3.021  -9.243  2.993  8.14
671  41  GLU  HA  -4.744  -11.198  2.596  3.54
672  41  GLU  HB2  -4.808  -8.797  1.763  0.88
673  41  GLU  HB3  -4.411  -9.515  0.413  1.17
674  41  GLU  HG2  -6.708  -9.309  0.463  0.82
675  41  GLU  HG3  -6.345  -10.845  0.576  1.39
676  42  PHE  N  -2.112  -11.567  0.926  112.35
677  42  PHE  CA  -1.36  -12.485  0.065  57.56
678  42  PHE  C  -0.291  -13.214  0.863  173.92
679  42  PHE  O  0.628  -13.801  0.296  1.34
680  42  PHE  CB  -0.705  -11.742  -1.099  38.58
681  42  PHE  CG  -1.416  -10.482  -1.478  4.44
682  42  PHE  CD1  -2.608  -10.509  -2.182  132.46
683  42  PHE  CD2  -0.884  -9.267  -1.118  132.46
684  42  PHE  CE1  -3.254  -9.334  -2.512  130.19
685  42  PHE  CE2  -1.515  -8.094  -1.442  130.19
686  42  PHE  CZ  -2.706  -8.122  -2.141  129
687  42  PHE  H  -1.696  -10.923  1.317  7.94
688  42  PHE  HA  -1.94  -13.174  -0.295  4.5
689  42  PHE  HB2  0.204  -11.508  -0.854  2.59
690  42  PHE  HB3  -0.685  -12.322  -1.876  3.4
691  42  PHE  HD1  -2.976  -11.326  -2.431  7.45
692  42  PHE  HD2  -0.082  -9.244  -0.648  7.45
693  42  PHE  HE1  -4.055  -9.358  -2.984  7.1
694  42  PHE  HE2  -1.135  -7.285  -1.186  7.1
695  42  PHE  HZ  -3.136  -7.327  -2.362  7.14
696  43  SER  N  -0.434  -13.163  2.182  114.8
697  43  SER  CA  0.414  -13.923  3.102  58.37
698  43  SER  C  1.897  -13.648  2.85  174
699  43  SER  O  2.719  -14.561  2.785  176.68
700  43  SER  CB  0.112  -15.423  2.994  61
701  43  SER  OG  0.627  -16.136  4.108  38.32
702  43  SER  H  -1.029  -12.638  2.514  7.56
703  43  SER  HA  0.211  -13.621  4.001  4.04
704  43  SER  HB2  -0.848  -15.556  2.957  3.97
705  43  SER  HB3  0.516  -15.775  2.185  3.97
706  43  SER  HG  1.163  -16.723  3.838  2.6
707  44  MET  N  2.23  -12.368  2.713  117.97
708  44  MET  CA  3.612  -11.947  2.573  55.06
709  44  MET  C  4.291  -11.945  3.936  175.83
710  44  MET  O  5.244  -12.691  4.159  3.97
711  44  MET  CB  3.717  -10.567  1.916  35.55
712  44  MET  CG  3.187  -10.52  0.489  31.6
713  44  MET  SD  3.792  -9.09  -0.429  175.68
714  44  MET  CE  3.035  -7.746  0.475  16.92
715  44  MET  H  1.587  -11.798  2.675  8.79
716  44  MET  HA  4.059  -12.597  2.008  4.58
717  44  MET  HB2  3.214  -9.931  2.448  1.76
718  44  MET  HB3  4.649  -10.297  1.902  2.22
719  44  MET  HG2  3.459  -11.326  0.022  2.44
720  44  MET  HG3  2.218  -10.48  0.52  2.56
721  44  MET  HE1  3.336  -6.901  0.105  4.37
722  44  MET  HE2  2.07  -7.808  0.4  116.4
723  44  MET  HE3  3.291  -7.8  1.409  51.22
724  45  THR  N  3.785  -11.103  4.838  110.24
725  45  THR  CA  4.187  -11.103  6.249  60.77
726  45  THR  C  5.601  -10.546  6.466  174
727  45  THR  O  5.817  -9.709  7.342  58.84
728  45  THR  CB  4.078  -12.519  6.86  70.28
729  45  THR  OG1  2.773  -13.062  6.601  56.7
730  45  THR  CG2  4.319  -12.488  8.364  21.05
731  45  THR  H  3.208  -10.519  4.583  8.2
732  45  THR  HA  3.564  -10.53  6.723  4.47
733  45  THR  HB  4.747  -13.088  6.449  4.27
734  45  THR  HG1  2.702  -13.809  6.979  1.4
735  45  THR  HG21  4.251  -13.387  8.722  1.13
736  45  THR  HG22  3.654  -11.921  8.785  0.28
737  45  THR  HG23  5.205  -12.134  8.541  0.01
738  46  ASP  N  6.559  -10.995  5.669  118
739  46  ASP  CA  7.946  -10.588  5.844  54.72
740  46  ASP  C  8.367  -9.561  4.803  174.53
741  46  ASP  O  9.347  -9.759  4.082  2.87
742  46  ASP  CB  8.883  -11.795  5.772  39.71
743  46  ASP  CG  8.691  -12.762  6.921  177.38
744  46  ASP  OD1  9.197  -12.489  8.03  6.6
745  46  ASP  OD2  8.056  -13.816  6.711  31.32
746  46  ASP  H  6.357  -11.544  5.038  8.43
747  46  ASP  HA  8.023  -10.185  6.723  4.46
748  46  ASP  HB2  8.717  -12.272  4.944  2.66
749  46  ASP  HB3  9.802  -11.485  5.784  2.76
750  47  ILE  N  7.621  -8.473  4.705  117.8
751  47  ILE  CA  8.053  -7.349  3.9  59.2
752  47  ILE  C  8.459  -6.204  4.826  174.38
753  47  ILE  O  7.802  -5.951  5.836  45.02
754  47  ILE  CB  6.994  -6.892  2.851  39.07
755  47  ILE  CG1  6.806  -5.38  2.895  26.7
756  47  ILE  CG2  5.661  -7.609  3.039  16.68
757  47  ILE  CD  6.323  -4.804  1.59  2.83
758  47  ILE  H  6.882  -8.421  5.141  7.18
759  47  ILE  HA  8.844  -7.636  3.417  4.13
760  47  ILE  HB  7.33  -7.131  1.973  1.77
761  47  ILE  HG12  6.154  -5.159  3.578  1.23
762  47  ILE  HG13  7.653  -4.962  3.115  1.09
763  47  ILE  HG21  5.043  -7.334  2.344  173.94
764  47  ILE  HG22  5.799  -8.568  2.986  7.19
765  47  ILE  HG23  5.292  -7.382  3.907  41.54
766  47  ILE  HD11  5.359  -5.225  1.346  40.06
767  47  ILE  HD12  6.233  -3.731  1.681  14.36
768  47  ILE  HD13  7.029  -5.042  0.81  33.73
769  48  ASP  N  9.562  -5.554  4.479  125.05
770  48  ASP  CA  10.208  -4.567  5.338  52.54
771  48  ASP  C  9.28  -3.425  5.739  176.41
772  48  ASP  O  8.968  -2.548  4.936  2.59
773  48  ASP  CB  11.448  -4.013  4.64  40.36
774  48  ASP  CG  12.536  -5.06  4.492  26.3
775  48  ASP  OD1  12.471  -5.867  3.542  174.11
776  48  ASP  OD2  13.458  -5.09  5.336  4.09
777  48  ASP  H  9.915  -5.722  3.713  8.37
778  48  ASP  HA  10.492  -5.026  6.144  4.71
779  48  ASP  HB2  11.201  -3.695  3.758  2.63
780  48  ASP  HB3  11.801  -3.274  5.16  2.99
781  49  LEU  N  8.863  -3.443  6.999  126.1
782  49  LEU  CA  8.03  -2.39  7.558  56.89
783  49  LEU  C  8.891  -1.226  8.029  178.83
784  49  LEU  O  8.621  -0.071  7.714  47.22
785  49  LEU  CB  7.22  -2.928  8.741  41.27
786  49  LEU  CG  6.157  -3.966  8.392  27.03
787  49  LEU  CD1  5.582  -4.578  9.658  25
788  49  LEU  CD2  5.057  -3.33  7.561  23.51
789  49  LEU  H  9.092  -4.101  7.503  8.66
790  49  LEU  HA  7.423  -2.081  6.867  3.98
791  49  LEU  HB2  7.838  -3.326  9.374  1.61
792  49  LEU  HB3  6.78  -2.178  9.172  1.74
793  49  LEU  HG  6.562  -4.677  7.871  1.74
794  49  LEU  HD11  5.178  -3.88  10.198  41.02
795  49  LEU  HD12  4.909  -5.236  9.424  56.15
796  49  LEU  HD13  6.29  -5.006  10.164  58.71
797  49  LEU  HD21  5.44  -2.951  6.754  7.34
798  49  LEU  HD22  4.4  -4.003  7.323  6.65
799  49  LEU  HD23  4.629  -2.628  8.075  4.17
800  50  THR  N  9.947  -1.548  8.766  110.52
801  50  THR  CA  10.818  -0.532  9.35  65.28
802  50  THR  C  11.582  0.241  8.272  176.77
803  50  THR  O  12.07  1.344  8.515  8.41
804  50  THR  CB  11.812  -1.163  10.353  68.68
805  50  THR  OG1  12.599  -0.143  10.989  3.78
806  50  THR  CG2  12.731  -2.159  9.664  21.35
807  50  THR  H  10.118  -2.378  8.91  8.44
808  50  THR  HA  10.255  0.091  9.836  4.06
809  50  THR  HB  11.304  -1.634  11.032  4.28
810  50  THR  HG1  13.203  0.113  10.465  61.52
811  50  THR  HG21  13.338  -2.544  10.315  175.88
812  50  THR  HG22  13.24  -1.705  8.975  32.94
813  50  THR  HG23  12.2  -2.864  9.262  39.72
814  51  THR  N  11.675  -0.328  7.079  109.81
815  51  THR  CA  12.363  0.33  5.982  62.44
816  51  THR  C  11.4  1.225  5.204  174.3
817  51  THR  O  11.814  2.069  4.407  4.02
818  51  THR  CB  12.997  -0.707  5.039  68.87
819  51  THR  OG1  13.559  -1.773  5.815  64.6
820  51  THR  CG2  14.092  -0.075  4.199  22
821  51  THR  H  11.332  -1.107  6.953  7.42
822  51  THR  HA  13.071  0.878  6.356  4.34
823  51  THR  HB  12.312  -1.059  4.449  4.35
824  51  THR  HG1  13.982  -2.295  5.311  59.62
825  51  THR  HG21  14.511  -0.756  3.65  177.68
826  51  THR  HG22  14.755  0.329  4.78  126.3
827  51  THR  HG23  13.706  0.606  3.626  30.92
828  52  LEU  N  10.11  1.042  5.455  121.25
829  52  LEU  CA  9.083  1.866  4.839  53.78
830  52  LEU  C  8.419  2.74  5.888  174.17
831  52  LEU  O  7.293  3.201  5.708  3.51
832  52  LEU  CB  8.031  1.001  4.146  42.26
833  52  LEU  CG  8.53  0.189  2.957  26.34
834  52  LEU  CD1  7.423  -0.727  2.461  26.17
835  52  LEU  CD2  9.01  1.111  1.846  22.68
836  52  LEU  H  9.872  0.421  6  7.29
837  52  LEU  HA  9.51  2.436  4.18  4.54
838  52  LEU  HB2  7.664  0.384  4.799  1.41
839  52  LEU  HB3  7.318  1.581  3.836  2.13
840  52  LEU  HG  9.276  -0.364  3.238  1.57
841  52  LEU  HD11  6.662  -0.194  2.181  7.75
842  52  LEU  HD12  7.747  -1.248  1.71  32.54
843  52  LEU  HD13  7.152  -1.325  3.175  33.54
844  52  LEU  HD21  9.311  0.582  1.091  120.5
845  52  LEU  HD22  8.283  1.688  1.565  59.42
846  52  LEU  HD23  9.745  1.654  2.172  179.28
847  53  ASN  N  9.125  2.96  6.988  119.11
848  53  ASN  CA  8.614  3.798  8.065  51.83
849  53  ASN  C  8.78  5.266  7.688  174.49
850  53  ASN  O  9.632  5.983  8.218  1.85
851  53  ASN  CB  9.328  3.485  9.385  36.86
852  53  ASN  CG  8.718  4.211  10.572  26.82
853  53  ASN  OD1  9.111  5.327  10.909  8.45
854  53  ASN  ND2  7.768  3.57  11.236  109.95
855  53  ASN  H  9.905  2.606  7.062  7.5
856  53  ASN  HA  7.668  3.609  8.162  4.9
857  53  ASN  HB2  9.275  2.531  9.554  2.65
858  53  ASN  HB3  10.26  3.743  9.313  2.98
859  53  ASN  HD21  7.546  2.782  10.971  7.35
860  53  ASN  HD22  7.399  3.967  11.903  6.67
861  54  ILE  N  7.975  5.681  6.727  115.61
862  54  ILE  CA  7.983  7.039  6.222  59.11
863  54  ILE  C  6.554  7.49  5.957  172.44
864  54  ILE  O  5.618  6.713  6.134  30.84
865  54  ILE  CB  8.834  7.168  4.931  29.83
866  54  ILE  CG1  8.703  5.924  4.035  24.35
867  54  ILE  CG2  10.293  7.406  5.28  17.72
868  54  ILE  CD  7.345  5.753  3.387  175.02
869  54  ILE  H  7.416  5.121  6.389  8.13
870  54  ILE  HA  8.371  7.609  6.904  4.71
871  54  ILE  HB  8.515  7.942  4.441  2.05
872  54  ILE  HG12  9.362  5.976  3.325  1.57
873  54  ILE  HG13  8.876  5.133  4.57  0.99
874  54  ILE  HG21  10.817  7.456  4.465  1.54
875  54  ILE  HG22  10.376  8.238  5.772  1.41
876  54  ILE  HG23  10.616  6.674  5.828  1.41
877  54  ILE  HD11  7.331  4.835  2.819  3.06
878  54  ILE  HD12  6.583  5.716  4.151  3.06
879  54  ILE  HD13  7.155  6.587  2.728  60.62
880  55  SER  N  6.38  8.73  5.541  112.96
881  55  SER  CA  5.049  9.229  5.249  57.62
882  55  SER  C  4.691  9.004  3.779  175.26
883  55  SER  O  5.542  8.587  2.99  172.58
884  55  SER  CB  4.934  10.703  5.638  65.56
885  55  SER  OG  5.267  10.883  7.006  60.24
886  55  SER  H  7.062  9.245  5.442  8.46
887  55  SER  HA  4.43  8.709  5.785  4.21
888  55  SER  HB2  5.541  11.229  5.094  4.44
889  55  SER  HB3  4.024  11.006  5.493  4.44
890  55  SER  HG  5.324  10.132  7.377  1.01
891  56  GLY  N  3.444  9.273  3.417  107.98
892  56  GLY  CA  2.968  8.977  2.078  47.79
893  56  GLY  C  3.759  9.676  0.994  175.69
894  56  GLY  O  4.078  9.07  -0.032  7.4
895  56  GLY  H  2.91  9.635  3.986  8.63
896  56  GLY  HA2  3.022  8.019  1.932  3.59
897  56  GLY  HA3  2.039  9.248  2.012  4.55
898  57  ARG  N  4.085  10.945  1.215  121.24
899  57  ARG  CA  4.846  11.715  0.24  59.46
900  57  ARG  C  6.201  11.063  -0.022  178.68
901  57  ARG  O  6.698  11.097  -1.143  176.28
902  57  ARG  CB  4.997  13.169  0.714  29.58
903  57  ARG  CG  5.817  14.061  -0.21  26.78
904  57  ARG  CD  7.291  14.038  0.161  42.87
905  57  ARG  NE  8.122  14.745  -0.811  67.94
906  57  ARG  CZ  9.452  14.673  -0.84  4.47
907  57  ARG  NH1  10.103  13.961  0.074  1.79
908  57  ARG  NH2  10.132  15.321  -1.776  8.43
909  57  ARG  H  3.836  11.326  1.945  8.21
910  57  ARG  HA  4.347  11.69  -0.591  3.86
911  57  ARG  HB2  4.113  13.558  0.808  1.77
912  57  ARG  HB3  5.428  13.164  1.583  1.95
913  57  ARG  HG2  5.717  13.747  -1.122  1.62
914  57  ARG  HG3  5.488  14.971  -0.143  1.62
915  57  ARG  HD2  7.401  14.457  1.029  3.2
916  57  ARG  HD3  7.583  13.114  0.212  3.2
917  57  ARG  HE  7.719  15.226  -1.399  30.73
918  57  ARG  HH11  9.67  13.543  0.688  27.32
919  57  ARG  HH12  10.962  13.916  0.054  8.56
920  57  ARG  HH21  9.717  15.789  -2.366  119.33
921  57  ARG  HH22  10.991  15.277  -1.797  59.74
922  58  GLU  N  6.778  10.447  0.999  119.43
923  58  GLU  CA  8.013  9.689  0.837  58.9
924  58  GLU  C  7.757  8.417  0.035  179.55
925  58  GLU  O  8.445  8.146  -0.947  56.52
926  58  GLU  CB  8.605  9.331  2.2  29.74
927  58  GLU  CG  9.568  10.365  2.763  36.99
928  58  GLU  CD  8.916  11.707  3.006  41.62
929  58  GLU  OE1  8.181  11.842  4.007  1.88
930  58  GLU  OE2  9.16  12.636  2.216  38.95
931  58  GLU  H  6.41  10.484  1.775  7.49
932  58  GLU  HA  8.649  10.23  0.343  3.97
933  58  GLU  HB2  7.875  9.231  2.831  2.29
934  58  GLU  HB3  9.076  8.486  2.125  2.06
935  58  GLU  HG2  9.919  10.037  3.606  2.26
936  58  GLU  HG3  10.297  10.484  2.135  2.26
937  59  LEU  N  6.751  7.656  0.457  122.2
938  59  LEU  CA  6.398  6.39  -0.186  58.41
939  59  LEU  C  6.119  6.6  -1.676  178.37
940  59  LEU  O  6.691  5.926  -2.527  8.33
941  59  LEU  CB  5.163  5.791  0.516  42.7
942  59  LEU  CG  4.843  4.317  0.217  26.49
943  59  LEU  CD1  4.163  4.163  -1.134  27.06
944  59  LEU  CD2  6.108  3.469  0.274  23.02
945  59  LEU  H  6.295  7.918  1.137  8.9
946  59  LEU  HA  7.146  5.78  -0.086  4.02
947  59  LEU  HB2  5.289  5.882  1.474  1.57
948  59  LEU  HB3  4.392  6.321  0.261  2.21
949  59  LEU  HG  4.234  3.985  0.895  1.58
950  59  LEU  HD11  3.943  3.23  -1.28  31.74
951  59  LEU  HD12  3.351  4.693  -1.148  7.95
952  59  LEU  HD13  4.762  4.467  -1.834  8.04
953  59  LEU  HD21  6.737  3.782  -0.395  7.41
954  59  LEU  HD22  6.508  3.544  1.155  6.82
955  59  LEU  HD23  5.882  2.542  0.1  2.31
956  60  CYS  N  5.241  7.54  -1.977  111.58
957  60  CYS  CA  4.798  7.765  -3.345  62.71
958  60  CYS  C  5.885  8.409  -4.212  173.82
959  60  CYS  O  5.83  8.32  -5.44  32.89
960  60  CYS  CB  3.531  8.629  -3.327  27.51
961  60  CYS  SG  2.812  8.979  -4.949  28.92
962  60  CYS  H  4.886  8.002  -1.345  8.15
963  60  CYS  HA  4.588  6.897  -3.724  4.07
964  60  CYS  HB2  2.853  8.176  -2.802  2.72
965  60  CYS  HB3  3.738  9.479  -2.909  2.72
966  60  CYS  HG  3.561  8.554  -5.785  1.34
967  61  SER  N  6.868  9.054  -3.593  113.6
968  61  SER  CA  7.9  9.752  -4.35  58.82
969  61  SER  C  9.088  8.847  -4.692  173.83
970  61  SER  O  9.971  9.254  -5.447  52.92
971  61  SER  CB  8.381  10.985  -3.57  63.84
972  61  SER  OG  9.214  11.82  -4.359  23.24
973  61  SER  H  6.884  9.091  -2.734  7.52
974  61  SER  HA  7.502  10.046  -5.184  4.5
975  61  SER  HB2  7.611  11.5  -3.282  4.02
976  61  SER  HB3  8.88  10.694  -2.791  4.02
977  61  SER  HG  9.152  11.594  -5.166  63.62
978  62  LEU  N  9.125  7.625  -4.169  121.07
979  62  LEU  CA  10.236  6.732  -4.477  54.65
980  62  LEU  C  9.848  5.776  -5.6  177.29
981  62  LEU  O  8.72  5.283  -5.647  60.25
982  62  LEU  CB  10.711  5.978  -3.218  42.4
983  62  LEU  CG  9.666  5.131  -2.483  25.75
984  62  LEU  CD1  9.662  3.698  -2.992  26.43
985  62  LEU  CD2  9.925  5.156  -0.985  22.51
986  62  LEU  H  8.487  7.34  -3.668  7.11
987  62  LEU  HA  10.963  7.291  -4.792  4.58
988  62  LEU  HB2  11.44  5.393  -3.477  1.61
989  62  LEU  HB3  11.058  6.633  -2.593  2.24
990  62  LEU  HG  8.785  5.505  -2.64  2.26
991  62  LEU  HD11  10.528  3.293  -2.826  45.22
992  62  LEU  HD12  8.977  3.191  -2.528  174.88
993  62  LEU  HD13  9.478  3.693  -3.944  2.77
994  62  LEU  HD21  9.257  4.618  -0.532  2.67
995  62  LEU  HD22  10.808  4.798  -0.804  7.67
996  62  LEU  HD23  9.876  6.07  -0.664  6.68
997  63  ASN  N  10.775  5.542  -6.521  120.77
998  63  ASN  CA  10.53  4.649  -7.652  51.29
999  63  ASN  C  10.525  3.211  -7.176  174.65
1000  63  ASN  O  11.038  2.919  -6.092  8.17
1001  63  ASN  CB  11.619  4.794  -8.721  38.41
1002  63  ASN  CG  11.787  6.208  -9.229  28.34
1003  63  ASN  OD1  10.85  7.007  -9.227  19.54
1004  63  ASN  ND2  12.989  6.522  -9.679  111.55
1005  63  ASN  H  11.57  5.856  -6.428  8.93
1006  63  ASN  HA  9.667  4.833  -8.054  4.95
1007  63  ASN  HB2  12.466  4.506  -8.345  2.98
1008  63  ASN  HB3  11.398  4.222  -9.473  3.2
1009  63  ASN  HD21  13.601  5.918  -9.661  7.42
1010  63  ASN  HD22  13.117  7.319  -9.975  6.85
1011  64  GLN  N  9.932  2.309  -7.969  119.16
1012  64  GLN  CA  9.864  0.895  -7.628  59.73
1013  64  GLN  C  11.208  0.365  -7.138  176.64
1014  64  GLN  O  11.271  -0.481  -6.25  4.27
1015  64  GLN  CB  9.407  0.07  -8.83  28.45
1016  64  GLN  CG  8.962  -1.327  -8.434  33.1
1017  64  GLN  CD  7.766  -1.297  -7.504  179.46
1018  64  GLN  OE1  6.619  -1.327  -7.943  110.1
1019  64  GLN  NE2  8.031  -1.225  -6.21  110.64
1020  64  GLN  H  9.467  2.602  -8.631  8.49
1021  64  GLN  HA  9.169  0.839  -6.954  2.24
1022  64  GLN  HB2  8.664  0.522  -9.259  1.56
1023  64  GLN  HB3  10.141  -0.009  -9.46  1.56
1024  64  GLN  HG2  8.73  -1.829  -9.231  0.78
1025  64  GLN  HG3  9.693  -1.766  -7.971  1.44
1026  64  GLN  HE21  8.855  -1.201  -5.965  6.35
1027  64  GLN  HE22  7.368  -1.201  -5.662  6.76
1028  65  GLU  N  12.279  0.916  -7.708  116.6
1029  65  GLU  CA  13.642  0.488  -7.425  59.66
1030  65  GLU  C  14.001  0.8  -5.983  179.22
1031  65  GLU  O  14.472  -0.07  -5.256  67.44
1032  65  GLU  CB  14.609  1.232  -8.341  28.63
1033  65  GLU  CG  14.206  1.223  -9.804  36.47
1034  65  GLU  CD  15.078  2.132  -10.639  180.11
1035  65  GLU  OE1  15.035  3.363  -10.427  24.14
1036  65  GLU  OE2  15.816  1.622  -11.511  21.34
1037  65  GLU  H  12.179  1.603  -8.216  8.23
1038  65  GLU  HA  13.744  -0.466  -7.565  3.88
1039  65  GLU  HB2  14.666  2.155  -8.047  1.97
1040  65  GLU  HB3  15.485  0.823  -8.265  1.97
1041  65  GLU  HG2  14.284  0.319  -10.146  2.27
1042  65  GLU  HG3  13.285  1.519  -9.878  2.27
1043  66  ASP  N  13.77  2.04  -5.581  119.41
1044  66  ASP  CA  14.067  2.442  -4.211  56.74
1045  66  ASP  C  13.3  1.581  -3.22  179.13
1046  66  ASP  O  13.79  1.297  -2.131  114.13
1047  66  ASP  CB  13.775  3.924  -3.981  40.97
1048  66  ASP  CG  14.346  4.419  -2.667  27.89
1049  66  ASP  OD1  15.58  4.591  -2.583  177.23
1050  66  ASP  OD2  13.576  4.62  -1.71  68.34
1051  66  ASP  H  13.542  2.638  -6.155  8.32
1052  66  ASP  HA  15.013  2.274  -4.075  4.39
1053  66  ASP  HB2  14.165  4.443  -4.702  2.7
1054  66  ASP  HB3  12.815  4.06  -3.968  2.84
1055  67  PHE  N  12.116  1.131  -3.61  121.77
1056  67  PHE  CA  11.375  0.196  -2.775  62.67
1057  67  PHE  C  12.014  -1.174  -2.868  2.5
1058  67  PHE  O  12.264  -1.809  -1.858  8.62
1059  67  PHE  CB  9.909  0.09  -3.188  39.44
1060  67  PHE  CG  9.145  -0.996  -2.46  7.7
1061  67  PHE  CD1  8.546  -0.747  -1.235  132.08
1062  67  PHE  CD2  8.995  -2.258  -3.022  132.08
1063  67  PHE  CE1  7.812  -1.729  -0.594  130.69
1064  67  PHE  CE2  8.269  -3.241  -2.378  130.69
1065  67  PHE  CZ  7.675  -2.974  -1.164  128.29
1066  67  PHE  H  11.821  1.333  -4.392  8.73
1067  67  PHE  HA  11.424  0.5  -1.855  3.9
1068  67  PHE  HB2  9.466  0.934  -3.008  2.81
1069  67  PHE  HB3  9.86  -0.099  -4.138  2.9
1070  67  PHE  HD1  8.646  0.087  -0.835  6.93
1071  67  PHE  HD2  9.404  -2.451  -3.834  6.93
1072  67  PHE  HE1  7.416  -1.549  0.228  7.41
1073  67  PHE  HE2  8.179  -4.081  -2.767  7.41
1074  67  PHE  HZ  7.182  -3.633  -0.73  7.32
1075  68  PHE  N  12.314  -1.608  -4.089  115.8
1076  68  PHE  CA  12.767  -2.971  -4.331  58.85
1077  68  PHE  C  14.163  -3.196  -3.772  177.63
1078  68  PHE  O  14.653  -4.319  -3.756  115.53
1079  68  PHE  CB  12.743  -3.304  -5.826  37.65
1080  68  PHE  CG  11.503  -4.021  -6.286  27.32
1081  68  PHE  CD1  10.26  -3.7  -5.771  131.2
1082  68  PHE  CD2  11.589  -5.02  -7.244  131.2
1083  68  PHE  CE1  9.124  -4.358  -6.204  130.28
1084  68  PHE  CE2  10.458  -5.681  -7.68  130.28
1085  68  PHE  CZ  9.224  -5.351  -7.158  128.7
1086  68  PHE  H  12.285  -1.055  -4.747  8.36
1087  68  PHE  HA  12.148  -3.554  -3.864  4.4
1088  68  PHE  HB2  12.807  -2.479  -6.332  3.03
1089  68  PHE  HB3  13.507  -3.864  -6.035  3.22
1090  68  PHE  HD1  10.19  -3.031  -5.128  7.43
1091  68  PHE  HD2  12.42  -5.243  -7.598  7.43
1092  68  PHE  HE1  8.293  -4.134  -5.851  7.03
1093  68  PHE  HE2  10.528  -6.35  -8.323  7.03
1094  68  PHE  HZ  8.461  -5.796  -7.449  7.19
1095  69  GLN  N  14.824  -2.131  -3.341  117.2
1096  69  GLN  CA  16.09  -2.297  -2.659  58.32
1097  69  GLN  C  15.829  -2.426  -1.17  177.79
1098  69  GLN  O  16.382  -3.301  -0.509  45.07
1099  69  GLN  CB  17.05  -1.137  -2.945  28.46
1100  69  GLN  CG  17.292  -0.892  -4.424  33.96
1101  69  GLN  CD  17.737  -2.139  -5.157  42.95
1102  69  GLN  OE1  18.93  -2.426  -5.256  29.84
1103  69  GLN  NE2  16.78  -2.887  -5.68  112.01
1104  69  GLN  H  14.505  -1.344  -3.475  7.66
1105  69  GLN  HA  16.464  -3.13  -2.987  4.13
1106  69  GLN  HB2  16.682  -0.326  -2.561  2.23
1107  69  GLN  HB3  17.903  -1.326  -2.524  2.23
1108  69  GLN  HG2  16.468  -0.574  -4.825  2.46
1109  69  GLN  HG3  17.98  -0.214  -4.519  2.58
1110  69  GLN  HE21  15.964  -2.636  -5.581  7.47
1111  69  GLN  HE22  17.008  -3.601  -6.102  6.79
1112  70  ARG  N  14.966  -1.547  -0.654  126.97
1113  70  ARG  CA  14.52  -1.607  0.736  57.8
1114  70  ARG  C  13.834  -2.944  1.016  176.21
1115  70  ARG  O  13.926  -3.492  2.113  179.45
1116  70  ARG  CB  13.499  -0.495  1.009  31.05
1117  70  ARG  CG  14.01  0.918  0.781  27.97
1118  70  ARG  CD  12.939  1.941  1.133  43.23
1119  70  ARG  NE  13.266  3.284  0.655  60.24
1120  70  ARG  CZ  13.305  4.368  1.427  59.74
1121  70  ARG  NH1  13.073  4.279  2.735  32.15
1122  70  ARG  NH2  13.57  5.547  0.876  36.24
1123  70  ARG  H  14.608  -0.956  -1.166  7.31
1124  70  ARG  HA  15.283  -1.484  1.323  4.16
1125  70  ARG  HB2  12.734  -0.633  0.428  1.76
1126  70  ARG  HB3  13.205  -0.564  1.931  1.76
1127  70  ARG  HG2  14.787  1.067  1.342  1.66
1128  70  ARG  HG3  14.255  1.02  -0.152  1.79
1129  70  ARG  HD2  12.101  1.662  0.732  2.97
1130  70  ARG  HD3  12.839  1.966  2.098  3.17
1131  70  ARG  HE  13.424  3.376  -0.185  28.42
1132  70  ARG  HH11  12.891  3.518  3.092  131.72
1133  70  ARG  HH12  13.114  4.98  3.232  7.71
1134  70  ARG  HH21  13.71  5.598  0.029  4.09
1135  70  ARG  HH22  13.603  6.259  1.357  55.37
1136  71  VAL  N  13.164  -3.456  -0.019  117.71
1137  71  VAL  CA  12.266  -4.605  0.057  58.25
1138  71  VAL  C  11.808  -4.961  -1.368  178.55
1139  71  VAL  O  10.937  -4.312  -1.938  58.82
1140  71  VAL  CB  11.038  -4.318  0.979  30.92
1141  71  VAL  CG1  10.609  -2.863  0.892  19.5
1142  71  VAL  CG2  9.852  -5.212  0.645  22.29
1143  71  VAL  H  13.275  -3.095  -0.792  8.24
1144  71  VAL  HA  12.765  -5.352  0.424  4.24
1145  71  VAL  HB  11.3  -4.5  1.895  1.74
1146  71  VAL  HG11  10.369  -2.654  -0.024  4.65
1147  71  VAL  HG12  9.843  -2.716  1.468  2.38
1148  71  VAL  HG13  11.341  -2.292  1.173  2.38
1149  71  VAL  HG21  9.535  -5.003  -0.248  60.01
1150  71  VAL  HG22  10.122  -6.143  0.686  63.74
1151  71  VAL  HG23  9.138  -5.05  1.282  175.06
1152  72  PRO  N  12.422  -5.977  -1.98  118.76
1153  72  PRO  CA  12.188  -6.319  -3.385  64.57
1154  72  PRO  C  10.939  -7.159  -3.61  178.28
1155  72  PRO  O  10.386  -7.179  -4.71  51.14
1156  72  PRO  CB  13.434  -7.126  -3.779  37.41
1157  72  PRO  CG  14.263  -7.273  -2.535  27.29
1158  72  PRO  CD  13.398  -6.878  -1.369  49.83
1159  72  PRO  HA  12.113  -5.535  -3.951  4.67
1160  72  PRO  HB2  13.161  -7.992  -4.12  1.88
1161  72  PRO  HB3  13.92  -6.647  -4.469  2.41
1162  72  PRO  HG2  14.546  -8.196  -2.438  2.04
1163  72  PRO  HG3  15.038  -6.691  -2.588  2.04
1164  72  PRO  HD2  12.96  -7.656  -0.989  3.36
1165  72  PRO  HD3  13.924  -6.418  -0.696  3.62
1166  73  ARG  N  10.475  -7.828  -2.579  114.61
1167  73  ARG  CA  9.367  -8.759  -2.726  55.03
1168  73  ARG  C  7.996  -8.1  -2.515  177.68
1169  73  ARG  O  7.04  -8.763  -2.119  7.39
1170  73  ARG  CB  9.571  -9.953  -1.777  27.3
1171  73  ARG  CG  9.889  -9.583  -0.324  27.89
1172  73  ARG  CD  8.67  -9.041  0.404  42.76
1173  73  ARG  NE  7.545  -9.971  0.288  111.6
1174  73  ARG  CZ  7.439  -11.111  0.976  45.32
1175  73  ARG  NH1  8.28  -11.374  1.971  174.38
1176  73  ARG  NH2  6.477  -11.978  0.68  178.49
1177  73  ARG  H  10.851  -7.734  -1.811  8.46
1178  73  ARG  HA  9.399  -9.09  -3.637  4.65
1179  73  ARG  HB2  8.764  -10.491  -1.776  2.17
1180  73  ARG  HB3  10.302  -10.493  -2.116  1.99
1181  73  ARG  HG2  10.198  -10.378  0.138  1.67
1182  73  ARG  HG3  10.589  -8.912  -0.312  1.67
1183  73  ARG  HD2  8.891  -8.913  1.34  3.29
1184  73  ARG  HD3  8.424  -8.19  0.008  3.29
1185  73  ARG  HE  6.954  -9.792  -0.31  108
1186  73  ARG  HH11  8.894  -10.809  2.18  60.42
1187  73  ARG  HH12  8.226  -12.118  2.399  176.58
1188  73  ARG  HH21  5.922  -11.813  0.044  2.03
1189  73  ARG  HH22  6.412  -12.717  1.116  72.92
1190  74  GLY  N  7.875  -6.808  -2.801  104.92
1191  74  GLY  CA  6.608  -6.135  -2.565  46.92
1192  74  GLY  C  5.9  -5.689  -3.834  174.59
1193  74  GLY  O  5.108  -4.754  -3.795  7.64
1194  74  GLY  H  8.545  -6.356  -3.094  7.96
1195  74  GLY  HA2  6.024  -6.741  -2.083  3.68
1196  74  GLY  HA3  6.77  -5.356  -2.01  4.17
1197  75  GLU  N  6.166  -6.364  -4.95  124.17
1198  75  GLU  CA  5.512  -6.06  -6.232  61.68
1199  75  GLU  C  3.982  -6.062  -6.124  178.46
1200  75  GLU  O  3.3  -5.22  -6.708  55.02
1201  75  GLU  CB  5.958  -7.07  -7.287  28.54
1202  75  GLU  CG  5.721  -8.515  -6.879  36.5
1203  75  GLU  CD  6.126  -9.498  -7.95  37.82
1204  75  GLU  OE1  5.288  -9.812  -8.82  9.17
1205  75  GLU  OE2  7.281  -9.962  -7.927  4.54
1206  75  GLU  H  6.8  -6.944  -4.93  9.45
1207  75  GLU  HA  5.796  -5.177  -6.515  4.27
1208  75  GLU  HB2  5.472  -6.9  -8.109  2.15
1209  75  GLU  HB3  6.907  -6.952  -7.452  2.26
1210  75  GLU  HG2  6.237  -8.703  -6.08  2.42
1211  75  GLU  HG3  4.777  -8.634  -6.688  2.33
1212  76  ILE  N  3.465  -7.004  -5.356  122.85
1213  76  ILE  CA  2.026  -7.192  -5.227  64.39
1214  76  ILE  C  1.4  -6.007  -4.465  176.76
1215  76  ILE  O  0.254  -5.619  -4.723  8.74
1216  76  ILE  CB  1.727  -8.557  -4.549  37.31
1217  76  ILE  CG1  0.498  -9.233  -5.174  28.93
1218  76  ILE  CG2  1.557  -8.405  -3.045  12.66
1219  76  ILE  CD  -0.8  -8.484  -4.981  2.26
1220  76  ILE  H  4.01  -7.518  -4.933  9.03
1221  76  ILE  HA  1.652  -7.206  -6.122  3.72
1222  76  ILE  HB  2.498  -9.128  -4.695  1.59
1223  76  ILE  HG12  0.643  -9.327  -6.128  1.5
1224  76  ILE  HG13  0.392  -10.114  -4.783  0.91
1225  76  ILE  HG21  1.389  -9.275  -2.65  18.62
1226  76  ILE  HG22  2.367  -8.029  -2.666  3.71
1227  76  ILE  HG23  0.809  -7.815  -2.862  39.04
1228  76  ILE  HD11  -1.602  -9.025  -5.46  53.91
1229  76  ILE  HD12  -1.007  -8.394  -3.924  119.6
1230  76  ILE  HD13  -0.717  -7.5  -5.416  7.39
1231  77  LEU  N  2.185  -5.408  -3.574  117.98
1232  77  LEU  CA  1.749  -4.227  -2.833  58.3
1233  77  LEU  C  1.39  -3.106  -3.799  177.54
1234  77  LEU  O  0.26  -2.62  -3.828  2.69
1235  77  LEU  CB  2.853  -3.741  -1.885  42.19
1236  77  LEU  CG  2.671  -4.1  -0.412  27.92
1237  77  LEU  CD1  3.676  -3.347  0.433  26.42
1238  77  LEU  CD2  1.264  -3.788  0.058  23.96
1239  77  LEU  H  2.975  -5.727  -3.456  6.97
1240  77  LEU  HA  0.964  -4.467  -2.316  4.07
1241  77  LEU  HB2  3.693  -4.122  -2.185  1.99
1242  77  LEU  HB3  2.918  -2.776  -1.955  2.22
1243  77  LEU  HG  2.827  -5.05  -0.292  1.46
1244  77  LEU  HD11  3.58  -3.612  1.361  55.12
1245  77  LEU  HD12  4.574  -3.554  0.13  180.78
1246  77  LEU  HD13  3.517  -2.394  0.35  1.82
1247  77  LEU  HD21  1.104  -2.834  -0.014  17.62
1248  77  LEU  HD22  0.623  -4.266  -0.491  53.73
1249  77  LEU  HD23  1.163  -4.062  0.983  176.97
1250  78  TRP  N  2.367  -2.741  -4.61  116.53
1251  78  TRP  CA  2.256  -1.64  -5.558  59.93
1252  78  TRP  C  1.111  -1.813  -6.535  178.89
1253  78  TRP  O  0.475  -0.853  -6.956  115.13
1254  78  TRP  CB  3.58  -1.541  -6.288  29.7
1255  78  TRP  CG  4.616  -1.142  -5.297  36.33
1256  78  TRP  CD1  5.433  -1.972  -4.6  126.76
1257  78  TRP  CD2  4.876  0.182  -4.814  115.1
1258  78  TRP  NE1  6.19  -1.252  -3.722  65.92
1259  78  TRP  CE2  5.878  0.072  -3.838  175.78
1260  78  TRP  CE3  4.372  1.45  -5.117  119.71
1261  78  TRP  CZ2  6.383  1.171  -3.157  113.86
1262  78  TRP  CZ3  4.878  2.544  -4.442  122.01
1263  78  TRP  CH2  5.875  2.399  -3.472  124.27
1264  78  TRP  H  3.109  -3.174  -4.572  8.4
1265  78  TRP  HA  2.196  -0.814  -5.053  3.79
1266  78  TRP  HB2  3.818  -2.4  -6.671  3.08
1267  78  TRP  HB3  3.533  -0.863  -6.98  3.35
1268  78  TRP  HD1  5.46  -2.895  -4.711  7.24
1269  78  TRP  HE1  6.774  -1.582  -3.184  9.9
1270  78  TRP  HE3  3.703  1.565  -5.753  5.99
1271  78  TRP  HZ2  7.039  1.083  -2.503  7.35
1272  78  TRP  HZ3  4.553  3.394  -4.631  6.71
1273  78  TRP  HH2  6.191  3.159  -3.039  7.08
1274  79  SER  N  0.863  -3.066  -6.867  111.25
1275  79  SER  CA  -0.168  -3.437  -7.817  61.4
1276  79  SER  C  -1.537  -3.002  -7.297  176.34
1277  79  SER  O  -2.312  -2.344  -8  3.72
1278  79  SER  CB  -0.128  -4.951  -8.014  62.85
1279  79  SER  OG  -0.867  -5.355  -9.154  1.92
1280  79  SER  H  1.32  -3.691  -6.492  8.27
1281  79  SER  HA  0.015  -2.995  -8.661  4.14
1282  79  SER  HB2  0.793  -5.232  -8.126  3.96
1283  79  SER  HB3  -0.502  -5.378  -7.227  4.03
1284  79  SER  HG  -0.497  -5.047  -9.842  0.99
1285  80  HSE  N  -1.811  -3.353  -6.047  122.32
1286  80  HSE  CA  -3.041  -2.941  -5.393  62.01
1287  80  HSE  C  -3.012  -1.433  -5.17  176.47
1288  80  HSE  O  -4.043  -0.769  -5.157  31.34
1289  80  HSE  CB  -3.21  -3.684  -4.061  32.1
1290  80  HSE  CG  -4.373  -3.214  -3.233  27.8
1291  80  HSE  ND1  -4.296  -3.17  -1.864  3.72
1292  80  HSE  CD2  -5.603  -2.785  -3.619  115.85
1293  80  HSE  CE1  -5.465  -2.723  -1.45  135.88
1294  80  HSE  NE2  -6.29  -2.475  -2.475  108.3
1295  80  HSE  H  -1.156  -3.889  -5.546  8.31
1296  80  HSE  HA  -3.867  -3.183  -6.046  4.27
1297  80  HSE  HB2  -3.35  -4.738  -4.258  3.33
1298  80  HSE  HB3  -2.312  -3.552  -3.474  3.55
1299  80  HSE  HD2  -5.966  -2.672  -4.632  7.21
1300  80  HSE  HE1  -5.724  -2.573  -0.412  7.32
1301  80  HSE  HE2  -7.104  -1.935  -2.433  57.84
1302  81  LEU  N  -1.813  -0.905  -5.036  119.31
1303  81  LEU  CA  -1.647  0.511  -4.784  57.68
1304  81  LEU  C  -2.022  1.33  -6.02  178.04
1305  81  LEU  O  -2.662  2.381  -5.9  7.71
1306  81  LEU  CB  -0.231  0.834  -4.301  40.56
1307  81  LEU  CG  0.061  2.321  -4.167  26.08
1308  81  LEU  CD1  -1.022  3  -3.34  21.33
1309  81  LEU  CD2  1.432  2.545  -3.548  25.51
1310  81  LEU  H  -1.13  -1.42  -5.122  8.64
1311  81  LEU  HA  -2.28  0.741  -4.086  3.72
1312  81  LEU  HB2  -0.105  0.419  -3.433  1.6
1313  81  LEU  HB3  0.409  0.45  -4.921  1.77
1314  81  LEU  HG  0.059  2.722  -5.05  0.97
1315  81  LEU  HD11  -0.805  3.939  -3.23  179.18
1316  81  LEU  HD12  -1.874  2.916  -3.795  66.74
1317  81  LEU  HD13  -1.08  2.577  -2.469  42.52
1318  81  LEU  HD21  2.108  2.117  -4.096  177.58
1319  81  LEU  HD22  1.613  3.497  -3.497  31.84
1320  81  LEU  HD23  1.451  2.164  -2.656  7.93
1321  82  GLU  N  -1.625  0.864  -7.201  116.4
1322  82  GLU  CA  -2.096  1.477  -8.438  59.11
1323  82  GLU  C  -3.62  1.506  -8.436  179.1
1324  82  GLU  O  -4.24  2.53  -8.705  1.87
1325  82  GLU  CB  -1.613  0.71  -9.669  29.53
1326  82  GLU  CG  -0.114  0.482  -9.741  36.43
1327  82  GLU  CD  0.258  -0.369  -10.938  25.22
1328  82  GLU  OE1  0.466  0.198  -12.029  61.12
1329  82  GLU  OE2  0.308  -1.613  -10.802  173.58
1330  82  GLU  H  -1.02  0.254  -7.228  7.9
1331  82  GLU  HA  -1.753  2.384  -8.443  3.51
1332  82  GLU  HB2  -2.047  -0.157  -9.684  1.77
1333  82  GLU  HB3  -1.879  1.204  -10.46  1.77
1334  82  GLU  HG2  0.332  1.34  -9.815  1.53
1335  82  GLU  HG3  0.177  0.031  -8.933  1.82
1336  83  LEU  N  -4.2  0.368  -8.083  118.32
1337  83  LEU  CA  -5.649  0.199  -8.062  57.78
1338  83  LEU  C  -6.306  1.092  -7.008  178.75
1339  83  LEU  O  -7.401  1.605  -7.228  4
1340  83  LEU  CB  -5.99  -1.276  -7.825  41.99
1341  83  LEU  CG  -7.475  -1.619  -7.743  26.45
1342  83  LEU  CD1  -8.126  -1.455  -9.101  25.59
1343  83  LEU  CD2  -7.661  -3.037  -7.228  23.55
1344  83  LEU  H  -3.699  -0.29  -7.847  7.44
1345  83  LEU  HA  -6.01  0.496  -8.912  4.05
1346  83  LEU  HB2  -5.601  -1.793  -8.547  1.6
1347  83  LEU  HB3  -5.571  -1.551  -6.994  1.98
1348  83  LEU  HG  -7.91  -1.01  -7.125  1.92
1349  83  LEU  HD11  -9.071  -1.662  -9.035  175.68
1350  83  LEU  HD12  -8.016  -0.54  -9.403  45.41
1351  83  LEU  HD13  -7.705  -2.057  -9.735  33.12
1352  83  LEU  HD21  -7.263  -3.663  -7.853  26.04
1353  83  LEU  HD22  -7.23  -3.126  -6.363  25.44
1354  83  LEU  HD23  -8.608  -3.227  -7.138  7.05
1355  84  LEU  N  -5.638  1.291  -5.889  118.48
1356  84  LEU  CA  -6.087  2.255  -4.889  57.54
1357  84  LEU  C  -6.237  3.655  -5.49  179.89
1358  84  LEU  O  -7.343  4.192  -5.549  176.42
1359  84  LEU  CB  -5.113  2.303  -3.706  42.25
1360  84  LEU  CG  -5.088  1.054  -2.821  25.9
1361  84  LEU  CD1  -3.982  1.157  -1.784  27.19
1362  84  LEU  CD2  -6.432  0.86  -2.136  23.4
1363  84  LEU  H  -4.93  0.827  -5.739  8.21
1364  84  LEU  HA  -6.964  1.999  -4.564  3.91
1365  84  LEU  HB2  -4.219  2.445  -4.055  1.19
1366  84  LEU  HB3  -5.349  3.062  -3.15  1.82
1367  84  LEU  HG  -4.914  0.275  -3.371  1.6
1368  84  LEU  HD11  -3.128  1.261  -2.233  54.4
1369  84  LEU  HD12  -4.144  1.925  -1.214  7.15
1370  84  LEU  HD13  -3.967  0.35  -1.246  4.79
1371  84  LEU  HD21  -6.396  0.072  -1.572  114.53
1372  84  LEU  HD22  -6.633  1.638  -1.593  55.64
1373  84  LEU  HD23  -7.123  0.747  -2.807  126.1
1374  85  ARG  N  -5.155  4.23  -5.974  114.41
1375  85  ARG  CA  -5.206  5.627  -6.399  59.06
1376  85  ARG  C  -5.983  5.791  -7.713  176.7
1377  85  ARG  O  -6.416  6.892  -8.049  40.72
1378  85  ARG  CB  -3.805  6.228  -6.496  30.32
1379  85  ARG  CG  -2.99  5.727  -7.681  27.32
1380  85  ARG  CD  -1.541  6.191  -7.606  43.52
1381  85  ARG  NE  -1.394  7.477  -6.91  2.02
1382  85  ARG  CZ  -0.223  8.093  -6.72  1.68
1383  85  ARG  NH1  0.879  7.638  -7.31  2.67
1384  85  ARG  NH2  -0.158  9.183  -5.961  117.4
1385  85  ARG  H  -4.422  3.785  -6.031  8.09
1386  85  ARG  HA  -5.718  6.096  -5.722  3.74
1387  85  ARG  HB2  -3.883  7.192  -6.57  1.76
1388  85  ARG  HB3  -3.318  6.015  -5.684  1.64
1389  85  ARG  HG2  -3.007  4.757  -7.683  1.85
1390  85  ARG  HG3  -3.39  6.057  -8.501  1.09
1391  85  ARG  HD2  -1.024  5.519  -7.136  2.81
1392  85  ARG  HD3  -1.199  6.283  -8.509  2.81
1393  85  ARG  HE  -2.103  7.828  -6.572  4.2
1394  85  ARG  HH11  0.842  6.946  -7.82  27.04
1395  85  ARG  HH12  1.635  8.028  -7.183  1.44
1396  85  ARG  HH21  -0.869  9.492  -5.588  62.65
1397  85  ARG  HH22  0.596  9.577  -5.835  8.5
1398  86  LYS  N  -6.178  4.698  -8.432  118.73
1399  86  LYS  CA  -7.002  4.717  -9.642  58.13
1400  86  LYS  C  -8.494  4.659  -9.317  177.77
1401  86  LYS  O  -9.297  5.367  -9.927  1.07
1402  86  LYS  CB  -6.652  3.554  -10.571  32.12
1403  86  LYS  CG  -5.298  3.699  -11.25  29.07
1404  86  LYS  CD  -5.107  2.68  -12.366  24.65
1405  86  LYS  CE  -5.738  3.136  -13.678  41.71
1406  86  LYS  NZ  -7.225  3.108  -13.653  3.09
1407  86  LYS  H  -5.814  3.96  -8.181  7.88
1408  86  LYS  HA  -6.838  5.541  -10.127  4.01
1409  86  LYS  HB2  -6.645  2.734  -10.053  1.78
1410  86  LYS  HB3  -7.333  3.487  -11.259  1.75
1411  86  LYS  HG2  -5.229  4.59  -11.627  1.56
1412  86  LYS  HG3  -4.602  3.572  -10.587  1.56
1413  86  LYS  HD2  -4.156  2.55  -12.507  1.26
1414  86  LYS  HD3  -5.512  1.841  -12.095  1.43
1415  86  LYS  HE2  -5.449  4.044  -13.86  2.86
1416  86  LYS  HE3  -5.426  2.553  -14.388  2.86
1417  86  LYS  HZ1  -7.518  2.476  -13.099  123.7
1418  86  LYS  HZ2  -7.545  2.949  -14.468  53.02
1419  86  LYS  HZ3  -7.537  3.893  -13.373  176.88
1420  87  TYR  N  -8.858  3.853  -8.334  118.33
1421  87  TYR  CA  -10.266  3.506  -8.111  59.29
1422  87  TYR  C  -10.866  4.292  -6.96  178.46
1423  87  TYR  O  -11.601  3.759  -6.126  2.44
1424  87  TYR  CB  -10.445  2.003  -7.888  37.87
1425  87  TYR  CG  -10.55  1.201  -9.167  177.65
1426  87  TYR  CD1  -9.768  1.505  -10.277  133.02
1427  87  TYR  CD2  -11.437  0.136  -9.263  133.02
1428  87  TYR  CE1  -9.867  0.77  -11.443  117.69
1429  87  TYR  CE2  -11.541  -0.603  -10.425  117.69
1430  87  TYR  CZ  -10.757  -0.281  -11.511  4.39
1431  87  TYR  OH  -10.855  -1.018  -12.668  32.74
1432  87  TYR  H  -8.261  3.567  -7.785  7.79
1433  87  TYR  HA  -10.762  3.771  -8.901  4.39
1434  87  TYR  HB2  -9.686  1.666  -7.386  2.94
1435  87  TYR  HB3  -11.255  1.855  -7.376  3.12
1436  87  TYR  HD1  -9.168  2.214  -10.225  7.16
1437  87  TYR  HD2  -11.965  -0.079  -8.528  7.16
1438  87  TYR  HE1  -9.336  0.986  -12.176  6.71
1439  87  TYR  HE2  -12.14  -1.312  -10.472  6.71
1440  87  TYR  HH  -11.659  -1.222  -12.803  129.54
1441  88  VAL  N  -10.539  5.567  -6.94  117.02
1442  88  VAL  CA  -11.184  6.529  -6.066  63.22
1443  88  VAL  C  -11.211  7.881  -6.777  175.99
1444  88  VAL  O  -11.684  8.885  -6.241  65.54
1445  88  VAL  CB  -10.431  6.654  -4.723  32.05
1446  88  VAL  CG1  -9.053  7.25  -4.943  21.04
1447  88  VAL  CG2  -11.22  7.476  -3.713  21.19
1448  88  VAL  H  -9.906  5.837  -7.455  7.31
1449  88  VAL  HA  -12.092  6.233  -5.896  3.97
1450  88  VAL  HB  -10.315  5.762  -4.359  2.14
1451  88  VAL  HG11  -9.132  8.049  -5.488  8.93
1452  88  VAL  HG12  -8.661  7.483  -4.087  3.52
1453  88  VAL  HG13  -8.487  6.604  -5.394  1.83
1454  88  VAL  HG21  -12.065  7.038  -3.528  1.79
1455  88  VAL  HG22  -10.709  7.554  -2.892  0.89
1456  88  VAL  HG23  -11.386  8.36  -4.076  110.58
1457  89  LEU  N  -10.718  7.867  -8.022  122.1
1458  89  LEU  CA  -10.478  9.088  -8.792  54.98
1459  89  LEU  C  -9.419  9.934  -8.091  177.51
1460  89  LEU  O  -9.387  11.156  -8.239  71.23
1461  89  LEU  CB  -11.771  9.898  -9  42.18
1462  89  LEU  CG  -12.775  9.317  -10.01  26.64
1463  89  LEU  CD1  -13.378  8.012  -9.513  24.55
1464  89  LEU  CD2  -13.875  10.324  -10.294  23.2
1465  89  LEU  H  -10.55  7.109  -8.392  7.7
1466  89  LEU  HA  -10.133  8.822  -9.658  4.3
1467  89  LEU  HB2  -12.217  9.979  -8.142  1.6
1468  89  LEU  HB3  -11.523  10.786  -9.3  1.6
1469  89  LEU  HG  -12.314  9.136  -10.844  1.61
1470  89  LEU  HD11  -13.988  7.663  -10.182  3.97
1471  89  LEU  HD12  -12.67  7.368  -9.355  7.87
1472  89  LEU  HD13  -13.859  8.171  -8.686  3.47
1473  89  LEU  HD21  -13.485  11.139  -10.647  2.19
1474  89  LEU  HD22  -14.493  9.953  -10.943  2.08
1475  89  LEU  HD23  -14.351  10.523  -9.473  2.2
1476  90  ALA  N  -8.542  9.242  -7.351  2.02
1477  90  ALA  CA  -7.517  9.86  -6.507  58.72
1478  90  ALA  C  -8.137  10.705  -5.388  180.26
1479  90  ALA  O  -8.869  11.66  -5.641  117.23
1480  90  ALA  CB  -6.541  10.661  -7.349  59.24
1481  90  ALA  H  -8.576  8.383  -7.384  7.93
1482  90  ALA  HA  -7.019  9.138  -6.092  4.37
1483  90  ALA  HB1  -6.179  10.088  -8.043  27.84
1484  90  ALA  HB2  -7.003  11.411  -7.756  33.94
1485  90  ALA  HB3  -5.82  10.986  -6.787  4.14
1486  91  SER  N  -7.836  10.34  -4.145  173.87
1487  91  SER  CA  -8.451  10.974  -2.984  179.02
1488  91  SER  C  -7.952  12.405  -2.807  7.68
1489  91  SER  O  -8.714  13.349  -3.121  4.02
1490  91  SER  CB  -8.177  10.147  -1.724  2.14
1491  91  SER  OG  -6.793  9.87  -1.589  2.05
1492  91  SER  OXT  -6.801  12.581  -2.363  2.4
1493  91  SER  H  -7.248  9.726  -4.017  7.76
1494  91  SER  HA  -9.408  10.997  -3.138  4.24
1495  91  SER  HB2  -8.473  10.642  -0.944  3.82
1496  91  SER  HB3  -8.659  9.307  -1.778  3.82
1497  91  SER  HG  -6.36  10.572  -1.745  3.59
