1  1  ALA  N  15.301  4.338  42.586  117.01
2  1  ALA  CA  14.741  4.124  41.216  54.13
3  1  ALA  C  15.717  4.591  40.136  177.6
4  1  ALA  O  15.823  3.984  39.072  55.76
5  1  ALA  CB  13.411  4.873  41.071  18.97
6  1  ALA  H  14.74  4.006  43.192  30.3
7  1  ALA  H2  16.087  3.926  42.653  22.08
8  1  ALA  H3  15.41  5.21  42.73  112.65
9  1  ALA  HA  14.593  3.172  41.099  4.56
10  1  ALA  HB1  13.054  4.73  40.181  118.67
11  1  ALA  HB2  12.78  4.542  41.729  4.12
12  1  ALA  HB3  13.557  5.822  41.212  4.56
13  2  PHE  N  16.439  5.666  40.43  112.71
14  2  PHE  CA  17.386  6.245  39.487  60.66
15  2  PHE  C  18.82  5.743  39.637  175.83
16  2  PHE  O  19.649  5.967  38.759  6.91
17  2  PHE  CB  17.351  7.777  39.63  40.5
18  2  PHE  CG  16.077  8.397  39.126  56.91
19  2  PHE  CD1  15.938  8.729  37.785  132.06
20  2  PHE  CD2  14.989  8.572  39.975  129.46
21  2  PHE  CE1  14.733  9.222  37.288  54.96
22  2  PHE  CE2  13.773  9.065  39.49  177.47
23  2  PHE  CZ  13.646  9.389  38.143  129.06
24  2  PHE  H  16.393  6.08  41.182  8.55
25  2  PHE  HA  17.105  5.961  38.603  4.44
26  2  PHE  HB2  17.468  8.01  40.564  3.06
27  2  PHE  HB3  18.101  8.157  39.146  3.38
28  2  PHE  HD1  16.66  8.621  37.209  7.36
29  2  PHE  HD2  15.071  8.359  40.876  7.32
30  2  PHE  HE1  14.655  9.439  36.387  7.18
31  2  PHE  HE2  13.052  9.176  40.066  7.18
32  2  PHE  HZ  12.839  9.715  37.815  7.52
33  3  SER  N  19.106  5.057  40.74  110.97
34  3  SER  CA  20.453  4.565  41.018  61.13
35  3  SER  C  21.097  3.687  39.946  174.5
36  3  SER  O  20.455  2.803  39.381  33.37
37  3  SER  CB  20.462  3.814  42.353  63.77
38  3  SER  OG  20.12  4.681  43.427  23.89
39  3  SER  H  18.527  4.864  41.346  8
40  3  SER  HA  20.998  5.367  41.04  4.5
41  3  SER  HB2  19.834  3.075  42.317  3.96
42  3  SER  HB3  21.34  3.433  42.508  4
43  3  SER  HG  20.129  4.251  44.148  1.57
44  4  GLY  N  22.378  3.932  39.685  110.44
45  4  GLY  CA  23.095  3.142  38.701  44.03
46  4  GLY  C  24.157  3.917  37.942  170.8
47  4  GLY  O  24.363  5.108  38.185  54.61
48  4  GLY  H  22.844  4.547  40.065  9.07
49  4  GLY  HA2  23.514  2.389  39.147  4.08
50  4  GLY  HA3  22.458  2.777  38.066  3.9
51  5  THR  N  24.85  3.22  37.044  117.34
52  5  THR  CA  25.88  3.82  36.202  62.42
53  5  THR  C  25.244  3.861  34.818  172.63
54  5  THR  O  24.875  2.822  34.271  22.85
55  5  THR  CB  27.161  2.964  36.183  68.86
56  5  THR  OG1  27.698  2.901  37.507  122.07
57  5  THR  CG2  28.224  3.59  35.263  22.47
58  5  THR  H  24.734  2.379  36.906  8.21
59  5  THR  HA  26.152  4.695  36.522  4.98
60  5  THR  HB  26.935  2.08  35.855  3.93
61  5  THR  HG1  28.396  2.434  37.504  2.56
62  5  THR  HG21  29.021  3.037  35.265  2.73
63  5  THR  HG22  27.875  3.65  34.36  120.69
64  5  THR  HG23  28.447  4.478  35.583  61.79
65  6  TRP  N  25.112  5.059  34.256  126.91
66  6  TRP  CA  24.444  5.221  32.968  55.11
67  6  TRP  C  25.299  5.756  31.821  175.2
68  6  TRP  O  25.838  6.861  31.897  119.11
69  6  TRP  CB  23.221  6.124  33.152  31.96
70  6  TRP  CG  22.294  5.67  34.257  178.9
71  6  TRP  CD1  22.358  6.007  35.585  127.94
72  6  TRP  CD2  21.173  4.79  34.12  33.22
73  6  TRP  NE1  21.339  5.394  36.279  8.24
74  6  TRP  CE2  20.598  4.64  35.404  4.43
75  6  TRP  CE3  20.597  4.112  33.035  118.34
76  6  TRP  CZ2  19.473  3.836  35.633  114.84
77  6  TRP  CZ3  19.477  3.313  33.26  4.33
78  6  TRP  CH2  18.928  3.183  34.551  124.14
79  6  TRP  H  25.402  5.79  34.604  9.61
80  6  TRP  HA  24.207  4.321  32.695  5.18
81  6  TRP  HB2  23.521  7.027  33.342  3.14
82  6  TRP  HB3  22.726  6.159  32.319  3.32
83  6  TRP  HD1  22.997  6.568  35.962  7.11
84  6  TRP  HE1  21.191  5.471  37.123  9.63
85  6  TRP  HE3  20.956  4.194  32.181  6.99
86  6  TRP  HZ2  19.109  3.747  36.484  7.4
87  6  TRP  HZ3  19.087  2.859  32.548  6.8
88  6  TRP  HH2  18.18  2.644  34.675  7
89  7  GLN  N  25.386  4.965  30.753  122.22
90  7  GLN  CA  26.167  5.307  29.567  54.3
91  7  GLN  C  25.323  5.912  28.453  175.9
92  7  GLN  O  24.491  5.235  27.856  3.63
93  7  GLN  CB  26.87  4.059  29.015  31.99
94  7  GLN  CG  27.614  4.294  27.7  33.21
95  7  GLN  CD  28.779  5.253  27.862  179.4
96  7  GLN  OE1  29.781  4.926  28.504  174.21
97  7  GLN  NE2  28.65  6.448  27.296  112.94
98  7  GLN  H  24.988  4.205  30.697  9.36
99  7  GLN  HA  26.813  5.972  29.853  5.05
100  7  GLN  HB2  27.499  3.734  29.678  2.22
101  7  GLN  HB3  26.211  3.36  28.882  2.05
102  7  GLN  HG2  27.94  3.446  27.359  2.45
103  7  GLN  HG3  26.997  4.646  27.04  2.31
104  7  GLN  HE21  27.937  6.641  26.856  6.73
105  7  GLN  HE22  29.28  7.029  27.37  7.71
106  8  VAL  N  25.549  7.187  28.171  131.16
107  8  VAL  CA  24.833  7.866  27.106  63.5
108  8  VAL  C  25.153  7.144  25.802  175.88
109  8  VAL  O  26.306  6.834  25.546  175.37
110  8  VAL  CB  25.3  9.329  26.997  31.86
111  8  VAL  CG1  24.72  9.979  25.75  20.7
112  8  VAL  CG2  24.894  10.088  28.256  22.47
113  8  VAL  H  26.117  7.679  28.589  8.24
114  8  VAL  HA  23.88  7.857  27.288  4.51
115  8  VAL  HB  26.267  9.355  26.919  2.06
116  8  VAL  HG11  25.022  10.899  25.694  178.69
117  8  VAL  HG12  25.016  9.494  24.964  8.52
118  8  VAL  HG13  23.751  9.959  25.795  43.03
119  8  VAL  HG21  25.188  11.01  28.187  2.1
120  8  VAL  HG22  23.929  10.063  28.352  2.04
121  8  VAL  HG23  25.306  9.674  29.031  2.49
122  9  TYR  N  24.142  6.848  24.989  123.19
123  9  TYR  CA  24.403  6.179  23.713  56.62
124  9  TYR  C  23.765  6.927  22.54  174.17
125  9  TYR  O  24.108  6.685  21.382  118.87
126  9  TYR  CB  23.932  4.706  23.744  40.63
127  9  TYR  CG  22.426  4.487  23.756  176.93
128  9  TYR  CD1  21.681  4.534  22.576  134.14
129  9  TYR  CD2  21.742  4.263  24.953  131.66
130  9  TYR  CE1  20.287  4.367  22.589  118.31
131  9  TYR  CE2  20.347  4.099  24.979  116.26
132  9  TYR  CZ  19.627  4.153  23.795  7.96
133  9  TYR  OH  18.253  4.001  23.816  113.81
134  9  TYR  H  23.315  7.02  25.15  9.55
135  9  TYR  HA  25.364  6.186  23.579  5.18
136  9  TYR  HB2  24.301  4.251  22.971  2.89
137  9  TYR  HB3  24.309  4.281  24.53  3.44
138  9  TYR  HD1  22.116  4.679  21.767  7.16
139  9  TYR  HD2  22.22  4.222  25.75  7.1
140  9  TYR  HE1  19.806  4.399  21.794  6.84
141  9  TYR  HE2  19.908  3.955  25.786  6.79
142  9  TYR  HH  18.026  3.596  24.516  56.72
143  10  ALA  N  22.842  7.837  22.839  125.32
144  10  ALA  CA  22.188  8.623  21.8  51.68
145  10  ALA  C  21.876  10.042  22.27  175.13
146  10  ALA  O  21.519  10.27  23.427  177.56
147  10  ALA  CB  20.906  7.934  21.332  21.73
148  10  ALA  H  22.581  8.014  23.639  7.33
149  10  ALA  HA  22.807  8.686  21.056  4.72
150  10  ALA  HB1  20.484  8.469  20.642  4.37
151  10  ALA  HB2  21.121  7.058  20.975  2.68
152  10  ALA  HB3  20.298  7.837  22.082  2.6
153  11  GLN  N  22.036  10.992  21.358  118.54
154  11  GLN  CA  21.761  12.397  21.625  54.32
155  11  GLN  C  21.514  13.119  20.31  174.43
156  11  GLN  O  22.423  13.705  19.724  25.86
157  11  GLN  CB  22.916  13.051  22.403  31.77
158  11  GLN  CG  24.321  12.563  22.057  35.38
159  11  GLN  CD  25.342  12.967  23.118  177.36
160  11  GLN  OE1  25.001  13.116  24.297  42.11
161  11  GLN  NE2  26.598  13.128  22.709  175.16
162  11  GLN  H  22.31  10.837  20.558  8.72
163  11  GLN  HA  20.968  12.463  22.179  5.29
164  11  GLN  HB2  22.88  14.009  22.254  1.8
165  11  GLN  HB3  22.767  12.905  23.35  1.75
166  11  GLN  HG2  24.314  11.597  21.966  1.99
167  11  GLN  HG3  24.587  12.927  21.198  1.8
168  11  GLN  HE21  26.798  13.016  21.88  179.03
169  11  GLN  HE22  27.21  13.344  23.274  1.62
170  12  GLU  N  20.264  13.057  19.857  123.19
171  12  GLU  CA  19.835  13.677  18.607  55.6
172  12  GLU  C  19.84  15.203  18.73  176.63
173  12  GLU  O  19.44  15.749  19.754  4.27
174  12  GLU  CB  18.432  13.17  18.241  31.35
175  12  GLU  CG  17.947  13.603  16.871  34.8
176  12  GLU  CD  18.81  13.06  15.751  183.06
177  12  GLU  OE1  18.81  13.664  14.658  56.95
178  12  GLU  OE2  19.485  12.027  15.958  177.78
179  12  GLU  H  19.633  12.648  20.274  9.1
180  12  GLU  HA  20.456  13.433  17.903  4.67
181  12  GLU  HB2  18.43  12.201  18.281  1.99
182  12  GLU  HB3  17.802  13.483  18.909  2.08
183  12  GLU  HG2  17.033  13.303  16.745  2.17
184  12  GLU  HG3  17.936  14.572  16.826  2.34
185  13  ASN  N  20.294  15.881  17.68  117.34
186  13  ASN  CA  20.385  17.343  17.663  53.99
187  13  ASN  C  21.216  17.887  18.82  175.75
188  13  ASN  O  20.899  18.921  19.404  40.93
189  13  ASN  CB  18.993  17.98  17.683  36.72
190  13  ASN  CG  18.362  18.033  16.306  178.75
191  13  ASN  OD1  18.966  18.525  15.351  27.65
192  13  ASN  ND2  17.14  17.53  16.197  114.63
193  13  ASN  H  20.56  15.506  16.953  9.11
194  13  ASN  HA  20.835  17.58  16.837  4.78
195  13  ASN  HB2  18.418  17.476  18.28  3.23
196  13  ASN  HB3  19.057  18.879  18.042  3.54
197  13  ASN  HD21  16.738  17.539  15.437  7.95
198  13  ASN  HD22  16.75  17.195  16.886  7.21
199  14  TYR  N  22.293  17.18  19.135  117.88
200  14  TYR  CA  23.188  17.565  20.215  60.36
201  14  TYR  C  23.885  18.893  19.916  177.13
202  14  TYR  O  23.856  19.816  20.727  30.68
203  14  TYR  CB  24.229  16.463  20.42  39.14
204  14  TYR  CG  25.05  16.595  21.682  2
205  14  TYR  CD1  24.436  16.815  22.912  132.75
206  14  TYR  CD2  26.435  16.45  21.655  130.06
207  14  TYR  CE1  25.18  16.885  24.086  118.31
208  14  TYR  CE2  27.192  16.519  22.825  115.66
209  14  TYR  CZ  26.555  16.736  24.039  40.46
210  14  TYR  OH  27.288  16.811  25.205  133.46
211  14  TYR  H  22.526  16.46  18.726  7.8
212  14  TYR  HA  22.664  17.682  21.023  4.54
213  14  TYR  HB2  23.776  15.605  20.432  2.91
214  14  TYR  HB3  24.829  16.456  19.658  3.11
215  14  TYR  HD1  23.512  16.917  22.95  7.17
216  14  TYR  HD2  26.863  16.305  20.842  7.05
217  14  TYR  HE1  24.754  17.031  24.9  6.82
218  14  TYR  HE2  28.116  16.42  22.792  6.84
219  14  TYR  HH  28.103  16.703  25.031  4
220  15  GLU  N  24.506  18.983  18.745  117.88
221  15  GLU  CA  25.222  20.188  18.345  60.58
222  15  GLU  C  24.339  21.431  18.332  179.13
223  15  GLU  O  24.764  22.508  18.762  4.12
224  15  GLU  CB  25.86  19.988  16.971  28.7
225  15  GLU  CG  26.836  18.827  16.924  37.14
226  15  GLU  CD  26.185  17.506  16.542  183.2
227  15  GLU  OE1  25.014  17.262  16.916  7.91
228  15  GLU  OE2  26.864  16.699  15.871  3.74
229  15  GLU  H  24.524  18.35  18.163  8.95
230  15  GLU  HA  25.91  20.338  19.012  3.68
231  15  GLU  HB2  25.161  19.841  16.315  2.07
232  15  GLU  HB3  26.322  20.801  16.715  1.92
233  15  GLU  HG2  27.539  19.03  16.287  2.34
234  15  GLU  HG3  27.258  18.733  17.792  2.22
235  16  GLU  N  23.109  21.292  17.847  117.88
236  16  GLU  CA  22.21  22.434  17.815  60.49
237  16  GLU  C  21.885  22.883  19.234  179.23
238  16  GLU  O  21.685  24.072  19.484  177.14
239  16  GLU  CB  20.928  22.096  17.054  28.53
240  16  GLU  CG  21.163  21.855  15.566  37.73
241  16  GLU  CD  22.101  22.887  14.949  183.7
242  16  GLU  OE1  21.752  24.089  14.934  2.09
243  16  GLU  OE2  23.195  22.493  14.485  8.21
244  16  GLU  H  22.782  20.559  17.538  9.03
245  16  GLU  HA  22.653  23.161  17.35  3.95
246  16  GLU  HB2  20.525  21.305  17.445  2.07
247  16  GLU  HB3  20.293  22.821  17.163  2
248  16  GLU  HG2  21.535  20.968  15.44  2.61
249  16  GLU  HG3  20.313  21.875  15.1  2.41
250  17  PHE  N  21.842  21.931  20.163  123.19
251  17  PHE  CA  21.56  22.262  21.552  62.34
252  17  PHE  C  22.758  23.019  22.118  176.03
253  17  PHE  O  22.598  24.014  22.816  53.08
254  17  PHE  CB  21.315  20.995  22.385  40.15
255  17  PHE  CG  20.834  21.276  23.785  8.14
256  17  PHE  CD1  19.528  21.691  24.015  132.75
257  17  PHE  CD2  21.694  21.156  24.869  129.76
258  17  PHE  CE1  19.086  21.981  25.303  129.64
259  17  PHE  CE2  21.259  21.446  26.165  129.26
260  17  PHE  CZ  19.953  21.859  26.38  126.86
261  17  PHE  H  21.972  21.095  20.009  8.36
262  17  PHE  HA  20.758  22.806  21.592  4.13
263  17  PHE  HB2  20.661  20.441  21.932  3.29
264  17  PHE  HB3  22.138  20.483  22.431  3.48
265  17  PHE  HD1  18.941  21.776  23.299  7.16
266  17  PHE  HD2  22.571  20.879  24.731  6.92
267  17  PHE  HE1  18.209  22.257  25.442  7.31
268  17  PHE  HE2  21.845  21.362  26.882  7.15
269  17  PHE  HZ  19.66  22.053  27.241  6.83
270  18  LEU  N  23.962  22.55  21.808  116.28
271  18  LEU  CA  25.167  23.204  22.304  40.37
272  18  LEU  C  25.272  24.645  21.798  179.53
273  18  LEU  O  25.663  25.546  22.545  53.32
274  18  LEU  CB  26.405  22.39  21.912  58
275  18  LEU  CG  26.431  20.963  22.477  25.99
276  18  LEU  CD1  27.774  20.299  22.175  22.44
277  18  LEU  CD2  26.187  21.008  23.986  25.99
278  18  LEU  H  24.103  21.859  21.315  8.27
279  18  LEU  HA  25.115  23.244  23.272  3.77
280  18  LEU  HB2  26.455  22.344  20.944  1.17
281  18  LEU  HB3  27.197  22.861  22.215  1.88
282  18  LEU  HG  25.731  20.44  22.057  1.65
283  18  LEU  HD11  27.779  19.399  22.536  57.39
284  18  LEU  HD12  27.908  20.262  21.215  178.08
285  18  LEU  HD13  28.488  20.814  22.582  53.81
286  18  LEU  HD21  26.203  20.106  24.344  30.24
287  18  LEU  HD22  26.881  21.536  24.411  28.85
288  18  LEU  HD23  25.322  21.41  24.162  18.13
289  19  LYS  N  24.907  24.863  20.537  115.98
290  19  LYS  CA  24.942  26.203  19.953  58.76
291  19  LYS  C  23.905  27.103  20.619  180.74
292  19  LYS  O  24.191  28.251  20.957  4.05
293  19  LYS  CB  24.654  26.148  18.452  32
294  19  LYS  CG  25.734  25.487  17.62  25.4
295  19  LYS  CD  25.375  25.561  16.147  29.28
296  19  LYS  CE  26.48  25.002  15.276  41.84
297  19  LYS  NZ  26.142  25.137  13.834  119.11
298  19  LYS  H  24.635  24.248  20.001  7.79
299  19  LYS  HA  25.83  26.564  20.098  4.12
300  19  LYS  HB2  23.82  25.672  18.313  1.93
301  19  LYS  HB3  24.522  27.053  18.128  1.8
302  19  LYS  HG2  26.585  25.925  17.775  1.45
303  19  LYS  HG3  25.838  24.561  17.889  1.66
304  19  LYS  HD2  24.555  25.067  15.988  1.74
305  19  LYS  HD3  25.203  26.483  15.901  1.66
306  19  LYS  HE2  27.31  25.468  15.462  2.94
307  19  LYS  HE3  26.625  24.067  15.492  2.86
308  19  LYS  HZ1  26.804  24.803  13.341  174.28
309  19  LYS  HZ2  25.391  24.692  13.662  117.6
310  19  LYS  HZ3  26.029  25.997  13.635  8.14
311  20  ALA  N  22.697  26.58  20.797  125.85
312  20  ALA  CA  21.627  27.345  21.425  54.81
313  20  ALA  C  22.073  27.795  22.811  179.08
314  20  ALA  O  21.636  28.828  23.319  1.83
315  20  ALA  CB  20.372  26.493  21.532  17.43
316  20  ALA  H  22.476  25.783  20.561  7.95
317  20  ALA  HA  21.428  28.125  20.883  4.27
318  20  ALA  HB1  19.665  27.009  21.951  179.53
319  20  ALA  HB2  20.09  26.219  20.645  112.01
320  20  ALA  HB3  20.559  25.707  22.069  62.78
321  21  LEU  N  22.954  27.008  23.413  116.28
322  21  LEU  CA  23.472  27.3  24.739  54.99
323  21  LEU  C  24.604  28.324  24.631  175.57
324  21  LEU  O  25.099  28.837  25.637  25.12
325  21  LEU  CB  23.984  26.008  25.372  42.58
326  21  LEU  CG  23.775  25.822  26.87  25.4
327  21  LEU  CD1  22.294  25.906  27.211  25.99
328  21  LEU  CD2  24.34  24.472  27.269  21.88
329  21  LEU  H  23.268  26.288  23.063  7.39
330  21  LEU  HA  22.769  27.67  25.295  3.78
331  21  LEU  HB2  23.56  25.264  24.917  1.26
332  21  LEU  HB3  24.935  25.945  25.193  1.7
333  21  LEU  HG  24.232  26.524  27.359  1.24
334  21  LEU  HD11  22.174  25.786  28.166  57.18
335  21  LEU  HD12  21.95  26.774  26.949  177.82
336  21  LEU  HD13  21.812  25.211  26.736  25.56
337  21  LEU  HD21  24.215  24.337  28.221  33.47
338  21  LEU  HD22  23.88  23.771  26.781  4.73
339  21  LEU  HD23  25.287  24.443  27.06  7.5
340  22  ALA  N  25.003  28.613  23.397  117.88
341  22  ALA  CA  26.067  29.571  23.123  52.27
342  22  ALA  C  27.38  29.196  23.805  177.03
343  22  ALA  O  28.085  30.055  24.34  3.94
344  22  ALA  CB  25.633  30.975  23.545  15.61
345  22  ALA  H  24.662  28.257  22.692  7.84
346  22  ALA  HA  26.228  29.555  22.167  4.01
347  22  ALA  HB1  26.347  31.604  23.359  25.71
348  22  ALA  HB2  24.839  31.231  23.05  7.96
349  22  ALA  HB3  25.437  30.981  24.495  4.23
350  23  LEU  N  27.698  27.907  23.797  117.88
351  23  LEU  CA  28.944  27.442  24.386  53.42
352  23  LEU  C  30.045  27.778  23.387  174.68
353  23  LEU  O  29.811  27.783  22.179  67.81
354  23  LEU  CB  28.909  25.928  24.609  40.39
355  23  LEU  CG  27.942  25.369  25.654  28.16
356  23  LEU  CD1  28.025  23.851  25.647  24.14
357  23  LEU  CD2  28.292  25.914  27.031  26.57
358  23  LEU  H  27.207  27.288  23.457  6.87
359  23  LEU  HA  29.092  27.864  25.247  4.44
360  23  LEU  HB2  28.7  25.509  23.759  1.38
361  23  LEU  HB3  29.804  25.645  24.853  1.35
362  23  LEU  HG  27.036  25.641  25.439  1.68
363  23  LEU  HD11  27.414  23.49  26.308  41.46
364  23  LEU  HD12  27.784  23.518  24.769  8.34
365  23  LEU  HD13  28.93  23.575  25.86  4.16
366  23  LEU  HD21  27.675  25.555  27.688  4.15
367  23  LEU  HD22  29.197  25.653  27.262  3.29
368  23  LEU  HD23  28.227  26.882  27.022  3.22
369  24  PRO  N  31.257  28.071  23.877  121.25
370  24  PRO  CA  32.372  28.401  22.984  62.29
371  24  PRO  C  32.5  27.37  21.866  177.86
372  24  PRO  O  32.353  26.172  22.103  107.61
373  24  PRO  CB  33.571  28.39  23.924  32.11
374  24  PRO  CG  32.972  28.898  25.208  27.74
375  24  PRO  CD  31.678  28.117  25.288  50.64
376  24  PRO  HA  32.269  29.248  22.523  4.57
377  24  PRO  HB2  33.944  27.5  24.025  2.52
378  24  PRO  HB3  34.286  28.963  23.606  2.15
379  24  PRO  HG2  33.547  28.725  25.97  2.14
380  24  PRO  HG3  32.817  29.855  25.182  2.21
381  24  PRO  HD2  31.812  27.229  25.655  4.06
382  24  PRO  HD3  31.021  28.56  25.848  3.6
383  25  GLU  N  32.776  27.842  20.654  122.66
384  25  GLU  CA  32.909  26.971  19.49  59.97
385  25  GLU  C  34.034  25.951  19.623  178.17
386  25  GLU  O  33.95  24.857  19.067  7.95
387  25  GLU  CB  33.137  27.81  18.234  29.24
388  25  GLU  CG  32.071  28.866  17.999  35.97
389  25  GLU  CD  32.414  29.787  16.845  183.39
390  25  GLU  OE1  31.719  30.813  16.676  30.74
391  25  GLU  OE2  33.377  29.48  16.108  23.56
392  25  GLU  H  32.892  28.677  20.483  8.82
393  25  GLU  HA  32.079  26.474  19.425  3.9
394  25  GLU  HB2  34.002  28.245  18.298  2.09
395  25  GLU  HB3  33.172  27.221  17.464  2.15
396  25  GLU  HG2  31.222  28.431  17.821  2.4
397  25  GLU  HG3  31.957  29.392  18.806  2.39
398  26  ASP  N  35.093  26.309  20.342  115.75
399  26  ASP  CA  36.201  25.383  20.522  56.72
400  26  ASP  C  35.744  24.22  21.397  178.64
401  26  ASP  O  36.149  23.075  21.186  4.12
402  26  ASP  CB  37.406  26.087  21.163  39.44
403  26  ASP  CG  38.059  27.106  20.233  179.44
404  26  ASP  OD1  38.343  26.755  19.067  59.91
405  26  ASP  OD2  38.299  28.253  20.67  117.51
406  26  ASP  H  35.188  27.072  20.728  8.9
407  26  ASP  HA  36.478  25.05  19.654  4.41
408  26  ASP  HB2  37.12  26.533  21.975  2.74
409  26  ASP  HB3  38.064  25.423  21.421  2.61
410  27  LEU  N  34.892  24.516  22.374  121.6
411  27  LEU  CA  34.38  23.485  23.271  56.88
412  27  LEU  C  33.381  22.602  22.539  178.51
413  27  LEU  O  33.363  21.386  22.716  3.33
414  27  LEU  CB  33.698  24.117  24.488  41.71
415  27  LEU  CG  32.95  23.141  25.406  27.74
416  27  LEU  CD1  33.919  22.114  25.958  24.82
417  27  LEU  CD2  32.289  23.903  26.541  23.04
418  27  LEU  H  34.598  25.308  22.534  7.19
419  27  LEU  HA  35.13  22.948  23.572  4.4
420  27  LEU  HB2  34.37  24.579  25.012  1.84
421  27  LEU  HB3  33.071  24.788  24.176  1.6
422  27  LEU  HG  32.263  22.684  24.896  1.82
423  27  LEU  HD11  33.443  21.499  26.538  59.66
424  27  LEU  HD12  34.321  21.622  25.225  19.77
425  27  LEU  HD13  34.613  22.564  26.465  8.22
426  27  LEU  HD21  31.818  23.281  27.117  4.17
427  27  LEU  HD22  32.966  24.37  27.055  23.29
428  27  LEU  HD23  31.66  24.545  26.177  38.33
429  28  ILE  N  32.548  23.226  21.715  119.45
430  28  ILE  CA  31.541  22.495  20.964  66.35
431  28  ILE  C  32.148  21.466  20.012  177.74
432  28  ILE  O  31.772  20.298  20.049  179.51
433  28  ILE  CB  30.616  23.473  20.193  37.12
434  28  ILE  CG1  29.756  24.253  21.199  30.1
435  28  ILE  CG2  29.729  22.709  19.211  16.6
436  28  ILE  CD  28.893  25.343  20.588  4.15
437  28  ILE  H  32.551  24.075  21.577  7.87
438  28  ILE  HA  31.012  22.002  21.611  3.43
439  28  ILE  HB  31.159  24.095  19.684  1.93
440  28  ILE  HG21  29.157  23.334  18.738  104.91
441  28  ILE  HG22  30.285  22.234  18.574  45.94
442  28  ILE  HG23  29.18  22.074  19.697  175.29
443  29  LYS  N  33.094  21.879  19.173  116.28
444  29  LYS  CA  33.713  20.94  18.236  59.51
445  29  LYS  C  34.528  19.899  18.99  179.23
446  29  LYS  O  34.814  18.815  18.48  4.15
447  29  LYS  CB  34.613  21.684  17.24  32.28
448  29  LYS  CG  35.727  22.511  17.877  25.4
449  29  LYS  CD  36.458  23.384  16.846  29.44
450  29  LYS  CE  35.637  24.608  16.407  42.42
451  29  LYS  NZ  34.34  24.274  15.74  33.82
452  29  LYS  H  33.389  22.685  19.128  7.79
453  29  LYS  HA  33.006  20.493  17.744  3.94
454  29  LYS  HB2  35.012  21.036  16.638  1.93
455  29  LYS  HB3  34.06  22.271  16.7  1.85
456  29  LYS  HG2  35.353  23.076  18.571  1.66
457  29  LYS  HG3  36.363  21.918  18.307  1.46
458  29  LYS  HD2  37.3  23.684  17.222  1.73
459  29  LYS  HD3  36.67  22.847  16.067  1.67
460  29  LYS  HE2  35.456  25.158  17.185  3.01
461  29  LYS  HE3  36.172  25.142  15.8  2.9
462  29  LYS  HZ1  34.076  24.963  15.242  120.89
463  29  LYS  HZ2  34.448  23.558  15.223  123.81
464  29  LYS  HZ3  33.723  24.103  16.358  7.17
465  30  MET  N  34.879  20.233  20.223  116.28
466  30  MET  CA  35.676  19.351  21.059  57.52
467  30  MET  C  34.845  18.319  21.824  177.74
468  30  MET  O  35.283  17.186  22.017  7.28
469  30  MET  CB  36.479  20.203  22.041  32.58
470  30  MET  CG  37.702  19.53  22.617  31.86
471  30  MET  SD  38.751  20.746  23.429  175.72
472  30  MET  CE  39.52  21.542  22.002  17.18
473  30  MET  H  34.662  20.976  20.598  7.44
474  30  MET  HA  36.261  18.845  20.473  4.27
475  30  MET  HB2  36.756  21.017  21.591  2.36
476  30  MET  HB3  35.897  20.466  22.771  2.18
477  30  MET  HG2  37.435  18.847  23.252  2.79
478  30  MET  HG3  38.197  19.084  21.912  2.58
479  30  MET  HE1  40.126  22.236  22.306  8.56
480  30  MET  HE2  40.015  20.883  21.491  8.04
481  30  MET  HE3  38.833  21.935  21.441  4.83
482  31  ALA  N  33.642  18.701  22.242  120
483  31  ALA  CA  32.786  17.804  23.019  53.04
484  31  ALA  C  31.604  17.2  22.269  180.68
485  31  ALA  O  30.971  16.258  22.751  177.57
486  31  ALA  CB  32.278  18.538  24.251  19.04
487  31  ALA  H  33.301  19.475  22.087  8.55
488  31  ALA  HA  33.351  17.05  23.249  4.18
489  31  ALA  HB1  31.71  17.947  24.769  26.14
490  31  ALA  HB2  33.031  18.819  24.794  49.71
491  31  ALA  HB3  31.769  19.317  23.977  4.22
492  32  ARG  N  31.31  17.726  21.086  120
493  32  ARG  CA  30.172  17.244  20.316  60.31
494  32  ARG  C  30.114  15.738  20.074  176.84
495  32  ARG  O  29.042  15.205  19.81  0.75
496  32  ARG  CB  30.086  17.976  18.978  30.22
497  32  ARG  CG  31.209  17.681  18.014  27.74
498  32  ARG  CD  30.917  18.353  16.692  43.6
499  32  ARG  NE  31.957  18.132  15.697  57.23
500  32  ARG  CZ  31.812  18.425  14.409  176.14
501  32  ARG  NH1  30.67  18.943  13.974  177.5
502  32  ARG  NH2  32.806  18.21  13.561  38.43
503  32  ARG  H  31.755  18.36  20.713  7.77
504  32  ARG  HA  29.407  17.44  20.879  4.13
505  32  ARG  HB2  29.245  17.746  18.553  1.93
506  32  ARG  HB3  30.067  18.931  19.148  2.03
507  32  ARG  HG2  32.051  18.002  18.373  1.91
508  32  ARG  HG3  31.3  16.723  17.889  1.71
509  32  ARG  HD2  30.072  18.024  16.348  3.25
510  32  ARG  HD3  30.812  19.306  16.836  3.2
511  32  ARG  HE  32.704  17.794  15.956  2.68
512  32  ARG  HH11  30.026  19.088  14.525  3.25
513  32  ARG  HH12  30.574  19.133  13.141  6.9
514  32  ARG  HH21  33.548  17.88  13.843  8.38
515  32  ARG  HH22  32.709  18.401  12.728  4.1
516  33  ASP  N  31.248  15.049  20.168  115.75
517  33  ASP  CA  31.27  13.598  19.948  60.35
518  33  ASP  C  31.429  12.771  21.225  176.02
519  33  ASP  O  31.485  11.544  21.178  59.87
520  33  ASP  CB  32.387  13.228  18.969  41.57
521  33  ASP  CG  31.992  13.456  17.521  180.39
522  33  ASP  OD1  32.897  13.637  16.68  175.09
523  33  ASP  OD2  30.779  13.439  17.22  7.41
524  33  ASP  H  32.012  15.396  20.357  8.24
525  33  ASP  HA  30.399  13.379  19.581  4.97
526  33  ASP  HB2  33.177  13.753  19.172  2.98
527  33  ASP  HB3  32.626  12.296  19.093  2.67
528  34  ILE  N  31.488  13.44  22.367  120
529  34  ILE  CA  31.651  12.745  23.637  60.46
530  34  ILE  C  30.321  12.282  24.233  175.83
531  34  ILE  O  29.383  13.072  24.354  33.52
532  34  ILE  CB  32.363  13.663  24.672  37.72
533  34  ILE  CG1  33.753  14.052  24.156  28.34
534  34  ILE  CG2  32.486  12.951  26.018  17.77
535  34  ILE  CD  34.491  15.039  25.052  3.97
536  34  ILE  H  31.436  14.296  22.43  7.31
537  34  ILE  HA  32.189  11.96  23.449  4.15
538  34  ILE  HB  31.833  14.466  24.793  2.02
539  34  ILE  HG21  32.931  13.534  26.653  7.55
540  34  ILE  HG22  31.602  12.729  26.349  7.37
541  34  ILE  HG23  33.004  12.138  25.908  7.09
542  35  LYS  N  30.244  11.001  24.588  130.63
543  35  LYS  CA  29.053  10.432  25.226  52.65
544  35  LYS  C  29.458  10.188  26.674  173.23
545  35  LYS  O  30.173  9.237  26.976  177.63
546  35  LYS  CB  28.649  9.098  24.583  32.42
547  35  LYS  CG  27.754  9.22  23.353  24.81
548  35  LYS  CD  28.508  9.683  22.128  29.44
549  35  LYS  CE  27.602  9.677  20.895  42.42
550  35  LYS  NZ  27.033  8.331  20.597  8.5
551  35  LYS  H  30.88  10.435  24.466  8.92
552  35  LYS  HA  28.294  11.029  25.136  4.73
553  35  LYS  HB2  29.454  8.617  24.334  1.94
554  35  LYS  HB3  28.191  8.56  25.247  1.71
555  35  LYS  HG2  27.343  8.361  23.17  1.45
556  35  LYS  HG3  27.035  9.844  23.541  1.21
557  35  LYS  HD2  28.854  10.577  22.275  1.66
558  35  LYS  HD3  29.272  9.105  21.976  1.32
559  35  LYS  HE2  26.877  10.307  21.03  2.98
560  35  LYS  HE3  28.107  9.986  20.127  3.07
561  35  LYS  HZ1  26.701  8.325  19.771  31.55
562  35  LYS  HZ2  27.673  7.716  20.663  119.51
563  35  LYS  HZ3  26.385  8.147  21.178  58.32
564  36  PRO  N  28.996  11.036  27.595  178.67
565  36  PRO  CA  29.406  10.794  28.976  62.94
566  36  PRO  C  28.744  9.631  29.702  173.93
567  36  PRO  O  27.79  9.021  29.211  1.99
568  36  PRO  CB  29.141  12.141  29.651  32.45
569  36  PRO  CG  27.97  12.682  28.896  27.16
570  36  PRO  CD  28.249  12.301  27.46  51.23
571  36  PRO  HA  30.33  10.5  29.004  4.73
572  36  PRO  HB2  28.94  12.035  30.594  1.77
573  36  PRO  HB3  29.91  12.73  29.589  2.18
574  36  PRO  HG2  27.137  12.297  29.21  2.05
575  36  PRO  HG3  27.895  13.643  29  1.78
576  36  PRO  HD2  27.43  12.183  26.954  3.42
577  36  PRO  HD3  28.77  12.979  27.003  3.9
578  37  ILE  N  29.306  9.311  30.861  121.1
579  37  ILE  CA  28.77  8.272  31.722  59.94
580  37  ILE  C  28.281  9.041  32.942  175.29
581  37  ILE  O  28.985  9.911  33.473  2.08
582  37  ILE  CB  29.846  7.247  32.167  40.36
583  37  ILE  CG1  30.305  6.413  30.97  29.92
584  37  ILE  CG2  29.268  6.314  33.236  17.84
585  37  ILE  CD  31.326  5.33  31.317  177.24
586  37  ILE  H  30.012  9.693  31.17  8.4
587  37  ILE  HA  28.087  7.756  31.266  5.09
588  37  ILE  HB  30.603  7.732  32.532  1.75
589  37  ILE  HG21  29.946  5.676  33.51  39.65
590  37  ILE  HG22  28.987  6.836  34.004  8.06
591  37  ILE  HG23  28.505  5.838  32.872  3.9
592  38  VAL  N  27.065  8.746  33.375  129.03
593  38  VAL  CA  26.523  9.432  34.527  60.49
594  38  VAL  C  26.281  8.43  35.64  174.91
595  38  VAL  O  25.581  7.43  35.455  2.68
596  38  VAL  CB  25.214  10.168  34.174  40.17
597  38  VAL  CG1  24.722  10.953  35.384  21.36
598  38  VAL  CG2  25.451  11.115  32.997  20.71
599  38  VAL  H  26.546  8.16  33.02  9.44
600  38  VAL  HA  27.164  10.098  34.822  5.18
601  38  VAL  HB  24.54  9.517  33.923  2.12
602  38  VAL  HG11  23.899  11.414  35.158  4.81
603  38  VAL  HG12  24.559  10.344  36.121  8.04
604  38  VAL  HG13  25.395  11.602  35.644  3.87
605  38  VAL  HG21  24.625  11.575  32.78  3.87
606  38  VAL  HG22  26.129  11.766  33.237  112.81
607  38  VAL  HG23  25.749  10.606  32.227  58.88
608  39  GLU  N  26.905  8.694  36.782  127.97
609  39  GLU  CA  26.776  7.842  37.954  54.47
610  39  GLU  C  25.722  8.445  38.871  175.96
611  39  GLU  O  25.842  9.593  39.287  2.36
612  39  GLU  CB  28.113  7.756  38.691  31.9
613  39  GLU  CG  28.124  6.752  39.825  36.54
614  39  GLU  CD  29.485  6.634  40.483  183.32
615  39  GLU  OE1  29.63  5.796  41.396  57.78
616  39  GLU  OE2  30.41  7.379  40.089  175.97
617  39  GLU  H  27.417  9.375  36.898  9.56
618  39  GLU  HA  26.515  6.948  37.684  5.51
619  39  GLU  HB2  28.808  7.521  38.056  2.17
620  39  GLU  HB3  28.335  8.632  39.044  2.07
621  39  GLU  HG2  27.468  7.013  40.49  2.33
622  39  GLU  HG3  27.855  5.884  39.487  2.24
623  40  ILE  N  24.68  7.678  39.171  125.31
624  40  ILE  CA  23.624  8.17  40.045  60.77
625  40  ILE  C  23.473  7.314  41.293  175.99
626  40  ILE  O  23.322  6.092  41.22  8.42
627  40  ILE  CB  22.253  8.219  39.327  39.84
628  40  ILE  CG1  22.322  9.166  38.131  28.92
629  40  ILE  CG2  21.165  8.681  40.306  17.18
630  40  ILE  CD  21.028  9.228  37.311  176.12
631  40  ILE  H  24.566  6.876  38.881  9.64
632  40  ILE  HA  23.892  9.068  40.296  5.13
633  40  ILE  HB  22.031  7.33  39.009  2.46
634  40  ILE  HG21  20.31  8.709  39.85  23.1
635  40  ILE  HG22  21.114  8.06  41.05  24.34
636  40  ILE  HG23  21.383  9.566  40.638  26.62
637  41  GLN  N  23.52  7.972  42.441  127.44
638  41  GLN  CA  23.362  7.307  43.724  54.48
639  41  GLN  C  22.151  7.966  44.383  173.45
640  41  GLN  O  22.227  9.111  44.822  62.57
641  41  GLN  CB  24.614  7.531  44.575  31.13
642  41  GLN  CG  24.585  6.914  45.959  33.14
643  41  GLN  CD  25.788  7.334  46.792  180.17
644  41  GLN  OE1  25.763  8.362  47.472  0.87
645  41  GLN  NE2  26.857  6.549  46.722  111.81
646  41  GLN  H  23.645  8.821  42.498  9.25
647  41  GLN  HA  23.238  6.35  43.627  4.74
648  41  GLN  HB2  25.379  7.175  44.096  1.98
649  41  GLN  HB3  24.756  8.486  44.667  2.09
650  41  GLN  HG2  23.769  7.177  46.413  2.31
651  41  GLN  HG3  24.567  5.947  45.882  2.23
652  41  GLN  HE21  26.838  5.839  46.237  6.88
653  41  GLN  HE22  27.568  6.751  47.162  7.67
654  42  GLN  N  21.022  7.27  44.418  125.85
655  42  GLN  CA  19.837  7.832  45.049  53.56
656  42  GLN  C  19.506  7.066  46.322  174.53
657  42  GLN  O  19.191  5.87  46.28  33.66
658  42  GLN  CB  18.636  7.796  44.098  30.02
659  42  GLN  CG  17.315  8.102  44.8  32.45
660  42  GLN  CD  16.111  7.994  43.884  179.26
661  42  GLN  OE1  16.176  7.379  42.818  1.68
662  42  GLN  NE2  14.993  8.584  44.307  108.43
663  42  GLN  H  20.921  6.482  44.088  8.23
664  42  GLN  HA  20.027  8.757  45.27  4.44
665  42  GLN  HB2  18.775  8.438  43.385  1.11
666  42  GLN  HB3  18.582  6.92  43.685  1.77
667  42  GLN  HG2  17.203  7.491  45.545  1.14
668  42  GLN  HG3  17.353  8.998  45.171  1.84
669  42  GLN  HE21  14.986  9.004  45.057  7.72
670  42  GLN  HE22  14.279  8.544  43.83  6.96
671  43  LYS  N  19.591  7.76  47.452  129.56
672  43  LYS  CA  19.297  7.17  48.756  55.14
673  43  LYS  C  18.114  7.94  49.325  176.02
674  43  LYS  O  18.278  9.029  49.873  175.79
675  43  LYS  CB  20.518  7.295  49.679  32.92
676  43  LYS  CG  21.739  6.528  49.176  24.23
677  43  LYS  CD  22.95  6.695  50.089  29.44
678  43  LYS  CE  24.128  5.874  49.583  41.84
679  43  LYS  NZ  25.307  5.949  50.496  31.4
680  43  LYS  H  19.821  8.588  47.486  8.8
681  43  LYS  HA  19.088  6.226  48.677  4.42
682  43  LYS  HB2  20.749  8.232  49.773  1.68
683  43  LYS  HB3  20.282  6.971  50.562  1.81
684  43  LYS  HG2  21.519  5.586  49.105  1.33
685  43  LYS  HG3  21.965  6.835  48.284  1.22
686  43  LYS  HD2  23.199  7.631  50.134  1.68
687  43  LYS  HD3  22.721  6.418  50.99  1.61
688  43  LYS  HE2  23.856  4.948  49.486  2.94
689  43  LYS  HE3  24.384  6.189  48.702  2.85
690  43  LYS  HZ1  25.971  5.457  50.165  107.11
691  43  LYS  HZ2  25.573  6.795  50.569  45.71
692  43  LYS  HZ3  25.081  5.639  51.299  174.97
693  44  GLY  N  16.922  7.366  49.186  117.34
694  44  GLY  CA  15.72  8.036  49.645  47.27
695  44  GLY  C  15.502  9.192  48.686  173.82
696  44  GLY  O  15.35  8.982  47.476  4.04
697  44  GLY  H  16.792  6.594  48.83  8.91
698  44  GLY  HA2  14.961  7.432  49.641  3.66
699  44  GLY  HA3  15.824  8.354  50.556  4.02
700  45  ASP  N  15.509  10.412  49.215  127.43
701  45  ASP  CA  15.336  11.611  48.402  54.3
702  45  ASP  C  16.671  12.297  48.119  174.25
703  45  ASP  O  16.707  13.324  47.43  56.6
704  45  ASP  CB  14.427  12.615  49.108  40.99
705  45  ASP  CG  12.965  12.211  49.083  179.96
706  45  ASP  OD1  12.162  12.932  49.71  39.7
707  45  ASP  OD2  12.616  11.193  48.444  7.47
708  45  ASP  H  15.614  10.568  50.054  8.84
709  45  ASP  HA  14.937  11.325  47.565  4.92
710  45  ASP  HB2  14.715  12.712  50.029  2.72
711  45  ASP  HB3  14.525  13.484  48.687  3.17
712  46  ASP  N  17.754  11.738  48.658  120
713  46  ASP  CA  19.101  12.289  48.494  54.16
714  46  ASP  C  19.847  11.732  47.288  174.81
715  46  ASP  O  20.098  10.526  47.19  176.93
716  46  ASP  CB  19.93  12.031  49.759  41.32
717  46  ASP  CG  19.315  12.664  50.984  180.36
718  46  ASP  OD1  19.547  12.161  52.104  102.95
719  46  ASP  OD2  18.597  13.673  50.819  6.89
720  46  ASP  H  17.728  11.022  49.133  8.02
721  46  ASP  HA  18.986  13.24  48.343  5.29
722  46  ASP  HB2  20.014  11.075  49.899  2.97
723  46  ASP  HB3  20.826  12.379  49.633  2.76
724  47  PHE  N  20.218  12.634  46.386  121.6
725  47  PHE  CA  20.929  12.272  45.169  56.32
726  47  PHE  C  22.359  12.763  45.148  176.29
727  47  PHE  O  22.671  13.855  45.636  55.24
728  47  PHE  CB  20.259  12.858  43.936  43.46
729  47  PHE  CG  18.957  12.26  43.548  120.91
730  47  PHE  CD1  17.813  12.454  44.315  131.03
731  47  PHE  CD2  18.865  11.507  42.38  128.76
732  47  PHE  CE1  16.587  11.908  43.918  131.03
733  47  PHE  CE2  17.65  10.957  41.974  126.86
734  47  PHE  CZ  16.508  11.158  42.744  9.23
735  47  PHE  H  20.063  13.476  46.464  9.28
736  47  PHE  HA  20.912  11.302  45.157  5.05
737  47  PHE  HB2  20.126  13.807  44.084  1.38
738  47  PHE  HB3  20.869  12.771  43.187  1.79
739  47  PHE  HD1  17.863  12.951  45.099  6.8
740  47  PHE  HD2  19.626  11.369  41.863  6.66
741  47  PHE  HE1  15.827  12.045  44.436  6.93
742  47  PHE  HE2  17.603  10.457  41.191  6.84
743  47  PHE  HZ  15.695  10.794  42.477  7.02
744  48  VAL  N  23.22  11.942  44.565  121.06
745  48  VAL  CA  24.607  12.266  44.335  62.38
746  48  VAL  C  24.823  11.844  42.886  175.4
747  48  VAL  O  24.82  10.656  42.567  107.61
748  48  VAL  CB  25.601  11.537  45.269  34.36
749  48  VAL  CG1  27.031  11.869  44.898  20.74
750  48  VAL  CG2  25.341  11.901  46.725  21.29
751  48  VAL  H  23.002  11.158  44.286  8.52
752  48  VAL  HA  24.778  13.204  44.515  5.14
753  48  VAL  HB  25.467  10.583  45.159  1.87
754  48  VAL  HG11  27.637  11.403  45.495  116.61
755  48  VAL  HG12  27.201  11.592  43.984  62.56
756  48  VAL  HG13  27.172  12.825  44.977  176.93
757  48  VAL  HG21  25.974  11.434  47.293  176.08
758  48  VAL  HG22  25.446  12.858  46.843  33.47
759  48  VAL  HG23  24.438  11.643  46.967  23.37
760  49  VAL  N  25.005  12.81  42.004  126.91
761  49  VAL  CA  25.17  12.526  40.588  60.87
762  49  VAL  C  26.513  13.027  40.064  175.87
763  49  VAL  O  26.875  14.192  40.239  6.75
764  49  VAL  CB  24.024  13.17  39.783  34.38
765  49  VAL  CG1  24.17  12.848  38.303  21.32
766  49  VAL  CG2  22.685  12.703  40.316  18.63
767  49  VAL  H  25.037  13.645  42.206  9.31
768  49  VAL  HA  25.146  11.563  40.477  5.14
769  49  VAL  HB  24.07  14.134  39.884  2.11
770  49  VAL  HG11  23.443  13.259  37.809  125.31
771  49  VAL  HG12  25.017  13.193  37.979  53.01
772  49  VAL  HG13  24.143  11.887  38.177  178.86
773  49  VAL  HG21  21.971  13.114  39.803  4
774  49  VAL  HG22  22.624  11.738  40.239  20
775  49  VAL  HG23  22.601  12.958  41.248  8.44
776  50  THR  N  27.254  12.135  39.424  128.5
777  50  THR  CA  28.548  12.496  38.872  61.34
778  50  THR  C  28.605  12.146  37.39  173.48
779  50  THR  O  28.459  10.981  37.018  33.61
780  50  THR  CB  29.688  11.757  39.608  70.35
781  50  THR  OG1  29.653  12.096  40.999  62.3
782  50  THR  CG2  31.04  12.147  39.033  21.88
783  50  THR  H  27.025  11.315  39.299  9.8
784  50  THR  HA  28.664  13.452  38.988  5.53
785  50  THR  HB  29.563  10.802  39.493  4.17
786  50  THR  HG1  30.213  12.702  41.154  60.73
787  50  THR  HG21  31.742  11.674  39.507  8.16
788  50  THR  HG22  31.071  11.913  38.092  4
789  50  THR  HG23  31.171  13.103  39.133  39.64
790  51  SER  N  28.787  13.17  36.556  121.6
791  51  SER  CA  28.893  13.003  35.111  56.55
792  51  SER  C  30.379  12.931  34.792  173.48
793  51  SER  O  31.164  13.75  35.279  4.41
794  51  SER  CB  28.262  14.19  34.376  64.14
795  51  SER  OG  26.854  14.204  34.54  62.75
796  51  SER  H  28.853  13.987  36.817  9.15
797  51  SER  HA  28.425  12.203  34.825  5.38
798  51  SER  HB2  28.638  15.019  34.712  3.87
799  51  SER  HB3  28.48  14.142  33.432  3.83
800  51  SER  HG  26.531  14.862  34.131  -0.12
801  52  LYS  N  30.761  11.963  33.967  125.85
802  52  LYS  CA  32.166  11.766  33.627  55.74
803  52  LYS  C  32.472  11.689  32.137  175.88
804  52  LYS  O  31.719  11.128  31.342  4.13
805  52  LYS  CB  32.669  10.472  34.263  35.94
806  52  LYS  CG  32.312  10.284  35.719  25.4
807  52  LYS  CD  32.694  8.882  36.175  29.51
808  52  LYS  CE  32.216  8.613  37.594  41.84
809  52  LYS  NZ  32.418  7.194  38.003  128.45
810  52  LYS  H  30.221  11.408  33.592  9.34
811  52  LYS  HA  32.614  12.556  33.967  5.27
812  52  LYS  HB2  32.314  9.723  33.759  1.87
813  52  LYS  HB3  33.635  10.441  34.176  1.79
814  52  LYS  HG2  32.772  10.944  36.26  1.41
815  52  LYS  HG3  31.361  10.426  35.847  1.37
816  52  LYS  HD2  32.309  8.227  35.572  1.73
817  52  LYS  HD3  33.657  8.776  36.13  1.61
818  52  LYS  HE2  32.691  9.195  38.208  2.78
819  52  LYS  HE3  31.274  8.836  37.663  2.87
820  52  LYS  HZ1  31.875  7  38.681  117.81
821  52  LYS  HZ2  32.237  6.658  37.316  57.17
822  52  LYS  HZ3  33.263  7.075  38.257  177.8
823  53  THR  N  33.59  12.288  31.786  115.99
824  53  THR  CA  34.198  12.276  30.46  58.72
825  53  THR  C  35.648  11.924  30.729  173.02
826  53  THR  O  36.074  11.948  31.892  114.7
827  53  THR  CB  34.198  13.618  29.727  68.1
828  53  THR  OG1  35.017  14.547  30.449  7.47
829  53  THR  CG2  32.781  14.153  29.6  22.47
830  53  THR  H  34.051  12.746  32.35  8.97
831  53  THR  HA  33.696  11.668  29.895  5.04
832  53  THR  HB  34.556  13.496  28.834  4.58
833  53  THR  HG1  34.813  14.527  31.264  1.72
834  53  THR  HG21  32.797  15.003  29.134  39.39
835  53  THR  HG22  32.24  13.521  29.101  119.71
836  53  THR  HG23  32.401  14.276  30.484  56.95
837  54  PRO  N  36.427  11.572  29.703  178.06
838  54  PRO  CA  37.851  11.263  29.931  65.56
839  54  PRO  C  38.646  12.333  30.649  177.26
840  54  PRO  O  39.499  12.064  31.506  3.03
841  54  PRO  CB  38.345  10.859  28.555  32.57
842  54  PRO  CG  37.169  10.11  28.016  28.34
843  54  PRO  CD  35.935  10.623  28.708  50.64
844  54  PRO  HA  37.977  10.55  30.576  4.39
845  54  PRO  HB2  38.568  11.628  28.008  1.91
846  54  PRO  HB3  39.139  10.304  28.602  2.54
847  54  PRO  HG2  37.097  10.236  27.057  2.09
848  54  PRO  HG3  37.273  9.158  28.17  2.26
849  54  PRO  HD2  35.333  11.053  28.08  4.04
850  54  PRO  HD3  35.441  9.901  29.126  3.76
851  55  ARG  N  38.347  13.533  30.248  112.03
852  55  ARG  CA  39.034  14.704  30.775  56.7
853  55  ARG  C  38.565  15.185  32.141  175.46
854  55  ARG  O  39.38  15.632  32.947  8.7
855  55  ARG  CB  38.912  15.865  29.793  32.57
856  55  ARG  CG  39.676  15.685  28.5  27.16
857  55  ARG  CD  39.353  16.803  27.505  43.01
858  55  ARG  NE  39.85  18.12  27.911  62.45
859  55  ARG  CZ  39.313  18.879  28.862  175.73
860  55  ARG  NH1  38.251  18.463  29.526  60.48
861  55  ARG  NH2  39.83  20.067  29.144  70.49
862  55  ARG  H  37.742  13.708  29.663  8.24
863  55  ARG  HA  39.952  14.413  30.891  4.54
864  55  ARG  HB2  37.974  15.998  29.584  2.06
865  55  ARG  HB3  39.223  16.674  30.228  1.67
866  55  ARG  HG2  40.629  15.677  28.683  1.57
867  55  ARG  HG3  39.455  14.826  28.108  1.63
868  55  ARG  HD2  39.733  16.576  26.642  3.25
869  55  ARG  HD3  38.391  16.852  27.388  3.19
870  55  ARG  HE  40.542  18.426  27.503  3.21
871  55  ARG  HH11  37.903  17.698  29.345  120.61
872  55  ARG  HH12  37.907  18.957  30.14  56.87
873  55  ARG  HH21  40.517  20.351  28.711  177.76
874  55  ARG  HH22  39.479  20.554  29.76  113.96
875  56  GLN  N  37.265  15.106  32.407  115.75
876  56  GLN  CA  36.765  15.583  33.689  55.16
877  56  GLN  C  35.479  14.945  34.2  173.7
878  56  GLN  O  34.729  14.3  33.46  118.24
879  56  GLN  CB  36.55  17.099  33.627  32.63
880  56  GLN  CG  35.433  17.511  32.685  33.62
881  56  GLN  CD  35.037  18.972  32.817  179.76
882  56  GLN  OE1  34.787  19.467  33.92  38.2
883  56  GLN  NE2  34.956  19.666  31.684  111.25
884  56  GLN  H  36.67  14.788  31.874  7.68
885  56  GLN  HA  37.455  15.321  34.319  4.93
886  56  GLN  HB2  36.351  17.427  34.518  2.05
887  56  GLN  HB3  37.375  17.525  33.346  1.91
888  56  GLN  HG2  35.71  17.34  31.771  2.36
889  56  GLN  HG3  34.656  16.956  32.854  2.2
890  56  GLN  HE21  35.138  19.287  30.934  7.47
891  56  GLN  HE22  34.722  20.493  31.702  7
892  57  THR  N  35.24  15.14  35.491  117.34
893  57  THR  CA  34.03  14.651  36.126  61.45
894  57  THR  C  33.438  15.835  36.886  173.33
895  57  THR  O  34.171  16.723  37.325  177.49
896  57  THR  CB  34.317  13.512  37.138  71.14
897  57  THR  OG1  35.052  14.034  38.251  30.79
898  57  THR  CG2  35.123  12.394  36.486  21.29
899  57  THR  H  35.774  15.558  36.02  8.48
900  57  THR  HA  33.433  14.293  35.451  5.53
901  57  THR  HB  33.469  13.15  37.438  4.03
902  57  THR  HG1  35.206  13.417  38.8  8.36
903  57  THR  HG21  35.29  11.694  37.136  4.05
904  57  THR  HG22  34.624  12.028  35.739  2.04
905  57  THR  HG23  35.968  12.748  36.167  118.61
906  58  VAL  N  32.114  15.871  36.999  125.31
907  58  VAL  CA  31.44  16.921  37.758  61.21
908  58  VAL  C  30.426  16.226  38.653  173.83
909  58  VAL  O  29.593  15.45  38.176  57.98
910  58  VAL  CB  30.715  17.937  36.86  35.01
911  58  VAL  CG1  29.919  18.917  37.723  20.97
912  58  VAL  CG2  31.73  18.695  36.022  21.24
913  58  VAL  H  31.585  15.294  36.642  8.9
914  58  VAL  HA  32.1  17.424  38.26  5.1
915  58  VAL  HB  30.105  17.465  36.272  2.01
916  58  VAL  HG11  29.464  19.555  37.152  41.27
917  58  VAL  HG12  29.265  18.429  38.247  8.33
918  58  VAL  HG13  30.523  19.389  38.318  4.33
919  58  VAL  HG21  31.27  19.335  35.457  7.78
920  58  VAL  HG22  32.346  19.164  36.606  3.83
921  58  VAL  HG23  32.223  18.07  35.467  9.42
922  59  THR  N  30.519  16.495  39.951  126.38
923  59  THR  CA  29.634  15.893  40.936  61.81
924  59  THR  C  28.704  16.932  41.543  173.01
925  59  THR  O  29.102  18.063  41.802  119.01
926  59  THR  CB  30.446  15.247  42.071  70.39
927  59  THR  OG1  31.36  14.295  41.515  177.38
928  59  THR  CG2  29.525  14.542  43.062  21.88
929  59  THR  H  31.1  17.034  40.285  8.96
930  59  THR  HA  29.11  15.218  40.477  5.32
931  59  THR  HB  30.932  15.943  42.54  3.86
932  59  THR  HG1  31.806  13.941  42.132  8.23
933  59  THR  HG21  30.055  14.142  43.769  3.85
934  59  THR  HG22  28.909  15.185  43.446  174.29
935  59  THR  HG23  29.024  13.85  42.603  7.5
936  60  ASN  N  27.455  16.538  41.752  124.24
937  60  ASN  CA  26.451  17.416  42.342  52.81
938  60  ASN  C  25.651  16.625  43.349  172.88
939  60  ASN  O  25.473  15.415  43.194  112.07
940  60  ASN  CB  25.496  17.945  41.275  43.91
941  60  ASN  CG  26.109  19.036  40.435  176.66
942  60  ASN  OD1  26.423  20.115  40.937  62.42
943  60  ASN  ND2  26.283  18.764  39.146  118.53
944  60  ASN  H  27.164  15.753  41.556  9.13
945  60  ASN  HA  26.9  18.166  42.762  5.4
946  60  ASN  HB2  25.223  17.214  40.699  2.76
947  60  ASN  HB3  24.694  18.284  41.703  2.6
948  60  ASN  HD21  26.628  19.354  38.625  8.54
949  60  ASN  HD22  26.05  17.997  38.833  8.15
950  61  SER  N  25.165  17.315  44.373  115.74
951  61  SER  CA  24.356  16.7  45.411  56.62
952  61  SER  C  23.083  17.518  45.577  172.59
953  61  SER  O  23.112  18.746  45.507  8.39
954  61  SER  CB  25.125  16.659  46.732  65.29
955  61  SER  OG  26.177  15.716  46.662  118.91
956  61  SER  H  25.297  18.158  44.484  8.85
957  61  SER  HA  24.138  15.789  45.159  5.49
958  61  SER  HB2  25.484  17.538  46.931  3.95
959  61  SER  HB3  24.523  16.427  47.456  3.85
960  61  SER  HG  26.592  15.704  47.392  2.32
961  62  PHE  N  21.962  16.836  45.774  117.34
962  62  PHE  CA  20.694  17.522  45.957  56.47
963  62  PHE  C  19.649  16.61  46.557  172.63
964  62  PHE  O  19.734  15.385  46.458  4.71
965  62  PHE  CB  20.17  18.102  44.63  39.98
966  62  PHE  CG  19.94  17.073  43.555  37.7
967  62  PHE  CD1  20.945  16.76  42.645  131.82
968  62  PHE  CD2  18.719  16.418  43.452  129.76
969  62  PHE  CE1  20.736  15.81  41.644  128.94
970  62  PHE  CE2  18.496  15.463  42.456  129.46
971  62  PHE  CZ  19.508  15.159  41.55  125.76
972  62  PHE  H  21.915  15.978  45.805  8.24
973  62  PHE  HA  20.86  18.252  46.574  5.06
974  62  PHE  HB2  19.337  18.57  44.799  3.29
975  62  PHE  HB3  20.804  18.76  44.304  3.06
976  62  PHE  HD1  21.768  17.19  42.705  6.54
977  62  PHE  HD2  18.04  16.618  44.055  6.37
978  62  PHE  HE1  21.416  15.612  41.041  6.38
979  62  PHE  HE2  17.674  15.032  42.399  6.44
980  62  PHE  HZ  19.365  14.524  40.885  6.09
981  63  THR  N  18.669  17.227  47.201  119.47
982  63  THR  CA  17.575  16.503  47.822  60.74
983  63  THR  C  16.276  16.977  47.191  175.48
984  63  THR  O  16.072  18.181  47.002  44.6
985  63  THR  CB  17.51  16.773  49.339  71.56
986  63  THR  OG1  18.637  16.169  49.984  45.92
987  63  THR  CG2  16.212  16.216  49.926  21.88
988  63  THR  H  18.621  18.081  47.29  9.66
989  63  THR  HA  17.713  15.552  47.686  5.55
990  63  THR  HB  17.529  17.731  49.488  3.82
991  63  THR  HG1  18.506  15.343  50.061  3.95
992  63  THR  HG21  16.186  16.393  50.879  106.11
993  63  THR  HG22  15.454  16.642  49.497  45.67
994  63  THR  HG23  16.173  15.259  49.774  174.82
995  64  LEU  N  15.408  16.027  46.857  126.38
996  64  LEU  CA  14.117  16.339  46.255  56.08
997  64  LEU  C  13.347  17.317  47.132  178.34
998  64  LEU  O  13.185  17.088  48.33  3.94
999  64  LEU  CB  13.28  15.064  46.091  41.08
1000  64  LEU  CG  13.717  13.988  45.092  26.57
1001  64  LEU  CD1  12.75  12.812  45.162  27.16
1002  64  LEU  CD2  13.748  14.563  43.682  23.05
1003  64  LEU  H  15.55  15.187  46.973  9.22
1004  64  LEU  HA  14.281  16.736  45.385  4.41
1005  64  LEU  HB2  13.221  14.642  46.963  1.69
1006  64  LEU  HB3  12.382  15.337  45.847  1.97
1007  64  LEU  HG  14.609  13.682  45.318  2.35
1008  64  LEU  HD11  13.024  12.129  44.53  3.8
1009  64  LEU  HD12  12.754  12.443  46.059  117.51
1010  64  LEU  HD13  11.855  13.115  44.942  62.88
1011  64  LEU  HD21  14.026  13.875  43.058  177.35
1012  64  LEU  HD22  12.863  14.879  43.442  62.34
1013  64  LEU  HD23  14.375  15.302  43.647  33.16
1014  65  GLY  N  12.88  18.408  46.535  106.72
1015  65  GLY  CA  12.103  19.386  47.276  45.54
1016  65  GLY  C  12.866  20.472  48.01  173.23
1017  65  GLY  O  12.254  21.333  48.641  3.74
1018  65  GLY  H  13.003  18.598  45.705  9.1
1019  65  GLY  HA2  11.492  19.815  46.657  4.28
1020  65  GLY  HA3  11.561  18.91  47.924  3.24
1021  66  LYS  N  14.192  20.44  47.939  120.53
1022  66  LYS  CA  15.011  21.445  48.608  54.14
1023  66  LYS  C  15.982  22.074  47.62  175.53
1024  66  LYS  O  16.693  21.369  46.9  8.43
1025  66  LYS  CB  15.772  20.809  49.772  34.33
1026  66  LYS  CG  14.844  20.201  50.819  24.24
1027  66  LYS  CD  15.593  19.4  51.874  29.51
1028  66  LYS  CE  14.614  18.673  52.796  42.42
1029  66  LYS  NZ  15.309  17.802  53.787  33.38
1030  66  LYS  H  14.638  19.844  47.508  7.92
1031  66  LYS  HA  14.433  22.141  48.957  4.79
1032  66  LYS  HB2  16.363  20.12  49.43  1.97
1033  66  LYS  HB3  16.332  21.48  50.192  1.83
1034  66  LYS  HG2  14.343  20.91  51.252  1.41
1035  66  LYS  HG3  14.199  19.625  50.379  1.36
1036  66  LYS  HD2  16.178  18.757  51.444  1.78
1037  66  LYS  HD3  16.157  19.992  52.396  1.67
1038  66  LYS  HE2  14.071  19.325  53.266  3.09
1039  66  LYS  HE3  14.01  18.134  52.262  8.8
1040  66  LYS  HZ1  14.706  17.399  54.302  0
1041  66  LYS  HZ2  15.79  17.188  53.358  115.51
1042  66  LYS  HZ3  15.847  18.299  54.293  62.38
1043  67  GLU  N  16.006  23.401  47.582  129.56
1044  67  GLU  CA  16.888  24.11  46.668  58.9
1045  67  GLU  C  18.344  23.726  46.9  174.85
1046  67  GLU  O  18.821  23.711  48.034  173.66
1047  67  GLU  CB  16.728  25.621  46.832  30.19
1048  67  GLU  CG  17.525  26.407  45.81  37.76
1049  67  GLU  CD  17.305  27.9  45.917  183.67
1050  67  GLU  OE1  17.737  28.503  46.926  8.78
1051  67  GLU  OE2  16.694  28.466  44.988  61.73
1052  67  GLU  H  15.519  23.908  48.077  8.92
1053  67  GLU  HA  16.639  23.857  45.765  4.29
1054  67  GLU  HB2  15.79  25.854  46.753  2
1055  67  GLU  HB3  17.01  25.878  47.724  1.94
1056  67  GLU  HG2  18.469  26.214  45.924  2.07
1057  67  GLU  HG3  17.281  26.111  44.919  1.99
1058  68  ALA  N  19.052  23.422  45.82  130.63
1059  68  ALA  CA  20.451  23.027  45.932  50.72
1060  68  ALA  C  21.367  23.855  45.048  175.66
1061  68  ALA  O  20.932  24.389  44.032  3.98
1062  68  ALA  CB  20.597  21.551  45.571  22.08
1063  68  ALA  H  18.744  23.438  45.017  8.66
1064  68  ALA  HA  20.719  23.182  46.851  4.92
1065  68  ALA  HB1  21.528  21.29  45.646  61.52
1066  68  ALA  HB2  20.062  21.015  46.177  33.43
1067  68  ALA  HB3  20.294  21.409  44.661  120.46
1068  69  ASP  N  22.633  23.966  45.448  119.47
1069  69  ASP  CA  23.636  24.682  44.658  54.47
1070  69  ASP  C  24.129  23.667  43.631  175.13
1071  69  ASP  O  24.489  22.545  43.989  9.43
1072  69  ASP  CB  24.806  25.134  45.535  41.67
1073  69  ASP  CG  24.414  26.225  46.517  180.76
1074  69  ASP  OD1  24.665  26.053  47.733  3.93
1075  69  ASP  OD2  23.86  27.254  46.069  173.78
1076  69  ASP  H  22.934  23.631  46.181  8.32
1077  69  ASP  HA  23.263  25.479  44.25  5.21
1078  69  ASP  HB2  25.152  24.372  46.025  2.65
1079  69  ASP  HB3  25.524  25.456  44.969  2.58
1080  70  ILE  N  24.152  24.061  42.363  125.14
1081  70  ILE  CA  24.563  23.158  41.291  57.28
1082  70  ILE  C  25.767  23.657  40.494  175.42
1083  70  ILE  O  25.885  24.847  40.206  31.16
1084  70  ILE  CB  23.385  22.92  40.314  39.12
1085  70  ILE  CG1  22.22  22.262  41.058  27.16
1086  70  ILE  CG2  23.823  22.05  39.147  17.19
1087  70  ILE  CD  22.559  20.91  41.684  8.78
1088  70  ILE  H  23.933  24.85  42.1  8.94
1089  70  ILE  HA  24.828  22.333  41.727  4.54
1090  70  ILE  HB  23.095  23.776  39.962  1.93
1091  70  ILE  HG21  23.074  21.912  38.547  177.52
1092  70  ILE  HG22  24.543  22.489  38.668  124.31
1093  70  ILE  HG23  24.132  21.193  39.48  53.15
1094  71  THR  N  26.653  22.731  40.14  123.19
1095  71  THR  CA  27.842  23.05  39.358  60.9
1096  71  THR  C  27.741  22.35  38  175.02
1097  71  THR  O  27.374  21.179  37.921  8.29
1098  71  THR  CB  29.127  22.578  40.074  70
1099  71  THR  OG1  29.225  23.218  41.353  1.81
1100  71  THR  CG2  30.357  22.932  39.253  21.29
1101  71  THR  H  26.581  21.899  40.347  9.41
1102  71  THR  HA  27.89  24.012  39.247  5.31
1103  71  THR  HB  29.083  21.615  40.183  4.02
1104  71  THR  HG1  29.923  22.96  41.743  177.09
1105  71  THR  HG21  31.154  22.629  39.716  2.24
1106  71  THR  HG22  30.303  22.5  38.386  33.37
1107  71  THR  HG23  30.4  23.893  39.132  121.93
1108  72  THR  N  28.069  23.073  36.935  115.22
1109  72  THR  CA  28.002  22.518  35.589  60.28
1110  72  THR  C  29.38  22.091  35.114  177.43
1111  72  THR  O  30.392  22.476  35.698  38.93
1112  72  THR  CB  27.449  23.548  34.602  70.69
1113  72  THR  OG1  28.42  24.583  34.406  26.81
1114  72  THR  CG2  26.178  24.169  35.153  20.71
1115  72  THR  H  28.334  23.89  36.971  8.55
1116  72  THR  HA  27.413  21.748  35.623  4.35
1117  72  THR  HB  27.254  23.106  33.761  3.93
1118  72  THR  HG1  28.315  24.926  33.646  125.01
1119  72  THR  HG21  25.835  24.82  34.521  53.53
1120  72  THR  HG22  25.514  23.476  35.295  179.25
1121  72  THR  HG23  26.371  24.608  35.996  2
1122  73  MET  N  29.425  21.308  34.043  119.47
1123  73  MET  CA  30.701  20.84  33.533  58.67
1124  73  MET  C  31.479  21.923  32.791  176.13
1125  73  MET  O  32.657  21.742  32.484  172.83
1126  73  MET  CB  30.504  19.627  32.628  34.27
1127  73  MET  CG  31.698  18.7  32.643  34.26
1128  73  MET  SD  31.506  17.268  31.601  117.31
1129  73  MET  CE  30.313  16.337  32.51  17.77
1130  73  MET  H  28.736  21.04  33.603  10.32
1131  73  MET  HA  31.23  20.588  34.306  4.14
1132  73  MET  HB2  29.715  19.139  32.912  2.66
1133  73  MET  HB3  30.341  19.927  31.72  2.74
1134  73  MET  HG2  32.484  19.193  32.36  2.23
1135  73  MET  HG3  31.859  18.408  33.554  2.04
1136  73  MET  HE1  30.117  15.513  32.037  176.55
1137  73  MET  HE2  30.666  16.129  33.389  8.3
1138  73  MET  HE3  29.499  16.857  32.604  4.05
1139  74  ASP  N  30.824  23.044  32.501  112.03
1140  74  ASP  CA  31.5  24.14  31.823  52.72
1141  74  ASP  C  31.738  25.323  32.76  175.16
1142  74  ASP  O  31.879  26.465  32.312  1.73
1143  74  ASP  CB  30.724  24.601  30.58  38.39
1144  74  ASP  CG  29.331  25.109  30.901  179.59
1145  74  ASP  OD1  28.79  25.887  30.086  120.11
1146  74  ASP  OD2  28.768  24.725  31.947  56.95
1147  74  ASP  H  29.997  23.187  32.687  8.68
1148  74  ASP  HA  32.362  23.8  31.537  4.64
1149  74  ASP  HB2  31.224  25.304  30.136  2.96
1150  74  ASP  HB3  30.657  23.862  29.955  2.36
1151  75  GLY  N  31.796  25.044  34.062  107.25
1152  75  GLY  CA  32.103  26.087  35.038  46.03
1153  75  GLY  C  30.947  26.89  35.67  174.76
1154  75  GLY  O  31.148  27.573  36.671  8.35
1155  75  GLY  H  31.662  24.264  34.398  7.57
1156  75  GLY  HA2  32.6  25.673  35.761  3.66
1157  75  GLY  HA3  32.699  26.721  34.61  4.16
1158  76  LYS  N  29.741  26.82  35.116  120
1159  76  LYS  CA  28.613  27.582  35.657  55.63
1160  76  LYS  C  28.209  27.201  37.085  174.85
1161  76  LYS  O  28.494  26.101  37.56  7.63
1162  76  LYS  CB  27.386  27.43  34.756  33.39
1163  76  LYS  CG  27.535  27.952  33.337  24.54
1164  76  LYS  CD  26.169  27.965  32.651  29.03
1165  76  LYS  CE  26.229  28.516  31.231  42.24
1166  76  LYS  NZ  26.75  27.501  30.277  1.64
1167  76  LYS  H  29.552  26.339  34.428  8.12
1168  76  LYS  HA  28.926  28.5  35.685  4.4
1169  76  LYS  HB2  27.152  26.49  34.713  1.85
1170  76  LYS  HB3  26.641  27.889  35.174  1.77
1171  76  LYS  HG2  27.91  28.847  33.349  1.49
1172  76  LYS  HG3  28.152  27.393  32.84  1.25
1173  76  LYS  HD2  25.814  27.063  32.629  1.6
1174  76  LYS  HD3  25.553  28.5  33.176  1.7
1175  76  LYS  HE2  25.343  28.798  30.954  2.97
1176  76  LYS  HE3  26.796  29.302  31.211  45.13
1177  76  LYS  HZ1  26.911  27.887  29.491  119.04
1178  76  LYS  HZ2  27.504  27.152  30.596  56.77
1179  76  LYS  HZ3  26.147  26.855  30.171  173.82
1180  77  LYS  N  27.539  28.128  37.759  118.94
1181  77  LYS  CA  27.048  27.918  39.116  54.47
1182  77  LYS  C  25.611  28.408  39.148  176.23
1183  77  LYS  O  25.31  29.504  38.667  177.18
1184  77  LYS  CB  27.867  28.708  40.135  33.04
1185  77  LYS  CG  29.192  28.079  40.51  24.81
1186  77  LYS  CD  29.89  28.892  41.589  28.92
1187  77  LYS  CE  31.194  28.236  42.01  41.97
1188  77  LYS  NZ  32.101  28.015  40.847  8.22
1189  77  LYS  H  27.355  28.905  37.439  8.04
1190  77  LYS  HA  27.118  26.979  39.347  5.41
1191  77  LYS  HB2  28.034  29.595  39.779  1.93
1192  77  LYS  HB3  27.337  28.82  40.94  1.76
1193  77  LYS  HG2  29.047  27.173  40.825  1.49
1194  77  LYS  HG3  29.76  28.019  39.726  1.39
1195  77  LYS  HD2  30.066  29.787  41.26  1.67
1196  77  LYS  HD3  29.307  28.982  42.359  1.7
1197  77  LYS  HE2  31.64  28.794  42.667  2.94
1198  77  LYS  HE3  31.005  27.387  42.44  2.89
1199  77  LYS  HZ1  32.944  28.154  41.097  178.07
1200  77  LYS  HZ2  32.013  27.179  40.556  3
1201  77  LYS  HZ3  31.889  28.58  40.193  30.76
1202  78  LEU  N  24.724  27.597  39.709  123.19
1203  78  LEU  CA  23.32  27.963  39.789  53.22
1204  78  LEU  C  22.619  27.175  40.88  175.13
1205  78  LEU  O  23.207  26.292  41.503  175.7
1206  78  LEU  CB  22.623  27.698  38.452  45.3
1207  78  LEU  CG  22.597  26.238  38  27.16
1208  78  LEU  CD1  21.566  26.064  36.9  25.4
1209  78  LEU  CD2  23.977  25.822  37.527  27.17
1210  78  LEU  H  24.916  26.831  40.049  9.03
1211  78  LEU  HA  23.271  28.909  39.999  4.79
1212  78  LEU  HB2  21.709  28.018  38.513  1.66
1213  78  LEU  HB3  23.063  28.225  37.766  1.46
1214  78  LEU  HG  22.348  25.669  38.745  1.43
1215  78  LEU  HD11  21.551  25.137  36.614  8.97
1216  78  LEU  HD12  20.69  26.313  37.235  8.44
1217  78  LEU  HD13  21.797  26.63  36.147  3.9
1218  78  LEU  HD21  23.956  24.895  37.241  4.08
1219  78  LEU  HD22  24.247  26.383  36.783  121.11
1220  78  LEU  HD23  24.612  25.921  38.254  53.41
1221  79  LYS  N  21.353  27.499  41.101  118.94
1222  79  LYS  CA  20.557  26.823  42.113  54.53
1223  79  LYS  C  19.335  26.188  41.465  177.1
1224  79  LYS  O  18.863  26.644  40.422  8.2
1225  79  LYS  CB  20.109  27.82  43.19  36.21
1226  79  LYS  CG  21.243  28.415  44.031  24.22
1227  79  LYS  CD  20.72  29.547  44.923  28.92
1228  79  LYS  CE  21.808  30.147  45.804  42.43
1229  79  LYS  NZ  22.235  29.202  46.867  105.41
1230  79  LYS  H  20.933  28.114  40.671  8.21
1231  79  LYS  HA  21.098  26.133  42.528  5.53
1232  79  LYS  HB2  19.628  28.545  42.761  1.76
1233  79  LYS  HB3  19.483  27.376  43.783  1.67
1234  79  LYS  HG2  21.642  27.722  44.58  1.43
1235  79  LYS  HG3  21.941  28.752  43.448  1.41
1236  79  LYS  HD2  20.339  30.244  44.366  1.76
1237  79  LYS  HD3  20.004  29.208  45.484  1.54
1238  79  LYS  HE2  22.572  30.387  45.257  2.98
1239  79  LYS  HE3  21.482  30.965  46.21  2.86
1240  79  LYS  HZ1  22.543  29.66  47.565  64.42
1241  79  LYS  HZ2  21.54  28.707  47.121  37.69
1242  79  LYS  HZ3  22.878  28.672  46.553  8.1
1243  80  CYS  N  18.836  25.119  42.07  116.31
1244  80  CYS  CA  17.649  24.465  41.55  56.5
1245  80  CYS  C  16.975  23.59  42.586  175.9
1246  80  CYS  O  17.63  23.034  43.466  9.04
1247  80  CYS  CB  17.974  23.606  40.335  46.06
1248  80  CYS  SG  16.469  22.915  39.636  61.9
1249  80  CYS  H  19.168  24.76  42.777  8.38
1250  80  CYS  HA  17.043  25.179  41.297  4.99
1251  80  CYS  HB2  18.432  24.14  39.667  2.99
1252  80  CYS  HB3  18.578  22.891  40.589  2.67
1253  80  CYS  HG  16.113  23.587  38.708  2.34
1254  81  THR  N  15.655  23.484  42.479  123.34
1255  81  THR  CA  14.881  22.646  43.379  62.07
1256  81  THR  C  14.384  21.475  42.543  172.36
1257  81  THR  O  13.415  21.588  41.792  28.25
1258  81  THR  CB  13.677  23.399  43.994  67.8
1259  81  THR  OG1  14.147  24.505  44.775  5.7
1260  81  THR  CG2  12.888  22.476  44.901  21.29
1261  81  THR  H  15.187  23.894  41.885  8.74
1262  81  THR  HA  15.433  22.362  44.124  5.21
1263  81  THR  HB  13.11  23.713  43.272  3.91
1264  81  THR  HG1  13.492  24.913  45.106  29.87
1265  81  THR  HG21  12.137  22.959  45.28  8.09
1266  81  THR  HG22  12.561  21.72  44.388  125.01
1267  81  THR  HG23  13.461  22.157  45.616  53.19
1268  82  VAL  N  15.085  20.356  42.661  131.69
1269  82  VAL  CA  14.741  19.157  41.923  61.38
1270  82  VAL  C  13.517  18.508  42.551  175.23
1271  82  VAL  O  13.389  18.484  43.776  8.29
1272  82  VAL  CB  15.92  18.161  41.939  31
1273  82  VAL  CG1  15.58  16.942  41.11  17.77
1274  82  VAL  CG2  17.176  18.837  41.403  21.88
1275  82  VAL  H  15.772  20.273  43.171  9.51
1276  82  VAL  HA  14.547  19.398  41.004  4.31
1277  82  VAL  HB  16.085  17.877  42.852  1.31
1278  82  VAL  HG11  16.326  16.322  41.125  178.82
1279  82  VAL  HG12  14.793  16.51  41.477  130.47
1280  82  VAL  HG13  15.403  17.212  40.195  19.77
1281  82  VAL  HG21  17.913  18.207  41.415  8.13
1282  82  VAL  HG22  17.02  19.134  40.493  4.2
1283  82  VAL  HG23  17.395  19.601  41.959  173.99
1284  83  HSE  N  12.616  17.999  41.71  123.19
1285  83  HSE  CA  11.399  17.333  42.176  54.79
1286  83  HSE  C  10.988  16.229  41.197  173.43
1287  83  HSE  O  11.571  16.095  40.124  53.17
1288  83  HSE  CB  10.243  18.338  42.317  33.38
1289  83  HSE  CG  9.836  18.986  41.03  173.61
1290  83  HSE  ND1  10.472  20.097  40.52  218.1
1291  83  HSE  CD2  8.866  18.668  40.14  120.72
1292  83  HSE  CE1  9.912  20.436  39.373  108.96
1293  83  HSE  NE2  8.936  19.583  39.118  184.7
1294  84  LEU  N  9.991  15.436  41.574  121.6
1295  84  LEU  CA  9.508  14.367  40.708  53.38
1296  84  LEU  C  8.178  14.796  40.113  176.43
1297  84  LEU  O  7.278  15.217  40.838  62.45
1298  84  LEU  CB  9.306  13.065  41.495  43.94
1299  84  LEU  CG  10.528  12.394  42.124  27.34
1300  84  LEU  CD1  10.09  11.117  42.849  25.99
1301  84  LEU  CD2  11.558  12.078  41.046  23.64
1302  84  LEU  H  9.581  15.5  42.327  8.77
1303  84  LEU  HA  10.165  14.204  40.013  5.36
1304  84  LEU  HB2  8.671  13.245  42.205  1.48
1305  84  LEU  HB3  8.891  12.422  40.899  1.97
1306  84  LEU  HG  10.936  12.994  42.768  1.55
1307  84  LEU  HD11  10.864  10.69  43.249  121.62
1308  84  LEU  HD12  9.451  11.342  43.543  55.53
1309  84  LEU  HD13  9.678  10.51  42.215  174.84
1310  84  LEU  HD21  12.33  11.653  41.451  107.91
1311  84  LEU  HD22  11.167  11.48  40.39  45.81
1312  84  LEU  HD23  11.833  12.9  40.61  174.72
1313  85  ALA  N  8.065  14.713  38.792  129.03
1314  85  ALA  CA  6.826  15.067  38.106  51.16
1315  85  ALA  C  6.385  13.78  37.426  176.93
1316  85  ALA  O  7.012  13.331  36.468  3.97
1317  85  ALA  CB  7.081  16.159  37.076  20.53
1318  85  ALA  H  8.698  14.452  38.271  9.24
1319  85  ALA  HA  6.152  15.412  38.713  4.76
1320  85  ALA  HB1  6.25  16.383  36.629  5.94
1321  85  ALA  HB2  7.432  16.947  37.52  40.2
1322  85  ALA  HB3  7.724  15.843  36.422  53.31
1323  86  ASN  N  5.31  13.184  37.931  129.38
1324  86  ASN  CA  4.818  11.917  37.396  53.87
1325  86  ASN  C  5.991  10.927  37.327  175.23
1326  86  ASN  O  6.189  10.248  36.319  31.34
1327  86  ASN  CB  4.191  12.111  36.006  37.03
1328  86  ASN  CG  2.787  12.709  36.068  178.16
1329  86  ASN  OD1  1.831  12.138  35.537  4.45
1330  86  ASN  ND2  2.661  13.861  36.707  112.93
1331  86  ASN  H  4.849  13.497  38.586  8.69
1332  86  ASN  HA  4.126  11.568  37.979  4.45
1333  86  ASN  HB2  4.761  12.69  35.476  3.11
1334  86  ASN  HB3  4.154  11.255  35.55  2.8
1335  86  ASN  HD21  1.891  14.239  36.764  7.7
1336  86  ASN  HD22  3.349  14.231  37.066  7.01
1337  87  GLY  N  6.776  10.877  38.404  102.47
1338  87  GLY  CA  7.908  9.965  38.477  45.44
1339  87  GLY  C  9.211  10.382  37.807  173
1340  87  GLY  O  10.252  9.757  38.033  56.67
1341  87  GLY  H  6.666  11.366  39.103  8.58
1342  87  GLY  HA2  8.096  9.8  39.414  3.76
1343  87  GLY  HA3  7.633  9.119  38.09  4.33
1344  88  LYS  N  9.166  11.426  36.982  119.47
1345  88  LYS  CA  10.367  11.886  36.293  54.8
1346  88  LYS  C  11.111  12.913  37.138  175.31
1347  88  LYS  O  10.494  13.717  37.835  54.09
1348  88  LYS  CB  10.005  12.505  34.94  34.21
1349  88  LYS  CG  9.236  11.585  34.005  24.81
1350  88  LYS  CD  9.034  12.268  32.66  30.1
1351  88  LYS  CE  8.232  11.416  31.694  43.01
1352  88  LYS  NZ  8.132  12.058  30.348  7.89
1353  88  LYS  H  8.455  11.878  36.809  7.83
1354  88  LYS  HA  10.942  11.118  36.149  5.11
1355  88  LYS  HB2  9.477  13.304  35.095  1.82
1356  88  LYS  HB3  10.821  12.786  34.498  1.76
1357  88  LYS  HG2  9.721  10.753  33.885  1.31
1358  88  LYS  HG3  8.377  11.359  34.395  1.46
1359  88  LYS  HD2  8.58  13.114  32.795  1.61
1360  88  LYS  HD3  9.899  12.469  32.269  1.47
1361  88  LYS  HE2  8.648  10.544  31.608  2.91
1362  88  LYS  HE3  7.342  11.271  32.051  2.85
1363  88  LYS  HZ1  7.657  11.537  29.805  4.21
1364  88  LYS  HZ2  7.731  12.849  30.425  123.91
1365  88  LYS  HZ3  8.948  12.171  30.012  126.57
1366  89  LEU  N  12.438  12.874  37.073  124.24
1367  89  LEU  CA  13.281  13.806  37.819  54.25
1368  89  LEU  C  13.275  15.103  37.018  175.43
1369  89  LEU  O  13.57  15.095  35.818  172.06
1370  89  LEU  CB  14.698  13.24  37.918  43.53
1371  89  LEU  CG  15.632  13.748  39.013  35.97
1372  89  LEU  CD1  15.022  13.468  40.379  24.23
1373  89  LEU  CD2  16.981  13.049  38.879  23.64
1374  89  LEU  H  12.876  12.308  36.596  8.97
1375  89  LEU  HA  12.959  13.952  38.722  5.2
1376  89  LEU  HB2  14.621  12.279  38.024  2.64
1377  89  LEU  HB3  15.135  13.398  37.066  0.98
1378  89  LEU  HG  15.758  14.706  38.922  1.98
1379  89  LEU  HD11  15.618  13.792  41.072  33.5
1380  89  LEU  HD12  14.167  13.92  40.451  25.37
1381  89  LEU  HD13  14.892  12.513  40.486  5.21
1382  89  LEU  HD21  17.581  13.367  39.572  60.71
1383  89  LEU  HD22  16.86  12.091  38.971  8.4
1384  89  LEU  HD23  17.362  13.244  38.008  8.41
1385  90  VAL  N  12.949  16.213  37.676  121.06
1386  90  VAL  CA  12.863  17.504  36.999  60.28
1387  90  VAL  C  13.583  18.694  37.665  175.05
1388  90  VAL  O  13.523  18.88  38.882  58
1389  90  VAL  CB  11.363  17.898  36.804  35.73
1390  90  VAL  CG1  11.25  19.296  36.223  21.76
1391  90  VAL  CG2  10.657  16.88  35.925  21.29
1392  90  VAL  H  12.773  16.24  38.517  8.96
1393  90  VAL  HA  13.333  17.353  36.164  4.56
1394  90  VAL  HB  10.927  17.899  37.671  2.02
1395  90  VAL  HG11  10.314  19.524  36.109  1.49
1396  90  VAL  HG12  11.666  19.932  36.826  62.17
1397  90  VAL  HG13  11.697  19.326  35.363  118.11
1398  90  VAL  HG21  9.728  17.137  35.813  54.95
1399  90  VAL  HG22  11.089  16.846  35.057  177.28
1400  90  VAL  HG23  10.702  16.006  36.342  176.65
1401  91  THR  N  14.267  19.483  36.837  127.94
1402  91  THR  CA  14.951  20.712  37.223  60.86
1403  91  THR  C  14.622  21.685  36.138  173.23
1404  91  THR  O  15.049  21.525  34.998  51.41
1405  91  THR  CB  16.492  20.588  37.315  42.39
1406  91  THR  OG1  16.871  19.919  38.522  4.53
1407  91  THR  CG2  17.128  21.964  37.272  21.58
1408  91  THR  H  14.347  19.307  35.999  8.86
1409  91  THR  HA  14.659  20.971  38.111  4.76
1410  91  THR  HB  16.803  20.067  36.558  4.08
1411  91  THR  HG1  16.964  20.483  39.138  177.05
1412  91  THR  HG21  18.092  21.877  37.33  2.25
1413  91  THR  HG22  16.893  22.403  36.44  30.17
1414  91  THR  HG23  16.806  22.493  38.019  2.07
1415  92  LYS  N  13.855  22.72  36.451  127.94
1416  92  LYS  CA  13.483  23.685  35.433  54.96
1417  92  LYS  C  13.475  25.107  35.964  174.47
1418  92  LYS  O  13.282  25.34  37.157  8.26
1419  92  LYS  CB  12.1  23.345  34.865  35.45
1420  92  LYS  CG  10.976  23.436  35.881  24.23
1421  92  LYS  CD  9.617  23.144  35.266  29.51
1422  92  LYS  CE  8.508  23.262  36.307  42.11
1423  92  LYS  NZ  7.153  23.035  35.729  58.24
1424  92  LYS  H  13.544  22.879  37.237  9.17
1425  92  LYS  HA  14.152  23.634  34.733  4.76
1426  92  LYS  HB2  11.907  23.945  34.128  1.79
1427  92  LYS  HB3  12.122  22.446  34.501  1.83
1428  92  LYS  HG2  11.143  22.81  36.602  1.4
1429  92  LYS  HG3  10.968  24.324  36.272  1.39
1430  92  LYS  HD2  9.448  23.762  34.538  1.63
1431  92  LYS  HD3  9.615  22.251  34.887  1.62
1432  92  LYS  HE2  8.665  22.619  37.016  2.93
1433  92  LYS  HE3  8.54  24.143  36.711  2.92
1434  92  LYS  HZ1  6.54  23.113  36.369  8.23
1435  92  LYS  HZ2  6.996  23.638  35.093  4.29
1436  92  LYS  HZ3  7.113  22.218  35.378  124.82
1437  93  SER  N  13.698  26.051  35.058  118.94
1438  93  SER  CA  13.702  27.467  35.389  55.22
1439  93  SER  C  13.029  28.191  34.23  173.77
1440  93  SER  O  12.477  27.552  33.33  38.34
1441  93  SER  CB  15.137  27.971  35.566  65.82
1442  93  SER  OG  15.881  27.846  34.365  61.83
1443  93  SER  H  13.852  25.885  34.228  8.49
1444  93  SER  HA  13.232  27.629  36.222  4.61
1445  93  SER  HB2  15.123  28.9  35.845  3.88
1446  93  SER  HB3  15.573  27.469  36.272  2.97
1447  93  SER  HG  16.533  27.331  34.491  175.18
1448  94  GLU  N  13.067  29.518  34.248  128.12
1449  94  GLU  CA  12.455  30.296  33.179  58.67
1450  94  GLU  C  13.207  30.058  31.869  177.8
1451  94  GLU  O  12.61  30.048  30.797  3.94
1452  94  GLU  CB  12.485  31.791  33.525  29.15
1453  94  GLU  CG  11.87  32.144  34.876  36.36
1454  94  GLU  CD  10.351  32.161  34.858  183.86
1455  94  GLU  OE1  9.747  32.242  35.95  1.31
1456  94  GLU  OE2  9.76  32.104  33.757  33.71
1457  94  GLU  H  13.44  29.985  34.866  9.15
1458  94  GLU  HA  11.532  30.014  33.077  4.31
1459  94  GLU  HB2  13.406  32.095  33.513  2.02
1460  94  GLU  HB3  12.016  32.281  32.832  2.02
1461  94  GLU  HG2  12.172  31.504  35.539  2.3
1462  94  GLU  HG3  12.194  33.015  35.154  2.23
1463  95  LYS  N  14.518  29.852  31.962  114.15
1464  95  LYS  CA  15.347  29.639  30.78  55.46
1465  95  LYS  C  15.508  28.197  30.291  175.6
1466  95  LYS  O  15.807  27.977  29.12  115.57
1467  95  LYS  CB  16.738  30.237  31.01  34.71
1468  95  LYS  CG  17.272  30.004  32.415  25.4
1469  95  LYS  CD  18.794  29.96  32.47  32.04
1470  95  LYS  CE  19.272  30.03  33.914  42.54
1471  95  LYS  NZ  18.437  29.176  34.812  1.04
1472  95  LYS  H  14.949  29.832  32.706  8.15
1473  95  LYS  HA  14.856  30.086  30.073  4.27
1474  95  LYS  HB2  17.357  29.855  30.369  2.17
1475  95  LYS  HB3  16.705  31.191  30.838  2.02
1476  95  LYS  HG2  16.952  30.709  32.999  1.67
1477  95  LYS  HG3  16.916  29.169  32.757  1.48
1478  95  LYS  HD2  19.116  29.144  32.055  1.7
1479  95  LYS  HD3  19.164  30.7  31.964  33.86
1480  95  LYS  HE2  20.198  29.744  33.963  3.03
1481  95  LYS  HE3  19.242  30.95  34.221  3.13
1482  95  LYS  HZ1  18.829  29.11  35.608  8.56
1483  95  LYS  HZ2  17.632  29.544  34.908  4.74
1484  95  LYS  HZ3  18.351  28.365  34.455  2.01
1485  96  PHE  N  15.312  27.211  31.16  112.56
1486  96  PHE  CA  15.493  25.832  30.721  55.44
1487  96  PHE  C  14.6  24.825  31.415  173.3
1488  96  PHE  O  13.922  25.138  32.394  118.51
1489  96  PHE  CB  16.956  25.418  30.916  42.8
1490  96  PHE  CG  17.376  25.331  32.361  177.57
1491  96  PHE  CD1  16.888  24.317  33.185  133.09
1492  96  PHE  CD2  18.248  26.269  32.903  130.66
1493  96  PHE  CE1  17.261  24.239  34.527  133.09
1494  96  PHE  CE2  18.628  26.2  34.245  129.16
1495  96  PHE  CZ  18.131  25.181  35.058  128.76
1496  96  PHE  H  15.081  27.312  31.982  6.94
1497  96  PHE  HA  15.239  25.821  29.785  5.81
1498  96  PHE  HB2  17.099  24.556  30.494  3.49
1499  96  PHE  HB3  17.527  26.055  30.46  3.34
1500  96  PHE  HD1  16.305  23.683  32.834  7.17
1501  96  PHE  HD2  18.582  26.95  32.365  6.99
1502  96  PHE  HE1  16.927  23.557  35.065  6.95
1503  96  PHE  HE2  19.212  26.833  34.596  7.03
1504  96  PHE  HZ  18.382  25.133  35.952  7.13
1505  97  SER  N  14.629  23.6  30.899  111.93
1506  97  SER  CA  13.846  22.504  31.45  57.26
1507  97  SER  C  14.601  21.194  31.26  172
1508  97  SER  O  15.075  20.886  30.164  54.54
1509  97  SER  CB  12.487  22.415  30.754  65.33
1510  97  SER  OG  11.721  21.342  31.276  40.63
1511  97  SER  H  15.106  23.382  30.217  8.8
1512  97  SER  HA  13.703  22.667  32.396  5.81
1513  97  SER  HB2  12.005  23.248  30.87  4.01
1514  97  SER  HB3  12.615  22.292  29.8  3.95
1515  97  SER  HG  10.979  21.31  30.883  1.36
1516  98  HSE  N  14.722  20.433  32.339  128.4
1517  98  HSE  CA  15.4  19.147  32.293  56.93
1518  98  HSE  C  14.452  18.12  32.891  173.3
1519  98  HSE  O  14.091  18.216  34.063  45.57
1520  98  HSE  CB  16.702  19.195  33.104  35.45
1521  98  HSE  CG  17.45  17.895  33.135  7.91
1522  98  HSE  ND1  18.661  17.715  32.5  253
1523  98  HSE  CD2  17.153  16.708  33.717  113.16
1524  98  HSE  CE1  19.078  16.475  32.688  111.32
1525  98  HSE  NE2  18.181  15.842  33.423  162.2
1526  99  GLU  N  14.03  17.159  32.073  124.44
1527  99  GLU  CA  13.132  16.09  32.512  54.55
1528  99  GLU  C  13.831  14.763  32.283  175
1529  99  GLU  O  14.234  14.452  31.163  18.89
1530  99  GLU  CB  11.818  16.113  31.73  34.08
1531  99  GLU  CG  10.799  17.099  32.258  37.14
1532  99  GLU  CD  9.422  16.869  31.664  183.62
1533  99  GLU  OE1  8.98  15.699  31.619  7.24
1534  99  GLU  OE2  8.78  17.857  31.254  3.4
1535  99  GLU  H  14.256  17.107  31.245  7.99
1536  99  GLU  HA  12.922  16.216  33.451  5.41
1537  99  GLU  HB2  12.009  16.326  30.803  1.95
1538  99  GLU  HB3  11.43  15.224  31.743  1.89
1539  99  GLU  HG2  10.75  17.025  33.224  2.21
1540  99  GLU  HG3  11.09  18.002  32.057  2.24
1541  100  GLN  N  13.949  13.97  33.34  124.45
1542  100  GLN  CA  14.653  12.696  33.26  53.14
1543  100  GLN  C  13.806  11.51  33.7  173.1
1544  100  GLN  O  13.292  11.48  34.817  173.57
1545  100  GLN  CB  15.924  12.797  34.112  34.2
1546  100  GLN  CG  16.794  11.557  34.181  32.76
1547  100  GLN  CD  18.167  11.873  34.761  176.66
1548  100  GLN  OE1  19.012  10.989  34.921  72.06
1549  100  GLN  NE2  18.394  13.145  35.072  118.31
1550  100  GLN  H  13.627  14.152  34.117  9.06
1551  100  GLN  HA  14.871  12.53  32.329  5.15
1552  100  GLN  HB2  16.463  13.527  33.768  1.74
1553  100  GLN  HB3  15.665  13.037  35.016  1.96
1554  100  GLN  HG2  16.358  10.884  34.726  2.06
1555  100  GLN  HG3  16.895  11.181  33.293  1.92
1556  100  GLN  HE21  17.78  13.734  34.947  7.04
1557  100  GLN  HE22  19.154  13.379  35.399  6.5
1558  101  GLU  N  13.67  10.534  32.808  124.39
1559  101  GLU  CA  12.881  9.339  33.08  54.46
1560  101  GLU  C  13.701  8.059  33.056  173.66
1561  101  GLU  O  14.509  7.833  32.151  8.2
1562  101  GLU  CB  11.75  9.202  32.054  34.61
1563  101  GLU  CG  10.899  7.947  32.235  35.95
1564  101  GLU  CD  9.78  7.824  31.205  182.67
1565  101  GLU  OE1  9.024  6.828  31.254  8.14
1566  101  GLU  OE2  9.65  8.717  30.346  119.51
1567  101  GLU  H  14.033  10.546  32.028  8.87
1568  101  GLU  HA  12.528  9.454  33.976  5.11
1569  101  GLU  HB2  11.176  9.982  32.112  2.06
1570  101  GLU  HB3  12.133  9.197  31.163  1.94
1571  101  GLU  HG2  11.47  7.165  32.178  2.14
1572  101  GLU  HG3  10.512  7.951  33.125  2.08
1573  102  VAL  N  13.486  7.214  34.056  124.25
1574  102  VAL  CA  14.174  5.942  34.099  61.29
1575  102  VAL  C  13.127  4.889  33.778  175.09
1576  102  VAL  O  12.036  4.896  34.344  4.23
1577  102  VAL  CB  14.787  5.671  35.487  33.99
1578  102  VAL  CG1  13.706  5.683  36.55  21.3
1579  102  VAL  CG2  15.518  4.333  35.475  23.05
1580  102  VAL  H  12.95  7.36  34.712  8.74
1581  102  VAL  HA  14.909  5.932  33.467  4.65
1582  102  VAL  HB  15.424  6.372  35.696  1.49
1583  102  VAL  HG11  14.104  5.511  37.418  174.86
1584  102  VAL  HG12  13.271  6.55  36.56  5.83
1585  102  VAL  HG13  13.051  4.995  36.353  8.42
1586  102  VAL  HG21  15.902  4.166  36.35  3.89
1587  102  VAL  HG22  14.893  3.624  35.256  3.96
1588  102  VAL  HG23  16.225  4.356  34.811  117.31
1589  103  LYS  N  13.438  4.006  32.84  128.5
1590  103  LYS  CA  12.507  2.957  32.473  54.84
1591  103  LYS  C  13.257  1.642  32.428  176.63
1592  103  LYS  O  13.796  1.253  31.392  39.23
1593  103  LYS  CB  11.866  3.259  31.118  33.5
1594  103  LYS  CG  10.74  2.299  30.756  24.23
1595  103  LYS  CD  9.903  2.826  29.597  29.51
1596  103  LYS  CE  8.764  1.87  29.269  41.82
1597  103  LYS  NZ  7.865  1.637  30.444  4.15
1598  103  LYS  H  14.181  3.998  32.406  8.92
1599  103  LYS  HA  11.795  2.905  33.13  4.66
1600  103  LYS  HB2  11.52  4.165  31.126  1.82
1601  103  LYS  HB3  12.548  3.222  30.429  1.75
1602  103  LYS  HG2  11.114  1.436  30.52  1.4
1603  103  LYS  HG3  10.171  2.16  31.529  1.27
1604  103  LYS  HD2  9.543  3.698  29.823  1.68
1605  103  LYS  HD3  10.465  2.945  28.815  1.65
1606  103  LYS  HE2  8.245  2.229  28.533  2.99
1607  103  LYS  HE3  9.131  1.023  28.971  2.89
1608  103  LYS  HZ1  7.119  1.234  30.172  55.5
1609  103  LYS  HZ2  8.281  1.121  31.038  178.15
1610  103  LYS  HZ3  7.66  2.417  30.821  2
1611  104  GLY  N  13.296  0.973  33.575  118.88
1612  104  GLY  CA  13.988  -0.295  33.678  47.43
1613  104  GLY  C  15.487  -0.111  33.582  174.03
1614  104  GLY  O  16.144  0.248  34.563  56.86
1615  104  GLY  H  12.926  1.24  34.304  9.4
1616  104  GLY  HA2  13.765  -0.72  34.521  3.76
1617  104  GLY  HA3  13.687  -0.889  32.973  4.08
1618  105  ASN  N  16.034  -0.339  32.392  126.13
1619  105  ASN  CA  17.467  -0.204  32.2  52.79
1620  105  ASN  C  17.865  0.82  31.154  173.47
1621  105  ASN  O  18.982  0.821  30.645  2.74
1622  105  ASN  CB  18.063  -1.578  31.91  38.39
1623  105  ASN  CG  17.94  -2.505  33.107  177.7
1624  105  ASN  OD1  17.029  -3.334  33.191  60.85
1625  105  ASN  ND2  18.841  -2.34  34.061  1.84
1626  105  ASN  H  15.594  -0.571  31.69  9.12
1627  105  ASN  HA  17.836  0.148  33.025  5.05
1628  105  ASN  HB2  17.612  -1.972  31.147  3.33
1629  105  ASN  HB3  18.998  -1.482  31.669  2.97
1630  105  ASN  HD21  18.806  -2.82  34.774  7.11
1631  105  ASN  HD22  19.462  -1.753  33.969  7.8
1632  106  GLU  N  16.934  1.71  30.851  119.47
1633  106  GLU  CA  17.172  2.776  29.901  55.25
1634  106  GLU  C  16.843  4.071  30.627  173.52
1635  106  GLU  O  15.995  4.095  31.523  8.37
1636  106  GLU  CB  16.25  2.636  28.688  33.05
1637  106  GLU  CG  16.583  1.499  27.733  36.55
1638  106  GLU  CD  17.533  1.923  26.627  183.38
1639  106  GLU  OE1  17.374  3.051  26.107  54.72
1640  106  GLU  OE2  18.424  1.125  26.265  176.37
1641  106  GLU  H  16.145  1.711  31.193  8.06
1642  106  GLU  HA  18.088  2.754  29.583  5.61
1643  106  GLU  HB2  15.342  2.514  29.005  2.47
1644  106  GLU  HB3  16.268  3.469  28.191  2.19
1645  106  GLU  HG2  16.979  0.768  28.232  2.43
1646  106  GLU  HG3  15.763  1.162  27.339  2.58
1647  107  MET  N  17.535  5.137  30.254  123.19
1648  107  MET  CA  17.286  6.446  30.831  53.54
1649  107  MET  C  17.029  7.388  29.666  174.82
1650  107  MET  O  17.653  7.26  28.617  4.56
1651  107  MET  CB  18.498  6.939  31.606  36.22
1652  107  MET  CG  18.262  8.287  32.249  30.68
1653  107  MET  SD  17.484  8.081  33.851  118.91
1654  107  MET  CE  18.971  7.865  34.82  15.42
1655  107  MET  H  18.159  5.122  29.662  8.88
1656  107  MET  HA  16.536  6.406  31.445  5.14
1657  107  MET  HB2  18.725  6.292  32.292  1.5
1658  107  MET  HB3  19.259  6.998  31.008  0.47
1659  107  MET  HG2  19.105  8.757  32.349  1.86
1660  107  MET  HG3  17.7  8.832  31.677  2.04
1661  107  MET  HE1  18.734  7.735  35.752  8.18
1662  107  MET  HE2  19.457  7.089  34.499  4.52
1663  107  MET  HE3  19.53  8.653  34.736  1.7
1664  108  VAL  N  16.103  8.322  29.839  125.85
1665  108  VAL  CA  15.809  9.279  28.779  61.19
1666  108  VAL  C  15.728  10.677  29.36  175.23
1667  108  VAL  O  14.939  10.924  30.261  127.21
1668  108  VAL  CB  14.458  8.999  28.098  35.19
1669  108  VAL  CG1  14.317  9.888  26.862  21.67
1670  108  VAL  CG2  14.344  7.534  27.742  20.81
1671  108  VAL  H  15.637  8.419  30.555  9.02
1672  108  VAL  HA  16.522  9.197  28.127  4.82
1673  108  VAL  HB  13.735  9.208  28.71  1.98
1674  108  VAL  HG11  13.465  9.712  26.432  32.71
1675  108  VAL  HG12  14.358  10.82  27.127  8.29
1676  108  VAL  HG13  15.038  9.697  26.242  3.69
1677  108  VAL  HG21  13.489  7.37  27.314  4.44
1678  108  VAL  HG22  15.061  7.292  27.135  8.17
1679  108  VAL  HG23  14.409  6.999  28.548  3.66
1680  109  GLU  N  16.535  11.588  28.835  128.5
1681  109  GLU  CA  16.542  12.968  29.305  54.11
1682  109  GLU  C  16.068  13.903  28.199  174.29
1683  109  GLU  O  16.532  13.818  27.062  8.44
1684  109  GLU  CB  17.953  13.365  29.736  33.86
1685  109  GLU  CG  18.471  12.647  30.974  37.63
1686  109  GLU  CD  19.987  12.743  31.108  183.21
1687  109  GLU  OE1  20.701  12.158  30.265  53.79
1688  109  GLU  OE2  20.467  13.404  32.051  33.53
1689  109  GLU  H  17.092  11.427  28.2  9.11
1690  109  GLU  HA  15.941  13.04  30.063  5.44
1691  109  GLU  HB2  18.562  13.194  29.001  1.98
1692  109  GLU  HB3  17.97  14.321  29.902  1.66
1693  109  GLU  HG2  18.054  13.026  31.763  2.16
1694  109  GLU  HG3  18.21  11.713  30.937  1.99
1695  110  THR  N  15.13  14.781  28.537  120
1696  110  THR  CA  14.594  15.75  27.591  61.6
1697  110  THR  C  14.98  17.105  28.163  174.81
1698  110  THR  O  14.458  17.535  29.193  1.55
1699  110  THR  CB  13.06  15.622  27.469  69.2
1700  110  THR  OG1  12.733  14.306  27.002  122.81
1701  110  THR  CG2  12.509  16.645  26.485  21.3
1702  110  THR  H  14.786  14.831  29.324  8.84
1703  110  THR  HA  14.945  15.615  26.697  5.17
1704  110  THR  HB  12.666  15.781  28.341  3.93
1705  110  THR  HG1  11.899  14.231  26.935  37.87
1706  110  THR  HG21  11.546  16.548  26.423  34.32
1707  110  THR  HG22  12.725  17.539  26.793  25.45
1708  110  THR  HG23  12.905  16.5  25.612  8.45
1709  111  ILE  N  15.922  17.761  27.496  129.56
1710  111  ILE  CA  16.433  19.041  27.957  59.96
1711  111  ILE  C  16.152  20.117  26.923  174.85
1712  111  ILE  O  16.524  19.989  25.75  175.42
1713  111  ILE  CB  17.953  18.934  28.209  39.85
1714  111  ILE  CG1  18.247  17.639  28.972  28.92
1715  111  ILE  CG2  18.449  20.133  29.005  18.94
1716  111  ILE  CD  19.728  17.302  29.077  32.82
1717  111  ILE  H  16.28  17.477  26.768  9.35
1718  111  ILE  HA  15.989  19.281  28.785  5.32
1719  111  ILE  HB  18.416  18.923  27.357  1.76
1720  111  ILE  HG21  19.404  20.05  29.154  5.12
1721  111  ILE  HG22  18.269  20.947  28.51  1.71
1722  111  ILE  HG23  17.99  20.167  29.859  0.51
1723  112  THR  N  15.491  21.178  27.36  122.13
1724  112  THR  CA  15.145  22.263  26.458  60.84
1725  112  THR  C  15.727  23.594  26.898  173.95
1726  112  THR  O  15.715  23.921  28.081  116.41
1727  112  THR  CB  13.617  22.407  26.35  70.71
1728  112  THR  OG1  13.055  21.174  25.878  177.21
1729  112  THR  CG2  13.259  23.532  25.386  21.15
1730  112  THR  H  15.234  21.289  28.173  9.47
1731  112  THR  HA  15.526  22.034  25.596  5.84
1732  112  THR  HB  13.257  22.618  27.226  4.08
1733  112  THR  HG1  13.048  21.172  25.038  60.2
1734  112  THR  HG21  12.294  23.613  25.327  8.33
1735  112  THR  HG22  13.634  24.366  25.709  4.59
1736  112  THR  HG23  13.621  23.334  24.508  3.31
1737  113  PHE  N  16.237  24.353  25.934  126.38
1738  113  PHE  CA  16.819  25.668  26.19  58.34
1739  113  PHE  C  16.844  26.452  24.884  175.46
1740  113  PHE  O  17.187  25.908  23.833  175.49
1741  113  PHE  CB  18.241  25.529  26.753  43.41
1742  113  PHE  CG  18.918  26.845  27.046  39.93
1743  113  PHE  CD1  19.481  27.601  26.019  132.75
1744  113  PHE  CD2  18.977  27.335  28.347  129.36
1745  113  PHE  CE1  20.092  28.829  26.284  130.69
1746  113  PHE  CE2  19.585  28.56  28.625  129.46
1747  113  PHE  CZ  20.144  29.309  27.59  4.68
1748  113  PHE  H  16.256  24.119  25.107  9.12
1749  113  PHE  HA  16.282  26.138  26.847  4.86
1750  113  PHE  HB2  18.206  25.006  27.569  3.31
1751  113  PHE  HB3  18.782  25.032  26.12  2.82
1752  113  PHE  HD1  19.449  27.283  25.145  7.09
1753  113  PHE  HD2  18.606  26.839  29.041  6.84
1754  113  PHE  HE1  20.463  29.325  25.59  7.31
1755  113  PHE  HE2  19.617  28.876  29.499  7.28
1756  113  PHE  HZ  20.55  30.126  27.771  30.5
1757  114  GLY  N  16.46  27.723  24.955  116.28
1758  114  GLY  CA  16.447  28.576  23.778  47.01
1759  114  GLY  C  15.667  28.023  22.598  175.21
1760  114  GLY  O  16.113  28.109  21.452  54.97
1761  114  GLY  H  16.203  28.109  25.679  8.36
1762  114  GLY  HA2  16.072  29.437  24.022  3.5
1763  114  GLY  HA3  17.362  28.734  23.499  3.5
1764  115  GLY  N  14.501  27.45  22.878  104.59
1765  115  GLY  CA  13.677  26.889  21.822  44.71
1766  115  GLY  C  14.153  25.563  21.248  173.71
1767  115  GLY  O  13.444  24.95  20.449  121.51
1768  115  GLY  H  14.173  27.377  23.67  8.53
1769  115  GLY  HA2  12.777  26.77  22.165  3.64
1770  115  GLY  HA3  13.622  27.534  21.1  4.2
1771  116  VAL  N  15.341  25.112  21.649  123.72
1772  116  VAL  CA  15.897  23.851  21.15  62.01
1773  116  VAL  C  15.762  22.729  22.182  174.13
1774  116  VAL  O  16.021  22.935  23.366  124.13
1775  116  VAL  CB  17.392  24.016  20.788  33.43
1776  116  VAL  CG1  17.947  22.722  20.217  21.83
1777  116  VAL  CG2  17.558  25.147  19.787  21.88
1778  116  VAL  H  15.844  25.523  22.213  8.14
1779  116  VAL  HA  15.391  23.614  20.357  4.35
1780  116  VAL  HB  17.887  24.231  21.594  2.36
1781  116  VAL  HG11  18.884  22.841  19.995  39.5
1782  116  VAL  HG12  17.858  22.014  20.874  9.42
1783  116  VAL  HG13  17.454  22.483  19.417  4.66
1784  116  VAL  HG21  18.497  25.246  19.563  1.74
1785  116  VAL  HG22  17.054  24.945  18.983  1.97
1786  116  VAL  HG23  17.229  25.973  20.175  120.5
1787  117  THR  N  15.354  21.544  21.73  123.72
1788  117  THR  CA  15.189  20.398  22.622  61.87
1789  117  THR  C  16.131  19.241  22.311  173.54
1790  117  THR  O  16.206  18.776  21.173  4.53
1791  117  THR  CB  13.749  19.845  22.572  70.3
1792  117  THR  OG1  12.86  20.778  23.194  52.23
1793  117  THR  CG2  13.658  18.506  23.297  21.29
1794  117  THR  H  15.167  21.383  20.906  8.74
1795  117  THR  HA  15.399  20.745  23.503  5.32
1796  117  THR  HB  13.501  19.714  21.643  3.91
1797  117  THR  HG1  12.076  20.479  23.167  5.14
1798  117  THR  HG21  12.747  18.176  23.254  120.81
1799  117  THR  HG22  14.253  17.867  22.874  56.15
1800  117  THR  HG23  13.916  18.622  24.225  176.5
1801  118  LEU  N  16.838  18.781  23.34  131.69
1802  118  LEU  CA  17.754  17.653  23.22  53.14
1803  118  LEU  C  17.152  16.434  23.922  175.28
1804  118  LEU  O  16.618  16.549  25.028  39.57
1805  118  LEU  CB  19.106  17.986  23.867  44.1
1806  118  LEU  CG  20.032  16.821  24.24  27.16
1807  118  LEU  CD1  20.581  16.154  22.984  24.23
1808  118  LEU  CD2  21.169  17.336  25.117  25.99
1809  118  LEU  H  16.799  19.117  24.131  9.56
1810  118  LEU  HA  17.892  17.463  22.279  4.8
1811  118  LEU  HB2  19.59  18.568  23.261  0.73
1812  118  LEU  HB3  18.932  18.497  24.673  1.28
1813  118  LEU  HG  19.527  16.157  24.735  1.11
1814  118  LEU  HD11  21.164  15.42  23.235  53.76
1815  118  LEU  HD12  19.846  15.814  22.45  174.38
1816  118  LEU  HD13  21.083  16.803  22.466  2.34
1817  118  LEU  HD21  21.755  16.6  25.353  32.9
1818  118  LEU  HD22  21.674  18.007  24.632  3.48
1819  118  LEU  HD23  20.803  17.729  25.925  4.48
1820  119  ILE  N  17.216  15.277  23.269  124.25
1821  119  ILE  CA  16.73  14.035  23.868  59.34
1822  119  ILE  C  17.978  13.173  23.999  175.48
1823  119  ILE  O  18.587  12.799  22.994  58.29
1824  119  ILE  CB  15.69  13.294  22.973  39.3
1825  119  ILE  CG1  14.432  14.151  22.8  27.75
1826  119  ILE  CG2  15.323  11.941  23.608  17.18
1827  119  ILE  CD  13.426  13.587  21.773  41.22
1828  119  ILE  H  17.538  15.189  22.476  7.73
1829  119  ILE  HA  16.277  14.214  24.707  5.13
1830  119  ILE  HB  16.083  13.139  22.1  1.69
1831  119  ILE  HG21  14.676  11.485  23.047  63.48
1832  119  ILE  HG22  16.121  11.395  23.691  67.95
1833  119  ILE  HG23  14.941  12.089  24.487  5.11
1834  120  ARG  N  18.375  12.887  25.235  126.91
1835  120  ARG  CA  19.565  12.082  25.479  54.87
1836  120  ARG  C  19.171  10.751  26.105  174.92
1837  120  ARG  O  18.484  10.71  27.124  4.43
1838  120  ARG  CB  20.546  12.841  26.396  34.31
1839  120  ARG  CG  21.93  12.212  26.479  28.92
1840  120  ARG  CD  22.965  13.106  27.178  41.84
1841  120  ARG  NE  22.736  13.206  28.617  118.5
1842  120  ARG  CZ  23.651  13.596  29.502  120.31
1843  120  ARG  NH1  24.876  13.928  29.105  61.93
1844  120  ARG  NH2  23.341  13.65  30.79  113.91
1845  120  ARG  H  17.969  13.15  25.946  9.42
1846  120  ARG  HA  20.008  11.91  24.633  5.42
1847  120  ARG  HB2  20.634  13.752  26.076  1.99
1848  120  ARG  HB3  20.169  12.889  27.288  1.81
1849  120  ARG  HG2  21.867  11.369  26.955  1.72
1850  120  ARG  HG3  22.24  12.009  25.583  1.39
1851  120  ARG  HD2  23.854  12.752  27.019  2.99
1852  120  ARG  HD3  22.939  13.993  26.787  3.1
1853  120  ARG  HE  21.956  12.999  28.913  2.46
1854  120  ARG  HH11  25.082  13.892  28.271  31.98
1855  120  ARG  HH12  25.462  14.179  29.682  120.21
1856  120  ARG  HH21  22.551  13.433  31.052  57.03
1857  120  ARG  HH22  23.93  13.902  31.364  177.53
1858  121  ARG  N  19.608  9.662  25.485  126.38
1859  121  ARG  CA  19.29  8.328  25.973  54.94
1860  121  ARG  C  20.53  7.611  26.465  174.81
1861  121  ARG  O  21.592  7.653  25.836  177.37
1862  121  ARG  CB  18.617  7.501  24.875  31.59
1863  121  ARG  CG  17.26  8.032  24.446  28.92
1864  121  ARG  CD  16.649  7.179  23.33  43.01
1865  121  ARG  NE  15.398  7.746  22.836  4.29
1866  121  ARG  CZ  14.231  7.681  23.47  176.03
1867  121  ARG  NH1  14.131  7.061  24.638  7.45
1868  121  ARG  NH2  13.158  8.251  22.937  39.63
1869  121  ARG  H  20.093  9.675  24.775  9.1
1870  121  ARG  HA  18.678  8.428  26.719  5.41
1871  121  ARG  HB2  19.201  7.471  24.101  1.18
1872  121  ARG  HB3  18.513  6.589  25.188  1.94
1873  121  ARG  HG2  16.661  8.046  25.209  1.53
1874  121  ARG  HG3  17.352  8.948  24.141  1.42
1875  121  ARG  HD2  17.281  7.103  22.598  3.01
1876  121  ARG  HD3  16.489  6.281  23.66  3.33
1877  121  ARG  HE  15.417  8.152  22.078  35.97
1878  121  ARG  HH11  14.825  6.696  24.992  126.66
1879  121  ARG  HH12  13.372  7.024  25.041  8.4
1880  121  ARG  HH21  13.218  8.661  22.183  4.29
1881  121  ARG  HH22  12.402  8.21  23.345  8.15
1882  122  SER  N  20.37  6.942  27.6  117.34
1883  122  SER  CA  21.45  6.21  28.233  57.95
1884  122  SER  C  20.989  4.806  28.569  172.49
1885  122  SER  O  19.787  4.53  28.648  107.11
1886  122  SER  CB  21.872  6.926  29.519  66.56
1887  122  SER  OG  22.207  8.272  29.251  173.94
1888  122  SER  H  19.624  6.902  28.026  9.29
1889  122  SER  HA  22.204  6.165  27.624  5.82
1890  122  SER  HB2  21.151  6.89  30.167  3.81
1891  122  SER  HB3  22.632  6.471  29.914  3.93
1892  122  SER  HG  22.435  8.652  29.965  117.51
1893  123  LYS  N  21.954  3.921  28.783  120
1894  123  LYS  CA  21.66  2.54  29.119  53.51
1895  123  LYS  C  22.519  2.158  30.312  175.47
1896  123  LYS  O  23.649  2.622  30.434  39.69
1897  123  LYS  CB  21.974  1.633  27.931  36
1898  123  LYS  CG  21.765  0.157  28.221  24.81
1899  123  LYS  CD  21.952  -0.703  26.978  29.51
1900  123  LYS  CE  21.839  -2.177  27.33  41.84
1901  123  LYS  NZ  20.599  -2.47  28.11  2.93
1902  123  LYS  H  22.793  4.105  28.737  8.66
1903  123  LYS  HA  20.72  2.438  29.335  5.8
1904  123  LYS  HB2  21.415  1.89  27.181  2.01
1905  123  LYS  HB3  22.895  1.774  27.66  1.92
1906  123  LYS  HG2  22.389  -0.128  28.907  1.65
1907  123  LYS  HG3  20.872  0.021  28.575  1.55
1908  123  LYS  HD2  21.284  -0.471  26.314  1.55
1909  123  LYS  HD3  22.819  -0.525  26.582  1.42
1910  123  LYS  HE2  21.841  -2.705  26.516  2.62
1911  123  LYS  HE3  22.616  -2.447  27.845  2.55
1912  123  LYS  HZ1  20.45  -3.347  28.112  59.21
1913  123  LYS  HZ2  20.7  -2.184  28.947  119.81
1914  123  LYS  HZ3  19.907  -2.053  27.736  56.35
1915  124  ARG  N  21.983  1.322  31.193  124.25
1916  124  ARG  CA  22.729  0.898  32.375  56.7
1917  124  ARG  C  23.907  0.009  31.999  176.56
1918  124  ARG  O  23.798  -0.828  31.107  127.84
1919  124  ARG  CB  21.81  0.128  33.332  30.27
1920  124  ARG  CG  22.458  -0.288  34.648  27.16
1921  124  ARG  CD  21.578  -1.29  35.406  43.01
1922  124  ARG  NE  20.219  -0.8  35.655  8.2
1923  124  ARG  CZ  19.887  0.07  36.607  4.25
1924  124  ARG  NH1  20.814  0.558  37.415  4.68
1925  124  ARG  NH2  18.622  0.446  36.757  2.84
1926  124  ARG  H  21.193  0.989  31.127  8.17
1927  124  ARG  HA  23.067  1.697  32.809  4.04
1928  124  ARG  HB2  21.035  0.678  33.528  1.41
1929  124  ARG  HB3  21.487  -0.667  32.88  1.17
1930  124  ARG  HG2  23.326  -0.683  34.473  0.84
1931  124  ARG  HG3  22.609  0.496  35.199  0.79
1932  124  ARG  HD2  21.529  -2.115  34.899  2.89
1933  124  ARG  HD3  21.998  -1.503  36.254  3.03
1934  124  ARG  HE  19.59  -1.096  35.149  41.61
1935  124  ARG  HH11  21.634  0.314  37.326  4.36
1936  124  ARG  HH12  20.597  1.12  38.029  1.73
1937  124  ARG  HH21  18.014  0.127  36.238  1.8
1938  124  ARG  HH22  18.411  1.008  37.373  8.21
1939  125  VAL  N  25.034  0.201  32.677  127.97
1940  125  VAL  CA  26.219  -0.617  32.444  63.42
1941  125  VAL  C  26.838  -1.043  33.777  180.96
1942  125  VAL  O  27.644  -1.996  33.775  117.61
1943  125  VAL  CB  27.277  0.126  31.605  32.96
1944  125  VAL  CG1  26.711  0.427  30.219  20.69
1945  125  VAL  CG2  27.708  1.405  32.311  21.88
1946  125  VAL  OXT  26.512  -0.414  34.809  39.62
1947  125  VAL  H  25.133  0.805  33.281  8.22
1948  125  VAL  HA  25.934  -1.399  31.946  4.08
1949  125  VAL  HB  28.061  -0.436  31.503  2.05
1950  125  VAL  HG11  27.377  0.895  29.692  174.96
1951  125  VAL  HG12  26.475  -0.404  29.778  56.88
1952  125  VAL  HG13  25.92  0.982  30.306  41.89
1953  125  VAL  HG21  28.373  1.863  31.774  57.05
1954  125  VAL  HG22  26.938  1.982  32.433  7.98
1955  125  VAL  HG23  28.087  1.185  33.176  4.54
