1  1  GLU  N  35.187  0.596  5.522  119.35
2  1  GLU  CA  36.375  0.182  6.29  55.63
3  1  GLU  C  35.927  -0.151  7.703  176.22
4  1  GLU  O  34.911  0.34  8.15  55.76
5  1  GLU  CB  37.371  1.331  6.36  33.32
6  1  GLU  CG  38.831  0.936  6.466  31.85
7  1  GLU  CD  39.753  2.138  6.615  8.5
8  1  GLU  OE1  39.341  3.281  6.301  16.36
9  1  GLU  OE2  40.906  1.936  7.039  4.09
10  1  GLU  H  35.041  0.015  4.864  8.08
11  1  GLU  H2  34.478  0.619  6.06  57.85
12  1  GLU  H3  35.323  1.405  5.177  4.56
13  1  GLU  HA  36.793  -0.583  5.864  4.13
14  1  GLU  HB2  37.259  1.882  5.569  2.17
15  1  GLU  HB3  37.147  1.884  7.125  2.17
16  1  GLU  HG2  38.949  0.346  7.227  2.57
17  1  GLU  HG3  39.085  0.434  5.676  2.62
18  2  LEU  N  36.688  -1  8.365  3.74
19  2  LEU  CA  36.409  -1.379  9.75  28.34
20  2  LEU  C  37.411  -0.739  10.702  115.41
21  2  LEU  O  38.56  -0.52  10.337  61.21
22  2  LEU  CB  36.481  -2.894  9.909  174.04
23  2  LEU  CG  35.574  -3.714  8.97  1.6
24  2  LEU  CD1  35.764  -5.153  9.211  70.48
25  2  LEU  CD2  34.123  -3.342  9.211  28.74
26  2  LEU  H  37.384  -1.378  8.03  8.89
27  2  LEU  HA  35.517  -1.066  9.967  4.74
28  2  LEU  HB2  37.399  -3.173  9.768  2.88
29  2  LEU  HB3  36.254  -3.117  10.825  2.79
30  2  LEU  HG  35.81  -3.516  8.05  2.83
31  2  LEU  HD11  35.189  -5.66  8.616  74.48
32  2  LEU  HD12  36.69  -5.39  9.045  122
33  2  LEU  HD13  35.538  -5.36  10.131  52.3
34  2  LEU  HD21  33.554  -3.859  8.62  119.51
35  2  LEU  HD22  33.889  -3.533  10.133  55.34
36  2  LEU  HD23  33.998  -2.396  9.035  176.02
37  3  VAL  N  36.956  -0.445  11.911  8.54
38  3  VAL  CA  37.837  -0.008  12.994  32.31
39  3  VAL  C  37.551  -0.863  14.218  31.85
40  3  VAL  O  36.448  -1.399  14.386  17.26
41  3  VAL  CB  37.66  1.488  13.372  121.68
42  3  VAL  CG1  37.981  2.4  12.202  8.48
43  3  VAL  CG2  36.245  1.766  13.853  4.56
44  3  VAL  H  36.126  -0.492  12.131  8.62
45  3  VAL  HA  38.75  -0.111  12.683  4.46
46  3  VAL  HB  38.284  1.673  14.091  2.58
47  3  VAL  HG11  37.861  3.325  12.47  2.67
48  3  VAL  HG12  38.9  2.26  11.925  56.45
49  3  VAL  HG13  37.387  2.199  11.462  9.69
50  3  VAL  HG21  36.16  2.705  14.083  39.94
51  3  VAL  HG22  35.615  1.547  13.149  106.41
52  3  VAL  HG23  36.056  1.224  14.635  44.82
53  4  LEU  N  38.562  -1.011  15.054  171.58
54  4  LEU  CA  38.494  -1.71  16.329  61.96
55  4  LEU  C  38.308  -0.698  17.458  8.28
56  4  LEU  O  39.082  0.26  17.552  3.38
57  4  LEU  CB  39.805  -2.476  16.564  3.74
58  4  LEU  CG  40.03  -3.076  17.935  115.63
59  4  LEU  CD1  39.018  -4.178  18.215  57.35
60  4  LEU  CD2  41.485  -3.591  18.077  4.15
61  4  LEU  H  39.344  -0.693  14.889  8.23
62  4  LEU  HA  37.747  -2.328  16.314  4.29
63  4  LEU  HB2  39.853  -3.193  15.912  119.75
64  4  LEU  HB3  40.541  -1.873  16.377  6.81
65  4  LEU  HG  39.898  -2.381  18.599  4.75
66  4  LEU  HD11  39.179  -4.549  19.097  2.67
67  4  LEU  HD12  38.121  -3.811  18.178  3.11
68  4  LEU  HD13  39.108  -4.877  17.549  29.86
69  4  LEU  HD21  41.609  -3.971  18.961  37.56
70  4  LEU  HD22  41.655  -4.271  17.406  57.02
71  4  LEU  HD23  42.103  -2.854  17.953  176.57
72  5  ALA  N  37.329  -0.913  18.326  8.43
73  5  ALA  CA  37.213  -0.111  19.559  29.04
74  5  ALA  C  38.335  -0.501  20.531  25.22
75  5  ALA  O  38.403  -1.631  21.015  42.91
76  5  ALA  CB  35.867  -0.329  20.217  2.33
77  5  ALA  H  36.72  -1.513  18.229  8.43
78  5  ALA  HA  37.292  0.828  19.328  2.35
79  5  ALA  HB1  35.811  0.206  21.024  122.21
80  5  ALA  HB2  35.161  -0.066  19.606  57.76
81  5  ALA  HB3  35.765  -1.267  20.443  4.14
82  6  LEU  N  39.163  0.477  20.853  1.64
83  6  LEU  CA  40.246  0.29  21.834  1.64
84  6  LEU  C  39.809  0.442  23.279  0.7
85  6  LEU  O  40.463  -0.093  24.198  1.29
86  6  LEU  CB  41.334  1.288  21.53  3.01
87  6  LEU  CG  41.975  1.187  20.147  3.01
88  6  LEU  CD1  42.973  2.307  19.999  4.34
89  6  LEU  CD2  42.648  -0.157  19.944  2.02
90  6  LEU  H  39.123  1.268  20.517  8.03
91  6  LEU  HA  40.556  -0.625  21.747  4.38
92  6  LEU  HB2  40.966  2.18  21.631  1.8
93  6  LEU  HB3  42.032  1.191  22.197  1.69
94  6  LEU  HG  41.285  1.264  19.47  58.63
95  6  LEU  HD11  43.389  2.256  19.124  176.72
96  6  LEU  HD12  42.519  3.159  20.092  3.92
97  6  LEU  HD13  43.654  2.227  20.686  29.95
98  6  LEU  HD21  43.044  -0.19  19.059  121.11
99  6  LEU  HD22  43.34  -0.277  20.613  58.76
100  6  LEU  HD23  41.99  -0.865  20.03  118.56
101  7  TYR  N  38.737  1.196  23.481  138.03
102  7  TYR  CA  38.131  1.461  24.791  41.56
103  7  TYR  C  36.622  1.436  24.701  9.34
104  7  TYR  O  36.053  1.664  23.634  4.5
105  7  TYR  CB  38.547  2.841  25.342  2.89
106  7  TYR  CG  40.023  3.016  25.332  3.43
107  7  TYR  CD1  40.813  2.443  26.328  7.37
108  7  TYR  CD2  40.659  3.7  24.295  7.71
109  7  TYR  CE1  42.188  2.548  26.306  1.59
110  7  TYR  CE2  42.03  3.824  24.264  121.07
111  7  TYR  CZ  42.797  3.233  25.259  65.51
112  7  TYR  OH  44.171  3.34  25.268  177.23
113  7  TYR  H  38.322  1.585  22.836  8.67
114  7  TYR  HA  38.447  0.763  25.386  4.52
115  7  TYR  HB2  38.135  3.54  24.81  2.06
116  7  TYR  HB3  38.215  2.941  26.248  2.02
117  7  TYR  HD1  40.404  1.98  27.023  7.47
118  7  TYR  HD2  40.149  4.078  23.615  3.38
119  7  TYR  HE1  42.701  2.166  26.981  2
120  7  TYR  HE2  42.44  4.302  23.58  176.98
121  7  TYR  HH  44.423  3.77  24.592  28.46
122  8  ASP  N  35.98  1.197  25.835  34.36
123  8  ASP  CA  34.56  1.492  25.972  8.38
124  8  ASP  C  34.375  2.993  25.791  4.34
125  8  ASP  O  35.242  3.798  26.188  8.93
126  8  ASP  CB  34.037  1.165  27.36  120.53
127  8  ASP  CG  34.036  -0.297  27.714  54.03
128  8  ASP  OD1  34.263  -1.185  26.878  177.93
129  8  ASP  OD2  33.779  -0.651  28.895  2.22
130  8  ASP  H  36.347  0.864  26.538  8.35
131  8  ASP  HA  34.083  0.96  25.315  5.41
132  8  ASP  HB2  34.573  1.641  28.013  1.34
133  8  ASP  HB3  33.131  1.503  27.437  1.34
134  9  TYR  N  33.241  3.387  25.233  120.21
135  9  TYR  CA  32.888  4.793  25.121  62.06
136  9  TYR  C  31.371  4.894  25.219  102.42
137  9  TYR  O  30.65  4.281  24.407  44.71
138  9  TYR  CB  33.384  5.461  23.841  174.6
139  9  TYR  CG  33.031  6.925  23.837  62.3
140  9  TYR  CD1  33.739  7.801  24.632  7.65
141  9  TYR  CD2  31.942  7.423  23.122  4.3
142  9  TYR  CE1  33.4  9.132  24.721  3.74
143  9  TYR  CE2  31.584  8.756  23.208  119.3
144  9  TYR  CZ  32.339  9.622  24.004  63.83
145  9  TYR  OH  32.027  10.976  24.133  175.15
146  9  TYR  H  32.655  2.848  24.909  9.18
147  9  TYR  HA  33.33  5.271  25.84  5.22
148  9  TYR  HB2  34.345  5.355  23.766  28.63
149  9  TYR  HB3  32.989  5.026  23.069  17.13
150  9  TYR  HD1  34.464  7.484  25.121  6.83
151  9  TYR  HD2  31.449  6.85  22.58  7.25
152  9  TYR  HE1  33.892  9.7  25.269  3.84
153  9  TYR  HE2  30.846  9.074  22.74  1.88
154  9  TYR  HH  31.289  11.13  23.762  1.09
155  10  GLN  N  30.881  5.6  26.231  1.85
156  10  GLN  CA  29.46  5.84  26.372  64.76
157  10  GLN  C  29.109  7.212  25.774  176.19
158  10  GLN  O  29.708  8.237  26.11  28.9
159  10  GLN  CB  29.02  5.791  27.821  28.06
160  10  GLN  CG  27.489  5.831  27.965  54.81
161  10  GLN  CD  27.043  5.696  29.386  8.56
162  10  GLN  OE1  27.833  5.325  30.245  124.99
163  10  GLN  NE2  25.779  6.011  29.647  53.81
164  10  GLN  H  31.364  5.95  26.851  9.01
165  10  GLN  HA  28.991  5.137  25.896  5.11
166  10  GLN  HB2  29.361  4.982  28.234  1.72
167  10  GLN  HB3  29.408  6.54  28.301  1.4
168  10  GLN  HG2  27.155  6.666  27.602  43.06
169  10  GLN  HG3  27.099  5.117  27.438  4.23
170  10  GLN  HE21  25.26  6.267  29.011  29.46
171  10  GLN  HE22  25.48  5.959  30.452  31.66
172  11  GLU  N  28.109  7.216  24.911  52
173  11  GLU  CA  27.631  8.43  24.282  8.44
174  11  GLU  C  27.264  9.488  25.306  4.81
175  11  GLU  O  26.59  9.19  26.282  1.64
176  11  GLU  CB  26.445  8.148  23.377  1.82
177  11  GLU  CG  25.18  7.736  24.083  1.88
178  11  GLU  CD  24.29  6.927  23.178  1.88
179  11  GLU  OE1  24.694  5.795  22.821  3.36
180  11  GLU  OE2  23.2  7.424  22.825  3.36
181  11  GLU  H  27.685  6.507  24.672  9.09
182  11  GLU  HA  28.36  8.774  23.742  4.59
183  11  GLU  HB2  26.261  8.943  22.853  120.61
184  11  GLU  HB3  26.692  7.448  22.753  51.76
185  11  GLU  HG2  25.401  7.217  24.872  178.19
186  11  GLU  HG3  24.705  8.525  24.387  120.32
187  12  LYS  N  27.689  10.712  25.031  63
188  12  LYS  CA  27.483  11.858  25.924  174.15
189  12  LYS  C  26.765  13.013  25.255  4.29
190  12  LYS  O  26.589  14.077  25.879  68.12
191  12  LYS  CB  28.833  12.357  26.452  175.12
192  12  LYS  CG  29.601  11.314  27.26  21.55
193  12  LYS  CD  30.834  11.901  27.931  8.75
194  12  LYS  CE  32.132  11.518  27.226  4.34
195  12  LYS  NZ  33.263  11.355  28.167  4.04
196  12  LYS  H  28.113  10.91  24.31  9.24
197  12  LYS  HA  26.921  11.543  26.649  3.83
198  12  LYS  HB2  29.38  12.64  25.702  1.06
199  12  LYS  HB3  28.685  13.139  27.006  0.45
200  12  LYS  HG2  29.016  10.936  27.935  119.59
201  12  LYS  HG3  29.868  10.587  26.676  58.53
202  12  LYS  HD2  30.756  12.868  27.952  0.45
203  12  LYS  HD3  30.87  11.599  28.852  4.07
204  12  LYS  HE2  31.999  10.69  26.738  34.95
205  12  LYS  HE3  32.355  12.199  26.573  21.5
206  12  LYS  HZ1  33.996  11.133  27.714  17.42
207  12  LYS  HZ2  33.402  12.12  28.599  8.86
208  12  LYS  HZ3  33.071  10.714  28.754  4.62
209  13  SER  N  26.351  12.835  24.005  1.72
210  13  SER  CA  25.558  13.841  23.306  2.21
211  13  SER  C  24.742  13.171  22.219  2.21
212  13  SER  O  24.985  12.008  21.896  109.9
213  13  SER  CB  26.429  14.947  22.731  9.21
214  13  SER  OG  27.081  14.524  21.562  59.66
215  13  SER  H  26.52  12.132  23.54  7.1
216  13  SER  HA  24.96  14.26  23.944  4.75
217  13  SER  HB2  25.882  15.724  22.536  3.19
218  13  SER  HB3  27.086  15.22  23.39  2.33
219  13  SER  HG  27.554  15.15  21.262  31.76
220  14  PRO  N  23.729  13.865  21.714  70.22
221  14  PRO  CA  22.804  13.256  20.756  49.76
222  14  PRO  C  23.419  12.668  19.519  20.51
223  14  PRO  O  22.855  11.708  18.985  8.51
224  14  PRO  CB  21.88  14.412  20.393  4.64
225  14  PRO  CG  21.86  15.258  21.627  3.85
226  14  PRO  CD  23.235  15.191  22.18  2.15
227  14  PRO  HA  22.375  12.484  21.158  4.65
228  14  PRO  HB2  22.213  14.907  19.628  2.98
229  14  PRO  HB3  20.992  14.098  20.163  2.74
230  14  PRO  HG2  21.612  16.172  21.419  45.96
231  14  PRO  HG3  21.21  14.927  22.267  62.61
232  14  PRO  HD2  23.789  15.915  21.85  179.25
233  14  PRO  HD3  23.235  15.253  23.148  9.07
234  15  ARG  N  24.517  13.242  19.06  33.07
235  15  ARG  CA  25.172  12.779  17.836  28.29
236  15  ARG  C  26.143  11.656  18.07  51.5
237  15  ARG  O  26.719  11.141  17.105  4.43
238  15  ARG  CB  25.879  13.938  17.145  1.81
239  15  ARG  CG  24.853  14.983  16.671  1.93
240  15  ARG  CD  24.07  14.58  15.436  1.59
241  15  ARG  NE  23.317  15.695  14.861  2.24
242  15  ARG  CZ  22.827  15.732  13.614  3.85
243  15  ARG  NH1  23.002  14.722  12.77  3.48
244  15  ARG  NH2  22.146  16.802  13.209  119.18
245  15  ARG  H  24.907  13.907  19.442  8.62
246  15  ARG  HA  24.47  12.429  17.265  4.72
247  15  ARG  HB2  26.511  14.35  17.755  3.1
248  15  ARG  HB3  26.389  13.609  16.388  2.83
249  15  ARG  HG2  24.229  15.158  17.393  124.42
250  15  ARG  HG3  25.317  15.815  16.489  8.4
251  15  ARG  HD2  24.681  14.229  14.77  7.24
252  15  ARG  HD3  23.457  13.864  15.665  4.09
253  15  ARG  HE  23.178  16.38  15.362  3.75
254  15  ARG  HH11  23.438  14.024  13.019  8.56
255  15  ARG  HH12  22.679  14.766  11.974  119.44
256  15  ARG  HH21  22.023  17.462  13.746  51.24
257  15  ARG  HH22  21.829  16.833  12.41  176.42
258  16  GLU  N  26.393  11.296  19.322  1.92
259  16  GLU  CA  27.366  10.243  19.628  21.68
260  16  GLU  C  26.719  8.874  19.701  7.21
261  16  GLU  O  25.487  8.761  19.773  4.38
262  16  GLU  CB  28.118  10.561  20.925  53.76
263  16  GLU  CG  28.946  11.824  20.809  174.89
264  16  GLU  CD  29.554  12.282  22.119  2.06
265  16  GLU  OE1  29.65  11.468  23.053  123.52
266  16  GLU  OE2  29.896  13.48  22.252  52.78
267  16  GLU  H  26.014  11.645  20.01  7.54
268  16  GLU  HA  28.004  10.219  18.898  4.57
269  16  GLU  HB2  27.482  10.658  21.651  1.76
270  16  GLU  HB3  28.696  9.816  21.153  1.81
271  16  GLU  HG2  29.658  11.676  20.167  2.29
272  16  GLU  HG3  28.388  12.535  20.456  2.24
273  17  VAL  N  27.541  7.839  19.663  8.7
274  17  VAL  CA  27.08  6.473  19.862  4.57
275  17  VAL  C  27.986  5.782  20.862  1.57
276  17  VAL  O  29.077  6.241  21.152  1.8
277  17  VAL  CB  27.071  5.748  18.475  1.48
278  17  VAL  CG1  28.496  5.529  17.967  116.21
279  17  VAL  CG2  26.313  4.444  18.502  57.56
280  17  VAL  H  28.386  7.907  19.521  8.09
281  17  VAL  HA  26.18  6.454  20.222  4.16
282  17  VAL  HB  26.603  6.334  17.86  65.06
283  17  VAL  HG11  28.468  5.079  17.108  63.72
284  17  VAL  HG12  28.94  6.386  17.869  102.4
285  17  VAL  HG13  28.986  4.983  18.602  44.7
286  17  VAL  HG21  26.338  4.037  17.622  3.84
287  17  VAL  HG22  26.722  3.845  19.146  3.9
288  17  VAL  HG23  25.391  4.61  18.755  7.22
289  18  THR  N  27.453  4.731  21.479  3.22
290  18  THR  CA  28.159  3.92  22.457  4.21
291  18  THR  C  28.844  2.708  21.803  114.6
292  18  THR  O  28.284  2.024  20.951  58.05
293  18  THR  CB  27.158  3.48  23.526  174.85
294  18  THR  OG1  26.702  4.638  24.245  20.86
295  18  THR  CG2  27.813  2.555  24.578  26.75
296  18  THR  H  26.648  4.465  21.334  8.61
297  18  THR  HA  28.866  4.446  22.863  4.43
298  18  THR  HB  26.44  3.013  23.072  3.48
299  18  THR  HG1  26.054  4.984  23.837  1.87
300  18  THR  HG21  27.151  2.296  25.238  2.24
301  18  THR  HG22  28.16  1.762  24.141  39.6
302  18  THR  HG23  28.539  3.026  25.016  130.06
303  19  MET  N  30.032  2.401  22.289  59.92
304  19  MET  CA  30.764  1.203  21.87  3.07
305  19  MET  C  31.432  0.546  23.071  127.81
306  19  MET  O  31.661  1.179  24.126  29.83
307  19  MET  CB  31.822  1.535  20.808  35.1
308  19  MET  CG  32.959  2.377  21.299  58.16
309  19  MET  SD  34.047  2.943  20.008  29.56
310  19  MET  CE  35.225  3.813  20.947  45
311  19  MET  H  30.445  2.878  22.874  7.76
312  19  MET  HA  30.123  0.588  21.48  4.89
313  19  MET  HB2  32.179  0.705  20.454  4.19
314  19  MET  HB3  31.39  1.995  20.071  3.9
315  19  MET  HG2  32.601  3.146  21.769  1.92
316  19  MET  HG3  33.474  1.866  21.943  2.11
317  19  MET  HE1  35.898  4.186  20.357  3.08
318  19  MET  HE2  34.787  4.53  21.432  59.85
319  19  MET  HE3  35.647  3.208  21.577  4.28
320  20  LYS  N  31.695  -0.747  22.936  7.11
321  20  LYS  CA  32.461  -1.516  23.913  27.15
322  20  LYS  C  33.84  -1.869  23.355  37.21
323  20  LYS  O  33.962  -2.201  22.186  123.71
324  20  LYS  CB  31.718  -2.817  24.239  55.76
325  20  LYS  CG  30.408  -2.654  24.997  176.59
326  20  LYS  CD  29.937  -3.992  25.569  36.05
327  20  LYS  CE  28.546  -3.884  26.201  3.89
328  20  LYS  NZ  28.585  -3.225  27.535  0.22
329  20  LYS  H  31.43  -1.212  22.263  1.08
330  20  LYS  HA  32.565  -0.978  24.713  4.53
331  20  LYS  HB2  31.537  -3.284  23.408  2
332  20  LYS  HB3  32.307  -3.385  24.761  2.48
333  20  LYS  HG2  30.524  -2.014  25.716  2.12
334  20  LYS  HG3  29.73  -2.295  24.404  2.48
335  20  LYS  HD2  29.921  -4.657  24.863  3.91
336  20  LYS  HD3  30.572  -4.3  26.235  3.8
337  20  LYS  HE2  27.962  -3.382  25.611  119.11
338  20  LYS  HE3  28.164  -4.771  26.291  8.65
339  20  LYS  HZ1  27.761  -3.181  27.869  4.12
340  20  LYS  HZ2  29.102  -3.697  28.084  2.94
341  20  LYS  HZ3  28.915  -2.403  27.451  3.98
342  21  LYS  N  34.869  -1.874  24.217  2.29
343  21  LYS  CA  36.195  -2.356  23.841  117.5
344  21  LYS  C  36.074  -3.705  23.132  57.56
345  21  LYS  O  35.383  -4.61  23.619  179.91
346  21  LYS  CB  37.078  -2.511  25.093  4.51
347  21  LYS  CG  38.501  -2.854  24.805  42.36
348  21  LYS  CD  39.299  -3.039  26.076  27.01
349  21  LYS  CE  40.69  -3.556  25.741  22.63
350  21  LYS  NZ  41.568  -3.619  26.942  25.73
351  21  LYS  H  34.812  -1.598  25.03  7.57
352  21  LYS  HA  36.603  -1.712  23.242  4.54
353  21  LYS  HB2  37.052  -1.683  25.598  1.41
354  21  LYS  HB3  36.699  -3.201  25.659  1.82
355  21  LYS  HG2  38.538  -3.667  24.278  1.89
356  21  LYS  HG3  38.902  -2.151  24.27  9.57
357  21  LYS  HD2  39.364  -2.197  26.552  127.5
358  21  LYS  HD3  38.846  -3.663  26.664  1.72
359  21  LYS  HE2  40.619  -4.439  25.347  118.36
360  21  LYS  HE3  41.096  -2.98  25.075  113.86
361  21  LYS  HZ1  42.37  -3.925  26.708  120.26
362  21  LYS  HZ2  41.652  -2.805  27.292  115.1
363  21  LYS  HZ3  41.207  -4.165  27.545  58.82
364  22  GLY  N  36.751  -3.816  21.998  178.05
365  22  GLY  CA  36.757  -5.041  21.221  2.59
366  22  GLY  C  35.745  -5.058  20.104  32.93
367  22  GLY  O  35.817  -5.916  19.234  25.29
368  22  GLY  H  37.22  -3.181  21.658  7.89
369  22  GLY  HA2  37.642  -5.172  20.846  41.81
370  22  GLY  HA3  36.586  -5.79  21.813  7.36
371  23  ASP  N  34.81  -4.116  20.1  6.97
372  23  ASP  CA  33.785  -4.057  19.05  4.13
373  23  ASP  C  34.473  -3.698  17.728  1.95
374  23  ASP  O  35.444  -2.95  17.677  1.95
375  23  ASP  CB  32.78  -2.941  19.295  1.72
376  23  ASP  CG  31.72  -3.268  20.311  1.44
377  23  ASP  OD1  31.602  -4.426  20.779  1.7
378  23  ASP  OD2  30.921  -2.353  20.683  1.7
379  23  ASP  H  34.747  -3.498  20.695  7.48
380  23  ASP  HA  33.335  -4.916  19.037  4.58
381  23  ASP  HB2  33.258  -2.149  19.587  55.3
382  23  ASP  HB3  32.349  -2.719  18.455  8.12
383  24  ILE  N  33.922  -4.249  16.656  3.98
384  24  ILE  CA  34.363  -3.964  15.305  107.73
385  24  ILE  C  33.286  -3.104  14.69  61.18
386  24  ILE  O  32.157  -3.541  14.505  176.43
387  24  ILE  CB  34.509  -5.258  14.506  1.41
388  24  ILE  CG1  35.492  -6.217  15.188  38.96
389  24  ILE  CG2  34.946  -4.977  13.082  26.07
390  24  ILE  CD  36.907  -5.7  15.321  17.32
391  24  ILE  H  33.27  -4.808  16.696  7.57
392  24  ILE  HA  35.226  -3.521  15.303  5.04
393  24  ILE  HB  33.638  -5.683  14.476  4
394  24  ILE  HG21  35.031  -5.814  12.598  2.22
395  24  ILE  HG22  34.285  -4.417  12.645  1.48
396  24  ILE  HG23  35.802  -4.521  13.09  1.3
397  25  LEU  N  33.645  -1.871  14.38  176.39
398  25  LEU  CA  32.703  -0.864  13.909  4.38
399  25  LEU  C  32.946  -0.574  12.459  24.16
400  25  LEU  O  34.059  -0.674  11.975  7.71
401  25  LEU  CB  32.826  0.441  14.731  5.15
402  25  LEU  CG  33.181  0.316  16.222  61.24
403  25  LEU  CD1  33.339  1.684  16.871  110.88
404  25  LEU  CD2  32.165  -0.494  16.954  46.51
405  25  LEU  H  34.455  -1.588  14.437  9.54
406  25  LEU  HA  31.805  -1.214  14.023  4.9
407  25  LEU  HB2  33.5  0.997  14.309  2.15
408  25  LEU  HB3  31.983  0.917  14.664  1.93
409  25  LEU  HG  34.033  -0.144  16.277  4
410  25  LEU  HD11  33.562  1.574  17.809  113.16
411  25  LEU  HD12  34.048  2.174  16.426  54.72
412  25  LEU  HD13  32.508  2.177  16.793  8.75
413  25  LEU  HD21  32.413  -0.556  17.89  4.71
414  25  LEU  HD22  31.296  -0.069  16.878  65.37
415  25  LEU  HD23  32.123  -1.384  16.571  122.3
416  26  THR  N  31.885  -0.261  11.726  7.92
417  26  THR  CA  32.041  0.232  10.365  5.08
418  26  THR  C  32.311  1.727  10.388  4.38
419  26  THR  O  31.556  2.485  10.989  3.99
420  26  THR  CB  30.789  -0.085  9.6  55.56
421  26  THR  OG1  30.674  -1.526  9.477  173.79
422  26  THR  CG2  30.845  0.482  8.188  61.95
423  26  THR  H  31.071  -0.326  11.996  8.24
424  26  THR  HA  32.795  -0.197  9.93  4.91
425  26  THR  HB  30.039  0.303  10.076  32.03
426  26  THR  HG1  29.975  -1.716  9.051  26.2
427  26  THR  HG21  30.025  0.263  7.718  50.31
428  26  THR  HG22  30.945  1.446  8.23  3.38
429  26  THR  HG23  31.6  0.099  7.715  1.16
430  27  LEU  N  33.334  2.139  9.674  1.16
431  27  LEU  CA  33.733  3.545  9.627  1.6
432  27  LEU  C  32.971  4.259  8.523  1.7
433  27  LEU  O  33.022  3.863  7.347  3.78
434  27  LEU  CB  35.224  3.651  9.431  3.61
435  27  LEU  CG  35.814  5.057  9.393  109.58
436  27  LEU  CD1  35.558  5.873  10.637  56.6
437  27  LEU  CD2  37.268  4.93  9.123  173.71
438  27  LEU  H  33.825  1.617  9.198  8.87
439  27  LEU  HA  33.514  3.975  10.468  3.31
440  27  LEU  HB2  35.659  3.16  10.146  1.54
441  27  LEU  HB3  35.452  3.205  8.601  1.54
442  27  LEU  HG  35.367  5.55  8.688  22.26
443  27  LEU  HD11  35.961  6.75  10.538  133.12
444  27  LEU  HD12  34.602  5.971  10.769  8.78
445  27  LEU  HD13  35.946  5.424  11.404  123.96
446  27  LEU  HD21  37.67  5.812  9.093  114.92
447  27  LEU  HD22  37.684  4.409  9.828  121.96
448  27  LEU  HD23  37.402  4.486  8.271  122.76
449  28  LEU  N  32.235  5.294  8.889  5.72
450  28  LEU  CA  31.374  6.039  7.961  4.88
451  28  LEU  C  31.993  7.334  7.508  3.5
452  28  LEU  O  31.862  7.69  6.35  3.98
453  28  LEU  CB  30.044  6.339  8.611  6.82
454  28  LEU  CG  29.227  5.101  9.025  11.27
455  28  LEU  CD1  27.959  5.569  9.747  7.94
456  28  LEU  CD2  28.926  4.19  7.856  7.66
457  28  LEU  H  32.215  5.595  9.694  8.89
458  28  LEU  HA  31.254  5.474  7.182  7.28
459  28  LEU  HB2  30.2  6.885  9.398  119.8
460  28  LEU  HB3  29.512  6.87  7.998  64.91
461  28  LEU  HG  29.756  4.561  9.633  173.4
462  28  LEU  HD11  27.435  4.798  10.013  42.36
463  28  LEU  HD12  28.204  6.08  10.534  30.49
464  28  LEU  HD13  27.434  6.126  9.151  21.5
465  28  LEU  HD21  28.412  3.427  8.164  20.07
466  28  LEU  HD22  28.415  4.676  7.19  9.3
467  28  LEU  HD23  29.758  3.882  7.463  4.27
468  29  ASN  N  32.683  8.045  8.407  2.1
469  29  ASN  CA  33.253  9.348  8.062  0.97
470  29  ASN  C  34.402  9.633  9.012  1.44
471  29  ASN  O  34.204  9.745  10.225  1.62
472  29  ASN  CB  32.187  10.426  8.165  2.71
473  29  ASN  CG  32.646  11.747  7.587  2.71
474  29  ASN  OD1  33.673  12.261  7.976  4.51
475  29  ASN  ND2  31.855  12.318  6.682  121
476  29  ASN  H  32.83  7.791  9.215  8.43
477  29  ASN  HA  33.581  9.341  7.149  4.58
478  29  ASN  HB2  31.388  10.133  7.7  2.9
479  29  ASN  HB3  31.944  10.55  9.096  2.63
480  29  ASN  HD21  32.065  13.082  6.349  178.94
481  29  ASN  HD22  31.134  11.923  6.43  34.26
482  30  SER  N  35.609  9.738  8.45  22.66
483  30  SER  CA  36.81  10.044  9.216  19.16
484  30  SER  C  37.431  11.356  8.795  9.36
485  30  SER  O  38.639  11.551  8.958  9.66
486  30  SER  CB  37.811  8.91  9.068  5.7
487  30  SER  OG  38.117  8.688  7.696  3.6
488  30  SER  H  35.75  9.632  7.608  8.22
489  30  SER  HA  36.557  10.135  10.148  4.98
490  30  SER  HB2  38.622  9.122  9.555  111.03
491  30  SER  HB3  37.449  8.099  9.459  60.46
492  30  SER  HG  38.672  8.061  7.63  176.57
493  31  THR  N  36.631  12.285  8.264  112.58
494  31  THR  CA  37.163  13.576  7.826  53.24
495  31  THR  C  37.594  14.511  8.97  177.73
496  31  THR  O  38.383  15.425  8.732  7.47
497  31  THR  CB  36.19  14.357  6.885  46.09
498  31  THR  OG1  34.954  14.62  7.607  26.29
499  31  THR  CG2  35.811  13.511  5.666  26.26
500  31  THR  H  35.784  12.187  8.15  9.35
501  31  THR  HA  37.957  13.323  7.33  5.01
502  31  THR  HB  36.633  15.172  6.602  5.24
503  31  THR  HG1  34.549  13.897  7.742  1.08
504  31  THR  HG21  35.208  14.015  5.097  1.82
505  31  THR  HG22  36.612  13.285  5.167  1.58
506  31  THR  HG23  35.373  12.697  5.96  2.31
507  32  ASN  N  36.999  14.324  10.153  2.28
508  32  ASN  CA  37.362  15.1  11.332  110.41
509  32  ASN  C  38.499  14.377  12.055  55.96
510  32  ASN  O  38.422  13.185  12.183  175.59
511  32  ASN  CB  36.138  15.268  12.231  8.47
512  32  ASN  CG  36.366  16.257  13.354  122.87
513  32  ASN  OD1  36.844  15.896  14.416  53.3
514  32  ASN  ND2  36.044  17.509  13.113  173.77
515  32  ASN  H  36.377  13.746  10.289  8.41
516  32  ASN  HA  37.666  15.987  11.082  4.61
517  32  ASN  HB2  35.386  15.562  11.694  27.58
518  32  ASN  HB3  35.898  14.407  12.608  42.74
519  32  ASN  HD21  36.169  18.109  13.716  2.94
520  32  ASN  HD22  35.709  17.728  12.352  122.61
521  33  LYS  N  39.468  15.103  12.575  62.36
522  33  LYS  CA  40.615  14.416  13.191  176.09
523  33  LYS  C  40.3  13.936  14.588  9.81
524  33  LYS  O  41.004  13.043  15.086  5.19
525  33  LYS  CB  41.88  15.241  13.183  1.88
526  33  LYS  CG  41.861  16.411  14.065  1.88
527  33  LYS  CD  43.191  17.173  13.985  1.86
528  33  LYS  CE  43.128  18.493  14.746  1.64
529  33  LYS  NZ  42.79  18.299  16.173  2.98
530  33  LYS  H  39.495  15.962  12.589  9.02
531  33  LYS  HA  40.782  13.641  12.632  4.39
532  33  LYS  HB2  42.623  14.672  13.439  1.82
533  33  LYS  HB3  42.05  15.539  12.276  1.82
534  33  LYS  HG2  41.131  16.999  13.815  4.33
535  33  LYS  HG3  41.698  16.13  14.979  1.99
536  33  LYS  HD2  43.902  16.623  14.348  0.7
537  33  LYS  HD3  43.411  17.344  13.056  57.6
538  33  LYS  HE2  43.983  18.946  14.676  172.88
539  33  LYS  HE3  42.467  19.071  14.334  108.9
540  33  LYS  HZ1  42.918  19.061  16.615  41.03
541  33  LYS  HZ2  41.938  18.054  16.246  28.33
542  33  LYS  HZ3  43.311  17.665  16.518  17.36
543  34  ASP  N  39.272  14.511  15.209  26.56
544  34  ASP  CA  38.935  14.2  16.594  8.96
545  34  ASP  C  37.752  13.274  16.819  5.28
546  34  ASP  O  37.746  12.512  17.804  0.57
547  34  ASP  CB  38.718  15.502  17.357  0.6
548  34  ASP  CG  39.983  16.32  17.427  1.08
549  34  ASP  OD1  41.03  15.775  17.855  26.77
550  34  ASP  OD2  40.058  17.467  16.968  121.65
551  34  ASP  H  38.753  15.089  14.84  9.07
552  34  ASP  HA  39.695  13.696  16.925  4.52
553  34  ASP  HB2  38.021  16.019  16.925  1.42
554  34  ASP  HB3  38.409  15.304  18.255  1.14
555  35  TRP  N  36.771  13.322  15.925  128.06
556  35  TRP  CA  35.501  12.569  16.057  60.17
557  35  TRP  C  35.205  11.855  14.744  177.8
558  35  TRP  O  35.136  12.502  13.716  7.6
559  35  TRP  CB  34.343  13.49  16.417  30.35
560  35  TRP  CG  34.494  14.063  17.786  2.28
561  35  TRP  CD1  35.096  15.229  18.115  9.18
562  35  TRP  CD2  34.06  13.467  18.998  4.82
563  35  TRP  NE1  35.074  15.405  19.477  3.14
564  35  TRP  CE2  34.427  14.337  20.043  3.43
565  35  TRP  CE3  33.362  12.296  19.317  130.66
566  35  TRP  CZ2  34.135  14.06  21.38  125.95
567  35  TRP  CZ3  33.071  12.038  20.633  53.47
568  35  TRP  CH2  33.475  12.9  21.644  173.34
569  35  TRP  H  36.814  13.797  15.209  7.57
570  35  TRP  HA  35.599  11.923  16.774  4.72
571  35  TRP  HB2  34.289  14.21  15.769  2.81
572  35  TRP  HB3  33.509  12.997  16.363  2.62
573  35  TRP  HD1  35.47  15.825  17.507  109.02
574  35  TRP  HE1  35.409  16.073  19.903  7.44
575  35  TRP  HE3  33.1  11.704  18.649  123.71
576  35  TRP  HZ2  34.381  14.644  22.061  52.66
577  35  TRP  HZ3  32.594  11.271  20.852  8.71
578  35  TRP  HH2  33.289  12.678  22.528  4.62
579  36  TRP  N  35.06  10.527  14.779  1.72
580  36  TRP  CA  34.759  9.708  13.612  2.65
581  36  TRP  C  33.354  9.183  13.701  5.46
582  36  TRP  O  32.926  8.777  14.775  9.1
583  36  TRP  CB  35.755  8.546  13.487  2.9
584  36  TRP  CG  37.109  8.978  13.007  4.12
585  36  TRP  CD1  37.525  10.263  12.738  6.81
586  36  TRP  CD2  38.26  8.133  12.762  54.86
587  36  TRP  NE1  38.822  10.248  12.292  173.79
588  36  TRP  CE2  39.292  8.962  12.287  1.75
589  36  TRP  CE3  38.506  6.767  12.875  37.46
590  36  TRP  CZ2  40.54  8.485  11.991  115.92
591  36  TRP  CZ3  39.765  6.289  12.536  65.98
592  36  TRP  CH2  40.748  7.15  12.109  173.89
593  36  TRP  H  35.137  10.07  15.504  9.17
594  36  TRP  HA  34.84  10.262  12.82  3.98
595  36  TRP  HB2  35.847  8.112  14.35  2.9
596  36  TRP  HB3  35.397  7.885  12.874  2.04
597  36  TRP  HD1  37.005  11.027  12.843  9.31
598  36  TRP  HE1  39.272  10.941  12.052  4.36
599  36  TRP  HE3  37.842  6.187  13.171  3.42
600  36  TRP  HZ2  41.222  9.056  11.719  8.74
601  36  TRP  HZ3  39.945  5.379  12.598  127.81
602  36  TRP  HH2  41.584  6.805  11.894  127.81
603  37  LYS  N  32.647  9.209  12.584  61.76
604  37  LYS  CA  31.315  8.665  12.519  114.71
605  37  LYS  C  31.392  7.187  12.183  58.17
606  37  LYS  O  32.066  6.794  11.233  176.22
607  37  LYS  CB  30.471  9.38  11.478  21.16
608  37  LYS  CG  28.97  9.147  11.768  34.08
609  37  LYS  CD  28.045  9.762  10.723  9.31
610  37  LYS  CE  26.596  9.626  11.16  7.65
611  37  LYS  NZ  25.691  10.233  10.153  5.09
612  37  LYS  H  32.93  9.544  11.844  8.21
613  37  LYS  HA  30.894  8.791  13.384  4
614  37  LYS  HB2  30.667  10.33  11.488  9.01
615  37  LYS  HB3  30.692  9.054  10.591  112.67
616  37  LYS  HG2  28.802  8.193  11.817  1.34
617  37  LYS  HG3  28.755  9.518  12.638  172.13
618  37  LYS  HD2  28.265  10.698  10.597  125.21
619  37  LYS  HD3  28.175  9.323  9.868  8.13
620  37  LYS  HE2  26.375  8.689  11.279  3.36
621  37  LYS  HE3  26.47  10.058  12.019  4.5
622  37  LYS  HZ1  24.847  10.146  10.422  121.3
623  37  LYS  HZ2  25.885  11.097  10.061  58.49
624  37  LYS  HZ3  25.797  9.821  9.371  174.71
625  38  VAL  N  30.717  6.393  13.007  41.96
626  38  VAL  CA  30.797  4.935  12.939  28.72
627  38  VAL  C  29.425  4.327  13.046  8.47
628  38  VAL  O  28.464  4.96  13.502  4.7
629  38  VAL  CB  31.737  4.339  14.044  1.9
630  38  VAL  CG1  33.162  4.812  13.862  1.78
631  38  VAL  CG2  31.205  4.696  15.441  1.24
632  38  VAL  H  30.196  6.685  13.626  8.72
633  38  VAL  HA  31.182  4.711  12.077  4.83
634  38  VAL  HB  31.74  3.373  13.956  1.88
635  38  VAL  HG11  33.721  4.43  14.556  3.18
636  38  VAL  HG12  33.488  4.53  12.993  2.81
637  38  VAL  HG13  33.192  5.78  13.92  173.18
638  38  VAL  HG21  31.793  4.323  16.116  30.34
639  38  VAL  HG22  31.172  5.661  15.538  120.18
640  38  VAL  HG23  30.313  4.33  15.551  130.64
641  39  GLU  N  29.334  3.062  12.615  61.49
642  39  GLU  CA  28.152  2.238  12.766  173.71
643  39  GLU  C  28.52  1.086  13.687  32.83
644  39  GLU  O  29.474  0.343  13.46  31.29
645  39  GLU  CB  27.666  1.73  11.421  21.8
646  39  GLU  CG  26.41  0.904  11.504  25.51
647  39  GLU  CD  25.912  0.591  10.118  7.42
648  39  GLU  OE1  26.621  -0.141  9.376  4.33
649  39  GLU  OE2  24.847  1.11  9.743  2.1
650  39  GLU  H  29.981  2.659  12.218  8.52
651  39  GLU  HA  27.424  2.755  13.145  4.26
652  39  GLU  HB2  27.507  2.487  10.836  1.83
653  39  GLU  HB3  28.367  1.198  11.013  1.8
654  39  GLU  HG2  26.585  0.081  11.987  1.46
655  39  GLU  HG3  25.729  1.385  12  1.46
656  40  VAL  N  27.755  0.997  14.746  110.47
657  40  VAL  CA  27.869  -0.001  15.808  43.42
658  40  VAL  C  26.514  -0.679  15.742  171.9
659  40  VAL  O  25.518  -0.194  16.282  34.36
660  40  VAL  CB  28.038  0.658  17.23  8.63
661  40  VAL  CG1  28.514  -0.373  18.265  3.18
662  40  VAL  CG2  28.978  1.874  17.19  5.94
663  40  VAL  H  27.109  1.548  14.884  8.46
664  40  VAL  HA  28.637  -0.582  15.691  4.55
665  40  VAL  HB  27.164  0.978  17.503  175.35
666  40  VAL  HG11  28.61  0.057  19.129  118.18
667  40  VAL  HG12  27.864  -1.09  18.331  30.96
668  40  VAL  HG13  29.369  -0.738  17.989  57.63
669  40  VAL  HG21  29.057  2.252  18.08  9.16
670  40  VAL  HG22  29.854  1.596  16.878  5.45
671  40  VAL  HG23  28.617  2.542  16.587  3.07
672  41  ASN  N  26.457  -1.76  14.96  4.16
673  41  ASN  CA  25.222  -2.49  14.664  175.59
674  41  ASN  C  24.06  -1.634  14.088  118.52
675  41  ASN  O  24.124  -1.142  12.946  59.83
676  41  ASN  CB  24.776  -3.282  15.896  175.59
677  41  ASN  CG  25.683  -4.436  16.177  8.18
678  41  ASN  OD1  26.4  -4.453  17.175  31.79
679  41  ASN  ND2  25.683  -5.405  15.275  114.25
680  41  ASN  H  27.151  -2.096  14.579  8.31
681  41  ASN  HA  25.445  -3.096  13.94  5.21
682  41  ASN  HB2  24.754  -2.694  16.667  3.02
683  41  ASN  HB3  23.872  -3.607  15.761  2.76
684  41  ASN  HD21  26.201  -6.085  15.374  2.28
685  41  ASN  HD22  25.165  -5.355  14.59  113.39
686  42  ASP  N  23.013  -1.414  14.846  55.99
687  42  ASP  CA  21.83  -0.797  14.28  176.48
688  42  ASP  C  21.898  0.702  14.479  178.09
689  42  ASP  O  20.923  1.405  14.217  40.21
690  42  ASP  CB  20.568  -1.375  14.927  37.76
691  42  ASP  H  22.961  -1.61  15.682  9.57
692  42  ASP  HA  21.793  -0.985  13.329  5.57
693  43  ARG  N  23.047  1.198  14.957  8.01
694  43  ARG  CA  23.172  2.6  15.322  4.75
695  43  ARG  C  24.384  3.253  14.683  2.62
696  43  ARG  O  25.429  2.615  14.544  2.93
697  43  ARG  CB  23.327  2.725  16.831  122.26
698  43  ARG  CG  22.125  2.244  17.597  54.84
699  43  ARG  CD  22.214  2.545  19.075  173.96
700  43  ARG  NE  22.034  3.973  19.339  120.11
701  43  ARG  CZ  22.755  4.711  20.178  41.27
702  43  ARG  NH1  23.795  4.202  20.862  7.42
703  43  ARG  NH2  22.457  5.998  20.301  10.18
704  43  ARG  H  23.761  0.733  15.075  8.87
705  43  ARG  HA  22.37  3.045  15.007  4.24
706  43  ARG  HB2  24.105  2.219  17.112  1.47
707  43  ARG  HB3  23.496  3.653  17.056  0.99
708  43  ARG  HG2  21.328  2.66  17.234  0.97
709  43  ARG  HG3  22.028  1.287  17.471  0.14
710  43  ARG  HD2  21.538  2.038  19.552  1.31
711  43  ARG  HD3  23.076  2.257  19.414  1.31
712  43  ARG  HE  21.403  4.372  18.912  4.1
713  43  ARG  HH11  24.011  3.376  20.763  63.35
714  43  ARG  HH12  24.244  4.703  21.398  2
715  43  ARG  HH21  21.811  6.335  19.844  7.79
716  43  ARG  HH22  22.91  6.495  20.838  4.61
717  44  GLN  N  24.248  4.533  14.385  4.71
718  44  GLN  CA  25.328  5.36  13.854  4.88
719  44  GLN  C  25.536  6.613  14.678  50.32
720  44  GLN  O  24.605  7.192  15.244  4.38
721  44  GLN  CB  25.048  5.769  12.412  66.07
722  44  GLN  CG  24.82  4.577  11.47  178.68
723  44  GLN  CD  24.576  4.968  10.017  173.53
724  44  GLN  OE1  24.366  6.145  9.702  31.57
725  44  GLN  NE2  24.588  3.976  9.122  27.29
726  44  GLN  H  23.509  4.96  14.487  9.37
727  44  GLN  HA  26.132  4.818  13.893  5.38
728  44  GLN  HB2  24.266  6.342  12.392  1.25
729  44  GLN  HB3  25.793  6.295  12.082  2
730  44  GLN  HG2  25.593  3.992  11.512  0.78
731  44  GLN  HG3  24.06  4.066  11.789  1.89
732  44  GLN  HE21  24.738  3.168  9.377  3.77
733  44  GLN  HE22  24.446  4.145  8.291  4.03
734  45  GLY  N  26.775  7.059  14.753  109.47
735  45  GLY  CA  27.084  8.316  15.412  57.21
736  45  GLY  C  28.559  8.456  15.611  174.78
737  45  GLY  O  29.36  7.655  15.098  3.8
738  45  GLY  H  27.457  6.648  14.428  8.61
739  45  GLY  HA2  26.753  9.056  14.88  51.26
740  45  GLY  HA3  26.631  8.358  16.269  174.29
741  46  PHE  N  28.939  9.472  16.373  175.43
742  46  PHE  CA  30.324  9.847  16.562  137.56
743  46  PHE  C  30.928  9.251  17.813  8.28
744  46  PHE  O  30.296  9.149  18.874  7.9
745  46  PHE  CB  30.494  11.373  16.549  4.32
746  46  PHE  CG  30.263  11.994  15.209  1.68
747  46  PHE  CD1  29.007  12.434  14.833  2.1
748  46  PHE  CD2  31.307  12.113  14.297  116.61
749  46  PHE  CE1  28.783  12.972  13.581  57.56
750  46  PHE  CE2  31.093  12.663  13.058  7.59
751  46  PHE  CZ  29.844  13.077  12.681  172.99
752  46  PHE  H  28.385  9.971  16.802  8.92
753  46  PHE  HA  30.812  9.475  15.81  4.5
754  46  PHE  HB2  29.878  11.764  17.188  176.49
755  46  PHE  HB3  31.39  11.593  16.848  8.91
756  46  PHE  HD1  28.301  12.366  15.434  28.94
757  46  PHE  HD2  32.158  11.817  14.529  25.23
758  46  PHE  HE1  27.933  13.262  13.34  29.61
759  46  PHE  HE2  31.805  12.756  12.467  42.61
760  46  PHE  HZ  29.703  13.426  11.83  106.85
761  47  VAL  N  32.162  8.813  17.668  6.7
762  47  VAL  CA  33.038  8.413  18.788  4.11
763  47  VAL  C  34.398  9.108  18.658  2.08
764  47  VAL  O  34.777  9.553  17.559  1.94
765  47  VAL  CB  33.252  6.89  18.857  1.23
766  47  VAL  CG1  31.899  6.168  19.012  1.64
767  47  VAL  CG2  34.014  6.359  17.684  1.78
768  47  VAL  H  32.538  8.732  16.899  9.46
769  47  VAL  HA  32.594  8.685  19.606  4.33
770  47  VAL  HB  33.797  6.712  19.639  3.14
771  47  VAL  HG11  32.046  5.21  19.054  5.89
772  47  VAL  HG12  31.465  6.464  19.827  3.65
773  47  VAL  HG13  31.333  6.374  18.252  3.86
774  47  VAL  HG21  34.121  5.399  17.775  117.03
775  47  VAL  HG22  33.528  6.553  16.867  62.65
776  47  VAL  HG23  34.887  6.78  17.648  179.87
777  48  PRO  N  35.192  9.179  19.722  43.51
778  48  PRO  CA  36.503  9.802  19.594  30.53
779  48  PRO  C  37.419  8.969  18.69  47.86
780  48  PRO  O  37.557  7.761  18.837  24.96
781  48  PRO  CB  37.009  9.796  21.024  118.16
782  48  PRO  CG  35.757  9.74  21.863  25.76
783  48  PRO  CD  34.912  8.789  21.127  9.26
784  48  PRO  HA  36.475  10.685  19.194  4.51
785  48  PRO  HB2  37.583  9.032  21.193  3.11
786  48  PRO  HB3  37.53  10.591  21.218  3
787  48  PRO  HG2  35.942  9.434  22.765  3.92
788  48  PRO  HG3  35.336  10.611  21.94  120.87
789  48  PRO  HD2  35.156  7.868  21.307  7.15
790  48  PRO  HD3  33.973  8.883  21.353  58.03
791  49  ALA  N  38.03  9.629  17.712  177.19
792  49  ALA  CA  38.926  8.984  16.767  124.87
793  49  ALA  C  40.077  8.243  17.473  56.41
794  49  ALA  O  40.506  7.175  17.033  180.56
795  49  ALA  CB  39.494  10.006  15.834  179.45
796  49  ALA  H  37.933  10.473  17.579  8.19
797  49  ALA  HA  38.408  8.328  16.275  4.69
798  49  ALA  HB1  40.092  9.573  15.204  4.48
799  49  ALA  HB2  38.773  10.439  15.35  1.9
800  49  ALA  HB3  39.986  10.67  16.342  1.9
801  50  ALA  N  40.593  8.831  18.54  54.51
802  50  ALA  CA  41.678  8.222  19.273  122.28
803  50  ALA  C  41.322  6.895  19.888  67.43
804  50  ALA  O  42.252  6.123  20.271  176.41
805  50  ALA  CB  42.149  9.159  20.383  8.82
806  50  ALA  H  40.326  9.586  18.854  8.55
807  50  ALA  HA  42.381  8.063  18.624  5.53
808  50  ALA  HB1  42.877  8.743  20.87  23.58
809  50  ALA  HB2  42.455  9.993  19.994  1.87
810  50  ALA  HB3  41.414  9.337  20.99  1.71
811  51  TYR  N  40.022  6.639  20.073  3.79
812  51  TYR  CA  39.56  5.442  20.77  6.8
813  51  TYR  C  39.3  4.275  19.852  2.08
814  51  TYR  O  38.869  3.213  20.305  10.62
815  51  TYR  CB  38.308  5.711  21.624  60.22
816  51  TYR  CG  38.448  6.653  22.807  119.09
817  51  TYR  CD1  39.591  7.402  23.015  59.79
818  51  TYR  CD2  37.391  6.847  23.649  178.62
819  51  TYR  CE1  39.677  8.29  24.068  116.07
820  51  TYR  CE2  37.456  7.751  24.695  29.86
821  51  TYR  CZ  38.601  8.445  24.905  27.13
822  51  TYR  OH  38.651  9.363  25.948  43.73
823  51  TYR  H  39.39  7.153  19.798  8.61
824  51  TYR  HA  40.296  5.2  21.354  63.44
825  51  TYR  HB2  37.619  6.066  21.04  2.06
826  51  TYR  HB3  37.986  4.859  21.958  7.35
827  51  TYR  HD1  40.313  7.306  22.437  8.23
828  51  TYR  HD2  36.609  6.361  23.517  4.09
829  51  TYR  HE1  40.456  8.778  24.209  1.99
830  51  TYR  HE2  36.72  7.881  25.249  2.1
831  51  TYR  HH  37.925  9.347  26.37  1.97
832  52  VAL  N  39.577  4.464  18.573  1.85
833  52  VAL  CA  39.421  3.367  17.615  3.27
834  52  VAL  C  40.698  3.263  16.785  3.27
835  52  VAL  O  41.477  4.196  16.702  40.91
836  52  VAL  CB  38.182  3.55  16.707  113.47
837  52  VAL  CG1  36.88  3.694  17.506  4.78
838  52  VAL  CG2  38.366  4.663  15.679  4.36
839  52  VAL  H  39.853  5.206  18.236  9.38
840  52  VAL  HA  39.275  2.543  18.106  5.55
841  52  VAL  HB  38.097  2.727  16.2  59.58
842  52  VAL  HG11  36.135  3.806  16.894  178.5
843  52  VAL  HG12  36.74  2.898  18.043  179.19
844  52  VAL  HG13  36.94  4.469  18.086  27.26
845  52  VAL  HG21  37.566  4.738  15.136  31.66
846  52  VAL  HG22  38.526  5.503  16.137  28.06
847  52  VAL  HG23  39.124  4.456  15.11  49.76
848  53  LYS  N  40.887  2.09  16.187  140.86
849  53  LYS  CA  42.036  1.789  15.361  2.38
850  53  LYS  C  41.555  1.254  14.026  8.23
851  53  LYS  O  40.902  0.22  13.977  4.2
852  53  LYS  CB  42.926  0.746  16.055  2.7
853  53  LYS  CG  44.175  0.37  15.268  3.72
854  53  LYS  CD  44.905  -0.762  15.957  3.82
855  53  LYS  CE  46.163  -1.151  15.199  117.61
856  53  LYS  NZ  46.806  -2.362  15.787  8
857  53  LYS  H  40.334  1.435  16.256  9.07
858  53  LYS  HA  42.557  2.595  15.222  4.79
859  53  LYS  HB2  43.193  1.089  16.922  177.88
860  53  LYS  HB3  42.403  -0.055  16.215  37.46
861  53  LYS  HG2  43.931  0.105  14.367  0.69
862  53  LYS  HG3  44.76  1.14  15.189  121.49
863  53  LYS  HD2  45.138  -0.497  16.86  132.46
864  53  LYS  HD3  44.318  -1.531  16.03  132.46
865  53  LYS  HE2  45.942  -1.32  14.27  132.66
866  53  LYS  HE3  46.791  -0.412  15.212  132.66
867  53  LYS  HZ1  47.538  -2.565  15.323  2.08
868  53  LYS  HZ2  47.027  -2.199  16.634  7.74
869  53  LYS  HZ3  46.237  -3.045  15.756  4.11
870  54  LYS  N  41.917  1.917  12.931  2.77
871  54  LYS  CA  41.639  1.37  11.609  2.44
872  54  LYS  C  42.296  0.002  11.407  7.35
873  54  LYS  O  43.486  -0.221  11.763  7.35
874  54  LYS  CB  42.191  2.3  10.547  6.06
875  54  LYS  CG  41.414  3.541  10.353  6.06
876  54  LYS  CD  41.955  4.282  9.131  25.86
877  54  LYS  CE  41.073  5.402  8.674  118.87
878  54  LYS  NZ  41.87  6.302  7.786  59.07
879  54  LYS  H  42.32  2.677  12.932  176.68
880  54  LYS  HA  40.676  1.277  11.536  3.88
881  54  LYS  HB2  43.102  2.536  10.782  1.19
882  54  LYS  HB3  42.231  1.822  9.704  1.34
883  54  LYS  HG2  40.475  3.332  10.229  0.29
884  54  LYS  HG3  41.478  4.103  11.141  0.6
885  54  LYS  HD2  42.834  4.636  9.339  2.08
886  54  LYS  HD3  42.068  3.651  8.403  2.23
887  54  LYS  HE2  40.304  5.052  8.197  7.94
888  54  LYS  HE3  40.733  5.896  9.437  3.62
889  54  LYS  HZ1  41.357  6.974  7.506  2.97
890  54  LYS  HZ2  42.564  6.627  8.239  2.97
891  54  LYS  HZ3  42.164  5.842  7.083  180.49
892  55  LEU  N  41.546  -0.925  10.807  61.18
893  55  LEU  CA  42.051  -2.285  10.575  17.76
894  55  LEU  C  42.646  -2.478  9.163  8.76
895  55  LEU  O  42.325  -1.733  8.237  116.79
896  55  LEU  CB  40.943  -3.314  10.858  54.01
897  55  LEU  CG  40.477  -3.359  12.311  178.87
898  55  LEU  CD1  39.381  -4.394  12.458  35.57
899  55  LEU  H  40.744  -0.789  10.527  7.74
900  55  LEU  HA  42.784  -2.427  11.194  2.73
901  55  LEU  HB2  40.181  -3.116  10.292  4.13
902  55  LEU  HB3  41.263  -4.194  10.605  1.62
903  55  LEU  HD11  39.085  -4.423  13.381  28.96
904  55  LEU  HD12  38.634  -4.158  11.886  35.26
905  55  LEU  HD13  39.722  -5.265  12.201  102.47
