1  1  SER  N  -8.908  6.214  -6.098  119.37
2  1  SER  CA  -9.237  6.222  -7.524  55.11
3  1  SER  C  -10.42  5.278  -7.725  173.08
4  1  SER  O  -10.215  4.063  -7.675  55.76
5  1  SER  CB  -7.999  5.816  -8.337  34.41
6  1  SER  OG  -6.866  6.507  -7.834  30.71
7  1  SER  HA  -9.489  7.124  -7.776  4.31
8  1  SER  HB2  -7.857  4.861  -8.249  1.79
9  1  SER  HB3  -8.138  6.026  -9.274  1.95
10  1  SER  HG  -6.227  6.403  -8.369  4.33
11  1  SER  H  -8.258  6.801  -5.94  64.53
12  1  SER  H2  -9.629  6.436  -5.626  3.97
13  1  SER  H3  -8.637  5.4  -5.86  2.11
14  2  PRO  N  -11.673  5.765  -7.833  2.11
15  2  PRO  CA  -12.851  4.897  -7.799  175.34
16  2  PRO  C  -13.16  4.38  -9.203  176.88
17  2  PRO  O  -14.295  4.367  -9.676  176.45
18  2  PRO  CB  -13.944  5.821  -7.259  179.98
19  2  PRO  CG  -13.597  7.164  -7.913  55.7
20  2  PRO  CD  -12.068  7.163  -7.925  124.81
21  2  PRO  HA  -12.701  4.132  -7.222  54.31
22  2  PRO  HB2  -14.84  5.524  -7.484  176.08
23  2  PRO  HB3  -13.862  5.899  -6.296  2.71
24  2  PRO  HG2  -13.931  7.185  -8.823  33.51
25  2  PRO  HG3  -13.949  7.914  -7.409  25.91
26  2  PRO  HD2  -11.749  7.554  -8.754  44.01
27  2  PRO  HD3  -11.733  7.658  -7.161  114.2
28  3  ASP  N  -12.142  3.787  -9.803  9.5
29  3  ASP  CA  -12.08  3.28  -11.164  41.27
30  3  ASP  C  -11.35  1.946  -11.238  179.77
31  3  ASP  O  -10.79  1.541  -12.261  9.64
32  3  ASP  CB  -11.362  4.343  -12.006  5.15
33  3  ASP  CG  -10.15  4.989  -11.323  1.55
34  3  ASP  OD1  -9.055  4.384  -11.31  1.55
35  3  ASP  OD2  -10.327  6.087  -10.739  1.34
36  3  ASP  H  -11.4  3.784  -9.368  1.2
37  3  ASP  HA  -12.975  3.161  -11.519  3.07
38  3  ASP  HB2  -11.106  3.926  -12.844  2.84
39  3  ASP  HB3  -12.02  5.034  -12.18  6.95
40  4  ALA  N  -11.533  1.205  -10.159  9.46
41  4  ALA  CA  -11.064  -0.143  -9.934  8.69
42  4  ALA  C  -12.272  -1.023  -10.28  4.38
43  4  ALA  O  -13.287  -0.932  -9.591  1.91
44  4  ALA  CB  -10.614  -0.328  -8.485  122.91
45  4  ALA  H  -12.031  1.6  -9.58  59.01
46  4  ALA  HA  -10.306  -0.309  -10.516  174.58
47  4  ALA  HB1  -11.35  -0.122  -7.888  175.46
48  4  ALA  HB2  -10.344  -1.252  -8.363  44.01
49  4  ALA  HB3  -9.866  0.266  -8.316  27.71
50  5  PRO  N  -12.205  -1.838  -11.335  17.81
51  5  PRO  CA  -13.313  -2.649  -11.803  26.05
52  5  PRO  C  -13.468  -3.916  -10.953  8.13
53  5  PRO  O  -12.902  -4.04  -9.854  5.28
54  5  PRO  CB  -12.959  -2.957  -13.259  1.46
55  5  PRO  CG  -11.433  -3.054  -13.241  62.2
56  5  PRO  CD  -11.022  -2.07  -12.147  173.63
57  5  PRO  HA  -14.15  -2.16  -11.769  8.51
58  5  PRO  HB2  -13.353  -3.779  -13.591  125.11
59  5  PRO  HB3  -13.241  -2.215  -13.816  60.91
60  5  PRO  HG2  -11.162  -3.948  -12.981  174.48
61  5  PRO  HG3  -11.05  -2.819  -14.1  4.4
62  5  PRO  HD2  -10.307  -2.446  -11.609  42.01
63  5  PRO  HD3  -10.729  -1.221  -12.514  28.11
64  6  THR  N  -14.274  -4.85  -11.454  17.51
65  6  THR  CA  -14.515  -6.184  -10.902  57.97
66  6  THR  C  -13.137  -6.818  -10.626  8.68
67  6  THR  O  -12.155  -6.456  -11.275  4.78
68  6  THR  CB  -15.373  -6.948  -11.936  1.57
69  6  THR  OG1  -16.47  -6.135  -12.33  121.14
70  6  THR  CG2  -15.949  -8.271  -11.424  16.16
71  6  THR  H  -14.715  -4.64  -12.162  175.67
72  6  THR  HA  -15.017  -6.101  -10.076  123.61
73  6  THR  HB  -14.826  -7.127  -12.717  53.21
74  6  THR  HG1  -16.362  -5.918  -13.134  174.98
75  6  THR  HG21  -16.518  -8.653  -12.11  55.6
76  6  THR  HG22  -15.236  -8.899  -11.231  41.91
77  6  THR  HG23  -16.479  -8.115  -10.627  23.81
78  7  CYS  N  -13.036  -7.844  -9.775  26.61
79  7  CYS  CA  -11.718  -8.374  -9.435  26.61
80  7  CYS  C  -11.295  -9.369  -10.52  8.35
81  7  CYS  O  -12.015  -10.34  -10.772  5.17
82  7  CYS  CB  -11.75  -9.054  -8.066  2
83  7  CYS  SG  -10.162  -9.753  -7.558  1.08
84  7  CYS  H  -13.722  -8.094  -9.32  1.12
85  7  CYS  HA  -11.095  -7.632  -9.382  120.45
86  7  CYS  HB2  -12.031  -8.417  -7.39  55.45
87  7  CYS  HB3  -12.403  -9.771  -8.081  120.92
88  8  PRO  N  -10.132  -9.132  -11.193  125.03
89  8  PRO  CA  -9.617  -9.996  -12.247  50.58
90  8  PRO  C  -9.044  -11.281  -11.647  174.67
91  8  PRO  O  -8.903  -11.416  -10.428  125.71
92  8  PRO  CB  -8.509  -9.175  -12.921  52.81
93  8  PRO  CG  -7.949  -8.343  -11.775  175.38
94  8  PRO  CD  -9.206  -8.022  -10.971  43
95  8  PRO  HA  -10.307  -10.206  -12.895  46.21
96  8  PRO  HB2  -7.819  -9.731  -13.316  26.71
97  8  PRO  HB3  -8.894  -8.584  -13.587  25.21
98  8  PRO  HG2  -7.341  -8.874  -11.238  24.51
99  8  PRO  HG3  -7.509  -7.542  -12.099  9.35
100  8  PRO  HD2  -8.967  -7.924  -10.036  4.89
101  8  PRO  HD3  -9.598  -7.198  -11.3  1.53
102  9  LYS  N  -8.702  -12.241  -12.509  1.32
103  9  LYS  CA  -8.063  -13.482  -12.075  1.42
104  9  LYS  C  -6.583  -13.271  -11.767  25.74
105  9  LYS  O  -5.993  -14.114  -11.101  4.59
106  9  LYS  CB  -8.225  -14.561  -13.152  9.21
107  9  LYS  CG  -9.647  -15.13  -13.174  113.32
108  9  LYS  CD  -9.756  -16.268  -14.191  58.6
109  9  LYS  CE  -11.101  -16.994  -14.113  172.93
110  9  LYS  NZ  -11.286  -17.687  -12.817  109.31
111  9  LYS  H  -8.85  -12.118  -13.347  44.91
112  9  LYS  HA  -8.482  -13.794  -11.258  174.68
113  9  LYS  HB2  -8.001  -14.196  -14.023  5.06
114  9  LYS  HB3  -7.608  -15.284  -12.955  8.97
115  9  LYS  HG2  -9.855  -15.466  -12.288  4.17
116  9  LYS  HG3  -10.278  -14.432  -13.411  4
117  9  LYS  HD2  -9.647  -15.898  -15.081  126.01
118  9  LYS  HD3  -9.044  -16.909  -14.043  50.51
119  9  LYS  HE2  -11.821  -16.36  -14.254  176.16
120  9  LYS  HE3  -11.133  -17.647  -14.829  55.02
121  9  LYS  HZ1  -11.999  -18.218  -12.861  17.11
122  9  LYS  HZ2  -10.567  -18.164  -12.599  8.85
123  9  LYS  HZ3  -11.435  -17.098  -12.167  4.7
124  10  GLN  N  -5.974  -12.183  -12.248  8.18
125  10  GLN  CA  -4.569  -11.873  -12.031  9.63
126  10  GLN  C  -4.259  -11.86  -10.544  5.23
127  10  GLN  O  -4.924  -11.186  -9.755  118.22
128  10  GLN  CB  -4.209  -10.54  -12.693  62.01
129  10  GLN  CG  -2.742  -10.123  -12.458  175.78
130  10  GLN  CD  -2.307  -8.975  -13.37  176.55
131  10  GLN  OE1  -2.702  -8.899  -14.534  35.41
132  10  GLN  NE2  -1.48  -8.067  -12.877  24.81
133  10  GLN  H  -6.434  -11.626  -12.715  22.94
134  10  GLN  HA  -4.041  -12.566  -12.458  3.45
135  10  GLN  HB2  -4.353  -10.662  -13.644  1.76
136  10  GLN  HB3  -4.801  -9.843  -12.371  1.39
137  10  GLN  HG2  -2.635  -9.851  -11.533  52.8
138  10  GLN  HG3  -2.162  -10.883  -12.62  179.23
139  10  GLN  HE21  -1.299  -8.036  -12.037  4.22
140  10  GLN  HE22  -1.284  -7.366  -13.335  21.4
141  11  CYS  N  -3.214  -12.596  -10.18  115.91
142  11  CYS  CA  -2.735  -12.705  -8.814  45.51
143  11  CYS  C  -1.206  -12.614  -8.885  173.88
144  11  CYS  O  -0.498  -13.592  -8.603  56.08
145  11  CYS  CB  -3.295  -14.009  -8.206  174.86
146  11  CYS  SG  -3.39  -14.165  -6.397  4.23
147  11  CYS  H  -2.836  -13.051  -10.804  38.99
148  11  CYS  HA  -3.065  -11.948  -8.305  8.22
149  11  CYS  HB2  -4.199  -14.139  -8.534  52.53
150  11  CYS  HB3  -2.779  -14.758  -8.543  44.09
151  12  ARG  N  -0.687  -11.47  -9.365  117.22
152  12  ARG  CA  0.745  -11.25  -9.575  159.76
153  12  ARG  C  1.092  -9.755  -9.6  8.22
154  12  ARG  O  0.225  -8.918  -9.836  4.37
155  12  ARG  CB  1.161  -11.947  -10.882  107.43
156  12  ARG  CG  2.684  -12.121  -11.012  57.49
157  12  ARG  CD  3.005  -13.391  -11.808  119.81
158  12  ARG  NE  4.447  -13.632  -11.965  53.61
159  12  ARG  CZ  5.308  -14.038  -11.026  176.38
160  12  ARG  NH1  4.941  -14.171  -9.755  43.1
161  12  ARG  NH2  6.561  -14.324  -11.36  19.81
162  12  ARG  H  -1.196  -10.796  -9.528  8.39
163  12  ARG  HA  1.209  -11.666  -8.831  4.38
164  12  ARG  HB2  0.752  -12.826  -10.903  3.78
165  12  ARG  HB3  0.819  -11.446  -11.639  3.82
166  12  ARG  HG2  3.062  -11.348  -11.459  8.55
167  12  ARG  HG3  3.078  -12.197  -10.129  104.51
168  12  ARG  HD2  2.611  -14.154  -11.358  45.21
169  12  ARG  HD3  2.607  -13.322  -12.69  175.28
170  12  ARG  HE  4.724  -13.615  -12.779  173.93
171  12  ARG  HH11  4.113  -14.16  -9.522  7.95
172  12  ARG  HH12  5.542  -14.196  -9.14  3.96
173  12  ARG  HH21  6.813  -14.35  -12.182  3.96
174  12  ARG  HH22  7.09  -14.702  -10.797  120.51
175  13  ARG  N  2.375  -9.443  -9.395  109.62
176  13  ARG  CA  2.975  -8.105  -9.35  129.6
177  13  ARG  C  3.977  -7.933  -10.499  129.6
178  13  ARG  O  4.531  -8.936  -10.968  30.11
179  13  ARG  CB  3.565  -7.923  -7.934  120.75
180  13  ARG  CG  4.668  -6.867  -7.733  65.62
181  13  ARG  CD  4.989  -6.755  -6.231  3.26
182  13  ARG  NE  6.421  -6.512  -5.961  2.33
183  13  ARG  CZ  7.332  -7.429  -5.598  8.23
184  13  ARG  NH1  6.999  -8.716  -5.525  3.91
185  13  ARG  NH2  8.576  -7.057  -5.309  1.85
186  13  ARG  H  2.923  -10.094  -9.274  8.3
187  13  ARG  HA  2.27  -7.45  -9.473  7.1
188  13  ARG  HB2  2.827  -7.699  -7.346  118.12
189  13  ARG  HB3  3.922  -8.774  -7.636  54.9
190  13  ARG  HG2  5.46  -7.154  -8.213  175.63
191  13  ARG  HG3  4.392  -5.999  -8.067  8.52
192  13  ARG  HD2  4.468  -6.026  -5.859  41.1
193  13  ARG  HD3  4.71  -7.566  -5.777  3.76
194  13  ARG  HE  6.651  -5.684  -5.982  178.17
195  13  ARG  HH11  6.205  -8.97  -5.736  65.73
196  13  ARG  HH12  7.549  -9.335  -5.293  60.16
197  13  ARG  HH21  8.862  -6.267  -5.492  46.91
198  13  ARG  HH22  9.185  -7.597  -5.031  177.28
199  14  THR  N  4.244  -6.695  -10.91  120.62
200  14  THR  CA  5.091  -6.279  -12.034  3.29
201  14  THR  C  5.875  -5  -11.68  3.85
202  14  THR  O  5.714  -4.448  -10.589  3.66
203  14  THR  CB  4.181  -6.068  -13.27  119.11
204  14  THR  OG1  2.981  -5.401  -12.922  66.91
205  14  THR  CG2  3.783  -7.404  -13.903  176.48
206  14  THR  H  3.811  -6.04  -10.558  7.98
207  14  THR  HA  5.746  -6.964  -12.242  4.27
208  14  THR  HB  4.652  -5.544  -13.937  117.44
209  14  THR  HG1  2.594  -5.183  -13.635  19.91
210  14  THR  HG21  3.277  -7.239  -14.714  8.25
211  14  THR  HG22  4.579  -7.909  -14.131  3.68
212  14  THR  HG23  3.233  -7.916  -13.289  4.29
213  15  GLY  N  6.756  -4.551  -12.581  122.22
214  15  GLY  CA  7.533  -3.308  -12.481  7.22
215  15  GLY  C  8.612  -3.303  -11.39  62.88
216  15  GLY  O  8.818  -4.31  -10.706  119.44
217  15  GLY  H  6.831  -5.007  -13.307  8.02
218  15  GLY  HA2  7.958  -3.154  -13.339  56.01
219  15  GLY  HA3  6.92  -2.574  -12.322  179.08
220  16  THR  N  9.337  -2.187  -11.237  34.74
221  16  THR  CA  10.342  -2.024  -10.181  26.41
222  16  THR  C  9.715  -1.38  -8.937  31.91
223  16  THR  O  8.552  -0.962  -8.944  27.05
224  16  THR  CB  11.569  -1.206  -10.645  8.61
225  16  THR  OG1  11.281  0.172  -10.723  8.33
226  16  THR  CG2  12.214  -1.685  -11.942  7.57
227  16  THR  H  9.179  -1.514  -11.748  4.46
228  16  THR  HA  10.669  -2.902  -9.93  4.31
229  16  THR  HB  12.242  -1.307  -9.954  1.76
230  16  THR  HG1  10.93  0.343  -11.467  2.95
231  16  THR  HG21  11.619  -1.548  -12.696  2.95
232  16  THR  HG22  13.035  -1.193  -12.098  69.88
233  16  THR  HG23  12.429  -2.628  -11.864  130.49
234  17  LEU  N  10.495  -1.278  -7.856  121.02
235  17  LEU  CA  10.077  -0.606  -6.634  54.91
236  17  LEU  C  9.91  0.886  -6.919  178.88
237  17  LEU  O  8.871  1.429  -6.564  26.91
238  17  LEU  CB  11.094  -0.911  -5.519  18.81
239  17  LEU  CG  10.679  -0.427  -4.112  9.11
240  17  LEU  CD1  11.379  -1.289  -3.05  3.8
241  17  LEU  CD2  11.054  1.04  -3.868  115.64
242  17  LEU  H  11.301  -1.576  -7.894  8.36
243  17  LEU  HA  9.204  -0.936  -6.369  4.21
244  17  LEU  HB2  11.192  -1.876  -5.49  1.7
245  17  LEU  HB3  11.961  -0.543  -5.75  1.76
246  17  LEU  HG  9.722  -0.537  -3.997  178.18
247  17  LEU  HD11  11.112  -2.216  -3.151  1.29
248  17  LEU  HD12  12.342  -1.221  -3.147  27.71
249  17  LEU  HD13  11.123  -0.994  -2.162  33.01
250  17  LEU  HD21  10.449  1.625  -4.351  175.53
251  17  LEU  HD22  10.977  1.253  -2.925  115.54
252  17  LEU  HD23  11.966  1.21  -4.15  112.1
253  18  GLN  N  10.871  1.538  -7.588  109.62
254  18  GLN  CA  10.764  2.949  -7.932  3.87
255  18  GLN  C  9.57  3.204  -8.849  1.89
256  18  GLN  O  8.782  4.104  -8.57  1.89
257  18  GLN  CB  12.052  3.443  -8.597  2.36
258  18  GLN  CG  13.227  3.513  -7.613  2.36
259  18  GLN  CD  14.378  4.397  -8.096  7.56
260  18  GLN  OE1  14.261  5.17  -9.042  6.67
261  18  GLN  NE2  15.516  4.345  -7.425  117.41
262  18  GLN  H  11.574  1.139  -7.881  8.37
263  18  GLN  HA  10.615  3.455  -7.118  176.98
264  18  GLN  HB2  12.284  2.881  -9.353  176.32
265  18  GLN  HB3  11.869  4.336  -8.928  37.91
266  18  GLN  HG2  12.899  3.888  -6.781  21.56
267  18  GLN  HG3  13.554  2.616  -7.44  7.79
268  18  GLN  HE21  15.634  3.811  -6.761  175.43
269  18  GLN  HE22  16.154  4.87  -7.664  57.81
270  19  SER  N  9.423  2.402  -9.91  114.42
271  19  SER  CA  8.318  2.504  -10.854  62.04
272  19  SER  C  6.984  2.552  -10.112  6.72
273  19  SER  O  6.211  3.499  -10.235  4.34
274  19  SER  CB  8.371  1.288  -11.786  3.36
275  19  SER  OG  9.581  1.279  -12.53  3.25
276  19  SER  H  10.001  1.781  -10.05  8.09
277  19  SER  HA  8.406  3.315  -11.379  4.32
278  19  SER  HB2  8.313  0.475  -11.26  3.71
279  19  SER  HB3  7.61  1.303  -12.387  3.75
280  19  SER  HG  9.353  1.209  -13.335  8.35
281  20  ASN  N  6.747  1.524  -9.299  120.71
282  20  ASN  CA  5.5  1.361  -8.583  65.81
283  20  ASN  C  5.324  2.418  -7.501  177.58
284  20  ASN  O  4.216  2.925  -7.401  1.49
285  20  ASN  CB  5.425  -0.064  -8.043  37.91
286  20  ASN  CG  5  -1.034  -9.12  29.21
287  20  ASN  OD1  3.88  -1.026  -9.621  18.21
288  20  ASN  ND2  5.919  -1.898  -9.444  176.35
289  20  ASN  H  7.36  0.929  -9.202  8.43
290  20  ASN  HA  4.772  1.482  -9.213  4.59
291  20  ASN  HB2  6.271  -0.31  -7.637  3.05
292  20  ASN  HB3  4.754  -0.157  -7.349  3.17
293  20  ASN  HD21  6.658  -1.736  -9.035  29.26
294  20  ASN  HD22  5.774  -2.594  -9.928  177.46
295  21  PHE  N  6.365  2.793  -6.741  120.52
296  21  PHE  CA  6.285  3.864  -5.733  59.21
297  21  PHE  C  5.765  5.158  -6.362  178.08
298  21  PHE  O  4.872  5.8  -5.812  29.25
299  21  PHE  CB  7.66  4.072  -5.06  32.81
300  21  PHE  CG  7.788  5.223  -4.068  36.11
301  21  PHE  CD1  8.086  6.528  -4.504  54.5
302  21  PHE  CD2  7.705  4.975  -2.688  175.13
303  21  PHE  CE1  8.256  7.567  -3.57  8.42
304  21  PHE  CE2  7.883  6.009  -1.751  3.94
305  21  PHE  CZ  8.144  7.312  -2.196  2.03
306  21  PHE  H  7.119  2.39  -6.835  8.2
307  21  PHE  HA  5.647  3.603  -5.051  4.32
308  21  PHE  HB2  7.906  3.249  -4.609  1.88
309  21  PHE  HB3  8.328  4.215  -5.749  1.97
310  21  PHE  HD1  8.186  6.712  -5.41  126.92
311  21  PHE  HD2  7.533  4.109  -2.397  54.3
312  21  PHE  HE1  8.473  8.426  -3.851  118.51
313  21  PHE  HE2  7.842  5.844  -0.837  59.21
314  21  PHE  HZ  8.261  7.998  -1.58  177.38
315  22  CYS  N  6.309  5.527  -7.52  122.12
316  22  CYS  CA  5.929  6.728  -8.247  32.61
317  22  CYS  C  4.542  6.61  -8.891  7.35
318  22  CYS  O  3.921  7.63  -9.193  119.79
319  22  CYS  CB  7.015  7.001  -9.282  58.33
320  22  CYS  SG  8.607  7.385  -8.493  7.67
321  22  CYS  H  6.927  5.034  -7.859  8.18
322  22  CYS  HA  5.901  7.473  -7.627  4.24
323  22  CYS  HB2  7.114  6.219  -9.847  1.53
324  22  CYS  HB3  6.731  7.742  -9.84  1.53
325  23  ALA  N  4.071  5.392  -9.165  122.72
326  23  ALA  CA  2.734  5.159  -9.688  2.86
327  23  ALA  C  1.708  5.328  -8.56  120.41
328  23  ALA  O  0.71  6.025  -8.735  58.61
329  23  ALA  CB  2.631  3.767  -10.321  178.08
330  23  ALA  H  4.579  4.717  -9.002  8.22
331  23  ALA  HA  2.554  5.818  -10.377  4.22
332  23  ALA  HB1  1.757  3.668  -10.731  24.71
333  23  ALA  HB2  3.313  3.667  -11.004  1.83
334  23  ALA  HB3  2.741  3.075  -9.65  1.96
335  24  SER  N  1.945  4.681  -7.417  116.92
336  24  SER  CA  1.049  4.659  -6.272  7.63
337  24  SER  C  0.847  6.051  -5.677  3.82
338  24  SER  O  1.813  6.76  -5.398  1.39
339  24  SER  CB  1.596  3.691  -5.214  1.11
340  24  SER  OG  2.986  3.822  -5.004  4.3
341  24  SER  H  2.669  4.222  -7.346  8.24
342  24  SER  HA  0.189  4.326  -6.572  4.66
343  24  SER  HB2  1.143  3.843  -4.37  3.76
344  24  SER  HB3  1.414  2.782  -5.499  3.76
345  24  SER  HG  3.224  4.612  -5.161  2.7
346  25  SER  N  -0.41  6.419  -5.421  7.95
347  25  SER  CA  -0.764  7.673  -4.776  6.55
348  25  SER  C  -0.65  7.547  -3.238  108.58
349  25  SER  O  -0.742  8.535  -2.509  112.71
350  25  SER  CB  -2.172  8.043  -5.254  58.51
351  25  SER  OG  -2.429  9.408  -5.078  176.78
352  25  SER  H  -1.058  5.875  -5.573  113.12
353  25  SER  HA  -0.149  8.357  -5.084  4.36
354  25  SER  HB2  -2.255  7.858  -6.203  174.83
355  25  SER  HB3  -2.836  7.524  -4.773  118.29
356  25  SER  HG  -1.924  9.843  -5.589  40.5
357  26  LEU  N  -0.427  6.333  -2.72  118.82
358  26  LEU  CA  -0.327  6.026  -1.301  6.48
359  26  LEU  C  0.871  5.118  -1.098  6.48
360  26  LEU  O  0.904  4.051  -1.71  131.1
361  26  LEU  CB  -1.592  5.274  -0.868  8.16
362  26  LEU  CG  -1.619  4.913  0.626  4.43
363  26  LEU  CD1  -1.434  6.11  1.565  3.15
364  26  LEU  CD2  -2.956  4.248  0.928  2.56
365  26  LEU  H  -0.335  5.664  -3.253  8.16
366  26  LEU  HA  -0.229  6.848  -0.796  4.49
367  26  LEU  HB2  -2.38  5.782  -1.117  2.61
368  26  LEU  HB3  -1.641  4.441  -1.362  2.45
369  26  LEU  HG  -0.918  4.27  0.816  6.65
370  26  LEU  HD11  -0.534  6.462  1.481  108.91
371  26  LEU  HD12  -2.067  6.813  1.352  47.71
372  26  LEU  HD13  -1.561  5.835  2.487  175.48
373  26  LEU  HD21  -3.054  3.432  0.413  119.64
374  26  LEU  HD22  -3.001  4.046  1.876  7.7
375  26  LEU  HD23  -3.696  4.836  0.708  4.5
376  27  VAL  N  1.816  5.49  -0.235  124.22
377  27  VAL  CA  2.965  4.651  0.089  121.91
378  27  VAL  C  3.197  4.725  1.595  57.41
379  27  VAL  O  3.51  5.799  2.121  9.33
380  27  VAL  CB  4.216  5.067  -0.712  9.57
381  27  VAL  CG1  5.326  4.016  -0.523  39.81
382  27  VAL  CG2  3.943  5.22  -2.216  28.31
383  27  VAL  H  1.753  6.244  0.173  7.96
384  27  VAL  HA  2.753  3.735  -0.15  4.51
385  27  VAL  HB  4.533  5.923  -0.383  1.28
386  27  VAL  HG11  5.047  3.286  0.051  4
387  27  VAL  HG12  5.568  3.632  -1.38  1.58
388  27  VAL  HG13  6.114  4.432  -0.141  43.7
389  27  VAL  HG21  3.607  4.379  -2.563  4.66
390  27  VAL  HG22  3.287  5.915  -2.384  2.13
391  27  VAL  HG23  4.757  5.459  -2.687  9.06
392  28  VAL  N  3.031  3.596  2.286  62.51
393  28  VAL  CA  3.177  3.465  3.735  176.08
394  28  VAL  C  3.724  2.075  4.092  1.43
395  28  VAL  O  3.839  1.191  3.244  32.11
396  28  VAL  CB  1.805  3.718  4.418  28.31
397  28  VAL  CG1  1.204  5.106  4.141  50.71
398  28  VAL  CG2  0.75  2.67  4.047  4.33
399  28  VAL  H  2.821  2.873  1.869  1.61
400  28  VAL  HA  3.815  4.115  4.069  4.42
401  28  VAL  HB  1.926  3.654  5.378  2.1
402  28  VAL  HG11  0.42  5.243  4.695  2.1
403  28  VAL  HG12  1.848  5.799  4.354  3.78
404  28  VAL  HG13  0.951  5.191  3.208  3.78
405  28  VAL  HG21  0.532  2.722  3.103  120.81
406  28  VAL  HG22  1.082  1.783  4.256  55.21
407  28  VAL  HG23  -0.043  2.833  4.581  174.68
408  29  THR  N  4.058  1.873  5.366  114.32
409  29  THR  CA  4.506  0.62  5.954  29.41
410  29  THR  C  3.626  0.405  7.198  32.71
411  29  THR  O  3.296  1.352  7.914  123.42
412  29  THR  CB  6.011  0.595  6.289  56
413  29  THR  OG1  6.452  1.839  6.778  175.23
414  29  THR  CG2  6.919  0.11  5.148  8.03
415  29  THR  H  3.988  2.526  5.921  8.19
416  29  THR  HA  4.324  -0.096  5.325  4.17
417  29  THR  HB  6.12  -0.039  7.015  4.05
418  29  THR  HG1  7.081  2.131  6.305  2.02
419  29  THR  HG21  6.793  0.655  4.356  2.02
420  29  THR  HG22  7.846  0.164  5.428  7.92
421  29  THR  HG23  6.717  -0.815  4.935  9.42
422  30  ALA  N  3.196  -0.828  7.459  121.92
423  30  ALA  CA  2.35  -1.115  8.61  59.11
424  30  ALA  C  2.423  -2.588  8.984  173.88
425  30  ALA  O  3.052  -3.379  8.288  124.21
426  30  ALA  CB  0.909  -0.688  8.324  35.61
427  30  ALA  H  3.446  -1.491  6.972  8.41
428  30  ALA  HA  2.657  -0.604  9.375  4.94
429  30  ALA  HB1  0.878  0.204  7.945  29.15
430  30  ALA  HB2  0.489  -1.308  7.707  2.9
431  30  ALA  HB3  0.437  -0.668  9.171  2.72
432  31  THR  N  1.767  -2.948  10.078  2.32
433  31  THR  CA  1.624  -4.308  10.568  4.15
434  31  THR  C  0.118  -4.548  10.629  1.61
435  31  THR  O  -0.637  -3.675  11.073  0.27
436  31  THR  CB  2.29  -4.428  11.946  120.91
437  31  THR  OG1  3.699  -4.279  11.844  54.11
438  31  THR  CG2  2.023  -5.784  12.608  176.48
439  31  THR  H  1.339  -2.351  10.525  7.52
440  31  THR  HA  2.015  -4.949  9.954  4.46
441  31  THR  HB  1.934  -3.713  12.497  175.93
442  31  THR  HG1  4.023  -4.525  12.579  8.71
443  31  THR  HG21  1.072  -5.912  12.751  5.81
444  31  THR  HG22  2.364  -6.506  12.057  3.87
445  31  THR  HG23  2.459  -5.813  13.474  3.87
446  32  VAL  N  -0.311  -5.706  10.136  119.42
447  32  VAL  CA  -1.71  -6.072  10.048  118.01
448  32  VAL  C  -2.199  -6.486  11.43  65.31
449  32  VAL  O  -1.745  -7.493  11.978  177.78
450  32  VAL  CB  -1.887  -7.201  9.019  61.31
451  32  VAL  CG1  -3.367  -7.595  8.924  62.31
452  32  VAL  CG2  -1.335  -6.768  7.651  109.69
453  32  VAL  H  0.262  -6.275  9.84  8.44
454  32  VAL  HA  -2.218  -5.301  9.75  3.96
455  32  VAL  HB  -1.382  -7.976  9.31  3.66
456  32  VAL  HG11  -3.503  -8.209  8.186  3.8
457  32  VAL  HG12  -3.658  -8.026  9.743  6.7
458  32  VAL  HG13  -3.917  -6.806  8.798  124.22
459  32  VAL  HG21  -1.527  -7.451  6.989  63.1
460  32  VAL  HG22  -1.731  -5.927  7.374  9.11
461  32  VAL  HG23  -0.371  -6.665  7.691  110.91
462  33  LYS  N  -3.114  -5.701  11.995  114.82
463  33  LYS  CA  -3.75  -6.004  13.262  174.28
464  33  LYS  C  -4.811  -7.069  13.011  20.9
465  33  LYS  O  -4.751  -8.137  13.614  9.76
466  33  LYS  CB  -4.361  -4.739  13.891  3.9
467  33  LYS  CG  -3.326  -3.663  14.271  3.9
468  33  LYS  CD  -2.491  -4.063  15.492  111.91
469  33  LYS  CE  -3.362  -4.022  16.755  57.31
470  33  LYS  NZ  -2.968  -5.038  17.755  178.18
471  33  LYS  H  -3.428  -5.042  11.54  7.61
472  33  LYS  HA  -3.093  -6.382  13.867  4.39
473  33  LYS  HB2  -5.004  -4.337  13.286  1.86
474  33  LYS  HB3  -4.859  -5.011  14.678  1.79
475  33  LYS  HG2  -2.736  -3.496  13.52  2.16
476  33  LYS  HG3  -3.791  -2.835  14.468  2.16
477  33  LYS  HD2  -2.108  -4.944  15.357  4.31
478  33  LYS  HD3  -1.76  -3.433  15.59  2.64
479  33  LYS  HE2  -3.298  -3.138  17.148  2.64
480  33  LYS  HE3  -4.285  -4.167  16.495  119.21
481  33  LYS  HZ1  -2.198  -4.815  18.142  59.41
482  33  LYS  HZ2  -3.595  -5.158  18.375  179.78
483  33  LYS  HZ3  -2.811  -5.818  17.356  1.31
484  34  SER  N  -5.732  -6.804  12.083  123.22
485  34  SER  CA  -6.861  -7.679  11.79  31.41
486  34  SER  C  -7.157  -7.694  10.292  125.02
487  34  SER  O  -6.569  -6.939  9.52  61.8
488  34  SER  CB  -8.074  -7.202  12.606  8.27
489  34  SER  OG  -7.78  -7.191  13.991  4.04
490  34  SER  H  -5.663  -6.087  11.614  8.72
491  34  SER  HA  -6.655  -8.59  12.051  4.64
492  34  SER  HB2  -8.317  -6.304  12.331  2.74
493  34  SER  HB3  -8.824  -7.796  12.448  3.09
494  34  SER  HG  -7.704  -6.387  14.222  178.02
495  35  MET  N  -8.052  -8.592  9.883  126.92
496  35  MET  CA  -8.572  -8.749  8.528  26.37
497  35  MET  C  -10.065  -8.994  8.682  121.51
498  35  MET  O  -10.451  -9.807  9.531  57.71
499  35  MET  CB  -7.899  -9.915  7.785  178.78
500  35  MET  CG  -6.54  -9.519  7.205  177.97
501  35  MET  SD  -5.458  -10.927  6.802  40.81
502  35  MET  CE  -5.969  -11.382  5.123  26.61
503  35  MET  H  -8.472  -9.047  10.479  8.6
504  35  MET  HA  -8.43  -7.925  8.037  4.47
505  35  MET  HB2  -7.788  -10.663  8.393  1.68
506  35  MET  HB3  -8.467  -10.208  7.055  1.62
507  35  MET  HG2  -6.7  -8.969  6.422  1.45
508  35  MET  HG3  -6.069  -8.981  7.86  1.45
509  35  MET  HE1  -5.503  -12.189  4.855  1.4
510  35  MET  HE2  -6.925  -11.543  5.103  172.93
511  35  MET  HE3  -5.74  -10.673  4.502  29.83
512  36  VAL  N  -10.877  -8.293  7.894  123.32
513  36  VAL  CA  -12.338  -8.33  7.956  175.5
514  36  VAL  C  -12.866  -8.39  6.52  31.68
515  36  VAL  O  -12.284  -7.765  5.637  111.62
516  36  VAL  CB  -12.843  -7.084  8.724  118.71
517  36  VAL  CG1  -14.363  -7.111  8.916  61.01
518  36  VAL  CG2  -12.193  -6.945  10.115  179.88
519  36  VAL  H  -10.531  -7.761  7.313  8.36
520  36  VAL  HA  -12.618  -9.129  8.429  4.45
521  36  VAL  HB  -12.62  -6.29  8.214  30.11
522  36  VAL  HG11  -14.631  -6.346  9.449  43.01
523  36  VAL  HG12  -14.808  -7.049  8.056  113.4
524  36  VAL  HG13  -14.638  -7.925  9.366  30.1
525  36  VAL  HG21  -12.307  -7.765  10.621  22.2
526  36  VAL  HG22  -11.248  -6.744  10.029  8.2
527  36  VAL  HG23  -12.601  -6.212  10.602  8.56
528  37  ARG  N  -13.921  -9.164  6.24  117.52
529  37  ARG  CA  -14.468  -9.248  4.887  1.58
530  37  ARG  C  -15.154  -7.936  4.519  1.58
531  37  ARG  O  -15.691  -7.252  5.386  1.63
532  37  ARG  CB  -15.443  -10.426  4.755  1.63
533  37  ARG  CG  -14.693  -11.761  4.822  2.44
534  37  ARG  CD  -15.659  -12.948  4.882  2.44
535  37  ARG  NE  -14.972  -14.201  4.535  8.75
536  37  ARG  CZ  -14.754  -14.654  3.295  7.21
537  37  ARG  NH1  -15.166  -13.969  2.231  8.58
538  37  ARG  NH2  -14.113  -15.803  3.12  55.68
539  37  ARG  H  -14.353  -9.552  6.874  8.68
540  37  ARG  HA  -13.726  -9.381  4.277  4.58
541  37  ARG  HB2  -16.123  -10.375  5.445  54.71
542  37  ARG  HB3  -15.888  -10.37  3.895  171.68
543  37  ARG  HG2  -14.133  -11.827  4.033  1.08
544  37  ARG  HG3  -14.124  -11.797  5.607  17.31
545  37  ARG  HD2  -16.007  -13.023  5.784  8.11
546  37  ARG  HD3  -16.406  -12.805  4.28  4.13
547  37  ARG  HE  -14.747  -14.684  5.21  42.26
548  37  ARG  HH11  -15.656  -13.267  2.313  26.27
549  37  ARG  HH12  -15.137  -14.315  1.444  24.23
550  37  ARG  HH21  -13.739  -16.207  3.781  122.71
551  37  ARG  HH22  -14.092  -16.188  2.351  54.61
552  38  GLU  N  -15.172  -7.636  3.225  108.92
553  38  GLU  CA  -15.715  -6.415  2.638  174.75
554  38  GLU  C  -16.565  -6.808  1.408  16.91
555  38  GLU  O  -16.642  -8.006  1.09  7.79
556  38  GLU  CB  -14.52  -5.511  2.277  4.19
557  38  GLU  CG  -13.85  -4.804  3.464  3.54
558  38  GLU  CD  -14.699  -3.79  4.254  8.06
559  38  GLU  OE1  -15.654  -3.198  3.696  3.63
560  38  GLU  OE2  -14.348  -3.501  5.422  119.11
561  38  GLU  H  -14.829  -8.173  2.648  8.52
562  38  GLU  HA  -16.29  -5.962  3.275  179.28
563  38  GLU  HB2  -13.847  -6.058  1.842  54.99
564  38  GLU  HB3  -14.768  -4.845  1.617  31.71
565  38  GLU  HG2  -13.514  -5.478  4.075  22.01
566  38  GLU  HG3  -13.088  -4.328  3.098  21.11
567  39  PRO  N  -17.258  -5.858  0.748  108.12
568  39  PRO  CA  -18.086  -6.111  -0.429  3.35
569  39  PRO  C  -17.325  -6.73  -1.609  2.16
570  39  PRO  O  -16.108  -6.578  -1.75  7.95
571  39  PRO  CB  -18.653  -4.743  -0.829  32.33
572  39  PRO  CG  -18.675  -3.969  0.478  27.23
573  39  PRO  CD  -17.404  -4.465  1.151  25.85
574  39  PRO  HA  -18.813  -6.696  -0.166  4.6
575  39  PRO  HB2  -18.049  -4.296  -1.442  54.06
576  39  PRO  HB3  -19.537  -4.813  -1.222  120.11
577  39  PRO  HG2  -18.655  -3.01  0.333  1.15
578  39  PRO  HG3  -19.448  -4.229  1.003  178.08
579  39  PRO  HD2  -16.656  -3.947  0.814  1.96
580  39  PRO  HD3  -17.474  -4.366  2.113  32.11
581  40  GLY  N  -18.074  -7.348  -2.525  124.92
582  40  GLY  CA  -17.541  -8.002  -3.712  28.81
583  40  GLY  C  -16.534  -9.073  -3.307  41.81
584  40  GLY  O  -16.737  -9.78  -2.315  114.52
585  40  GLY  H  -18.92  -7.412  -2.387  8.85
586  40  GLY  HA2  -18.267  -8.428  -4.194  4
587  40  GLY  HA3  -17.125  -7.341  -4.286  1.87
588  41  GLU  N  -15.456  -9.212  -4.075  115.42
589  41  GLU  CA  -14.357  -10.132  -3.78  1.45
590  41  GLU  C  -13.339  -9.464  -2.832  1.45
591  41  GLU  O  -12.191  -9.905  -2.723  1.63
592  41  GLU  CB  -13.749  -10.584  -5.128  1.63
593  41  GLU  CG  -12.84  -11.825  -5.105  2.91
594  41  GLU  CD  -13.559  -13.091  -4.643  2.91
595  41  GLU  OE1  -13.967  -13.172  -3.465  7.95
596  41  GLU  OE2  -13.687  -14.048  -5.438  4.34
597  41  GLU  H  -15.327  -8.659  -4.721  8.45
598  41  GLU  HA  -14.733  -10.897  -3.316  3.67
599  41  GLU  HB2  -14.478  -10.775  -5.739  1.85
600  41  GLU  HB3  -13.242  -9.845  -5.498  1.94
601  41  GLU  HG2  -12.508  -11.969  -6.005  2.14
602  41  GLU  HG3  -12.067  -11.676  -4.538  2.4
603  42  GLY  N  -13.746  -8.38  -2.163  117.12
604  42  GLY  CA  -12.915  -7.568  -1.303  7.98
605  42  GLY  C  -12.708  -8.117  0.104  4.29
606  42  GLY  O  -13.389  -9.03  0.581  4.02
607  42  GLY  H  -14.566  -8.128  -2.225  8.3
608  42  GLY  HA2  -12.047  -7.493  -1.729  123.62
609  42  GLY  HA3  -13.305  -6.682  -1.237  109.41
610  43  LEU  N  -11.73  -7.513  0.772  122.32
611  43  LEU  CA  -11.209  -7.827  2.088  174.58
612  43  LEU  C  -10.59  -6.533  2.622  173.67
613  43  LEU  O  -9.95  -5.809  1.866  7.75
614  43  LEU  CB  -10.17  -8.948  1.848  4.05
615  43  LEU  CG  -9.313  -9.501  2.999  3.85
616  43  LEU  CD1  -8.102  -8.627  3.33  113.81
617  43  LEU  CD2  -10.124  -9.813  4.254  57.11
618  43  LEU  H  -11.315  -6.87  0.379  7.97
619  43  LEU  HA  -11.939  -8.111  2.66  4.33
620  43  LEU  HB2  -10.66  -9.704  1.487  2.17
621  43  LEU  HB3  -9.564  -8.655  1.15  2.55
622  43  LEU  HG  -8.957  -10.346  2.683  7.61
623  43  LEU  HD11  -7.574  -9.046  4.027  4.38
624  43  LEU  HD12  -7.549  -8.512  2.541  3.99
625  43  LEU  HD13  -8.384  -7.753  3.641  3.99
626  43  LEU  HD21  -10.299  -8.991  4.739  7
627  43  LEU  HD22  -10.964  -10.237  4.019  7.98
628  43  LEU  HD23  -9.619  -10.405  4.834  59.81
629  44  ALA  N  -10.759  -6.217  3.902  119.42
630  44  ALA  CA  -10.146  -5.063  4.538  40.41
631  44  ALA  C  -9.046  -5.587  5.432  28.71
632  44  ALA  O  -9.179  -6.648  6.053  35.91
633  44  ALA  CB  -11.135  -4.263  5.393  120.04
634  44  ALA  H  -11.116  -6.784  4.441  8.27
635  44  ALA  HA  -9.767  -4.472  3.869  4.03
636  44  ALA  HB1  -10.647  -3.683  5.998  8.93
637  44  ALA  HB2  -11.682  -3.697  4.827  2.9
638  44  ALA  HB3  -11.697  -4.86  5.911  3.19
639  45  VAL  N  -7.978  -4.81  5.538  112.72
640  45  VAL  CA  -6.866  -5.115  6.408  2.32
641  45  VAL  C  -6.823  -3.961  7.399  2.32
642  45  VAL  O  -6.655  -2.813  6.987  119.71
643  45  VAL  CB  -5.604  -5.187  5.524  58.11
644  45  VAL  CG1  -4.348  -5.462  6.345  178.68
645  45  VAL  CG2  -5.715  -6.277  4.444  31.48
646  45  VAL  H  -7.937  -4.091  5.068  7.62
647  45  VAL  HA  -7.011  -5.955  6.871  4.34
648  45  VAL  HB  -5.488  -4.334  5.076  24.71
649  45  VAL  HG11  -3.566  -5.219  5.825  24.31
650  45  VAL  HG12  -4.343  -4.934  7.158  8.14
651  45  VAL  HG13  -4.311  -6.404  6.572  4.03
652  45  VAL  HG21  -4.899  -6.314  3.921  1.66
653  45  VAL  HG22  -5.877  -7.14  4.856  1.38
654  45  VAL  HG23  -6.445  -6.076  3.837  1.3
655  46  THR  N  -6.904  -4.243  8.693  119.82
656  46  THR  CA  -6.79  -3.217  9.719  8.11
657  46  THR  C  -5.304  -3.12  10.063  105.82
658  46  THR  O  -4.651  -4.149  10.266  44.31
659  46  THR  CB  -7.65  -3.57  10.946  175.09
660  46  THR  OG1  -8.885  -4.13  10.54  59.13
661  46  THR  CG2  -7.929  -2.323  11.789  106.61
662  46  THR  H  -7.006  -5.055  8.956  7.36
663  46  THR  HA  -7.094  -2.378  9.338  4.29
664  46  THR  HB  -7.183  -4.222  11.492  1.39
665  46  THR  HG1  -9.471  -3.94  11.112  7.78
666  46  THR  HG21  -8.429  -1.673  11.271  3.57
667  46  THR  HG22  -8.443  -2.567  12.575  3.28
668  46  THR  HG23  -7.095  -1.922  12.079  120.61
669  47  VAL  N  -4.761  -1.908  10.137  114.52
670  47  VAL  CA  -3.342  -1.661  10.36  179.48
671  47  VAL  C  -3.13  -0.541  11.397  33.4
672  47  VAL  O  -4.093  0.122  11.78  32.11
673  47  VAL  CB  -2.691  -1.311  9.009  25.31
674  47  VAL  CG1  -2.811  -2.426  7.962  29.21
675  47  VAL  CG2  -3.238  -0.009  8.404  41.81
676  47  VAL  H  -5.256  -1.215  10.015  7.11
677  47  VAL  HA  -2.933  -2.468  10.711  4.53
678  47  VAL  HB  -1.745  -1.186  9.184  3.92
679  47  VAL  HG11  -3.734  -2.54  7.686  1.87
680  47  VAL  HG12  -2.284  -2.198  7.181  1.87
681  47  VAL  HG13  -2.481  -3.261  8.328  1.36
682  47  VAL  HG21  -2.732  0.212  7.606  1.36
683  47  VAL  HG22  -4.173  -0.112  8.167  1.6
684  47  VAL  HG23  -3.145  0.723  9.034  1.6
685  48  SER  N  -1.879  -0.284  11.816  116.42
686  48  SER  CA  -1.543  0.701  12.843  2.9
687  48  SER  C  -0.379  1.613  12.439  8.73
688  48  SER  O  0.506  1.854  13.249  112.77
689  48  SER  CB  -1.321  -0.037  14.189  57.91
690  48  SER  OG  -1.422  0.807  15.323  116.71
691  48  SER  H  -1.244  -0.782  11.518  7.88
692  48  SER  HA  -2.314  1.274  12.978  4.32
693  48  SER  HB2  -2.001  -0.723  14.278  3.9
694  48  SER  HB3  -0.463  -0.49  14.177  3.9
695  48  SER  HG  -0.723  1.268  15.393  34.01
696  49  LEU  N  -0.306  2.01  11.16  122.12
697  49  LEU  CA  0.676  2.973  10.591  118.13
698  49  LEU  C  2.094  2.874  11.17  110.3
699  49  LEU  O  2.429  3.64  12.083  7.63
700  49  LEU  CB  0.209  4.428  10.541  4.15
701  49  LEU  CG  -0.784  4.795  9.42  2.1
702  49  LEU  CD1  -1.087  6.294  9.505  2.1
703  49  LEU  CD2  -0.22  4.474  8.025  2.5
704  49  LEU  H  -1.075  1.949  10.781  7.49
705  49  LEU  HA  0.794  2.684  9.672  4.55
706  49  LEU  HB2  -0.153  4.681  11.405  0.97
707  49  LEU  HB3  0.987  4.991  10.406  1.29
708  49  LEU  HG  -1.601  4.292  9.561  1.34
709  49  LEU  HD11  -1.74  6.539  8.831  178.68
710  49  LEU  HD12  -1.455  6.506  10.377  33.18
711  49  LEU  HD13  -0.279  6.812  9.365  19.41
712  49  LEU  HD21  0.687  4.809  7.945  8.17
713  49  LEU  HD22  -0.22  3.517  7.864  4.1
714  49  LEU  HD23  -0.761  4.895  7.339  177.09
715  50  ILE  N  2.918  1.933  10.705  124.42
716  50  ILE  CA  4.302  1.844  11.168  30.27
717  50  ILE  C  5.171  2.943  10.521  117.71
718  50  ILE  O  6.094  3.434  11.177  60.81
719  50  ILE  CB  4.848  0.417  10.927  177.38
720  50  ILE  CG1  4.059  -0.648  11.732  174.33
721  50  ILE  CG2  6.356  0.311  11.193  32.51
722  50  ILE  CD  4.201  -0.586  13.255  23.71
723  50  ILE  H  2.706  1.525  9.978  9.06
724  50  ILE  HA  4.308  2.009  12.124  5.2
725  50  ILE  HB  4.73  0.213  9.986  1.82
726  50  ILE  HG12  3.111  -0.567  11.546  7.93
727  50  ILE  HG13  4.337  -1.527  11.429  3.71
728  50  ILE  HG21  6.656  -0.608  11.117  2.04
729  50  ILE  HG22  6.844  0.848  10.549  1.82
730  50  ILE  HG23  6.568  0.643  12.079  1.37
731  50  ILE  HD11  5.247  -0.667  13.545  1.37
732  50  ILE  HD12  3.786  0.349  13.628  1.63
733  50  ILE  HD13  3.648  -1.416  13.691  1.63
734  51  GLY  N  4.898  3.349  9.276  118.82
735  51  GLY  CA  5.608  4.411  8.565  2.97
736  51  GLY  C  4.773  4.929  7.402  117.93
737  51  GLY  O  3.848  4.247  6.953  59.03
738  51  GLY  H  4.274  2.966  8.825  9.08
739  51  GLY  HA2  5.804  5.153  9.158  115.81
740  51  GLY  HA3  6.45  4.076  8.22  57.11
741  52  ALA  N  5.102  6.116  6.898  111.02
742  52  ALA  CA  4.438  6.764  5.779  120.52
743  52  ALA  C  5.464  7.546  4.96  39.81
744  52  ALA  O  6.417  8.1  5.514  174.23
745  52  ALA  CB  3.325  7.683  6.297  8.2
746  52  ALA  H  5.742  6.564  7.258  9.14
747  52  ALA  HA  4.039  6.085  5.213  5.56
748  52  ALA  HB1  3.708  8.391  6.838  4.34
749  52  ALA  HB2  2.854  8.077  5.546  2.6
750  52  ALA  HB3  2.694  7.175  6.831  2.6
751  53  TYR  N  5.252  7.596  3.643  124.02
752  53  TYR  CA  6.165  8.226  2.696  64.01
753  53  TYR  C  5.413  9.169  1.754  177.88
754  53  TYR  O  5.924  10.256  1.467  30.84
755  53  TYR  CB  6.931  7.15  1.903  38.31
756  53  TYR  CG  7.451  5.999  2.75  28.01
757  53  TYR  CD1  8.6  6.159  3.546  18.61
758  53  TYR  CD2  6.723  4.796  2.817  5.63
759  53  TYR  CE1  9.013  5.126  4.407  7.23
760  53  TYR  CE2  7.123  3.764  3.679  3.72
761  53  TYR  CZ  8.276  3.923  4.476  1.8
762  53  TYR  OH  8.658  2.919  5.31  122.95
763  53  TYR  H  4.571  7.178  3.325  9.33
764  53  TYR  HA  6.813  8.753  3.19  4.95
765  53  TYR  HB2  6.343  6.791  1.22  117.91
766  53  TYR  HB3  7.676  7.569  1.444  59.31
767  53  TYR  HD1  9.07  6.962  3.54  181.58
768  53  TYR  HD2  5.948  4.689  2.314  17.06
769  53  TYR  HE1  9.757  5.253  4.95  34.21
770  53  TYR  HE2  6.618  2.985  3.727  31.11
771  53  TYR  HH  9.411  3.099  5.636  172.35
772  54  LYS  N  4.229  8.772  1.272  116.92
773  54  LYS  CA  3.349  9.567  0.42  8.26
774  54  LYS  C  1.921  9.301  0.894  4.2
775  54  LYS  O  1.495  8.146  0.886  2.17
776  54  LYS  CB  3.563  9.14  -1.048  2.07
777  54  LYS  CG  2.555  9.771  -2.022  2.78
778  54  LYS  CD  2.593  9.115  -3.414  2.64
779  54  LYS  CE  3.69  9.662  -4.335  177.08
780  54  LYS  NZ  3.154  10.709  -5.228  7.62
781  54  LYS  H  3.901  8.017  1.52  8.79
782  54  LYS  HA  3.561  10.509  0.514  4.95
783  54  LYS  HB2  4.462  9.381  -1.323  56.81
784  54  LYS  HB3  3.477  8.175  -1.099  176.78
785  54  LYS  HG2  1.661  9.637  -1.67  0.9
786  54  LYS  HG3  2.716  10.725  -2.09  39.91
787  54  LYS  HD2  2.72  8.159  -3.313  28.78
788  54  LYS  HD3  1.731  9.243  -3.84  2.13
789  54  LYS  HE2  4.41  10.03  -3.799  2.1
790  54  LYS  HE3  4.039  8.936  -4.876  8.47
791  54  LYS  HZ1  3.047  11.481  -4.798  4.36
792  54  LYS  HZ2  3.705  10.854  -5.912  2.75
793  54  LYS  HZ3  2.371  10.478  -5.583  2.58
794  55  THR  N  1.183  10.347  1.253  126.22
795  55  THR  CA  -0.198  10.329  1.726  51.71
796  55  THR  C  -0.9  11.557  1.147  177.48
797  55  THR  O  -1.458  12.371  1.88  117.32
798  55  THR  CB  -0.233  10.243  3.267  18.91
799  55  THR  OG1  0.788  11.022  3.876  7.18
800  55  THR  CG2  -0.092  8.779  3.689  4.38
801  55  THR  H  1.541  11.129  1.256  8.45
802  55  THR  HA  -0.66  9.551  1.376  3.72
803  55  THR  HB  -1.094  10.549  3.591  2.58
804  55  THR  HG1  0.451  11.721  4.198  0.74
805  55  THR  HG21  0.76  8.421  3.395  45.51
806  55  THR  HG22  -0.15  8.704  4.654  173.48
807  55  THR  HG23  -0.815  8.264  3.298  9.48
808  56  GLY  N  -0.941  11.652  -0.179  129.32
809  56  GLY  CA  -1.498  12.791  -0.911  3.98
810  56  GLY  C  -3.009  12.732  -1.076  3.74
811  56  GLY  O  -3.521  13.107  -2.138  117.41
812  56  GLY  H  -0.626  11.006  -0.651  9.27
813  56  GLY  HA2  -1.268  13.612  -0.449  175.58
814  56  GLY  HA3  -1.084  12.83  -1.787  1.95
815  57  GLY  N  -3.718  12.222  -0.072  109.62
816  57  GLY  CA  -5.162  12.138  0.008  24.81
817  57  GLY  C  -5.715  11.952  1.427  28.31
818  57  GLY  O  -6.925  12.021  1.615  41.71
819  57  GLY  H  -3.281  11.947  0.616  7.83
820  57  GLY  HA2  -5.562  12.924  -0.397  7.24
821  57  GLY  HA3  -5.399  11.35  -0.506  4.45
822  58  LEU  N  -4.874  11.667  2.433  122.72
823  58  LEU  CA  -5.26  11.524  3.824  1.63
824  58  LEU  C  -4.921  12.774  4.598  1.31
825  58  LEU  O  -3.79  13.256  4.537  1.31
826  58  LEU  CB  -4.548  10.331  4.485  1.4
827  58  LEU  CG  -5.226  9.031  4.057  1.4
828  58  LEU  CD1  -4.218  7.881  3.947  3.02
829  58  LEU  CD2  -6.352  8.625  5.013  3.02
830  58  LEU  H  -4.025  11.597  2.317  8.74
831  58  LEU  HA  -6.219  11.379  3.85  5.08
832  58  LEU  HB2  -3.614  10.341  4.222  1.94
833  58  LEU  HB3  -4.595  10.41  5.451  1.86
834  58  LEU  HG  -5.612  9.207  3.185  54.91
835  58  LEU  HD11  -4.677  7.075  3.663  176.78
836  58  LEU  HD12  -3.542  8.103  3.287  1.73
837  58  LEU  HD13  -3.795  7.727  4.806  41.11
838  58  LEU  HD21  -6.781  7.814  4.698  26.21
839  58  LEU  HD22  -6.005  8.485  5.908  26.11
840  58  LEU  HD23  -7.023  9.325  5.043  22.61
841  59  ASP  N  -5.901  13.289  5.323  122.12
842  59  ASP  CA  -5.752  14.427  6.213  4.25
843  59  ASP  C  -5.267  13.84  7.539  1.78
844  59  ASP  O  -5.999  13.756  8.522  1.41
845  59  ASP  CB  -7.056  15.239  6.315  1.79
846  59  ASP  CG  -8.231  14.518  6.983  4.72
847  59  ASP  OD1  -8.64  13.456  6.465  36.3
848  59  ASP  OD2  -8.731  14.981  8.039  2.73
849  59  ASP  H  -6.664  12.894  5.345  8.64
850  59  ASP  HA  -5.07  15.029  5.877  4.42
851  59  ASP  HB2  -6.848  16.047  6.809  4.57
852  59  ASP  HB3  -7.328  15.501  5.422  121.21
853  60  LEU  N  -4.035  13.319  7.543  125.02
854  60  LEU  CA  -3.449  12.696  8.727  173.78
855  60  LEU  C  -3.42  13.71  9.882  46.69
856  60  LEU  O  -3.362  14.919  9.628  31.31
857  60  LEU  CB  -2.037  12.171  8.407  23.51
858  60  LEU  CG  -1.997  10.898  7.54  22.01
859  60  LEU  CD1  -0.54  10.548  7.221  8.82
860  60  LEU  CD2  -2.656  9.691  8.223  3.78
861  60  LEU  H  -3.567  13.407  6.827  8.62
862  60  LEU  HA  -4.024  11.962  8.995  4.29
863  60  LEU  HB2  -1.552  12.88  7.957  1.74
864  60  LEU  HB3  -1.574  11.988  9.239  1.8
865  60  LEU  HG  -2.454  11.065  6.701  36.01
866  60  LEU  HD11  -0.023  10.471  8.038  27.84
867  60  LEU  HD12  -0.497  9.705  6.744  43.15
868  60  LEU  HD13  -0.153  11.242  6.665  118.11
869  60  LEU  HD21  -2.251  9.536  9.091  63.01
870  60  LEU  HD22  -3.607  9.847  8.335  174.68
871  60  LEU  HD23  -2.549  8.898  7.674  58.4
872  61  PRO  N  -3.463  13.25  11.145  124.92
873  61  PRO  CA  -3.511  14.143  12.296  121.69
874  61  PRO  C  -2.227  14.977  12.416  22.01
875  61  PRO  O  -1.26  14.786  11.674  7.2
876  61  PRO  CB  -3.793  13.237  13.503  4.02
877  61  PRO  CG  -3.289  11.86  13.077  4.17
878  61  PRO  CD  -3.503  11.855  11.566  2.17
879  61  PRO  HA  -4.259  14.751  12.188  4.7
880  61  PRO  HB2  -3.346  13.536  14.31  1.44
881  61  PRO  HB3  -4.75  13.189  13.652  2.16
882  61  PRO  HG2  -2.342  11.784  13.272  2.11
883  61  PRO  HG3  -3.782  11.146  13.511  2.11
884  61  PRO  HD2  -2.805  11.333  11.14  177.78
885  61  PRO  HD3  -4.374  11.483  11.358  123.73
886  62  SER  N  -2.242  15.94  13.341  41.01
887  62  SER  CA  -1.1  16.791  13.648  175.02
888  62  SER  C  0.128  15.912  13.926  21.3
889  62  SER  O  1.127  16.082  13.218  32.45
890  62  SER  CB  -1.498  17.76  14.765  8.85
891  62  SER  OG  -0.402  18.47  15.315  4.25
892  62  SER  H  -2.927  16.004  13.857  2.65
893  62  SER  HA  -0.905  17.311  12.853  4.23
894  62  SER  HB2  -2.142  18.395  14.414  1.94
895  62  SER  HB3  -1.925  17.26  15.478  2.24
896  62  SER  HG  -0.15  19.029  14.741  178.98
897  63  PRO  N  0.131  15.013  14.931  111.02
898  63  PRO  CA  1.262  14.116  15.121  28.91
899  63  PRO  C  1.249  13.118  13.956  36.21
900  63  PRO  O  0.177  12.658  13.56  121.89
901  63  PRO  CB  1.027  13.424  16.465  57.83
902  63  PRO  CG  -0.494  13.437  16.592  70.28
903  63  PRO  CD  -0.871  14.779  15.965  9.32
904  63  PRO  HA  2.084  14.63  15.161  3.85
905  63  PRO  HB2  1.383  12.522  16.485  1.97
906  63  PRO  HB3  1.415  13.956  17.177  1.97
907  63  PRO  HG2  -0.878  12.707  16.082  2.27
908  63  PRO  HG3  -0.777  13.379  17.518  2.27
909  63  PRO  HD2  -1.773  14.739  15.612  116.71
910  63  PRO  HD3  -0.807  15.478  16.635  57.11
911  64  PRO  N  2.41  12.768  13.389  119.22
912  64  PRO  CA  2.499  11.81  12.29  4.8
913  64  PRO  C  2.194  10.367  12.745  41.81
914  64  PRO  O  1.522  10.108  13.75  26.91
915  64  PRO  CB  3.918  12.002  11.718  24.61
916  64  PRO  CG  4.724  12.469  12.928  22.41
917  64  PRO  CD  3.716  13.356  13.66  6.95
918  64  PRO  HA  1.858  12.051  11.603  4.36
919  64  PRO  HB2  4.32  11.217  11.314  2.03
920  64  PRO  HB3  3.892  12.71  11.055  2.3
921  64  PRO  HG2  4.946  11.705  13.482  2.16
922  64  PRO  HG3  5.522  12.957  12.671  2.16
923  64  PRO  HD2  3.905  13.371  14.611  172.51
924  64  PRO  HD3  3.737  14.257  13.301  6.03
925  65  THR  N  2.708  9.425  11.957  105.72
926  65  THR  CA  2.588  7.986  12.007  27.81
927  65  THR  C  2.517  7.453  13.448  18.71
928  65  THR  O  3.333  7.794  14.31  115.11
929  65  THR  CB  3.847  7.509  11.275  65.51
930  65  THR  OG1  3.715  7.898  9.921  177.48
931  65  THR  CG2  4.146  6.025  11.341  7.47
932  65  THR  H  3.168  9.699  11.284  7.91
933  65  THR  HA  1.797  7.71  11.518  22.31
934  65  THR  HB  4.607  7.975  11.658  21.71
935  65  THR  HG1  4.476  7.858  9.567  7.09
936  65  THR  HG21  3.566  5.537  10.736  3.45
937  65  THR  HG22  5.078  5.902  11.1  1.99
938  65  THR  HG23  4.053  5.686  12.245  2.7
939  66  GLY  N  1.555  6.547  13.666  118.52
940  66  GLY  CA  1.241  5.932  14.945  27.71
941  66  GLY  C  -0.267  5.93  15.173  18.95
942  66  GLY  O  -0.714  6.11  16.301  7.11
943  66  GLY  H  1.101  6.269  12.991  8.51
944  66  GLY  HA2  1.577  5.022  14.957  119.71
945  66  GLY  HA3  1.667  6.437  15.655  66.21
946  67  ALA  N  -1.057  5.768  14.104  123.02
947  67  ALA  CA  -2.516  5.816  14.082  7.29
948  67  ALA  C  -3.031  4.601  13.314  38.51
949  67  ALA  O  -2.262  3.933  12.617  30.81
950  67  ALA  CB  -2.961  7.121  13.414  17.51
951  67  ALA  H  -0.703  5.501  13.367  9.1
952  67  ALA  HA  -2.874  5.784  14.983  5.2
953  67  ALA  HB1  -2.604  7.882  13.898  3.4
954  67  ALA  HB2  -2.65  7.155  12.496  2.19
955  67  ALA  HB3  -3.929  7.18  13.418  26.21
956  68  SER  N  -4.325  4.313  13.409  126.32
957  68  SER  CA  -4.9  3.133  12.783  8.41
958  68  SER  C  -5.667  3.478  11.505  119.01
959  68  SER  O  -6.258  4.552  11.367  55.11
960  68  SER  CB  -5.777  2.426  13.82  177.98
961  68  SER  OG  -6.922  3.185  14.18  7.17
962  68  SER  H  -4.838  4.82  13.878  9.27
963  68  SER  HA  -4.176  2.541  12.527  4.86
964  68  SER  HB2  -6.057  1.566  13.468  3.95
965  68  SER  HB3  -5.246  2.268  14.616  8.64
966  68  SER  HG  -6.705  3.993  14.256  29.33
967  69  LEU  N  -5.681  2.532  10.566  123.62
968  69  LEU  CA  -6.397  2.628  9.301  117.71
969  69  LEU  C  -6.92  1.244  8.919  57.31
970  69  LEU  O  -6.558  0.239  9.541  179.48
971  69  LEU  CB  -5.432  3.132  8.205  7.96
972  69  LEU  CG  -5.104  4.637  8.274  42.41
973  69  LEU  CD1  -3.94  4.982  7.339  25.81
974  69  LEU  CD2  -6.302  5.503  7.886  24.31
975  69  LEU  H  -5.297  1.779  10.725  8.8
976  69  LEU  HA  -7.145  3.24  9.385  5.07
977  69  LEU  HB2  -4.607  2.626  8.273  3.93
978  69  LEU  HB3  -5.814  2.94  7.334  1.62
979  69  LEU  HG  -4.832  4.858  9.179  1.62
980  69  LEU  HD11  -3.698  5.913  7.464  1.57
981  69  LEU  HD12  -3.175  4.425  7.552  175.07
982  69  LEU  HD13  -4.187  4.854  6.41  30.73
983  69  LEU  HD21  -7.021  5.383  8.526  64.01
984  69  LEU  HD22  -6.048  6.439  7.898  8.58
985  69  LEU  HD23  -6.618  5.27  6.999  10.24
986  70  LYS  N  -7.756  1.196  7.886  119.72
987  70  LYS  CA  -8.31  0.002  7.264  118.71
988  70  LYS  C  -7.977  0.182  5.795  67.11
989  70  LYS  O  -8.425  1.167  5.216  176.88
990  70  LYS  CB  -9.831  -0.121  7.399  123.07
991  70  LYS  CG  -10.337  -0.677  8.732  30.91
992  70  LYS  CD  -11.871  -0.803  8.703  20.11
993  70  LYS  CE  -12.407  -1.831  7.685  23.21
994  70  LYS  NZ  -13.865  -1.714  7.47  7.82
995  70  LYS  H  -7.985  1.932  7.504  9.35
996  70  LYS  HA  -7.887  -0.794  7.623  5.31
997  70  LYS  HB2  -10.236  0.745  7.238  115.21
998  70  LYS  HB3  -10.119  -0.721  6.693  31.93
999  70  LYS  HG2  -9.941  -1.548  8.895  0.83
1000  70  LYS  HG3  -10.08  -0.076  9.449  2.83
1001  70  LYS  HD2  -12.165  -1.065  9.59  68.88
1002  70  LYS  HD3  -12.244  0.07  8.504  1.26
1003  70  LYS  HE2  -11.983  -1.687  6.825  117.61
1004  70  LYS  HE3  -12.195  -2.727  7.991  60.61
1005  70  LYS  HZ1  -14.131  -2.265  6.824  179.08
1006  70  LYS  HZ2  -14.324  -1.853  8.22  1.84
1007  70  LYS  HZ3  -14.071  -0.895  7.191  32.11
1008  71  PHE  N  -7.138  -0.677  5.22  114.82
1009  71  PHE  CA  -6.842  -0.61  3.792  29.51
1010  71  PHE  C  -7.869  -1.48  3.088  41.41
1011  71  PHE  O  -7.969  -2.672  3.39  31.91
1012  71  PHE  CB  -5.401  -1.014  3.434  8.33
1013  71  PHE  CG  -4.357  0.058  3.733  3.51
1014  71  PHE  CD1  -4.331  0.742  4.967  1.66
1015  71  PHE  CD2  -3.467  0.461  2.718  1.66
1016  71  PHE  CE1  -3.55  1.9  5.122  1.05
1017  71  PHE  CE2  -2.655  1.594  2.89  1.05
1018  71  PHE  CZ  -2.766  2.37  4.058  1.5
1019  71  PHE  H  -6.896  -1.364  5.678  8.9
1020  71  PHE  HA  -6.965  0.302  3.485  5
1021  71  PHE  HB2  -5.147  -1.871  3.81  3.5
1022  71  PHE  HB3  -5.421  -1.143  2.473  3.64
1023  71  PHE  HD1  -4.876  0.48  5.674  174.46
1024  71  PHE  HD2  -3.452  0.017  1.901  60.88
1025  71  PHE  HE1  -3.594  2.384  5.915  115.91
1026  71  PHE  HE2  -2.105  1.87  2.192  58.51
1027  71  PHE  HZ  -2.357  3.203  4.111  178.38
1028  72  TYR  N  -8.645  -0.87  2.193  124.52
1029  72  TYR  CA  -9.668  -1.541  1.413  29.41
1030  72  TYR  C  -8.989  -2.31  0.28  32.61
1031  72  TYR  O  -8.431  -1.673  -0.612  120.69
1032  72  TYR  CB  -10.643  -0.49  0.849  69.12
1033  72  TYR  CG  -11.889  -1.108  0.232  118.72
1034  72  TYR  CD1  -12.929  -1.538  1.079  7.33
1035  72  TYR  CD2  -12.01  -1.278  -1.163  3.93
1036  72  TYR  CE1  -14.08  -2.14  0.541  1.91
1037  72  TYR  CE2  -13.167  -1.865  -1.71  1.91
1038  72  TYR  CZ  -14.205  -2.303  -0.857  2.26
1039  72  TYR  OH  -15.335  -2.864  -1.369  2.13
1040  72  TYR  H  -8.518  -0.032  2.049  9.25
1041  72  TYR  HA  -10.152  -2.15  1.993  4.1
1042  72  TYR  HB2  -10.916  0.109  1.561  2.13
1043  72  TYR  HB3  -10.191  0.075  0.203  0.96
1044  72  TYR  HD1  -12.857  -1.425  1.999  0.8
1045  72  TYR  HD2  -11.335  -0.992  -1.735  0.8
1046  72  TYR  HE1  -14.759  -2.426  1.108  41.11
1047  72  TYR  HE2  -13.251  -1.944  -2.633  112.2
1048  72  TYR  HH  -15.263  -3.071  -2.18  3.45
1049  73  VAL  N  -9.029  -3.642  0.269  125.42
1050  73  VAL  CA  -8.469  -4.446  -0.814  7.37
1051  73  VAL  C  -9.674  -4.991  -1.59  7.42
1052  73  VAL  O  -10.401  -5.819  -1.051  4.24
1053  73  VAL  CB  -7.572  -5.587  -0.26  1.78
1054  73  VAL  CG1  -6.65  -6.122  -1.363  1.68
1055  73  VAL  CG2  -6.7  -5.182  0.944  1.63
1056  73  VAL  H  -9.433  -4.084  0.886  9.23
1057  73  VAL  HA  -7.919  -3.885  -1.383  3.94
1058  73  VAL  HB  -8.128  -6.326  0.032  1.51
1059  73  VAL  HG11  -7.165  -6.348  -2.153  7.25
1060  73  VAL  HG12  -5.988  -5.455  -1.604  0.78
1061  73  VAL  HG13  -6.197  -6.923  -1.056  1.42
1062  73  VAL  HG21  -6.165  -4.402  0.729  8.88
1063  73  VAL  HG22  -7.265  -4.977  1.705  8.27
1064  73  VAL  HG23  -6.117  -5.918  1.19  111.41
1065  74  PRO  N  -9.921  -4.604  -2.852  107.22
1066  74  PRO  CA  -11.069  -5.102  -3.607  175.48
1067  74  PRO  C  -10.867  -6.541  -4.134  57.37
1068  74  PRO  O  -11.784  -7.095  -4.743  37.01
1069  74  PRO  CB  -11.286  -4.066  -4.714  25.81
1070  74  PRO  CG  -9.888  -3.516  -4.968  15.71
1071  74  PRO  CD  -9.23  -3.562  -3.589  25.69
1072  74  PRO  HA  -11.855  -5.105  -3.039  8.17
1073  74  PRO  HB2  -11.67  -4.451  -5.517  4.55
1074  74  PRO  HB3  -11.853  -3.352  -4.383  1.58
1075  74  PRO  HG2  -9.422  -4.114  -5.573  4.43
1076  74  PRO  HG3  -9.916  -2.615  -5.327  177.35
1077  74  PRO  HD2  -8.288  -3.774  -3.677  8.91
1078  74  PRO  HD3  -9.349  -2.712  -3.137  120.81
1079  75  CYS  N  -9.705  -7.162  -3.888  120.72
1080  75  CYS  CA  -9.377  -8.531  -4.268  178.28
1081  75  CYS  C  -8.724  -9.262  -3.09  123.62
1082  75  CYS  O  -7.582  -8.978  -2.741  18.51
1083  75  CYS  CB  -8.382  -8.507  -5.439  6.84
1084  75  CYS  SG  -9.035  -8.12  -7.081  4.29
1085  75  CYS  H  -9.117  -6.749  -3.416  8.21
1086  75  CYS  HA  -10.179  -9.006  -4.538  4.75
1087  75  CYS  HB2  -7.676  -7.875  -5.23  7.96
1088  75  CYS  HB3  -7.961  -9.379  -5.499  116.01
1089  76  LYS  N  -9.382  -10.278  -2.528  119.52
1090  76  LYS  CA  -8.815  -11.102  -1.447  178.28
1091  76  LYS  C  -7.758  -12.108  -1.924  58.28
1092  76  LYS  O  -7.196  -12.837  -1.104  29.11
1093  76  LYS  CB  -9.967  -11.822  -0.707  33.91
1094  76  LYS  CG  -10.445  -13.082  -1.458  33.29
1095  76  LYS  CD  -11.811  -13.615  -1.013  22.49
1096  76  LYS  CE  -12.03  -14.97  -1.708  112.7
1097  76  LYS  NZ  -13.457  -15.296  -1.892  7.17
1098  76  LYS  H  -10.214  -10.368  -2.724  8.11
1099  76  LYS  HA  -8.355  -10.498  -0.843  4.47
1100  76  LYS  HB2  -9.663  -12.08  0.177  2.47
1101  76  LYS  HB3  -10.707  -11.204  -0.601  3.19
1102  76  LYS  HG2  -10.502  -12.885  -2.406  2.66
1103  76  LYS  HG3  -9.787  -13.783  -1.332  7.3
1104  76  LYS  HD2  -11.839  -13.728  -0.05  6.8
1105  76  LYS  HD3  -12.491  -12.976  -1.279  121.31
1106  76  LYS  HE2  -11.628  -14.931  -2.59  6.76
1107  76  LYS  HE3  -11.588  -15.669  -1.202  177.78
1108  76  LYS  HZ1  -13.596  -16.117  -2.205  171.98
1109  76  LYS  HZ2  -13.875  -15.2  -1.112  29.51
1110  76  LYS  HZ3  -13.854  -14.698  -2.418  35.81
1111  77  GLN  N  -7.551  -12.219  -3.236  117.52
1112  77  GLN  CA  -6.641  -13.192  -3.824  21.01
1113  77  GLN  C  -5.19  -12.719  -3.696  7.97
1114  77  GLN  O  -4.348  -13.453  -3.179  8.91
1115  77  GLN  CB  -6.997  -13.426  -5.308  3.98
1116  77  GLN  CG  -8.419  -13.951  -5.587  2.07
1117  77  GLN  CD  -8.626  -15.428  -5.227  2.07
1118  77  GLN  OE1  -8.467  -15.85  -4.081  2.36
1119  77  GLN  NE2  -8.997  -16.252  -6.19  2.36
1120  77  GLN  H  -7.967  -11.67  -3.751  7.82
1121  77  GLN  HA  -6.726  -14.032  -3.346  4.68
1122  77  GLN  HB2  -6.889  -12.588  -5.784  1.76
1123  77  GLN  HB3  -6.362  -14.056  -5.683  1.76
1124  77  GLN  HG2  -9.075  -13.415  -5.114  1.29
1125  77  GLN  HG3  -8.587  -13.836  -6.535  1.35
1126  77  GLN  HE21  -9.057  -15.981  -7.004  118.72
1127  77  GLN  HE22  -9.161  -17.082  -6.035  27.63
1128  78  CYS  N  -4.918  -11.496  -4.161  112.12
1129  78  CYS  CA  -3.608  -10.857  -4.239  4.4
1130  78  CYS  C  -3.759  -9.325  -4.212  2.92
1131  78  CYS  O  -4.868  -8.848  -4.464  2.76
1132  78  CYS  CB  -2.907  -11.265  -5.547  117.51
1133  78  CYS  SG  -2.055  -12.862  -5.592  60.21
1134  78  CYS  H  -5.574  -10.957  -4.301  8.93
1135  78  CYS  HA  -3.083  -11.159  -3.481  4.22
1136  78  CYS  HB2  -3.571  -11.242  -6.254  28.21
1137  78  CYS  HB3  -2.248  -10.592  -5.78  7.8
1138  79  PRO  N  -2.676  -8.551  -3.979  108.32
1139  79  PRO  CA  -1.318  -9.013  -3.663  5.07
1140  79  PRO  C  -1.308  -9.746  -2.309  3.14
1141  79  PRO  O  -2.17  -9.48  -1.467  3.14
1142  79  PRO  CB  -0.441  -7.758  -3.712  8.17
1143  79  PRO  CG  -1.416  -6.661  -3.282  121.41
1144  79  PRO  CD  -2.72  -7.096  -3.948  59.41
1145  79  PRO  HA  -1  -9.618  -4.351  177.18
1146  79  PRO  HB2  0.354  -7.825  -3.16  174.81
1147  79  PRO  HB3  -0.175  -7.59  -4.629  29.91
1148  79  PRO  HG2  -1.522  -6.674  -2.318  26.91
1149  79  PRO  HG3  -1.135  -5.785  -3.589  43.11
1150  79  PRO  HD2  -3.484  -6.776  -3.443  17.94
1151  79  PRO  HD3  -2.756  -6.757  -4.856  9.23
1152  80  PRO  N  -0.387  -10.701  -2.091  106.42
1153  80  PRO  CA  -0.37  -11.507  -0.877  7.49
1154  80  PRO  C  -0.003  -10.675  0.35  7.69
1155  80  PRO  O  0.917  -9.853  0.312  4.05
1156  80  PRO  CB  0.643  -12.619  -1.141  1.98
1157  80  PRO  CG  1.621  -11.969  -2.115  1.84
1158  80  PRO  CD  0.71  -11.084  -2.968  1.72
1159  80  PRO  HA  -1.245  -11.904  -0.744  1.72
1160  80  PRO  HB2  1.082  -12.919  -0.329  3.25
1161  80  PRO  HB3  0.195  -13.359  -1.58  3.25
1162  80  PRO  HG2  2.249  -11.415  -1.625  175.58
1163  80  PRO  HG3  2.09  -12.631  -2.647  29.28
1164  80  PRO  HD2  1.196  -10.307  -3.285  34.19
1165  80  PRO  HD3  0.361  -11.591  -3.717  24.09
1166  81  MET  N  -0.7  -10.927  1.455  119.72
1167  81  MET  CA  -0.495  -10.288  2.74  114.81
1168  81  MET  C  -0.887  -11.328  3.804  52.51
1169  81  MET  O  -1.369  -12.414  3.474  173.98
1170  81  MET  CB  -1.318  -8.987  2.731  6.89
1171  81  MET  CG  -0.818  -7.958  3.747  38.91
1172  81  MET  SD  -1.836  -6.465  3.935  108.49
1173  81  MET  CE  -2.34  -6.072  2.232  43.83
1174  81  MET  H  -1.326  -11.516  1.439  7.68
1175  81  MET  HA  0.44  -10.07  2.876  4.14
1176  81  MET  HB2  -1.258  -8.58  1.853  1.71
1177  81  MET  HB3  -2.25  -9.194  2.901  1.22
1178  81  MET  HG2  -0.727  -8.37  4.62  2.68
1179  81  MET  HG3  0.066  -7.678  3.461  7.7
1180  81  MET  HE1  -2.889  -6.788  1.876  6.86
1181  81  MET  HE2  -2.86  -5.253  2.231  107.01
1182  81  MET  HE3  -1.56  -5.952  1.668  44.21
1183  82  LYS  N  -0.617  -11.058  5.082  122.22
1184  82  LYS  CA  -0.98  -11.952  6.197  174.02
1185  82  LYS  C  -1.368  -11.163  7.439  7.37
1186  82  LYS  O  -0.775  -10.119  7.713  4.81
1187  82  LYS  CB  0.179  -12.882  6.614  3.13
1188  82  LYS  CG  0.619  -13.919  5.579  108.81
1189  82  LYS  CD  -0.397  -15.015  5.231  56.91
1190  82  LYS  CE  -0.702  -16.025  6.338  172.38
1191  82  LYS  NZ  -1.726  -17  5.896  4.89
1192  82  LYS  H  -0.292  -10.275  5.227  8.48
1193  82  LYS  HA  -1.732  -12.496  5.915  4.6
1194  82  LYS  HB2  0.947  -12.333  6.836  2.42
1195  82  LYS  HB3  -0.066  -13.357  7.424  2.6
1196  82  LYS  HG2  0.837  -13.446  4.761  6.84
1197  82  LYS  HG3  1.426  -14.343  5.91  31.64
1198  82  LYS  HD2  -1.224  -14.611  4.924  22.34
1199  82  LYS  HD3  -0.01  -15.518  4.498  7.49
1200  82  LYS  HE2  0.115  -16.497  6.563  4.68
1201  82  LYS  HE3  -1.019  -15.558  7.127  3.83
1202  82  LYS  HZ1  -1.353  -17.621  5.379  2.85
1203  82  LYS  HZ2  -2.074  -17.42  6.6  7.09
1204  82  LYS  HZ3  -2.381  -16.604  5.441  7.09
1205  83  LYS  N  -2.289  -11.719  8.234  124.22
1206  83  LYS  CA  -2.691  -11.136  9.511  62.28
1207  83  LYS  C  -1.487  -11.281  10.44  8.89
1208  83  LYS  O  -0.867  -12.349  10.442  121.31
1209  83  LYS  CB  -3.928  -11.859  10.091  52.81
1210  83  LYS  CG  -4.454  -11.205  11.382  174.38
1211  83  LYS  CD  -5.555  -12.019  12.085  180.04
1212  83  LYS  CE  -6.905  -11.994  11.352  44.41
1213  83  LYS  NZ  -7.218  -13.235  10.608  27.01
1214  83  LYS  H  -2.577  -12.502  8.026  7.75
1215  83  LYS  HA  -2.891  -10.198  9.366  4.65
1216  83  LYS  HB2  -4.64  -11.861  9.432  1.49
1217  83  LYS  HB3  -3.696  -12.78  10.291  1.11
1218  83  LYS  HG2  -3.724  -11.115  12.014  1.75
1219  83  LYS  HG3  -4.788  -10.317  11.181  1.24
1220  83  LYS  HD2  -5.256  -12.929  12.241  0.74
1221  83  LYS  HD3  -5.691  -11.616  12.957  120.8
1222  83  LYS  HE2  -7.602  -11.864  12.014  59.12
1223  83  LYS  HE3  -6.926  -11.235  10.748  179.23
1224  83  LYS  HZ1  -7.226  -13.956  11.13  120.04
1225  83  LYS  HZ2  -7.991  -13.159  10.174  30.78
1226  83  LYS  HZ3  -6.61  -13.331  9.965  36.78
1227  84  GLY  N  -1.176  -10.256  11.232  127.31
1228  84  GLY  CA  -0.11  -10.325  12.214  54.61
1229  84  GLY  C  1.286  -10.335  11.604  173.98
1230  84  GLY  O  2.171  -10.973  12.17  8.01
1231  84  GLY  H  -1.614  -9.516  11.208  41.71
1232  84  GLY  HA2  -0.172  -9.549  12.793  25.91
1233  84  GLY  HA3  -0.229  -11.12  12.757  22.91
1234  85  VAL  N  1.528  -9.635  10.495  112.32
1235  85  VAL  CA  2.837  -9.499  9.864  9.64
1236  85  VAL  C  2.981  -8.049  9.38  4.89
1237  85  VAL  O  1.979  -7.339  9.243  1.87
1238  85  VAL  CB  2.974  -10.537  8.729  1.87
1239  85  VAL  CG1  4.296  -10.493  7.94  1.14
1240  85  VAL  CG2  2.801  -11.986  9.222  17.97
1241  85  VAL  H  0.915  -9.138  10.153  8.05
1242  85  VAL  HA  3.509  -9.658  10.545  4.52
1243  85  VAL  HB  2.249  -10.33  8.118  1.72
1244  85  VAL  HG11  4.392  -9.651  7.469  116.12
1245  85  VAL  HG12  5.051  -10.622  8.535  8.73
1246  85  VAL  HG13  4.308  -11.192  7.268  123.31
1247  85  VAL  HG21  1.909  -12.123  9.578  52.21
1248  85  VAL  HG22  2.924  -12.616  8.494  176.48
1249  85  VAL  HG23  3.457  -12.176  9.911  112.89
1250  86  SER  N  4.219  -7.607  9.143  41.81
1251  86  SER  CA  4.565  -6.258  8.714  29.43
1252  86  SER  C  4.807  -6.224  7.207  16.42
1253  86  SER  O  5.511  -7.072  6.658  8.95
1254  86  SER  CB  5.796  -5.77  9.475  8.67
1255  86  SER  OG  5.633  -6.029  10.857  4.78
1256  86  SER  H  4.884  -8.146  9.223  2.64
1257  86  SER  HA  3.828  -5.666  8.929  5.07
1258  86  SER  HB2  6.582  -6.229  9.14  109.11
1259  86  SER  HB3  5.907  -4.817  9.334  45.61
1260  86  SER  HG  4.978  -5.576  11.124  172.78
1261  87  TYR  N  4.273  -5.202  6.546  55.17
1262  87  TYR  CA  4.306  -5.025  5.102  7.89
1263  87  TYR  C  4.562  -3.577  4.694  4.67
1264  87  TYR  O  4.527  -2.652  5.509  3.73
1265  87  TYR  CB  2.948  -5.476  4.527  118.21
1266  87  TYR  CG  2.755  -6.975  4.511  54.51
1267  87  TYR  CD1  3.214  -7.723  3.413  7.45
1268  87  TYR  CD2  2.114  -7.625  5.579  4.4
1269  87  TYR  CE1  3.119  -9.121  3.413  43.61
1270  87  TYR  CE2  1.971  -9.021  5.563  119.5
1271  87  TYR  CZ  2.527  -9.781  4.508  53.75
1272  87  TYR  OH  2.443  -11.139  4.495  177.11
1273  87  TYR  H  3.845  -4.614  7.005  178.05
1274  87  TYR  HA  5.004  -5.58  4.72  3.77
1275  87  TYR  HB2  2.231  -5.062  5.032  1.99
1276  87  TYR  HB3  2.863  -5.163  3.613  1.66
1277  87  TYR  HD1  3.58  -7.29  2.676  4.4
1278  87  TYR  HD2  1.779  -7.134  6.294  3.71
1279  87  TYR  HE1  3.426  -9.61  2.684  2.7
1280  87  TYR  HE2  1.495  -9.419  6.256  7.2
1281  87  TYR  HH  2.148  -11.462  5.212  7.2
1282  88  LEU  N  4.847  -3.418  3.404  112.12
1283  88  LEU  CA  5.047  -2.19  2.653  2.91
1284  88  LEU  C  3.811  -2.188  1.763  27.95
1285  88  LEU  O  3.574  -3.184  1.076  7.27
1286  88  LEU  CB  6.361  -2.282  1.849  67.11
1287  88  LEU  CG  6.656  -1.199  0.787  173.78
1288  88  LEU  CD1  6.223  -1.643  -0.605  27.77
1289  88  LEU  CD2  6.105  0.201  1.075  31.61
1290  88  LEU  H  4.847  -4.125  2.915  6.69
1291  88  LEU  HA  5.044  -1.414  3.235  3.47
1292  88  LEU  HB2  7.1  -2.269  2.477  3.86
1293  88  LEU  HB3  6.394  -3.151  1.418  1.38
1294  88  LEU  HG  7.622  -1.123  0.747  1.38
1295  88  LEU  HD11  5.262  -1.771  -0.644  7.29
1296  88  LEU  HD12  6.499  -0.982  -1.259  1.89
1297  88  LEU  HD13  6.665  -2.476  -0.831  1.73
1298  88  LEU  HD21  5.141  0.231  0.971  122.54
1299  88  LEU  HD22  6.344  0.481  1.972  118.91
1300  88  LEU  HD23  6.481  0.832  0.442  53.71
1301  89  LEU  N  3.008  -1.128  1.815  116.02
1302  89  LEU  CA  1.754  -1.012  1.091  39.64
1303  89  LEU  C  1.883  0.177  0.155  34.51
1304  89  LEU  O  2.008  1.313  0.62  28.81
1305  89  LEU  CB  0.554  -0.794  2.041  42.41
1306  89  LEU  CG  0.099  -1.95  2.956  115.4
1307  89  LEU  CD1  -0.122  -3.258  2.196  120.82
1308  89  LEU  CD2  1.047  -2.211  4.13  63.38
1309  89  LEU  H  3.244  -0.433  2.263  9.17
1310  89  LEU  HA  1.598  -1.81  0.562  7.93
1311  89  LEU  HB2  0.734  -0.02  2.597  4.38
1312  89  LEU  HB3  -0.207  -0.558  1.487  1.77
1313  89  LEU  HG  -0.756  -1.688  3.332  1.64
1314  89  LEU  HD11  -0.495  -3.917  2.802  31.98
1315  89  LEU  HD12  -0.743  -3.117  1.464  57.73
1316  89  LEU  HD13  0.721  -3.591  1.851  9.51
1317  89  LEU  HD21  1.873  -2.609  3.814  7.29
1318  89  LEU  HD22  1.239  -1.379  4.59  7.87
1319  89  LEU  HD23  0.622  -2.819  4.755  6.89
1320  90  MET  N  1.872  -0.087  -1.148  123.62
1321  90  MET  CA  1.888  0.933  -2.185  7.16
1322  90  MET  C  0.579  0.734  -2.923  4.75
1323  90  MET  O  0.426  -0.292  -3.576  107.01
1324  90  MET  CB  3.089  0.71  -3.109  57.91
1325  90  MET  CG  4.393  0.892  -2.325  174.38
1326  90  MET  SD  5.878  1.502  -3.172  178.76
1327  90  MET  CE  6.103  0.309  -4.498  73.01
1328  90  MET  H  1.843  -0.9  -1.426  8.18
1329  90  MET  HA  1.935  1.823  -1.802  4.26
1330  90  MET  HB2  3.047  -0.202  -3.437  7.04
1331  90  MET  HB3  3.03  1.29  -3.884  4.67
1332  90  MET  HG2  4.223  1.501  -1.589  4.49
1333  90  MET  HG3  4.602  0.024  -1.946  29.02
1334  90  MET  HE1  6.886  0.552  -5.016  35.71
1335  90  MET  HE2  6.235  -0.572  -4.115  53.8
1336  90  MET  HE3  5.321  0.319  -5.072  9.08
1337  91  GLY  N  -0.334  1.695  -2.835  114.92
1338  91  GLY  CA  -1.677  1.655  -3.391  65.91
1339  91  GLY  C  -2.145  3.069  -3.703  2.21
1340  91  GLY  O  -1.372  3.875  -4.23  117.15
1341  91  GLY  H  -0.105  2.413  -2.42  8.36
1342  91  GLY  HA2  -1.689  1.131  -4.207  30.81
1343  91  GLY  HA3  -2.273  1.243  -2.747  65.93
1344  92  GLN  N  -3.412  3.387  -3.441  123.72
1345  92  GLN  CA  -3.999  4.69  -3.742  9.7
1346  92  GLN  C  -4.83  5.166  -2.547  3.73
1347  92  GLN  O  -4.982  4.453  -1.558  2
1348  92  GLN  CB  -4.832  4.606  -5.04  110.32
1349  92  GLN  CG  -4.023  4.684  -6.352  7.8
1350  92  GLN  CD  -3.584  3.345  -6.948  177.05
1351  92  GLN  OE1  -4.305  2.719  -7.713  4.38
1352  92  GLN  NE2  -2.369  2.898  -6.682  66.21
1353  92  GLN  H  -3.904  2.856  -2.976  8.35
1354  92  GLN  HA  -3.296  5.347  -3.864  4.42
1355  92  GLN  HB2  -5.367  3.797  -5.022  1.23
1356  92  GLN  HB3  -5.446  5.357  -5.058  1.12
1357  92  GLN  HG2  -4.592  5.105  -7.016  173.79
1358  92  GLN  HG3  -3.254  5.265  -6.238  4.35
1359  92  GLN  HE21  -1.865  3.305  -6.116  2.29
1360  92  GLN  HE22  -2.061  2.229  -7.126  1.6
1361  93  VAL  N  -5.358  6.384  -2.617  126.22
1362  93  VAL  CA  -6.234  6.925  -1.577  176.45
1363  93  VAL  C  -7.604  7.231  -2.196  8.84
1364  93  VAL  O  -7.747  7.331  -3.421  7.46
1365  93  VAL  CB  -5.56  8.144  -0.886  115.01
1366  93  VAL  CG1  -6.243  8.529  0.433  59.41
1367  93  VAL  CG2  -4.096  7.881  -0.487  175.98
1368  93  VAL  H  -5.222  6.864  -3.318  8.23
1369  93  VAL  HA  -6.379  6.249  -0.897  5.1
1370  93  VAL  HB  -5.579  8.904  -1.489  33.81
1371  93  VAL  HG11  -5.744  9.245  0.857  174.04
1372  93  VAL  HG12  -7.14  8.862  0.273  26.41
1373  93  VAL  HG13  -6.272  7.772  1.039  30.22
1374  93  VAL  HG21  -3.736  8.619  0.03  7.16
1375  93  VAL  HG22  -4.056  7.08  0.058  3.73
1376  93  VAL  HG23  -3.541  7.781  -1.276  1.81
1377  94  GLU  N  -8.624  7.315  -1.349  121.72
1378  94  GLU  CA  -9.986  7.685  -1.664  2.68
1379  94  GLU  C  -10.322  8.763  -0.639  2.15
1380  94  GLU  O  -10.467  8.477  0.552  1.77
1381  94  GLU  CB  -10.907  6.448  -1.553  1.51
1382  94  GLU  CG  -10.874  5.557  -2.794  123.51
1383  94  GLU  CD  -11.737  6.181  -3.884  55.11
1384  94  GLU  OE1  -12.971  5.991  -3.854  181.68
1385  94  GLU  OE2  -11.182  6.896  -4.747  4.33
1386  94  GLU  H  -8.512  7.163  -0.51  9.3
1387  94  GLU  HA  -10.041  8.058  -2.558  4.61
1388  94  GLU  HB2  -10.638  5.917  -0.787  2.65
1389  94  GLU  HB3  -11.827  6.712  -1.397  2.45
1390  94  GLU  HG2  -9.964  5.457  -3.115  31.45
1391  94  GLU  HG3  -11.229  4.681  -2.574  21.93
1392  95  GLU  N  -10.51  9.995  -1.108  121.72
1393  95  GLU  CA  -10.802  11.17  -0.297  56.81
1394  95  GLU  C  -12.317  11.175  -0.095  178.98
1395  95  GLU  O  -13.053  12.017  -0.61  122.59
1396  95  GLU  CB  -10.233  12.385  -1.041  39.61
1397  95  GLU  CG  -10.082  13.664  -0.211  114.34
1398  95  GLU  CD  -9.061  14.568  -0.904  7.58
1399  95  GLU  OE1  -7.843  14.309  -0.762  4.43
1400  95  GLU  OE2  -9.44  15.467  -1.686  9.12
1401  95  GLU  H  -10.4  10.161  -1.945  8.62
1402  95  GLU  HA  -10.343  11.083  0.553  5.06
1403  95  GLU  HB2  -9.349  12.13  -1.347  3.08
1404  95  GLU  HB3  -10.774  12.575  -1.823  2.79
1405  95  GLU  HG2  -10.939  14.112  -0.132  54.61
1406  95  GLU  HG3  -9.757  13.445  0.676  181.58
1407  96  ASN  N  -12.773  10.126  0.591  129.32
1408  96  ASN  CA  -14.155  9.771  0.88  18.31
1409  96  ASN  C  -14.224  8.514  1.757  7.92
1410  96  ASN  O  -15.123  8.378  2.586  4.21
1411  96  ASN  CB  -14.841  9.388  -0.454  104.07
1412  96  ASN  CG  -16.354  9.283  -0.328  45.36
1413  96  ASN  OD1  -16.887  8.305  0.182  8.2
1414  96  ASN  ND2  -17.08  10.275  -0.814  116.81
1415  96  ASN  H  -12.156  9.634  0.932  8.46
1416  96  ASN  HA  -14.615  10.514  1.301  4.27
1417  96  ASN  HB2  -14.618  10.032  -1.144  41.31
1418  96  ASN  HB3  -14.501  8.537  -0.773  33.01
1419  96  ASN  HD21  -16.692  10.912  -1.243  30.41
1420  96  ASN  HD22  -17.936  10.253  -0.737  6.25
1421  97  ARG  N  -13.261  7.588  1.589  7.64
1422  97  ARG  CA  -13.253  6.287  2.277  7.49
1423  97  ARG  C  -11.978  5.931  3.025  4.34
1424  97  ARG  O  -11.986  4.957  3.781  2.02
1425  97  ARG  CB  -13.601  5.196  1.246  1.93
1426  97  ARG  CG  -14.98  5.487  0.643  2.68
1427  97  ARG  CD  -15.405  4.507  -0.439  2.5
1428  97  ARG  NE  -16.495  5.091  -1.246  64
1429  97  ARG  CZ  -17.704  5.427  -0.777  178.32
1430  97  ARG  NH1  -18.126  4.981  0.402  108.58
1431  97  ARG  NH2  -18.522  6.183  -1.496  117.91
1432  97  ARG  H  -12.643  7.747  1.012  59.11
1433  97  ARG  HA  -13.967  6.278  2.934  5.07
1434  97  ARG  HB2  -12.927  5.184  0.548  1.99
1435  97  ARG  HB3  -13.62  4.326  1.674  2.5
1436  97  ARG  HG2  -15.637  5.498  1.356  1.95
1437  97  ARG  HG3  -14.967  6.359  0.219  1.88
1438  97  ARG  HD2  -14.642  4.333  -1.012  2.85
1439  97  ARG  HD3  -15.687  3.681  -0.016  3.77
1440  97  ARG  HE  -16.28  5.318  -2.047  7.44
1441  97  ARG  HH11  -17.674  4.401  0.847  3.99
1442  97  ARG  HH12  -18.9  5.201  0.706  1.78
1443  97  ARG  HH21  -18.242  6.613  -2.186  1.78
1444  97  ARG  HH22  -19.29  6.411  -1.182  1.31
1445  98  GLY  N  -10.911  6.703  2.849  114.32
1446  98  GLY  CA  -9.614  6.426  3.44  1.51
1447  98  GLY  C  -8.711  5.727  2.417  1.51
1448  98  GLY  O  -8.82  5.982  1.217  2.83
1449  98  GLY  H  -10.954  7.323  2.255  8.35
1450  98  GLY  HA2  -9.203  7.265  3.702  177.55
1451  98  GLY  HA3  -9.727  5.876  4.231  38.44
1452  99  PRO  N  -7.74  4.917  2.859  122.22
1453  99  PRO  CA  -6.791  4.275  1.968  119.01
1454  99  PRO  C  -7.399  3.059  1.278  58.81
1455  99  PRO  O  -8.134  2.266  1.874  177.58
1456  99  PRO  CB  -5.63  3.879  2.871  2.14
1457  99  PRO  CG  -6.304  3.591  4.206  29.31
1458  99  PRO  CD  -7.476  4.565  4.243  35.91
1459  99  PRO  HA  -6.493  4.891  1.28  3.7
1460  99  PRO  HB2  -5.159  3.102  2.531  1.77
1461  99  PRO  HB3  -5.032  4.636  2.973  1.65
1462  99  PRO  HG2  -6.627  2.676  4.204  1.42
1463  99  PRO  HG3  -5.699  3.735  4.95  1.22
1464  99  PRO  HD2  -8.248  4.14  4.648  1.56
1465  99  PRO  HD3  -7.23  5.366  4.731  1.56
1466  100  VAL  N  -7.005  2.865  0.025  120.52
1467  100  VAL  CA  -7.468  1.796  -0.819  2.23
1468  100  VAL  C  -6.215  1.088  -1.339  117.81
1469  100  VAL  O  -5.144  1.684  -1.499  51.51
1470  100  VAL  CB  -8.5  2.382  -1.803  177.28
1471  100  VAL  CG1  -7.892  3.326  -2.823  2.26
1472  100  VAL  CG2  -9.312  1.346  -2.554  18.71
1473  100  VAL  H  -6.403  3.357  -0.342  8.35
1474  100  VAL  HA  -7.937  1.163  -0.254  4.22
1475  100  VAL  HB  -9.135  2.892  -1.277  3.85
1476  100  VAL  HG11  -8.583  3.571  -3.458  121.69
1477  100  VAL  HG12  -7.579  4.117  -2.356  119.65
1478  100  VAL  HG13  -7.166  2.875  -3.282  107.41
1479  100  VAL  HG21  -8.791  0.962  -3.276  45.91
1480  100  VAL  HG22  -9.603  0.652  -1.942  174.68
1481  100  VAL  HG23  -10.097  1.792  -2.909  37.87
1482  101  LEU  N  -6.325  -0.207  -1.595  116.22
1483  101  LEU  CA  -5.2  -1.038  -1.977  4.04
1484  101  LEU  C  -5.639  -1.975  -3.12  4.04
1485  101  LEU  O  -5.914  -3.147  -2.875  120.91
1486  101  LEU  CB  -4.802  -1.683  -0.626  60.31
1487  101  LEU  CG  -3.404  -2.268  -0.381  173.78
1488  101  LEU  CD1  -3.262  -3.678  -0.921  1.69
1489  101  LEU  CD2  -2.275  -1.331  -0.827  36.61
1490  101  LEU  H  -7.078  -0.604  -1.472  7.43
1491  101  LEU  HA  -4.47  -0.484  -2.295  4.89
1492  101  LEU  HB2  -4.885  -0.999  0.057  2.63
1493  101  LEU  HB3  -5.465  -2.354  -0.401  2.7
1494  101  LEU  HG  -3.312  -2.354  0.581  4.01
1495  101  LEU  HD11  -2.408  -4.035  -0.63  1.89
1496  101  LEU  HD12  -3.964  -4.233  -0.545  54.48
1497  101  LEU  HD13  -3.328  -3.672  -1.889  114
1498  101  LEU  HD21  -2.331  -1.168  -1.782  116.13
1499  101  LEU  HD22  -2.353  -0.478  -0.371  124.61
1500  101  LEU  HD23  -1.411  -1.725  -0.629  52.31
1501  102  PRO  N  -5.779  -1.457  -4.361  174.28
1502  102  PRO  CA  -6.261  -2.21  -5.53  29.77
1503  102  PRO  C  -5.308  -3.352  -5.944  39.51
1504  102  PRO  O  -4.186  -3.411  -5.444  112.89
1505  102  PRO  CB  -6.429  -1.164  -6.644  60.13
1506  102  PRO  CG  -5.484  -0.035  -6.247  113.7
1507  102  PRO  CD  -5.518  -0.067  -4.724  7.99
1508  102  PRO  HA  -7.129  -2.592  -5.327  4.75
1509  102  PRO  HB2  -6.201  -1.507  -7.522  2.26
1510  102  PRO  HB3  -7.341  -0.834  -6.64  1.38
1511  102  PRO  HG2  -4.587  -0.234  -6.558  1.59
1512  102  PRO  HG3  -5.789  0.819  -6.592  1.73
1513  102  PRO  HD2  -4.674  0.254  -4.371  3.24
1514  102  PRO  HD3  -6.239  0.489  -4.39  3.32
1515  103  PRO  N  -5.682  -4.252  -6.876  180.58
1516  103  PRO  CA  -4.807  -5.353  -7.282  61.05
1517  103  PRO  C  -3.475  -4.898  -7.916  33.91
1518  103  PRO  O  -2.513  -5.679  -7.907  20.81
1519  103  PRO  CB  -5.663  -6.262  -8.176  18.21
1520  103  PRO  CG  -6.821  -5.385  -8.635  8.81
1521  103  PRO  CD  -6.995  -4.393  -7.488  4.29
1522  103  PRO  HA  -4.58  -5.859  -6.486  4.3
1523  103  PRO  HB2  -5.155  -6.614  -8.923  1.93
1524  103  PRO  HB3  -6.011  -6.987  -7.634  1.93
1525  103  PRO  HG2  -6.577  -4.911  -9.445  9.31
1526  103  PRO  HG3  -7.625  -5.906  -8.786  9.55
1527  103  PRO  HD2  -7.339  -3.55  -7.822  3.56
1528  103  PRO  HD3  -7.604  -4.775  -6.836  3.87
1529  104  GLU  N  -3.373  -3.666  -8.416  121.42
1530  104  GLU  CA  -2.143  -3.083  -8.949  56.71
1531  104  GLU  C  -1.265  -2.493  -7.824  175.78
1532  104  GLU  O  -0.435  -1.603  -8.064  177.13
1533  104  GLU  CB  -2.475  -1.979  -9.993  43.71
1534  104  GLU  CG  -2.872  -2.527  -11.364  41.76
1535  104  GLU  CD  -4.392  -2.597  -11.529  57.68
1536  104  GLU  OE1  -5.021  -3.4  -10.807  44.13
1537  104  GLU  OE2  -4.941  -1.879  -12.395  8.54
1538  104  GLU  H  -4.098  -3.23  -8.572  7.95
1539  104  GLU  HA  -1.63  -3.785  -9.379  4.37
1540  104  GLU  HB2  -3.165  -1.4  -9.633  1.43
1541  104  GLU  HB3  -1.684  -1.438  -10.146  1.51
1542  104  GLU  HG2  -2.501  -1.939  -12.041  1.17
1543  104  GLU  HG3  -2.485  -3.406  -11.498  1.75
1544  105  SER  N  -1.421  -2.948  -6.585  119.12
1545  105  SER  CA  -0.647  -2.46  -5.449  44.61
1546  105  SER  C  0.606  -3.306  -5.249  2.61
1547  105  SER  O  0.544  -4.537  -5.299  2.47
1548  105  SER  CB  -1.515  -2.486  -4.193  6.69
1549  105  SER  OG  -2.639  -1.649  -4.365  6.69
1550  105  SER  H  -2.01  -3.56  -6.451  8.12
1551  105  SER  HA  -0.379  -1.544  -5.623  4.47
1552  105  SER  HB2  -1.814  -3.394  -4.026  1.53
1553  105  SER  HB3  -1.002  -2.179  -3.429  1.7
1554  105  SER  HG  -3.2  -2.126  -4.768  5.11
1555  106  PHE  N  1.744  -2.667  -4.977  120.62
1556  106  PHE  CA  2.97  -3.397  -4.688  2.4
1557  106  PHE  C  2.959  -3.689  -3.187  6.65
1558  106  PHE  O  3.016  -2.752  -2.386  6.65
1559  106  PHE  CB  4.167  -2.56  -5.154  118.56
1560  106  PHE  CG  5.569  -3.122  -4.992  8.97
1561  106  PHE  CD1  6.151  -3.278  -3.717  4.47
1562  106  PHE  CD2  6.366  -3.302  -6.137  122.81
1563  106  PHE  CE1  7.517  -3.588  -3.602  61.91
1564  106  PHE  CE2  7.73  -3.606  -6.021  173.18
1565  106  PHE  CZ  8.311  -3.749  -4.75  21.57
1566  106  PHE  H  1.737  -1.816  -4.852  8.32
1567  106  PHE  HA  2.973  -4.229  -5.187  3.59
1568  106  PHE  HB2  4.026  -2.362  -6.093  1.71
1569  106  PHE  HB3  4.149  -1.711  -4.684  1.64
1570  106  PHE  HD1  5.657  -3.121  -2.945  4.3
1571  106  PHE  HD2  5.995  -3.177  -6.98  1.62
1572  106  PHE  HE1  7.908  -3.649  -2.761  121.54
1573  106  PHE  HE2  8.253  -3.68  -6.786  2.98
1574  106  PHE  HZ  9.22  -3.925  -4.667  27.98
1575  107  VAL  N  2.874  -4.967  -2.8  111.92
1576  107  VAL  CA  2.913  -5.386  -1.403  44.98
1577  107  VAL  C  3.976  -6.461  -1.229  8.95
1578  107  VAL  O  3.999  -7.471  -1.94  124.71
1579  107  VAL  CB  1.531  -5.841  -0.903  51.61
1580  107  VAL  CG1  1.572  -6.287  0.567  173.88
1581  107  VAL  CG2  0.489  -4.73  -1.071  1.02
1582  107  VAL  H  2.773  -5.588  -3.386  8.77
1583  107  VAL  HA  3.175  -4.62  -0.869  29.01
1584  107  VAL  HB  1.246  -6.607  -1.426  24.11
1585  107  VAL  HG11  2.104  -7.093  0.652  25.31
1586  107  VAL  HG12  1.948  -5.589  1.125  8.52
1587  107  VAL  HG13  0.679  -6.505  0.875  4.99
1588  107  VAL  HG21  0.782  -3.921  -0.624  1.87
1589  107  VAL  HG22  0.347  -4.535  -2.011  1.87
1590  107  VAL  HG23  -0.348  -5.035  -0.687  1.32
1591  108  VAL  N  4.872  -6.218  -0.277  122.22
1592  108  VAL  CA  5.954  -7.099  0.142  7.5
1593  108  VAL  C  6.143  -6.892  1.646  53.1
1594  108  VAL  O  5.683  -5.883  2.191  174.12
1595  108  VAL  CB  7.233  -6.789  -0.666  4.5
1596  108  VAL  CG1  7.001  -6.858  -2.185  2.36
1597  108  VAL  CG2  7.804  -5.402  -0.356  124.91
1598  108  VAL  H  4.78  -5.511  0.203  7.35
1599  108  VAL  HA  5.704  -8.025  -0.004  3.96
1600  108  VAL  HB  7.904  -7.446  -0.423  2.09
1601  108  VAL  HG11  6.565  -7.692  -2.418  31.11
1602  108  VAL  HG12  6.434  -6.132  -2.487  34.91
1603  108  VAL  HG13  7.853  -6.804  -2.646  130.09
1604  108  VAL  HG21  8  -5.33  0.591  57.43
1605  108  VAL  HG22  8.623  -5.259  -0.855  122.41
1606  108  VAL  HG23  7.15  -4.726  -0.593  8.63
1607  109  LEU  N  6.829  -7.814  2.324  120.12
1608  109  LEU  CA  7.101  -7.671  3.745  1.95
1609  109  LEU  C  7.994  -6.45  3.989  1.95
1610  109  LEU  O  8.807  -6.07  3.137  2.15
1611  109  LEU  CB  7.733  -8.945  4.318  1.8
1612  109  LEU  CG  6.709  -10.05  4.648  127.91
1613  109  LEU  CD1  6.285  -10.876  3.425  56.31
1614  109  LEU  CD2  7.308  -10.998  5.686  174.38
1615  109  LEU  H  7.145  -8.51  1.929  8.02
1616  109  LEU  HA  6.257  -7.525  4.201  5.49
1617  109  LEU  HB2  8.423  -9.283  3.726  3.72
1618  109  LEU  HB3  8.17  -8.684  5.144  3.44
1619  109  LEU  HG  5.919  -9.646  5.039  31.59
1620  109  LEU  HD11  7.055  -11.305  3.02  34.69
1621  109  LEU  HD12  5.652  -11.557  3.701  55.36
1622  109  LEU  HD13  5.846  -10.311  2.77  179.9
1623  109  LEU  HD21  7.532  -10.492  6.482  9.26
1624  109  LEU  HD22  6.657  -11.674  5.933  4.57
1625  109  LEU  HD23  8.109  -11.424  5.342  3.04
1626  110  HSE  N  7.836  -5.814  5.15  121.02
1627  110  HSE  CA  8.575  -4.608  5.505  7.2
1628  110  HSE  C  10.021  -5.005  5.806  7.2
1629  110  HSE  O  10.263  -5.831  6.673  3.93
1630  110  HSE  CB  7.906  -3.949  6.731  1.41
1631  110  HSE  CG  8.435  -2.609  7.218  8.82
1632  110  HSE  ND1  9.618  -1.959  6.871  125.11
1633  110  HSE  CD2  7.859  -1.894  8.237  54.41
1634  110  HSE  CE1  9.742  -0.891  7.68  175.78
1635  110  HSE  NE2  8.681  -0.814  8.494  24.07
1636  110  HSE  H  7.224  -6.244  5.834  9.27
1637  110  HSE  HA  8.522  -3.935  4.656  5.06
1638  110  HSE  HB2  6.848  -3.826  6.508  2.07
1639  110  HSE  HB3  7.98  -4.647  7.566  2.93
1640  110  HSE  HD1  10.375  -2.257  6.268  6.62
1641  110  HSE  HD2  6.967  -2.151  8.798  6.62
1642  110  HSE  HE1  10.609  -0.248  7.768  6.73
1643  110  HSE  HE2  8.635  -0.129  9.261  6.73
1644  111  ARG  N  10.978  -4.391  5.104  123.02
1645  111  ARG  CA  12.418  -4.562  5.312  59.01
1646  111  ARG  C  13.006  -3.198  5.663  1.81
1647  111  ARG  O  12.431  -2.204  5.208  2.87
1648  111  ARG  CB  13.094  -5.126  4.047  36.31
1649  111  ARG  CG  12.973  -6.647  3.872  21.21
1650  111  ARG  CD  13.969  -7.342  4.816  21.71
1651  111  ARG  NE  14.244  -8.739  4.453  7.51
1652  111  ARG  CZ  15.24  -9.2  3.687  4.35
1653  111  ARG  NH1  15.977  -8.396  2.929  1.75
1654  111  ARG  NH2  15.491  -10.502  3.682  122.13
1655  111  ARG  H  10.747  -3.816  4.508  9.17
1656  111  ARG  HA  12.559  -5.157  6.065  4.67
1657  111  ARG  HB2  12.707  -4.698  3.268  1.49
1658  111  ARG  HB3  14.035  -4.891  4.047  1.91
1659  111  ARG  HG2  12.066  -6.938  4.056  2.05
1660  111  ARG  HG3  13.192  -6.87  2.954  24.82
1661  111  ARG  HD2  14.81  -6.859  4.816  0.79
1662  111  ARG  HD3  13.612  -7.318  5.718  172.38
1663  111  ARG  HE  13.804  -9.321  4.909  177.27
1664  111  ARG  HH11  15.885  -7.541  2.948  32.61
1665  111  ARG  HH12  16.596  -8.727  2.433  26.91
1666  111  ARG  HH21  15.099  -10.975  4.284  51.31
1667  111  ARG  HH22  16.239  -10.823  3.403  4.6
1668  112  PRO  N  14.152  -3.134  6.371  124.32
1669  112  PRO  CA  14.827  -1.881  6.674  2.01
1670  112  PRO  C  15.394  -1.258  5.399  1.99
1671  112  PRO  O  15.214  -0.07  5.164  1.99
1672  112  PRO  CB  15.92  -2.23  7.691  3.66
1673  112  PRO  CG  16.197  -3.711  7.447  3.66
1674  112  PRO  CD  14.842  -4.252  6.998  121.31
1675  112  PRO  HA  14.204  -1.256  7.076  4.7
1676  112  PRO  HB2  16.717  -1.691  7.567  1.67
1677  112  PRO  HB3  15.57  -2.116  8.588  0.85
1678  112  PRO  HG2  16.838  -3.804  6.725  40.51
1679  112  PRO  HG3  16.517  -4.158  8.246  177.55
1680  112  PRO  HD2  14.971  -4.992  6.384  0.46
1681  112  PRO  HD3  14.335  -4.544  7.772  28.93
1682  113  ASN  N  15.997  -2.078  4.531  119.52
1683  113  ASN  CA  16.543  -1.622  3.254  4.14
1684  113  ASN  C  15.472  -0.901  2.436  2.63
1685  113  ASN  O  15.652  0.241  2.031  2.63
1686  113  ASN  CB  17.124  -2.805  2.464  114.71
1687  113  ASN  CG  17.77  -2.316  1.172  59.31
1688  113  ASN  OD1  18.431  -1.29  1.161  178.08
1689  113  ASN  ND2  17.636  -3.036  0.075  2.03
1690  113  ASN  H  16.154  -2.882  4.791  7.52
1691  113  ASN  HA  17.254  -0.988  3.436  5.46
1692  113  ASN  HB2  17.807  -3.242  2.997  1.87
1693  113  ASN  HB3  16.425  -3.446  2.262  2.58
1694  113  ASN  HD21  17.271  -3.814  0.042  123.59
1695  113  ASN  HD22  18.074  -2.755  -0.61  9.08
1696  114  GLN  N  14.324  -1.556  2.235  107.02
1697  114  GLN  CA  13.189  -0.988  1.527  1.98
1698  114  GLN  C  12.742  0.318  2.186  1.98
1699  114  GLN  O  12.484  1.279  1.478  2.31
1700  114  GLN  CB  12.044  -2.006  1.51  2.31
1701  114  GLN  CG  12.296  -3.186  0.546  117.91
1702  114  GLN  CD  11.338  -4.369  0.735  55.81
1703  114  GLN  OE1  11.556  -5.448  0.191  178.68
1704  114  GLN  NE2  10.289  -4.215  1.529  1.62
1705  114  GLN  H  14.217  -2.331  2.591  8.93
1706  114  GLN  HA  13.449  -0.791  0.614  27.41
1707  114  GLN  HB2  11.909  -2.331  2.414  24.41
1708  114  GLN  HB3  11.234  -1.551  1.23  23.71
1709  114  GLN  HG2  12.221  -2.868  -0.367  7.14
1710  114  GLN  HG3  13.199  -3.517  0.673  4.38
1711  114  GLN  HE21  10.083  -3.433  1.823  1.47
1712  114  GLN  HE22  9.805  -4.897  1.73  1.47
1713  115  ASP  N  12.65  0.364  3.515  116.12
1714  115  ASP  CA  12.231  1.547  4.271  60.02
1715  115  ASP  C  13.127  2.742  3.939  173.37
1716  115  ASP  O  12.66  3.794  3.491  28.31
1717  115  ASP  CB  12.267  1.21  5.768  69.08
1718  115  ASP  CG  11.529  2.203  6.656  24.19
1719  115  ASP  OD1  11.075  3.264  6.18  22.06
1720  115  ASP  OD2  11.328  1.859  7.835  119.21
1721  115  ASP  H  12.91  -0.311  3.979  8.4
1722  115  ASP  HA  11.317  1.77  4.036  5.25
1723  115  ASP  HB2  11.855  0.34  5.89  1.48
1724  115  ASP  HB3  13.183  1.149  6.082  2.21
1725  116  GLN  N  14.439  2.542  4.074  117.42
1726  116  GLN  CA  15.456  3.539  3.774  18.01
1727  116  GLN  C  15.393  3.984  2.305  126.57
1728  116  GLN  O  15.587  5.174  2.029  7.35
1729  116  GLN  CB  16.826  2.971  4.182  3.26
1730  116  GLN  CG  17.951  4.018  4.132  2.04
1731  116  GLN  CD  19.134  3.64  5.026  30.5
1732  116  GLN  OE1  19.503  2.471  5.143  8.28
1733  116  GLN  NE2  19.748  4.611  5.687  3.44
1734  116  GLN  H  14.694  1.773  4.362  8.05
1735  116  GLN  HA  15.272  4.312  4.331  4.22
1736  116  GLN  HB2  16.756  2.642  5.092  177.48
1737  116  GLN  HB3  17.06  2.224  3.609  127.41
1738  116  GLN  HG2  18.261  4.11  3.217  0.78
1739  116  GLN  HG3  17.605  4.875  4.427  21.31
1740  116  GLN  HE21  19.459  5.42  5.646  22.61
1741  116  GLN  HE22  20.419  4.423  6.192  8.02
1742  117  ILE  N  15.087  3.066  1.377  127.32
1743  117  ILE  CA  14.91  3.353  -0.039  2.04
1744  117  ILE  C  13.687  4.253  -0.209  31.28
1745  117  ILE  O  13.853  5.366  -0.693  9.18
1746  117  ILE  CB  14.834  2.049  -0.881  7.86
1747  117  ILE  CG1  16.211  1.349  -0.921  6.41
1748  117  ILE  CG2  14.363  2.317  -2.326  3.5
1749  117  ILE  CD  16.141  -0.132  -1.317  7.71
1750  117  ILE  H  14.967  2.251  1.622  8.3
1751  117  ILE  HA  15.684  3.854  -0.341  4.58
1752  117  ILE  HB  14.195  1.447  -0.468  180.48
1753  117  ILE  HG12  16.788  1.808  -1.552  173.88
1754  117  ILE  HG13  16.63  1.405  -0.048  41.21
1755  117  ILE  HG21  14.348  1.495  -2.841  38.67
1756  117  ILE  HG22  13.462  2.676  -2.328  53.68
1757  117  ILE  HG23  14.957  2.953  -2.754  30.63
1758  117  ILE  HD11  15.542  -0.683  -0.593  7.73
1759  117  ILE  HD12  15.709  -0.251  -2.307  4.51
1760  117  ILE  HD13  17.15  -0.543  -1.328  2.75
1761  118  LEU  N  12.479  3.83  0.19  126.52
1762  118  LEU  CA  11.248  4.591  -0.023  118.71
1763  118  LEU  C  11.335  5.967  0.637  59.71
1764  118  LEU  O  10.811  6.94  0.099  175.18
1765  118  LEU  CB  10.014  3.862  0.509  174.53
1766  118  LEU  CG  9.849  2.37  0.165  30.91
1767  118  LEU  CD1  9.257  1.621  1.36  27.21
1768  118  LEU  CD2  8.959  2.173  -1.055  44.11
1769  118  LEU  H  12.395  3.087  0.614  9.03
1770  118  LEU  HA  11.119  4.697  -0.979  3.87
1771  118  LEU  HB2  9.96  4.018  1.465  1.94
1772  118  LEU  HB3  9.242  4.335  0.159  1.87
1773  118  LEU  HG  10.704  1.974  -0.064  8.05
1774  118  LEU  HD11  8.386  1.986  1.58  4.18
1775  118  LEU  HD12  9.188  0.676  1.153  2.15
1776  118  LEU  HD13  9.837  1.732  2.129  1.74
1777  118  LEU  HD21  8.057  2.467  -0.852  2.5
1778  118  LEU  HD22  9.316  2.69  -1.794  2.5
1779  118  LEU  HD23  8.943  1.236  -1.307  3.52
1780  119  THR  N  12.007  6.063  1.789  115.22
1781  119  THR  CA  12.23  7.34  2.45  7.06
1782  119  THR  C  13.032  8.238  1.495  8.61
1783  119  THR  O  12.638  9.375  1.232  117.2
1784  119  THR  CB  12.935  7.128  3.802  54.05
1785  119  THR  OG1  12.261  6.194  4.62  8.1
1786  119  THR  CG2  12.998  8.435  4.597  116.51
1787  119  THR  H  12.312  5.345  2.152  8.69
1788  119  THR  HA  11.369  7.757  2.609  4.41
1789  119  THR  HB  13.834  6.797  3.648  58.69
1790  119  THR  HG1  12.263  5.439  4.251  36.91
1791  119  THR  HG21  13.508  9.098  4.106  28.71
1792  119  THR  HG22  12.1  8.769  4.751  18.81
1793  119  THR  HG23  13.425  8.28  5.454  21.64
1794  120  ASN  N  14.136  7.733  0.929  116.62
1795  120  ASN  CA  14.913  8.476  -0.059  3.82
1796  120  ASN  C  14.121  8.764  -1.333  1.87
1797  120  ASN  O  14.352  9.814  -1.929  24.96
1798  120  ASN  CB  16.251  7.795  -0.39  8.93
1799  120  ASN  CG  17.301  8.118  0.66  4.37
1800  120  ASN  OD1  17.725  9.266  0.779  115.91
1801  120  ASN  ND2  17.793  7.149  1.409  65.01
1802  120  ASN  H  14.343  6.912  1.077  7.92
1803  120  ASN  HA  15.112  9.343  0.328  4.22
1804  120  ASN  HB2  16.129  6.837  -0.481  1.58
1805  120  ASN  HB3  16.574  8.132  -1.24  1.53
1806  120  ASN  HD21  17.59  6.328  1.253  21.01
1807  120  ASN  HD22  18.414  7.336  1.974  8.32
1808  121  LEU  N  13.192  7.893  -1.736  107.82
1809  121  LEU  CA  12.334  8.114  -2.892  2.27
1810  121  LEU  C  11.343  9.248  -2.64  3.61
1811  121  LEU  O  10.946  9.904  -3.596  7.44
1812  121  LEU  CB  11.563  6.852  -3.301  3.9
1813  121  LEU  CG  12.392  5.639  -3.752  8.43
1814  121  LEU  CD1  11.443  4.559  -4.284  120.59
1815  121  LEU  CD2  13.446  5.972  -4.813  57.33
1816  121  LEU  H  13.108  7.154  -1.304  8.3
1817  121  LEU  HA  12.899  8.384  -3.633  44.51
1818  121  LEU  HB2  10.975  6.582  -2.578  172.38
1819  121  LEU  HB3  10.999  7.109  -4.047  106.93
1820  121  LEU  HG  12.854  5.263  -2.986  7.22
1821  121  LEU  HD11  10.962  4.891  -5.058  3.99
1822  121  LEU  HD12  11.945  3.764  -4.523  2.85
1823  121  LEU  HD13  10.799  4.325  -3.597  121.61
1824  121  LEU  HD21  14.083  6.611  -4.457  57.51
1825  121  LEU  HD22  13.945  5.173  -5.046  177.98
1826  121  LEU  HD23  13.027  6.348  -5.603  116.52
1827  122  SER  N  10.906  9.446  -1.391  30.91
1828  122  SER  CA  10.033  10.555  -1.025  25.71
1829  122  SER  C  10.854  11.856  -0.943  120.45
1830  122  SER  O  10.34  12.926  -1.272  42.15
1831  122  SER  CB  9.312  10.251  0.298  122.14
1832  122  SER  OG  8.277  11.196  0.511  52.39
1833  122  SER  H  11.155  8.896  -0.778  175.61
1834  122  SER  HA  9.365  10.659  -1.721  4.81
1835  122  SER  HB2  8.921  9.364  0.253  1.56
1836  122  SER  HB3  9.94  10.275  1.037  1.35
1837  122  SER  HG  7.595  10.813  0.817  2
1838  123  LYS  N  12.115  11.778  -0.502  122.22
1839  123  LYS  CA  12.998  12.936  -0.414  62.79
1840  123  LYS  C  13.299  13.422  -1.833  172.81
1841  123  LYS  O  13.071  14.586  -2.163  33.38
1842  123  LYS  CB  14.287  12.584  0.353  72.98
1843  123  LYS  CG  14.13  12.458  1.881  2.8
1844  123  LYS  CD  15.448  11.973  2.517  8.21
1845  123  LYS  CE  15.663  12.443  3.964  7.52
1846  123  LYS  NZ  14.728  11.864  4.952  22.15
1847  123  LYS  H  12.429  11.003  -0.3  9.31
1848  123  LYS  HA  12.532  13.647  0.052  5.59
1849  123  LYS  HB2  14.66  11.762  -0.003  174.68
1850  123  LYS  HB3  14.923  13.298  0.189  5.08
1851  123  LYS  HG2  13.899  13.329  2.24  1.01
1852  123  LYS  HG3  13.42  11.834  2.099  26.11
1853  123  LYS  HD2  15.499  11.006  2.469  42.51
1854  123  LYS  HD3  16.189  12.332  2.005  174
1855  123  LYS  HE2  16.568  12.221  4.235  8.78
1856  123  LYS  HE3  15.586  13.41  3.985  33.06
1857  123  LYS  HZ1  13.885  12.103  4.796  116.63
1858  123  LYS  HZ2  14.754  10.978  4.868  8.38
1859  123  LYS  HZ3  14.988  12.062  5.78  5.04
1860  124  ARG  N  13.874  12.557  -2.667  122.52
1861  124  ARG  CA  14.203  12.865  -4.042  1.4
1862  124  ARG  C  12.941  12.926  -4.891  125.1
1863  124  ARG  O  11.925  12.333  -4.551  56.7
1864  124  ARG  CB  15.153  11.807  -4.616  121.81
1865  124  ARG  CG  16.575  11.863  -4.057  52.36
1866  124  ARG  CD  17.41  10.754  -4.716  41.38
1867  124  ARG  NE  17.847  9.727  -3.758  8.69
1868  124  ARG  CZ  18.609  8.679  -4.103  177.93
1869  124  ARG  NH1  18.551  8.204  -5.342  9.32
1870  124  ARG  NH2  19.419  8.102  -3.219  5.53
1871  124  ARG  H  13.958  11.736  -2.426  8.12
1872  124  ARG  HA  14.632  13.735  -4.031  5.06
1873  124  ARG  HB2  14.804  10.92  -4.435  1.13
1874  124  ARG  HB3  15.197  11.92  -5.578  1.47
1875  124  ARG  HG2  16.968  12.725  -4.265  35.81
1876  124  ARG  HG3  16.558  11.747  -3.094  20.81
1877  124  ARG  HD2  16.91  10.341  -5.437  0.37
1878  124  ARG  HD3  18.204  11.155  -5.103  9.28
1879  124  ARG  HE  17.677  9.927  -2.939  5.45
1880  124  ARG  HH11  17.941  8.482  -5.88  1.89
1881  124  ARG  HH12  19.118  7.637  -5.653  1.63
1882  124  ARG  HH21  19.56  8.421  -2.433  31.13
1883  124  ARG  HH22  19.961  7.483  -3.47  62.53
1884  125  LYS  N  13.015  13.592  -6.043  173.91
1885  125  LYS  CA  11.872  13.607  -6.96  60.88
1886  125  LYS  C  11.844  12.256  -7.677  31.89
1887  125  LYS  O  12.9  11.623  -7.805  125.21
1888  125  LYS  CB  11.918  14.793  -7.952  55.01
1889  125  LYS  CG  12.961  14.684  -9.089  174.08
1890  125  LYS  CD  12.695  15.658  -10.249  175.81
1891  125  LYS  CE  13.103  17.101  -9.934  31.21
1892  125  LYS  NZ  12.779  18.01  -11.052  16.43
1893  125  LYS  H  13.79  13.882  -6.277  115.7
1894  125  LYS  HA  11.066  13.697  -6.429  3.97
1895  125  LYS  HB2  11.038  14.849  -8.356  1.93
1896  125  LYS  HB3  12.064  15.615  -7.459  2.44
1897  125  LYS  HG2  13.851  14.829  -8.733  1.79
1898  125  LYS  HG3  12.933  13.793  -9.471  1.95
1899  125  LYS  HD2  13.21  15.358  -11.014  3.44
1900  125  LYS  HD3  11.757  15.62  -10.493  3.85
1901  125  LYS  HE2  12.65  17.404  -9.132  15.71
1902  125  LYS  HE3  14.061  17.12  -9.783  8.97
1903  125  LYS  HZ1  12.775  17.571  -11.826  4.7
1904  125  LYS  HZ2  11.993  18.406  -10.921  8.13
1905  125  LYS  HZ3  13.397  18.644  -11.14  4.21
1906  126  CYS  N  10.684  11.793  -8.146  176.35
1907  126  CYS  CA  10.623  10.55  -8.916  2.32
1908  126  CYS  C  11.434  10.71  -10.206  65.71
1909  126  CYS  O  11.169  11.658  -10.947  177.28
1910  126  CYS  CB  9.177  10.166  -9.237  173.56
1911  126  CYS  SG  8.374  9.31  -7.868  31.41
1912  126  CYS  H  9.958  12.238  -8.023  28.01
1913  126  CYS  HA  11.006  9.841  -8.376  4.33
1914  126  CYS  HB2  8.664  10.958  -9.463  1.86
1915  126  CYS  HB3  9.164  9.583  -10.012  2.09
1916  127  PRO  N  12.413  9.835  -10.491  115.72
1917  127  PRO  CA  13.188  9.966  -11.709  1.98
1918  127  PRO  C  12.387  9.412  -12.892  1.98
1919  127  PRO  O  12.432  8.221  -13.206  3.71
1920  127  PRO  CB  14.469  9.19  -11.428  3.46
1921  127  PRO  CG  14.037  8.086  -10.462  107.21
1922  127  PRO  CD  12.928  8.757  -9.654  58.71
1923  127  PRO  HA  13.42  10.894  -11.87  3.57
1924  127  PRO  HB2  14.858  8.841  -12.245  1.93
1925  127  PRO  HB3  15.098  9.777  -10.98  1.94
1926  127  PRO  HG2  13.673  7.333  -10.953  2.17
1927  127  PRO  HG3  14.772  7.799  -9.897  2.21
1928  127  PRO  HD2  12.233  8.116  -9.437  4.53
1929  127  PRO  HD3  13.303  9.125  -8.839  4.02
1930  128  SER  N  11.668  10.31  -13.552  116.12
1931  128  SER  CA  10.871  10.143  -14.753  59.13
1932  128  SER  C  10.602  11.583  -15.179  112.51
1933  128  SER  O  9.618  12.169  -14.732  45.11
1934  128  SER  CB  9.556  9.402  -14.445  174.48
1935  128  SER  OG  9.711  7.994  -14.491  174.42
1936  128  SER  H  11.67  11.11  -13.236  7.82
1937  128  SER  HA  11.369  9.675  -15.442  4.28
1938  128  SER  HB2  9.235  9.669  -13.569  3.58
1939  128  SER  HB3  8.894  9.651  -15.109  4.06
1940  128  SER  HG  9.489  7.77  -15.269  5.8
1941  129  GLN  N  11.509  12.215  -15.93  126.32
1942  129  GLN  CA  11.326  13.607  -16.327  4.05
1943  129  GLN  C  11.396  13.651  -17.858  32.41
1944  129  GLN  O  12.47  13.399  -18.418  29.71
1945  129  GLN  CB  12.389  14.448  -15.597  43.11
1946  129  GLN  CG  12.162  15.953  -15.771  178.46
1947  129  GLN  CD  13.005  16.792  -14.812  122.44
1948  129  GLN  OE1  12.685  16.922  -13.631  31.84
1949  129  GLN  NE2  14.064  17.431  -15.272  27.18
1950  129  GLN  H  12.18  11.793  -16.264  8.54
1951  129  GLN  HA  10.462  13.941  -16.038  4.18
1952  129  GLN  HB2  12.329  14.242  -14.651  2.66
1953  129  GLN  HB3  13.276  14.211  -15.911  3.26
1954  129  GLN  HG2  12.358  16.206  -16.687  1.01
1955  129  GLN  HG3  11.229  16.144  -15.588  1.01
1956  129  GLN  HE21  14.35  17.355  -16.079  2.43
1957  129  GLN  HE22  14.45  18.028  -14.788  2.11
1958  130  PRO  N  10.277  13.972  -18.532  127.92
1959  130  PRO  CA  10.206  14.075  -19.982  56.4
1960  130  PRO  C  9.968  15.532  -20.403  176.07
1961  130  PRO  O  9.916  16.438  -19.555  7.92
1962  130  PRO  CB  9.022  13.175  -20.337  40.17
1963  130  PRO  CG  8.021  13.563  -19.248  118.61
1964  130  PRO  CD  8.914  13.789  -18.022  61.01
1965  130  PRO  HA  11.011  13.74  -20.408  5.12
1966  130  PRO  HB2  8.685  13.329  -21.234  9.03
1967  130  PRO  HB3  9.277  12.245  -20.233  34.61
1968  130  PRO  HG2  7.572  14.386  -19.496  0.64
1969  130  PRO  HG3  7.374  12.857  -19.09  21.21
1970  130  PRO  HD2  8.621  14.572  -17.529  7.98
1971  130  PRO  HD3  8.872  13.005  -17.452  4.71
1972  131  VAL  N  9.815  15.748  -21.707  118.02
1973  131  VAL  CA  9.499  17.028  -22.326  59.78
1974  131  VAL  C  8.125  16.878  -22.983  41.29
1975  131  VAL  O  7.887  17.432  -24.077  180.47
1976  131  VAL  CB  10.707  17.44  -23.201  29.88
1977  131  VAL  CG1  10.982  16.502  -24.387  17.78
1978  131  VAL  CG2  10.648  18.901  -23.658  8.26
1979  131  VAL  OXT  7.242  16.249  -22.347  124.81
1980  131  VAL  H  9.814  15.081  -22.25  8.34
1981  131  VAL  HA  9.399  17.699  -21.633  4.69
1982  131  VAL  HB  11.488  17.384  -22.629  2.12
1983  131  VAL  HG11  11.822  16.747  -24.806  42.61
1984  131  VAL  HG12  11.077  15.59  -24.071  173.91
1985  131  VAL  HG13  10.261  16.533  -25.036  2.41
1986  131  VAL  HG21  10.473  19.468  -22.891  33.97
1987  131  VAL  HG22  11.505  19.148  -24.039  7
1988  131  VAL  HG23  9.95  19.033  -24.319  6.9
