1  1  ASP  N  21.414  28.518  16.345  119.36
2  1  ASP  CA  19.985  28.106  16.19  56.07
3  1  ASP  C  19.316  28.076  17.566  176.57
4  1  ASP  O  20.003  28.118  18.583  55.76
5  1  ASP  CB  19.887  26.729  15.499  33.99
6  1  ASP  H  21.529  29.328  15.994  31.93
7  1  ASP  H2  21.626  28.537  17.209  21.77
8  1  ASP  H3  21.939  27.935  15.924  8.23
9  1  ASP  HA  19.525  28.749  15.628  8.18
10  2  TYR  N  17.989  27.958  17.587  8.3
11  2  TYR  CA  17.231  27.948  18.835  62.29
12  2  TYR  C  17.633  26.921  19.885  4.2
13  2  TYR  O  18.133  25.846  19.556  1.85
14  2  TYR  CB  15.757  27.77  18.535  1.87
15  2  TYR  CG  14.898  28.253  19.657  4.12
16  2  TYR  CD1  15.07  29.527  20.169  0.8
17  2  TYR  CD2  13.971  27.414  20.258  123.1
18  2  TYR  CE1  14.346  29.962  21.267  60.33
19  2  TYR  CE2  13.241  27.831  21.368  176.11
20  2  TYR  CZ  13.434  29.107  21.875  129.58
21  2  TYR  OH  12.766  29.504  23.019  56.29
22  2  TYR  H  17.505  27.882  16.88  24.97
23  2  TYR  HA  17.439  28.808  19.233  4.41
24  2  TYR  HB2  15.532  28.253  17.725  8.18
25  2  TYR  HB3  15.572  26.833  18.367  5
26  2  TYR  HD1  15.682  30.101  19.769  1.6
27  2  TYR  HD2  13.835  26.561  19.915  120.11
28  2  TYR  HE1  14.47  30.823  21.596  55.59
29  2  TYR  HE2  12.628  27.257  21.767  175.15
30  2  TYR  HH  12.251  28.89  23.271  2
31  3  VAL  N  17.402  27.284  21.15  31.02
32  3  VAL  CA  17.675  26.44  22.33  34.54
33  3  VAL  C  16.419  26.445  23.222  2.16
34  3  VAL  O  16.044  27.472  23.784  56.43
35  3  VAL  CB  18.854  26.984  23.19  111.16
36  3  VAL  CG1  19.171  26.019  24.323  8.09
37  3  VAL  CG2  20.094  27.197  22.327  4.27
38  3  VAL  H  17.072  28.051  21.356  1.77
39  3  VAL  HA  17.908  25.554  22.012  1.88
40  3  VAL  HB  18.587  27.837  23.567  2.02
41  3  VAL  HG11  19.906  26.369  24.85  2.16
42  3  VAL  HG12  18.389  25.915  24.888  7.26
43  3  VAL  HG13  19.42  25.157  23.954  6.51
44  3  VAL  HG21  20.817  27.535  22.878  122.62
45  3  VAL  HG22  20.359  26.354  21.928  52.97
46  3  VAL  HG23  19.895  27.837  21.626  173.74
47  4  GLU  N  15.795  25.287  23.376  1.92
48  4  GLU  CA  14.582  25.148  24.191  32.52
49  4  GLU  C  14.767  25.238  25.728  32.74
50  4  GLU  O  15.224  24.274  26.367  1.29
51  4  GLU  CB  13.876  23.814  23.827  1.17
52  4  GLU  H  16.058  24.553  23.013  2.95
53  4  GLU  HA  14.043  25.924  23.97  9.42
54  5  GLN  N  14.391  26.376  26.314  4.74
55  5  GLN  CA  14.458  26.561  27.778  1.79
56  5  GLN  C  13.297  25.778  28.391  1.67
57  5  GLN  O  12.137  26.145  28.187  2.06
58  5  GLN  CB  14.274  28.028  28.172  8.62
59  5  GLN  CG  15.424  28.944  27.816  127.02
60  5  GLN  H  14.092  27.059  25.885  44.72
61  5  GLN  HA  15.326  26.26  28.09  173.33
62  5  GLN  HB2  13.47  28.363  27.746  4.04
63  5  GLN  HB3  14.128  28.074  29.13  6.3
64  6  ARG  N  13.586  24.687  29.095  129.58
65  6  ARG  CA  12.523  23.892  29.718  50.98
66  6  ARG  C  11.725  24.696  30.743  4.57
67  6  ARG  O  12.189  25.714  31.285  1.21
68  6  ARG  CB  13.086  22.638  30.357  56.17
69  6  ARG  H  14.382  24.39  29.225  0.92
70  6  ARG  HA  11.913  23.636  29.009  0.7
71  7  ILE  N  10.513  24.225  31  3.58
72  7  ILE  CA  9.61  24.883  31.944  176.48
73  7  ILE  C  10.103  24.796  33.399  5.71
74  7  ILE  O  10.581  23.757  33.842  61.92
75  7  ILE  CB  8.148  24.316  31.786  174.63
76  7  ILE  CG1  7.18  25.105  32.65  3.98
77  7  ILE  CG2  8.092  22.795  32.08  1.84
78  7  ILE  CD  5.745  24.655  32.508  130.8
79  7  ILE  H  10.188  23.517  30.635  59.49
80  7  ILE  HA  9.599  25.828  31.726  4.79
81  7  ILE  HB  7.875  24.426  30.862  4.38
82  7  ILE  HG21  7.181  22.478  31.974  32.06
83  7  ILE  HG22  8.672  22.324  31.461  118.97
84  7  ILE  HG23  8.388  22.63  32.989  53.59
85  8  ASP  N  10.059  25.914  34.109  8.08
86  8  ASP  CA  10.473  25.943  35.501  8.8
87  8  ASP  C  9.401  26.64  36.323  117.11
88  8  ASP  O  9.33  27.879  36.401  54.17
89  8  ASP  CB  11.808  26.655  35.674  174.39
90  8  ASP  CG  12.297  26.639  37.128  1.14
91  8  ASP  OD1  12.133  25.599  37.806  37.08
92  8  ASP  OD2  12.853  27.667  37.579  58.97
93  8  ASP  H  9.791  26.671  33.8  62.41
94  8  ASP  HA  10.587  25.03  35.807  174.33
95  8  ASP  HB2  12.472  26.233  35.108  122.39
96  8  ASP  HB3  11.723  27.574  35.374  7.54
97  9  LEU  N  8.555  25.827  36.939  4.41
98  9  LEU  CA  7.474  26.359  37.732  1.46
99  9  LEU  C  7.908  27.191  38.956  4.51
100  9  LEU  O  7.274  28.19  39.286  4.28
101  9  LEU  CB  6.536  25.221  38.109  8.17
102  9  LEU  CG  5.774  24.59  36.941  127.85
103  9  LEU  CD1  4.964  23.387  37.433  130.9
104  9  LEU  CD2  4.869  25.651  36.352  130.9
105  9  LEU  H  8.594  24.968  36.908  1.9
106  9  LEU  HA  7.008  27.007  37.18  29.65
107  9  LEU  HB2  7.052  24.529  38.551  5.39
108  9  LEU  HB3  5.893  25.552  38.755  9.49
109  9  LEU  HG  6.388  24.27  36.262  122.34
110  9  LEU  HD11  4.484  22.993  36.688  60.48
111  9  LEU  HD12  5.564  22.728  37.816  172.7
112  9  LEU  HD13  4.33  23.677  38.107  6.85
113  9  LEU  HD21  4.373  25.276  35.607  39.25
114  9  LEU  HD22  4.249  25.96  37.03  53.86
115  9  LEU  HD23  5.405  26.397  36.04  177.43
116  10  ASN  N  9.011  26.822  39.596  4.29
117  10  ASN  CA  9.466  27.568  40.747  8.35
118  10  ASN  C  9.796  28.98  40.321  4.09
119  10  ASN  O  9.39  29.931  40.982  1.72
120  10  ASN  CB  10.675  26.915  41.406  174.87
121  10  ASN  CG  10.411  25.464  41.834  46.93
122  10  ASN  OD1  9.496  25.172  42.606  8.6
123  10  ASN  ND2  11.219  24.551  41.327  4.88
124  10  ASN  H  9.502  26.15  39.379  2.19
125  10  ASN  HA  8.755  27.579  41.406  2.56
126  10  ASN  HB2  11.424  26.934  40.789  1.77
127  10  ASN  HB3  10.934  27.435  42.183  1.81
128  10  ASN  HD21  11.115  23.723  41.533  127.16
129  10  ASN  HD22  11.849  24.785  40.79  55.12
130  11  GLN  N  10.477  29.151  39.192  175.52
131  11  GLN  CA  10.804  30.516  38.729  63.74
132  11  GLN  C  9.55  31.278  38.276  30.11
133  11  GLN  O  9.456  32.5  38.38  6.55
134  11  GLN  CB  11.82  30.47  37.59  174.07
135  11  GLN  H  10.756  28.515  38.685  106.54
136  11  GLN  HA  11.19  30.99  39.482  45.32
137  12  LEU  N  8.581  30.531  37.772  8.7
138  12  LEU  CA  7.342  31.112  37.282  8.17
139  12  LEU  C  6.336  31.513  38.373  4.51
140  12  LEU  O  5.696  32.564  38.286  2.86
141  12  LEU  CB  6.679  30.105  36.328  2.62
142  12  LEU  CG  5.555  30.573  35.406  109.01
143  12  LEU  CD1  6.14  31.484  34.346  6.42
144  12  LEU  CD2  4.863  29.392  34.773  45.62
145  12  LEU  H  8.622  29.675  37.704  121.58
146  12  LEU  HA  7.585  31.939  36.838  54.47
147  12  LEU  HB2  7.378  29.731  35.769  176.66
148  12  LEU  HB3  6.329  29.379  36.868  4.45
149  12  LEU  HG  4.893  31.06  35.921  43.69
150  12  LEU  HD11  5.434  31.787  33.754  7.79
151  12  LEU  HD12  6.556  32.25  34.771  4.93
152  12  LEU  HD13  6.805  30.999  33.833  114.85
153  12  LEU  HD21  4.153  29.706  34.191  7.75
154  12  LEU  HD22  5.504  28.882  34.254  4.32
155  12  LEU  HD23  4.486  28.828  35.466  1.49
156  13  LEU  N  6.223  30.687  39.409  1.39
157  13  LEU  CA  5.244  30.892  40.48  45.35
158  13  LEU  C  5.711  31.293  41.894  171.07
159  13  LEU  O  4.884  31.658  42.731  175.38
160  13  LEU  CB  4.456  29.598  40.625  8.31
161  13  LEU  CG  3.698  29.069  39.438  9.5
162  13  LEU  CD1  3.058  27.739  39.813  3.01
163  13  LEU  CD2  2.661  30.113  39.089  114.64
164  13  LEU  H  6.713  29.988  39.513  121.14
165  13  LEU  HA  4.758  31.675  40.178  54.12
166  13  LEU  HB2  5.076  28.908  40.908  175.39
167  13  LEU  HB3  3.82  29.722  41.347  123.25
168  13  LEU  HG  4.271  28.908  38.672  40.92
169  13  LEU  HD11  2.567  27.39  39.053  180.63
170  13  LEU  HD12  3.749  27.108  40.068  4.67
171  13  LEU  HD13  2.45  27.871  40.557  17.57
172  13  LEU  HD21  2.145  29.814  38.324  8.54
173  13  LEU  HD22  2.069  30.247  39.846  4.45
174  13  LEU  HD23  3.103  30.949  38.873  2.58
175  14  ILE  N  7.004  31.163  42.172  2.44
176  14  ILE  CA  7.565  31.453  43.477  118.14
177  14  ILE  C  8.58  32.588  43.481  55.07
178  14  ILE  O  9.634  32.502  42.854  172.44
179  14  ILE  CB  8.246  30.21  44.007  4.95
180  14  ILE  CG1  7.202  29.098  44.146  51.82
181  14  ILE  CG2  8.953  30.505  45.309  2.91
182  14  ILE  CD  7.774  27.74  44.54  7.85
183  14  ILE  H  7.586  30.899  41.596  4.7
184  14  ILE  HA  6.822  31.734  44.034  2.74
185  14  ILE  HB  8.929  29.911  43.387  55.51
186  14  ILE  HG21  9.383  29.699  45.634  173.17
187  14  ILE  HG22  9.622  31.193  45.166  175.73
188  14  ILE  HG23  8.308  30.814  45.965  62.16
189  15  GLN  N  8.262  33.638  44.229  176.6
190  15  GLN  CA  9.118  34.794  44.353  4.04
191  15  GLN  C  10.155  34.566  45.434  32.88
192  15  GLN  O  11.328  34.897  45.262  61.04
193  15  GLN  CB  8.287  36.02  44.704  177.33
194  15  GLN  CG  7.387  36.506  43.585  3.94
195  15  GLN  CD  6.243  35.56  43.281  62.02
196  15  GLN  OE1  5.737  34.894  44.174  53.33
197  15  GLN  NE2  5.822  35.499  42.022  7.06
198  15  GLN  H  7.533  33.694  44.682  126.09
199  15  GLN  HA  9.567  34.938  43.505  8.51
200  15  GLN  HB2  7.74  35.816  45.479  2.38
201  15  GLN  HB3  8.884  36.74  44.96  111.36
202  15  GLN  HG2  7.026  37.374  43.823  45.22
203  15  GLN  HG3  7.918  36.63  42.783  174.15
204  15  GLN  HE21  6.2  35.981  41.418  3.05
205  15  GLN  HE22  5.171  34.978  41.811  8.21
206  16  HSE  N  9.714  33.982  46.545  3.8
207  16  HSE  CA  10.574  33.713  47.694  3.05
208  16  HSE  C  10.629  32.218  48.031  116.68
209  16  HSE  O  10.042  31.759  49.019  56.7
210  16  HSE  CB  10.071  34.501  48.904  175.53
211  16  HSE  CG  9.855  35.954  48.629  58.65
212  16  HSE  ND1  8.602  36.529  48.612  30.99
213  16  HSE  CD2  10.726  36.943  48.317  1.77
214  16  HSE  CE1  8.707  37.809  48.294  30.43
215  16  HSE  NE2  9.987  38.085  48.111  112.14
216  17  PRO  N  11.474  31.469  47.312  1.9
217  17  PRO  CA  11.631  30.026  47.505  3.9
218  17  PRO  C  11.822  29.511  48.934  3.73
219  17  PRO  O  11.35  28.425  49.294  7.98
220  17  PRO  CB  12.843  29.709  46.626  4.04
221  17  PRO  CG  13.592  30.976  46.595  1.69
222  17  PRO  CD  12.521  31.991  46.43  2.34
223  17  PRO  HA  10.804  29.575  47.273  7.33
224  17  PRO  HB2  13.375  28.989  46.999  3.76
225  17  PRO  HB3  12.575  29.432  45.736  119.25
226  17  PRO  HG2  14.097  31.115  47.412  59.27
227  17  PRO  HG3  14.227  31.001  45.862  6.91
228  17  PRO  HD2  12.814  32.876  46.698  2.01
229  17  PRO  HD3  12.222  32.058  45.51  29.38
230  18  SER  N  12.495  30.306  49.739  1.86
231  18  SER  CA  12.826  29.955  51.103  3.86
232  18  SER  C  11.762  30.288  52.121  119.3
233  18  SER  O  11.916  29.96  53.302  58.16
234  18  SER  CB  14.102  30.695  51.457  174.11
235  18  SER  OG  14.217  31.809  50.566  4.29
236  18  SER  H  12.779  31.083  49.504  39.06
237  18  SER  HA  12.92  28.99  51.139  8.81
238  18  SER  HB2  14.076  30.997  52.378  3.66
239  18  SER  HB3  14.871  30.109  51.371  120.15
240  18  SER  HG  14.917  32.238  50.742  7.66
241  19  ALA  N  10.714  30.977  51.685  4.41
242  19  ALA  CA  9.634  31.368  52.588  1.71
243  19  ALA  C  8.3  31.03  51.951  29.32
244  19  ALA  O  7.29  31.684  52.23  57.87
245  19  ALA  CB  9.716  32.86  52.891  7.03
246  19  ALA  H  10.607  31.229  50.87  4.93
247  19  ALA  HA  9.72  30.882  53.423  2.59
248  19  ALA  HB1  8.995  33.109  53.491  3.15
249  19  ALA  HB2  10.568  33.059  53.31  7.86
250  19  ALA  HB3  9.637  33.363  52.065  8.19
251  20  THR  N  8.302  30.001  51.1  2.33
252  20  THR  CA  7.11  29.572  50.377  62.72
253  20  THR  C  6.839  28.116  50.621  2.07
254  20  THR  O  7.734  27.292  50.494  1.7
255  20  THR  CB  7.299  29.751  48.861  32.67
256  20  THR  OG1  7.491  31.137  48.562  3.98
257  20  THR  CG2  6.094  29.253  48.103  3.98
258  20  THR  H  9.002  29.531  50.927  173.98
259  20  THR  HA  6.372  30.116  50.695  121.1
260  20  THR  HB  8.076  29.236  48.591  57.88
261  20  THR  HG1  8.289  31.349  48.717  176.63
262  20  THR  HG21  6.236  29.376  47.151  1.49
263  20  THR  HG22  5.96  28.311  48.29  30.4
264  20  THR  HG23  5.309  29.751  48.379  4.99
265  21  TYR  N  5.593  27.774  50.916  120.97
266  21  TYR  CA  5.259  26.376  51.159  54.02
267  21  TYR  C  3.884  26.132  50.608  174.33
268  21  TYR  O  3.194  27.087  50.24  2.03
269  21  TYR  CB  5.319  26.035  52.668  38.93
270  21  TYR  CG  4.46  26.914  53.577  54.73
271  21  TYR  CD1  4.929  28.147  54.006  26.55
272  21  TYR  CD2  3.168  26.519  53.973  3.68
273  21  TYR  CE1  4.149  28.978  54.801  8.33
274  21  TYR  CE2  2.366  27.347  54.769  54.98
275  21  TYR  CZ  2.872  28.585  55.174  2.44
276  21  TYR  OH  2.109  29.493  55.879  2.58
277  21  TYR  H  4.935  28.324  50.98  118.63
278  21  TYR  HA  5.905  25.801  50.719  63.63
279  21  TYR  HB2  5.046  25.112  52.786  173.5
280  21  TYR  HB3  6.241  26.098  52.961  8.16
281  21  TYR  HD1  5.782  28.423  53.757  3.62
282  21  TYR  HD2  2.841  25.692  53.701  8.38
283  21  TYR  HE1  4.483  29.799  55.083  8.29
284  21  TYR  HE2  1.513  27.078  55.023  8.19
285  21  TYR  HH  2.541  30.207  55.977  4.12
286  22  PHE  N  3.488  24.869  50.518  60.56
287  22  PHE  CA  2.17  24.577  50.008  174.63
288  22  PHE  C  1.285  23.943  51.059  1.93
289  22  PHE  O  1.712  23.083  51.81  27.59
290  22  PHE  CB  2.226  23.777  48.668  58.77
291  22  PHE  CG  2.054  22.262  48.801  130.4
292  22  PHE  CD1  0.774  21.683  48.85  61.28
293  22  PHE  CD2  3.17  21.42  48.83  41.7
294  22  PHE  CE1  0.62  20.305  48.935  7.71
295  22  PHE  CE2  3.033  20.035  48.916  38.42
296  22  PHE  CZ  1.766  19.473  48.968  2.18
297  22  PHE  H  3.959  24.185  50.743  1.97
298  22  PHE  HA  1.748  25.422  49.788  2.43
299  22  PHE  HB2  1.535  24.115  48.078  8.91
300  22  PHE  HB3  3.077  23.954  48.238  3.99
301  22  PHE  HD1  0.021  22.229  48.825  1.68
302  22  PHE  HD2  4.022  21.792  48.791  59.6
303  22  PHE  HE1  -0.231  19.931  48.97  64.87
304  22  PHE  HE2  3.787  19.491  48.938  176.63
305  22  PHE  HZ  1.669  18.55  49.025  27.93
306  23  VAL  N  0.044  24.406  51.099  31.02
307  23  VAL  CA  -0.985  23.94  52.017  8.48
308  23  VAL  C  -2.144  23.407  51.182  7.5
309  23  VAL  O  -2.524  24.014  50.209  3.77
310  23  VAL  CB  -1.487  25.11  52.891  126.79
311  23  VAL  CG1  -2.796  24.752  53.565  61.06
312  23  VAL  CG2  -0.45  25.453  53.91  3.06
313  23  VAL  H  -0.233  25.025  50.571  2.73
314  23  VAL  HA  -0.627  23.25  52.597  33.23
315  23  VAL  HB  -1.644  25.882  52.325  6.64
316  23  VAL  HG11  -3.095  25.498  54.109  22.47
317  23  VAL  HG12  -3.465  24.556  52.89  8.29
318  23  VAL  HG13  -2.668  23.973  54.128  4.8
319  23  VAL  HG21  -0.766  26.188  54.459  1.7
320  23  VAL  HG22  -0.28  24.681  54.472  41.01
321  23  VAL  HG23  0.37  25.714  53.462  54.37
322  24  LYS  N  -2.698  22.273  51.554  8.3
323  24  LYS  CA  -3.813  21.718  50.829  3.25
324  24  LYS  C  -5.062  22.338  51.459  1.73
325  24  LYS  O  -5.16  22.415  52.671  7.74
326  24  LYS  CB  -3.803  20.197  50.994  127.29
327  24  LYS  CG  -4.833  19.447  50.163  59.01
328  24  LYS  CD  -4.641  17.955  50.208  119.2
329  24  LYS  CE  -3.305  17.541  49.668  8.39
330  24  LYS  NZ  -3.202  16.053  49.716  36.13
331  24  LYS  H  -2.44  21.807  52.229  22.97
332  24  LYS  HA  -3.779  21.908  49.878  21.28
333  24  LYS  HB2  -2.92  19.867  50.763  8.87
334  24  LYS  HB3  -3.949  19.987  51.93  4.37
335  24  LYS  HG2  -5.722  19.665  50.484  2.15
336  24  LYS  HG3  -4.782  19.748  49.242  3
337  24  LYS  HD2  -4.728  17.647  51.124  3
338  24  LYS  HD3  -5.343  17.524  49.696  7.34
339  24  LYS  HE2  -3.2  17.855  48.756  8.31
340  24  LYS  HE3  -2.593  17.943  50.19  3.71
341  24  LYS  HZ1  -2.411  15.8  49.397  2.37
342  24  LYS  HZ2  -3.284  15.777  50.558  127.31
343  24  LYS  HZ3  -3.85  15.694  49.222  61.8
344  25  ALA  N  -5.972  22.858  50.644  176.03
345  25  ALA  CA  -7.189  23.474  51.154  46.11
346  25  ALA  C  -8.182  22.428  51.604  32.86
347  25  ALA  O  -8.119  21.282  51.185  21.07
348  25  ALA  CB  -7.793  24.367  50.124  55.25
349  25  ALA  H  -5.902  22.864  49.787  8.24
350  25  ALA  HA  -6.953  24.011  51.927  3.99
351  25  ALA  HB1  -8.602  24.769  50.478  1.86
352  25  ALA  HB2  -7.161  25.065  49.89  120.3
353  25  ALA  HB3  -8.01  23.849  49.333  8.72
354  26  SER  N  -9.13  22.844  52.428  2.15
355  26  SER  CA  -10.105  21.93  52.973  1.96
356  26  SER  C  -11.46  22.506  53.015  1.63
357  26  SER  O  -11.637  23.662  53.363  1.58
358  26  SER  CB  -9.731  21.579  54.387  129.01
359  26  SER  OG  -8.7  20.623  54.356  53.97
360  26  SER  H  -9.223  23.66  52.684  178.11
361  26  SER  HA  -10.109  21.153  52.392  4.43
362  26  SER  HB2  -9.44  22.372  54.865  17.85
363  26  SER  HB3  -10.501  21.228  54.861  8.76
364  26  SER  HG  -8.482  20.42  55.141  3.57
365  27  GLY  N  -12.439  21.668  52.746  178.27
366  27  GLY  CA  -13.8  22.144  52.76  54.45
367  27  GLY  C  -14.044  23.14  51.656  36.19
368  27  GLY  O  -13.17  23.42  50.841  111.06
369  27  GLY  H  -12.34  20.835  52.556  44.67
370  27  GLY  HA2  -14.408  21.394  52.662  1.52
371  27  GLY  HA3  -13.992  22.555  53.617  118.88
372  28  ASP  N  -15.205  23.757  51.692  9.59
373  28  ASP  CA  -15.522  24.678  50.649  3.29
374  28  ASP  C  -15.983  26.038  51.08  4.24
375  28  ASP  O  -16.781  26.661  50.388  119.63
376  28  ASP  CB  -16.543  24.033  49.734  51.9
377  28  ASP  CG  -17.623  23.314  50.497  2.24
378  28  ASP  OD1  -18.38  24.014  51.211  2.24
379  28  ASP  OD2  -17.688  22.059  50.389  39.9
380  28  ASP  H  -15.806  23.656  52.299  113.1
381  28  ASP  HA  -14.685  24.859  50.192  61.8
382  28  ASP  HB2  -16.946  24.713  49.172  66.92
383  28  ASP  HB3  -16.095  23.407  49.144  8.14
384  29  SER  N  -15.461  26.51  52.205  4.78
385  29  SER  CA  -15.789  27.832  52.729  3.06
386  29  SER  C  -15.22  28.889  51.792  2.67
387  29  SER  O  -15.504  30.076  51.93  179.07
388  29  SER  CB  -15.168  28.011  54.124  120.47
389  29  SER  OG  -13.748  27.953  54.108  118.83
390  29  SER  H  -14.903  26.071  52.69  56.58
391  29  SER  HA  -16.753  27.924  52.793  175.85
392  29  SER  HB2  -15.448  28.864  54.491  2.98
393  29  SER  HB3  -15.509  27.322  54.716  33.48
394  29  SER  HG  -13.488  27.321  54.597  7.2
395  30  ILE  N  -15.009  28.319  48.053  7.2
396  30  ILE  CA  -15.247  28.028  46.632  6.79
397  30  ILE  C  -15.438  29.242  45.722  6.79
398  30  ILE  O  -14.786  29.35  44.688  8.14
399  30  ILE  CB  -16.389  27.039  46.384  4.32
400  30  ILE  CG1  -17.667  27.508  47.015  1.62
401  30  ILE  CG2  -16.009  25.659  46.864  10.42
402  30  ILE  CD  -18.725  26.46  46.924  1.49
403  30  ILE  HA  -14.404  27.617  46.383  7.97
404  30  ILE  HB  -16.544  26.992  45.428  4.37
405  30  ILE  HG21  -16.742  25.046  46.7  3.84
406  30  ILE  HG22  -15.221  25.356  46.386  118.7
407  30  ILE  HG23  -15.819  25.688  47.815  52.44
408  31  ASP  N  -16.246  30.201  46.144  8.36
409  31  ASP  CA  -16.472  31.375  45.317  53.54
410  31  ASP  C  -15.169  32.126  45.07  119
411  31  ASP  O  -15.084  32.958  44.162  128.74
412  31  ASP  CB  -17.536  32.28  45.954  53.46
413  31  ASP  CG  -18.893  31.557  46.141  173.52
414  31  ASP  OD1  -19.13  30.531  45.453  8.91
415  31  ASP  OD2  -19.733  32.006  46.965  44.79
416  31  ASP  H  -16.668  30.194  46.894  2.86
417  31  ASP  HA  -16.806  31.086  44.453  2.86
418  31  ASP  HB2  -17.218  32.592  46.815  7.68
419  31  ASP  HB3  -17.664  33.064  45.398  8.62
420  32  GLY  N  -14.141  31.806  45.842  4.33
421  32  GLY  CA  -12.867  32.483  45.683  1.07
422  32  GLY  C  -11.914  31.664  44.855  0.98
423  32  GLY  O  -10.721  31.965  44.784  2.68
424  32  GLY  H  -14.16  31.206  46.458  8.36
425  32  GLY  HA2  -13.007  33.345  45.261  4.89
426  32  GLY  HA3  -12.478  32.653  46.555  3.27
427  33  GLY  N  -12.419  30.561  44.308  121.55
428  33  GLY  CA  -11.607  29.701  43.461  8.87
429  33  GLY  C  -10.893  28.553  44.139  4.51
430  33  GLY  O  -10.188  27.766  43.475  126.8
431  33  GLY  H  -13.23  30.295  44.416  54.74
432  33  GLY  HA2  -12.177  29.335  42.767  174.16
433  33  GLY  HA3  -10.942  30.252  43.02  7.89
434  34  ILE  N  -11.043  28.461  45.457  33.08
435  34  ILE  CA  -10.396  27.394  46.199  8.82
436  34  ILE  C  -11.428  26.324  46.495  4.05
437  34  ILE  O  -12.572  26.619  46.871  1.11
438  34  ILE  CB  -9.723  27.921  47.478  176.1
439  34  ILE  CG1  -8.759  29.048  47.102  7.64
440  34  ILE  CG2  -8.943  26.829  48.142  4.03
441  34  ILE  CD  -7.969  29.635  48.236  8.25
442  34  ILE  H  -11.511  29.002  45.934  4.98
443  34  ILE  HA  -9.683  27.009  45.665  1.5
444  34  ILE  HB  -10.407  28.243  48.086  108.78
445  34  ILE  HG21  -8.524  27.173  48.946  1.16
446  34  ILE  HG22  -9.54  26.101  48.375  8.51
447  34  ILE  HG23  -8.259  26.504  47.535  4.46
448  35  SER  N  -11.02  25.075  46.345  119.4
449  35  SER  CA  -11.911  23.951  46.564  3.96
450  35  SER  C  -11.196  22.864  47.325  3.93
451  35  SER  O  -9.98  22.741  47.276  123.05
452  35  SER  CB  -12.412  23.393  45.229  55.65
453  35  SER  OG  -13.033  24.416  44.454  176.13
454  35  SER  H  -10.221  24.855  46.114  127.72
455  35  SER  HA  -12.671  24.261  47.081  53.47
456  35  SER  HB2  -11.67  23.012  44.734  173.55
457  35  SER  HB3  -13.044  22.675  45.39  1.81
458  35  SER  HG  -13.3  24.093  43.726  43.56
459  36  ASP  N  -11.973  22.049  48.005  7.29
460  36  ASP  CA  -11.401  21.004  48.781  8.75
461  36  ASP  C  -10.394  20.214  47.968  7.35
462  36  ASP  O  -10.741  19.647  46.945  9.28
463  36  ASP  CB  -12.498  20.075  49.313  4.54
464  36  ASP  CG  -11.956  19.02  50.274  1.16
465  36  ASP  OD1  -11.459  19.422  51.347  1.23
466  36  ASP  OD2  -12.01  17.798  49.959  121.05
467  36  ASP  H  -12.832  22.092  48.024  56.18
468  36  ASP  HA  -10.937  21.405  49.532  172.93
469  36  ASP  HB2  -13.174  20.604  49.766  45.59
470  36  ASP  HB3  -12.935  19.635  48.567  39.69
471  37  GLY  N  -9.133  20.252  48.379  8.5
472  37  GLY  CA  -8.127  19.462  47.722  4.38
473  37  GLY  C  -7.045  20.238  47.064  123.12
474  37  GLY  O  -5.926  19.766  47.022  53.09
475  37  GLY  H  -8.848  20.73  49.035  175.48
476  37  GLY  HA2  -7.727  18.866  48.374  4.3
477  37  GLY  HA3  -8.558  18.905  47.055  43.24
478  38  ASP  N  -7.339  21.434  46.576  127
479  38  ASP  CA  -6.336  22.225  45.854  4.79
480  38  ASP  C  -5.112  22.452  46.676  8.92
481  38  ASP  O  -5.134  22.237  47.878  8.19
482  38  ASP  CB  -6.881  23.59  45.454  4.88
483  38  ASP  CG  -8.161  23.503  44.668  2.63
484  38  ASP  OD1  -8.388  22.506  43.959  2.11
485  38  ASP  OD2  -8.948  24.444  44.76  123.08
486  38  ASP  H  -8.109  21.81  46.648  58.74
487  38  ASP  HA  -6.112  21.709  45.064  173.52
488  38  ASP  HB2  -7.033  24.119  46.253  1.84
489  38  ASP  HB3  -6.214  24.057  44.927  34.27
490  39  LEU  N  -4.03  22.831  46.017  1.61
491  39  LEU  CA  -2.801  23.141  46.7  23.23
492  39  LEU  C  -2.761  24.635  46.692  8.79
493  39  LEU  O  -3.005  25.257  45.658  4.54
494  39  LEU  CB  -1.591  22.695  45.921  2.11
495  39  LEU  CG  -1.366  21.216  45.76  61.39
496  39  LEU  CD1  0.135  21.033  45.561  8.76
497  39  LEU  CD2  -1.892  20.464  47.011  120.9
498  39  LEU  H  -3.993  22.914  45.162  7.71
499  39  LEU  HA  -2.78  22.714  47.571  116.6
500  39  LEU  HB2  -1.646  23.086  45.035  54.42
501  39  LEU  HB3  -0.806  23.071  46.349  8.5
502  39  LEU  HG  -1.846  20.849  45.001  62.01
503  39  LEU  HD11  0.335  20.09  45.452  176.63
504  39  LEU  HD12  0.418  21.517  44.769  136.6
505  39  LEU  HD13  0.608  21.375  46.335  33.36
506  39  LEU  HD21  -1.745  19.511  46.902  41.59
507  39  LEU  HD22  -1.42  20.776  47.799  125.2
508  39  LEU  HD23  -2.841  20.634  47.116  4.73
509  40  LEU  N  -2.42  25.228  47.822  1.95
510  40  LEU  CA  -2.335  26.661  47.89  1.86
511  40  LEU  C  -0.858  26.85  48.002  1.7
512  40  LEU  O  -0.195  26.021  48.608  1.78
513  40  LEU  CB  -3.05  27.195  49.125  3.08
514  40  LEU  CG  -4.504  26.77  49.151  8.98
515  40  LEU  CD1  -5.109  27.058  50.494  115.61
516  40  LEU  CD2  -5.233  27.433  48.035  59.16
517  40  LEU  H  -2.236  24.817  48.554  174.43
518  40  LEU  HA  -2.745  27.124  47.143  2.42
519  40  LEU  HB2  -2.603  26.873  49.924  43.45
520  40  LEU  HB3  -2.994  28.163  49.139  32.06
521  40  LEU  HG  -4.574  25.812  49.017  18.5
522  40  LEU  HD11  -6.039  26.781  50.496  7.08
523  40  LEU  HD12  -4.625  26.57  51.179  7.68
524  40  LEU  HD13  -5.055  28.009  50.676  5.26
525  40  LEU  HD21  -6.164  27.162  48.05  1.5
526  40  LEU  HD22  -5.175  28.396  48.137  8.27
527  40  LEU  HD23  -4.835  27.174  47.189  4.26
528  41  ILE  N  -0.332  27.81  47.253  2.12
529  41  ILE  CA  1.079  28.124  47.303  172.77
530  41  ILE  C  1.072  29.353  48.213  1.46
531  41  ILE  O  0.378  30.343  47.942  33.19
532  41  ILE  CB  1.65  28.376  45.88  8.41
533  41  ILE  CG1  1.57  27.076  45.094  57.82
534  41  ILE  CG2  3.097  28.817  45.922  112.87
535  41  ILE  CD  2.039  27.191  43.685  57.41
536  41  ILE  H  -0.785  28.294  46.705  173.19
537  41  ILE  HA  1.656  27.419  47.637  4.18
538  41  ILE  HB  1.129  29.081  45.465  65.85
539  41  ILE  HG21  3.417  28.964  45.018  1.49
540  41  ILE  HG22  3.17  29.641  46.428  8.42
541  41  ILE  HG23  3.633  28.129  46.346  4.69
542  42  VAL  N  1.762  29.216  49.35  3.67
543  42  VAL  CA  1.831  30.253  50.375  3.85
544  42  VAL  C  3.192  30.935  50.526  3.84
545  42  VAL  O  4.218  30.267  50.663  105.5
546  42  VAL  CB  1.396  29.67  51.748  45
547  42  VAL  CG1  1.084  30.784  52.701  170.97
548  42  VAL  CG2  0.189  28.76  51.582  57.33
549  42  VAL  H  2.208  28.507  49.546  7.98
550  42  VAL  HA  1.223  30.945  50.072  3.13
551  42  VAL  HB  2.126  29.144  52.109  3.79
552  42  VAL  HG11  0.813  30.413  53.555  120.69
553  42  VAL  HG12  1.872  31.336  52.824  51.88
554  42  VAL  HG13  0.364  31.326  52.342  112.7
555  42  VAL  HG21  -0.07  28.405  52.447  7.71
556  42  VAL  HG22  -0.549  29.266  51.207  44.17
557  42  VAL  HG23  0.415  28.028  50.987  1.86
558  43  ASP  N  3.172  32.268  50.548  1.86
559  43  ASP  CA  4.382  33.085  50.681  2.31
560  43  ASP  C  4.352  33.704  52.063  7.68
561  43  ASP  O  3.543  34.58  52.327  4.52
562  43  ASP  CB  4.383  34.22  49.628  2.56
563  43  ASP  CG  5.783  34.836  49.378  2.27
564  43  ASP  OD1  6.712  34.701  50.208  9.15
565  43  ASP  OD2  5.944  35.459  48.309  62.7
566  43  ASP  H  2.449  32.729  50.486  175.94
567  43  ASP  HA  5.172  32.538  50.549  1.89
568  43  ASP  HB2  4.036  33.874  48.791  7.2
569  43  ASP  HB3  3.777  34.92  49.918  4.59
570  44  SER  N  5.244  33.253  52.929  2.39
571  44  SER  CA  5.306  33.762  54.286  4.09
572  44  SER  C  6.273  34.916  54.416  7.68
573  44  SER  O  6.587  35.311  55.524  118.3
574  44  SER  CB  5.728  32.666  55.262  1.8
575  44  SER  OG  7.103  32.382  55.119  0.89
576  44  SER  H  5.827  32.647  52.748  28.79
577  44  SER  HA  4.413  34.074  54.501  29.38
578  44  SER  HB2  5.543  32.946  56.172  123.95
579  44  SER  HB3  5.208  31.863  55.101  50.53
580  44  SER  HG  7.244  32.051  54.36  175.47
581  45  ALA  N  6.8  35.419  53.307  8.65
582  45  ALA  CA  7.738  36.534  53.391  18.63
583  45  ALA  C  7.082  37.859  53.027  8.52
584  45  ALA  O  7.738  38.894  52.978  4.7
585  45  ALA  CB  8.925  36.285  52.51  1.74
586  45  ALA  H  6.634  35.138  52.511  2.25
587  45  ALA  HA  8.032  36.596  54.313  2.25
588  45  ALA  HB1  9.539  37.033  52.575  122.4
589  45  ALA  HB2  9.374  35.473  52.793  62.57
590  45  ALA  HB3  8.631  36.188  51.591  176.99
591  46  ILE  N  5.79  37.833  52.751  56.81
592  46  ILE  CA  5.105  39.045  52.392  174.93
593  46  ILE  C  4.056  39.35  53.457  2.27
594  46  ILE  O  3.45  38.447  54.04  50.61
595  46  ILE  CB  4.487  38.957  50.938  4.44
596  46  ILE  CG1  3.442  37.857  50.843  3.63
597  46  ILE  CG2  5.604  38.688  49.884  2.08
598  46  ILE  CD  2.81  37.799  49.48  9.09
599  46  ILE  H  5.299  37.127  52.767  1.45
600  46  ILE  HA  5.738  39.78  52.362  3.46
601  46  ILE  HB  4.062  39.809  50.755  3.56
602  46  ILE  HG21  5.209  38.637  49  114.5
603  46  ILE  HG22  6.252  39.41  49.907  62.3
604  46  ILE  HG23  6.047  37.85  50.089  173.92
605  47  THR  N  3.857  40.628  53.744  5.07
606  47  THR  CA  2.894  40.998  54.749  67.96
607  47  THR  C  1.504  41.065  54.149  1.5
608  47  THR  O  1.291  41.721  53.125  1.57
609  47  THR  CB  3.25  42.353  55.407  8.82
610  47  THR  OG1  4.61  42.308  55.865  4.18
611  47  THR  CG2  2.334  42.636  56.606  3.89
612  47  THR  H  4.267  41.285  53.37  3.83
613  47  THR  HA  2.913  40.315  55.438  63.25
614  47  THR  HB  3.133  43.057  54.75  7.48
615  47  THR  HG1  4.81  43.042  56.222  7.4
616  47  THR  HG21  2.574  43.488  57.003  124.35
617  47  THR  HG22  1.411  42.667  56.308  61.27
618  47  THR  HG23  2.437  41.932  57.266  175.54
619  48  ALA  N  0.574  40.368  54.8  6.78
620  48  ALA  CA  -0.822  40.322  54.386  33.6
621  48  ALA  C  -1.427  41.703  54.259  4.31
622  48  ALA  O  -0.986  42.65  54.918  174.33
623  48  ALA  CB  -1.638  39.502  55.382  8.53
624  48  ALA  H  0.741  39.903  55.504  4.79
625  48  ALA  HA  -0.846  39.904  53.511  1.79
626  48  ALA  HB1  -2.565  39.477  55.098  8.21
627  48  ALA  HB2  -1.288  38.598  55.421  4.45
628  48  ALA  HB3  -1.58  39.909  56.261  2.98
629  49  SER  N  -2.469  41.803  53.446  2.74
630  49  SER  CA  -3.16  43.059  53.267  124.3
631  49  SER  C  -4.647  42.852  53.209  3.08
632  49  SER  O  -5.117  41.741  53.02  128.01
633  49  SER  CB  -2.685  43.767  52.02  60.34
634  49  SER  OG  -1.361  44.236  52.227  174.52
635  49  SER  H  -2.79  41.149  52.989  2.14
636  49  SER  HA  -2.956  43.617  54.034  41.63
637  49  SER  HB2  -2.711  43.163  51.262  9.42
638  49  SER  HB3  -3.274  44.509  51.812  8.21
639  49  SER  HG  -1.092  44.629  51.535  4.33
640  50  HSE  N  -5.396  43.927  53.414  8.84
641  50  HSE  CA  -6.847  43.849  53.387  4.31
642  50  HSE  C  -7.128  43.224  52.034  1.46
643  50  HSE  O  -6.524  43.634  51.03  57.27
644  50  HSE  CB  -7.439  45.268  53.448  40.84
645  50  HSE  CG  -8.941  45.307  53.485  123.55
646  50  HSE  ND1  -9.725  45.065  52.383  60.93
647  50  HSE  CD2  -9.798  45.598  54.493  173.53
648  50  HSE  CE1  -11.002  45.199  52.708  4.86
649  50  HSE  NE2  -11.067  45.517  53.985  111.5
650  51  GLY  N  -7.902  42.154  52.015  9.34
651  51  GLY  CA  -8.229  41.547  50.739  127.61
652  51  GLY  C  -7.495  40.279  50.415  56.73
653  51  GLY  O  -8.058  39.425  49.746  175.74
654  51  GLY  H  -8.24  41.772  52.707  8.62
655  51  GLY  HA2  -9.181  41.364  50.721  30.98
656  51  GLY  HA3  -8.051  42.193  50.037  112.9
657  52  ASP  N  -6.269  40.131  50.901  7.26
658  52  ASP  CA  -5.478  38.941  50.639  4.15
659  52  ASP  C  -6.139  37.725  51.203  128.78
660  52  ASP  O  -7.003  37.84  52.039  1.2
661  52  ASP  CB  -4.089  39.077  51.239  7.64
662  52  ASP  CG  -3.223  40.068  50.487  7.11
663  52  ASP  OD1  -3.678  40.601  49.463  116.6
664  52  ASP  OD2  -2.073  40.315  50.902  7.74
665  52  ASP  H  -5.874  40.717  51.391  8.91
666  52  ASP  HA  -5.405  38.845  49.677  4.87
667  52  ASP  HB2  -4.166  39.357  52.164  3.03
668  52  ASP  HB3  -3.655  38.21  51.241  2.74
669  53  ILE  N  -5.791  36.56  50.68  6.95
670  53  ILE  CA  -6.314  35.299  51.173  9.87
671  53  ILE  C  -5.099  34.777  51.923  7.31
672  53  ILE  O  -3.971  34.829  51.418  4.31
673  53  ILE  CB  -6.745  34.37  50.038  2.36
674  53  ILE  CG1  -8.093  34.852  49.469  2.26
675  53  ILE  CG2  -6.836  32.915  50.531  119.03
676  53  ILE  CD  -8.626  34.01  48.312  53.78
677  53  ILE  H  -5.241  36.479  50.024  173.87
678  53  ILE  HA  -7.117  35.374  51.712  58.11
679  53  ILE  HB  -6.081  34.395  49.332  3.75
680  53  ILE  HG21  -7.11  32.341  49.798  9.36
681  53  ILE  HG22  -5.969  32.629  50.858  179.17
682  53  ILE  HG23  -7.487  32.856  51.248  128.68
683  54  VAL  N  -5.318  34.384  53.18  112.84
684  54  VAL  CA  -4.236  33.943  54.057  8.9
685  54  VAL  C  -4.487  32.656  54.828  5.21
686  54  VAL  O  -5.622  32.219  54.987  1.64
687  54  VAL  CB  -3.919  35.056  55.116  6.85
688  54  VAL  CG1  -3.412  36.344  54.459  1.69
689  54  VAL  CG2  -5.17  35.383  55.915  3.31
690  54  VAL  H  -6.096  34.366  53.545  7.15
691  54  VAL  HA  -3.5  33.77  53.449  7.03
692  54  VAL  HB  -3.223  34.709  55.696  120.81
693  54  VAL  HG11  -3.228  37.006  55.144  54.62
694  54  VAL  HG12  -2.599  36.157  53.964  175.07
695  54  VAL  HG13  -4.088  36.686  53.853  30.84
696  54  VAL  HG21  -4.967  36.071  56.567  36.65
697  54  VAL  HG22  -5.863  35.701  55.316  8.06
698  54  VAL  HG23  -5.48  34.586  56.373  4.2
699  55  ILE  N  -3.392  32.001  55.192  3.84
700  55  ILE  CA  -3.42  30.8  56.023  3.79
701  55  ILE  C  -3.265  31.464  57.388  8.71
702  55  ILE  O  -2.272  32.173  57.619  4.46
703  55  ILE  CB  -2.174  29.962  55.862  1.48
704  55  ILE  CG1  -1.881  29.738  54.396  111.4
705  55  ILE  CG2  -2.364  28.648  56.526  9.51
706  55  ILE  CD  -2.985  29.015  53.673  4.22
707  55  ILE  H  -2.6  32.243  54.961  1.7
708  55  ILE  HA  -4.186  30.231  55.846  1.64
709  55  ILE  HB  -1.429  30.431  56.27  2.14
710  55  ILE  HG21  -1.562  28.113  56.42  2.14
711  55  ILE  HG22  -2.539  28.785  57.47  7.26
712  55  ILE  HG23  -3.115  28.187  56.122  6.84
713  56  ALA  N  -4.223  31.277  58.288  117.4
714  56  ALA  CA  -4.143  31.913  59.588  128.16
715  56  ALA  C  -4.654  30.988  60.646  52.16
716  56  ALA  O  -5.287  29.982  60.344  177.34
717  56  ALA  CB  -4.951  33.21  59.575  31.53
718  56  ALA  H  -4.921  30.789  58.164  19.69
719  56  ALA  HA  -3.217  32.122  59.786  8.19
720  56  ALA  HB1  -4.896  33.634  60.446  4.34
721  56  ALA  HB2  -4.592  33.808  58.901  1.72
722  56  ALA  HB3  -5.878  33.012  59.37  4.26
723  57  ALA  N  -4.379  31.339  61.899  119.15
724  57  ALA  CA  -4.834  30.556  63.06  121.2
725  57  ALA  C  -5.639  31.479  63.947  60.71
726  57  ALA  O  -5.121  32.509  64.376  5.3
727  57  ALA  CB  -3.63  30  63.861  2.71
728  57  ALA  H  -3.923  32.038  62.106  39.14
729  57  ALA  HA  -5.366  29.804  62.757  104.38
730  57  ALA  HB1  -3.954  29.489  64.619  15.33
731  57  ALA  HB2  -3.097  29.426  63.288  8.84
732  57  ALA  HB3  -3.084  30.736  64.178  8.27
733  58  VAL  N  -6.917  31.179  64.142  4.14
734  58  VAL  CA  -7.722  31.99  65.033  1.64
735  58  VAL  C  -7.938  31.127  66.24  0.94
736  58  VAL  O  -8.424  29.998  66.108  0.74
737  58  VAL  CB  -9.083  32.292  64.511  116.85
738  58  VAL  CG1  -9.716  33.353  65.407  57.48
739  58  VAL  CG2  -9.011  32.709  63.074  177.53
740  58  VAL  H  -7.329  30.52  63.773  1.43
741  58  VAL  HA  -7.267  32.834  65.178  32.89
742  58  VAL  HB  -9.645  31.501  64.533  9
743  58  VAL  HG11  -10.605  33.563  65.082  117.55
744  58  VAL  HG12  -9.775  33.017  66.315  61.4
745  58  VAL  HG13  -9.17  34.155  65.395  1.31
746  58  VAL  HG21  -9.904  32.902  62.748  1.57
747  58  VAL  HG22  -8.459  33.503  62.994  58.22
748  58  VAL  HG23  -8.623  31.992  62.548  0.41
749  59  ASP  N  -7.517  31.626  67.397  4.88
750  59  ASP  CA  -7.669  30.89  68.637  8.18
751  59  ASP  C  -7.093  29.469  68.494  4.29
752  59  ASP  O  -7.775  28.475  68.77  3.99
753  59  ASP  CB  -9.159  30.874  69.06  118.7
754  59  ASP  CG  -9.738  32.316  69.315  2.23
755  59  ASP  OD1  -8.984  33.314  69.371  40.91
756  59  ASP  OD2  -10.965  32.464  69.47  1.96
757  59  ASP  H  -7.139  32.394  67.482  1.96
758  59  ASP  HA  -7.167  31.332  69.339  7.14
759  59  ASP  HB2  -9.682  30.438  68.369  175.66
760  59  ASP  HB3  -9.256  30.344  69.867  1.75
761  60  GLY  N  -5.859  29.4  67.985  8.94
762  60  GLY  CA  -5.15  28.134  67.814  4.88
763  60  GLY  C  -5.596  27.153  66.744  1.48
764  60  GLY  O  -4.963  26.108  66.588  4.39
765  60  GLY  H  -5.412  30.089  67.73  113.45
766  60  GLY  HA2  -4.219  28.346  67.642  56.83
767  60  GLY  HA3  -5.182  27.668  68.664  131.1
768  61  GLU  N  -6.649  27.482  65.993  125.07
769  61  GLU  CA  -7.167  26.619  64.933  31.9
770  61  GLU  C  -6.873  27.215  63.568  51.11
771  61  GLU  O  -7.193  28.383  63.325  9.09
772  61  GLU  CB  -8.658  26.494  65.107  7.16
773  61  GLU  CG  -9.005  25.926  66.468  6.89
774  61  GLU  CD  -10.495  25.748  66.67  115.93
775  61  GLU  OE1  -11.118  25.199  65.739  46.09
776  61  GLU  OE2  -11.035  26.149  67.742  173.84
777  61  GLU  H  -7.085  28.218  66.086  1.84
778  61  GLU  HA  -6.74  25.75  64.989  7.87
779  61  GLU  HB2  -9.073  27.365  65.002  4.14
780  61  GLU  HB3  -9.02  25.922  64.413  178.57
781  61  GLU  HG2  -8.564  25.069  66.578  121.06
782  61  GLU  HG3  -8.658  26.514  67.157  52.57
783  62  PHE  N  -6.256  26.437  62.68  44.29
784  62  PHE  CA  -5.92  26.929  61.333  58.72
785  62  PHE  C  -7.072  27.073  60.344  40.86
786  62  PHE  O  -8.021  26.305  60.372  42.53
787  62  PHE  CB  -4.857  26.058  60.682  8.17
788  62  PHE  CG  -3.497  26.209  61.272  4.54
789  62  PHE  CD1  -2.69  27.255  60.916  8.06
790  62  PHE  CD2  -2.983  25.237  62.1  4.65
791  62  PHE  CE1  -1.385  27.322  61.376  2.5
792  62  PHE  CE2  -1.684  25.308  62.551  2.28
793  62  PHE  CZ  -0.887  26.345  62.187  1.92
794  62  PHE  H  -6.022  25.624  62.832  2.01
795  62  PHE  HA  -5.605  27.829  61.512  1.89
796  62  PHE  HB2  -5.127  25.129  60.752  55.88
797  62  PHE  HB3  -4.814  26.271  59.737  175.8
798  62  PHE  HD1  -3.02  27.925  60.362  122.55
799  62  PHE  HD2  -3.52  24.523  62.358  59.87
800  62  PHE  HE1  -0.845  28.038  61.13  173.13
801  62  PHE  HE2  -1.351  24.642  63.108  38.52
802  62  PHE  HZ  -0.008  26.389  62.488  39.58
803  63  THR  N  -6.95  28.05  59.453  45.79
804  63  THR  CA  -7.932  28.312  58.403  173.67
805  63  THR  C  -7.325  29.051  57.226  8.87
806  63  THR  O  -6.239  29.6  57.309  4.78
807  63  THR  CB  -9.056  29.204  58.883  2.36
808  63  THR  OG1  -8.542  30.146  59.828  2.08
809  63  THR  CG2  -10.172  28.39  59.456  7
810  63  THR  H  -6.281  28.591  59.44  2.13
811  63  THR  HA  -8.255  27.433  58.149  3.7
812  63  THR  HB  -9.424  29.695  58.132  61.34
813  63  THR  HG1  -9.164  30.643  60.095  56.29
814  63  THR  HG21  -10.881  28.979  59.757  59.02
815  63  THR  HG22  -10.517  27.79  58.776  178.38
816  63  THR  HG23  -9.842  27.872  60.207  31.24
817  64  VAL  N  -8.045  29.052  56.118  125.94
818  64  VAL  CA  -7.632  29.774  54.928  50.42
819  64  VAL  C  -8.83  30.681  54.752  175.27
820  64  VAL  O  -9.972  30.216  54.656  177.23
821  64  VAL  CB  -7.443  28.848  53.71  18.26
822  64  VAL  CG1  -7.271  29.661  52.466  8.13
823  64  VAL  CG2  -6.207  27.987  53.915  4.31
824  64  VAL  H  -8.791  28.632  56.034  7.02
825  64  VAL  HA  -6.775  30.222  55.006  2.31
826  64  VAL  HB  -8.228  28.285  53.619  6.7
827  64  VAL  HG11  -7.153  29.069  51.706  121.45
828  64  VAL  HG12  -8.058  30.211  52.328  62.76
829  64  VAL  HG13  -6.491  30.23  52.556  176.45
830  64  VAL  HG21  -6.088  27.404  53.149  1.62
831  64  VAL  HG22  -5.428  28.557  54.012  32.19
832  64  VAL  HG23  -6.316  27.45  54.715  115.25
833  65  LYS  N  -8.602  31.979  54.853  65.78
834  65  LYS  CA  -9.699  32.905  54.725  4.18
835  65  LYS  C  -9.161  34.171  54.157  2.06
836  65  LYS  O  -7.956  34.356  54.024  68.53
837  65  LYS  CB  -10.346  33.193  56.094  1.69
838  65  LYS  CG  -11.112  32.029  56.723  131.83
839  65  LYS  CD  -12.395  31.747  55.975  131.66
840  65  LYS  CE  -13.172  30.579  56.561  54.37
841  65  LYS  NZ  -12.514  29.287  56.238  123.56
842  65  LYS  H  -7.832  32.336  54.993  52.22
843  65  LYS  HA  -10.379  32.523  54.149  177.36
844  65  LYS  HB2  -9.65  33.471  56.71  36.47
845  65  LYS  HB3  -10.954  33.943  55.995  19.51
846  65  LYS  HG2  -10.555  31.235  56.724  8.19
847  65  LYS  HG3  -11.314  32.235  57.649  4.08
848  65  LYS  HD2  -12.953  32.54  55.987  176.13
849  65  LYS  HD3  -12.189  31.56  55.046  3.77
850  65  LYS  HE2  -13.238  30.68  57.523  38.94
851  65  LYS  HE3  -14.077  30.581  56.213  120.51
852  65  LYS  HZ1  -12.515  28.765  56.959  53.58
853  65  LYS  HZ2  -12.957  28.884  55.58  54.93
854  65  LYS  HZ3  -11.675  29.437  55.982  64.28
855  66  LYS  N  -10.102  35.034  53.818  30.48
856  66  LYS  CA  -9.841  36.348  53.272  4.57
857  66  LYS  C  -9.733  37.319  54.449  43.38
858  66  LYS  O  -10.619  37.42  55.309  9.26
859  66  LYS  CB  -10.99  36.737  52.322  5.14
860  66  LYS  CG  -10.751  37.96  51.468  3.64
861  66  LYS  CD  -11.271  37.679  50.055  120.15
862  66  LYS  CE  -11.476  38.941  49.252  8.05
863  66  LYS  NZ  -12.925  39.32  49.232  4.41
864  66  LYS  H  -10.941  34.863  53.903  2.44
865  66  LYS  HA  -9.017  36.368  52.761  36.41
866  66  LYS  HB2  -11.172  35.985  51.737  0.25
867  66  LYS  HB3  -11.789  36.884  52.852  5.41
868  66  LYS  HG2  -11.205  38.729  51.847  2.99
869  66  LYS  HG3  -9.805  38.173  51.442  4.96
870  66  LYS  HD2  -10.643  37.103  49.591  4.25
871  66  LYS  HD3  -12.11  37.196  50.113  3.86
872  66  LYS  HE2  -10.953  39.663  49.634  10.17
873  66  LYS  HE3  -11.158  38.809  48.345  4.44
874  66  LYS  HZ1  -13.031  40.064  48.756  60.09
875  66  LYS  HZ2  -13.399  38.663  48.864  2.66
876  66  LYS  HZ3  -13.207  39.458  50.065  62.92
877  67  LEU  N  -8.637  38.037  54.464  176.09
878  67  LEU  CA  -8.354  38.999  55.509  4.43
879  67  LEU  C  -9.058  40.339  55.303  32.14
880  67  LEU  O  -8.932  40.978  54.261  7.55
881  67  LEU  CB  -6.836  39.215  55.583  4.77
882  67  LEU  CG  -6.281  40.132  56.653  4.18
883  67  LEU  CD1  -6.719  39.652  58.054  2.06
884  67  LEU  CD2  -4.799  40.132  56.509  174.93
885  67  LEU  H  -8.025  37.983  53.862  1.69
886  67  LEU  HA  -8.696  38.635  56.34  39.08
887  67  LEU  HB2  -6.421  38.346  55.697  125.58
888  67  LEU  HB3  -6.546  39.558  54.723  55.86
889  67  LEU  HG  -6.621  41.035  56.551  124.32
890  67  LEU  HD11  -6.357  40.248  58.728  50.36
891  67  LEU  HD12  -7.687  39.653  58.109  175.68
892  67  LEU  HD13  -6.388  38.753  58.206  7.91
893  67  LEU  HD21  -4.408  40.712  57.181  18.67
894  67  LEU  HD22  -4.462  39.23  56.625  8.19
895  67  LEU  HD23  -4.559  40.455  55.626  4.38
896  68  GLN  N  -9.786  40.777  56.319  4.82
897  68  GLN  CA  -10.448  42.067  56.268  64.08
898  68  GLN  C  -9.874  42.904  57.443  177.93
899  68  GLN  O  -9.81  42.436  58.571  56.43
900  68  GLN  CB  -11.959  41.875  56.374  63.61
901  68  GLN  CG  -12.749  42.733  55.409  176.62
902  68  GLN  CD  -12.962  42.091  54.025  41.76
903  68  GLN  OE1  -14.004  42.308  53.402  32.07
904  68  GLN  NE2  -11.987  41.311  53.545  57.67
905  68  GLN  H  -9.909  40.34  57.049  1.65
906  68  GLN  HA  -10.289  42.53  55.43  4.18
907  68  GLN  HB2  -12.171  40.942  56.213  1.79
908  68  GLN  HB3  -12.24  42.078  57.28  10.02
909  68  GLN  HG2  -13.615  42.93  55.8  3.2
910  68  GLN  HG3  -12.29  43.58  55.295  1.04
911  68  GLN  HE21  -11.273  41.181  54.007  0.32
912  68  GLN  HE22  -12.074  40.939  52.774  2.07
913  69  LEU  N  -9.338  44.078  57.149  116.63
914  69  LEU  CA  -8.753  44.936  58.164  53.93
915  69  LEU  C  -9.606  46.147  58.404  175.31
916  69  LEU  O  -9.344  46.893  59.339  58.03
917  69  LEU  CB  -7.359  45.413  57.753  40.73
918  69  LEU  CG  -6.304  44.372  57.365  118.09
919  69  LEU  CD1  -5.058  45.08  56.953  57.95
920  69  LEU  CD2  -5.982  43.412  58.466  4.61
921  69  LEU  H  -9.303  44.401  56.353  8.15
922  69  LEU  HA  -8.693  44.406  58.974  4.33
923  69  LEU  HB2  -7.466  46.017  57.001  2.48
924  69  LEU  HB3  -7  45.935  58.487  5.25
925  69  LEU  HG  -6.674  43.849  56.637  123.06
926  69  LEU  HD11  -4.383  44.429  56.705  50.4
927  69  LEU  HD12  -5.247  45.654  56.194  175.34
928  69  LEU  HD13  -4.732  45.618  57.691  4.56
929  69  LEU  HD21  -5.311  42.781  58.16  18.8
930  69  LEU  HD22  -5.641  43.9  59.232  7.62
931  69  LEU  HD23  -6.785  42.931  58.721  4.44
932  70  ARG  N  -10.604  46.353  57.551  52.06
933  70  ARG  CA  -11.527  47.496  57.627  38.72
934  70  ARG  C  -12.873  47.023  57.112  12.4
935  70  ARG  O  -12.92  46.239  56.173  4.54
936  70  ARG  CB  -11.062  48.634  56.727  63.02
937  70  ARG  CG  -9.921  49.477  57.25  177
938  70  ARG  CD  -9.205  50.181  56.083  177.27
939  70  ARG  NE  -8.356  49.228  55.365  32.21
940  70  ARG  CZ  -7.984  49.34  54.09  61.14
941  70  ARG  NH1  -8.377  50.386  53.34  176.33
942  70  ARG  NH2  -7.217  48.391  53.547  4.22
943  70  ARG  H  -10.772  45.823  56.895  7.48
944  70  ARG  HA  -11.569  47.815  58.542  7.79
945  70  ARG  HB2  -10.797  48.258  55.873  173.68
946  70  ARG  HB3  -11.819  49.217  56.557  64.52
947  70  ARG  HG2  -10.257  50.136  57.877  7.19
948  70  ARG  HG3  -9.293  48.919  57.735  122.05
949  70  ARG  HD2  -9.859  50.563  55.477  119.86
950  70  ARG  HD3  -8.667  50.915  56.42  56.61
951  70  ARG  HE  -8.075  48.542  55.801  176.17
952  70  ARG  HH11  -8.877  50.997  53.682  3.67
953  70  ARG  HH12  -8.128  50.444  52.519  30.5
954  70  ARG  HH21  -6.968  47.717  54.019  45.7
955  70  ARG  HH22  -6.972  48.454  52.725  174.03
956  71  PRO  N  -13.984  47.485  57.709  1.81
957  71  PRO  CA  -14.001  48.422  58.833  3.63
958  71  PRO  C  -13.452  47.797  60.118  8.41
959  71  PRO  O  -13.065  48.511  61.051  4.07
960  71  PRO  CB  -15.484  48.786  58.942  1.73
961  71  PRO  CG  -16.175  47.516  58.545  8.56
962  71  PRO  CD  -15.351  47.061  57.346  2.11
963  71  PRO  HA  -13.431  49.195  58.697  41.53
964  71  PRO  HB2  -15.722  49.057  59.842  120.63
965  71  PRO  HB3  -15.717  49.521  58.353  54.16
966  71  PRO  HG2  -16.167  46.86  59.26  176.5
967  71  PRO  HG3  -17.104  47.667  58.31  123.3
968  71  PRO  HD2  -15.407  46.102  57.214  41.41
969  71  PRO  HD3  -15.651  47.479  56.524  1.94
970  72  THR  N  -13.398  46.465  60.15  64.49
971  72  THR  CA  -12.9  45.732  61.31  2.27
972  72  THR  C  -12.101  44.527  60.868  8.2
973  72  THR  O  -12.269  44.042  59.748  4.51
974  72  THR  CB  -14.061  45.248  62.259  2.51
975  72  THR  OG1  -14.934  44.327  61.58  7.82
976  72  THR  CG2  -14.849  46.465  62.808  113.37
977  72  THR  H  -13.65  45.963  59.499  61.85
978  72  THR  HA  -12.338  46.348  61.806  175.42
979  72  THR  HB  -13.667  44.777  63.01  1.9
980  72  THR  HG1  -15.543  44.081  62.103  69.52
981  72  THR  HG21  -15.56  46.154  63.39  7.82
982  72  THR  HG22  -14.249  47.04  63.309  21.74
983  72  THR  HG23  -15.231  46.963  62.069  8.02
984  73  VAL  N  -11.211  44.057  61.739  4.15
985  73  VAL  CA  -10.411  42.886  61.413  4.08
986  73  VAL  C  -11.294  41.649  61.474  38.95
987  73  VAL  O  -11.97  41.415  62.477  123.68
988  73  VAL  CB  -9.177  42.716  62.333  14.16
989  73  VAL  CG1  -8.428  41.467  61.954  174.28
990  73  VAL  CG2  -8.257  43.895  62.193  110.25
991  73  VAL  H  -11.058  44.398  62.514  45.45
992  73  VAL  HA  -10.063  43.01  60.516  173.96
993  73  VAL  HB  -9.483  42.653  63.251  4.41
994  73  VAL  HG11  -7.656  41.364  62.532  8.28
995  73  VAL  HG12  -9.01  40.698  62.053  3.78
996  73  VAL  HG13  -8.134  41.533  61.032  1.45
997  73  VAL  HG21  -7.489  43.777  62.773  119.6
998  73  VAL  HG22  -7.959  43.965  61.273  54.31
999  73  VAL  HG23  -8.729  44.705  62.442  176.39
1000  74  GLN  N  -11.321  40.898  60.381  2.97
1001  74  GLN  CA  -12.104  39.681  60.295  41.58
1002  74  GLN  C  -11.481  38.658  59.38  109.47
1003  74  GLN  O  -10.545  38.963  58.634  47.21
1004  74  GLN  CB  -13.461  39.96  59.69  176.37
1005  74  GLN  CG  -14.308  40.87  60.456  8.06
1006  74  GLN  CD  -15.728  40.709  60.047  4.46
1007  74  GLN  OE1  -16.323  39.627  60.192  2.44
1008  74  GLN  NE2  -16.291  41.766  59.501  119.59
1009  74  GLN  H  -10.882  41.084  59.665  115.11
1010  74  GLN  HA  -12.158  39.349  61.205  58.35
1011  74  GLN  HB2  -13.334  40.33  58.802  174.48
1012  74  GLN  HB3  -13.93  39.118  59.582  21.96
1013  74  GLN  HG2  -14.214  40.69  61.404  63.9
1014  74  GLN  HG3  -14.024  41.786  60.312  8.28
1015  74  GLN  HE21  -15.845  42.497  59.419  8.12
1016  74  GLN  HE22  -17.105  41.726  59.226  4.18
1017  75  LEU  N  -12.041  37.457  59.408  3.61
1018  75  LEU  CA  -11.636  36.381  58.515  1.99
1019  75  LEU  C  -12.962  35.988  57.856  1.92
1020  75  LEU  O  -13.88  35.478  58.505  121.74
1021  75  LEU  CB  -11.004  35.2  59.254  54.61
1022  75  LEU  CG  -9.553  35.315  59.728  128.84
1023  75  LEU  CD1  -9.026  33.887  59.904  54.1
1024  75  LEU  CD2  -8.663  36.08  58.729  41.17
1025  75  LEU  H  -12.672  37.241  59.95  175.38
1026  75  LEU  HA  -10.948  36.653  57.888  21.02
1027  75  LEU  HB2  -11.553  35.013  60.032  6.01
1028  75  LEU  HB3  -11.062  34.425  58.673  8.22
1029  75  LEU  HG  -9.527  35.817  60.557  4.41
1030  75  LEU  HD11  -8.104  33.917  60.205  2.41
1031  75  LEU  HD12  -9.566  33.421  60.562  3.57
1032  75  LEU  HD13  -9.074  33.418  59.057  8.69
1033  75  LEU  HD21  -7.757  36.126  59.072  55.39
1034  75  LEU  HD22  -8.662  35.618  57.876  3.26
1035  75  LEU  HD23  -9.009  36.978  58.609  3.18
1036  76  ILE  N  -13.108  36.35  56.588  30.46
1037  76  ILE  CA  -14.351  36.067  55.869  7
1038  76  ILE  C  -14.229  34.987  54.799  1.87
1039  76  ILE  O  -13.219  34.89  54.088  3.2
1040  76  ILE  CB  -14.939  37.337  55.199  3.2
1041  76  ILE  CG1  -13.935  37.919  54.209  112.2
1042  76  ILE  CG2  -15.312  38.383  56.259  3.98
1043  76  ILE  CD  -14.495  39.059  53.435  121.17
1044  76  ILE  H  -12.508  36.757  56.126  117.69
1045  76  ILE  HA  -14.945  35.739  56.562  58.22
1046  76  ILE  HB  -15.745  37.089  54.719  27.02
1047  76  ILE  HG21  -15.677  39.169  55.824  120.9
1048  76  ILE  HG22  -15.974  38.011  56.862  56.86
1049  76  ILE  HG23  -14.52  38.631  56.762  175.65
1050  77  PRO  N  -15.24  34.123  54.719  4.08
1051  77  PRO  CA  -15.25  33.05  53.726  29.78
1052  77  PRO  C  -15.539  33.623  52.316  120.2
1053  77  PRO  O  -15.477  34.846  52.082  4.46
1054  77  PRO  CB  -16.407  32.175  54.213  2.25
1055  77  PRO  CG  -17.355  33.192  54.773  129.43
1056  77  PRO  CD  -16.412  34.024  55.603  1.97
1057  77  PRO  HA  -14.409  32.572  53.648  1.97
1058  77  PRO  HB2  -16.806  31.666  53.49  121.25
1059  77  PRO  HB3  -16.121  31.537  54.885  55.07
1060  77  PRO  HG2  -17.791  33.711  54.079  177.23
1061  77  PRO  HG3  -18.056  32.787  55.307  7.95
1062  77  PRO  HD2  -16.784  34.895  55.813  4.45
1063  77  PRO  HD3  -16.196  33.597  56.447  2.96
1064  78  ASN  N  -18.132  31.862  50.258  1.99
1065  78  ASN  CA  -19.175  30.874  50.075  6.89
1066  78  ASN  C  -20.326  31.411  50.938  9.85
1067  78  ASN  O  -20.244  31.472  52.161  7.54
1068  78  ASN  CB  -18.701  29.512  50.587  7.26
1069  78  ASN  CG  -19.787  28.481  50.553  7.02
1070  78  ASN  OD1  -20.94  28.78  50.822  121.86
1071  78  ASN  ND2  -19.429  27.244  50.236  120.81
1072  78  ASN  HA  -19.429  30.745  49.148  61.98
1073  78  ASN  HB2  -17.953  29.209  50.048  175.38
1074  78  ASN  HB3  -18.376  29.606  51.496  30.68
1075  78  ASN  HD21  -20.018  26.618  50.215  33.12
1076  78  ASN  HD22  -18.608  27.068  50.052  21.05
1077  79  SER  N  -21.384  31.84  50.273  1.71
1078  79  SER  CA  -22.557  32.413  50.91  7.57
1079  79  SER  C  -23.076  31.679  52.122  3.79
1080  79  SER  O  -23.773  32.266  52.941  1.66
1081  79  SER  CB  -23.686  32.479  49.889  8.25
1082  79  SER  OG  -24.012  31.161  49.426  125.65
1083  79  SER  H  -21.443  31.806  49.416  59.77
1084  79  SER  HA  -22.269  33.283  51.227  176.83
1085  79  SER  HB2  -24.468  32.892  50.288  4.03
1086  79  SER  HB3  -23.422  33.036  49.14  115.1
1087  79  SER  HG  -24.636  31.207  48.865  122.12
1088  80  ALA  N  -22.84  30.378  52.179  57.51
1089  80  ALA  CA  -23.334  29.563  53.284  175.21
1090  80  ALA  C  -22.615  29.839  54.616  59.4
1091  80  ALA  O  -23.197  29.788  55.685  39.86
1092  80  ALA  CB  -23.239  28.092  52.903  1.96
1093  80  ALA  H  -22.394  29.943  51.586  29.38
1094  80  ALA  HA  -24.261  29.807  53.435  7.71
1095  80  ALA  HB1  -23.566  27.546  53.635  4.33
1096  80  ALA  HB2  -23.776  27.927  52.112  2.66
1097  80  ALA  HB3  -22.314  27.864  52.719  2.54
1098  81  TYR  N  -21.35  30.185  54.515  7.91
1099  81  TYR  CA  -20.522  30.45  55.665  4.41
1100  81  TYR  C  -20.657  31.889  56.139  2.72
1101  81  TYR  O  -21.053  32.785  55.374  2.94
1102  81  TYR  CB  -19.064  30.129  55.322  7.01
1103  81  TYR  CG  -18.808  28.647  55.078  8.19
1104  81  TYR  CD1  -19.218  28.027  53.911  3.5
1105  81  TYR  CD2  -18.172  27.866  56.035  1.68
1106  81  TYR  CE1  -19.007  26.672  53.702  7.75
1107  81  TYR  CE2  -17.957  26.515  55.831  120.54
1108  81  TYR  CZ  -18.376  25.919  54.661  54.12
1109  81  TYR  OH  -18.134  24.568  54.449  2.68
1110  81  TYR  H  -20.942  30.274  53.763  120.5
1111  81  TYR  HA  -20.818  29.883  56.394  41.25
1112  81  TYR  HB2  -18.808  30.628  54.531  7.34
1113  81  TYR  HB3  -18.495  30.433  56.046  38.4
1114  81  TYR  HD1  -19.644  28.529  53.254  119.13
1115  81  TYR  HD2  -17.885  28.259  56.828  8.11
1116  81  TYR  HE1  -19.293  26.273  52.912  4.42
1117  81  TYR  HE2  -17.53  26.009  56.484  2.44
1118  81  TYR  HH  -17.743  24.245  55.119  4
1119  82  SER  N  -20.402  32.078  57.436  120.14
1120  82  SER  CA  -20.454  33.387  58.094  59.54
1121  82  SER  C  -19.045  33.796  58.548  114.11
1122  82  SER  O  -18.226  32.957  58.885  57.76
1123  82  SER  CB  -21.422  33.348  59.275  32.99
1124  82  SER  OG  -22.751  33.124  58.825  3.73
1125  82  SER  H  -20.19  31.436  57.968  62.63
1126  82  SER  HA  -20.778  34.05  57.464  126.1
1127  82  SER  HB2  -21.161  32.645  59.891  1.23
1128  82  SER  HB3  -21.377  34.185  59.764  7.72
1129  82  SER  HG  -23.271  33.104  59.485  4.22
1130  83  PRO  N  -18.755  35.093  58.528  1.86
1131  83  PRO  CA  -17.479  35.696  58.902  181.33
1132  83  PRO  C  -17.05  35.404  60.329  176.27
1133  83  PRO  O  -17.836  34.868  61.118  29.11
1134  83  PRO  CB  -17.746  37.181  58.717  8.64
1135  83  PRO  CG  -18.771  37.212  57.684  4.9
1136  83  PRO  CD  -19.702  36.129  58.124  2.86
1137  83  PRO  HA  -16.75  35.343  58.368  2.56
1138  83  PRO  HB2  -18.054  37.594  59.539  123.1
1139  83  PRO  HB3  -16.947  37.657  58.442  8.3
1140  83  PRO  HG2  -19.214  38.074  57.64  31.71
1141  83  PRO  HG3  -18.403  37.037  56.804  122.98
1142  83  PRO  HD2  -20.272  36.411  58.856  55.66
1143  83  PRO  HD3  -20.286  35.833  57.408  108.05
1144  84  ILE  N  -15.812  35.789  60.658  46.25
1145  84  ILE  CA  -15.223  35.602  61.986  32.78
1146  84  ILE  C  -14.55  36.91  62.281  45.55
1147  84  ILE  O  -13.684  37.33  61.53  1.96
1148  84  ILE  CB  -14.124  34.517  61.972  1.68
1149  84  ILE  CG1  -14.724  33.142  62.175  8.32
1150  84  ILE  CG2  -13.071  34.793  63.007  4.2
1151  84  ILE  CD  -13.66  32.037  62.21  3.01
1152  84  ILE  H  -15.281  36.174  60.102  2.54
1153  84  ILE  HA  -15.9  35.337  62.628  7.02
1154  84  ILE  HB  -13.698  34.54  61.101  7.02
1155  84  ILE  HG21  -12.396  34.097  62.975  42.09
1156  84  ILE  HG22  -12.658  35.652  62.828  28.92
1157  84  ILE  HG23  -13.478  34.808  63.887  35.32
1158  85  THR  N  -14.982  37.58  63.334  119.6
1159  85  THR  CA  -14.394  38.864  63.728  63.55
1160  85  THR  C  -13.275  38.591  64.721  116.65
1161  85  THR  O  -13.378  37.675  65.546  54.74
1162  85  THR  CB  -15.443  39.775  64.398  174.03
1163  85  THR  OG1  -16.587  39.903  63.535  121.19
1164  85  THR  CG2  -14.855  41.155  64.683  55.35
1165  85  THR  H  -15.621  37.312  63.843  116.5
1166  85  THR  HA  -14.06  39.314  62.936  8.64
1167  85  THR  HB  -15.711  39.375  65.24  42.3
1168  85  THR  HG1  -17.159  40.398  63.9  3.06
1169  85  THR  HG21  -15.528  41.713  65.104  2.64
1170  85  THR  HG22  -14.093  41.066  65.276  8.52
1171  85  THR  HG23  -14.571  41.564  63.851  7.93
1172  86  ILE  N  -12.2  39.357  64.635  3.97
1173  86  ILE  CA  -11.09  39.148  65.541  174.13
1174  86  ILE  C  -11.078  40.199  66.609  62.29
1175  86  ILE  O  -10.465  41.25  66.453  177.57
1176  86  ILE  CB  -9.74  39.136  64.826  8.64
1177  86  ILE  CG1  -9.729  38.03  63.766  4.28
1178  86  ILE  CG2  -8.605  38.964  65.843  3.71
1179  86  ILE  CD  -10.143  36.69  64.28  119.1
1180  86  ILE  H  -12.095  39.994  64.067  116.53
1181  86  ILE  HA  -11.221  38.273  65.939  42.1
1182  86  ILE  HB  -9.6  39.984  64.375  175.14
1183  86  ILE  HG21  -7.753  38.958  65.379  113.94
1184  86  ILE  HG22  -8.623  39.699  66.476  54.37
1185  86  ILE  HG23  -8.72  38.126  66.318  7.54
1186  87  SER  N  -11.812  39.919  67.678  4.24
1187  87  SER  CA  -11.895  40.813  68.81  34.82
1188  87  SER  C  -10.689  40.658  69.744  8.11
1189  87  SER  O  -9.872  39.749  69.603  4.9
1190  87  SER  CB  -13.196  40.561  69.57  1.97
1191  87  SER  OG  -14.319  41.085  68.885  1.47
1192  87  SER  H  -12.276  39.2  67.763  1.28
1193  87  SER  HA  -11.887  41.724  68.477  1.28
1194  87  SER  HB2  -13.314  39.607  69.701  7.14
1195  87  SER  HB3  -13.138  40.963  70.451  9.07
1196  87  SER  HG  -15.016  40.929  69.328  119.41
1197  88  SER  N  -10.598  41.561  70.702  124.05
1198  88  SER  CA  -9.534  41.568  71.698  60.7
1199  88  SER  C  -9.394  40.237  72.471  172.53
1200  88  SER  O  -8.303  39.85  72.875  64.88
1201  88  SER  CB  -9.819  42.707  72.684  122.91
1202  88  SER  OG  -11.238  42.889  72.833  55.98
1203  88  SER  H  -11.163  42.202  70.797  9.05
1204  88  SER  HA  -8.694  41.693  71.23  5.46
1205  88  SER  HB2  -9.419  42.507  73.545  33.41
1206  88  SER  HB3  -9.412  43.528  72.367  121.48
1207  88  SER  HG  -11.617  42.14  72.843  8.14
1208  89  GLU  N  -10.491  39.523  72.66  126.87
1209  89  GLU  CA  -10.418  38.266  73.392  8.08
1210  89  GLU  C  -10.046  37.168  72.433  5.55
1211  89  GLU  O  -10.071  35.987  72.793  2.18
1212  89  GLU  CB  -11.769  37.897  73.979  121.9
1213  89  GLU  CG  -12.702  39.042  74.231  56.61
1214  89  GLU  CD  -13.292  39.552  72.964  7.54
1215  89  GLU  OE1  -14.089  38.819  72.349  130.21
1216  89  GLU  OE2  -12.939  40.684  72.586  30.52
1217  89  GLU  H  -11.274  39.74  72.38  3.11
1218  89  GLU  HA  -9.765  38.369  74.102  7.12
1219  89  GLU  HB2  -12.205  37.272  73.378  9.61
1220  89  GLU  HB3  -11.623  37.43  74.816  123.5
1221  89  GLU  HG2  -13.411  38.758  74.828  8.29
1222  89  GLU  HG3  -12.224  39.758  74.678  53.37
1223  90  ASP  N  -9.787  37.549  71.188  174.73
1224  90  ASP  CA  -9.464  36.593  70.147  41.82
1225  90  ASP  C  -8.041  36.847  69.693  17.69
1226  90  ASP  O  -7.525  37.965  69.813  33.44
1227  90  ASP  CB  -10.442  36.735  68.964  8.92
1228  90  ASP  CG  -11.923  36.524  69.365  5.01
1229  90  ASP  OD1  -12.293  35.399  69.784  1.88
1230  90  ASP  OD2  -12.726  37.478  69.235  7.31
1231  90  ASP  H  -9.794  38.368  70.926  118.77
1232  90  ASP  HA  -9.545  35.689  70.49  62.39
1233  90  ASP  HB2  -10.342  37.617  68.574  8.94
1234  90  ASP  HB3  -10.205  36.092  68.277  5.95
1235  91  THR  N  -7.384  35.77  69.277  2.33
1236  91  THR  CA  -6.016  35.816  68.772  129.3
1237  91  THR  C  -6.033  35.434  67.304  58.92
1238  91  THR  O  -6.617  34.41  66.919  173.13
1239  91  THR  CB  -5.076  34.804  69.483  6.57
1240  91  THR  OG1  -5.801  33.623  69.825  1.54
1241  91  THR  CG2  -4.472  35.391  70.727  8.76
1242  91  THR  H  -7.725  34.98  69.28  5.58
1243  91  THR  HA  -5.686  36.714  68.929  61.82
1244  91  THR  HB  -4.358  34.587  68.867  9.13
1245  91  THR  HG1  -5.287  33.08  70.208  51.16
1246  91  THR  HG21  -3.892  34.736  71.146  118.7
1247  91  THR  HG22  -3.955  36.178  70.495  62.15
1248  91  THR  HG23  -5.178  35.638  71.344  173.49
1249  92  LEU  N  -5.418  36.278  66.49  8.65
1250  92  LEU  CA  -5.319  36.006  65.071  8.46
1251  92  LEU  C  -3.845  35.846  64.8  117.77
1252  92  LEU  O  -3.045  36.621  65.317  59.89
1253  92  LEU  CB  -5.839  37.173  64.239  119.25
1254  92  LEU  CG  -5.735  36.926  62.733  56.19
1255  92  LEU  CD1  -6.698  35.805  62.332  177.33
1256  92  LEU  CD2  -6.044  38.219  61.973  109.29
1257  92  LEU  H  -5.052  37.014  66.742  44.27
1258  92  LEU  HA  -5.844  35.225  64.836  10.72
1259  92  LEU  HB2  -6.766  37.341  64.471  5.7
1260  92  LEU  HB3  -5.34  37.973  64.466  8.27
1261  92  LEU  HG  -4.833  36.651  62.506  3.71
1262  92  LEU  HD11  -6.632  35.648  61.377  59.72
1263  92  LEU  HD12  -6.466  34.993  62.809  119.54
1264  92  LEU  HD13  -7.606  36.063  62.555  56
1265  92  LEU  HD21  -5.977  38.058  61.019  175.19
1266  92  LEU  HD22  -6.943  38.514  62.188  25.72
1267  92  LEU  HD23  -5.409  38.905  62.23  31.1
1268  93  ASP  N  -3.498  34.836  64.009  116.87
1269  93  ASP  CA  -2.129  34.567  63.638  56.19
1270  93  ASP  C  -2.083  34.314  62.133  176.57
1271  93  ASP  O  -2.637  33.317  61.649  3.96
1272  93  ASP  CB  -1.666  33.332  64.372  40.99
1273  93  ASP  CG  -0.259  33.481  64.913  1.94
1274  93  ASP  OD1  0.69  33.639  64.094  7.87
1275  93  ASP  OD2  -0.107  33.436  66.16  44.66
1276  93  ASP  H  -4.064  34.284  63.672  8.07
1277  93  ASP  HA  -1.555  35.315  63.865  60.52
1278  93  ASP  HB2  -2.274  33.146  65.104  9.16
1279  93  ASP  HB3  -1.701  32.57  63.773  5.12
1280  94  VAL  N  -1.473  35.234  61.386  2.51
1281  94  VAL  CA  -1.36  35.119  59.927  2.28
1282  94  VAL  C  -0.011  34.498  59.545  6.73
1283  94  VAL  O  1.048  35.064  59.814  6.73
1284  94  VAL  CB  -1.553  36.506  59.265  32.09
1285  94  VAL  CG1  -1.326  36.411  57.77  19.95
1286  94  VAL  CG2  -2.971  37.047  59.554  2.78
1287  94  VAL  H  -1.112  35.944  61.709  117.22
1288  94  VAL  HA  -2.06  34.532  59.6  60.81
1289  94  VAL  HB  -0.903  37.12  59.641  4.7
1290  94  VAL  HG11  -1.45  37.285  57.368  1.7
1291  94  VAL  HG12  -0.423  36.101  57.599  7.92
1292  94  VAL  HG13  -1.96  35.786  57.385  4.29
1293  94  VAL  HG21  -3.078  37.915  59.134  3.64
1294  94  VAL  HG22  -3.631  36.432  59.197  7.5
1295  94  VAL  HG23  -3.095  37.134  60.512  4.37
1296  95  PHE  N  -0.051  33.347  58.893  1.77
1297  95  PHE  CA  1.165  32.618  58.517  106.85
1298  95  PHE  C  1.663  32.747  57.075  46.93
1299  95  PHE  O  2.635  32.071  56.676  3.77
1300  95  PHE  CB  0.976  31.133  58.857  8.58
1301  95  PHE  CG  0.624  30.895  60.3  8.16
1302  95  PHE  CD1  1.606  30.916  61.285  5.2
1303  95  PHE  CD2  -0.689  30.72  60.682  124.72
1304  95  PHE  CE1  1.269  30.776  62.61  54.52
1305  95  PHE  CE2  -1.014  30.576  62  58.72
1306  95  PHE  CZ  -0.04  30.604  62.96  42.29
1307  95  PHE  H  -0.781  32.961  58.653  33.68
1308  95  PHE  HA  1.864  33.048  59.034  109.8
1309  95  PHE  HB2  0.276  30.765  58.295  25.89
1310  95  PHE  HB3  1.792  30.653  58.646  7.6
1311  95  PHE  HD1  2.498  31.026  61.045  21.86
1312  95  PHE  HD2  -1.358  30.7  60.037  8.24
1313  95  PHE  HE1  1.929  30.798  63.265  4.3
1314  95  PHE  HE2  -1.903  30.458  62.247  8.32
1315  95  PHE  HZ  -0.27  30.505  63.856  4.42
1316  96  GLY  N  0.985  33.567  56.282  1.46
1317  96  GLY  CA  1.386  33.728  54.908  1.6
1318  96  GLY  C  0.195  34.06  54.053  41.97
1319  96  GLY  O  -0.966  33.896  54.485  2.37
1320  96  GLY  H  0.301  34.03  56.522  50.43
1321  96  GLY  HA2  2.049  34.433  54.838  4.49
1322  96  GLY  HA3  1.804  32.913  54.589  59.09
1323  97  VAL  N  0.501  34.587  52.863  8.18
1324  97  VAL  CA  -0.482  34.991  51.851  5.17
1325  97  VAL  C  -0.566  33.946  50.735  3.13
1326  97  VAL  O  0.461  33.522  50.181  3.02
1327  97  VAL  CB  -0.081  36.335  51.226  123.3
1328  97  VAL  CG1  -1.022  36.677  50.098  60.78
1329  97  VAL  CG2  -0.073  37.439  52.283  64
1330  97  VAL  H  1.313  34.723  52.615  8.59
1331  97  VAL  HA  -1.343  35.072  52.29  4.48
1332  97  VAL  HB  0.817  36.26  50.868  1.91
1333  97  VAL  HG11  -0.764  37.526  49.707  7.7
1334  97  VAL  HG12  -0.981  35.984  49.42  9.96
1335  97  VAL  HG13  -1.928  36.741  50.44  4.5
1336  97  VAL  HG21  0.182  38.279  51.871  8.71
1337  97  VAL  HG22  -0.959  37.524  52.669  3.59
1338  97  VAL  HG23  0.563  37.215  52.98  2.31
1339  98  VAL  N  -1.772  33.457  50.469  2.15
1340  98  VAL  CA  -1.931  32.482  49.39  2.88
1341  98  VAL  C  -1.681  33.279  48.099  2.88
1342  98  VAL  O  -2.359  34.303  47.88  9.24
1343  98  VAL  CB  -3.351  31.878  49.346  127.46
1344  98  VAL  CG1  -3.438  30.856  48.237  54.83
1345  98  VAL  CG2  -3.705  31.245  50.694  55.22
1346  98  VAL  H  -2.494  33.667  50.887  31.59
1347  98  VAL  HA  -1.322  31.737  49.513  33.04
1348  98  VAL  HB  -3.99  32.586  49.169  32.52
1349  98  VAL  HG11  -4.332  30.479  48.213  51.03
1350  98  VAL  HG12  -3.245  31.283  47.388  5.17
1351  98  VAL  HG13  -2.794  30.149  48.397  7.6
1352  98  VAL  HG21  -4.599  30.87  50.651  8.8
1353  98  VAL  HG22  -3.069  30.541  50.898  4.54
1354  98  VAL  HG23  -3.672  31.922  51.388  1.67
1355  99  ILE  N  -0.636  32.901  47.343  3.87
1356  99  ILE  CA  -0.3  33.574  46.083  7.11
1357  99  ILE  C  -0.843  32.855  44.833  59.49
1358  99  ILE  O  -1.107  33.493  43.808  125.17
1359  99  ILE  CB  1.215  33.835  45.939  62.16
1360  99  ILE  CG1  2.002  32.546  46.034  174.14
1361  99  ILE  CG2  1.674  34.846  46.988  50.32
1362  99  ILE  CD  3.454  32.774  45.928  70.84
1363  99  ILE  H  -0.109  32.253  47.547  3.77
1364  99  ILE  HA  -0.753  34.43  46.135  24.42
1365  99  ILE  HB  1.383  34.209  45.06  9.02
1366  99  ILE  HG21  2.626  35.004  46.891  5.05
1367  99  ILE  HG22  1.194  35.68  46.866  3.88
1368  99  ILE  HG23  1.494  34.497  47.875  3.74
1369  100  HSE  N  -1.021  31.54  44.898  1.27
1370  100  HSE  CA  -1.555  30.805  43.756  8.56
1371  100  HSE  C  -2.326  29.649  44.267  6.6
1372  100  HSE  O  -1.99  29.111  45.316  121.12
1373  100  HSE  CB  -0.444  30.214  42.876  59.56
1374  100  HSE  CG  0.404  31.226  42.202  174.27
1375  100  HSE  ND1  1.777  31.237  42.32  4.02
1376  100  HSE  CD2  0.079  32.309  41.463  71.24
1377  100  HSE  CE1  2.264  32.294  41.696  7.56
1378  100  HSE  NE2  1.254  32.962  41.172  22.01
1379  101  VAL  N  -3.308  29.225  43.481  9.22
1380  101  VAL  CA  -4.106  28.059  43.788  4.61
1381  101  VAL  C  -3.866  27.108  42.648  4.56
1382  101  VAL  O  -4.05  27.471  41.486  68.14
1383  101  VAL  CB  -5.588  28.333  43.804  7.19
1384  101  VAL  CG1  -6.299  27.116  44.35  8.21
1385  101  VAL  CG2  -5.904  29.606  44.597  3.8
1386  101  VAL  H  -3.528  29.615  42.747  115.68
1387  101  VAL  HA  -3.857  27.733  44.667  58.66
1388  101  VAL  HB  -5.907  28.495  42.902  175.7
1389  101  VAL  HG11  -7.255  27.279  44.366  118.53
1390  101  VAL  HG12  -6.111  26.351  43.784  32.6
1391  101  VAL  HG13  -5.987  26.936  45.251  7.34
1392  101  VAL  HG21  -6.862  29.761  44.593  4.33
1393  101  VAL  HG22  -5.598  29.502  45.511  35.09
1394  101  VAL  HG23  -5.453  30.362  44.189  29.69
1395  102  VAL  N  -3.427  25.902  42.97  8.15
1396  102  VAL  CA  -3.186  24.884  41.966  4.53
1397  102  VAL  C  -4.343  23.892  41.976  1.63
1398  102  VAL  O  -4.488  23.122  42.914  1.78
1399  102  VAL  CB  -1.862  24.151  42.237  7.44
1400  102  VAL  CG1  -1.71  22.966  41.295  7.11
1401  102  VAL  CG2  -0.69  25.114  42.108  3.57
1402  102  VAL  H  -3.261  25.652  43.776  1.79
1403  102  VAL  HA  -3.122  25.307  41.096  6.97
1404  102  VAL  HB  -1.871  23.81  43.145  8.69
1405  102  VAL  HG11  -0.872  22.513  41.477  4.87
1406  102  VAL  HG12  -2.446  22.349  41.43  2.9
1407  102  VAL  HG13  -1.715  23.279  40.377  2.59
1408  102  VAL  HG21  0.139  24.64  42.281  111.3
1409  102  VAL  HG22  -0.67  25.482  41.211  53.17
1410  102  VAL  HG23  -0.79  25.834  42.75  176.76
1411  103  LYS  N  -5.185  23.933  40.952  53.42
1412  103  LYS  CA  -6.315  23.026  40.873  42.82
1413  103  LYS  C  -5.982  21.785  40.054  115.82
1414  103  LYS  O  -4.797  21.607  39.662  65.38
1415  103  LYS  CB  -7.509  23.749  40.26  111.8
1416  103  LYS  CG  -7.701  25.146  40.805  7.71
1417  103  LYS  CD  -9.137  25.617  40.71  4.83
1418  103  LYS  CE  -9.899  25.253  41.968  2.68
1419  103  LYS  NZ  -11.345  25.668  41.912  2.44
1420  103  LYS  H  -5.118  24.481  40.292  118.99
1421  103  LYS  HA  -6.533  22.736  41.773  55.64
1422  103  LYS  HB2  -7.393  23.796  39.298  173.66
1423  103  LYS  HB3  -8.313  23.231  40.423  65.1
1424  103  LYS  HG2  -7.417  25.169  41.732  33.66
1425  103  LYS  HG3  -7.13  25.761  40.318  58.5
1426  103  LYS  HD2  -9.16  26.578  40.578  119.77
1427  103  LYS  HD3  -9.565  25.214  39.938  54.29
1428  103  LYS  HE2  -9.847  24.294  42.107  41.42
1429  103  LYS  HE3  -9.475  25.674  42.732  8.45
1430  103  LYS  HZ1  -11.851  25.031  42.273  3.85
1431  103  LYS  HZ2  -11.454  26.426  42.365  7.44
1432  103  LYS  HZ3  -11.586  25.792  41.064  4.97
