1  1  GLY  N  5.536  24.089  -17.52  124.37
2  1  GLY  CA  6.099  22.924  -16.859  43.75
3  1  GLY  C  5.24  21.683  -17.108  172.65
4  1  GLY  O  5.231  21.141  -18.212  55.76
5  1  GLY  H  5.995  24.843  -17.409  19.43
6  1  GLY  HA2  7  22.768  -17.183  3.9
7  1  GLY  HA3  6.165  23.09  -15.906  3.9
8  1  GLY  H2  5.555  23.968  -18.402  16.8
9  1  GLY  H3  4.694  24.203  -17.255  4.33
10  2  SER  N  4.539  21.269  -16.063  2.34
11  2  SER  CA  3.678  20.101  -16.155  58.3
12  2  SER  C  4.446  18.933  -16.778  174.76
13  2  SER  O  4.481  18.789  -17.999  122.75
14  2  SER  CB  2.421  20.406  -16.972  53
15  2  SER  OG  1.272  20.563  -16.145  174.12
16  2  SER  H  4.549  21.653  -15.293  58.57
17  2  SER  HA  3.427  19.895  -15.241  41.37
18  2  SER  HB2  2.561  21.215  -17.488  3.92
19  2  SER  HB3  2.267  19.689  -17.607  3.92
20  2  SER  HG  0.582  20.62  -16.62  121.81
21  3  SER  N  5.042  18.129  -15.91  122.19
22  3  SER  CA  5.806  16.978  -16.36  58.45
23  3  SER  C  5.052  15.688  -16.031  174.67
24  3  SER  O  4.75  14.896  -16.923  32.81
25  3  SER  CB  7.197  16.957  -15.722  63.69
26  3  SER  OG  7.913  18.165  -15.964  60.41
27  3  SER  H  5.013  18.236  -15.057  9.11
28  3  SER  HA  5.893  17.087  -17.32  4.54
29  3  SER  HB2  7.112  16.819  -14.766  3.91
30  3  SER  HB3  7.702  16.207  -16.073  3.91
31  3  SER  HG  8.634  18.162  -15.533  9.36
32  4  GLY  N  4.77  15.516  -14.748  110.34
33  4  GLY  CA  4.057  14.335  -14.29  45.32
34  4  GLY  C  3.848  14.374  -12.775  173.8
35  4  GLY  O  4.704  14.862  -12.039  4.32
36  4  GLY  H  4.984  16.073  -14.129  8.47
37  4  GLY  HA2  3.198  14.278  -14.737  4.04
38  4  GLY  HA3  4.555  13.539  -14.531  4.04
39  5  SER  N  2.705  13.853  -12.354  115.12
40  5  SER  CA  2.373  13.822  -10.94  58.03
41  5  SER  C  1.911  15.206  -10.48  174.04
42  5  SER  O  0.739  15.399  -10.161  62.86
43  5  SER  CB  3.566  13.355  -10.103  63.83
44  5  SER  OG  4.233  12.245  -10.698  175.7
45  5  SER  H  2.111  13.513  -12.874  8.23
46  5  SER  HA  1.651  13.179  -10.859  4.57
47  5  SER  HB2  4.192  14.089  -9.998  3.9
48  5  SER  HB3  3.262  13.112  -9.214  3.9
49  5  SER  HG  4.668  12.498  -11.371  8.34
50  6  SER  N  2.857  16.134  -10.46  116.95
51  6  SER  CA  2.562  17.494  -10.044  58.3
52  6  SER  C  2.021  18.298  -11.229  174.27
53  6  SER  O  2.355  18.016  -12.379  2.58
54  6  SER  CB  3.804  18.175  -9.465  64.13
55  6  SER  OG  4.884  18.197  -10.394  123.75
56  6  SER  H  3.675  15.991  -10.684  8.32
57  6  SER  HA  1.887  17.411  -9.352  4.55
58  6  SER  HB2  3.582  19.083  -9.205  3.91
59  6  SER  HB3  4.081  17.71  -8.66  3.91
60  6  SER  HG  5.432  17.586  -10.213  8.3
61  7  GLY  N  1.194  19.282  -10.907  110.77
62  7  GLY  CA  0.604  20.127  -11.93  44.55
63  7  GLY  C  -0.1  21.334  -11.306  171.49
64  7  GLY  O  0.283  21.792  -10.23  8.42
65  7  GLY  H  0.964  19.473  -10.101  8.32
66  7  GLY  HA2  1.293  20.431  -12.541  4.09
67  7  GLY  HA3  -0.031  19.614  -12.453  4.09
68  8  SER  N  -1.117  21.814  -12.007  120.58
69  8  SER  CA  -1.877  22.958  -11.534  58.13
70  8  SER  C  -3.372  22.632  -11.541  177.42
71  8  SER  O  -3.846  21.895  -12.405  1.77
72  8  SER  CB  -1.6  24.195  -12.391  29.83
73  8  SER  OG  -2.46  24.262  -13.525  36.57
74  8  SER  H  -1.379  21.488  -12.758  21.09
75  8  SER  HA  -1.567  23.116  -10.629  9.32
76  8  SER  HB2  -1.716  24.993  -11.851  4.44
77  8  SER  HB3  -0.676  24.183  -12.686  8.41
78  8  SER  HG  -2.485  23.516  -13.911  4.13
79  9  SER  N  -4.073  23.196  -10.569  1.96
80  9  SER  CA  -5.504  22.974  -10.452  58.21
81  9  SER  C  -5.781  21.509  -10.108  173.49
82  9  SER  O  -4.923  20.649  -10.304  2.26
83  9  SER  CB  -6.229  23.362  -11.742  63.87
84  9  SER  OG  -7.496  23.961  -11.483  58.35
85  9  SER  H  -3.735  23.71  -9.968  178.2
86  9  SER  HA  -5.796  23.553  -9.731  4.46
87  9  SER  HB2  -5.678  23.979  -12.248  3.86
88  9  SER  HB3  -6.352  22.573  -12.293  3.86
89  9  SER  HG  -7.853  24.201  -12.204  23.39
90  10  PHE  N  -6.981  21.269  -9.602  122.91
91  10  PHE  CA  -7.381  19.923  -9.229  58.07
92  10  PHE  C  -7.413  19.003  -10.451  174.34
93  10  PHE  O  -6.738  17.975  -10.476  4.13
94  10  PHE  CB  -8.79  20.021  -8.642  1.95
95  10  PHE  CG  -9.577  18.71  -8.689  1.95
96  10  PHE  CD1  -9.179  17.651  -7.935  131.76
97  10  PHE  CD2  -10.675  18.604  -9.486  131.76
98  10  PHE  CE1  -9.909  16.434  -7.979  130.83
99  10  PHE  CE2  -11.405  17.387  -9.529  130.83
100  10  PHE  CZ  -11.007  16.327  -8.775  128.98
101  10  PHE  H  -7.576  21.875  -9.468  8.27
102  10  PHE  HA  -6.725  19.593  -8.595  4.28
103  10  PHE  HB2  -8.727  20.316  -7.72  2.76
104  10  PHE  HB3  -9.285  20.702  -9.124  2.67
105  10  PHE  HD1  -8.429  17.724  -7.39  7
106  10  PHE  HD2  -10.947  19.329  -10.001  7
107  10  PHE  HE1  -9.638  15.71  -7.463  7.15
108  10  PHE  HE2  -12.155  17.314  -10.074  7.15
109  10  PHE  HZ  -11.485  15.53  -8.804  7.04
110  11  GLN  N  -8.206  19.405  -11.434  125.51
111  11  GLN  CA  -8.335  18.629  -12.656  54.47
112  11  GLN  C  -8.434  17.137  -12.329  174.16
113  11  GLN  O  -7.421  16.44  -12.28  6.87
114  11  GLN  CB  -7.169  18.906  -13.607  29.79
115  11  GLN  CG  -7.611  19.795  -14.771  33.4
116  11  GLN  CD  -8.585  19.054  -15.688  60.31
117  11  GLN  OE1  -9.79  19.065  -15.496  118.26
118  11  GLN  NE2  -7.999  18.411  -16.694  112.53
119  11  GLN  H  -8.676  20.125  -11.409  7.89
120  11  GLN  HA  -9.16  18.932  -13.067  4.17
121  11  GLN  HB2  -6.447  19.336  -13.123  1.84
122  11  GLN  HB3  -6.821  18.068  -13.95  1.75
123  11  GLN  HG2  -8.033  20.598  -14.427  2.15
124  11  GLN  HG3  -6.835  20.078  -15.279  2.15
125  11  GLN  HE21  -7.144  18.439  -16.782  7.39
126  11  GLN  HE22  -8.475  17.969  -17.258  6.76
127  12  SER  N  -9.663  16.691  -12.114  118.21
128  12  SER  CA  -9.907  15.295  -11.794  57.31
129  12  SER  C  -9.041  14.396  -12.678  175.12
130  12  SER  O  -9.191  14.389  -13.899  1.48
131  12  SER  CB  -11.386  14.942  -11.965  64.34
132  12  SER  OG  -11.608  13.535  -11.909  116.03
133  12  SER  H  -10.366  17.185  -12.15  8.36
134  12  SER  HA  -9.657  15.198  -10.862  4.21
135  12  SER  HB2  -11.904  15.378  -11.271  3.89
136  12  SER  HB3  -11.704  15.285  -12.815  3.67
137  12  SER  HG  -11.11  13.188  -11.328  36.49
138  13  THR  N  -8.152  13.66  -12.028  118.45
139  13  THR  CA  -7.262  12.759  -12.74  62.44
140  13  THR  C  -8.065  11.675  -13.462  175.37
141  13  THR  O  -7.759  11.326  -14.601  7.83
142  13  THR  CB  -6.253  12.199  -11.735  69.5
143  13  THR  OG1  -7.055  11.779  -10.635  2.03
144  13  THR  CG2  -5.35  13.284  -11.145  21.41
145  13  THR  H  -8.052  13.669  -11.174  9.11
146  13  THR  HA  -6.793  13.267  -13.42  4.44
147  13  THR  HB  -5.726  11.488  -12.133  4.23
148  13  THR  HG1  -6.622  11.246  -10.15  58.24
149  13  THR  HG21  -5.895  13.949  -10.696  177.87
150  13  THR  HG22  -4.739  12.884  -10.507  2.49
151  13  THR  HG23  -4.845  13.707  -11.857  29.36
152  14  THR  N  -9.077  11.173  -12.77  112.98
153  14  THR  CA  -9.926  10.137  -13.331  61.71
154  14  THR  C  -11.322  10.195  -12.707  175.11
155  14  THR  O  -12.325  10.082  -13.409  20.62
156  14  THR  CB  -9.226  8.791  -13.13  70.32
157  14  THR  OG1  -8.608  8.91  -11.852  128.1
158  14  THR  CG2  -8.055  8.591  -14.094  22.01
159  14  THR  H  -9.285  11.422  -11.974  8.05
160  14  THR  HA  -10.032  10.308  -14.28  4.36
161  14  THR  HB  -9.859  8.059  -13.196  4.41
162  14  THR  HG1  -9.194  8.981  -11.254  1.24
163  14  THR  HG21  -7.299  9.123  -13.799  1.01
164  14  THR  HG22  -7.804  7.654  -14.107  2.43
165  14  THR  HG23  -8.319  8.868  -14.985  2.66
166  15  GLY  N  -11.341  10.371  -11.394  108.14
167  15  GLY  CA  -12.597  10.446  -10.667  45.01
168  15  GLY  C  -12.699  9.324  -9.632  173.43
169  15  GLY  O  -12.953  9.58  -8.456  1.9
170  15  GLY  H  -10.635  10.449  -10.909  8.26
171  15  GLY  HA2  -12.668  11.306  -10.224  3.85
172  15  GLY  HA3  -13.339  10.385  -11.289  3.7
173  16  HSE  N  -12.496  8.104  -10.108  120.55
174  16  HSE  CA  -12.562  6.941  -9.238  53.48
175  16  HSE  C  -11.29  6.86  -8.392  173
176  16  HSE  O  -10.206  6.61  -8.917  26.91
177  16  HSE  CB  -12.817  5.669  -10.05  27.9
178  16  HSE  CG  -13.584  5.901  -11.33  26.68
179  16  HSE  ND1  -14.935  6.201  -11.35  8.12
180  16  HSE  CD2  -13.176  5.874  -12.631  123.32
181  16  HSE  CE1  -15.313  6.345  -12.612  2.36
182  16  HSE  NE2  -14.221  6.142  -13.404  1.56
183  16  HSE  H  -12.291  7.904  -11.066  8.32
184  16  HSE  HA  -13.418  7.092  -8.579  5.3
185  16  HSE  HB2  -11.86  5.207  -10.291  3.44
186  16  HSE  HB3  -13.367  4.96  -9.432  2.71
187  16  HSE  HD1  -15.526  6.293  -10.548  42.71
188  16  HSE  HD2  -12.163  5.668  -12.977  6.85
189  16  HSE  HE1  -16.319  6.584  -12.956  4.57
190  17  CYS  N  -11.465  7.076  -7.097  121.36
191  17  CYS  CA  -10.344  7.031  -6.173  57.21
192  17  CYS  C  -10.816  6.368  -4.877  172.98
193  17  CYS  O  -12.015  6.19  -4.668  1.04
194  17  CYS  CB  -9.76  8.423  -5.923  32.06
195  17  CYS  SG  -7.936  8.326  -5.812  21.32
196  17  CYS  H  -12.226  7.251  -6.737  8
197  17  CYS  HA  -9.653  6.5  -6.599  5.88
198  17  CYS  HB2  -10.017  9.023  -6.64  3.1
199  17  CYS  HB3  -10.122  8.791  -5.102  3.1
200  17  CYS  HG  -7.75  9.511  -5.77  9.16
201  18  VAL  N  -9.849  6.021  -4.041  121.05
202  18  VAL  CA  -10.151  5.383  -2.771  61.09
203  18  VAL  C  -9.223  5.942  -1.691  174.09
204  18  VAL  O  -8.002  5.888  -1.826  54.97
205  18  VAL  CB  -10.053  3.862  -2.914  36.32
206  18  VAL  CG1  -9.624  3.214  -1.596  22.9
207  18  VAL  CG2  -11.374  3.272  -3.41  22.59
208  18  VAL  H  -9.012  6.149  -4.194  9.24
209  18  VAL  HA  -11.067  5.605  -2.542  4.87
210  18  VAL  HB  -9.372  3.668  -3.577  1.92
211  18  VAL  HG11  -9.512  2.259  -1.727  35.91
212  18  VAL  HG12  -8.784  3.601  -1.304  124.97
213  18  VAL  HG13  -10.303  3.372  -0.922  50.26
214  18  VAL  HG21  -12.113  3.704  -2.953  176.52
215  18  VAL  HG22  -11.455  3.419  -4.365  7.81
216  18  VAL  HG23  -11.393  2.32  -3.227  3.98
217  19  HSE  N  -9.839  6.468  -0.642  1.88
218  19  HSE  CA  -9.084  7.037  0.462  54.25
219  19  HSE  C  -8.777  5.947  1.49  173.16
220  19  HSE  O  -9.589  5.048  1.709  2.41
221  19  HSE  CB  -9.824  8.232  1.067  30.95
222  19  HSE  CG  -8.915  9.277  1.669  60.04
223  19  HSE  ND1  -8.542  10.425  0.992  176.6
224  19  HSE  CD2  -8.309  9.335  2.89  119.21
225  19  HSE  CE1  -7.747  11.135  1.78  28.1
226  19  HSE  NE2  -7.604  10.457  2.955  19.12
227  19  HSE  H  -10.833  6.508  -0.539  9.68
228  19  HSE  HA  -8.147  7.404  0.043  5.53
229  19  HSE  HB2  -10.434  8.698  0.294  3.27
230  19  HSE  HB3  -10.506  7.871  1.837  3.25
231  19  HSE  HD1  -8.824  10.676  0.066  120.93
232  19  HSE  HD2  -8.391  8.586  3.678  6.72
233  19  HSE  HE1  -7.288  12.092  1.532  121.74
234  20  MET  N  -7.604  6.061  2.094  123.82
235  20  MET  CA  -7.179  5.097  3.094  53.74
236  20  MET  C  -6.873  5.785  4.426  174.37
237  20  MET  O  -6.301  6.874  4.448  3.52
238  20  MET  CB  -5.931  4.364  2.599  37.4
239  20  MET  CG  -6.252  3.493  1.383  31.09
240  20  MET  SD  -4.863  2.439  1.002  9.98
241  20  MET  CE  -5.557  0.848  1.418  17.72
242  20  MET  H  -7.041  6.692  1.937  8.9
243  20  MET  HA  -7.926  4.488  3.202  5.53
244  20  MET  HB2  -5.244  5.008  2.368  1.82
245  20  MET  HB3  -5.573  3.811  3.311  1.56
246  20  MET  HG2  -7.038  2.953  1.561  2.32
247  20  MET  HG3  -6.461  4.054  0.62  2.23
248  20  MET  HE1  -4.938  0.148  1.158  4.77
249  20  MET  HE2  -5.713  0.804  2.374  37.97
250  20  MET  HE3  -6.397  0.729  0.948  31.13
251  21  ARG  N  -7.268  5.123  5.503  119.47
252  21  ARG  CA  -7.043  5.658  6.835  55.41
253  21  ARG  C  -6.881  4.519  7.844  173.91
254  21  ARG  O  -7.403  3.424  7.639  3
255  21  ARG  CB  -8.202  6.556  7.271  34.61
256  21  ARG  CG  -8.328  7.774  6.353  27.47
257  21  ARG  CD  -8.946  8.959  7.097  43.96
258  21  ARG  NE  -8.013  9.448  8.136  1.38
259  21  ARG  CZ  -8.365  10.262  9.14  1.7
260  21  ARG  NH1  -9.633  10.683  9.247  1.7
261  21  ARG  NH2  -7.451  10.654  10.037  3
262  21  ARG  H  -7.668  4.362  5.48  9.31
263  21  ARG  HA  -6.226  6.176  6.759  4.92
264  21  ARG  HB2  -9.03  6.05  7.259  1.99
265  21  ARG  HB3  -8.063  6.849  8.185  1.88
266  21  ARG  HG2  -7.453  8.02  6.016  1.75
267  21  ARG  HG3  -8.875  7.549  5.584  1.75
268  21  ARG  HD2  -9.149  9.672  6.472  3.26
269  21  ARG  HD3  -9.785  8.693  7.505  3.26
270  21  ARG  HE  -7.192  9.195  8.092  22.86
271  21  ARG  HH11  -10.22  10.431  8.672  8.68
272  21  ARG  HH12  -9.859  11.205  9.892  3.62
273  21  ARG  HH21  -6.637  10.384  9.968  2.24
274  21  ARG  HH22  -7.677  11.177  10.682  174.24
275  22  GLY  N  -6.157  4.816  8.913  110.93
276  22  GLY  CA  -5.92  3.831  9.954  45.22
277  22  GLY  C  -5.173  2.616  9.4  174.25
278  22  GLY  O  -5.632  1.484  9.541  18.15
279  22  GLY  H  -5.795  5.584  9.05  8.04
280  22  GLY  HA2  -5.406  4.232  10.672  4.47
281  22  GLY  HA3  -6.766  3.549  10.335  3.69
282  23  LEU  N  -4.035  2.893  8.782  118.08
283  23  LEU  CA  -3.22  1.837  8.206  53.7
284  23  LEU  C  -2.164  1.4  9.224  175.27
285  23  LEU  O  -1.809  2.164  10.121  22.7
286  23  LEU  CB  -2.633  2.283  6.865  40.82
287  23  LEU  CG  -3.484  1.986  5.629  27.55
288  23  LEU  CD1  -3.58  3.213  4.721  25.88
289  23  LEU  CD2  -2.956  0.76  4.881  24.19
290  23  LEU  H  -3.719  3.687  8.687  8.37
291  23  LEU  HA  -3.804  1.083  8.027  3.9
292  23  LEU  HB2  -2.474  3.239  6.904  1.37
293  23  LEU  HB3  -1.77  1.856  6.752  1.12
294  23  LEU  HG  -4.384  1.776  5.923  1.34
295  23  LEU  HD11  -4.317  3.773  5.011  21.58
296  23  LEU  HD12  -2.752  3.717  4.77  119.15
297  23  LEU  HD13  -3.731  2.928  3.806  58.43
298  23  LEU  HD21  -3.344  0.731  3.993  177.92
299  23  LEU  HD22  -1.99  0.815  4.811  32.94
300  23  LEU  HD23  -3.199  -0.044  5.367  29.75
301  24  PRO  N  -1.68  0.142  9.047  33.7
302  24  PRO  CA  -0.672  -0.405  9.939  62.1
303  24  PRO  C  0.702  0.202  9.651  176.9
304  24  PRO  O  0.967  0.647  8.536  109.75
305  24  PRO  CB  -0.718  -1.907  9.711  31.72
306  24  PRO  CG  -1.415  -2.105  8.375  27.37
307  24  PRO  CD  -2.078  -0.79  7.996  50.24
308  24  PRO  HA  -0.877  -0.174  10.859  4.4
309  24  PRO  HB2  0.175  -2.284  9.696  2.18
310  24  PRO  HB3  -1.202  -2.352  10.424  1.94
311  24  PRO  HG2  -0.777  -2.372  7.695  1.76
312  24  PRO  HG3  -2.075  -2.813  8.437  1.76
313  24  PRO  HD2  -1.783  -0.485  7.124  3.44
314  24  PRO  HD3  -3.043  -0.882  7.952  3.38
315  25  TYR  N  1.542  0.199  10.677  122.62
316  25  TYR  CA  2.882  0.743  10.548  59.84
317  25  TYR  C  3.719  -0.085  9.57  176.82
318  25  TYR  O  4.558  0.457  8.852  62.95
319  25  TYR  CB  3.51  0.654  11.94  37.95
320  25  TYR  CG  2.674  1.307  13.043  4.21
321  25  TYR  CD1  2.038  2.509  12.806  133.04
322  25  TYR  CD2  2.556  0.695  14.274  133.04
323  25  TYR  CE1  1.251  3.124  13.843  118.31
324  25  TYR  CE2  1.769  1.31  15.311  118.31
325  25  TYR  CZ  1.155  2.494  15.044  44.41
326  25  TYR  OH  0.412  3.075  16.024  171.87
327  25  TYR  H  1.35  -0.115  11.454  8.32
328  25  TYR  HA  2.806  1.649  10.211  4.42
329  25  TYR  HB2  3.649  -0.28  12.162  3.1
330  25  TYR  HB3  4.384  1.073  11.919  2.96
331  25  TYR  HD1  2.118  2.922  11.976  7.12
332  25  TYR  HD2  2.984  -0.115  14.433  7.12
333  25  TYR  HE1  0.818  3.934  13.695  6.83
334  25  TYR  HE2  1.682  0.907  16.144  6.83
335  25  TYR  HH  0.77  2.942  16.772  31.99
336  26  ARG  N  3.461  -1.384  9.574  115.35
337  26  ARG  CA  4.179  -2.293  8.697  55.51
338  26  ARG  C  3.383  -2.532  7.413  175.76
339  26  ARG  O  3.318  -3.657  6.919  2.07
340  26  ARG  CB  4.438  -3.634  9.386  28.79
341  26  ARG  CG  4.797  -3.434  10.859  27.33
342  26  ARG  CD  6.124  -4.114  11.198  43.22
343  26  ARG  NE  5.967  -5.585  11.146  3.79
344  26  ARG  CZ  6.984  -6.445  10.998  3.67
345  26  ARG  NH1  8.238  -5.986  10.887  118
346  26  ARG  NH2  6.748  -7.763  10.961  56.15
347  26  ARG  H  2.873  -1.756  10.079  8
348  26  ARG  HA  5.018  -1.844  8.508  4.14
349  26  ARG  HB2  3.65  -4.196  9.314  1.99
350  26  ARG  HB3  5.159  -4.099  8.934  1.7
351  26  ARG  HG2  4.857  -2.486  11.055  1.4
352  26  ARG  HG3  4.092  -3.795  11.419  1.36
353  26  ARG  HD2  6.81  -3.832  10.573  3.13
354  26  ARG  HD3  6.418  -3.845  12.082  3.13
355  26  ARG  HE  5.173  -5.908  11.214  2.67
356  26  ARG  HH11  8.39  -5.14  10.911  2.73
357  26  ARG  HH12  8.891  -6.537  10.792  108.67
358  26  ARG  HH21  5.943  -8.058  11.032  62.25
359  26  ARG  HH22  7.401  -8.315  10.866  176.56
360  27  ALA  N  2.796  -1.456  6.909  122.23
361  27  ALA  CA  2.006  -1.535  5.692  53.03
362  27  ALA  C  2.72  -0.771  4.575  176.95
363  27  ALA  O  3.014  0.415  4.719  17.43
364  27  ALA  CB  0.599  -0.996  5.96  19.04
365  27  ALA  H  2.846  -0.672  7.26  7.48
366  27  ALA  HA  1.94  -2.47  5.443  4.34
367  27  ALA  HB1  0.471  -0.89  6.916  9.01
368  27  ALA  HB2  0.493  -0.137  5.523  4.64
369  27  ALA  HB3  -0.058  -1.619  5.612  3.18
370  28  THR  N  2.979  -1.481  3.488  111.73
371  28  THR  CA  3.653  -0.884  2.347  59.06
372  28  THR  C  2.802  -1.037  1.085  175.62
373  28  THR  O  1.949  -1.921  1.01  109.88
374  28  THR  CB  5.037  -1.525  2.228  73.05
375  28  THR  OG1  5.859  -0.481  1.712  171.8
376  28  THR  CG2  5.09  -2.609  1.149  21.52
377  28  THR  H  2.771  -2.31  3.393  8.91
378  28  THR  HA  3.749  0.067  2.512  4.61
379  28  THR  HB  5.333  -1.873  3.084  4.64
380  28  THR  HG1  5.53  -0.181  1  116.98
381  28  THR  HG21  4.273  -3.132  1.176  52.84
382  28  THR  HG22  5.18  -2.194  0.277  172.89
383  28  THR  HG23  5.851  -3.188  1.31  121.35
384  29  GLU  N  3.064  -0.163  0.124  120.08
385  29  GLU  CA  2.332  -0.19  -1.131  61.25
386  29  GLU  C  2.132  -1.633  -1.598  178.25
387  29  GLU  O  1.005  -2.057  -1.852  84.58
388  29  GLU  CB  3.048  0.638  -2.201  28.88
389  29  GLU  CG  2.435  2.035  -2.315  37.13
390  29  GLU  CD  2.68  2.63  -3.702  1.78
391  29  GLU  OE1  2.245  1.986  -4.681  7.82
392  29  GLU  OE2  3.297  3.716  -3.753  4.08
393  29  GLU  H  3.662  0.452  0.183  9.34
394  29  GLU  HA  1.473  0.216  -0.938  3.73
395  29  GLU  HB2  3.99  0.712  -1.981  2.14
396  29  GLU  HB3  2.991  0.185  -3.057  2.04
397  29  GLU  HG2  1.481  1.988  -2.143  2.35
398  29  GLU  HG3  2.816  2.615  -1.638  2.25
399  30  ASN  N  3.243  -2.349  -1.698  116.67
400  30  ASN  CA  3.203  -3.736  -2.13  56.8
401  30  ASN  C  2.015  -4.437  -1.47  177.02
402  30  ASN  O  1.325  -5.23  -2.109  1.71
403  30  ASN  CB  4.477  -4.477  -1.719  38.47
404  30  ASN  CG  5.698  -3.917  -2.452  3.23
405  30  ASN  OD1  6.068  -2.764  -2.304  61.94
406  30  ASN  ND2  6.3  -4.795  -3.249  113.28
407  30  ASN  H  4.028  -2.046  -1.519  8.37
408  30  ASN  HA  3.124  -3.699  -3.096  4.57
409  30  ASN  HB2  4.607  -4.399  -0.761  2.75
410  30  ASN  HB3  4.383  -5.422  -1.916  2.72
411  30  ASN  HD21  5.995  -5.596  -3.314  7.71
412  30  ASN  HD22  6.996  -4.562  -3.698  7
413  31  ASP  N  1.812  -4.12  -0.2  118.99
414  31  ASP  CA  0.718  -4.71  0.554  57.64
415  31  ASP  C  -0.601  -4.075  0.111  179.01
416  31  ASP  O  -1.576  -4.778  -0.15  0.74
417  31  ASP  CB  0.884  -4.459  2.054  40.85
418  31  ASP  CG  2.204  -4.952  2.65  120.55
419  31  ASP  OD1  2.616  -6.069  2.269  54.3
420  31  ASP  OD2  2.771  -4.201  3.473  175.72
421  31  ASP  H  2.299  -3.565  0.241  7.79
422  31  ASP  HA  0.757  -5.659  0.358  4.44
423  31  ASP  HB2  0.807  -3.506  2.219  3.03
424  31  ASP  HB3  0.152  -4.889  2.523  2.63
425  32  ILE  N  -0.59  -2.752  0.041  121.99
426  32  ILE  CA  -1.774  -2.014  -0.366  65.61
427  32  ILE  C  -2.212  -2.485  -1.754  177.17
428  32  ILE  O  -3.353  -2.264  -2.157  2.51
429  32  ILE  CB  -1.523  -0.507  -0.279  37.01
430  32  ILE  CG1  -1.129  -0.098  1.142  29.43
431  32  ILE  CG2  -2.731  0.281  -0.788  19.23
432  32  ILE  CD  -0.269  1.167  1.13  177.15
433  32  ILE  H  0.095  -2.266  0.225  7.7
434  32  ILE  HA  -2.479  -2.224  0.267  3.49
435  32  ILE  HB  -0.775  -0.29  -0.857  2.03
436  32  ILE  HG12  -1.927  0.055  1.671  1.58
437  32  ILE  HG13  -0.641  -0.821  1.567  0.64
438  32  ILE  HG21  -2.71  0.315  -1.757  2.01
439  32  ILE  HG22  -3.547  -0.156  -0.498  2.01
440  32  ILE  HG23  -2.703  1.183  -0.432  3.73
441  32  ILE  HD11  0.763  0.902  0.898  8.28
442  32  ILE  HD12  -0.646  1.856  0.374  4.14
443  32  ILE  HD13  -0.31  1.644  2.109  1.75
444  33  TYR  N  -1.282  -3.127  -2.446  1.85
445  33  TYR  CA  -1.558  -3.631  -3.781  63.71
446  33  TYR  C  -2.236  -5.001  -3.72  179.79
447  33  TYR  O  -3.15  -5.281  -4.494  3.19
448  33  TYR  CB  -0.198  -3.779  -4.465  37.71
449  33  TYR  CG  0.191  -2.587  -5.342  25.73
450  33  TYR  CD1  -0.604  -2.229  -6.412  132.82
451  33  TYR  CD2  1.336  -1.869  -5.063  132.82
452  33  TYR  CE1  -0.239  -1.107  -7.237  118.38
453  33  TYR  CE2  1.702  -0.747  -5.888  118.38
454  33  TYR  CZ  0.896  -0.422  -6.934  109.78
455  33  TYR  OH  1.242  0.638  -7.714  44.3
456  33  TYR  H  -0.486  -3.278  -2.158  8.55
457  33  TYR  HA  -2.152  -3.003  -4.222  4.06
458  33  TYR  HB2  0.483  -3.905  -3.786  3.16
459  33  TYR  HB3  -0.206  -4.581  -5.011  3.12
460  33  TYR  HD1  -1.376  -2.713  -6.6  7.27
461  33  TYR  HD2  1.871  -2.11  -4.342  7.27
462  33  TYR  HE1  -0.767  -0.857  -7.961  6.8
463  33  TYR  HE2  2.471  -0.256  -5.709  6.8
464  33  TYR  HH  0.551  1.027  -7.991  25.7
465  34  ASN  N  -1.763  -5.82  -2.791  117.26
466  34  ASN  CA  -2.313  -7.154  -2.619  56.12
467  34  ASN  C  -3.542  -7.081  -1.711  176.93
468  34  ASN  O  -4.342  -8.014  -1.667  4.69
469  34  ASN  CB  -1.294  -8.088  -1.962  37.97
470  34  ASN  CG  -0.808  -9.15  -2.95  1.63
471  34  ASN  OD1  -1.582  -9.795  -3.639  2.02
472  34  ASN  ND2  0.513  -9.296  -2.98  112.6
473  34  ASN  H  -1.124  -5.618  -2.252  8.46
474  34  ASN  HA  -2.53  -7.457  -3.514  4.53
475  34  ASN  HB2  -0.539  -7.572  -1.638  2.96
476  34  ASN  HB3  -1.695  -8.519  -1.191  2.92
477  34  ASN  HD21  1.011  -8.814  -2.471  6.86
478  34  ASN  HD22  0.87  -9.873  -3.508  7.79
479  35  PHE  N  -3.654  -5.963  -1.008  121.83
480  35  PHE  CA  -4.772  -5.756  -0.104  60.7
481  35  PHE  C  -6.042  -5.394  -0.876  175.65
482  35  PHE  O  -7.135  -5.39  -0.313  21.57
483  35  PHE  CB  -4.396  -4.59  0.813  39.65
484  35  PHE  CG  -5.479  -4.224  1.829  8.32
485  35  PHE  CD1  -6.006  -5.183  2.637  131.3
486  35  PHE  CD2  -5.916  -2.94  1.925  131.3
487  35  PHE  CE1  -7.011  -4.843  3.581  130.84
488  35  PHE  CE2  -6.921  -2.6  2.869  130.84
489  35  PHE  CZ  -7.448  -3.559  3.676  130.35
490  35  PHE  H  -3.09  -5.315  -1.044  8.03
491  35  PHE  HA  -4.913  -6.588  0.375  4.18
492  35  PHE  HB2  -3.582  -4.815  1.289  3.1
493  35  PHE  HB3  -4.201  -3.812  0.267  3.01
494  35  PHE  HD1  -5.708  -6.062  2.571  6.16
495  35  PHE  HD2  -5.556  -2.284  1.373  6.16
496  35  PHE  HE1  -7.372  -5.499  4.133  6.72
497  35  PHE  HE2  -7.219  -1.721  2.935  6.72
498  35  PHE  HZ  -8.106  -3.336  4.295  7.16
499  36  PHE  N  -5.855  -5.098  -2.154  176.92
500  36  PHE  CA  -6.972  -4.735  -3.01  59.72
501  36  PHE  C  -7.121  -5.725  -4.167  174.99
502  36  PHE  O  -8.096  -5.67  -4.914  27.33
503  36  PHE  CB  -6.668  -3.347  -3.577  40.07
504  36  PHE  CG  -7.1  -2.195  -2.669  106.08
505  36  PHE  CD1  -8.366  -2.159  -2.171  131.67
506  36  PHE  CD2  -6.219  -1.206  -2.358  131.67
507  36  PHE  CE1  -8.767  -1.089  -1.328  132.29
508  36  PHE  CE2  -6.621  -0.136  -1.515  132.29
509  36  PHE  CZ  -7.886  -0.101  -1.018  128.67
510  36  PHE  H  -5.087  -5.103  -2.542  7.38
511  36  PHE  HA  -7.773  -4.757  -2.463  4.47
512  36  PHE  HB2  -5.715  -3.277  -3.742  3.57
513  36  PHE  HB3  -7.111  -3.254  -4.435  2.64
514  36  PHE  HD1  -8.968  -2.835  -2.383  7.42
515  36  PHE  HD2  -5.354  -1.231  -2.698  7.42
516  36  PHE  HE1  -9.632  -1.065  -0.988  7.68
517  36  PHE  HE2  -6.019  0.54  -1.303  7.68
518  36  PHE  HZ  -8.15  0.599  -0.466  7.25
519  37  SER  N  -6.139  -6.608  -4.278  117.45
520  37  SER  CA  -6.149  -7.608  -5.332  57.83
521  37  SER  C  -7.284  -8.606  -5.095  173.54
522  37  SER  O  -7.761  -8.754  -3.971  8.84
523  37  SER  CB  -4.807  -8.34  -5.409  63.28
524  37  SER  OG  -4.053  -7.952  -6.555  3.27
525  37  SER  H  -5.46  -6.641  -3.752  7.49
526  37  SER  HA  -6.295  -7.115  -6.154  4.6
527  37  SER  HB2  -4.293  -8.156  -4.607  4.17
528  37  SER  HB3  -4.962  -9.297  -5.433  3.98
529  37  SER  HG  -3.623  -7.249  -6.391  7.15
530  38  PRO  N  -7.694  -9.283  -6.201  7.03
531  38  PRO  CA  -7.075  -9.048  -7.494  63.85
532  38  PRO  C  -7.542  -7.72  -8.092  177
533  38  PRO  O  -8.726  -7.545  -8.378  178.09
534  38  PRO  CB  -7.465  -10.25  -8.34  33.55
535  38  PRO  CG  -8.661  -10.879  -7.646  24.34
536  38  PRO  CD  -8.754  -10.286  -6.249  49.99
537  38  PRO  HA  -6.113  -8.972  -7.399  4.91
538  38  PRO  HB2  -7.69  -9.98  -9.244  2.39
539  38  PRO  HB3  -6.731  -10.88  -8.408  2.15
540  38  PRO  HG2  -9.474  -10.703  -8.144  1.99
541  38  PRO  HG3  -8.56  -11.843  -7.6  1.69
542  38  PRO  HD2  -9.624  -9.887  -6.092  3.56
543  38  PRO  HD3  -8.627  -10.966  -5.569  3.52
544  39  LEU  N  -6.587  -6.817  -8.264  127.44
545  39  LEU  CA  -6.886  -5.509  -8.822  55.55
546  39  LEU  C  -5.58  -4.822  -9.226  175.89
547  39  LEU  O  -4.495  -5.332  -8.95  6.18
548  39  LEU  CB  -7.736  -4.691  -7.848  43.04
549  39  LEU  CG  -9.248  -4.908  -7.932  27.09
550  39  LEU  CD1  -10.002  -3.798  -7.198  25.79
551  39  LEU  CD2  -9.702  -5.045  -9.387  22.55
552  39  LEU  H  -5.761  -6.946  -8.062  8.93
553  39  LEU  HA  -7.419  -5.649  -9.62  4.36
554  39  LEU  HB2  -7.448  -4.896  -6.945  1.99
555  39  LEU  HB3  -7.553  -3.75  -7.998  1.33
556  39  LEU  HG  -9.461  -5.742  -7.485  1.7
557  39  LEU  HD11  -10.627  -4.192  -6.57  2.1
558  39  LEU  HD12  -9.37  -3.239  -6.719  1.69
559  39  LEU  HD13  -10.488  -3.258  -7.841  1.38
560  39  LEU  HD21  -9.673  -5.979  -9.648  0.76
561  39  LEU  HD22  -10.609  -4.713  -9.475  21.63
562  39  LEU  HD23  -9.112  -4.53  -9.959  8.25
563  40  ASN  N  -5.727  -3.674  -9.872  119.17
564  40  ASN  CA  -4.573  -2.912  -10.316  50.43
565  40  ASN  C  -4.819  -1.424  -10.056  172.3
566  40  ASN  O  -5.418  -0.737  -10.882  177.51
567  40  ASN  CB  -4.334  -3.097  -11.815  40.04
568  40  ASN  CG  -3.056  -3.897  -12.073  29.88
569  40  ASN  OD1  -2.038  -3.372  -12.492  176.83
570  40  ASN  ND2  -3.165  -5.194  -11.799  112.52
571  40  ASN  H  -6.489  -3.323  -10.06  9.12
572  40  ASN  HA  -3.826  -3.259  -9.804  5.32
573  40  ASN  HB2  -5.091  -3.554  -12.213  2.86
574  40  ASN  HB3  -4.269  -2.23  -12.245  2.73
575  40  ASN  HD21  -3.909  -5.51  -11.505  7.48
576  40  ASN  HD22  -2.492  -5.717  -11.915  6.76
577  41  PRO  N  -4.332  -0.959  -8.874  123.92
578  41  PRO  CA  -4.494  0.435  -8.496  62.46
579  41  PRO  C  -3.536  1.331  -9.283  174.98
580  41  PRO  O  -2.32  1.157  -9.216  3.25
581  41  PRO  CB  -4.241  0.467  -6.997  31.45
582  41  PRO  CG  -3.495  -0.817  -6.673  26.63
583  41  PRO  CD  -3.618  -1.743  -7.872  50.47
584  41  PRO  HA  -5.387  0.743  -8.716  3.87
585  41  PRO  HB2  -3.717  1.245  -6.75  1.25
586  41  PRO  HB3  -5.075  0.519  -6.505  1.2
587  41  PRO  HG2  -2.562  -0.63  -6.483  1.33
588  41  PRO  HG3  -3.868  -1.235  -5.881  1.18
589  41  PRO  HD2  -2.746  -2.019  -8.195  3.75
590  41  PRO  HD3  -4.105  -2.551  -7.644  3.75
591  42  MET  N  -4.12  2.271  -10.012  119.37
592  42  MET  CA  -3.334  3.195  -10.811  56.57
593  42  MET  C  -2.078  3.639  -10.059  176.49
594  42  MET  O  -0.999  3.727  -10.643  25.78
595  42  MET  CB  -4.182  4.421  -11.157  34.56
596  42  MET  CG  -4.955  4.204  -12.459  31.67
597  42  MET  SD  -4.327  5.289  -13.73  4.14
598  42  MET  CE  -5.713  5.285  -14.854  16.71
599  42  MET  H  -4.971  2.387  -10.054  8.94
600  42  MET  HA  -3.084  2.703  -11.609  4.42
601  42  MET  HB2  -4.804  4.602  -10.435  2.08
602  42  MET  HB3  -3.611  5.2  -11.242  1.72
603  42  MET  HG2  -4.872  3.28  -12.743  2.5
604  42  MET  HG3  -5.899  4.373  -12.317  2.5
605  42  MET  HE1  -6.095  6.176  -14.899  4.53
606  42  MET  HE2  -5.413  5.016  -15.737  32.56
607  42  MET  HE3  -6.385  4.661  -14.537  121.31
608  43  ARG  N  -2.26  3.907  -8.774  114.26
609  43  ARG  CA  -1.154  4.34  -7.936  55.94
610  43  ARG  C  -1.597  4.421  -6.474  173.2
611  43  ARG  O  -2.739  4.777  -6.186  33.11
612  43  ARG  CB  -0.629  5.706  -8.38  34.39
613  43  ARG  CG  -1.719  6.775  -8.27  27.56
614  43  ARG  CD  -1.338  8.029  -9.059  43.59
615  43  ARG  NE  -1.261  9.195  -8.15  104.47
616  43  ARG  CZ  -0.601  10.326  -8.433  7.71
617  43  ARG  NH1  0.044  10.451  -9.601  3.61
618  43  ARG  NH2  -0.585  11.332  -7.548  1.97
619  43  ARG  H  -3.018  3.843  -8.372  7.28
620  43  ARG  HA  -0.472  3.661  -8.057  4.57
621  43  ARG  HB2  0.131  5.958  -7.832  1.84
622  43  ARG  HB3  -0.314  5.653  -9.296  1.84
623  43  ARG  HG2  -2.558  6.421  -8.604  1.59
624  43  ARG  HG3  -1.859  7.005  -7.338  1.54
625  43  ARG  HD2  -0.484  7.896  -9.5  3.28
626  43  ARG  HD3  -1.994  8.195  -9.754  3.23
627  43  ARG  HE  -1.665  9.143  -7.393  1.57
628  43  ARG  HH11  0.034  9.805  -10.169  8.58
629  43  ARG  HH12  0.468  11.177  -9.782  107.89
630  43  ARG  HH21  -0.999  11.251  -6.798  52.73
631  43  ARG  HH22  -0.161  12.058  -7.729  175.89
632  44  VAL  N  -0.67  4.085  -5.589  122.21
633  44  VAL  CA  -0.951  4.116  -4.163  61.19
634  44  VAL  C  -0.046  5.151  -3.492  173.24
635  44  VAL  O  1.162  4.947  -3.381  19.47
636  44  VAL  CB  -0.798  2.714  -3.57  113.18
637  44  VAL  CG1  -1.078  2.722  -2.065  22.08
638  44  VAL  CG2  -1.702  1.712  -4.29  21.14
639  44  VAL  H  0.127  3.837  -5.797  8.61
640  44  VAL  HA  -1.875  4.39  -4.053  4.42
641  44  VAL  HB  0.121  2.434  -3.7  1.86
642  44  VAL  HG11  -0.826  1.866  -1.685  7.96
643  44  VAL  HG12  -0.562  3.427  -1.644  99.83
644  44  VAL  HG13  -2.023  2.878  -1.914  47.44
645  44  VAL  HG21  -1.93  2.055  -5.168  176.27
646  44  VAL  HG22  -1.236  0.867  -4.385  7.75
647  44  VAL  HG23  -2.512  1.578  -3.774  7.53
648  45  HSE  N  -0.665  6.241  -3.062  3.85
649  45  HSE  CA  0.069  7.308  -2.405  54.66
650  45  HSE  C  0.218  6.988  -0.916  173.53
651  45  HSE  O  -0.746  6.592  -0.263  68.65
652  45  HSE  CB  -0.599  8.662  -2.655  32.57
653  45  HSE  CG  -0.477  9.63  -1.503  9.23
654  45  HSE  ND1  0.566  10.533  -1.39  31.03
655  45  HSE  CD2  -1.277  9.827  -0.416  120.77
656  45  HSE  CE1  0.392  11.236  -0.281  138
657  45  HSE  NE2  -0.751  10.797  0.322  8.22
658  45  HSE  H  -1.648  6.399  -3.156  9.06
659  45  HSE  HA  1.058  7.336  -2.863  4.97
660  45  HSE  HB2  -0.159  9.113  -3.544  2.85
661  45  HSE  HB3  -1.656  8.499  -2.87  2.85
662  45  HSE  HD1  1.322  10.637  -2.036  54.71
663  45  HSE  HD2  -2.193  9.281  -0.192  7.01
664  45  HSE  HE1  1.046  12.027  0.086  7.96
665  46  ILE  N  1.435  7.171  -0.423  129.25
666  46  ILE  CA  1.723  6.906  0.976  61.78
667  46  ILE  C  2.009  8.227  1.692  174.33
668  46  ILE  O  3.005  8.889  1.407  177.36
669  46  ILE  CB  2.85  5.88  1.106  38.12
670  46  ILE  CG1  2.554  4.631  0.272  28.72
671  46  ILE  CG2  3.115  5.539  2.574  17.56
672  46  ILE  CD  1.804  3.585  1.099  17.23
673  46  ILE  H  2.105  7.448  -0.886  8.75
674  46  ILE  HA  0.928  6.51  1.367  3.77
675  46  ILE  HB  3.662  6.274  0.752  1.63
676  46  ILE  HG12  2.026  4.875  -0.505  1.39
677  46  ILE  HG13  3.385  4.254  -0.057  0.56
678  46  ILE  HG21  3.54  6.294  3.009  1.3
679  46  ILE  HG22  2.275  5.341  3.016  27.83
680  46  ILE  HG23  3.698  4.765  2.626  4.29
681  46  ILE  HD11  2.498  3.094  1.78  7.4
682  46  ILE  HD12  1.015  4.073  1.672  4.66
683  46  ILE  HD13  1.363  2.844  0.432  3.51
684  47  GLU  N  1.116  8.571  2.609  128.05
685  47  GLU  CA  1.26  9.802  3.369  57.81
686  47  GLU  C  2.26  9.607  4.511  175.26
687  47  GLU  O  2.096  8.711  5.337  178.19
688  47  GLU  CB  -0.093  10.279  3.9  174.41
689  47  GLU  CG  0.015  11.687  4.489  36.67
690  47  GLU  CD  -1.223  12.52  4.151  25.96
691  47  GLU  OE1  -1.593  12.527  2.957  26.25
692  47  GLU  OE2  -1.772  13.13  5.094  22.95
693  47  GLU  H  0.422  8.103  2.804  7.65
694  47  GLU  HA  1.603  10.455  2.739  4.02
695  47  GLU  HB2  -0.746  10.275  3.183  2.12
696  47  GLU  HB3  -0.413  9.664  4.579  1.84
697  47  GLU  HG2  0.118  11.631  5.452  2.19
698  47  GLU  HG3  0.808  12.126  4.144  2.08
699  48  ILE  N  3.273  10.461  4.52  126.87
700  48  ILE  CA  4.299  10.394  5.546  59.64
701  48  ILE  C  4.092  11.536  6.543  176.57
702  48  ILE  O  3.785  12.66  6.15  7.62
703  48  ILE  CB  5.691  10.376  4.912  39.21
704  48  ILE  CG1  5.827  9.218  3.921  26.61
705  48  ILE  CG2  6.782  10.344  5.985  17.12
706  48  ILE  CD  5.84  7.872  4.649  174.29
707  48  ILE  H  3.38  11.085  3.938  8.51
708  48  ILE  HA  4.186  9.552  6.015  4.46
709  48  ILE  HB  5.807  11.198  4.41  1.78
710  48  ILE  HG12  5.092  9.241  3.289  1.49
711  48  ILE  HG13  6.645  9.32  3.409  1.22
712  48  ILE  HG21  7.399  9.619  5.797  4.29
713  48  ILE  HG22  7.262  11.187  5.982  3.42
714  48  ILE  HG23  6.375  10.206  6.855  44.28
715  48  ILE  HD11  6.682  7.277  4.297  121.02
716  48  ILE  HD12  5.936  8.04  5.722  60.15
717  48  ILE  HD13  4.91  7.341  4.446  179.38
718  49  GLY  N  4.268  11.208  7.815  113.44
719  49  GLY  CA  4.105  12.192  8.871  44.59
720  49  GLY  C  5.271  13.181  8.884  173.37
721  49  GLY  O  5.2  14.24  8.261  30.25
722  49  GLY  H  4.483  10.419  8.082  8.81
723  49  GLY  HA2  3.271  12.672  8.745  4.47
724  49  GLY  HA3  4.046  11.743  9.729  4.11
725  50  PRO  N  6.347  12.792  9.62  3.96
726  50  PRO  CA  7.528  13.633  9.723  64.68
727  50  PRO  C  8.349  13.584  8.433  176.17
728  50  PRO  O  8.23  14.465  7.583  1.41
729  50  PRO  CB  8.285  13.103  10.929  31.51
730  50  PRO  CG  7.746  11.703  11.177  27.18
731  50  PRO  CD  6.467  11.546  10.371  49.73
732  50  PRO  HA  7.271  14.561  9.838  4.41
733  50  PRO  HB2  9.24  13.083  10.759  2.38
734  50  PRO  HB3  8.146  13.67  11.704  2.02
735  50  PRO  HG2  8.398  11.036  10.911  2.07
736  50  PRO  HG3  7.572  11.568  12.122  2.07
737  50  PRO  HD2  6.515  10.78  9.778  3.74
738  50  PRO  HD3  5.701  11.408  10.95  3.74
739  51  ASP  N  9.164  12.545  8.327  115.25
740  51  ASP  CA  10.005  12.37  7.155  52.69
741  51  ASP  C  10.352  10.888  6.999  176.74
742  51  ASP  O  11.438  10.547  6.531  27.2
743  51  ASP  CB  11.314  13.149  7.295  22.05
744  51  ASP  CG  11.938  13.121  8.692  26.19
745  51  ASP  OD1  12.589  12.1  9.002  8.81
746  51  ASP  OD2  11.749  14.121  9.418  3.79
747  51  ASP  H  9.242  11.933  8.926  8.03
748  51  ASP  HA  9.481  12.709  6.412  4.55
749  51  ASP  HB2  11.956  12.793  6.661  3
750  51  ASP  HB3  11.153  14.073  7.046  2.65
751  52  GLY  N  9.409  10.047  7.398  107.76
752  52  GLY  CA  9.602  8.609  7.308  45.35
753  52  GLY  C  8.42  7.859  7.925  173.45
754  52  GLY  O  7.877  6.939  7.314  40.59
755  52  GLY  H  8.652  10.293  7.724  8.29
756  52  GLY  HA2  9.704  8.351  6.379  4.21
757  52  GLY  HA3  10.421  8.36  7.764  3.56
758  53  ARG  N  8.055  8.279  9.127  119.52
759  53  ARG  CA  6.947  7.658  9.833  54.8
760  53  ARG  C  5.634  7.915  9.092  176.79
761  53  ARG  O  5.286  9.063  8.818  21.52
762  53  ARG  CB  6.833  8.196  11.261  31.51
763  53  ARG  CG  8.14  7.994  12.03  27.6
764  53  ARG  CD  7.879  7.366  13.4  43.32
765  53  ARG  NE  8.51  8.183  14.46  2.19
766  53  ARG  CZ  8.132  9.43  14.773  42.73
767  53  ARG  NH1  7.123  10.011  14.109  116.79
768  53  ARG  NH2  8.762  10.096  15.75  44.38
769  53  ARG  H  8.439  8.923  9.548  7.59
770  53  ARG  HA  7.161  6.712  9.846  4.67
771  53  ARG  HB2  6.611  9.14  11.237  1.86
772  53  ARG  HB3  6.109  7.745  11.723  1.86
773  53  ARG  HG2  8.735  7.425  11.518  1.58
774  53  ARG  HG3  8.589  8.847  12.141  1.49
775  53  ARG  HD2  6.924  7.3  13.558  3.18
776  53  ARG  HD3  8.232  6.463  13.423  3.18
777  53  ARG  HE  9.16  7.836  14.903  3.83
778  53  ARG  HH11  6.719  9.583  13.482  32.85
779  53  ARG  HH12  6.88  10.811  14.31  107.44
780  53  ARG  HH21  9.41  9.724  16.176  8.04
781  53  ARG  HH22  8.52  10.896  15.95  4.61
782  54  VAL  N  4.941  6.828  8.787  119.85
783  54  VAL  CA  3.673  6.921  8.083  62.46
784  54  VAL  C  2.632  7.566  8.999  176.91
785  54  VAL  O  2.879  7.755  10.189  8.07
786  54  VAL  CB  3.252  5.54  7.577  31.95
787  54  VAL  CG1  4.042  5.149  6.327  21.63
788  54  VAL  CG2  3.406  4.484  8.675  19.06
789  54  VAL  H  5.19  6.028  8.982  8.4
790  54  VAL  HA  3.808  7.494  7.312  4.68
791  54  VAL  HB  2.314  5.584  7.336  2.42
792  54  VAL  HG11  3.475  5.241  5.545  7.99
793  54  VAL  HG12  4.813  5.731  6.236  4.41
794  54  VAL  HG13  4.338  4.229  6.405  4.09
795  54  VAL  HG21  3.563  4.923  9.526  4.03
796  54  VAL  HG22  2.596  3.953  8.728  32.77
797  54  VAL  HG23  4.157  3.907  8.466  118.88
798  55  THR  N  1.488  7.885  8.41  111.11
799  55  THR  CA  0.408  8.504  9.159  61.98
800  55  THR  C  -0.763  7.531  9.308  176.85
801  55  THR  O  -1.549  7.639  10.249  40.6
802  55  THR  CB  0.029  9.807  8.452  70.26
803  55  THR  OG1  -0.677  9.38  7.291  24.9
804  55  THR  CG2  1.248  10.547  7.897  21.67
805  55  THR  H  1.322  7.749  7.577  7.68
806  55  THR  HA  0.729  8.702  10.053  4.44
807  55  THR  HB  -0.487  10.382  9.038  4.53
808  55  THR  HG1  -0.151  8.999  6.759  1.52
809  55  THR  HG21  1.876  10.723  8.615  1.89
810  55  THR  HG22  1.677  10.001  7.22  172.98
811  55  THR  HG23  0.964  11.387  7.503  132.07
812  56  GLY  N  -0.843  6.603  8.366  111.55
813  56  GLY  CA  -1.906  5.612  8.381  45.33
814  56  GLY  C  -2.942  5.902  7.294  172.44
815  56  GLY  O  -3.988  5.256  7.239  178.02
816  56  GLY  H  -0.29  6.533  7.711  8.68
817  56  GLY  HA2  -1.53  4.728  8.247  4.6
818  56  GLY  HA3  -2.337  5.608  9.25  3.88
819  57  GLU  N  -2.616  6.875  6.455  117.13
820  57  GLU  CA  -3.506  7.259  5.373  53.97
821  57  GLU  C  -2.873  6.922  4.021  176.08
822  57  GLU  O  -1.651  6.839  3.907  133.64
823  57  GLU  CB  -3.862  8.745  5.456  31.52
824  57  GLU  CG  -4.883  9.002  6.566  37.42
825  57  GLU  CD  -5.778  10.194  6.222  118.96
826  57  GLU  OE1  -6.351  10.171  5.111  58.75
827  57  GLU  OE2  -5.869  11.102  7.077  122.59
828  57  GLU  H  -1.883  7.322  6.5  7.69
829  57  GLU  HA  -4.31  6.732  5.5  5.37
830  57  GLU  HB2  -3.06  9.264  5.623  2.17
831  57  GLU  HB3  -4.221  9.043  4.606  1.94
832  57  GLU  HG2  -5.429  8.211  6.698  2.36
833  57  GLU  HG3  -4.421  9.171  7.402  2.29
834  58  ALA  N  -3.733  6.737  3.03  120.2
835  58  ALA  CA  -3.274  6.411  1.691  51.33
836  58  ALA  C  -4.366  6.768  0.681  174.12
837  58  ALA  O  -5.526  6.943  1.051  1.6
838  58  ALA  CB  -2.884  4.933  1.631  23.81
839  58  ALA  H  -4.586  6.797  3.117  8.25
840  58  ALA  HA  -2.488  6.949  1.51  4.93
841  58  ALA  HB1  -3.248  4.535  0.825  32.58
842  58  ALA  HB2  -1.917  4.854  1.622  27.23
843  58  ALA  HB3  -3.24  4.473  2.407  50.75
844  59  ASP  N  -3.957  6.864  -0.576  118.06
845  59  ASP  CA  -4.887  7.196  -1.642  54.4
846  59  ASP  C  -4.699  6.215  -2.801  173.46
847  59  ASP  O  -3.601  6.091  -3.342  2.1
848  59  ASP  CB  -4.634  8.609  -2.173  45.81
849  59  ASP  CG  -5.715  9.634  -1.824  3.86
850  59  ASP  OD1  -6.65  9.245  -1.092  3.86
851  59  ASP  OD2  -5.582  10.782  -2.299  119.18
852  59  ASP  H  -3.144  6.74  -0.828  8.84
853  59  ASP  HA  -5.768  7.133  -1.241  5.48
854  59  ASP  HB2  -3.785  8.923  -1.824  1.98
855  59  ASP  HB3  -4.546  8.566  -3.138  1.77
856  60  VAL  N  -5.787  5.543  -3.147  121.33
857  60  VAL  CA  -5.756  4.577  -4.232  60.89
858  60  VAL  C  -6.536  5.131  -5.426  173.03
859  60  VAL  O  -7.667  5.591  -5.273  1.88
860  60  VAL  CB  -6.286  3.227  -3.746  33.91
861  60  VAL  CG1  -6.008  2.127  -4.772  22.01
862  60  VAL  CG2  -5.696  2.865  -2.381  22.6
863  60  VAL  H  -6.552  5.635  -2.764  8.89
864  60  VAL  HA  -4.829  4.46  -4.493  4.43
865  60  VAL  HB  -7.248  3.304  -3.644  1.81
866  60  VAL  HG11  -5.212  1.637  -4.513  113.37
867  60  VAL  HG12  -6.764  1.52  -4.808  45.42
868  60  VAL  HG13  -5.872  2.526  -5.645  8.31
869  60  VAL  HG21  -6.415  2.681  -1.756  4.5
870  60  VAL  HG22  -5.135  2.079  -2.47  8.92
871  60  VAL  HG23  -5.164  3.606  -2.053  3.83
872  61  GLU  N  -5.902  5.069  -6.587  126.29
873  61  GLU  CA  -6.523  5.559  -7.806  54.98
874  61  GLU  C  -6.799  4.398  -8.765  174.62
875  61  GLU  O  -6.003  3.466  -8.861  173.51
876  61  GLU  CB  -5.654  6.626  -8.474  33.69
877  61  GLU  CG  -6.492  7.525  -9.384  37.85
878  61  GLU  CD  -6.902  8.81  -8.66  53.86
879  61  GLU  OE1  -5.999  9.442  -8.072  8.04
880  61  GLU  OE2  -8.109  9.13  -8.712  4.77
881  61  GLU  H  -5.111  4.746  -6.687  8.52
882  61  GLU  HA  -7.36  5.96  -7.526  5.01
883  61  GLU  HB2  -5.218  7.164  -7.795  2.15
884  61  GLU  HB3  -4.952  6.2  -8.991  1.86
885  61  GLU  HG2  -5.986  7.747  -10.181  2.35
886  61  GLU  HG3  -7.284  7.047  -9.676  2.24
887  62  PHE  N  -7.929  4.495  -9.449  123.13
888  62  PHE  CA  -8.32  3.465  -10.397  57.6
889  62  PHE  C  -8.749  4.08  -11.73  174.54
890  62  PHE  O  -9.239  5.208  -11.768  7.46
891  62  PHE  CB  -9.51  2.723  -9.785  42.64
892  62  PHE  CG  -9.16  1.902  -8.542  45.37
893  62  PHE  CD1  -8.359  0.808  -8.653  131.2
894  62  PHE  CD2  -9.649  2.266  -7.327  131.2
895  62  PHE  CE1  -8.034  0.046  -7.5  130.34
896  62  PHE  CE2  -9.324  1.504  -6.173  130.34
897  62  PHE  CZ  -8.523  0.41  -6.284  129.1
898  62  PHE  H  -8.481  5.15  -9.377  9.34
899  62  PHE  HA  -7.548  2.896  -10.538  4.73
900  62  PHE  HB2  -10.197  3.367  -9.553  3.5
901  62  PHE  HB3  -9.891  2.132  -10.454  2.76
902  62  PHE  HD1  -8.025  0.559  -9.484  7.18
903  62  PHE  HD2  -10.197  3.014  -7.251  7.18
904  62  PHE  HE1  -7.486  -0.702  -7.576  6.54
905  62  PHE  HE2  -9.659  1.752  -5.342  6.54
906  62  PHE  HZ  -8.31  -0.089  -5.529  5.56
907  63  ALA  N  -8.548  3.313  -12.791  122.51
908  63  ALA  CA  -8.908  3.769  -14.123  55.04
909  63  ALA  C  -10.428  3.914  -14.215  177.91
910  63  ALA  O  -10.932  4.95  -14.648  32.62
911  63  ALA  CB  -8.352  2.795  -15.164  20.24
912  63  ALA  H  -8.205  2.525  -12.757  10.15
913  63  ALA  HA  -8.499  4.638  -14.258  4.47
914  63  ALA  HB1  -7.699  3.251  -15.717  1.75
915  63  ALA  HB2  -7.928  2.048  -14.714  1.91
916  63  ALA  HB3  -9.076  2.468  -15.721  1.75
917  64  THR  N  -11.118  2.862  -13.799  100.87
918  64  THR  CA  -12.57  2.859  -13.829  58.17
919  64  THR  C  -13.133  2.892  -12.407  173.44
920  64  THR  O  -12.377  2.94  -11.437  119.5
921  64  THR  CB  -13.025  1.64  -14.634  73.05
922  64  THR  OG1  -12.242  0.569  -14.113  175.98
923  64  THR  CG2  -12.612  1.722  -16.105  21.67
924  64  THR  H  -10.76  2.141  -13.497  7.1
925  64  THR  HA  -12.868  3.669  -14.272  4.46
926  64  THR  HB  -13.982  1.506  -14.549  4.5
927  64  THR  HG1  -12.523  0.351  -13.352  8.68
928  64  THR  HG21  -13.352  2.065  -16.63  4.27
929  64  THR  HG22  -11.849  2.315  -16.194  1.91
930  64  THR  HG23  -12.373  0.837  -16.423  3.85
931  65  HSE  N  -14.455  2.866  -12.327  120.11
932  65  HSE  CA  -15.127  2.893  -11.039  58.75
933  65  HSE  C  -15.148  1.484  -10.441  175.78
934  65  HSE  O  -14.877  1.305  -9.255  65.36
935  65  HSE  CB  -16.525  3.502  -11.168  30.78
936  65  HSE  CG  -17.261  3.635  -9.856  129.03
937  65  HSE  ND1  -16.664  4.13  -8.709  56.13
938  65  HSE  CD2  -18.548  3.335  -9.522  118.15
939  65  HSE  CE1  -17.562  4.122  -7.735  137.74
940  65  HSE  NE2  -18.729  3.628  -8.24  31.93
941  65  HSE  H  -15.062  2.827  -13.12  8.43
942  65  HSE  HA  -14.539  3.544  -10.392  3.98
943  65  HSE  HB2  -16.439  4.487  -11.627  2.79
944  65  HSE  HB3  -17.118  2.886  -11.844  2.71
945  65  HSE  HD1  -15.717  4.441  -8.63  8.85
946  65  HSE  HD2  -19.301  2.923  -10.194  6.94
947  65  HSE  HE1  -17.397  4.452  -6.709  7.55
948  66  GLU  N  -15.472  0.52  -11.291  115.8
949  66  GLU  CA  -15.532  -0.866  -10.861  60.75
950  66  GLU  C  -14.308  -1.212  -10.011  179.04
951  66  GLU  O  -14.444  -1.711  -8.895  1.65
952  66  GLU  CB  -15.648  -1.808  -12.062  28.25
953  66  GLU  CG  -17.01  -1.663  -12.742  37.62
954  66  GLU  CD  -16.962  -0.605  -13.848  2.97
955  66  GLU  OE1  -17.185  0.578  -13.512  27.58
956  66  GLU  OE2  -16.702  -1.004  -15.003  43.27
957  66  GLU  H  -15.66  0.653  -12.12  8.72
958  66  GLU  HA  -16.337  -0.935  -10.324  3.55
959  66  GLU  HB2  -14.943  -1.614  -12.699  1.98
960  66  GLU  HB3  -15.523  -2.725  -11.772  1.84
961  66  GLU  HG2  -17.281  -2.515  -13.118  2.49
962  66  GLU  HG3  -17.679  -1.417  -12.084  2.2
963  67  ASP  N  -13.14  -0.931  -10.57  120.86
964  67  ASP  CA  -11.893  -1.206  -9.877  56.78
965  67  ASP  C  -11.975  -0.656  -8.451  175.49
966  67  ASP  O  -11.354  -1.196  -7.537  4.35
967  67  ASP  CB  -10.712  -0.53  -10.577  40.31
968  67  ASP  CG  -9.633  -1.485  -11.092  3.22
969  67  ASP  OD1  -10.003  -2.631  -11.428  55.26
970  67  ASP  OD2  -8.463  -1.047  -11.139  175.35
971  67  ASP  H  -13.052  -0.582  -11.351  7.78
972  67  ASP  HA  -11.797  -2.171  -9.897  4.1
973  67  ASP  HB2  -11.051  -0.012  -11.324  2.7
974  67  ASP  HB3  -10.303  0.097  -9.96  2.37
975  68  ALA  N  -12.746  0.412  -8.307  121.7
976  68  ALA  CA  -12.917  1.042  -7.009  54.72
977  68  ALA  C  -13.761  0.133  -6.113  177.21
978  68  ALA  O  -13.264  -0.409  -5.127  32.19
979  68  ALA  CB  -13.544  2.426  -7.191  17.04
980  68  ALA  H  -13.177  0.784  -8.951  6.81
981  68  ALA  HA  -12.038  1.147  -6.613  2.93
982  68  ALA  HB1  -13.426  2.716  -8.109  2.03
983  68  ALA  HB2  -14.491  2.382  -6.985  2.3
984  68  ALA  HB3  -13.112  3.057  -6.594  1.87
985  69  VAL  N  -15.024  -0.007  -6.489  115
986  69  VAL  CA  -15.942  -0.841  -5.732  66.4
987  69  VAL  C  -15.272  -2.182  -5.426  179.78
988  69  VAL  O  -15.405  -2.709  -4.323  120.61
989  69  VAL  CB  -17.261  -0.991  -6.493  31.65
990  69  VAL  CG1  -18.147  -2.059  -5.848  22.6
991  69  VAL  CG2  -17.996  0.348  -6.586  21.03
992  69  VAL  H  -15.365  0.376  -7.179  8.01
993  69  VAL  HA  -16.128  -0.387  -4.895  3.19
994  69  VAL  HB  -17.054  -1.28  -7.395  1.63
995  69  VAL  HG11  -18.332  -2.758  -6.494  1.32
996  69  VAL  HG12  -17.69  -2.439  -5.081  1.59
997  69  VAL  HG13  -18.981  -1.656  -5.561  8.61
998  69  VAL  HG21  -17.875  0.722  -7.473  3.95
999  69  VAL  HG22  -18.942  0.21  -6.419  1.98
1000  69  VAL  HG23  -17.637  0.96  -5.925  1.98
1001  70  ALA  N  -14.567  -2.695  -6.423  123.77
1002  70  ALA  CA  -13.876  -3.965  -6.275  54.7
1003  70  ALA  C  -12.862  -3.859  -5.134  180.82
1004  70  ALA  O  -12.749  -4.768  -4.313  49.92
1005  70  ALA  CB  -13.22  -4.347  -7.603  17.73
1006  70  ALA  H  -14.478  -2.321  -7.192  7.88
1007  70  ALA  HA  -14.538  -4.637  -6.049  3.97
1008  70  ALA  HB1  -12.607  -5.085  -7.461  37.15
1009  70  ALA  HB2  -13.904  -4.613  -8.237  2.31
1010  70  ALA  HB3  -12.732  -3.586  -7.954  114.26
1011  71  ALA  N  -12.151  -2.741  -5.118  123.39
1012  71  ALA  CA  -11.151  -2.504  -4.091  54.58
1013  71  ALA  C  -11.851  -2.203  -2.764  177.92
1014  71  ALA  O  -11.333  -2.53  -1.698  2.54
1015  71  ALA  CB  -10.224  -1.369  -4.533  19.05
1016  71  ALA  H  -12.236  -2.109  -5.695  7.8
1017  71  ALA  HA  -10.628  -3.315  -3.996  3.72
1018  71  ALA  HB1  -9.78  -0.994  -3.756  61.28
1019  71  ALA  HB2  -9.561  -1.715  -5.15  61.67
1020  71  ALA  HB3  -10.745  -0.679  -4.972  176.76
1021  72  MET  N  -13.016  -1.582  -2.874  112.2
1022  72  MET  CA  -13.792  -1.233  -1.696  54.57
1023  72  MET  C  -14.268  -2.488  -0.961  179.12
1024  72  MET  O  -14.701  -2.412  0.188  4.32
1025  72  MET  CB  -15.002  -0.395  -2.112  28.03
1026  72  MET  CG  -14.568  0.982  -2.617  31.97
1027  72  MET  SD  -13.78  1.895  -1.301  2.13
1028  72  MET  CE  -14.944  1.601  0.02  14.92
1029  72  MET  H  -13.372  -1.357  -3.624  7.17
1030  72  MET  HA  -13.19  -0.728  -1.128  4.54
1031  72  MET  HB2  -15.497  -0.857  -2.806  2.4
1032  72  MET  HB3  -15.603  -0.292  -1.357  2.11
1033  72  MET  HG2  -13.957  0.883  -3.364  2.89
1034  72  MET  HG3  -15.338  1.473  -2.945  2.72
1035  72  MET  HE1  -14.901  2.331  0.657  32.41
1036  72  MET  HE2  -15.84  1.542  -0.346  27.7
1037  72  MET  HE3  -14.722  0.77  0.467  50.67
1038  73  ALA  N  -14.17  -3.613  -1.654  123.39
1039  73  ALA  CA  -14.585  -4.883  -1.081  54.01
1040  73  ALA  C  -13.72  -5.193  0.142  178.65
1041  73  ALA  O  -14.111  -5.984  0.999  2.09
1042  73  ALA  CB  -14.5  -5.976  -2.148  18.39
1043  73  ALA  H  -13.865  -3.659  -2.457  7.7
1044  73  ALA  HA  -15.509  -4.792  -0.8  4.28
1045  73  ALA  HB1  -14.673  -6.839  -1.74  20.69
1046  73  ALA  HB2  -15.161  -5.807  -2.837  59.03
1047  73  ALA  HB3  -13.614  -5.975  -2.543  174.6
1048  74  LYS  N  -12.56  -4.553  0.184  116
1049  74  LYS  CA  -11.636  -4.751  1.288  54.71
1050  74  LYS  C  -11.727  -3.559  2.243  174.25
1051  74  LYS  O  -10.717  -3.122  2.792  1.79
1052  74  LYS  CB  -10.223  -5.013  0.763  30.85
1053  74  LYS  CG  -10.242  -6.03  -0.38  24.57
1054  74  LYS  CD  -10.364  -7.457  0.157  27.28
1055  74  LYS  CE  -9.091  -7.875  0.896  41.87
1056  74  LYS  NZ  -8.502  -9.081  0.271  120.44
1057  74  LYS  H  -12.293  -4.001  -0.419  7.83
1058  74  LYS  HA  -11.918  -5.548  1.763  4.13
1059  74  LYS  HB2  -9.829  -4.182  0.455  1.83
1060  74  LYS  HB3  -9.663  -5.342  1.484  1.83
1061  74  LYS  HG2  -10.985  -5.84  -0.974  1.25
1062  74  LYS  HG3  -9.431  -5.946  -0.905  1.19
1063  74  LYS  HD2  -11.124  -7.517  0.756  1.2
1064  74  LYS  HD3  -10.532  -8.069  -0.576  1.09
1065  74  LYS  HE2  -8.448  -7.149  0.881  2.65
1066  74  LYS  HE3  -9.296  -8.054  1.827  2.46
1067  74  LYS  HZ1  -8.041  -8.845  -0.452  1.86
1068  74  LYS  HZ2  -7.959  -9.481  0.852  2.73
1069  74  LYS  HZ3  -9.153  -9.642  0.039  2.81
1070  75  ASP  N  -12.945  -3.068  2.411  119.13
1071  75  ASP  CA  -13.181  -1.935  3.29  56.75
1072  75  ASP  C  -13.335  -2.434  4.728  176.82
1073  75  ASP  O  -14.199  -3.261  5.012  125.93
1074  75  ASP  CB  -14.465  -1.197  2.905  41.23
1075  75  ASP  CG  -15.668  -2.098  2.62  122.32
1076  75  ASP  OD1  -15.604  -3.277  3.03  55.44
1077  75  ASP  OD2  -16.624  -1.587  1.998  31.75
1078  75  ASP  H  -13.647  -3.379  2.023  7.45
1079  75  ASP  HA  -12.408  -1.36  3.177  4.33
1080  75  ASP  HB2  -14.698  -0.587  3.622  2.79
1081  75  ASP  HB3  -14.289  -0.657  2.119  2.63
1082  76  LYS  N  -12.482  -1.91  5.597  122.07
1083  76  LYS  CA  -12.513  -2.292  6.998  58.14
1084  76  LYS  C  -11.621  -3.518  7.207  174.96
1085  76  LYS  O  -10.873  -3.587  8.181  116.82
1086  76  LYS  CB  -13.955  -2.493  7.467  29.21
1087  76  LYS  CG  -14.875  -1.417  6.887  25.46
1088  76  LYS  CD  -15.612  -0.669  8  28.72
1089  76  LYS  CE  -16.878  0.003  7.463  42.26
1090  76  LYS  NZ  -17.983  -0.118  8.441  60.72
1091  76  LYS  H  -11.88  -1.332  5.391  8.65
1092  76  LYS  HA  -12.145  -1.554  7.509  3.9
1093  76  LYS  HB2  -14.267  -3.371  7.197  2.08
1094  76  LYS  HB3  -13.99  -2.466  8.436  1.96
1095  76  LYS  HG2  -14.354  -0.79  6.361  1.42
1096  76  LYS  HG3  -15.518  -1.826  6.287  1.24
1097  76  LYS  HD2  -15.846  -1.287  8.71  1.7
1098  76  LYS  HD3  -15.026  0  8.387  1.53
1099  76  LYS  HE2  -16.702  0.939  7.28  3
1100  76  LYS  HE3  -17.137  -0.407  6.623  3
1101  76  LYS  HZ1  -18.47  0.627  8.432  4.31
1102  76  LYS  HZ2  -18.497  -0.812  8.224  3.12
1103  76  LYS  HZ3  -17.645  -0.242  9.255  3.24
1104  77  ALA  N  -11.731  -4.456  6.278  120.95
1105  77  ALA  CA  -10.945  -5.676  6.348  51.76
1106  77  ALA  C  -9.528  -5.337  6.816  175.95
1107  77  ALA  O  -8.869  -4.475  6.238  7.43
1108  77  ALA  CB  -10.958  -6.372  4.986  19.6
1109  77  ALA  H  -12.257  -4.401  5.6  8.02
1110  77  ALA  HA  -11.362  -6.259  7.001  4.52
1111  77  ALA  HB1  -10.802  -7.322  5.106  179.22
1112  77  ALA  HB2  -11.82  -6.236  4.563  3.34
1113  77  ALA  HB3  -10.26  -5.998  4.425  32.57
1114  78  ASN  N  -9.101  -6.034  7.859  115.09
1115  78  ASN  CA  -7.774  -5.818  8.411  53.14
1116  78  ASN  C  -6.724  -6.274  7.396  175.28
1117  78  ASN  O  -6.685  -7.445  7.021  112.07
1118  78  ASN  CB  -7.574  -6.627  9.694  40.35
1119  78  ASN  CG  -6.086  -6.783  10.017  4.08
1120  78  ASN  OD1  -5.298  -5.86  9.895  1.83
1121  78  ASN  ND2  -5.748  -8  10.434  111.39
1122  78  ASN  H  -9.567  -6.636  8.259  8.21
1123  78  ASN  HA  -7.726  -4.867  8.593  4.92
1124  78  ASN  HB2  -8.023  -6.186  10.432  2.48
1125  78  ASN  HB3  -7.981  -7.502  9.596  2.48
1126  78  ASN  HD21  -6.347  -8.613  10.501  6.54
1127  78  ASN  HD22  -4.93  -8.173  10.637  6.94
1128  79  MET  N  -5.898  -5.325  6.981  124.44
1129  79  MET  CA  -4.85  -5.614  6.017  55.7
1130  79  MET  C  -3.779  -6.521  6.627  174.12
1131  79  MET  O  -3.406  -7.533  6.034  120.99
1132  79  MET  CB  -4.207  -4.305  5.553  35.34
1133  79  MET  CG  -3.184  -4.56  4.445  31.82
1134  79  MET  SD  -1.896  -3.326  4.509  1.37
1135  79  MET  CE  -2.537  -2.147  3.331  16.53
1136  79  MET  H  -5.931  -4.508  7.248  8.89
1137  79  MET  HA  -5.29  -6.071  5.283  4.31
1138  79  MET  HB2  -4.894  -3.701  5.232  1.6
1139  79  MET  HB3  -3.774  -3.87  6.304  1.48
1140  79  MET  HG2  -2.799  -5.445  4.546  2.39
1141  79  MET  HG3  -3.621  -4.538  3.579  1.89
1142  79  MET  HE1  -1.963  -1.365  3.311  2.41
1143  79  MET  HE2  -2.564  -2.553  2.45  2.24
1144  79  MET  HE3  -3.433  -1.884  3.593  2.4
1145  80  GLN  N  -3.315  -6.126  7.803  122.69
1146  80  GLN  CA  -2.294  -6.891  8.499  57.35
1147  80  GLN  C  -2.775  -7.263  9.903  174.57
1148  80  GLN  O  -3.14  -8.411  10.155  115.46
1149  80  GLN  CB  -0.975  -6.118  8.559  26.14
1150  80  GLN  CG  -0.144  -6.354  7.295  33.56
1151  80  GLN  CD  1.1  -7.188  7.605  5.01
1152  80  GLN  OE1  1.769  -7.004  8.609  32.26
1153  80  GLN  NE2  1.373  -8.114  6.689  109.72
1154  80  GLN  H  -3.58  -5.417  8.212  9.02
1155  80  GLN  HA  -2.169  -7.695  7.97  3.62
1156  80  GLN  HB2  -1.156  -5.17  8.659  2.17
1157  80  GLN  HB3  -0.469  -6.395  9.339  1.98
1158  80  GLN  HG2  -0.684  -6.807  6.629  2.32
1159  80  GLN  HG3  0.12  -5.502  6.915  2.22
1160  80  GLN  HE21  0.865  -8.199  6  6.37
1161  80  GLN  HE22  2.056  -8.627  6.787  7.4
1162  81  HSE  N  -2.76  -6.271  10.781  113.33
1163  81  HSE  CA  -3.191  -6.48  12.153  57.34
1164  81  HSE  C  -3.96  -5.251  12.643  174.2
1165  81  HSE  O  -4.185  -5.091  13.842  117.94
1166  81  HSE  CB  -2  -6.829  13.049  28.76
1167  81  HSE  CG  -1.059  -5.675  13.298  178.21
1168  81  HSE  ND1  -0.081  -5.297  12.394  59.24
1169  81  HSE  CD2  -0.957  -4.82  14.356  119.3
1170  81  HSE  CE1  0.574  -4.261  12.897  138.26
1171  81  HSE  NE2  0.03  -3.967  14.113  29.03
1172  81  HSE  H  -2.462  -5.34  10.569  8.2
1173  81  HSE  HA  -3.862  -7.338  12.144  4.3
1174  81  HSE  HB2  -2.373  -7.194  14.006  3.4
1175  81  HSE  HB3  -1.443  -7.647  12.592  3.19
1176  81  HSE  HD1  0.1  -5.732  11.512  2.05
1177  81  HSE  HD2  -1.581  -4.836  15.25  6.95
1178  81  HSE  HE1  1.402  -3.735  12.422  7.89
1179  82  ARG  N  -4.342  -4.414  11.69  119.94
1180  82  ARG  CA  -5.081  -3.204  12.008  53.53
1181  82  ARG  C  -6.274  -3.046  11.063  174.32
1182  82  ARG  O  -6.341  -3.705  10.027  178.66
1183  82  ARG  CB  -4.187  -1.967  11.9  31.49
1184  82  ARG  CG  -2.778  -2.262  12.42  26.1
1185  82  ARG  CD  -2.76  -2.328  13.948  42.12
1186  82  ARG  NE  -1.453  -1.858  14.46  17.64
1187  82  ARG  CZ  -1.096  -1.889  15.751  8
1188  82  ARG  NH1  -1.946  -2.368  16.669  111.62
1189  82  ARG  NH2  0.111  -1.441  16.123  7.69
1190  82  ARG  H  -4.181  -4.532  10.853  7.67
1191  82  ARG  HA  -5.375  -3.328  12.924  4.46
1192  82  ARG  HB2  -4.14  -1.678  10.975  1.94
1193  82  ARG  HB3  -4.576  -1.237  12.407  1.69
1194  82  ARG  HG2  -2.464  -3.103  12.053  1.35
1195  82  ARG  HG3  -2.166  -1.574  12.115  1.31
1196  82  ARG  HD2  -3.474  -1.781  14.312  3.1
1197  82  ARG  HD3  -2.922  -3.238  14.242  3.07
1198  82  ARG  HE  -0.887  -1.545  13.893  67.53
1199  82  ARG  HH11  -2.721  -2.655  16.43  177.74
1200  82  ARG  HH12  -1.717  -2.388  17.498  131.24
1201  82  ARG  HH21  0.657  -1.134  15.533  31.59
1202  82  ARG  HH22  0.34  -1.461  16.952  23.51
1203  83  TYR  N  -7.186  -2.169  11.455  121.01
1204  83  TYR  CA  -8.373  -1.916  10.656  57.32
1205  83  TYR  C  -8.269  -0.573  9.929  175.21
1206  83  TYR  O  -8.422  0.482  10.542  2.5
1207  83  TYR  CB  -9.541  -1.86  11.642  38.04
1208  83  TYR  CG  -9.812  -3.182  12.362  7.22
1209  83  TYR  CD1  -10.025  -4.334  11.633  133.38
1210  83  TYR  CD2  -9.842  -3.222  13.742  133.38
1211  83  TYR  CE1  -10.279  -5.579  12.312  118.28
1212  83  TYR  CE2  -10.097  -4.467  14.42  118.28
1213  83  TYR  CZ  -10.303  -5.583  13.672  121.02
1214  83  TYR  OH  -10.543  -6.759  14.312  55.55
1215  83  TYR  H  -7.133  -1.711  12.181  8.28
1216  83  TYR  HA  -8.449  -2.626  9.999  4.74
1217  83  TYR  HB2  -9.362  -1.172  12.302  2.79
1218  83  TYR  HB3  -10.342  -1.592  11.165  2.73
1219  83  TYR  HD1  -10.005  -4.307  10.704  7.16
1220  83  TYR  HD2  -9.699  -2.445  14.233  7.16
1221  83  TYR  HE1  -10.425  -6.361  11.831  6.82
1222  83  TYR  HE2  -10.119  -4.506  15.349  6.82
1223  83  TYR  HH  -10.13  -7.383  13.93  118.17
1224  84  VAL  N  -8.009  -0.657  8.632  122.44
1225  84  VAL  CA  -7.883  0.538  7.816  61.84
1226  84  VAL  C  -9.256  0.915  7.256  174.25
1227  84  VAL  O  -10.016  0.047  6.829  28.7
1228  84  VAL  CB  -6.832  0.318  6.726  33.08
1229  84  VAL  CG1  -5.693  -0.567  7.233  21.98
1230  84  VAL  CG2  -7.466  -0.272  5.464  21.09
1231  84  VAL  H  -7.903  -1.399  8.21  8.07
1232  84  VAL  HA  -7.573  1.254  8.392  4.23
1233  84  VAL  HB  -6.458  1.182  6.495  1.88
1234  84  VAL  HG11  -5.968  -1.497  7.203  2.34
1235  84  VAL  HG12  -4.912  -0.442  6.672  2.19
1236  84  VAL  HG13  -5.477  -0.324  8.147  2.57
1237  84  VAL  HG21  -7.951  -1.08  5.694  2.66
1238  84  VAL  HG22  -8.078  0.373  5.078  7.3
1239  84  VAL  HG23  -6.77  -0.484  4.822  6.83
1240  85  GLU  N  -9.532  2.211  7.275  122.91
1241  85  GLU  CA  -10.8  2.713  6.774  54.82
1242  85  GLU  C  -10.681  3.072  5.291  174.53
1243  85  GLU  O  -9.776  3.806  4.898  4.32
1244  85  GLU  CB  -11.276  3.915  7.592  33.17
1245  85  GLU  CG  -12.347  3.5  8.604  37.2
1246  85  GLU  CD  -13.63  4.311  8.407  133.52
1247  85  GLU  OE1  -14.074  4.395  7.241  133.52
1248  85  GLU  OE2  -14.137  4.827  9.426  122.62
1249  85  GLU  H  -8.996  2.813  7.575  8.33
1250  85  GLU  HA  -11.429  1.983  6.886  4.69
1251  85  GLU  HB2  -10.523  4.312  8.057  2.09
1252  85  GLU  HB3  -11.632  4.594  6.998  1.95
1253  85  GLU  HG2  -12.539  2.554  8.506  2.3
1254  85  GLU  HG3  -12.013  3.631  9.505  2.1
1255  86  LEU  N  -11.607  2.538  4.509  121.7
1256  86  LEU  CA  -11.617  2.793  3.079  52.86
1257  86  LEU  C  -12.894  3.55  2.709  175.86
1258  86  LEU  O  -13.998  3.091  2.998  4.3
1259  86  LEU  CB  -11.428  1.489  2.301  45.25
1260  86  LEU  CG  -10.2  0.657  2.675  28.82
1261  86  LEU  CD1  -10.037  -0.536  1.731  27.35
1262  86  LEU  CD2  -8.942  1.526  2.723  26.51
1263  86  LEU  H  -12.237  2.025  4.791  8.47
1264  86  LEU  HA  -10.855  3.359  2.879  5.47
1265  86  LEU  HB2  -12.218  0.941  2.426  1.59
1266  86  LEU  HB3  -11.376  1.702  1.356  1.5
1267  86  LEU  HG  -10.335  0.299  3.566  1.8
1268  86  LEU  HD11  -10.911  -0.834  1.434  8.25
1269  86  LEU  HD12  -9.507  -0.271  0.963  3.27
1270  86  LEU  HD13  -9.59  -1.26  2.197  1.86
1271  86  LEU  HD21  -8.178  1.006  2.427  1.22
1272  86  LEU  HD22  -9.056  2.292  2.139  1.6
1273  86  LEU  HD23  -8.793  1.831  3.632  1.89
1274  87  PHE  N  -12.701  4.697  2.075  117.22
1275  87  PHE  CA  -13.823  5.523  1.662  56.72
1276  87  PHE  C  -13.939  5.568  0.138  173.9
1277  87  PHE  O  -13.082  6.138  -0.537  1.77
1278  87  PHE  CB  -13.556  6.936  2.185  42.26
1279  87  PHE  CG  -13.204  6.993  3.673  118.6
1280  87  PHE  CD1  -11.949  6.677  4.088  132.06
1281  87  PHE  CD2  -14.148  7.361  4.58  132.06
1282  87  PHE  CE1  -11.623  6.73  5.469  130.96
1283  87  PHE  CE2  -13.822  7.414  5.961  130.96
1284  87  PHE  CZ  -12.566  7.098  6.376  129.54
1285  87  PHE  H  -11.926  5.013  1.876  8.84
1286  87  PHE  HA  -14.625  5.124  2.034  4.67
1287  87  PHE  HB2  -12.829  7.327  1.675  3.2
1288  87  PHE  HB3  -14.341  7.484  2.026  2.9
1289  87  PHE  HD1  -11.304  6.426  3.467  7.25
1290  87  PHE  HD2  -15.007  7.578  4.296  7.25
1291  87  PHE  HE1  -10.764  6.513  5.752  7.24
1292  87  PHE  HE2  -14.467  7.665  6.582  7.24
1293  87  PHE  HZ  -12.353  7.133  7.281  7.27
1294  88  LEU  N  -15.006  4.961  -0.362  127.39
1295  88  LEU  CA  -15.244  4.925  -1.794  56.16
1296  88  LEU  C  -15.478  6.349  -2.304  175.36
1297  88  LEU  O  -16.461  6.991  -1.935  3.01
1298  88  LEU  CB  -16.384  3.96  -2.124  1.27
1299  88  LEU  CG  -16.772  3.858  -3.6  27.08
1300  88  LEU  CD1  -15.548  3.563  -4.469  26.88
1301  88  LEU  CD2  -17.883  2.826  -3.806  23.6
1302  88  LEU  H  -15.601  4.565  0.116  9.04
1303  88  LEU  HA  -14.442  4.576  -2.214  4.44
1304  88  LEU  HB2  -16.137  3.076  -1.812  2.09
1305  88  LEU  HB3  -17.168  4.229  -1.62  1.68
1306  88  LEU  HG  -17.124  4.717  -3.882  1.71
1307  88  LEU  HD11  -15.73  2.798  -5.037  4.17
1308  88  LEU  HD12  -15.351  4.335  -5.022  173.9
1309  88  LEU  HD13  -14.786  3.37  -3.9  64.7
1310  88  LEU  HD21  -18.549  2.925  -3.107  39.85
1311  88  LEU  HD22  -18.299  2.967  -4.671  121.79
1312  88  LEU  HD23  -17.506  1.933  -3.77  55.09
1313  89  ASN  N  -14.558  6.801  -3.143  130.03
1314  89  ASN  CA  -14.652  8.137  -3.707  51.81
1315  89  ASN  C  -14.518  8.055  -5.229  173.58
1316  89  ASN  O  -13.427  7.824  -5.748  8.73
1317  89  ASN  CB  -13.53  9.036  -3.182  39
1318  89  ASN  CG  -13.932  9.7  -1.863  113.17
1319  89  ASN  OD1  -14.99  10.292  -1.733  55.1
1320  89  ASN  ND2  -13.03  9.568  -0.895  111.81
1321  89  ASN  H  -13.873  6.347  -3.397  8.91
1322  89  ASN  HA  -15.519  8.472  -3.428  5.21
1323  89  ASN  HB2  -12.724  8.512  -3.052  2.82
1324  89  ASN  HB3  -13.323  9.718  -3.84  2.52
1325  89  ASN  HD21  -12.299  9.139  -1.043  7.64
1326  89  ASN  HD22  -13.177  9.911  -0.12  6.9
1327  90  SER  N  -15.643  8.248  -5.901  118
1328  90  SER  CA  -15.665  8.198  -7.353  41.91
1329  90  SER  C  -16.621  9.261  -7.899  38.21
1330  90  SER  O  -17.393  9.852  -7.145  7.84
1331  90  SER  CB  -16.075  6.81  -7.85  4.42
1332  90  SER  OG  -16.984  6.883  -8.945  2.1
1333  90  SER  H  -16.403  8.409  -5.531  7.69
1334  90  SER  HA  -14.754  8.384  -7.631  5.37
1335  90  SER  HB2  -15.284  6.318  -8.12  3.84
1336  90  SER  HB3  -16.484  6.315  -7.123  3.75
1337  90  SER  HG  -17.775  6.849  -8.664  57.35
1338  91  THR  N  -16.537  9.472  -9.204  178.03
1339  91  THR  CA  -17.385  10.453  -9.859  119.17
1340  91  THR  C  -18.5  9.757  -10.643  40.44
1341  91  THR  O  -19.637  10.225  -10.661  173.22
1342  91  THR  CB  -16.494  11.342  -10.729  1.53
1343  91  THR  OG1  -16.05  12.364  -9.841  42.61
1344  91  THR  CG2  -17.286  12.097  -11.799  21.28
1345  91  THR  H  -15.995  9.055  -9.725  8.24
1346  91  THR  HA  -17.812  10.993  -9.176  4.37
1347  91  THR  HB  -15.776  10.827  -11.129  4.13
1348  91  THR  HG1  -15.441  12.815  -10.204  120.05
1349  91  THR  HG21  -17.936  12.676  -11.371  60.7
1350  91  THR  HG22  -16.679  12.631  -12.335  175.76
1351  91  THR  HG23  -17.747  11.462  -12.369  0.67
1352  92  ALA  N  -18.134  8.649  -11.271  39.15
1353  92  ALA  CA  -19.089  7.883  -12.055  2.84
1354  92  ALA  C  -19.601  8.745  -13.211  133.67
1355  92  ALA  O  -19.891  9.926  -13.028  133.67
1356  92  ALA  CB  -20.219  7.395  -11.147  117.77
1357  92  ALA  H  -17.337  8.327  -11.254  8.1
1358  92  ALA  HA  -18.623  7.113  -12.417  3.8
1359  92  ALA  HB1  -20.102  6.45  -10.965  53.27
1360  92  ALA  HB2  -20.2  7.89  -10.313  8.27
1361  92  ALA  HB3  -21.072  7.536  -11.588  4.16
1362  93  GLY  N  -19.695  8.12  -14.376  3.35
1363  93  GLY  CA  -20.167  8.815  -15.561  3.05
1364  93  GLY  C  -21.696  8.812  -15.627  6.97
1365  93  GLY  O  -22.363  9.095  -14.633  6.97
1366  93  GLY  H  -19.49  7.294  -14.497  8.29
1367  93  GLY  HA2  -19.842  9.729  -15.556  4.04
1368  93  GLY  HA3  -19.805  8.391  -16.355  4.04
1369  94  THR  N  -22.205  8.49  -16.806  100.37
1370  94  THR  CA  -23.642  8.447  -17.014  61.41
1371  94  THR  C  -24.093  7.02  -17.332  174.56
1372  94  THR  O  -23.325  6.23  -17.879  173.61
1373  94  THR  CB  -23.992  9.453  -18.113  69.89
1374  94  THR  OG1  -25.408  9.352  -18.238  3.54
1375  94  THR  CG2  -23.465  9.028  -19.485  4.42
1376  94  THR  H  -21.732  8.294  -17.497  8.15
1377  94  THR  HA  -24.079  8.706  -16.188  4.48
1378  94  THR  HB  -23.679  10.341  -17.882  4.29
1379  94  THR  HG1  -25.716  10.054  -18.582  129.72
1380  94  THR  HG21  -23.89  8.198  -19.752  31.54
1381  94  THR  HG22  -23.666  9.718  -20.136  22.98
1382  94  THR  HG23  -22.505  8.898  -19.437  23.41
1383  95  SER  N  -25.336  6.732  -16.975  7.89
1384  95  SER  CA  -25.897  5.414  -17.215  3.92
1385  95  SER  C  -27.425  5.479  -17.163  1.8
1386  95  SER  O  -27.993  6.468  -16.703  7.28
1387  95  SER  CB  -25.374  4.399  -16.197  7.05
1388  95  SER  OG  -25.631  3.057  -16.601  7.05
1389  95  SER  H  -25.868  7.289  -16.592  7.09
1390  95  SER  HA  -25.597  5.165  -18.103  7.7
1391  95  SER  HB2  -24.419  4.523  -16.079  54.04
1392  95  SER  HB3  -25.79  4.562  -15.336  124.75
1393  95  SER  HG  -26.43  2.856  -16.439  61.81
1394  96  GLY  N  -28.047  4.411  -17.643  178.75
1395  96  GLY  CA  -29.498  4.335  -17.657  27.71
1396  96  GLY  C  -30.039  4.44  -19.084  38.65
1397  96  GLY  O  -29.932  5.49  -19.716  26.73
1398  96  GLY  H  -27.643  3.723  -17.964  17.98
1399  96  GLY  HA2  -29.785  3.498  -17.26  5.14
1400  96  GLY  HA3  -29.868  5.048  -17.113  8.66
1401  97  SER  N  -30.607  3.338  -19.551  4.25
1402  97  SER  CA  -31.165  3.294  -20.892  2.13
1403  97  SER  C  -32.649  2.929  -20.83  1.46
1404  97  SER  O  -33.035  2.002  -20.119  1.32
1405  97  SER  CB  -30.409  2.294  -21.77  8.64
1406  97  SER  OG  -29.047  2.67  -21.954  35.2
1407  97  SER  H  -30.678  2.607  -19.103  21.82
1408  97  SER  HA  -31.049  4.189  -21.248  19.5
1409  97  SER  HB2  -30.449  1.414  -21.364  8.57
1410  97  SER  HB3  -30.845  2.229  -22.634  4.79
1411  97  SER  HG  -28.611  2.526  -21.25  121.83
1412  98  GLY  N  -33.442  3.676  -21.584  60.28
1413  98  GLY  CA  -34.875  3.443  -21.623  179.58
1414  98  GLY  C  -35.378  3.361  -23.066  21.58
1415  98  GLY  O  -34.583  3.335  -24.003  32.48
1416  98  GLY  H  -33.165  4.323  -22.079  24.7
1417  98  GLY  HA2  -35.085  2.619  -21.156  28.91
1418  98  GLY  HA3  -35.336  4.158  -21.157  41.85
1419  99  PRO  N  -36.731  3.321  -23.202  60.8
1420  99  PRO  CA  -37.349  3.242  -24.514  8.44
1421  99  PRO  C  -37.282  4.59  -25.234  3.89
1422  99  PRO  O  -37.483  5.637  -24.619  1.92
1423  99  PRO  CB  -38.773  2.779  -24.251  1.85
1424  99  PRO  CG  -39.038  3.062  -22.782  27.05
1425  99  PRO  CD  -37.704  3.349  -22.114  49.7
1426  99  PRO  HA  -36.866  2.616  -25.076  4.48
1427  99  PRO  HB2  -39.402  3.254  -24.816  2.31
1428  99  PRO  HB3  -38.873  1.834  -24.447  1.98
1429  99  PRO  HG2  -39.637  3.819  -22.685  2.03
1430  99  PRO  HG3  -39.472  2.303  -22.362  2.03
1431  99  PRO  HD2  -37.71  4.211  -21.669  3.64
1432  99  PRO  HD3  -37.498  2.684  -21.439  3.64
1433  100  SER  N  -36.999  4.522  -26.526  105.99
1434  100  SER  CA  -36.903  5.724  -27.336  63.74
1435  100  SER  C  -36.184  6.826  -26.554  174.82
1436  100  SER  O  -36.826  7.652  -25.907  44.22
1437  100  SER  CB  -38.288  6.203  -27.777  68.2
1438  100  SER  OG  -39.193  6.301  -26.681  23.68
1439  100  SER  H  -36.86  3.787  -26.95  8.52
1440  100  SER  HA  -36.387  5.468  -28.116  4.53
1441  100  SER  HB2  -38.208  7.069  -28.208  3.94
1442  100  SER  HB3  -38.646  5.59  -28.438  3.94
1443  100  SER  HG  -39.984  6.22  -26.952  31.42
1444  101  SER  N  -34.862  6.802  -26.64  36.71
1445  101  SER  CA  -34.05  7.788  -25.949  7.41
1446  101  SER  C  -34.631  9.187  -26.162  6.88
1447  101  SER  O  -34.497  9.761  -27.242  119.42
1448  101  SER  CB  -32.597  7.738  -26.427  54.33
1449  101  SER  OG  -31.675  7.84  -25.345  176.17
1450  101  SER  H  -34.42  6.221  -27.095  8.32
1451  101  SER  HA  -34.09  7.542  -25.011  4.53
1452  101  SER  HB2  -32.443  6.908  -26.905  3.92
1453  101  SER  HB3  -32.439  8.46  -27.055  3.92
1454  101  SER  HG  -31.459  8.643  -25.227  131.5
1455  102  GLY  N  -35.263  9.697  -25.115  7.85
1456  102  GLY  CA  -35.865  11.018  -25.175  4.93
1457  102  GLY  C  -34.823  12.08  -25.531  2.64
1458  102  GLY  O  -35.082  13.275  -25.407  2.8
1459  102  GLY  H  -35.353  9.29  -24.363  8.04
1460  102  GLY  HA2  -36.576  11.023  -25.835  3.78
1461  102  GLY  HA3  -36.269  11.232  -24.319  3.78
