1  1  GLY  N  -3.176  19.335  7.873  124.37
2  1  GLY  CA  -3.711  19.938  9.082  43.37
3  1  GLY  C  -5.094  20.542  8.828  173.91
4  1  GLY  O  -5.204  21.685  8.387  55.76
5  1  GLY  H  -2.371  18.967  7.961  19.43
6  1  GLY  HA2  -3.771  19.269  9.782  3.91
7  1  GLY  HA3  -3.107  20.627  9.4  3.91
8  1  GLY  H2  -2.288  19.308  7.923  16.8
9  1  GLY  H3  -3.493  18.508  7.788  4.33
10  2  SER  N  -6.114  19.748  9.117  115.65
11  2  SER  CA  -7.484  20.19  8.925  58.28
12  2  SER  C  -8.268  20.048  10.232  174.42
13  2  SER  O  -8.054  19.103  10.989  122.75
14  2  SER  CB  -8.167  19.398  7.808  63.66
15  2  SER  OG  -7.613  19.693  6.529  174.12
16  2  SER  H  -6.03  18.949  9.425  8.3
17  2  SER  HA  -7.42  21.123  8.666  4.57
18  2  SER  HB2  -8.081  18.448  7.986  3.92
19  2  SER  HB3  -9.116  19.6  7.803  3.92
20  2  SER  HG  -6.941  19.209  6.389  121.81
21  3  SER  N  -9.16  21.002  10.456  117.44
22  3  SER  CA  -9.976  20.995  11.658  58.37
23  3  SER  C  -11.417  20.616  11.31  174.24
24  3  SER  O  -11.968  21.099  10.322  32.81
25  3  SER  CB  -9.939  22.356  12.357  63.79
26  3  SER  OG  -10.953  22.473  13.351  36.21
27  3  SER  H  -9.305  21.66  9.922  8.58
28  3  SER  HA  -9.578  20.325  12.236  4.53
29  3  SER  HB2  -9.069  22.485  12.767  3.92
30  3  SER  HB3  -10.05  23.06  11.699  3.92
31  3  SER  HG  -10.63  22.316  14.11  4.31
32  4  GLY  N  -11.986  19.755  12.141  110.54
33  4  GLY  CA  -13.352  19.306  11.933  45.26
34  4  GLY  C  -13.382  17.899  11.334  174.01
35  4  GLY  O  -13.756  16.941  12.009  2.3
36  4  GLY  H  -11.595  19.421  12.83  8.45
37  4  GLY  HA2  -13.83  19.312  12.777  4
38  4  GLY  HA3  -13.812  19.923  11.342  4
39  5  SER  N  -12.982  17.818  10.073  115.3
40  5  SER  CA  -12.957  16.543  9.376  58.14
41  5  SER  C  -11.959  15.598  10.048  174.41
42  5  SER  O  -10.838  15.995  10.362  3.95
43  5  SER  CB  -12.601  16.73  7.9  63.82
44  5  SER  OG  -12.621  15.497  7.186  52.57
45  5  SER  H  -12.721  18.493  9.608  8.28
46  5  SER  HA  -13.859  16.194  9.448  4.54
47  5  SER  HB2  -13.227  17.349  7.492  3.88
48  5  SER  HB3  -11.72  17.13  7.829  3.88
49  5  SER  HG  -13.207  15.523  6.585  4.36
50  6  SER  N  -12.403  14.366  10.248  117.5
51  6  SER  CA  -11.563  13.361  10.877  58.29
52  6  SER  C  -11.063  12.366  9.828  174.43
53  6  SER  O  -11.861  11.731  9.14  122.97
54  6  SER  CB  -12.318  12.628  11.988  63.79
55  6  SER  OG  -11.435  12.093  12.97  177.95
56  6  SER  H  -13.188  14.095  10.026  8.4
57  6  SER  HA  -10.82  13.852  11.261  4.52
58  6  SER  HB2  -12.941  13.239  12.412  3.9
59  6  SER  HB3  -12.843  11.91  11.601  3.9
60  6  SER  HG  -11.372  12.623  13.619  8.3
61  7  GLY  N  -9.746  12.26  9.739  110.1
62  7  GLY  CA  -9.131  11.352  8.786  45.2
63  7  GLY  C  -9.105  9.922  9.328  173.48
64  7  GLY  O  -9.258  9.707  10.53  62.02
65  7  GLY  H  -9.194  12.706  10.224  8.28
66  7  GLY  HA2  -9.621  11.375  7.949  4
67  7  GLY  HA3  -8.227  11.645  8.593  4
68  8  THR  N  -8.909  8.981  8.417  116.88
69  8  THR  CA  -8.861  7.577  8.789  62.34
70  8  THR  C  -7.465  7.005  8.532  173.06
71  8  THR  O  -6.874  7.249  7.482  4.31
72  8  THR  CB  -9.967  6.847  8.024  69.56
73  8  THR  OG1  -11.166  7.489  8.45  27.05
74  8  THR  CG2  -10.137  5.397  8.483  20.88
75  8  THR  H  -8.802  9.138  7.578  8.3
76  8  THR  HA  -9.026  7.508  9.742  4.65
77  8  THR  HB  -9.814  6.892  7.067  3.98
78  8  THR  HG1  -11.218  7.472  9.288  1.85
79  8  THR  HG21  -10.848  4.979  7.973  1.43
80  8  THR  HG22  -9.308  4.914  8.34  1.14
81  8  THR  HG23  -10.362  5.381  9.426  2.33
82  9  MET  N  -6.98  6.254  9.51  127.82
83  9  MET  CA  -5.665  5.645  9.403  53.95
84  9  MET  C  -5.732  4.142  9.682  174.77
85  9  MET  O  -6.424  3.708  10.602  124.17
86  9  MET  CB  -4.712  6.308  10.401  34.72
87  9  MET  CG  -3.322  5.673  10.336  31.76
88  9  MET  SD  -2.783  5.214  11.975  58.1
89  9  MET  CE  -3.451  3.562  12.07  17.01
90  9  MET  H  -7.399  6.087  10.242  10.04
91  9  MET  HA  -5.38  5.798  8.488  5.26
92  9  MET  HB2  -4.648  7.257  10.21  1.96
93  9  MET  HB3  -5.069  6.223  11.299  1.82
94  9  MET  HG2  -3.342  4.89  9.764  2.51
95  9  MET  HG3  -2.691  6.296  9.943  2.4
96  9  MET  HE1  -3.691  3.258  11.181  3.87
97  9  MET  HE2  -2.785  2.965  12.445  174.82
98  9  MET  HE3  -4.239  3.564  12.635  115.4
99  10  LEU  N  -5.004  3.389  8.872  122.93
100  10  LEU  CA  -4.972  1.944  9.02  53.33
101  10  LEU  C  -3.525  1.487  9.214  175.56
102  10  LEU  O  -2.592  2.178  8.808  69.55
103  10  LEU  CB  -5.677  1.269  7.842  44.5
104  10  LEU  CG  -7.207  1.318  7.858  27.13
105  10  LEU  CD1  -7.796  0.424  6.765  26.32
106  10  LEU  CD2  -7.751  0.963  9.244  24.4
107  10  LEU  H  -4.522  3.699  8.231  8.83
108  10  LEU  HA  -5.474  1.722  9.82  4.68
109  10  LEU  HB2  -5.367  1.683  7.021  1.23
110  10  LEU  HB3  -5.401  0.34  7.812  1.23
111  10  LEU  HG  -7.484  2.228  7.666  1.4
112  10  LEU  HD11  -7.632  0.825  5.897  122.5
113  10  LEU  HD12  -7.377  -0.45  6.801  56.26
114  10  LEU  HD13  -8.752  0.331  6.904  175.98
115  10  LEU  HD21  -7.623  1.715  9.844  27.02
116  10  LEU  HD22  -8.697  0.761  9.176  30.27
117  10  LEU  HD23  -7.278  0.19  9.589  36.26
118  11  ARG  N  -3.383  0.325  9.834  121
119  11  ARG  CA  -2.065  -0.233  10.087  55.3
120  11  ARG  C  -1.805  -1.422  9.16  173.64
121  11  ARG  O  -2.374  -2.496  9.348  8.48
122  11  ARG  CB  -1.929  -0.689  11.541  31.94
123  11  ARG  CG  -1.051  0.277  12.339  28.19
124  11  ARG  CD  -0.737  -0.287  13.726  43.75
125  11  ARG  NE  -0.096  0.753  14.562  2.28
126  11  ARG  CZ  0.195  0.6  15.861  2.28
127  11  ARG  NH1  -0.097  -0.552  16.481  120.63
128  11  ARG  NH2  0.777  1.598  16.539  56.32
129  11  ARG  H  -4.04  -0.154  10.115  8.48
130  11  ARG  HA  -1.449  0.494  9.903  4.54
131  11  ARG  HB2  -2.807  -0.745  11.949  1.7
132  11  ARG  HB3  -1.546  -1.58  11.569  1.45
133  11  ARG  HG2  -0.225  0.44  11.858  1.45
134  11  ARG  HG3  -1.501  1.132  12.427  1.41
135  11  ARG  HD2  -1.553  -0.595  14.15  3.15
136  11  ARG  HD3  -0.151  -1.056  13.647  3.02
137  11  ARG  HE  0.102  1.503  14.19  4.38
138  11  ARG  HH11  -0.47  -1.193  16.045  2.04
139  11  ARG  HH12  0.091  -0.65  17.315  1.85
140  11  ARG  HH21  0.964  2.337  16.141  2.35
141  11  ARG  HH22  0.964  1.499  17.373  2.21
142  12  VAL  N  -0.945  -1.19  8.179  122.31
143  12  VAL  CA  -0.603  -2.229  7.222  60.35
144  12  VAL  C  0.702  -2.902  7.652  174.44
145  12  VAL  O  1.572  -2.26  8.238  123.46
146  12  VAL  CB  -0.536  -1.639  5.811  33.35
147  12  VAL  CG1  -1.732  -0.724  5.542  22.22
148  12  VAL  CG2  0.784  -0.897  5.59  20.69
149  12  VAL  H  -0.551  -0.436  8.053  8.75
150  12  VAL  HA  -1.315  -2.888  7.238  4.59
151  12  VAL  HB  -0.574  -2.374  5.179  1.64
152  12  VAL  HG11  -1.641  0.088  6.064  121.73
153  12  VAL  HG12  -1.761  -0.501  4.599  50.93
154  12  VAL  HG13  -2.551  -1.18  5.792  174.63
155  12  VAL  HG21  1.524  -1.467  5.853  2.71
156  12  VAL  HG22  0.871  -0.668  4.652  16.1
157  12  VAL  HG23  0.793  -0.087  6.123  8.45
158  13  ARG  N  0.797  -4.187  7.343  129.7
159  13  ARG  CA  1.981  -4.954  7.69  54.09
160  13  ARG  C  2.665  -5.476  6.424  173.11
161  13  ARG  O  2.042  -6.164  5.617  42.72
162  13  ARG  CB  1.626  -6.136  8.594  32.62
163  13  ARG  CG  2.857  -7.001  8.874  28.62
164  13  ARG  CD  3.378  -6.771  10.294  43.19
165  13  ARG  NE  3.443  -8.057  11.024  8.43
166  13  ARG  CZ  3.634  -8.161  12.346  32.2
167  13  ARG  NH1  3.778  -7.057  13.091  27.72
168  13  ARG  NH2  3.679  -9.369  12.923  50.14
169  13  ARG  H  0.185  -4.629  6.932  8.86
170  13  ARG  HA  2.553  -4.328  8.162  5.24
171  13  ARG  HB2  1.26  -5.808  9.431  1.83
172  13  ARG  HB3  0.937  -6.674  8.174  1.57
173  13  ARG  HG2  2.632  -7.937  8.757  1.77
174  13  ARG  HG3  3.554  -6.794  8.232  1.68
175  13  ARG  HD2  4.258  -6.363  10.261  3.32
176  13  ARG  HD3  2.796  -6.153  10.764  3.25
177  13  ARG  HE  3.354  -8.782  10.571  53.75
178  13  ARG  HH11  3.749  -6.281  12.721  175.36
179  13  ARG  HH12  3.9  -7.124  13.94  115.81
180  13  ARG  HH21  3.586  -10.078  12.445  43.69
181  13  ARG  HH22  3.801  -9.436  13.772  173.81
182  14  SER  N  3.937  -5.13  6.292  121.66
183  14  SER  CA  4.711  -5.556  5.138  57.33
184  14  SER  C  5.931  -6.359  5.595  176.73
185  14  SER  O  6.199  -6.462  6.791  5.03
186  14  SER  CB  5.151  -4.356  4.297  69.54
187  14  SER  OG  5.127  -3.143  5.044  2.46
188  14  SER  H  4.366  -4.649  6.861  8.85
189  14  SER  HA  4.112  -6.113  4.617  5.49
190  14  SER  HB2  6.047  -4.509  3.959  4.18
191  14  SER  HB3  4.568  -4.271  3.526  3.82
192  14  SER  HG  4.528  -2.634  4.748  7.11
193  15  ARG  N  6.638  -6.907  4.617  120.07
194  15  ARG  CA  7.823  -7.697  4.904  58.19
195  15  ARG  C  8.961  -6.794  5.384  176.2
196  15  ARG  O  9.837  -7.235  6.126  60.8
197  15  ARG  CB  8.283  -8.469  3.665  29.35
198  15  ARG  CG  8.369  -7.549  2.446  26.58
199  15  ARG  CD  9.503  -7.979  1.513  43.82
200  15  ARG  NE  10.796  -7.469  2.02  85.29
201  15  ARG  CZ  11.992  -7.898  1.594  50.19
202  15  ARG  NH1  12.066  -8.846  0.65  5.11
203  15  ARG  NH2  13.114  -7.378  2.111  2.03
204  15  ARG  H  6.445  -6.83  3.782  9.84
205  15  ARG  HA  7.548  -8.313  5.601  4.32
206  15  ARG  HB2  9.15  -8.87  3.833  1.98
207  15  ARG  HB3  7.665  -9.195  3.484  1.91
208  15  ARG  HG2  7.526  -7.564  1.966  1.66
209  15  ARG  HG3  8.513  -6.635  2.736  1.62
210  15  ARG  HD2  9.53  -8.947  1.45  3.18
211  15  ARG  HD3  9.342  -7.641  0.618  3.18
212  15  ARG  HE  10.78  -6.86  2.627  7.15
213  15  ARG  HH11  11.346  -9.18  0.318  32.2
214  15  ARG  HH12  12.833  -9.121  0.376  28.79
215  15  ARG  HH21  13.066  -6.77  2.717  50.58
216  15  ARG  HH22  13.881  -7.653  1.837  4.34
217  16  ASP  N  8.91  -5.546  4.941  117.99
218  16  ASP  CA  9.925  -4.577  5.317  55.14
219  16  ASP  C  9.646  -4.076  6.735  175.28
220  16  ASP  O  10.569  -3.705  7.459  1.58
221  16  ASP  CB  9.909  -3.37  4.377  41.71
222  16  ASP  CG  11.134  -2.458  4.474  4.23
223  16  ASP  OD1  11.483  -2.097  5.619  118.15
224  16  ASP  OD2  11.693  -2.143  3.402  53.96
225  16  ASP  H  8.294  -5.245  4.422  8.38
226  16  ASP  HA  10.768  -5.052  5.25  4.72
227  16  ASP  HB2  9.832  -3.689  3.464  2.8
228  16  ASP  HB3  9.115  -2.844  4.562  2.29
229  17  GLY  N  8.369  -4.081  7.089  107.7
230  17  GLY  CA  7.957  -3.631  8.408  44.54
231  17  GLY  C  6.503  -3.153  8.395  170.9
232  17  GLY  O  5.908  -2.996  7.33  4.7
233  17  GLY  H  7.729  -4.342  6.577  7.77
234  17  GLY  HA2  8.057  -4.355  9.046  4.5
235  17  GLY  HA3  8.535  -2.91  8.703  3.74
236  18  LEU  N  5.975  -2.936  9.59  124.4
237  18  LEU  CA  4.602  -2.479  9.729  54.18
238  18  LEU  C  4.51  -1.015  9.295  175.67
239  18  LEU  O  5.235  -0.165  9.81  1.51
240  18  LEU  CB  4.095  -2.733  11.15  43.69
241  18  LEU  CG  2.831  -1.972  11.557  27.43
242  18  LEU  CD1  1.586  -2.843  11.381  25.29
243  18  LEU  CD2  2.954  -1.427  12.981  24.88
244  18  LEU  H  6.397  -3.048  10.331  8.48
245  18  LEU  HA  4.056  -3.012  9.13  5.01
246  18  LEU  HB2  3.924  -3.683  11.249  1.79
247  18  LEU  HB3  4.803  -2.505  11.773  1.36
248  18  LEU  HG  2.732  -1.209  10.966  1.42
249  18  LEU  HD11  0.874  -2.508  11.949  4.22
250  18  LEU  HD12  1.3  -2.816  10.454  2.86
251  18  LEU  HD13  1.793  -3.758  11.629  2.5
252  18  LEU  HD21  2.391  -0.643  13.077  119.43
253  18  LEU  HD22  2.672  -2.107  13.612  63.83
254  18  LEU  HD23  3.877  -1.186  13.156  177.35
255  19  GLU  N  3.613  -0.765  8.353  127.11
256  19  GLU  CA  3.416  0.582  7.845  54.59
257  19  GLU  C  1.963  1.017  8.042  174.13
258  19  GLU  O  1.103  0.197  8.359  20.46
259  19  GLU  CB  3.822  0.676  6.372  34.47
260  19  GLU  CG  5.319  0.96  6.233  37.6
261  19  GLU  CD  5.717  1.094  4.762  2
262  19  GLU  OE1  6.004  0.041  4.153  8.64
263  19  GLU  OE2  5.724  2.247  4.279  3.98
264  19  GLU  H  3.109  -1.365  7.998  9.23
265  19  GLU  HA  4.004  1.145  8.373  4.63
266  19  GLU  HB2  3.602  -0.153  5.919  2.08
267  19  GLU  HB3  3.314  1.379  5.938  1.62
268  19  GLU  HG2  5.543  1.776  6.708  2.1
269  19  GLU  HG3  5.827  0.244  6.645  1.98
270  20  ARG  N  1.733  2.307  7.846  120.4
271  20  ARG  CA  0.399  2.861  7.999  55.24
272  20  ARG  C  0.044  3.73  6.791  174.81
273  20  ARG  O  0.919  4.351  6.189  4.21
274  20  ARG  CB  0.295  3.703  9.272  32.64
275  20  ARG  CG  1.266  4.885  9.23  27.36
276  20  ARG  CD  0.648  6.126  9.877  43.54
277  20  ARG  NE  0.791  6.053  11.349  4.1
278  20  ARG  CZ  1.913  6.368  12.011  1.95
279  20  ARG  NH1  2.996  6.779  11.337  67.26
280  20  ARG  NH2  1.952  6.272  13.347  174.99
281  20  ARG  H  2.339  2.875  7.625  8.54
282  20  ARG  HA  -0.185  2.089  8.058  5.08
283  20  ARG  HB2  -0.613  4.03  9.374  1.7
284  20  ARG  HB3  0.486  3.151  10.046  1.63
285  20  ARG  HG2  2.087  4.65  9.69  1.54
286  20  ARG  HG3  1.503  5.08  8.31  1.47
287  20  ARG  HD2  1.083  6.925  9.541  3.1
288  20  ARG  HD3  -0.29  6.192  9.639  3.1
289  20  ARG  HE  0.112  5.792  11.808  7.81
290  20  ARG  HH11  2.971  6.841  10.48  8.88
291  20  ARG  HH12  3.716  6.982  11.762  5.34
292  20  ARG  HH21  1.257  6.008  13.78  1.8
293  20  ARG  HH22  2.672  6.474  13.772  1.07
294  21  VAL  N  -1.242  3.747  6.472  118.71
295  21  VAL  CA  -1.724  4.529  5.346  59.62
296  21  VAL  C  -3.001  5.267  5.753  174.09
297  21  VAL  O  -3.766  4.78  6.584  26.5
298  21  VAL  CB  -1.918  3.627  4.126  35.31
299  21  VAL  CG1  -2.511  4.41  2.953  21.1
300  21  VAL  CG2  -0.602  2.954  3.727  21.08
301  21  VAL  H  -1.849  3.31  6.897  8.64
302  21  VAL  HA  -1.041  5.183  5.131  4.46
303  21  VAL  HB  -2.547  2.93  4.368  1.61
304  21  VAL  HG11  -1.807  4.907  2.508  1.43
305  21  VAL  HG12  -2.918  3.793  2.325  32.05
306  21  VAL  HG13  -3.183  5.027  3.283  33.05
307  21  VAL  HG21  -0.267  3.359  2.912  7.34
308  21  VAL  HG22  0.048  3.071  4.437  7.53
309  21  VAL  HG23  -0.755  2.008  3.58  111.48
310  22  SER  N  -3.192  6.43  5.148  122.47
311  22  SER  CA  -4.364  7.24  5.437  57.9
312  22  SER  C  -5.452  6.976  4.395  174.53
313  22  SER  O  -5.177  6.956  3.196  1.97
314  22  SER  CB  -4.01  8.728  5.47  63.68
315  22  SER  OG  -5.002  9.498  6.144  2.23
316  22  SER  H  -2.653  6.765  4.568  9.25
317  22  SER  HA  -4.659  6.959  6.317  4.91
318  22  SER  HB2  -3.155  8.847  5.912  3.8
319  22  SER  HB3  -3.909  9.056  4.563  3.72
320  22  SER  HG  -5.485  8.997  6.614  175.96
321  23  VAL  N  -6.666  6.781  4.89  117.6
322  23  VAL  CA  -7.797  6.519  4.016  58.79
323  23  VAL  C  -8.924  7.503  4.339  176.06
324  23  VAL  O  -8.734  8.435  5.119  50.88
325  23  VAL  CB  -8.227  5.056  4.14  34.86
326  23  VAL  CG1  -7.053  4.115  3.863  22.03
327  23  VAL  CG2  -8.839  4.779  5.515  19.34
328  23  VAL  H  -6.851  6.796  5.73  8.56
329  23  VAL  HA  -7.503  6.669  3.104  4.72
330  23  VAL  HB  -8.909  4.888  3.471  2.01
331  23  VAL  HG11  -6.773  3.695  4.691  3.63
332  23  VAL  HG12  -7.328  3.432  3.232  119.76
333  23  VAL  HG13  -6.313  4.621  3.491  63.23
334  23  VAL  HG21  -9.806  4.804  5.448  176.06
335  23  VAL  HG22  -8.559  3.903  5.823  176.27
336  23  VAL  HG23  -8.541  5.454  6.144  33.72
337  24  ASP  N  -10.071  7.261  3.723  118.87
338  24  ASP  CA  -11.229  8.114  3.935  56.37
339  24  ASP  C  -12.275  7.352  4.751  176.11
340  24  ASP  O  -12.773  7.858  5.756  4.41
341  24  ASP  CB  -11.867  8.517  2.605  40.52
342  24  ASP  CG  -10.881  8.765  1.463  7.91
343  24  ASP  OD1  -10.145  9.772  1.557  4.28
344  24  ASP  OD2  -10.883  7.943  0.521  1.87
345  24  ASP  H  -10.197  6.607  3.179  8.38
346  24  ASP  HA  -10.889  8.893  4.403  4.38
347  24  ASP  HB2  -12.485  7.82  2.335  2.72
348  24  ASP  HB3  -12.391  9.322  2.743  2.42
349  25  GLY  N  -12.579  6.148  4.288  102.3
350  25  GLY  CA  -13.557  5.312  4.962  44.68
351  25  GLY  C  -13.902  4.083  4.118  170.27
352  25  GLY  O  -13.157  3.72  3.21  73.59
353  25  GLY  H  -12.226  5.801  3.585  7.1
354  25  GLY  HA2  -13.209  5.03  5.822  4.36
355  25  GLY  HA3  -14.361  5.825  5.136  4.04
356  26  PRO  N  -15.063  3.461  4.457  4.86
357  26  PRO  CA  -15.517  2.281  3.74  63.27
358  26  PRO  C  -16.077  2.655  2.367  174.05
359  26  PRO  O  -16.092  1.832  1.453  38.96
360  26  PRO  CB  -16.553  1.642  4.651  31.88
361  26  PRO  CG  -16.978  2.729  5.625  26.7
362  26  PRO  CD  -15.972  3.863  5.526  49.36
363  26  PRO  HA  -14.771  1.685  3.569  4.27
364  26  PRO  HB2  -17.31  1.316  4.14  2.19
365  26  PRO  HB3  -16.179  0.881  5.122  1.83
366  26  PRO  HG2  -17.87  3.046  5.411  1.91
367  26  PRO  HG3  -17.01  2.38  6.53  1.76
368  26  PRO  HD2  -16.408  4.705  5.32  3.71
369  26  PRO  HD3  -15.498  3.988  6.363  3.57
370  27  HSE  N  -16.525  3.898  2.264  113.61
371  27  HSE  CA  -17.085  4.391  1.018  55.41
372  27  HSE  C  -16.061  4.225  -0.107  175.2
373  27  HSE  O  -16.414  4.264  -1.284  112.52
374  27  HSE  CB  -17.567  5.835  1.172  30.38
375  27  HSE  CG  -16.568  6.747  1.843  174.25
376  27  HSE  ND1  -16.777  8.107  1.992  4.02
377  27  HSE  CD2  -15.354  6.48  2.405  118.38
378  27  HSE  CE1  -15.728  8.626  2.615  138.34
379  27  HSE  NE2  -14.848  7.616  2.869  1.95
380  27  HSE  H  -16.509  4.561  3.012  8.03
381  27  HSE  HA  -17.955  3.772  0.799  4.8
382  27  HSE  HB2  -17.804  6.235  0.186  3.12
383  27  HSE  HB3  -18.492  5.839  1.749  3.07
384  27  HSE  HD1  -17.582  8.613  1.682  2.29
385  27  HSE  HD2  -14.88  5.5  2.462  7.02
386  27  HSE  HE1  -15.594  9.675  2.878  7.67
387  28  ILE  N  -14.812  4.042  0.296  113.2
388  28  ILE  CA  -13.734  3.87  -0.662  61.27
389  28  ILE  C  -13.609  2.388  -1.021  174.93
390  28  ILE  O  -13.934  1.52  -0.213  111.39
391  28  ILE  CB  -12.439  4.485  -0.128  39.06
392  28  ILE  CG1  -11.808  3.591  0.941  24.92
393  28  ILE  CG2  -12.677  5.908  0.381  17.68
394  28  ILE  CD  -10.563  2.884  0.401  66.59
395  28  ILE  H  -14.572  4.015  1.121  6.64
396  28  ILE  HA  -13.976  4.361  -1.463  4.33
397  28  ILE  HB  -11.807  4.545  -0.861  2
398  28  ILE  HG12  -11.57  4.125  1.715  1.33
399  28  ILE  HG13  -12.454  2.932  1.24  1.27
400  28  ILE  HG21  -12.463  6.542  -0.321  3.27
401  28  ILE  HG22  -13.607  6.009  0.637  120.65
402  28  ILE  HG23  -12.11  6.075  1.15  60.21
403  28  ILE  HD11  -9.67  3.386  0.773  173.11
404  28  ILE  HD12  -10.562  1.846  0.733  40.14
405  28  ILE  HD13  -10.571  2.917  -0.689  43.89
406  29  THR  N  -13.137  2.144  -2.235  110.27
407  29  THR  CA  -12.965  0.782  -2.711  59.73
408  29  THR  C  -11.478  0.427  -2.787  176.68
409  29  THR  O  -10.622  1.306  -2.701  8.35
410  29  THR  CB  -13.688  0.655  -4.053  71.96
411  29  THR  OG1  -13.102  1.671  -4.862  1.22
412  29  THR  CG2  -15.163  1.055  -3.963  21.96
413  29  THR  H  -12.912  2.756  -2.796  8.42
414  29  THR  HA  -13.368  0.179  -2.067  5.29
415  29  THR  HB  -13.594  -0.24  -4.414  4.83
416  29  THR  HG1  -12.345  1.423  -5.13  4.52
417  29  THR  HG21  -15.628  0.752  -4.758  2.5
418  29  THR  HG22  -15.562  0.645  -3.179  2.56
419  29  THR  HG23  -15.232  2.02  -3.894  119.15
420  30  VAL  N  -11.218  -0.862  -2.945  120.49
421  30  VAL  CA  -9.849  -1.344  -3.033  67.54
422  30  VAL  C  -9.076  -0.488  -4.038  177.62
423  30  VAL  O  -7.899  -0.194  -3.832  30.74
424  30  VAL  CB  -9.841  -2.833  -3.384  31.67
425  30  VAL  CG1  -8.42  -3.318  -3.681  24.44
426  30  VAL  CG2  -10.482  -3.663  -2.27  21.25
427  30  VAL  H  -11.822  -1.471  -3.004  8.49
428  30  VAL  HA  -9.445  -1.239  -2.158  3.32
429  30  VAL  HB  -10.37  -2.953  -4.188  2.32
430  30  VAL  HG11  -8.454  -4.219  -4.038  4.76
431  30  VAL  HG12  -8.006  -2.728  -4.33  2.08
432  30  VAL  HG13  -7.9  -3.314  -2.862  1.93
433  30  VAL  HG21  -10.153  -3.358  -1.41  2
434  30  VAL  HG22  -11.446  -3.558  -2.304  2
435  30  VAL  HG23  -10.253  -4.598  -2.391  7.14
436  31  SER  N  -9.768  -0.113  -5.104  112.88
437  31  SER  CA  -9.16  0.703  -6.142  61.65
438  31  SER  C  -8.602  1.992  -5.534  177.78
439  31  SER  O  -7.487  2.401  -5.854  174.88
440  31  SER  CB  -10.167  1.03  -7.246  62.36
441  31  SER  OG  -11.103  2.025  -6.838  33.69
442  31  SER  H  -10.591  -0.323  -5.242  9.04
443  31  SER  HA  -8.444  0.161  -6.509  4.05
444  31  SER  HB2  -9.693  1.337  -8.035  4
445  31  SER  HB3  -10.644  0.224  -7.497  3.93
446  31  SER  HG  -10.823  2.787  -7.052  2.44
447  32  GLN  N  -9.403  2.596  -4.669  122.25
448  32  GLN  CA  -9.002  3.829  -4.013  59.01
449  32  GLN  C  -7.932  3.546  -2.958  178.53
450  32  GLN  O  -7.052  4.374  -2.723  16.79
451  32  GLN  CB  -10.209  4.538  -3.395  28.64
452  32  GLN  CG  -11.232  4.917  -4.467  34.97
453  32  GLN  CD  -11.9  6.254  -4.14  117.32
454  32  GLN  OE1  -11.304  7.314  -4.234  59.96
455  32  GLN  NE2  -13.167  6.145  -3.751  111.15
456  32  GLN  H  -10.181  2.304  -4.45  7.74
457  32  GLN  HA  -8.633  4.386  -4.716  4.09
458  32  GLN  HB2  -10.624  3.96  -2.736  2.52
459  32  GLN  HB3  -9.915  5.335  -2.927  2.03
460  32  GLN  HG2  -10.794  4.973  -5.331  2.46
461  32  GLN  HG3  -11.906  4.223  -4.536  2.46
462  32  GLN  HE21  -13.536  5.37  -3.703  7.59
463  32  GLN  HE22  -13.617  6.849  -3.548  6.78
464  33  LEU  N  -8.041  2.375  -2.349  122.46
465  33  LEU  CA  -7.094  1.972  -1.324  57.94
466  33  LEU  C  -5.701  1.845  -1.944  177.52
467  33  LEU  O  -4.814  2.647  -1.658  116.71
468  33  LEU  CB  -7.573  0.701  -0.621  40.73
469  33  LEU  CG  -6.69  0.192  0.521  26.86
470  33  LEU  CD1  -6.19  1.351  1.386  23.26
471  33  LEU  CD2  -7.42  -0.867  1.349  26.88
472  33  LEU  H  -8.659  1.801  -2.518  8.77
473  33  LEU  HA  -7.07  2.677  -0.658  4.04
474  33  LEU  HB2  -8.463  0.861  -0.27  2.22
475  33  LEU  HB3  -7.651  -0.004  -1.283  1.22
476  33  LEU  HG  -5.909  -0.234  0.135  1.48
477  33  LEU  HD11  -6.942  1.767  1.836  121.16
478  33  LEU  HD12  -5.563  1.016  2.045  113.3
479  33  LEU  HD13  -5.748  2.006  0.824  120.68
480  33  LEU  HD21  -8.333  -0.952  1.032  124.35
481  33  LEU  HD22  -6.964  -1.719  1.258  7.81
482  33  LEU  HD23  -7.425  -0.601  2.282  4.9
483  34  LYS  N  -5.553  0.83  -2.783  117.83
484  34  LYS  CA  -4.283  0.587  -3.447  59.86
485  34  LYS  C  -3.689  1.92  -3.906  179.91
486  34  LYS  O  -2.506  2.181  -3.697  5.21
487  34  LYS  CB  -4.455  -0.432  -4.575  33.16
488  34  LYS  CG  -4.19  -1.854  -4.076  26.69
489  34  LYS  CD  -5.412  -2.748  -4.295  30.16
490  34  LYS  CE  -5.03  -4.227  -4.216  42.83
491  34  LYS  NZ  -5.526  -4.955  -5.406  116.6
492  34  LYS  H  -6.178  0.273  -2.979  8.72
493  34  LYS  HA  -3.684  0.193  -2.793  4.57
494  34  LYS  HB2  -5.354  -0.373  -4.935  1.93
495  34  LYS  HB3  -3.847  -0.221  -5.301  1.6
496  34  LYS  HG2  -3.425  -2.226  -4.541  1.62
497  34  LYS  HG3  -3.966  -1.833  -3.133  1.53
498  34  LYS  HD2  -6.087  -2.549  -3.627  1.6
499  34  LYS  HD3  -5.805  -2.558  -5.161  1.55
500  34  LYS  HE2  -4.066  -4.315  -4.156  2.64
501  34  LYS  HE3  -5.402  -4.62  -3.411  2.64
502  34  LYS  HZ1  -6.352  -4.683  -5.597  2.09
503  34  LYS  HZ2  -4.992  -4.79  -6.098  1.55
504  34  LYS  HZ3  -5.533  -5.829  -5.237  1.53
505  35  THR  N  -4.539  2.727  -4.524  117.77
506  35  THR  CA  -4.113  4.027  -5.015  67.46
507  35  THR  C  -3.462  4.835  -3.891  175.4
508  35  THR  O  -2.415  5.45  -4.089  3.02
509  35  THR  CB  -5.327  4.719  -5.636  68.44
510  35  THR  OG1  -5.523  4.036  -6.871  1.34
511  35  THR  CG2  -5.031  6.162  -6.051  21.68
512  35  THR  H  -5.366  2.538  -4.668  7.96
513  35  THR  HA  -3.435  3.89  -5.695  3.72
514  35  THR  HB  -6.09  4.68  -5.039  4.4
515  35  THR  HG1  -4.904  4.226  -7.406  174.27
516  35  THR  HG21  -4.955  6.716  -5.259  59.25
517  35  THR  HG22  -4.198  6.191  -6.548  17.12
518  35  THR  HG23  -5.753  6.493  -6.608  7.78
519  36  LEU  N  -4.109  4.807  -2.735  123.19
520  36  LEU  CA  -3.606  5.53  -1.578  58.26
521  36  LEU  C  -2.204  5.022  -1.236  179.11
522  36  LEU  O  -1.268  5.81  -1.112  42.02
523  36  LEU  CB  -4.596  5.434  -0.416  41.23
524  36  LEU  CG  -5.732  6.459  -0.416  26.72
525  36  LEU  CD1  -6.77  6.128  0.658  26.59
526  36  LEU  CD2  -5.188  7.881  -0.269  22.95
527  36  LEU  H  -4.841  4.375  -2.603  7.97
528  36  LEU  HA  -3.543  6.466  -1.826  4.2
529  36  LEU  HB2  -4.985  4.545  -0.417  2.04
530  36  LEU  HB3  -4.102  5.526  0.414  1.39
531  36  LEU  HG  -6.183  6.412  -1.273  1.92
532  36  LEU  HD11  -6.318  5.925  1.492  1.44
533  36  LEU  HD12  -7.359  6.889  0.784  1.67
534  36  LEU  HD13  -7.291  5.359  0.378  1.67
535  36  LEU  HD21  -5.894  8.466  0.05  4.1
536  36  LEU  HD22  -4.456  7.883  0.367  3.49
537  36  LEU  HD23  -4.87  8.197  -1.129  122.76
538  37  ILE  N  -2.103  3.709  -1.092  120.27
539  37  ILE  CA  -0.831  3.087  -0.766  66.2
540  37  ILE  C  0.127  3.247  -1.948  178
541  37  ILE  O  1.344  3.183  -1.778  32.74
542  37  ILE  CB  -1.04  1.634  -0.336  37.06
543  37  ILE  CG1  -1.559  1.556  1.101  31.2
544  37  ILE  CG2  0.239  0.816  -0.528  17.08
545  37  ILE  CD  -2.993  1.025  1.138  8.53
546  37  ILE  H  -2.762  3.164  -1.18  8.58
547  37  ILE  HA  -0.463  3.561  -0.004  3.38
548  37  ILE  HB  -1.719  1.242  -0.907  2.11
549  37  ILE  HG12  -0.983  0.979  1.626  1.8
550  37  ILE  HG13  -1.525  2.436  1.508  0.65
551  37  ILE  HG21  0.941  1.176  0.036  1.58
552  37  ILE  HG22  0.071  -0.108  -0.287  1.74
553  37  ILE  HG23  0.516  0.862  -1.457  1.74
554  37  ILE  HD11  -3.01  -0.001  0.772  3.06
555  37  ILE  HD12  -3.364  1.052  2.163  3.06
556  37  ILE  HD13  -3.627  1.647  0.506  118.27
557  38  GLN  N  -0.457  3.452  -3.119  122.63
558  38  GLN  CA  0.33  3.622  -4.328  59.72
559  38  GLN  C  0.909  5.037  -4.391  178.37
560  38  GLN  O  1.96  5.255  -4.991  59.98
561  38  GLN  CB  -0.504  3.316  -5.573  29.54
562  38  GLN  CG  0.318  3.514  -6.848  34.84
563  38  GLN  CD  -0.459  4.333  -7.881  32.38
564  38  GLN  OE1  -0.551  3.984  -9.046  24.48
565  38  GLN  NE2  -1.012  5.439  -7.39  113.36
566  38  GLN  H  -1.309  3.496  -3.231  8.43
567  38  GLN  HA  1.049  2.974  -4.261  4.04
568  38  GLN  HB2  -0.829  2.403  -5.533  2.34
569  38  GLN  HB3  -1.284  3.893  -5.594  2.1
570  38  GLN  HG2  1.149  3.965  -6.633  2.19
571  38  GLN  HG3  0.552  2.651  -7.224  1.99
572  38  GLN  HE21  -0.914  5.635  -6.558  7.95
573  38  GLN  HE22  -1.467  5.957  -7.904  6.96
574  39  ASP  N  0.198  5.961  -3.762  118.62
575  39  ASP  CA  0.629  7.349  -3.738  57.3
576  39  ASP  C  1.416  7.612  -2.453  177.66
577  39  ASP  O  2.1  8.628  -2.337  2.99
578  39  ASP  CB  -0.571  8.298  -3.76  41.37
579  39  ASP  CG  -0.386  9.555  -4.612  112.73
580  39  ASP  OD1  0.715  10.141  -4.528  7.67
581  39  ASP  OD2  -1.35  9.901  -5.329  116.96
582  39  ASP  H  -0.536  5.801  -3.344  8.24
583  39  ASP  HA  1.17  7.461  -4.535  4.38
584  39  ASP  HB2  -1.344  7.812  -4.087  2.86
585  39  ASP  HB3  -0.77  8.567  -2.85  2.75
586  40  GLN  N  1.295  6.679  -1.521  114.68
587  40  GLN  CA  1.987  6.797  -0.249  58.23
588  40  GLN  C  3.21  5.878  -0.222  177.04
589  40  GLN  O  4.339  6.345  -0.078  59.47
590  40  GLN  CB  1.046  6.492  0.918  29.84
591  40  GLN  CG  0.006  7.601  1.089  34.88
592  40  GLN  CD  -1.013  7.236  2.17  2.09
593  40  GLN  OE1  -0.695  7.105  3.341  2.03
594  40  GLN  NE2  -2.253  7.078  1.714  113.7
595  40  GLN  H  0.815  5.971  -1.609  8.57
596  40  GLN  HA  2.27  7.723  -0.195  4.27
597  40  GLN  HB2  0.598  5.645  0.764  2.21
598  40  GLN  HB3  1.559  6.397  1.736  1.87
599  40  GLN  HG2  0.449  8.431  1.325  2.6
600  40  GLN  HG3  -0.451  7.753  0.247  2.41
601  40  GLN  HE21  -2.419  7.183  0.877  7.74
602  40  GLN  HE22  -2.888  6.872  2.257  7.61
603  41  LEU  N  2.944  4.588  -0.363  116.79
604  41  LEU  CA  4.008  3.599  -0.357  54.5
605  41  LEU  C  4.713  3.607  -1.715  176.08
606  41  LEU  O  5.724  2.929  -1.897  1.68
607  41  LEU  CB  3.463  2.227  0.044  40.79
608  41  LEU  CG  2.795  2.146  1.419  27.69
609  41  LEU  CD1  2.587  0.691  1.843  24.65
610  41  LEU  CD2  3.587  2.939  2.46  22.32
611  41  LEU  H  2.152  4.269  -0.464  8.72
612  41  LEU  HA  4.647  3.863  0.323  4.47
613  41  LEU  HB2  2.82  1.946  -0.625  1.7
614  41  LEU  HB3  4.193  1.589  0.021  1.41
615  41  LEU  HG  1.918  2.554  1.355  1.41
616  41  LEU  HD11  1.642  0.53  1.993  60.18
617  41  LEU  HD12  2.908  0.102  1.143  175.25
618  41  LEU  HD13  3.079  0.519  2.661  2.51
619  41  LEU  HD21  4.527  2.941  2.22  27.93
620  41  LEU  HD22  3.26  3.852  2.489  35.18
621  41  LEU  HD23  3.477  2.528  3.332  104.13
622  42  GLN  N  4.153  4.382  -2.632  110.3
623  42  GLN  CA  4.716  4.487  -3.968  57.1
624  42  GLN  C  4.799  3.105  -4.619  173.89
625  42  GLN  O  5.701  2.843  -5.414  3.65
626  42  GLN  CB  6.09  5.16  -3.932  24.52
627  42  GLN  CG  5.978  6.611  -3.459  34.49
628  42  GLN  CD  5.16  7.447  -4.446  2.93
629  42  GLN  OE1  4.844  7.024  -5.545  1.84
630  42  GLN  NE2  4.837  8.655  -3.993  112.51
631  42  GLN  H  3.447  4.854  -2.497  7.3
632  42  GLN  HA  4.1  5.049  -4.464  4.05
633  42  GLN  HB2  6.68  4.668  -3.34  2.39
634  42  GLN  HB3  6.49  5.134  -4.816  2.35
635  42  GLN  HG2  5.56  6.638  -2.584  2.1
636  42  GLN  HG3  6.864  6.993  -3.363  2.1
637  42  GLN  HE21  5.088  8.901  -3.208  7.24
638  42  GLN  HE22  4.378  9.191  -4.485  6.55
639  43  ILE  N  3.846  2.258  -4.259  116.15
640  43  ILE  CA  3.801  0.91  -4.798  57.57
641  43  ILE  C  2.716  0.832  -5.875  173.31
642  43  ILE  O  1.667  1.461  -5.75  2.84
643  43  ILE  CB  3.623  -0.112  -3.673  40.8
644  43  ILE  CG1  4.822  -0.093  -2.722  27.22
645  43  ILE  CG2  3.361  -1.51  -4.237  18.13
646  43  ILE  CD  4.587  -1.019  -1.526  104.6
647  43  ILE  H  3.219  2.448  -3.702  6.18
648  43  ILE  HA  4.66  0.733  -5.213  4.42
649  43  ILE  HB  2.842  0.139  -3.155  1.06
650  43  ILE  HG12  5.621  -0.37  -3.197  1.06
651  43  ILE  HG13  4.977  0.812  -2.41  0.01
652  43  ILE  HG21  2.837  -1.437  -5.05  3.84
653  43  ILE  HG22  4.206  -1.942  -4.435  119.33
654  43  ILE  HG23  2.874  -2.036  -3.584  62.72
655  43  ILE  HD11  3.629  -1.525  -1.641  176.46
656  43  ILE  HD12  5.386  -1.759  -1.478  119.96
657  43  ILE  HD13  4.581  -0.431  -0.608  32.75
658  44  PRO  N  3.015  0.035  -6.935  21.51
659  44  PRO  CA  2.078  -0.132  -8.033  62.93
660  44  PRO  C  0.919  -1.045  -7.63  178.67
661  44  PRO  O  1.108  -2  -6.878  3.92
662  44  PRO  CB  2.908  -0.695  -9.176  32.7
663  44  PRO  CG  4.169  -1.256  -8.539  27.55
664  44  PRO  CD  4.249  -0.725  -7.117  50.81
665  44  PRO  HA  1.676  0.72  -8.266  4.55
666  44  PRO  HB2  2.421  -1.386  -9.651  2.35
667  44  PRO  HB3  3.123  -0.004  -9.822  1.57
668  44  PRO  HG2  4.147  -2.226  -8.538  2.05
669  44  PRO  HG3  4.952  -0.991  -9.046  1.94
670  44  PRO  HD2  4.315  -1.448  -6.473  3.98
671  44  PRO  HD3  5.03  -0.163  -6.994  3.8
672  45  ILE  N  -0.256  -0.72  -8.149  122.33
673  45  ILE  CA  -1.447  -1.498  -7.852  65.92
674  45  ILE  C  -1.312  -2.887  -8.479  178.49
675  45  ILE  O  -1.85  -3.863  -7.958  17.68
676  45  ILE  CB  -2.703  -0.745  -8.292  39.39
677  45  ILE  CG1  -2.722  0.673  -7.716  28.54
678  45  ILE  CG2  -3.967  -1.527  -7.929  17.15
679  45  ILE  CD  -4.094  1.324  -7.906  2
680  45  ILE  H  -0.382  -0.051  -8.674  8.46
681  45  ILE  HA  -1.495  -1.599  -6.889  3.75
682  45  ILE  HB  -2.685  -0.662  -9.258  1.61
683  45  ILE  HG12  -2.501  0.645  -6.772  1.48
684  45  ILE  HG13  -2.042  1.211  -8.151  0.83
685  45  ILE  HG21  -4.736  -1.115  -8.353  3.11
686  45  ILE  HG22  -3.88  -2.443  -8.236  1.9
687  45  ILE  HG23  -4.087  -1.519  -6.966  0.79
688  45  ILE  HD11  -4.476  1.083  -8.898  124.81
689  45  ILE  HD12  -4.782  0.946  -7.15  54.99
690  45  ILE  HD13  -4  2.405  -7.805  177.5
691  46  HSE  N  -0.59  -2.933  -9.589  114.32
692  46  HSE  CA  -0.377  -4.186  -10.293  57.74
693  46  HSE  C  0.551  -5.084  -9.473  174.37
694  46  HSE  O  0.77  -6.242  -9.824  42.74
695  46  HSE  CB  0.143  -3.932  -11.709  28.61
696  46  HSE  CG  1.194  -2.852  -11.793  54.11
697  46  HSE  ND1  0.882  -1.506  -11.879  173.7
698  46  HSE  CD2  2.556  -2.932  -11.803  119.77
699  46  HSE  CE1  2.012  -0.817  -11.938  137.74
700  46  HSE  NE2  3.048  -1.702  -11.891  4.39
701  46  HSE  H  -0.155  -2.135  -10.007  8.4
702  46  HSE  HA  -1.352  -4.666  -10.378  4.41
703  46  HSE  HB2  0.557  -4.86  -12.105  3.26
704  46  HSE  HB3  -0.696  -3.659  -12.35  3.14
705  46  HSE  HD1  -0.041  -1.12  -11.894  3.12
706  46  HSE  HD2  3.14  -3.85  -11.747  7.16
707  46  HSE  HE1  2.098  0.267  -12.011  8.18
708  47  ASN  N  1.072  -4.516  -8.395  115.89
709  47  ASN  CA  1.971  -5.25  -7.522  52.41
710  47  ASN  C  1.348  -5.359  -6.129  175.8
711  47  ASN  O  1.422  -6.408  -5.492  175.38
712  47  ASN  CB  3.315  -4.531  -7.384  39.09
713  47  ASN  CG  4.177  -4.736  -8.631  45.79
714  47  ASN  OD1  3.748  -5.29  -9.63  168.19
715  47  ASN  ND2  5.414  -4.26  -8.518  110.28
716  47  ASN  H  0.914  -3.705  -8.155  7.76
717  47  ASN  HA  2.087  -6.115  -7.946  4.96
718  47  ASN  HB2  3.165  -3.583  -7.243  3.39
719  47  ASN  HB3  3.785  -4.864  -6.603  2.64
720  47  ASN  HD21  5.663  -3.878  -7.789  7.71
721  47  ASN  HD22  5.965  -4.334  -9.174  6.97
722  48  GLN  N  0.748  -4.259  -5.697  119.73
723  48  GLN  CA  0.112  -4.217  -4.391  57.08
724  48  GLN  C  -0.75  -5.464  -4.181  176.39
725  48  GLN  O  -1.493  -5.867  -5.075  133.6
726  48  GLN  CB  -0.717  -2.942  -4.226  32.21
727  48  GLN  CG  0.17  -1.757  -3.843  33.35
728  48  GLN  CD  -0.671  -0.583  -3.338  117.24
729  48  GLN  OE1  -1.161  -0.571  -2.22  8.29
730  48  GLN  NE2  -0.811  0.402  -4.221  105.2
731  48  GLN  H  0.7  -3.529  -6.149  7.31
732  48  GLN  HA  0.84  -4.208  -3.75  4.3
733  48  GLN  HB2  -1.184  -2.747  -5.053  1.9
734  48  GLN  HB3  -1.393  -3.078  -3.544  1.87
735  48  GLN  HG2  0.798  -2.028  -3.155  2.45
736  48  GLN  HG3  0.693  -1.478  -4.611  1.55
737  48  GLN  HE21  -0.442  0.34  -4.995  6.63
738  48  GLN  HE22  -1.269  1.1  -4.017  6.44
739  49  THR  N  -0.624  -6.038  -2.994  119.73
740  49  THR  CA  -1.382  -7.23  -2.654  64.11
741  49  THR  C  -1.976  -7.103  -1.25  171.47
742  49  THR  O  -1.273  -7.282  -0.257  174.71
743  49  THR  CB  -0.459  -8.44  -2.817  70.39
744  49  THR  OG1  0.066  -8.301  -4.134  30.82
745  49  THR  CG2  -1.229  -9.762  -2.859  21.05
746  49  THR  H  -0.103  -5.75  -2.373  8.92
747  49  THR  HA  -2.126  -7.306  -3.272  4.23
748  49  THR  HB  0.217  -8.455  -2.122  3.59
749  49  THR  HG1  0.839  -8.629  -4.171  9.21
750  49  THR  HG21  -0.779  -10.379  -3.457  5.21
751  49  THR  HG22  -1.265  -10.144  -1.968  1.92
752  49  THR  HG23  -2.13  -9.601  -3.179  1.78
753  50  LEU  N  -3.264  -6.795  -1.213  125.36
754  50  LEU  CA  -3.96  -6.641  0.053  51.98
755  50  LEU  C  -4.444  -8.011  0.534  174.95
756  50  LEU  O  -4.868  -8.84  -0.27  6.47
757  50  LEU  CB  -5.077  -5.603  -0.072  46.38
758  50  LEU  CG  -4.635  -4.139  -0.075  27.2
759  50  LEU  CD1  -3.516  -3.901  0.941  27.26
760  50  LEU  CD2  -4.235  -3.69  -1.483  24.02
761  50  LEU  H  -3.749  -6.671  -1.912  8.29
762  50  LEU  HA  -3.321  -6.298  0.697  5.58
763  50  LEU  HB2  -5.566  -5.777  -0.892  1.44
764  50  LEU  HB3  -5.699  -5.733  0.661  1.44
765  50  LEU  HG  -5.389  -3.592  0.196  1.45
766  50  LEU  HD11  -3.552  -2.983  1.253  4.48
767  50  LEU  HD12  -3.63  -4.502  1.694  1.54
768  50  LEU  HD13  -2.657  -4.067  0.522  1
769  50  LEU  HD21  -4.998  -3.282  -1.921  0.39
770  50  LEU  HD22  -3.513  -3.045  -1.423  4.05
771  50  LEU  HD23  -3.941  -4.459  -1.996  112.64
772  51  SER  N  -4.365  -8.206  1.842  111.63
773  51  SER  CA  -4.79  -9.46  2.439  58.03
774  51  SER  C  -4.985  -9.284  3.946  173.73
775  51  SER  O  -4.15  -8.68  4.617  2.35
776  51  SER  CB  -3.777  -10.573  2.162  65.74
777  51  SER  OG  -4.319  -11.865  2.419  43.42
778  51  SER  H  -4.067  -7.621  2.398  8.77
779  51  SER  HA  -5.632  -9.677  2.009  4.6
780  51  SER  HB2  -3.487  -10.523  1.238  4.04
781  51  SER  HB3  -2.99  -10.438  2.713  3.32
782  51  SER  HG  -4.332  -12.012  3.246  2.85
783  52  THR  N  -6.093  -9.821  4.434  117.16
784  52  THR  CA  -6.409  -9.73  5.849  62.98
785  52  THR  C  -5.84  -10.936  6.601  174.07
786  52  THR  O  -6.414  -11.379  7.595  131.99
787  52  THR  CB  -7.926  -9.589  5.987  70.35
788  52  THR  OG1  -8.449  -10.506  5.03  129.36
789  52  THR  CG2  -8.433  -8.225  5.512  23.8
790  52  THR  H  -6.673  -10.242  3.959  10.37
791  52  THR  HA  -5.975  -8.94  6.209  4.68
792  52  THR  HB  -8.209  -9.765  6.898  4.68
793  52  THR  HG1  -9.196  -10.793  5.285  3.03
794  52  THR  HG21  -9.314  -8.061  5.882  3.09
795  52  THR  HG22  -7.822  -7.532  5.809  9.27
796  52  THR  HG23  -8.482  -8.219  4.543  6.49
797  53  ASN  N  -4.72  -11.432  6.097  124.32
798  53  ASN  CA  -4.067  -12.577  6.708  52.39
799  53  ASN  C  -2.553  -12.36  6.7  174.6
800  53  ASN  O  -1.994  -11.892  5.71  6.87
801  53  ASN  CB  -4.365  -13.861  5.93  39.77
802  53  ASN  CG  -4.882  -14.959  6.862  6.65
803  53  ASN  OD1  -4.213  -15.94  7.138  1.5
804  53  ASN  ND2  -6.108  -14.739  7.328  112.97
805  53  ASN  H  -4.324  -11.117  5.401  9.64
806  53  ASN  HA  -4.43  -12.628  7.606  4.64
807  53  ASN  HB2  -5.023  -13.68  5.241  3.47
808  53  ASN  HB3  -3.56  -14.165  5.481  2.74
809  53  ASN  HD21  -6.535  -14.028  7.099  7.73
810  53  ASN  HD22  -6.474  -15.308  7.859  7.28
811  54  ARG  N  -1.931  -12.711  7.817  126.51
812  54  ARG  CA  -0.492  -12.56  7.951  56.88
813  54  ARG  C  0.233  -13.591  7.083  177.14
814  54  ARG  O  1.447  -13.514  6.906  0.83
815  54  ARG  CB  -0.054  -12.731  9.407  29.57
816  54  ARG  CG  -0.24  -14.177  9.87  25.81
817  54  ARG  CD  -1.368  -14.283  10.898  43.52
818  54  ARG  NE  -0.803  -14.359  12.263  1.22
819  54  ARG  CZ  -0.333  -15.483  12.821  1.11
820  54  ARG  NH1  -0.356  -16.632  12.133  1.34
821  54  ARG  NH2  0.162  -15.457  14.066  2.44
822  54  ARG  H  -2.328  -13.038  8.506  8.44
823  54  ARG  HA  -0.308  -11.657  7.647  1.88
824  54  ARG  HB2  0.877  -12.475  9.5  1.38
825  54  ARG  HB3  -0.569  -12.137  9.975  1.38
826  54  ARG  HG2  -0.439  -14.741  9.107  1.5
827  54  ARG  HG3  0.587  -14.505  10.257  1.15
828  54  ARG  HD2  -1.956  -13.515  10.824  3.08
829  54  ARG  HD3  -1.906  -15.07  10.718  3.08
830  54  ARG  HE  -0.775  -13.636  12.728  176.67
831  54  ARG  HH11  -0.673  -16.648  11.334  8.81
832  54  ARG  HH12  -0.054  -17.354  12.49  29.86
833  54  ARG  HH21  0.177  -14.719  14.507  36.44
834  54  ARG  HH22  0.464  -16.178  14.424  1.85
835  55  ASN  N  -0.543  -14.532  6.566  118.76
836  55  ASN  CA  0.01  -15.577  5.721  55
837  55  ASN  C  0.533  -14.956  4.425  176.88
838  55  ASN  O  1.252  -15.605  3.667  3.89
839  55  ASN  CB  -1.057  -16.61  5.354  36.56
840  55  ASN  CG  -1.08  -17.759  6.365  1.68
841  55  ASN  OD1  -0.064  -18.34  6.706  1.97
842  55  ASN  ND2  -2.294  -18.051  6.823  112.76
843  55  ASN  H  -1.392  -14.58  6.694  8.66
844  55  ASN  HA  0.715  -15.984  6.249  4.26
845  55  ASN  HB2  -1.928  -16.185  5.323  2.88
846  55  ASN  HB3  -0.882  -16.96  4.466  2.77
847  55  ASN  HD21  -2.977  -17.607  6.547  7.73
848  55  ASN  HD22  -2.396  -18.685  7.396  6.95
849  56  LEU  N  0.152  -13.705  4.21  125.77
850  56  LEU  CA  0.573  -12.989  3.018  57.49
851  56  LEU  C  2.081  -12.738  3.086  177.87
852  56  LEU  O  2.755  -12.704  2.057  4.88
853  56  LEU  CB  -0.255  -11.715  2.838  41.16
854  56  LEU  CG  -0.064  -10.973  1.513  26.44
855  56  LEU  CD1  -0.78  -11.697  0.371  26.45
856  56  LEU  CD2  -0.508  -9.514  1.634  23.37
857  56  LEU  H  -0.351  -13.257  4.744  7.82
858  56  LEU  HA  0.391  -13.56  2.255  2.97
859  56  LEU  HB2  -1.193  -11.945  2.927  1.09
860  56  LEU  HB3  -0.041  -11.106  3.562  0.69
861  56  LEU  HG  0.883  -10.968  1.301  1.09
862  56  LEU  HD11  -1.719  -11.453  0.371  7.05
863  56  LEU  HD12  -0.379  -11.442  -0.475  7.66
864  56  LEU  HD13  -0.695  -12.656  0.493  4.67
865  56  LEU  HD21  -0.992  -9.256  0.834  3.81
866  56  LEU  HD22  -1.085  -9.413  2.407  3.81
867  56  LEU  HD23  0.272  -8.946  1.736  116.21
868  57  LEU  N  2.566  -12.569  4.307  112.65
869  57  LEU  CA  3.982  -12.322  4.522  55.94
870  57  LEU  C  4.765  -13.611  4.264  177
871  57  LEU  O  5.995  -13.608  4.28  4.54
872  57  LEU  CB  4.217  -11.728  5.912  40.6
873  57  LEU  CG  3.245  -10.628  6.345  26.64
874  57  LEU  CD1  3.536  -10.171  7.776  25.5
875  57  LEU  CD2  3.263  -9.461  5.356  21.76
876  57  LEU  H  2.089  -12.594  5.022  7.16
877  57  LEU  HA  4.262  -11.656  3.875  4.01
878  57  LEU  HB2  4.174  -12.446  6.563  1.63
879  57  LEU  HB3  5.118  -11.37  5.943  1.54
880  57  LEU  HG  2.347  -10.996  6.338  1.56
881  57  LEU  HD11  2.7  -10.06  8.256  3.63
882  57  LEU  HD12  4.08  -10.838  8.224  110.92
883  57  LEU  HD13  4.012  -9.326  7.755  45.17
884  57  LEU  HD21  3.66  -8.684  5.78  174.52
885  57  LEU  HD22  3.786  -9.705  4.576  -0.1
886  57  LEU  HD23  2.355  -9.254  5.084  8.71
887  58  LEU  N  4.02  -14.682  4.031  116.56
888  58  LEU  CA  4.629  -15.975  3.77  54.1
889  58  LEU  C  4.825  -16.145  2.262  176.87
890  58  LEU  O  5.865  -16.631  1.819  58.37
891  58  LEU  CB  3.807  -17.094  4.413  41.67
892  58  LEU  CG  3.464  -16.908  5.893  27.41
893  58  LEU  CD1  2.748  -18.14  6.448  25.15
894  58  LEU  CD2  4.712  -16.556  6.705  22.38
895  58  LEU  H  3.16  -14.676  4.022  7.31
896  58  LEU  HA  5.501  -15.977  4.196  4.3
897  58  LEU  HB2  2.979  -17.189  3.916  1.75
898  58  LEU  HB3  4.296  -17.926  4.314  1.67
899  58  LEU  HG  2.851  -16.16  5.971  1.5
900  58  LEU  HD11  3.404  -18.792  6.741  120.72
901  58  LEU  HD12  2.193  -17.88  7.2  53.11
902  58  LEU  HD13  2.192  -18.531  5.756  176.11
903  58  LEU  HD21  4.448  -16.253  7.588  8.41
904  58  LEU  HD22  5.277  -17.34  6.788  38.35
905  58  LEU  HD23  5.202  -15.85  6.255  1.72
906  59  ALA  N  3.81  -15.737  1.515  122.63
907  59  ALA  CA  3.859  -15.838  0.066  52.75
908  59  ALA  C  5.138  -15.173  -0.445  177.3
909  59  ALA  O  5.367  -13.989  -0.202  4.64
910  59  ALA  CB  2.597  -15.212  -0.532  19.91
911  59  ALA  H  3.086  -15.398  1.832  7.12
912  59  ALA  HA  3.879  -16.78  -0.164  4.24
913  59  ALA  HB1  2.833  -14.702  -1.323  6.86
914  59  ALA  HB2  1.971  -15.913  -0.773  108.25
915  59  ALA  HB3  2.188  -14.624  0.121  45.39
916  60  LYS  N  5.94  -15.964  -1.143  121.46
917  60  LYS  CA  7.191  -15.467  -1.69  57.08
918  60  LYS  C  7.083  -15.398  -3.215  175.73
919  60  LYS  O  7.733  -14.568  -3.849  3.91
920  60  LYS  CB  8.366  -16.312  -1.194  34.81
921  60  LYS  CG  8.885  -15.795  0.149  24.59
922  60  LYS  CD  10.028  -14.798  -0.052  28.75
923  60  LYS  CE  11.372  -15.519  -0.162  42.06
924  60  LYS  NZ  11.595  -15.992  -1.546  6.66
925  60  LYS  H  5.774  -16.792  -1.308  9.14
926  60  LYS  HA  7.32  -14.568  -1.35  4.5
927  60  LYS  HB2  8.088  -17.237  -1.103  1.9
928  60  LYS  HB3  9.081  -16.295  -1.85  1.81
929  60  LYS  HG2  8.162  -15.37  0.637  1.54
930  60  LYS  HG3  9.193  -16.54  0.689  1.43
931  60  LYS  HD2  9.87  -14.278  -0.855  1.7
932  60  LYS  HD3  10.051  -14.174  0.69  1.7
933  60  LYS  HE2  12.089  -14.92  0.1  3.02
934  60  LYS  HE3  11.392  -16.271  0.45  3.02
935  60  LYS  HZ1  12.468  -16.005  -1.719  2.3
936  60  LYS  HZ2  11.264  -16.813  -1.636  7.52
937  60  LYS  HZ3  11.187  -15.444  -2.116  6.85
938  61  SER  N  6.258  -16.28  -3.759  115.73
939  61  SER  CA  6.057  -16.329  -5.197  55.66
940  61  SER  C  4.8  -15.545  -5.577  172.09
941  61  SER  O  4.076  -15.065  -4.706  38.61
942  61  SER  CB  5.95  -17.774  -5.689  64.23
943  61  SER  OG  7.019  -18.12  -6.565  132.61
944  61  SER  H  5.806  -16.857  -3.309  8.07
945  61  SER  HA  6.846  -15.915  -5.58  4.89
946  61  SER  HB2  5.949  -18.375  -4.928  3.97
947  61  SER  HB3  5.104  -17.897  -6.148  3.77
948  61  SER  HG  7.752  -18.072  -6.157  4.09
949  62  PRO  N  4.573  -15.435  -6.913  4.35
950  62  PRO  CA  3.416  -14.716  -7.419  64.81
951  62  PRO  C  2.137  -15.537  -7.234  179
952  62  PRO  O  1.12  -15.013  -6.782  2.67
953  62  PRO  CB  3.735  -14.435  -8.879  31.54
954  62  PRO  CG  4.843  -15.403  -9.257  28
955  62  PRO  CD  5.409  -15.99  -7.974  50.32
956  62  PRO  HA  3.281  -13.898  -6.916  3.23
957  62  PRO  HB2  2.953  -14.566  -9.437  2.17
958  62  PRO  HB3  4.019  -13.516  -9.001  1.79
959  62  PRO  HG2  4.499  -16.107  -9.829  2.11
960  62  PRO  HG3  5.538  -14.947  -9.757  1.81
961  62  PRO  HD2  5.37  -16.959  -7.983  3.79
962  62  PRO  HD3  6.34  -15.744  -7.855  3.72
963  63  SER  N  2.231  -16.809  -7.593  111.66
964  63  SER  CA  1.095  -17.706  -7.472  61.26
965  63  SER  C  0.595  -17.726  -6.026  176.59
966  63  SER  O  -0.61  -17.759  -5.783  4.52
967  63  SER  CB  1.459  -19.121  -7.927  62.01
968  63  SER  OG  1.021  -19.383  -9.257  2.69
969  63  SER  H  2.946  -17.168  -7.909  7.96
970  63  SER  HA  0.416  -17.342  -8.062  4.08
971  63  SER  HB2  2.42  -19.238  -7.875  3.8
972  63  SER  HB3  1.061  -19.767  -7.322  3.8
973  63  SER  HG  1.651  -19.706  -9.709  6.81
974  64  ASP  N  1.547  -17.705  -5.104  121.7
975  64  ASP  CA  1.218  -17.72  -3.689  56.43
976  64  ASP  C  0.275  -16.557  -3.377  178.76
977  64  ASP  O  -0.752  -16.743  -2.725  60.61
978  64  ASP  CB  2.474  -17.554  -2.831  41.61
979  64  ASP  CG  2.469  -18.343  -1.52  5.39
980  64  ASP  OD1  1.419  -18.314  -0.843  1.69
981  64  ASP  OD2  3.517  -18.958  -1.224  1.34
982  64  ASP  H  2.388  -17.682  -5.282  7.84
983  64  ASP  HA  0.807  -18.584  -3.532  4.47
984  64  ASP  HB2  3.245  -17.825  -3.353  3.02
985  64  ASP  HB3  2.587  -16.613  -2.625  2.91
986  65  PHE  N  0.656  -15.382  -3.855  117.07
987  65  PHE  CA  -0.143  -14.189  -3.635  58.21
988  65  PHE  C  -1.53  -14.334  -4.264  177.5
989  65  PHE  O  -2.496  -13.74  -3.788  125.31
990  65  PHE  CB  0.591  -13.028  -4.31  37.39
991  65  PHE  CG  1.811  -12.528  -3.535  173.6
992  65  PHE  CD1  1.749  -12.392  -2.183  130.42
993  65  PHE  CD2  2.958  -12.219  -4.197  130.42
994  65  PHE  CE1  2.881  -11.928  -1.463  130.69
995  65  PHE  CE2  4.091  -11.754  -3.477  130.69
996  65  PHE  CZ  4.028  -11.619  -2.125  129.25
997  65  PHE  H  1.376  -15.259  -4.31  7.62
998  65  PHE  HA  -0.234  -14.077  -2.676  4.49
999  65  PHE  HB2  0.874  -13.307  -5.195  3.54
1000  65  PHE  HB3  -0.028  -12.291  -4.43  3.25
1001  65  PHE  HD1  0.965  -12.603  -1.73  7.07
1002  65  PHE  HD2  3.001  -12.311  -5.121  7.07
1003  65  PHE  HE1  2.838  -11.835  -0.539  6.94
1004  65  PHE  HE2  4.875  -11.543  -3.93  6.94
1005  65  PHE  HZ  4.769  -11.314  -1.653  6.98
1006  66  LEU  N  -1.584  -15.127  -5.324  114.71
1007  66  LEU  CA  -2.837  -15.358  -6.022  56.21
1008  66  LEU  C  -3.79  -16.133  -5.109  176.95
1009  66  LEU  O  -4.975  -16.264  -5.411  33.12
1010  66  LEU  CB  -2.582  -16.042  -7.367  41.55
1011  66  LEU  CG  -1.704  -15.271  -8.356  26.77
1012  66  LEU  CD1  -1.268  -16.168  -9.516  25.04
1013  66  LEU  CD2  -2.41  -14.005  -8.844  22.62
1014  66  LEU  H  -0.904  -15.54  -5.651  7.18
1015  66  LEU  HA  -3.229  -14.491  -6.211  4.18
1016  66  LEU  HB2  -2.17  -16.904  -7.199  1.81
1017  66  LEU  HB3  -3.438  -16.215  -7.789  1.59
1018  66  LEU  HG  -0.899  -14.991  -7.892  1.84
1019  66  LEU  HD11  -0.309  -16.091  -9.642  2.16
1020  66  LEU  HD12  -1.494  -17.09  -9.315  120.46
1021  66  LEU  HD13  -1.724  -15.892  -10.326  53.92
1022  66  LEU  HD21  -2.17  -13.259  -8.272  174.47
1023  66  LEU  HD22  -2.138  -13.814  -9.755  25.58
1024  66  LEU  HD23  -3.37  -14.139  -8.815  34.92
1025  67  ALA  N  -3.236  -16.626  -4.011  117.44
1026  67  ALA  CA  -4.022  -17.384  -3.052  52.66
1027  67  ALA  C  -4.955  -16.434  -2.3  177.04
1028  67  ALA  O  -6.043  -16.828  -1.882  9.04
1029  67  ALA  CB  -3.085  -18.146  -2.114  18.59
1030  67  ALA  H  -2.406  -16.53  -3.806  7.08
1031  67  ALA  HA  -4.555  -18.024  -3.549  4.09
1032  67  ALA  HB1  -3.533  -18.94  -1.783  2.63
1033  67  ALA  HB2  -2.284  -18.405  -2.596  2.43
1034  67  ALA  HB3  -2.843  -17.577  -1.366  54.3
1035  68  PHE  N  -4.495  -15.2  -2.148  118.13
1036  68  PHE  CA  -5.275  -14.191  -1.453  57.15
1037  68  PHE  C  -6.063  -13.329  -2.442  176.13
1038  68  PHE  O  -5.511  -12.412  -3.048  56.05
1039  68  PHE  CB  -4.285  -13.303  -0.697  37.72
1040  68  PHE  CG  -3.339  -14.073  0.227  40.43
1041  68  PHE  CD1  -3.7  -14.323  1.514  132.76
1042  68  PHE  CD2  -2.138  -14.507  -0.239  132.76
1043  68  PHE  CE1  -2.822  -15.037  2.372  130.46
1044  68  PHE  CE2  -1.26  -15.222  0.618  130.46
1045  68  PHE  CZ  -1.62  -15.472  1.905  128.82
1046  68  PHE  H  -3.733  -14.932  -2.443  7.7
1047  68  PHE  HA  -5.894  -14.657  -0.87  4.75
1048  68  PHE  HB2  -3.759  -12.801  -1.339  3.25
1049  68  PHE  HB3  -4.781  -12.657  -0.17  3.02
1050  68  PHE  HD1  -4.522  -14.026  1.833  7.47
1051  68  PHE  HD2  -1.891  -14.336  -1.119  7.47
1052  68  PHE  HE1  -3.068  -15.208  3.252  7.1
1053  68  PHE  HE2  -0.438  -15.519  0.299  7.1
1054  68  PHE  HZ  -1.045  -15.94  2.467  6.91
1055  69  THR  N  -7.34  -13.654  -2.574  113.83
1056  69  THR  CA  -8.209  -12.92  -3.479  60.93
1057  69  THR  C  -9.427  -12.379  -2.728  174.82
1058  69  THR  O  -10.565  -12.625  -3.124  3.86
1059  69  THR  CB  -8.574  -13.848  -4.639  69.28
1060  69  THR  OG1  -9.115  -15.003  -4.004  52.17
1061  69  THR  CG2  -7.342  -14.373  -5.38  21.29
1062  69  THR  H  -7.72  -14.296  -2.147  8.63
1063  69  THR  HA  -7.72  -12.154  -3.819  4.52
1064  69  THR  HB  -9.187  -13.412  -5.252  4.67
1065  69  THR  HG1  -9.8  -14.795  -3.564  4.42
1066  69  THR  HG21  -6.832  -13.625  -5.728  3.7
1067  69  THR  HG22  -6.79  -14.884  -4.767  2.89
1068  69  THR  HG23  -7.624  -14.942  -6.113  3.36
1069  70  ASP  N  -9.146  -11.652  -1.656  121.12
1070  70  ASP  CA  -10.204  -11.074  -0.846  55.92
1071  70  ASP  C  -10.326  -9.582  -1.162  176.51
1072  70  ASP  O  -11.425  -9.03  -1.155  1.77
1073  70  ASP  CB  -9.896  -11.217  0.646  39.89
1074  70  ASP  CG  -8.479  -10.81  1.056  59.11
1075  70  ASP  OD1  -7.538  -11.258  0.365  21.31
1076  70  ASP  OD2  -8.369  -10.06  2.05  11.45
1077  70  ASP  H  -8.347  -11.484  -1.384  9.48
1078  70  ASP  HA  -11.004  -11.57  -1.08  4.43
1079  70  ASP  HB2  -10.53  -10.679  1.146  2.84
1080  70  ASP  HB3  -10.041  -12.14  0.906  2.7
1081  71  MET  N  -9.182  -8.972  -1.433  118.32
1082  71  MET  CA  -9.146  -7.555  -1.752  54.5
1083  71  MET  C  -8.473  -7.314  -3.105  174.05
1084  71  MET  O  -7.633  -6.424  -3.234  46.3
1085  71  MET  CB  -8.381  -6.805  -0.66  31.89
1086  71  MET  CG  -8.986  -7.077  0.719  32.87
1087  71  MET  SD  -8  -6.295  1.984  7.76
1088  71  MET  CE  -8.083  -4.598  1.437  17.29
1089  71  MET  H  -8.417  -9.364  -1.436  8.81
1090  71  MET  HA  -10.073  -7.273  -1.791  4.52
1091  71  MET  HB2  -7.45  -7.076  -0.668  2.3
1092  71  MET  HB3  -8.401  -5.852  -0.842  1.64
1093  71  MET  HG2  -9.895  -6.742  0.754  2.61
1094  71  MET  HG3  -9.031  -8.033  0.877  2.15
1095  71  MET  HE1  -8.837  -4.488  0.837  1.77
1096  71  MET  HE2  -8.193  -4.015  2.204  2.98
1097  71  MET  HE3  -7.264  -4.368  0.971  119.53
1098  72  ALA  N  -8.866  -8.122  -4.078  119.84
1099  72  ALA  CA  -8.311  -8.007  -5.416  53.14
1100  72  ALA  C  -9.231  -7.135  -6.272  178.26
1101  72  ALA  O  -8.761  -6.362  -7.105  2.63
1102  72  ALA  CB  -8.115  -9.404  -6.008  19.87
1103  72  ALA  H  -9.454  -8.742  -3.98  7.08
1104  72  ALA  HA  -7.446  -7.575  -5.341  4.33
1105  72  ALA  HB1  -8.805  -9.998  -5.673  3.82
1106  72  ALA  HB2  -8.172  -9.356  -6.975  64.6
1107  72  ALA  HB3  -7.244  -9.745  -5.753  8.96
1108  73  ASP  N  -10.526  -7.288  -6.038  121.21
1109  73  ASP  CA  -11.516  -6.524  -6.777  50.94
1110  73  ASP  C  -11.372  -5.041  -6.431  174.79
1111  73  ASP  O  -11.431  -4.664  -5.262  3.72
1112  73  ASP  CB  -12.936  -6.959  -6.409  41.43
1113  73  ASP  CG  -14.047  -6.309  -7.235  118.46
1114  73  ASP  OD1  -14.127  -6.639  -8.438  53.21
1115  73  ASP  OD2  -14.791  -5.496  -6.646  175.16
1116  73  ASP  H  -10.848  -7.83  -5.454  8.05
1117  73  ASP  HA  -11.333  -6.706  -7.712  4.84
1118  73  ASP  HB2  -13  -7.922  -6.507  3
1119  73  ASP  HB3  -13.088  -6.759  -5.472  2.66
1120  74  PRO  N  -11.18  -4.218  -7.497  4.67
1121  74  PRO  CA  -11.026  -2.784  -7.318  63.71
1122  74  PRO  C  -12.371  -2.124  -7.006  177.34
1123  74  PRO  O  -12.414  -0.988  -6.536  4.55
1124  74  PRO  CB  -10.408  -2.289  -8.615  32.95
1125  74  PRO  CG  -10.666  -3.379  -9.642  26.85
1126  74  PRO  CD  -11.104  -4.629  -8.896  50.92
1127  74  PRO  HA  -10.457  -2.6  -6.555  4.14
1128  74  PRO  HB2  -10.807  -1.449  -8.892  2.38
1129  74  PRO  HB3  -9.457  -2.131  -8.508  1.98
1130  74  PRO  HG2  -11.352  -3.1  -10.269  2.06
1131  74  PRO  HG3  -9.865  -3.555  -10.159  1.98
1132  74  PRO  HD2  -11.962  -4.949  -9.216  4.09
1133  74  PRO  HD3  -10.469  -5.352  -9.016  4.09
1134  75  ASN  N  -13.435  -2.863  -7.281  112.6
1135  75  ASN  CA  -14.777  -2.364  -7.036  52.74
1136  75  ASN  C  -15.233  -2.802  -5.642  174.65
1137  75  ASN  O  -16.289  -2.382  -5.171  1.74
1138  75  ASN  CB  -15.769  -2.926  -8.056  39.44
1139  75  ASN  CG  -16.108  -1.883  -9.123  132.86
1140  75  ASN  OD1  -17.181  -1.303  -9.142  132.86
1141  75  ASN  ND2  -15.136  -1.677  -10.007  115.94
1142  75  ASN  H  -13.397  -3.657  -7.61  8.3
1143  75  ASN  HA  -14.709  -1.4  -7.118  4.79
1144  75  ASN  HB2  -15.393  -3.714  -8.478  2.93
1145  75  ASN  HB3  -16.58  -3.205  -7.604  2.76
1146  75  ASN  HD21  -14.399  -2.115  -9.944  8.01
1147  75  ASN  HD22  -15.244  -1.106  -10.641  7.09
1148  76  LEU  N  -14.415  -3.64  -5.023  123.43
1149  76  LEU  CA  -14.721  -4.139  -3.693  55.56
1150  76  LEU  C  -14.447  -3.04  -2.665  176.26
1151  76  LEU  O  -13.499  -2.271  -2.811  132.74
1152  76  LEU  CB  -13.962  -5.439  -3.421  43.11
1153  76  LEU  CG  -13.844  -5.852  -1.953  26.36
1154  76  LEU  CD1  -14.623  -7.141  -1.682  26.31
1155  76  LEU  CD2  -12.377  -5.97  -1.533  24.9
1156  76  LEU  H  -13.678  -3.929  -5.359  7.32
1157  76  LEU  HA  -15.668  -4.35  -3.673  4.11
1158  76  LEU  HB2  -14.4  -6.156  -3.906  1.83
1159  76  LEU  HB3  -13.068  -5.354  -3.788  1.6
1160  76  LEU  HG  -14.244  -5.156  -1.408  1.62
1161  76  LEU  HD11  -14.526  -7.387  -0.749  6.95
1162  76  LEU  HD12  -15.561  -7  -1.884  6.78
1163  76  LEU  HD13  -14.274  -7.853  -2.241  6.78
1164  76  LEU  HD21  -11.831  -6.155  -2.313  112.93
1165  76  LEU  HD22  -12.09  -5.137  -1.127  123.39
1166  76  LEU  HD23  -12.282  -6.691  -0.892  62.28
1167  77  ARG  N  -15.295  -3.002  -1.647  124.69
1168  77  ARG  CA  -15.155  -2.01  -0.594  55.86
1169  77  ARG  C  -14.506  -2.635  0.642  179.47
1170  77  ARG  O  -14.704  -3.817  0.921  7.85
1171  77  ARG  CB  -16.515  -1.424  -0.207  30.78
1172  77  ARG  CG  -17.079  -0.556  -1.333  28.2
1173  77  ARG  CD  -18.599  -0.424  -1.215  43.68
1174  77  ARG  NE  -19.101  0.551  -2.208  3.68
1175  77  ARG  CZ  -19.279  0.275  -3.507  47.04
1176  77  ARG  NH1  -18.996  -0.947  -3.978  174.87
1177  77  ARG  NH2  -19.739  1.222  -4.336  175.81
1178  77  ARG  H  -15.956  -3.544  -1.551  8.71
1179  77  ARG  HA  -14.589  -1.321  -0.976  4.61
1180  77  ARG  HB2  -17.135  -2.142  -0.005  1.82
1181  77  ARG  HB3  -16.423  -0.894  0.6  1.82
1182  77  ARG  HG2  -16.671  0.324  -1.304  1.83
1183  77  ARG  HG3  -16.851  -0.946  -2.192  1.68
1184  77  ARG  HD2  -19.018  -1.287  -1.357  3.26
1185  77  ARG  HD3  -18.837  -0.137  -0.32  3.18
1186  77  ARG  HE  -19.291  1.344  -1.935  22.97
1187  77  ARG  HH11  -18.7  -1.555  -3.447  8.65
1188  77  ARG  HH12  -19.11  -1.123  -4.812  4.25
1189  77  ARG  HH21  -19.921  2.006  -4.034  1.57
1190  77  ARG  HH22  -19.853  1.046  -5.17  0.84
1191  78  ILE  N  -13.743  -1.815  1.349  119.74
1192  78  ILE  CA  -13.063  -2.272  2.549  65.76
1193  78  ILE  C  -14.101  -2.74  3.571  177.77
1194  78  ILE  O  -13.796  -3.549  4.445  2.77
1195  78  ILE  CB  -12.124  -1.188  3.079  36.69
1196  78  ILE  CG1  -12.899  0.08  3.442  25.78
1197  78  ILE  CG2  -10.996  -0.905  2.084  17.31
1198  78  ILE  CD  -12.101  0.952  4.413  123.13
1199  78  ILE  H  -13.609  -0.99  1.148  9.16
1200  78  ILE  HA  -12.513  -3.031  2.3  3.9
1201  78  ILE  HB  -11.711  -1.514  3.894  2.12
1202  78  ILE  HG12  -13.097  0.585  2.637  1.44
1203  78  ILE  HG13  -13.749  -0.16  3.842  1.44
1204  78  ILE  HG21  -10.682  0.005  2.201  120.93
1205  78  ILE  HG22  -10.264  -1.522  2.241  57.23
1206  78  ILE  HG23  -11.327  -1.018  1.179  8.07
1207  78  ILE  HD11  -11.126  1.179  3.981  5.12
1208  78  ILE  HD12  -12.642  1.881  4.597  2.49
1209  78  ILE  HD13  -11.965  0.418  5.354  2.49
1210  79  SER  N  -15.307  -2.21  3.427  116.3
1211  79  SER  CA  -16.392  -2.563  4.327  59.94
1212  79  SER  C  -16.591  -4.08  4.337  178.24
1213  79  SER  O  -17.17  -4.628  5.274  3.86
1214  79  SER  CB  -17.691  -1.86  3.927  61.61
1215  79  SER  OG  -18.524  -1.597  5.052  126.62
1216  79  SER  H  -15.514  -1.644  2.813  8.22
1217  79  SER  HA  -16.113  -2.251  5.202  4.37
1218  79  SER  HB2  -17.481  -1.026  3.478  4.02
1219  79  SER  HB3  -18.172  -2.412  3.291  3.98
1220  79  SER  HG  -18.096  -1.166  5.632  2.99
1221  80  SER  N  -16.1  -4.716  3.284  120.36
1222  80  SER  CA  -16.216  -6.159  3.16  61.08
1223  80  SER  C  -15.531  -6.844  4.344  174.22
1224  80  SER  O  -15.983  -7.889  4.809  116.87
1225  80  SER  CB  -15.613  -6.649  1.842  63.05
1226  80  SER  OG  -15.649  -8.07  1.733  176.2
1227  80  SER  H  -15.696  -4.327  2.632  8.15
1228  80  SER  HA  -17.169  -6.341  3.166  4.46
1229  80  SER  HB2  -16.098  -6.257  1.099  4.17
1230  80  SER  HB3  -14.695  -6.344  1.773  4.1
1231  80  SER  HG  -16.442  -8.33  1.639  20.23
1232  81  LEU  N  -14.45  -6.226  4.798  120.42
1233  81  LEU  CA  -13.697  -6.763  5.919  53.89
1234  81  LEU  C  -13.981  -5.924  7.167  175.58
1235  81  LEU  O  -13.72  -6.361  8.286  1
1236  81  LEU  CB  -12.211  -6.861  5.569  42.35
1237  81  LEU  CG  -11.865  -6.771  4.081  26.76
1238  81  LEU  CD1  -10.368  -6.526  3.88  26.3
1239  81  LEU  CD2  -12.348  -8.014  3.33  22.66
1240  81  LEU  H  -14.139  -5.496  4.468  7.4
1241  81  LEU  HA  -14.015  -7.666  6.077  4.54
1242  81  LEU  HB2  -11.739  -6.153  6.035  1.79
1243  81  LEU  HB3  -11.871  -7.702  5.912  1.79
1244  81  LEU  HG  -12.333  -6.009  3.705  1.61
1245  81  LEU  HD11  -9.979  -7.275  3.402  175.91
1246  81  LEU  HD12  -10.24  -5.713  3.367  33.28
1247  81  LEU  HD13  -9.936  -6.434  4.744  33.72
1248  81  LEU  HD21  -12.926  -7.745  2.598  25.68
1249  81  LEU  HD22  -11.583  -8.496  2.978  29.55
1250  81  LEU  HD23  -12.841  -8.587  3.938  42.15
1251  82  ASN  N  -14.511  -4.732  6.931  113.84
1252  82  ASN  CA  -14.833  -3.828  8.022  54.11
1253  82  ASN  C  -13.538  -3.339  8.673  174.08
1254  82  ASN  O  -13.181  -3.782  9.763  1.81
1255  82  ASN  CB  -15.664  -4.533  9.095  36.86
1256  82  ASN  CG  -17.097  -3.997  9.12  1.46
1257  82  ASN  OD1  -17.968  -4.444  8.393  1.56
1258  82  ASN  ND2  -17.291  -3.014  9.996  112.86
1259  82  ASN  H  -14.691  -4.432  6.145  8.04
1260  82  ASN  HA  -15.338  -3.107  7.614  4.4
1261  82  ASN  HB2  -15.676  -5.488  8.925  3.08
1262  82  ASN  HB3  -15.253  -4.406  9.964  2.9
1263  82  ASN  HD21  -16.639  -2.738  10.484  7.58
1264  82  ASN  HD22  -18.069  -2.656  10.074  6.86
1265  83  LEU  N  -12.869  -2.432  7.976  117.47
1266  83  LEU  CA  -11.62  -1.878  8.473  54.2
1267  83  LEU  C  -11.889  -0.51  9.102  174.96
1268  83  LEU  O  -12.336  0.413  8.422  2.5
1269  83  LEU  CB  -10.568  -1.848  7.362  41.64
1270  83  LEU  CG  -10.26  -3.19  6.694  26.1
1271  83  LEU  CD1  -9.762  -4.211  7.718  25.53
1272  83  LEU  CD2  -11.472  -3.705  5.914  23.32
1273  83  LEU  H  -13.125  -2.127  7.214  7.23
1274  83  LEU  HA  -11.291  -2.475  9.163  4.39
1275  83  LEU  HB2  -10.863  -1.226  6.678  1.67
1276  83  LEU  HB3  -9.744  -1.494  7.731  1.02
1277  83  LEU  HG  -9.544  -3.054  6.054  1.59
1278  83  LEU  HD11  -9.008  -4.698  7.35  1.23
1279  83  LEU  HD12  -9.486  -3.751  8.526  1.46
1280  83  LEU  HD13  -10.476  -4.833  7.929  1.66
1281  83  LEU  HD21  -12.076  -4.163  6.519  1.62
1282  83  LEU  HD22  -11.933  -2.958  5.502  2.92
1283  83  LEU  HD23  -11.175  -4.32  5.225  2.92
1284  84  ALA  N  -11.606  -0.422  10.393  124.29
1285  84  ALA  CA  -11.811  0.818  11.122  50.44
1286  84  ALA  C  -10.454  1.412  11.502  175.61
1287  84  ALA  O  -9.421  0.763  11.341  124.84
1288  84  ALA  CB  -12.695  0.553  12.343  21.31
1289  84  ALA  H  -11.294  -1.071  10.863  8.34
1290  84  ALA  HA  -12.272  1.434  10.531  4.31
1291  84  ALA  HB1  -12.272  0.923  13.134  37.85
1292  84  ALA  HB2  -13.56  0.971  12.212  55
1293  84  ALA  HB3  -12.811  -0.403  12.456  130.96
1294  85  HSE  N  -10.499  2.639  12.001  117.58
1295  85  HSE  CA  -9.285  3.328  12.406  58.44
1296  85  HSE  C  -8.591  2.535  13.515  177.34
1297  85  HSE  O  -8.783  2.817  14.697  129.05
1298  85  HSE  CB  -9.589  4.772  12.809  30.91
1299  85  HSE  CG  -8.362  5.641  12.95  4.35
1300  85  HSE  ND1  -8.359  6.99  12.639  3.48
1301  85  HSE  CD2  -7.1  5.34  13.371  118.13
1302  85  HSE  CE1  -7.145  7.469  12.866  138.75
1303  85  HSE  NE2  -6.366  6.445  13.319  7.28
1304  85  HSE  H  -11.343  3.16  12.129  8.49
1305  85  HSE  HA  -8.635  3.357  11.531  4.53
1306  85  HSE  HB2  -10.252  5.214  12.066  3.15
1307  85  HSE  HB3  -10.129  4.768  13.756  3.07
1308  85  HSE  HD1  -9.141  7.514  12.302  50.63
1309  85  HSE  HD2  -6.753  4.359  13.694  6.99
1310  85  HSE  HE1  -6.825  8.5  12.718  7.81
1311  86  GLY  N  -7.8  1.559  13.095  114.65
1312  86  GLY  CA  -7.076  0.724  14.038  44.89
1313  86  GLY  C  -6.851  -0.678  13.469  174.58
1314  86  GLY  O  -5.818  -1.297  13.722  28.96
1315  86  GLY  H  -7.67  1.368  12.267  9.08
1316  86  GLY  HA2  -6.222  1.132  14.248  4.11
1317  86  GLY  HA3  -7.573  0.664  14.869  3.33
1318  87  SER  N  -7.834  -1.139  12.709  117.88
1319  87  SER  CA  -7.756  -2.456  12.101  60.55
1320  87  SER  C  -6.346  -2.701  11.561  170.45
1321  87  SER  O  -5.57  -1.761  11.394  30.96
1322  87  SER  CB  -8.787  -2.608  10.981  63.79
1323  87  SER  OG  -10.099  -2.253  11.411  1.64
1324  87  SER  H  -8.553  -0.701  12.536  8.52
1325  87  SER  HA  -7.961  -3.081  12.814  4.36
1326  87  SER  HB2  -8.533  -2.049  10.23  4.03
1327  87  SER  HB3  -8.788  -3.525  10.666  3.87
1328  87  SER  HG  -10.623  -2.9  11.298  1.94
1329  88  MET  N  -6.057  -3.968  11.303  120.89
1330  88  MET  CA  -4.754  -4.347  10.785  53.93
1331  88  MET  C  -4.878  -4.977  9.396  173.89
1332  88  MET  O  -5.9  -5.581  9.074  7.3
1333  88  MET  CB  -4.095  -5.344  11.741  34.78
1334  88  MET  CG  -2.828  -5.939  11.124  31
1335  88  MET  SD  -1.595  -4.666  10.913  57.42
1336  88  MET  CE  -0.434  -5.144  12.181  16.55
1337  88  MET  H  -6.605  -4.62  11.422  8.3
1338  88  MET  HA  -4.246  -3.523  10.729  5.1
1339  88  MET  HB2  -3.875  -4.9  12.575  1.7
1340  88  MET  HB3  -4.72  -6.055  11.954  1.7
1341  88  MET  HG2  -2.482  -6.643  11.694  1.87
1342  88  MET  HG3  -3.035  -6.345  10.268  1.87
1343  88  MET  HE1  0.291  -5.65  11.782  118.44
1344  88  MET  HE2  -0.077  -4.35  12.609  33.36
1345  88  MET  HE3  -0.885  -5.692  12.842  21.54
1346  89  VAL  N  -3.823  -4.815  8.611  120.77
1347  89  VAL  CA  -3.801  -5.361  7.265  59.93
1348  89  VAL  C  -2.362  -5.717  6.887  171.89
1349  89  VAL  O  -1.417  -5.267  7.533  2.54
1350  89  VAL  CB  -4.448  -4.375  6.29  35
1351  89  VAL  CG1  -4.207  -4.799  4.84  22.06
1352  89  VAL  CG2  -5.944  -4.224  6.575  22.03
1353  89  VAL  H  -3.111  -4.392  8.843  8.49
1354  89  VAL  HA  -4.333  -6.172  7.269  4.01
1355  89  VAL  HB  -4.031  -3.509  6.421  1.73
1356  89  VAL  HG11  -4.72  -4.229  4.247  44.44
1357  89  VAL  HG12  -3.263  -4.715  4.632  174.16
1358  89  VAL  HG13  -4.483  -5.721  4.722  176.88
1359  89  VAL  HG21  -6.365  -5.098  6.564  9.15
1360  89  VAL  HG22  -6.068  -3.817  7.447  5.12
1361  89  VAL  HG23  -6.348  -3.661  5.896  3.58
1362  90  TYR  N  -2.241  -6.523  5.842  122.72
1363  90  TYR  CA  -0.933  -6.945  5.37  57.03
1364  90  TYR  C  -0.753  -6.619  3.886  172.86
1365  90  TYR  O  -1.564  -7.025  3.056  5.04
1366  90  TYR  CB  -0.887  -8.463  5.556  39.3
1367  90  TYR  CG  -0.942  -8.913  7.017  21.5
1368  90  TYR  CD1  0.212  -8.939  7.775  132.78
1369  90  TYR  CD2  -2.144  -9.293  7.578  132.78
1370  90  TYR  CE1  0.16  -9.363  9.15  116.98
1371  90  TYR  CE2  -2.196  -9.717  8.953  116.98
1372  90  TYR  CZ  -1.041  -9.731  9.671  28.35
1373  90  TYR  OH  -1.09  -10.131  10.97  41.3
1374  90  TYR  H  -2.906  -6.834  5.395  8.7
1375  90  TYR  HA  -0.261  -6.468  5.882  5.19
1376  90  TYR  HB2  -1.631  -8.861  5.077  2.63
1377  90  TYR  HB3  -0.074  -8.805  5.152  2.51
1378  90  TYR  HD1  1.022  -8.683  7.397  6.81
1379  90  TYR  HD2  -2.921  -9.275  7.067  6.81
1380  90  TYR  HE1  0.93  -9.385  9.67  6.64
1381  90  TYR  HE2  -3.001  -9.975  9.341  6.64
1382  90  TYR  HH  -0.335  -10.405  11.215  35.49
1383  91  LEU  N  0.314  -5.888  3.598  122.68
1384  91  LEU  CA  0.61  -5.503  2.229  52.75
1385  91  LEU  C  1.658  -6.456  1.651  173.64
1386  91  LEU  O  2.433  -7.056  2.394  4.35
1387  91  LEU  CB  1.015  -4.029  2.163  46.75
1388  91  LEU  CG  1.481  -3.522  0.796  28.05
1389  91  LEU  CD1  0.288  -3.225  -0.114  23.86
1390  91  LEU  CD2  2.404  -2.312  0.946  26.74
1391  91  LEU  H  0.877  -5.608  4.185  8.42
1392  91  LEU  HA  -0.208  -5.599  1.717  5.17
1393  91  LEU  HB2  0.259  -3.491  2.447  1.22
1394  91  LEU  HB3  1.727  -3.879  2.804  1.04
1395  91  LEU  HG  1.997  -4.225  0.372  1.27
1396  91  LEU  HD11  0.068  -4.017  -0.629  174.58
1397  91  LEU  HD12  -0.475  -2.969  0.427  4.08
1398  91  LEU  HD13  0.514  -2.499  -0.717  34.23
1399  91  LEU  HD21  2.033  -1.701  1.602  20.96
1400  91  LEU  HD22  3.28  -2.608  1.239  20.47
1401  91  LEU  HD23  2.484  -1.858  0.092  8.1
1402  92  ALA  N  1.649  -6.564  0.331  128.08
1403  92  ALA  CA  2.589  -7.434  -0.355  50.36
1404  92  ALA  C  2.747  -6.966  -1.804  173.67
1405  92  ALA  O  1.774  -6.925  -2.556  2.49
1406  92  ALA  CB  2.108  -8.883  -0.261  21.72
1407  92  ALA  H  1.104  -6.142  -0.183  9.08
1408  92  ALA  HA  3.444  -7.358  0.096  4.48
1409  92  ALA  HB1  2.465  -9.29  0.544  57.36
1410  92  ALA  HB2  1.139  -8.9  -0.229  121.65
1411  92  ALA  HB3  2.414  -9.377  -1.037  54.21
1412  93  TYR  N  3.979  -6.624  -2.151  114.67
1413  93  TYR  CA  4.276  -6.161  -3.495  55.03
1414  93  TYR  C  5.516  -6.861  -4.055  174.1
1415  93  TYR  O  6.357  -7.342  -3.297  33.2
1416  93  TYR  CB  4.564  -4.663  -3.371  41.19
1417  93  TYR  CG  5.649  -4.321  -2.348  8.13
1418  93  TYR  CD1  5.319  -4.16  -1.018  133.7
1419  93  TYR  CD2  6.959  -4.173  -2.756  133.7
1420  93  TYR  CE1  6.34  -3.837  -0.056  117.78
1421  93  TYR  CE2  7.981  -3.85  -1.794  117.78
1422  93  TYR  CZ  7.621  -3.699  -0.491  1.77
1423  93  TYR  OH  8.586  -3.394  0.417  2.29
1424  93  TYR  H  4.654  -6.656  -1.619  8.25
1425  93  TYR  HA  3.514  -6.368  -4.059  5.56
1426  93  TYR  HB2  4.83  -4.321  -4.239  2.69
1427  93  TYR  HB3  3.745  -4.205  -3.124  2.69
1428  93  TYR  HD1  4.436  -4.26  -0.743  6.63
1429  93  TYR  HD2  7.182  -4.281  -3.652  6.63
1430  93  TYR  HE1  6.129  -3.726  0.843  6.65
1431  93  TYR  HE2  8.867  -3.749  -2.058  6.65
1432  93  TYR  HH  8.868  -4.096  0.782  9
1433  94  GLU  N  5.59  -6.896  -5.377  120.52
1434  94  GLU  CA  6.713  -7.53  -6.047  54.95
1435  94  GLU  C  7.748  -6.48  -6.456  175.96
1436  94  GLU  O  7.395  -5.343  -6.767  21.49
1437  94  GLU  CB  6.244  -8.338  -7.259  32.22
1438  94  GLU  CG  6.236  -7.476  -8.523  36.76
1439  94  GLU  CD  5.563  -8.212  -9.684  174.13
1440  94  GLU  OE1  4.866  -9.208  -9.396  172.11
1441  94  GLU  OE2  5.762  -7.761  -10.833  42.73
1442  94  GLU  H  4.998  -6.558  -5.902  7.87
1443  94  GLU  HA  7.097  -8.133  -5.392  4.55
1444  94  GLU  HB2  6.827  -9.102  -7.388  2.06
1445  94  GLU  HB3  5.353  -8.686  -7.095  1.9
1446  94  GLU  HG2  5.769  -6.644  -8.349  2.27
1447  94  GLU  HG3  7.146  -7.244  -8.766  2.2
1448  95  GLY  N  9.005  -6.898  -6.442  109.47
1449  95  GLY  CA  10.094  -6.008  -6.808  44.94
1450  95  GLY  C  10.314  -4.941  -5.734  172.78
1451  95  GLY  O  10.611  -5.264  -4.584  2.83
1452  95  GLY  H  9.245  -7.694  -6.224  8.62
1453  95  GLY  HA2  10.908  -6.521  -6.931  4.17
1454  95  GLY  HA3  9.896  -5.582  -7.656  3.86
1455  96  GLU  N  10.16  -3.691  -6.146  117.45
1456  96  GLU  CA  10.338  -2.575  -5.233  54.81
1457  96  GLU  C  9.305  -1.483  -5.522  177.18
1458  96  GLU  O  8.435  -1.657  -6.373  51.33
1459  96  GLU  CB  11.761  -2.019  -5.318  32.42
1460  96  GLU  CG  12.055  -1.475  -6.717  35.95
1461  96  GLU  CD  12.478  -0.006  -6.657  40.87
1462  96  GLU  OE1  11.993  0.686  -5.736  114.36
1463  96  GLU  OE2  13.275  0.391  -7.533  8.35
1464  96  GLU  H  9.952  -3.472  -6.951  8.27
1465  96  GLU  HA  10.192  -2.941  -4.347  4.84
1466  96  GLU  HB2  11.876  -1.313  -4.662  2.16
1467  96  GLU  HB3  12.398  -2.716  -5.097  1.86
1468  96  GLU  HG2  12.758  -2.001  -7.131  2.32
1469  96  GLU  HG3  11.267  -1.566  -7.275  2.28
1470  97  ARG  N  9.436  -0.383  -4.796  122.05
1471  97  ARG  CA  8.525  0.737  -4.963  56.66
1472  97  ARG  C  8.982  1.624  -6.123  176.67
1473  97  ARG  O  9.797  1.208  -6.945  176.5
1474  97  ARG  CB  8.445  1.577  -3.688  30.6
1475  97  ARG  CG  8.645  0.708  -2.445  27.82
1476  97  ARG  CD  8.144  1.423  -1.189  43.41
1477  97  ARG  NE  9.217  1.472  -0.171  114.09
1478  97  ARG  CZ  10.273  2.296  -0.232  84.74
1479  97  ARG  NH1  10.402  3.144  -1.261  0.87
1480  97  ARG  NH2  11.198  2.271  0.737  0.95
1481  97  ARG  H  10.048  -0.268  -4.202  8.88
1482  97  ARG  HA  7.665  0.331  -5.152  4.45
1483  97  ARG  HB2  9.12  2.273  -3.712  1.82
1484  97  ARG  HB3  7.583  2.02  -3.642  1.68
1485  97  ARG  HG2  8.171  -0.132  -2.554  1.67
1486  97  ARG  HG3  9.585  0.493  -2.344  1.31
1487  97  ARG  HD2  7.858  2.323  -1.412  3.17
1488  97  ARG  HD3  7.37  0.961  -0.831  2.87
1489  97  ARG  HE  9.16  0.938  0.501  6.07
1490  97  ARG  HH11  9.808  3.16  -1.883  7.39
1491  97  ARG  HH12  11.079  3.673  -1.3  53.72
1492  97  ARG  HH21  11.115  1.727  1.398  173.18
1493  97  ARG  HH22  11.876  2.799  0.697  127.56
1494  98  THR  N  8.437  2.832  -6.152  116.29
1495  98  THR  CA  8.779  3.782  -7.198  61.95
1496  98  THR  C  9.321  5.075  -6.586  173.73
1497  98  THR  O  9.67  5.11  -5.407  177.79
1498  98  THR  CB  7.538  3.994  -8.067  69.39
1499  98  THR  OG1  6.506  4.297  -7.132  19.43
1500  98  THR  CG2  7.065  2.703  -8.738  21.73
1501  98  THR  H  7.868  3.117  -5.574  8.64
1502  98  THR  HA  9.49  3.401  -7.737  4.27
1503  98  THR  HB  7.691  4.691  -8.724  4.16
1504  98  THR  HG1  5.792  4.473  -7.538  3.61
1505  98  THR  HG21  6.234  2.87  -9.21  104.13
1506  98  THR  HG22  7.738  2.4  -9.367  45.14
1507  98  THR  HG23  6.923  2.021  -8.063  171.56
1508  99  ILE  N  9.376  6.106  -7.416  122.41
1509  99  ILE  CA  9.87  7.398  -6.972  60.57
1510  99  ILE  C  8.688  8.346  -6.758  175.93
1511  99  ILE  O  7.786  8.417  -7.591  3.97
1512  99  ILE  CB  10.92  7.935  -7.947  38.64
1513  99  ILE  CG1  12.033  6.91  -8.173  27.17
1514  99  ILE  CG2  11.468  9.283  -7.476  17.36
1515  99  ILE  CD  12.168  6.565  -9.658  8.47
1516  99  ILE  H  9.13  6.075  -8.239  8.1
1517  99  ILE  HA  10.313  7.263  -6.12  4.15
1518  99  ILE  HB  10.49  8.084  -8.804  1.8
1519  99  ILE  HG12  12.874  7.262  -7.842  1.14
1520  99  ILE  HG13  11.843  6.105  -7.667  1.43
1521  99  ILE  HG21  12.434  9.232  -7.406  4.01
1522  99  ILE  HG22  11.227  9.972  -8.115  61.43
1523  99  ILE  HG23  11.092  9.5  -6.609  175.83
1524  99  ILE  HD11  12.889  5.756  -9.779  41.42
1525  99  ILE  HD12  11.199  6.249  -10.047  62.83
1526  99  ILE  HD13  12.511  7.442  -10.205  111.9
1527  100  ARG  N  8.731  9.051  -5.637  126.16
1528  100  ARG  CA  7.674  9.991  -5.303  56.28
1529  100  ARG  C  7.924  11.336  -5.989  176.49
1530  100  ARG  O  8.967  11.535  -6.61  9.07
1531  100  ARG  CB  7.586  10.206  -3.791  30.79
1532  100  ARG  CG  8.851  10.881  -3.258  27.13
1533  100  ARG  CD  9.314  10.228  -1.954  43.26
1534  100  ARG  NE  10.502  10.936  -1.428  62
1535  100  ARG  CZ  11.733  10.825  -1.945  177.39
1536  100  ARG  NH1  11.945  10.035  -3.006  0.87
1537  100  ARG  NH2  12.752  11.505  -1.402  32.56
1538  100  ARG  H  9.365  8.996  -5.058  8.56
1539  100  ARG  HA  6.861  9.577  -5.632  4.3
1540  100  ARG  HB2  6.812  10.752  -3.584  1.84
1541  100  ARG  HB3  7.459  9.354  -3.346  1.75
1542  100  ARG  HG2  9.557  10.823  -3.921  1.65
1543  100  ARG  HG3  8.68  11.824  -3.109  1.61
1544  100  ARG  HD2  8.598  10.251  -1.3  3.19
1545  100  ARG  HD3  9.527  9.294  -2.109  3.19
1546  100  ARG  HE  10.396  11.45  -0.747  7.21
1547  100  ARG  HH11  11.291  9.599  -3.355  114.58
1548  100  ARG  HH12  12.735  9.965  -3.339  57.29
1549  100  ARG  HH21  12.616  12.012  -0.721  176.16
1550  100  ARG  HH22  13.542  11.434  -1.734  3.94
1551  101  GLY  N  6.95  12.223  -5.853  110.7
1552  101  GLY  CA  7.051  13.543  -6.452  45.17
1553  101  GLY  C  5.711  14.278  -6.389  173.78
1554  101  GLY  O  4.659  13.678  -6.605  4.86
1555  101  GLY  H  6.223  12.077  -5.418  8.51
1556  101  GLY  HA2  7.73  14.06  -5.99  4.01
1557  101  GLY  HA3  7.336  13.462  -7.376  4.01
1558  102  SER  N  5.793  15.567  -6.091  115.14
1559  102  SER  CA  4.599  16.39  -5.997  58.22
1560  102  SER  C  4.988  17.867  -5.907  174.43
1561  102  SER  O  5.916  18.226  -5.183  7.75
1562  102  SER  CB  3.749  15.991  -4.789  63.98
1563  102  SER  OG  2.549  16.755  -4.705  112.38
1564  102  SER  H  6.532  15.98  -5.941  8.28
1565  102  SER  HA  4.103  16.217  -6.813  4.51
1566  102  SER  HB2  3.527  15.049  -4.849  3.9
1567  102  SER  HB3  4.266  16.11  -3.977  3.9
1568  102  SER  HG  2.731  17.56  -4.549  2.38
1569  103  GLY  N  4.259  18.684  -6.653  110.38
1570  103  GLY  CA  4.517  20.114  -6.667  44.55
1571  103  GLY  C  3.208  20.907  -6.688  171.61
1572  103  GLY  O  2.626  21.123  -7.749  124.36
1573  103  GLY  H  3.612  18.427  -7.158  8.35
1574  103  GLY  HA2  5.036  20.361  -5.885  4.14
1575  103  GLY  HA3  5.049  20.343  -7.445  4.14
1576  104  PRO  N  2.772  21.328  -5.47  4.33
1577  104  PRO  CA  1.543  22.092  -5.338  63.18
1578  104  PRO  C  1.741  23.535  -5.806  177.14
1579  104  PRO  O  2.613  24.241  -5.301  5.17
1580  104  PRO  CB  1.172  21.989  -3.868  32.08
1581  104  PRO  CG  2.442  21.569  -3.146  27.04
1582  104  PRO  CD  3.436  21.09  -4.192  49.65
1583  104  PRO  HA  0.853  21.721  -5.91  4.48
1584  104  PRO  HB2  0.846  22.839  -3.532  2.3
1585  104  PRO  HB3  0.464  21.34  -3.733  1.98
1586  104  PRO  HG2  2.809  22.313  -2.643  2.02
1587  104  PRO  HG3  2.253  20.862  -2.509  2.02
1588  104  PRO  HD2  4.272  21.579  -4.132  3.63
1589  104  PRO  HD3  3.647  20.151  -4.074  3.63
1590  105  SER  N  0.918  23.931  -6.765  116
1591  105  SER  CA  0.992  25.278  -7.306  58.27
1592  105  SER  C  -0.417  25.83  -7.53  174.39
1593  105  SER  O  -1.281  25.138  -8.067  2.08
1594  105  SER  CB  1.786  25.303  -8.614  63.82
1595  105  SER  OG  1.982  26.63  -9.094  125.55
1596  105  SER  H  0.31  23.432  -7.113  8.54
1597  105  SER  HA  1.459  25.8  -6.635  4.75
1598  105  SER  HB2  2.648  24.879  -8.476  4.03
1599  105  SER  HB3  1.318  24.783  -9.286  3.87
1600  105  SER  HG  2.795  26.837  -9.045  26.12
1601  106  SER  N  -0.606  27.071  -7.108  117.45
1602  106  SER  CA  -1.896  27.724  -7.255  58.32
1603  106  SER  C  -1.928  28.532  -8.554  173.69
1604  106  SER  O  -1.21  29.521  -8.692  4.57
1605  106  SER  CB  -2.195  28.63  -6.059  63.97
1606  106  SER  OG  -3.439  28.308  -5.443  1.51
1607  106  SER  H  0.002  27.549  -6.733  8.32
1608  106  SER  HA  -2.546  27.005  -7.286  4.52
1609  106  SER  HB2  -1.481  28.549  -5.407  3.87
1610  106  SER  HB3  -2.209  29.555  -6.351  3.87
1611  106  SER  HG  -4.04  28.825  -5.721  7.17
1612  107  GLY  N  -2.767  28.08  -9.475  116.47
1613  107  GLY  CA  -2.901  28.748  -10.758  46.14
1614  107  GLY  C  -4.255  29.453  -10.87  178.73
1615  107  GLY  O  -5.294  28.799  -10.946  52.1
1616  107  GLY  H  -3.266  27.387  -9.372  8.05
1617  107  GLY  HA2  -2.186  29.395  -10.866  3.8
1618  107  GLY  HA3  -2.809  28.101  -11.475  3.75
