1  1  GLU  N  -2.079  26.924  12.565  117.57
2  1  GLU  CA  -1.391  25.6  12.311  55.54
3  1  GLU  C  -0.252  25.684  11.302  174.99
4  1  GLU  O  -0.312  26.47  10.378  55.76
5  1  GLU  CB  -2.403  24.528  11.927  32.64
6  1  GLU  CG  -3.239  24.057  13.141  10.51
7  1  GLU  CD  -4.575  24.732  13.354  49.31
8  1  GLU  OE1  -4.838  25.742  12.695  2.15
9  1  GLU  OE2  -5.36  24.271  14.215  8.52
10  1  GLU  H  -2.958  26.797  12.618  118.67
11  1  GLU  H2  -1.783  27.271  13.33  58.05
12  1  GLU  H3  -1.901  27.484  11.897  4.46
13  1  GLU  HA  -0.974  25.346  13.149  2.42
14  1  GLU  HB2  -2.996  24.875  11.242  1.59
15  1  GLU  HB3  -1.938  23.769  11.542  1.96
16  1  GLU  HG2  -3.393  23.104  13.05  1.88
17  1  GLU  HG3  -2.706  24.183  13.942  2.5
18  2  GLN  N  0.782  24.861  11.463  3.89
19  2  GLN  CA  1.936  24.862  10.586  3.89
20  2  GLN  C  1.873  23.821  9.48  119.44
21  2  GLN  O  2.56  23.959  8.478  53.33
22  2  GLN  CB  3.193  24.45  11.354  175.3
23  2  GLN  CG  3.794  25.44  12.294  54.52
24  2  GLN  CD  4.963  24.757  12.939  38.83
25  2  GLN  OE1  4.75  23.99  13.883  8.42
26  2  GLN  NE2  6.169  24.985  12.402  4.3
27  2  GLN  H  0.828  24.28  12.096  8.56
28  2  GLN  HA  1.951  25.763  10.228  4.32
29  2  GLN  HB2  2.983  23.649  11.86  1.9
30  2  GLN  HB3  3.871  24.206  10.705  1.98
31  2  GLN  HG2  4.078  26.238  11.821  2.2
32  2  GLN  HG3  3.147  25.721  12.96  1.75
33  2  GLN  HE21  6.25  25.533  11.744  6.94
34  2  GLN  HE22  6.862  24.584  12.715  7.53
35  3  CYS  N  1.056  22.775  9.637  45.63
36  3  CYS  CA  1.136  21.661  8.695  178.38
37  3  CYS  C  -0.069  20.748  8.67  55.48
38  3  CYS  O  -0.984  20.908  9.493  8.41
39  3  CYS  CB  2.342  20.808  9.098  119.08
40  3  CYS  SG  2.256  20.027  10.75  3.98
41  3  CYS  H  0.469  22.693  10.26  7.91
42  3  CYS  HA  1.2  22.056  7.811  4.82
43  3  CYS  HB2  2.457  20.109  8.435  2.73
44  3  CYS  HB3  3.135  21.365  9.064  3.04
45  4  GLY  N  -0.087  19.83  7.719  69.87
46  4  GLY  CA  -1.117  18.806  7.686  3.01
47  4  GLY  C  -2.479  19.295  7.196  21.78
48  4  GLY  O  -2.612  20.383  6.574  8.03
49  4  GLY  H  0.489  19.781  7.082  8.49
50  4  GLY  HA2  -0.82  18.083  7.112  3.83
51  4  GLY  HA3  -1.22  18.437  8.577  4.11
52  5  ARG  N  -3.488  18.483  7.496  2.53
53  5  ARG  CA  -4.832  18.754  7.008  122.2
54  5  ARG  C  -5.276  20.138  7.38  33.27
55  5  ARG  O  -5.916  20.844  6.608  123.07
56  5  ARG  CB  -5.859  17.777  7.623  55.07
57  5  ARG  CG  -5.706  16.401  7.103  176.75
58  5  ARG  CD  -6.693  15.4  7.746  8.22
59  5  ARG  NE  -6.432  14.092  7.17  42.36
60  5  ARG  CZ  -5.589  13.201  7.669  26.94
61  5  ARG  NH1  -5.437  12.035  7.052  24.97
62  5  ARG  NH2  -4.921  13.439  8.79  23.5
63  5  ARG  H  -3.415  17.774  7.978  8.88
64  5  ARG  HA  -4.796  18.652  6.044  3.97
65  5  ARG  HB2  -5.757  17.769  8.588  1.75
66  5  ARG  HB3  -6.756  18.094  7.435  1.83
67  5  ARG  HG2  -5.839  16.407  6.142  1.59
68  5  ARG  HG3  -4.798  16.1  7.262  3
69  5  ARG  HD2  -6.576  15.378  8.709  3.18
70  5  ARG  HD3  -7.609  15.67  7.578  25.31
71  5  ARG  HE  -6.856  13.881  6.452  7.24
72  5  ARG  HH11  -5.883  11.866  6.337  109.78
73  5  ARG  HH12  -4.892  11.449  7.368  51.39
74  5  ARG  HH21  -5.032  14.183  9.207  120.13
75  5  ARG  HH22  -4.377  12.849  9.1  54.39
76  6  GLN  N  -5.012  20.476  8.624  175.18
77  6  GLN  CA  -5.407  21.78  9.114  1.98
78  6  GLN  C  -4.845  22.936  8.328  41.14
79  6  GLN  O  -5.505  23.995  8.254  1.66
80  6  GLN  CB  -5.029  21.942  10.594  7.69
81  6  GLN  CG  -5.724  20.931  11.541  5.2
82  6  GLN  CD  -5.002  19.608  11.75  8.19
83  6  GLN  OE1  -4.041  19.271  11.05  4.49
84  6  GLN  NE2  -5.428  18.831  12.796  23.41
85  6  GLN  H  -4.611  19.974  9.196  8.98
86  6  GLN  HA  -6.37  21.81  9.002  4.19
87  6  GLN  HB2  -4.068  21.846  10.684  1.94
88  6  GLN  HB3  -5.253  22.842  10.878  2.06
89  6  GLN  HG2  -5.843  21.354  12.406  2.43
90  6  GLN  HG3  -6.61  20.744  11.192  2.62
91  6  GLN  HE21  -6.099  19.081  13.272  6.63
92  6  GLN  HE22  -5.025  18.093  12.976  7.63
93  7  ALA  N  -3.678  22.755  7.73  4.05
94  7  ALA  CA  -3.023  23.771  6.922  41.7
95  7  ALA  C  -3.034  23.395  5.407  2.23
96  7  ALA  O  -2.124  23.704  4.645  7.95
97  7  ALA  CB  -1.586  23.981  7.442  4.86
98  7  ALA  H  -3.234  22.021  7.784  7.63
99  7  ALA  HA  -3.514  24.604  7.003  4.54
100  7  ALA  HB1  -1.144  24.658  6.907  61.73
101  7  ALA  HB2  -1.616  24.27  8.368  7.29
102  7  ALA  HB3  -1.094  23.147  7.379  1.6
103  8  GLY  N  -4.026  22.633  4.973  69.37
104  8  GLY  CA  -4.122  22.305  3.569  9.1
105  8  GLY  C  -2.942  21.562  2.969  62.51
106  8  GLY  O  -2.608  21.732  1.786  176.17
107  8  GLY  H  -4.644  22.301  5.47  8.04
108  8  GLY  HA2  -4.919  21.769  3.436  3.85
109  8  GLY  HA3  -4.248  23.128  3.072  3.86
110  9  GLY  N  -2.31  20.726  3.792  50.16
111  9  GLY  CA  -1.204  19.878  3.396  4.54
112  9  GLY  C  0.213  20.343  3.524  2.37
113  9  GLY  O  1.131  19.628  3.114  1.98
114  9  GLY  H  -2.525  20.639  4.62  8.3
115  9  GLY  HA2  -1.28  19.057  3.906  3.37
116  9  GLY  HA3  -1.343  19.647  2.464  4.04
117  10  LYS  N  0.411  21.543  4.094  3.13
118  10  LYS  CA  1.769  22.071  4.221  119.82
119  10  LYS  C  2.648  21.069  4.96  55.36
120  10  LYS  O  2.176  20.418  5.929  175.47
121  10  LYS  CB  1.75  23.303  5.118  4.24
122  10  LYS  CG  1.268  24.567  4.495  41.06
123  10  LYS  CD  1.848  25.779  5.297  2.05
124  10  LYS  CE  0.876  26.896  5.473  2.22
125  10  LYS  NZ  1.349  28.197  6.028  115.21
126  10  LYS  H  -0.211  22.05  4.403  6.94
127  10  LYS  HA  2.098  22.261  3.329  4.06
128  10  LYS  HB2  1.191  23.111  5.887  1.77
129  10  LYS  HB3  2.649  23.451  5.45  2.74
130  10  LYS  HG2  1.549  24.613  3.568  1.56
131  10  LYS  HG3  0.298  24.595  4.499  1.61
132  10  LYS  HD2  2.137  25.471  6.17  1.72
133  10  LYS  HD3  2.635  26.114  4.839  17.72
134  10  LYS  HE2  0.479  27.076  4.606  3.03
135  10  LYS  HE3  0.165  26.575  6.049  32.83
136  10  LYS  HZ1  0.666  28.765  6.076  3.98
137  10  LYS  HZ2  1.685  28.068  6.842  8.11
138  10  LYS  HZ3  1.978  28.535  5.497  112.13
139  11  LEU  N  3.908  20.97  4.512  7.96
140  11  LEU  CA  4.869  20.08  5.159  4.55
141  11  LEU  C  5.665  20.939  6.132  2.07
142  11  LEU  O  5.806  22.185  5.994  1.78
143  11  LEU  CB  5.823  19.446  4.129  19.87
144  11  LEU  CG  5.106  18.554  3.116  2.29
145  11  LEU  CD1  6.162  18.006  2.143  7.54
146  11  LEU  CD2  4.27  17.467  3.777  6.82
147  11  LEU  H  4.219  21.408  3.84  8.39
148  11  LEU  HA  4.408  19.355  5.609  4.6
149  11  LEU  HB2  6.293  20.15  3.656  1.64
150  11  LEU  HB3  6.492  18.922  4.596  174.71
151  11  LEU  HG  4.456  19.075  2.619  1.79
152  11  LEU  HD11  5.733  17.435  1.487  27.48
153  11  LEU  HD12  6.6  18.744  1.691  49.48
154  11  LEU  HD13  6.821  17.493  2.636  4.5
155  11  LEU  HD21  3.838  16.931  3.094  1.75
156  11  LEU  HD22  4.843  16.901  4.317  1.69
157  11  LEU  HD23  3.596  17.876  4.342  1.48
158  12  CYS  N  6.183  20.26  7.146  0.76
159  12  CYS  CA  6.966  20.963  8.13  4.08
160  12  CYS  C  8.361  21.243  7.547  3.05
161  12  CYS  O  8.878  20.51  6.685  121.36
162  12  CYS  CB  7.221  20.075  9.323  54.61
163  12  CYS  SG  5.718  19.803  10.282  177.61
164  12  CYS  H  6.093  19.415  7.276  9.09
165  12  CYS  HA  6.486  21.769  8.375  4.71
166  12  CYS  HB2  7.573  19.222  9.023  2.68
167  12  CYS  HB3  7.898  20.478  9.889  2.84
168  13  PRO  N  8.986  22.263  8.103  61.7
169  13  PRO  CA  10.4  22.501  7.765  8.9
170  13  PRO  C  11.301  21.528  8.492  4.57
171  13  PRO  O  10.826  20.899  9.425  2.96
172  13  PRO  CB  10.683  23.885  8.317  2.86
173  13  PRO  CG  9.715  24.074  9.396  120.55
174  13  PRO  CD  8.45  23.268  9.025  57.6
175  13  PRO  HA  10.557  22.406  6.813  4.62
176  13  PRO  HB2  11.593  23.951  8.647  1.92
177  13  PRO  HB3  10.58  24.563  7.631  2.29
178  13  PRO  HG2  10.08  23.767  10.241  1.97
179  13  PRO  HG3  9.502  25.014  9.504  2.09
180  13  PRO  HD2  8.037  22.863  9.803  3.61
181  13  PRO  HD3  7.776  23.824  8.604  3.84
182  14  ASP  N  12.552  21.4  8.046  4.06
183  14  ASP  CA  13.57  20.578  8.722  1.72
184  14  ASP  C  13.228  19.115  9.039  1.57
185  14  ASP  O  13.56  18.573  10.1  1.75
186  14  ASP  CB  13.952  21.295  10.026  177.37
187  14  ASP  CG  15.38  21.024  10.444  64.09
188  14  ASP  OD1  16.228  20.51  9.649  8.38
189  14  ASP  OD2  15.636  21.252  11.644  4.13
190  14  ASP  H  12.84  21.79  7.336  8.73
191  14  ASP  HA  14.29  20.5  8.077  4.3
192  14  ASP  HB2  13.828  22.25  9.914  2.62
193  14  ASP  HB3  13.352  21.012  10.734  2.9
194  15  ASN  N  12.524  18.5  8.1  175.45
195  15  ASN  CA  12.121  17.092  8.193  70.22
196  15  ASN  C  11.268  16.778  9.435  39.5
197  15  ASN  O  11.162  15.605  9.818  1.15
198  15  ASN  CB  13.334  16.159  8.14  4.54
199  15  ASN  CG  14.395  16.604  7.159  2.54
200  15  ASN  OD1  15.601  16.843  7.452  8.22
201  15  ASN  ND2  13.961  16.672  5.931  4.65
202  15  ASN  H  12.26  18.888  7.379  8.68
203  15  ASN  HA  11.56  16.932  7.418  4.43
204  15  ASN  HB2  13.726  16.1  9.025  2.88
205  15  ASN  HB3  13.037  15.267  7.901  3
206  15  ASN  HD21  14.5  16.884  5.295  6.88
207  15  ASN  HD22  13.136  16.505  5.757  7.58
208  16  LEU  N  10.636  17.795  10.027  19.56
209  16  LEU  CA  9.886  17.607  11.248  7.22
210  16  LEU  C  8.58  16.858  11.031  3.84
211  16  LEU  O  7.988  16.958  9.957  4.08
212  16  LEU  CB  9.651  18.946  11.978  2.07
213  16  LEU  CG  10.874  19.593  12.635  2.14
214  16  LEU  CD1  10.54  20.992  13.069  119.75
215  16  LEU  CD2  11.383  18.755  13.832  59.49
216  16  LEU  H  10.635  18.601  9.728  7.67
217  16  LEU  HA  10.433  17.045  11.82  4.29
218  16  LEU  HB2  9.279  19.577  11.342  1.33
219  16  LEU  HB3  8.979  18.804  12.663  1.76
220  16  LEU  HG  11.589  19.627  11.98  1.68
221  16  LEU  HD11  11.318  21.397  13.484  4.57
222  16  LEU  HD12  10.277  21.516  12.297  8.53
223  16  LEU  HD13  9.81  20.967  13.707  4.34
224  16  LEU  HD21  12.156  19.189  14.226  1.57
225  16  LEU  HD22  10.681  18.68  14.497  4.22
226  16  LEU  HD23  11.632  17.869  13.525  1.86
227  17  CYS  N  8.165  16.081  12.03  2.11
228  17  CYS  CA  6.9  15.354  11.921  125.47
229  17  CYS  C  5.751  16.311  12.117  59.83
230  17  CYS  O  5.78  17.191  13.012  174.04
231  17  CYS  CB  6.803  14.343  13.056  1.88
232  17  CYS  SG  8.141  13.159  13.161  35.14
233  17  CYS  H  8.592  15.962  12.767  8.65
234  17  CYS  HA  6.864  14.926  11.051  4.42
235  17  CYS  HB2  6.756  14.828  13.895  2.86
236  17  CYS  HB3  5.969  13.856  12.962  3.74
237  18  CYS  N  4.694  16.09  11.323  32.53
238  18  CYS  CA  3.484  16.921  11.449  24.42
239  18  CYS  C  2.505  16.156  12.348  34.01
240  18  CYS  O  2.063  15.065  11.973  129.13
241  18  CYS  CB  2.842  17.2  10.104  54.2
242  18  CYS  SG  1.384  18.243  10.341  8.72
243  18  CYS  H  4.655  15.479  10.719  8.84
244  18  CYS  HA  3.72  17.782  11.828  5.12
245  18  CYS  HB2  3.476  17.641  9.517  2.98
246  18  CYS  HB3  2.59  16.367  9.675  3.2
247  19  SER  N  2.215  16.631  13.562  23.84
248  19  SER  CA  1.32  15.872  14.447  8.03
249  19  SER  C  -0.11  15.853  13.944  4.74
250  19  SER  O  -0.489  16.669  13.067  57.54
251  19  SER  CB  1.301  16.535  15.832  1.1
252  19  SER  OG  0.557  17.745  15.832  0.83
253  19  SER  H  2.515  17.369  13.887  9.97
254  19  SER  HA  1.657  14.963  14.478  5.16
255  19  SER  HB2  0.919  15.921  16.478  4.57
256  19  SER  HB3  2.211  16.716  16.116  4.67
257  19  SER  HG  0.566  18.08  16.602  174.89
258  20  GLN  N  -0.909  15.047  14.627  4.59
259  20  GLN  CA  -2.33  15.008  14.309  34.65
260  20  GLN  C  -3.039  16.353  14.394  32.69
261  20  GLN  O  -4.154  16.52  13.868  173.88
262  20  GLN  CB  -3.066  13.991  15.19  42.04
263  20  GLN  CG  -3.057  14.356  16.669  8.66
264  20  GLN  CD  -3.52  13.192  17.55  5.01
265  20  GLN  OE1  -4.347  12.39  17.105  2.21
266  20  GLN  NE2  -2.918  13.035  18.742  1.56
267  20  GLN  H  -0.658  14.526  15.264  9.17
268  20  GLN  HA  -2.363  14.737  13.378  4.11
269  20  GLN  HB2  -3.985  13.916  14.888  1.42
270  20  GLN  HB3  -2.657  13.119  15.076  1.58
271  20  GLN  HG2  -2.161  14.622  16.93  0.73
272  20  GLN  HG3  -3.634  15.121  16.816  1.33
273  20  GLN  HE21  -2.347  13.617  19.015  7.15
274  20  GLN  HE22  -3.104  12.352  19.231  7.51
275  21  TRP  N  -2.467  17.263  15.168  4.93
276  21  TRP  CA  -3.021  18.607  15.388  40.73
277  21  TRP  C  -2.549  19.676  14.397  2.78
278  21  TRP  O  -3.051  20.809  14.4  132.02
279  21  TRP  CB  -2.647  19.077  16.815  177.02
280  21  TRP  CG  -3.168  18.191  17.84  34.22
281  21  TRP  CD1  -2.491  17.305  18.6  5.04
282  21  TRP  CD2  -4.545  18.102  18.255  129.57
283  21  TRP  NE1  -3.341  16.633  19.439  9.71
284  21  TRP  CE2  -4.606  17.145  19.293  4.92
285  21  TRP  CE3  -5.728  18.754  17.871  3.05
286  21  TRP  CZ2  -5.812  16.768  19.903  3.01
287  21  TRP  CZ3  -6.885  18.413  18.492  6.77
288  21  TRP  CH2  -6.947  17.406  19.484  28.12
289  21  TRP  H  -1.732  17.122  15.591  7.77
290  21  TRP  HA  -3.978  18.517  15.259  4.73
291  21  TRP  HB2  -1.682  19.128  16.894  3.2
292  21  TRP  HB3  -2.991  19.973  16.959  3.78
293  21  TRP  HD1  -1.572  17.169  18.56  7.27
294  21  TRP  HE1  -3.118  15.995  19.97  10.35
295  21  TRP  HE3  -5.719  19.404  17.206  7.65
296  21  TRP  HZ2  -5.838  16.113  20.563  7.48
297  21  TRP  HZ3  -7.667  18.858  18.257  7.24
298  21  TRP  HH2  -7.768  17.176  19.855  7.27
299  22  GLY  N  -1.615  19.347  13.509  8.37
300  22  GLY  CA  -1.108  20.297  12.535  4.98
301  22  GLY  C  0.042  21.159  13.011  2.18
302  22  GLY  O  0.209  22.271  12.529  7.49
303  22  GLY  H  -1.26  18.566  13.457  7.96
304  22  GLY  HA2  -0.822  19.809  11.747  3.73
305  22  GLY  HA3  -1.836  20.877  12.261  3.87
306  23  TRP  N  0.877  20.628  13.926  1.94
307  23  TRP  CA  2.066  21.297  14.416  55.08
308  23  TRP  C  3.301  20.43  14.186  111.85
309  23  TRP  O  3.191  19.211  14.171  42.69
310  23  TRP  CB  1.911  21.691  15.908  172.82
311  23  TRP  CG  0.698  22.535  16.164  44.73
312  23  TRP  CD1  -0.489  22.115  16.691  9.23
313  23  TRP  CD2  0.552  23.929  15.887  4.29
314  23  TRP  NE1  -1.361  23.172  16.748  4.02
315  23  TRP  CE2  -0.763  24.288  16.252  109
316  23  TRP  CE3  1.408  24.914  15.394  56.19
317  23  TRP  CZ2  -1.241  25.59  16.154  173.93
318  23  TRP  CZ3  0.913  26.207  15.25  1.15
319  23  TRP  CH2  -0.396  26.523  15.645  24.33
320  23  TRP  H  0.752  19.853  14.277  7.52
321  23  TRP  HA  2.184  22.119  13.914  5.15
322  23  TRP  HB2  1.859  20.886  16.447  3.29
323  23  TRP  HB3  2.702  22.174  16.194  3.75
324  23  TRP  HD1  -0.677  21.247  16.968  7.21
325  23  TRP  HE1  -2.165  23.135  17.052  10.48
326  23  TRP  HE3  2.287  24.712  15.167  7.89
327  23  TRP  HZ2  -2.102  25.812  16.425  7.59
328  23  TRP  HZ3  1.456  26.869  14.888  7.27
329  23  TRP  HH2  -0.694  27.399  15.555  7.36
330  24  CYS  N  4.461  21.063  14.05  7.32
331  24  CYS  CA  5.695  20.358  13.757  6.69
332  24  CYS  C  6.559  20.041  14.981  114.11
333  24  CYS  O  6.772  20.889  15.863  57.54
334  24  CYS  CB  6.471  21.233  12.791  173.41
335  24  CYS  SG  5.561  21.585  11.227  62.99
336  24  CYS  H  4.551  21.915  14.126  8.77
337  24  CYS  HA  5.467  19.491  13.388  5.92
338  24  CYS  HB2  6.687  22.072  13.227  2.81
339  24  CYS  HB3  7.312  20.8  12.577  3.04
340  25  GLY  N  7.083  18.829  15.004  4.27
341  25  GLY  CA  7.906  18.431  16.131  1.44
342  25  GLY  C  8.654  17.155  15.891  26.32
343  25  GLY  O  8.558  16.561  14.818  39.32
344  25  GLY  H  6.979  18.233  14.393  9.17
345  25  GLY  HA2  8.539  19.139  16.328  2.01
346  25  GLY  HA3  7.344  18.327  16.915  3.74
347  26  SER  N  9.33  16.696  16.943  1.12
348  26  SER  CA  10.23  15.556  16.767  1.57
349  26  SER  C  10.137  14.458  17.826  63.38
350  26  SER  O  10.969  13.532  17.81  179.48
351  26  SER  CB  11.677  16.093  16.721  41.48
352  26  SER  OG  12.04  16.857  17.872  32.23
353  26  SER  H  9.286  17.016  17.74  8.98
354  26  SER  HA  9.955  15.126  15.942  5.08
355  26  SER  HB2  12.289  15.345  16.632  3.65
356  26  SER  HB3  11.785  16.643  15.93  4.06
357  26  SER  HG  12.834  17.121  17.794  1.9
358  27  THR  N  9.131  14.566  18.693  2.06
359  27  THR  CA  8.915  13.556  19.734  1.97
360  27  THR  C  7.702  12.704  19.327  3.88
361  27  THR  O  7.002  12.979  18.345  3.67
362  27  THR  CB  8.755  14.219  21.105  124.45
363  27  THR  OG1  7.827  15.289  20.94  58.78
364  27  THR  CG2  10.075  14.811  21.577  175.63
365  27  THR  H  8.564  15.212  18.697  7.14
366  27  THR  HA  9.684  12.971  19.816  4.77
367  27  THR  HB  8.457  13.564  21.755  4.92
368  27  THR  HG1  7.713  15.677  21.676  43.25
369  27  THR  HG21  9.952  15.225  22.445  84.62
370  27  THR  HG22  10.739  14.107  21.646  42.42
371  27  THR  HG23  10.376  15.478  20.941  29.54
372  28  ASP  N  7.466  11.665  20.125  32.77
373  28  ASP  CA  6.443  10.661  19.866  9.15
374  28  ASP  C  5.031  11.225  19.616  3.93
375  28  ASP  O  4.277  10.751  18.747  2.03
376  28  ASP  CB  6.51  9.736  21.058  1.82
377  28  ASP  CG  5.724  8.495  20.848  1.84
378  28  ASP  OD1  6.226  7.633  20.103  1.49
379  28  ASP  OD2  4.643  8.327  21.434  57.38
380  28  ASP  H  7.908  11.523  20.849  9.12
381  28  ASP  HA  6.619  10.201  19.03  4.38
382  28  ASP  HB2  7.435  9.505  21.235  2.75
383  28  ASP  HB3  6.178  10.198  21.843  1.9
384  29  GLU  N  4.687  12.3  20.327  58.06
385  29  GLU  CA  3.389  12.938  20.146  7.47
386  29  GLU  C  3.14  13.464  18.757  102.91
387  29  GLU  O  1.992  13.66  18.336  61.32
388  29  GLU  CB  3.207  14.081  21.142  175.7
389  29  GLU  CG  3.134  13.59  22.559  23.55
390  29  GLU  CD  4.448  13.253  23.213  69.13
391  29  GLU  OE1  5.527  13.646  22.692  4.96
392  29  GLU  OE2  4.31  12.671  24.342  22.37
393  29  GLU  H  5.191  12.672  20.916  8.73
394  29  GLU  HA  2.742  12.233  20.302  4.16
395  29  GLU  HB2  3.945  14.705  21.055  1.84
396  29  GLU  HB3  2.396  14.569  20.928  176.57
397  29  GLU  HG2  2.692  14.267  23.094  2.21
398  29  GLU  HG3  2.571  12.8  22.58  2.22
399  30  TYR  N  4.222  13.841  18.083  4.66
400  30  TYR  CA  4.152  14.329  16.703  122.17
401  30  TYR  C  4.395  13.252  15.653  58.08
402  30  TYR  O  3.86  13.356  14.536  176.34
403  30  TYR  CB  5.224  15.393  16.505  8.57
404  30  TYR  CG  5.181  16.62  17.396  29.41
405  30  TYR  CD1  5.604  16.599  18.728  1.94
406  30  TYR  CD2  4.716  17.83  16.895  1.71
407  30  TYR  CE1  5.632  17.762  19.51  2.19
408  30  TYR  CE2  4.692  18.963  17.688  129.22
409  30  TYR  CZ  5.129  18.924  18.978  7.31
410  30  TYR  OH  5.158  20.107  19.7  6.7
411  30  TYR  H  5.017  13.822  18.409  7.9
412  30  TYR  HA  3.251  14.667  16.582  4.15
413  30  TYR  HB2  6.089  14.97  16.623  2.98
414  30  TYR  HB3  5.179  15.693  15.584  3.05
415  30  TYR  HD1  5.874  15.793  19.105  7.52
416  30  TYR  HD2  4.417  17.879  16.016  3.2
417  30  TYR  HE1  5.984  17.747  20.371  6.74
418  30  TYR  HE2  4.373  19.763  17.336  7.08
419  30  TYR  HH  4.817  20.723  19.242  10.22
420  31  CYS  N  5.289  12.324  15.984  8.99
421  31  CYS  CA  5.816  11.369  15.011  7.42
422  31  CYS  C  5.269  9.973  14.957  1.75
423  31  CYS  O  5.461  9.271  13.969  1.82
424  31  CYS  CB  7.312  11.205  15.297  120.36
425  31  CYS  SG  8.235  12.762  15.156  56
426  31  CYS  H  5.607  12.23  16.777  7.96
427  31  CYS  HA  5.556  11.767  14.166  4.58
428  31  CYS  HB2  7.428  10.846  16.19  2.9
429  31  CYS  HB3  7.685  10.556  14.68  3.35
430  32  SER  N  4.576  9.571  16.008  9.82
431  32  SER  CA  4.125  8.18  16.086  4.76
432  32  SER  C  2.814  7.917  15.379  4.29
433  32  SER  O  1.883  8.717  15.526  4.04
434  32  SER  CB  3.867  7.775  17.54  172.48
435  32  SER  OG  3.394  6.431  17.583  120.6
436  32  SER  H  4.357  10.068  16.675  8.33
437  32  SER  HA  4.84  7.677  15.665  4.51
438  32  SER  HB2  4.683  7.858  18.058  3.93
439  32  SER  HB3  3.215  8.371  17.941  28.48
440  32  SER  HG  3.512  6.117  18.353  38.09
441  33  PRO  N  2.71  6.809  14.659  4.92
442  33  PRO  CA  1.399  6.433  14.089  4.39
443  33  PRO  C  0.374  6.236  15.215  3.06
444  33  PRO  O  -0.8  6.409  14.947  9.87
445  33  PRO  CB  1.656  5.102  13.401  3.75
446  33  PRO  CG  3.176  5.162  13.037  2.17
447  33  PRO  CD  3.794  5.879  14.241  1.97
448  33  PRO  HA  1.049  7.109  13.488  2.65
449  33  PRO  HB2  1.459  4.354  13.986  2.21
450  33  PRO  HB3  1.104  4.997  12.61  118.34
451  33  PRO  HG2  3.551  4.276  12.916  59.67
452  33  PRO  HG3  3.328  5.649  12.212  178.02
453  33  PRO  HD2  4.029  5.258  14.948  172.74
454  33  PRO  HD3  4.604  6.355  14  32.26
455  34  ASP  N  0.792  5.928  16.434  24.53
456  34  ASP  CA  -0.128  5.792  17.551  29.28
457  34  ASP  C  -0.761  7.112  17.959  42.02
458  34  ASP  O  -1.802  7.101  18.605  8.38
459  34  ASP  CB  0.557  5.162  18.749  8.1
460  34  ASP  CG  0.983  3.732  18.462  3.92
461  34  ASP  OD1  1.917  3.271  19.146  1.79
462  34  ASP  OD2  0.483  3.048  17.544  1.58
463  34  ASP  H  1.617  5.792  16.637  1.26
464  34  ASP  HA  -0.84  5.209  17.242  1.37
465  34  ASP  HB2  1.334  5.689  18.993  3.49
466  34  ASP  HB3  -0.044  5.175  19.51  1.55
467  35  HSE  N  -0.2  8.228  17.498  1.44
468  35  HSE  CA  -0.734  9.575  17.759  2.91
469  35  HSE  C  -1.239  10.188  16.443  56.2
470  35  HSE  O  -1.342  11.385  16.305  120.53
471  35  HSE  CB  0.277  10.492  18.431  62.61
472  35  HSE  CG  0.606  10.109  19.832  118.14
473  35  HSE  ND1  -0.301  10.286  20.86  56.76
474  35  HSE  CD2  1.71  9.55  20.383  178.32
475  35  HSE  CE1  0.214  9.785  21.971  2.48
476  35  HSE  NE2  1.462  9.406  21.73  41.1
477  36  ASN  N  -1.399  9.355  15.425  4.42
478  36  ASN  CA  -1.954  9.797  14.164  1.7
479  36  ASN  C  -1.169  10.896  13.486  2.45
480  36  ASN  O  -1.72  11.868  12.945  7.02
481  36  ASN  CB  -3.414  10.195  14.314  3.77
482  36  ASN  CG  -4.216  9.102  14.994  59.83
483  36  ASN  OD1  -4.294  8.004  14.469  2.12
484  36  ASN  ND2  -4.704  9.359  16.21  117.94
485  36  ASN  H  -1.189  8.521  15.449  57.27
486  36  ASN  HA  -1.89  9.028  13.577  177.46
487  36  ASN  HB2  -3.477  11.014  14.83  3.69
488  36  ASN  HB3  -3.792  10.381  13.44  42.58
489  36  ASN  HD21  -5.093  8.736  16.658  28.44
490  36  ASN  HD22  -4.629  10.147  16.546  23.55
491  37  CYS  N  0.135  10.678  13.503  26.29
492  37  CYS  CA  1.091  11.55  12.852  7.72
493  37  CYS  C  0.623  11.672  11.364  3.95
494  37  CYS  O  0.217  10.677  10.711  1.94
495  37  CYS  CB  2.529  11.015  12.965  1.55
496  37  CYS  SG  3.742  11.808  11.866  1.92
497  37  CYS  H  0.495  10.006  13.901  59.9
498  37  CYS  HA  1.115  12.42  13.279  178.39
499  37  CYS  HB2  2.827  11.122  13.882  63.37
500  37  CYS  HB3  2.52  10.063  12.779  9.47
501  38  GLN  N  0.753  12.865  10.822  4.11
502  38  GLN  CA  0.318  13.194  9.454  2.85
503  38  GLN  C  1.381  13.156  8.362  120.99
504  38  GLN  O  1.084  12.828  7.194  61.39
505  38  GLN  CB  -0.375  14.548  9.408  176.82
506  38  GLN  CG  -1.559  14.709  10.305  4.09
507  38  GLN  CD  -2.355  15.961  9.949  29.62
508  38  GLN  OE1  -2.896  16.048  8.824  29.48
509  38  GLN  NE2  -2.431  16.909  10.88  42.89
510  38  GLN  H  1.103  13.531  11.238  84.79
511  38  GLN  HA  -0.291  12.467  9.247  102.47
512  38  GLN  HB2  0.275  15.232  9.634  45.6
513  38  GLN  HB3  -0.658  14.716  8.495  171.59
514  38  GLN  HG2  -2.13  13.928  10.234  8.82
515  38  GLN  HG3  -1.264  14.762  11.228  3.72
516  38  GLN  HE21  -2.04  16.799  11.638  1.88
517  38  GLN  HE22  -2.871  17.631  10.723  1.47
518  39  SER  N  2.623  13.475  8.701  1.88
519  39  SER  CA  3.703  13.447  7.706  1.47
520  39  SER  C  5.087  13.422  8.35  3.3
521  39  SER  O  5.228  13.851  9.493  3.05
522  39  SER  CB  3.639  14.604  6.699  7.88
523  39  SER  OG  3.753  15.879  7.307  6.88
524  39  SER  H  2.866  13.709  9.492  3.61
525  39  SER  HA  3.561  12.619  7.221  2.14
526  39  SER  HB2  4.35  14.498  6.048  7.86
527  39  SER  HB3  2.8  14.557  6.214  115.84
528  39  SER  HG  3.714  16.476  6.717  58.99
529  40  ASN  N  6.087  12.923  7.594  178.53
530  40  ASN  CA  7.461  12.766  8.085  176.28
531  40  ASN  C  7.459  11.925  9.369  29.01
532  40  ASN  O  8.175  12.24  10.334  36.38
533  40  ASN  CB  8.18  14.094  8.317  29.26
534  40  ASN  CG  8.651  14.767  7.019  8.71
535  40  ASN  OD1  8.393  15.949  6.754  3.65
536  40  ASN  ND2  9.337  14.011  6.212  7.41
537  40  ASN  H  5.979  12.667  6.78  3.96
538  40  ASN  HA  7.959  12.31  7.388  57.46
539  40  ASN  HB2  7.586  14.698  8.789  1.94
540  40  ASN  HB3  8.947  13.943  8.892  2.36
541  40  ASN  HD21  9.627  14.329  5.467  2.16
542  40  ASN  HD22  9.5  13.194  6.423  118.13
543  41  CYS  N  6.611  10.898  9.389  57.6
544  41  CYS  CA  6.39  10.069  10.583  178.19
545  41  CYS  C  7.417  8.975  10.829  57.62
546  41  CYS  O  8.148  8.6  9.92  41.95
547  41  CYS  CB  4.993  9.415  10.518  27.39
548  41  CYS  SG  3.698  10.607  10.188  26.45
549  41  CYS  H  6.143  10.658  8.708  23.25
550  41  CYS  HA  6.475  10.689  11.324  6.96
551  41  CYS  HB2  4.988  8.736  9.826  4.26
552  41  CYS  HB3  4.809  8.965  11.358  1.85
553  42  LYS  N  7.51  8.521  12.067  1.58
554  42  LYS  CA  8.358  7.382  12.455  1.11
555  42  LYS  C  7.576  6.076  12.192  61.23
556  42  LYS  O  6.424  6.11  11.731  8.11
557  42  LYS  CB  8.788  7.524  13.92  4.45
558  42  LYS  CG  10.084  6.8  14.302  3.18
559  42  LYS  CD  10.596  7.129  15.73  3.29
560  42  LYS  CE  11.752  6.219  16.133  58
561  42  LYS  NZ  11.662  5.833  17.591  114.16
562  42  LYS  H  7.078  8.866  12.725  61.44
563  42  LYS  HA  9.171  7.361  11.926  178.07
564  42  LYS  HB2  8.892  8.467  14.12  109.08
565  42  LYS  HB3  8.072  7.192  14.484  39.22
566  42  LYS  HG2  9.941  5.843  14.232  61.39
567  42  LYS  HG3  10.774  7.031  13.66  57.56
568  42  LYS  HD2  10.884  8.055  15.767  171.54
569  42  LYS  HD3  9.87  7.032  16.366  33.12
570  42  LYS  HE2  11.744  5.42  15.583  64.01
571  42  LYS  HE3  12.595  6.67  15.967  1.75
572  42  LYS  HZ1  12.346  5.303  17.801  8.43
573  42  LYS  HZ2  11.69  6.566  18.095  4.77
574  42  LYS  HZ3  10.897  5.402  17.737  3.38
575  43  ASP  N  8.229  4.94  12.406  2.71
576  43  ASP  CA  7.774  3.548  12.243  7.2
577  43  ASP  C  7.959  3.055  10.799  62
578  43  ASP  O  7.509  3.76  9.883  6.97
579  43  ASP  CB  6.355  3.251  12.807  58.97
580  43  ASP  H  9.043  4.961  12.682  32.1
581  43  ASP  HA  8.36  3.022  12.809  117.01
