1  1  GLY  N  -17.008  -9.757  31.063  121.59
2  1  GLY  CA  -16.593  -10.447  29.855  52.13
3  1  GLY  C  -15.307  -9.887  29.28  174.06
4  1  GLY  O  -15.336  -9.049  28.379  55.76
5  1  GLY  H  -17.873  -9.696  31.263  19.54
6  1  GLY  HA2  -16.463  -11.386  30.06  32.36
7  1  GLY  HA3  -17.295  -10.364  29.191  4.49
8  1  GLY  H2  -17.873  -9.555  31.008  16.76
9  1  GLY  H3  -16.871  -10.283  31.768  8.16
10  2  SER  N  -14.176  -10.35  29.802  5.08
11  2  SER  CA  -12.874  -9.886  29.339  57.76
12  2  SER  C  -12.598  -10.371  27.919  1.42
13  2  SER  O  -12.967  -11.486  27.55  2.5
14  2  SER  CB  -11.77  -10.373  30.28  63.77
15  2  SER  OG  -11.612  -9.492  31.379  175.58
16  2  SER  H  -14.214  -10.936  30.431  4.33
17  2  SER  HA  -12.886  -8.916  29.341  4.37
18  2  SER  HB2  -12  -11.253  30.616  3.8
19  2  SER  HB3  -10.932  -10.421  29.794  3.68
20  2  SER  HG  -12.362  -9.193  31.609  4.34
21  3  SER  N  -11.946  -9.526  27.127  121.39
22  3  SER  CA  -11.623  -9.866  25.747  55.63
23  3  SER  C  -10.127  -10.118  25.585  1.91
24  3  SER  O  -9.31  -9.569  26.323  1.91
25  3  SER  CB  -12.067  -8.745  24.806  31.04
26  3  SER  OG  -11.881  -9.112  23.45  4.83
27  3  SER  H  -11.711  -8.759  27.437  8.73
28  3  SER  HA  -12.104  -10.677  25.52  4.88
29  3  SER  HB2  -13.007  -8.556  24.951  3.13
30  3  SER  HB3  -11.545  -7.948  24.988  2.82
31  3  SER  HG  -11.115  -9.443  23.352  177.44
32  4  GLY  N  -9.776  -10.954  24.612  123.52
33  4  GLY  CA  -8.379  -11.266  24.37  61.83
34  4  GLY  C  -8.099  -11.58  22.914  24.95
35  4  GLY  O  -9.024  -11.749  22.12  29.23
36  4  GLY  H  -10.386  -11.313  24.123  8.41
37  4  GLY  HA2  -7.837  -10.507  24.638  1.74
38  4  GLY  HA3  -8.132  -12.034  24.909  8.69
39  5  SER  N  -6.82  -11.656  22.562  116.42
40  5  SER  CA  -6.42  -11.946  21.19  57.81
41  5  SER  C  -5.069  -12.652  21.155  1.88
42  5  SER  O  -4.137  -12.269  21.864  1.52
43  5  SER  CB  -6.355  -10.654  20.372  36.16
44  5  SER  OG  -6.018  -10.923  19.022  1.72
45  5  SER  H  -6.213  -11.529  23.158  8.88
46  5  SER  HA  -7.09  -12.531  20.803  5.36
47  5  SER  HB2  -7.219  -10.214  20.397  3.1
48  5  SER  HB3  -5.682  -10.068  20.752  174.43
49  5  SER  HG  -5.297  -11.354  18.993  174.03
50  6  SER  N  -4.969  -13.686  20.326  119.15
51  6  SER  CA  -3.734  -14.45  20.201  53.05
52  6  SER  C  -2.812  -13.825  19.158  57.81
53  6  SER  O  -1.689  -13.426  19.465  177.76
54  6  SER  CB  -4.041  -15.9  19.822  33.61
55  6  SER  OG  -4.73  -16.565  20.867  32.13
56  6  SER  H  -5.652  -13.911  19.854  8.8
57  6  SER  HA  -3.287  -14.437  21.062  5.65
58  6  SER  HB2  -4.595  -15.913  19.026  1.76
59  6  SER  HB3  -3.21  -16.369  19.647  8.42
60  6  SER  HG  -4.754  -17.389  20.707  4.3
61  7  GLY  N  -3.296  -13.742  17.923  115.19
62  7  GLY  CA  -2.504  -13.165  16.853  61.12
63  7  GLY  C  -2.523  -14.011  15.595  121.94
64  7  GLY  O  -1.472  -14.39  15.076  55.32
65  7  GLY  H  -4.088  -14.035  17.759  8.99
66  7  GLY  HA2  -2.852  -12.284  16.644  108.96
67  7  GLY  HA3  -1.587  -13.076  17.155  18.48
68  8  LEU  N  -3.721  -14.311  15.104  123.84
69  8  LEU  CA  -3.874  -15.12  13.9  55.83
70  8  LEU  C  -3.595  -14.293  12.649  173.16
71  8  LEU  O  -4.016  -13.14  12.549  59.57
72  8  LEU  CB  -5.284  -15.708  13.833  44.53
73  8  LEU  CG  -5.529  -16.963  14.672  27.18
74  8  LEU  CD1  -5.935  -16.587  16.088  22.53
75  8  LEU  CD2  -6.592  -17.838  14.025  25.53
76  8  LEU  H  -4.424  -14.021  15.506  9.22
77  8  LEU  HA  -3.231  -15.845  13.945  3.94
78  8  LEU  HB2  -5.905  -15.026  14.132  0.81
79  8  LEU  HB3  -5.469  -15.929  12.907  0.47
80  8  LEU  HG  -4.707  -17.476  14.722  1.16
81  8  LEU  HD11  -5.782  -17.341  16.679  20.51
82  8  LEU  HD12  -6.875  -16.35  16.102  7.87
83  8  LEU  HD13  -5.406  -15.83  16.386  4.13
84  8  LEU  HD21  -6.973  -17.374  13.263  1.92
85  8  LEU  HD22  -7.291  -18.028  14.67  119.01
86  8  LEU  HD23  -6.19  -18.67  13.729  56.69
87  9  SER  N  -2.885  -14.89  11.697  178.3
88  9  SER  CA  -2.549  -14.207  10.453  53.37
89  9  SER  C  -2.707  -15.145  9.26  40.34
90  9  SER  O  -2.675  -16.366  9.407  3.11
91  9  SER  CB  -1.117  -13.673  10.51  41.28
92  9  SER  OG  -0.996  -12.642  11.476  61.24
93  9  SER  H  -2.616  -15.698  11.819  7.33
94  9  SER  HA  -3.161  -13.462  10.348  4.96
95  9  SER  HB2  -0.514  -14.395  10.746  3.35
96  9  SER  HB3  -0.872  -13.318  9.641  2.36
97  9  SER  HG  -1.521  -12.015  11.283  20.83
98  10  ASN  N  -2.877  -14.564  8.077  8.17
99  10  ASN  CA  -3.04  -15.346  6.857  61.76
100  10  ASN  C  -1.967  -14.988  5.833  4.01
101  10  ASN  O  -1.231  -14.017  6.004  23.48
102  10  ASN  CB  -4.429  -15.113  6.259  31.96
103  10  ASN  CG  -5.472  -16.049  6.839  4.3
104  10  ASN  OD1  -5.924  -15.868  7.97  121.52
105  10  ASN  ND2  -5.86  -17.055  6.064  59.05
106  10  ASN  H  -2.891  -13.705  8.029  178.95
107  10  ASN  HA  -2.95  -16.283  7.09  175.48
108  10  ASN  HB2  -4.704  -14.2  6.439  29.98
109  10  ASN  HB3  -4.39  -15.253  5.3  39.55
110  10  ASN  HD21  -5.507  -17.127  5.283  8.15
111  10  ASN  HD22  -6.451  -17.599  6.371  4.11
112  11  GLY  N  -1.885  -15.78  4.768  119.53
113  11  GLY  CA  -0.899  -15.53  3.732  58.2
114  11  GLY  C  -1.485  -15.634  2.338  1.21
115  11  GLY  O  -1.513  -16.715  1.75  118.74
116  11  GLY  H  -2.423  -16.447  4.695  8.37
117  11  GLY  HA2  -0.535  -14.639  3.854  178.93
118  11  GLY  HA3  -0.182  -16.178  3.82  3.06
119  12  GLN  N  -1.955  -14.509  1.81  121.81
120  12  GLN  CA  -2.545  -14.48  0.477  55.84
121  12  GLN  C  -1.628  -13.764  -0.509  7.13
122  12  GLN  O  -0.82  -12.921  -0.121  7.21
123  12  GLN  CB  -3.91  -13.79  0.515  64.54
124  12  GLN  CG  -4.976  -14.591  1.244  4.27
125  12  GLN  CD  -5.159  -15.981  0.667  109.75
126  12  GLN  OE1  -4.524  -16.939  1.111  45.07
127  12  GLN  NE2  -6.03  -16.099  -0.328  8.57
128  12  GLN  H  -1.911  -13.781  2.265  7.35
129  12  GLN  HA  -2.664  -15.397  0.183  4.63
130  12  GLN  HB2  -3.815  -12.933  0.96  3.5
131  12  GLN  HB3  -4.211  -13.642  -0.395  3.36
132  12  GLN  HG2  -4.721  -14.675  2.176  119.13
133  12  GLN  HG3  -5.819  -14.116  1.183  56.36
134  12  GLN  HE21  -6.441  -15.392  -0.594  175.64
135  12  GLN  HE22  -6.15  -16.878  -0.672  28.35
136  13  GLY  N  -1.758  -14.107  -1.787  117.57
137  13  GLY  CA  -0.934  -13.487  -2.809  56.93
138  13  GLY  C  -1.542  -12.207  -3.347  178.61
139  13  GLY  O  -2.011  -12.166  -4.484  8.38
140  13  GLY  H  -2.338  -14.702  -2.008  8.23
141  13  GLY  HA2  -0.064  -13.287  -2.431  8.24
142  13  GLY  HA3  -0.821  -14.113  -3.542  7.77
143  14  SER  N  -1.535  -11.161  -2.528  118.44
144  14  SER  CA  -2.095  -9.875  -2.926  62.21
145  14  SER  C  -1.569  -8.753  -2.036  2.23
146  14  SER  O  -1.149  -8.991  -0.903  2.15
147  14  SER  CB  -3.623  -9.918  -2.861  32.49
148  14  SER  OG  -4.074  -10.017  -1.522  66.07
149  14  SER  H  -1.194  -11.245  -1.743  8.58
150  14  SER  HA  -1.823  -9.702  -3.841  4.29
151  14  SER  HB2  -3.984  -9.108  -3.254  32.1
152  14  SER  HB3  -3.943  -10.688  -3.356  21.01
153  14  SER  HG  -4.463  -10.753  -1.411  22.12
154  15  ARG  N  -1.595  -7.531  -2.556  114.96
155  15  ARG  CA  -1.119  -6.372  -1.81  60.8
156  15  ARG  C  -1.973  -5.144  -2.111  3.9
157  15  ARG  O  -2.923  -5.211  -2.892  2.23
158  15  ARG  CB  0.344  -6.085  -2.151  70.69
159  15  ARG  CG  0.593  -5.867  -3.634  113.29
160  15  ARG  CD  0.165  -4.476  -4.073  61.97
161  15  ARG  NE  0.957  -3.988  -5.198  120.91
162  15  ARG  CZ  2.265  -3.766  -5.134  59.72
163  15  ARG  NH1  2.925  -3.987  -4.005  180.47
164  15  ARG  NH2  2.917  -3.322  -6.202  1.61
165  15  ARG  H  -1.898  -7.421  -3.353  8
166  15  ARG  HA  -1.188  -6.578  -0.865  4.51
167  15  ARG  HB2  0.626  -5.288  -1.676  4.14
168  15  ARG  HB3  0.885  -6.835  -1.858  109.54
169  15  ARG  HG2  1.54  -5.975  -3.814  1.11
170  15  ARG  HG3  0.09  -6.526  -4.138  175.89
171  15  ARG  HD2  -0.769  -4.505  -4.334  1.49
172  15  ARG  HD3  0.272  -3.868  -3.325  40.29
173  15  ARG  HE  0.547  -3.839  -5.939  8.41
174  15  ARG  HH11  2.504  -4.276  -3.313  4.22
175  15  ARG  HH12  3.772  -3.844  -3.966  175.38
176  15  ARG  HH21  2.492  -3.178  -6.936  2.6
177  15  ARG  HH22  3.764  -3.178  -6.16  32.13
178  16  VAL  N  -1.628  -4.023  -1.486  121.91
179  16  VAL  CA  -2.362  -2.779  -1.687  58.66
180  16  VAL  C  -2.092  -2.199  -3.071  179.88
181  16  VAL  O  -1.072  -1.545  -3.294  3.94
182  16  VAL  CB  -1.992  -1.73  -0.622  30.06
183  16  VAL  CG1  -2.718  -0.42  -0.887  36.82
184  16  VAL  CG2  -2.308  -2.252  0.772  121.5
185  16  VAL  H  -0.955  -4.031  -0.95  8.79
186  16  VAL  HA  -3.309  -2.973  -1.607  4.09
187  16  VAL  HB  -1.038  -1.564  -0.676  4.18
188  16  VAL  HG11  -2.068  0.286  -1.028  2.12
189  16  VAL  HG12  -3.275  -0.513  -1.676  2.22
190  16  VAL  HG13  -3.274  -0.199  -0.123  123.33
191  16  VAL  HG21  -1.999  -1.614  1.434  55.35
192  16  VAL  HG22  -3.266  -2.373  0.863  180.49
193  16  VAL  HG23  -1.862  -3.102  0.908  29.39
194  17  LEU  N  -3.013  -2.441  -3.998  115.4
195  17  LEU  CA  -2.875  -1.942  -5.362  58.11
196  17  LEU  C  -3.146  -0.443  -5.423  22.74
197  17  LEU  O  -2.288  0.338  -5.837  129.09
198  17  LEU  CB  -3.832  -2.684  -6.296  30.06
199  17  LEU  CG  -3.542  -4.169  -6.513  37.64
200  17  LEU  CD1  -4.608  -4.797  -7.398  114.35
201  17  LEU  CD2  -2.161  -4.36  -7.121  121.53
202  17  LEU  H  -3.707  -2.904  -3.79  8.17
203  17  LEU  HA  -1.963  -2.107  -5.648  4.15
204  17  LEU  HB2  -4.726  -2.607  -5.928  1.83
205  17  LEU  HB3  -3.801  -2.245  -7.16  1.98
206  17  LEU  HG  -3.559  -4.624  -5.657  3.18
207  17  LEU  HD11  -4.59  -4.378  -8.273  7.15
208  17  LEU  HD12  -5.481  -4.668  -6.995  9.96
209  17  LEU  HD13  -4.432  -5.746  -7.49  119.74
210  17  LEU  HD21  -1.974  -3.631  -7.733  61.67
211  17  LEU  HD22  -2.133  -5.201  -7.604  174.76
212  17  LEU  HD23  -1.495  -4.369  -6.416  6.83
213  18  HSE  N  -4.344  -0.045  -5.006  118.31
214  18  HSE  CA  -4.727  1.362  -5.011  55.34
215  18  HSE  C  -5.771  1.644  -3.934  175.79
216  18  HSE  O  -6.715  0.875  -3.753  121.31
217  18  HSE  CB  -5.273  1.759  -6.383  30.94
218  18  HSE  CG  -4.467  1.224  -7.526  36.04
219  18  HSE  ND1  -3.206  1.686  -7.839  55.23
220  18  HSE  CD2  -4.747  0.258  -8.432  40.7
221  18  HSE  CE1  -2.747  1.029  -8.889  27.7
222  18  HSE  NE2  -3.663  0.156  -9.268  7.98
223  18  HSE  H  -4.985  -0.715  -4.688  7.3
224  18  HSE  HA  -3.845  1.947  -4.801  4.73
225  18  HSE  HB2  -6.281  1.384  -6.484  2.25
226  18  HSE  HB3  -5.285  2.837  -6.46  2.16
227  18  HSE  HD1  -2.721  2.392  -7.364  1.56
228  18  HSE  HD2  -5.656  -0.325  -8.488  2.07
229  18  HSE  HE1  -1.786  1.179  -9.359  62.47
230  18  HSE  HE2  -3.614  -0.4  -10.073  175.61
231  19  VAL  N  -5.594  2.752  -3.221  121.55
232  19  VAL  CA  -6.52  3.136  -2.163  54.86
233  19  VAL  C  -7.744  3.844  -2.734  20.73
234  19  VAL  O  -7.626  4.87  -3.403  20.94
235  19  VAL  CB  -5.843  4.058  -1.132  44.19
236  19  VAL  CG1  -6.829  4.46  -0.045  3.93
237  19  VAL  CG2  -4.622  3.378  -0.53  1.9
238  19  VAL  H  -4.917  3.255  -3.389  8.32
239  19  VAL  HA  -6.806  2.329  -1.708  4.36
240  19  VAL  HB  -5.549  4.863  -1.587  175.61
241  19  VAL  HG11  -7.602  4.882  -0.451  26.9
242  19  VAL  HG12  -7.109  3.671  0.445  68.62
243  19  VAL  HG13  -6.402  5.084  0.563  23.28
244  19  VAL  HG21  -4.219  3.964  0.13  121.1
245  19  VAL  HG22  -4.89  2.549  -0.105  56.29
246  19  VAL  HG23  -3.979  3.187  -1.231  8.29
247  20  VAL  N  -8.921  3.288  -2.464  115.94
248  20  VAL  CA  -10.169  3.866  -2.949  52.8
249  20  VAL  C  -11.108  4.195  -1.794  33.71
250  20  VAL  O  -10.996  3.624  -0.71  1.58
251  20  VAL  CB  -10.887  2.914  -3.925  41.36
252  20  VAL  CG1  -9.892  2.29  -4.892  120.83
253  20  VAL  CG2  -11.644  1.84  -3.159  58.38
254  20  VAL  H  -8.947  2.57  -1.992  7.89
255  20  VAL  HA  -9.955  4.684  -3.424  4.9
256  20  VAL  HB  -11.527  3.431  -4.44  29.45
257  20  VAL  HG11  -9.442  2.991  -5.389  36.1
258  20  VAL  HG12  -9.238  1.775  -4.395  2.22
259  20  VAL  HG13  -10.363  1.708  -5.508  7.32
260  20  VAL  HG21  -12.27  2.26  -2.548  6.73
261  20  VAL  HG22  -12.13  1.279  -3.783  107.53
262  20  VAL  HG23  -11.017  1.296  -2.658  45.18
263  21  GLN  N  -12.032  5.119  -2.036  115.18
264  21  GLN  CA  -12.991  5.524  -1.014  56.48
265  21  GLN  C  -14.42  5.24  -1.466  1.93
266  21  GLN  O  -14.707  5.193  -2.662  2
267  21  GLN  CB  -12.831  7.012  -0.696  41.28
268  21  GLN  CG  -13.953  7.575  0.161  116.96
269  21  GLN  CD  -13.794  9.058  0.43  56.59
270  21  GLN  OE1  -14.332  9.894  -0.296  173.89
271  21  GLN  NE2  -13.051  9.393  1.479  54.23
272  21  GLN  H  -12.065  5.487  -2.813  8.53
273  21  GLN  HA  -12.808  5.009  -0.213  5.1
274  21  GLN  HB2  -11.993  7.143  -0.225  3.22
275  21  GLN  HB3  -12.807  7.508  -1.529  3.1
276  21  GLN  HG2  -14.796  7.433  -0.297  37.99
277  21  GLN  HG3  -13.963  7.104  1.009  118.07
278  21  GLN  HE21  -12.7  8.761  1.946  2.78
279  21  GLN  HE22  -12.945  10.229  1.651  111.53
280  22  THR  N  -15.313  5.049  -0.5  119.73
281  22  THR  CA  -16.712  4.767  -0.797  54.16
282  22  THR  C  -17.552  6.038  -0.745  3.88
283  22  THR  O  -17.645  6.691  0.295  2.59
284  22  THR  CB  -17.299  3.737  0.186  31.98
285  22  THR  OG1  -17.49  4.339  1.471  6.73
286  22  THR  CG2  -16.381  2.53  0.317  6.67
287  22  THR  H  -15.059  5.093  0.32  9.28
288  22  THR  HA  -16.759  4.395  -1.692  4.66
289  22  THR  HB  -18.157  3.438  -0.154  118.97
290  22  THR  HG1  -18.213  4.767  1.475  54.41
291  22  THR  HG21  -16.546  1.917  -0.417  174.08
292  22  THR  HG22  -16.555  2.082  1.159  4.99
293  22  THR  HG23  -15.457  2.823  0.291  34.64
294  23  LEU  N  -18.164  6.384  -1.873  121.66
295  23  LEU  CA  -18.998  7.578  -1.955  58.33
296  23  LEU  C  -20.383  7.316  -1.371  175.8
297  23  LEU  O  -20.936  8.155  -0.66  50.63
298  23  LEU  CB  -19.124  8.036  -3.409  32.15
299  23  LEU  CG  -17.813  8.193  -4.179  25.33
300  23  LEU  CD1  -18.066  8.153  -5.678  1.16
301  23  LEU  CD2  -17.117  9.49  -3.789  1.02
302  23  LEU  H  -18.066  5.892  -2.572  8.89
303  23  LEU  HA  -18.568  8.278  -1.439  3.64
304  23  LEU  HB2  -19.668  7.386  -3.88  1.64
305  23  LEU  HB3  -19.575  8.895  -3.411  1.37
306  23  LEU  HG  -17.223  7.456  -3.956  2.35
307  23  LEU  HD11  -18.64  8.893  -5.93  2.42
308  23  LEU  HD12  -18.496  7.315  -5.911  113.81
309  23  LEU  HD13  -17.222  8.223  -6.15  52.58
310  23  LEU  HD21  -17.661  10.244  -4.067  2.66
311  23  LEU  HD22  -16.252  9.537  -4.226  121.49
312  23  LEU  HD23  -16.996  9.514  -2.827  39.37
313  24  TYR  N  -20.935  6.147  -1.674  115.51
314  24  TYR  CA  -22.255  5.774  -1.179  45.81
315  24  TYR  C  -22.185  4.497  -0.347  39.54
316  24  TYR  O  -21.385  3.598  -0.609  16.93
317  24  TYR  CB  -23.225  5.583  -2.346  7.06
318  24  TYR  CG  -22.941  6.487  -3.524  4.84
319  24  TYR  CD1  -21.972  6.155  -4.462  2.65
320  24  TYR  CD2  -23.642  7.674  -3.698  2.98
321  24  TYR  CE1  -21.708  6.978  -5.539  2.58
322  24  TYR  CE2  -23.386  8.503  -4.773  2.58
323  24  TYR  CZ  -22.418  8.151  -5.691  7.32
324  24  TYR  OH  -22.159  8.974  -6.763  6.59
325  24  TYR  H  -20.505  5.596  -2.175  8.24
326  24  TYR  HA  -22.577  6.496  -0.617  54.74
327  24  TYR  HB2  -23.172  4.665  -2.656  173.37
328  24  TYR  HB3  -24.128  5.765  -2.041  55.75
329  24  TYR  HD1  -21.495  5.364  -4.358  7.48
330  24  TYR  HD2  -24.293  7.91  -3.077  20.38
331  24  TYR  HE1  -21.056  6.741  -6.159  21.39
332  24  TYR  HE2  -23.864  9.294  -4.875  109.64
333  24  TYR  HH  -21.93  8.509  -7.424  63.99
334  25  PRO  N  -23.042  4.414  0.681  120.67
335  25  PRO  CA  -23.099  3.252  1.573  57.59
336  25  PRO  C  -23.659  2.015  0.878  4.47
337  25  PRO  O  -24.764  2.042  0.335  42.57
338  25  PRO  CB  -24.039  3.708  2.691  32.15
339  25  PRO  CG  -24.893  4.756  2.065  38.17
340  25  PRO  CD  -24.023  5.448  1.052  8.41
341  25  PRO  HA  -22.227  3.045  1.945  4.35
342  25  PRO  HB2  -24.568  2.955  2.999  2.08
343  25  PRO  HB3  -23.52  4.067  3.427  1.91
344  25  PRO  HG2  -25.655  4.344  1.629  2.44
345  25  PRO  HG3  -25.19  5.386  2.74  2.25
346  25  PRO  HD2  -24.549  5.718  0.283  111.87
347  25  PRO  HD3  -23.583  6.215  1.451  45.27
348  26  PHE  N  -22.89  0.931  0.899  115.33
349  26  PHE  CA  -23.31  -0.316  0.271  61.38
350  26  PHE  C  -23.123  -1.494  1.222  123.04
351  26  PHE  O  -21.998  -1.841  1.584  65.83
352  26  PHE  CB  -22.518  -0.555  -1.017  70.28
353  26  PHE  CG  -23  -1.738  -1.806  5.44
354  26  PHE  CD1  -22.826  -3.026  -1.326  8.75
355  26  PHE  CD2  -23.629  -1.562  -3.029  1.72
356  26  PHE  CE1  -23.268  -4.116  -2.051  1.43
357  26  PHE  CE2  -24.073  -2.649  -3.758  1.53
358  26  PHE  CZ  -23.893  -3.928  -3.268  120.67
359  26  PHE  H  -22.126  0.966  1.293  8.63
360  26  PHE  HA  -24.252  -0.237  0.052  5.38
361  26  PHE  HB2  -22.59  0.229  -1.583  8.6
362  26  PHE  HB3  -21.586  -0.704  -0.792  31.66
363  26  PHE  HD1  -22.406  -3.154  -0.506  21.85
364  26  PHE  HD2  -23.75  -0.701  -3.36  23.25
365  26  PHE  HE1  -23.146  -4.976  -1.719  7.14
366  26  PHE  HE2  -24.494  -2.519  -4.577  4.09
367  26  PHE  HZ  -24.191  -4.66  -3.757  1.79
368  27  SER  N  -24.233  -2.105  1.624  121.53
369  27  SER  CA  -24.192  -3.242  2.536  54.56
370  27  SER  C  -24.874  -4.459  1.919  28.08
371  27  SER  O  -26.006  -4.375  1.441  16.94
372  27  SER  CB  -24.867  -2.883  3.862  37.15
373  27  SER  OG  -26.256  -2.662  3.683  9.52
374  27  SER  H  -24.994  -1.822  1.34  9.04
375  27  SER  HA  -23.261  -3.456  2.704  4.92
376  27  SER  HB2  -24.745  -3.61  4.492  1.76
377  27  SER  HB3  -24.465  -2.075  4.217  1.53
378  27  SER  HG  -26.663  -2.849  4.394  32.77
379  28  SER  N  -24.176  -5.59  1.932  119.91
380  28  SER  CA  -24.711  -6.825  1.37  54.56
381  28  SER  C  -25.071  -7.814  2.475  176.87
382  28  SER  O  -24.789  -7.578  3.65  9.24
383  28  SER  CB  -23.697  -7.457  0.415  33.22
384  28  SER  OG  -24.035  -8.803  0.129  121.77
385  28  SER  H  -23.389  -5.593  2.279  8.17
386  28  SER  HA  -25.515  -6.603  0.875  4.92
387  28  SER  HB2  -23.683  -6.956  -0.415  2.28
388  28  SER  HB3  -22.817  -7.435  0.822  2
389  28  SER  HG  -23.714  -9.304  0.721  61.13
390  29  VAL  N  -25.695  -8.922  2.089  125.44
391  29  VAL  CA  -26.092  -9.948  3.045  63.68
392  29  VAL  C  -25.157  -11.15  2.981  33.04
393  29  VAL  O  -24.912  -11.815  3.989  24.24
394  29  VAL  CB  -27.536  -10.421  2.792  32.54
395  29  VAL  CG1  -27.958  -11.436  3.844  21.93
396  29  VAL  CG2  -28.489  -9.235  2.771  22.13
397  29  VAL  H  -25.868  -9.037  1.254  8.54
398  29  VAL  HA  -26.05  -9.563  3.934  4.07
399  29  VAL  HB  -27.568  -10.853  1.924  2
400  29  VAL  HG11  -28.26  -10.97  4.639  175.82
401  29  VAL  HG12  -28.679  -11.983  3.495  6.97
402  29  VAL  HG13  -27.202  -12.001  4.068  118.81
403  29  VAL  HG21  -28.97  -9.194  3.612  53.26
404  29  VAL  HG22  -27.984  -8.416  2.648  131.27
405  29  VAL  HG23  -29.12  -9.339  2.041  131.27
406  30  THR  N  -24.635  -11.425  1.79  127.03
407  30  THR  CA  -23.727  -12.548  1.594  61.18
408  30  THR  C  -22.281  -12.135  1.843  8.38
409  30  THR  O  -21.968  -10.947  1.908  9.85
410  30  THR  CB  -23.846  -13.125  0.171  38.78
411  30  THR  OG1  -22.947  -14.229  0.013  8.97
412  30  THR  CG2  -23.539  -12.061  -0.872  17.96
413  30  THR  H  -24.84  -10.928  1.119  9.28
414  30  THR  HA  -23.969  -13.243  2.226  4.25
415  30  THR  HB  -24.755  -13.436  0.038  1.74
416  30  THR  HG1  -23.308  -14.929  0.305  44.1
417  30  THR  HG21  -22.622  -12.158  -1.172  116.04
418  30  THR  HG22  -23.662  -11.181  -0.482  65.64
419  30  THR  HG23  -24.139  -12.167  -1.627  177.56
420  31  GLU  N  -21.403  -13.124  1.982  118.67
421  31  GLU  CA  -19.99  -12.862  2.224  56.14
422  31  GLU  C  -19.283  -12.456  0.934  7.91
423  31  GLU  O  -18.318  -11.693  0.958  4.31
424  31  GLU  CB  -19.314  -14.097  2.822  34.27
425  31  GLU  CG  -19.439  -15.339  1.955  38.17
426  31  GLU  CD  -18.413  -16.4  2.304  2.44
427  31  GLU  OE1  -18.413  -16.867  3.462  111.93
428  31  GLU  OE2  -17.611  -16.763  1.419  58.91
429  31  GLU  H  -21.676  -13.938  1.928  7.97
430  31  GLU  HA  -19.927  -12.131  2.858  4.33
431  31  GLU  HB2  -18.371  -13.908  2.949  1.92
432  31  GLU  HB3  -19.716  -14.286  3.684  2
433  31  GLU  HG2  -20.325  -15.715  2.074  2.24
434  31  GLU  HG3  -19.319  -15.085  1.027  2.16
435  32  GLU  N  -19.77  -12.973  -0.189  8.46
436  32  GLU  CA  -19.184  -12.666  -1.488  53.62
437  32  GLU  C  -18.998  -11.161  -1.659  4.03
438  32  GLU  O  -17.921  -10.698  -2.031  4.03
439  32  GLU  CB  -20.067  -13.213  -2.613  32.33
440  32  GLU  CG  -19.893  -14.703  -2.853  23.89
441  32  GLU  CD  -20.998  -15.288  -3.711  30.15
442  32  GLU  OE1  -21.103  -14.893  -4.892  3.99
443  32  GLU  OE2  -21.757  -16.139  -3.203  0.66
444  32  GLU  H  -20.447  -13.502  -0.149  8.56
445  32  GLU  HA  -18.316  -13.096  -1.532  4.73
446  32  GLU  HB2  -20.996  -13.045  -2.39  1.52
447  32  GLU  HB3  -19.851  -12.745  -3.435  117.12
448  32  GLU  HG2  -19.044  -14.85  -3.298  0.68
449  32  GLU  HG3  -19.892  -15.158  -1.996  -0.12
450  33  GLU  N  -20.056  -10.405  -1.385  3.74
451  33  GLU  CA  -20.01  -8.953  -1.509  63.12
452  33  GLU  C  -19.427  -8.317  -0.25  116.78
453  33  GLU  O  -19.508  -8.884  0.84  54.9
454  33  GLU  CB  -21.41  -8.396  -1.774  31.65
455  33  GLU  CG  -21.991  -8.82  -3.113  56.6
456  33  GLU  CD  -23.171  -7.966  -3.533  174.15
457  33  GLU  OE1  -22.961  -6.774  -3.841  8.2
458  33  GLU  OE2  -24.305  -8.489  -3.554  42.86
459  33  GLU  H  -20.786  -10.781  -1.129  27.15
460  33  GLU  HA  -19.438  -8.737  -2.262  8.86
461  33  GLU  HB2  -22.006  -8.702  -1.072  4.56
462  33  GLU  HB3  -21.37  -7.427  -1.752  3.01
463  33  GLU  HG2  -21.3  -8.747  -3.79  7.74
464  33  GLU  HG3  -22.283  -9.743  -3.048  4.2
465  34  LEU  N  -18.839  -7.136  -0.409  124.05
466  34  LEU  CA  -18.242  -6.422  0.714  58.59
467  34  LEU  C  -19.291  -5.602  1.458  61.41
468  34  LEU  O  -20.327  -5.248  0.898  29.23
469  34  LEU  CB  -17.117  -5.509  0.224  30.2
470  34  LEU  CG  -15.744  -6.162  0.064  36.63
471  34  LEU  CD1  -14.674  -5.105  -0.162  1.6
472  34  LEU  CD2  -15.411  -7.008  1.285  1.44
473  34  LEU  H  -18.809  -6.784  -1.193  8.84
474  34  LEU  HA  -17.872  -7.081  1.322  4.02
475  34  LEU  HB2  -17.379  -5.153  -0.64  1.97
476  34  LEU  HB3  -17.029  -4.78  0.858  121.69
477  34  LEU  HG  -15.757  -6.745  -0.711  52.04
478  34  LEU  HD11  -14.235  -4.904  0.679  176.35
479  34  LEU  HD12  -15.084  -4.3  -0.514  118.28
480  34  LEU  HD13  -14.02  -5.438  -0.797  8.14
481  34  LEU  HD21  -15.952  -6.718  2.036  177.1
482  34  LEU  HD22  -14.472  -6.902  1.504  1.33
483  34  LEU  HD23  -15.596  -7.941  1.093  117.63
484  35  ASN  N  -19.013  -5.301  2.722  113.9
485  35  ASN  CA  -19.932  -4.52  3.542  53.82
486  35  ASN  C  -19.237  -3.289  4.116  84.19
487  35  ASN  O  -18.238  -3.401  4.826  43.51
488  35  ASN  CB  -20.491  -5.38  4.678  38.33
489  35  ASN  CG  -20.583  -6.846  4.302  1.1
490  35  ASN  OD1  -20.079  -7.714  5.014  9.32
491  35  ASN  ND2  -21.231  -7.128  3.177  9.31
492  35  ASN  H  -18.273  -5.574  3.065  8.45
493  35  ASN  HA  -20.665  -4.231  2.976  4.57
494  35  ASN  HB2  -19.912  -5.299  5.452  2.8
495  35  ASN  HB3  -21.379  -5.065  4.909  2.74
496  35  ASN  HD21  -21.561  -6.476  2.723  3.35
497  35  ASN  HD22  -21.297  -7.953  2.944  6.09
498  36  PHE  N  -19.774  -2.114  3.803  6.07
499  36  PHE  CA  -19.206  -0.861  4.287  52.63
500  36  PHE  C  -20.274  0.226  4.364  119.69
501  36  PHE  O  -21.449  -0.025  4.1  55.08
502  36  PHE  CB  -18.065  -0.407  3.373  42.02
503  36  PHE  CG  -18.404  -0.477  1.911  105.59
504  36  PHE  CD1  -18.205  -1.647  1.196  38.08
505  36  PHE  CD2  -18.922  0.627  1.253  25.09
506  36  PHE  CE1  -18.515  -1.713  -0.149  29.95
507  36  PHE  CE2  -19.235  0.566  -0.092  34.63
508  36  PHE  CZ  -19.032  -0.606  -0.794  19.7
509  36  PHE  H  -20.473  -2.092  3.303  7.25
510  36  PHE  HA  -18.854  -1.018  5.177  5.07
511  36  PHE  HB2  -17.838  0.513  3.582  2.99
512  36  PHE  HB3  -17.291  -0.971  3.528  2.32
513  36  PHE  HD1  -17.858  -2.394  1.628  1.21
514  36  PHE  HD2  -19.06  1.416  1.725  1.31
515  36  PHE  HE1  -18.378  -2.503  -0.62  23.38
516  36  PHE  HE2  -19.582  1.314  -0.523  21.78
517  36  PHE  HZ  -19.24  -0.648  -1.699  127.75
518  37  GLU  N  -19.855  1.434  4.728  64.25
519  37  GLU  CA  -20.776  2.559  4.842  63.93
520  37  GLU  C  -20.281  3.751  4.029  59.06
521  37  GLU  O  -19.278  3.661  3.32  31.77
522  37  GLU  CB  -20.945  2.962  6.308  31.95
523  37  GLU  CG  -21.592  1.887  7.165  41.11
524  37  GLU  CD  -23.082  1.759  6.914  117.01
525  37  GLU  OE1  -23.815  2.734  7.18  9.01
526  37  GLU  OE2  -23.514  0.683  6.45  3.56
527  37  GLU  H  -19.021  1.554  4.902  1.97
528  37  GLU  HA  -21.635  2.277  4.491  4.2
529  37  GLU  HB2  -20.072  3.164  6.68  129.9
530  37  GLU  HB3  -21.497  3.758  6.351  62.58
531  37  GLU  HG2  -21.171  1.036  6.967  176.33
532  37  GLU  HG3  -21.452  2.107  8.099  59.92
533  38  LYS  N  -20.991  4.869  4.136  115.18
534  38  LYS  CA  -20.626  6.081  3.412  56.79
535  38  LYS  C  -19.365  6.706  4  4.22
536  38  LYS  O  -19.321  7.045  5.182  25.25
537  38  LYS  CB  -21.775  7.09  3.453  29.66
538  38  LYS  CG  -21.662  8.184  2.406  37.09
539  38  LYS  CD  -22.962  8.958  2.264  115.82
540  38  LYS  CE  -22.798  10.162  1.35  53.4
541  38  LYS  NZ  -22.153  11.306  2.051  174.36
542  38  LYS  H  -21.684  4.878  4.645  8.53
543  38  LYS  HA  -20.453  5.837  2.489  4.07
544  38  LYS  HB2  -22.611  6.619  3.312  2.01
545  38  LYS  HB3  -21.793  7.508  4.328  1.8
546  38  LYS  HG2  -20.958  8.799  2.666  2.25
547  38  LYS  HG3  -21.441  7.78  1.552  2.18
548  38  LYS  HD2  -23.639  8.372  1.891  5.07
549  38  LYS  HD3  -23.244  9.263  3.141  2.79
550  38  LYS  HE2  -22.249  9.906  0.592  2.88
551  38  LYS  HE3  -23.674  10.437  1.037  2.37
552  38  LYS  HZ1  -21.557  11.007  2.64  1.89
553  38  LYS  HZ2  -22.766  11.786  2.482  117.66
554  38  LYS  HZ3  -21.738  11.831  1.464  65.22
555  39  GLY  N  -18.34  6.857  3.166  120.02
556  39  GLY  CA  -17.093  7.443  3.622  56.44
557  39  GLY  C  -16.162  6.418  4.238  58.35
558  39  GLY  O  -15.597  6.647  5.306  174.46
559  39  GLY  H  -18.421  6.603  2.348  7.95
560  39  GLY  HA2  -16.648  7.859  2.867  17.99
561  39  GLY  HA3  -17.291  8.124  4.284  3.74
562  40  GLU  N  -16.003  5.284  3.562  120.15
563  40  GLU  CA  -15.136  4.219  4.052  53.26
564  40  GLU  C  -13.915  4.053  3.151  3.94
565  40  GLU  O  -14.027  4.074  1.925  4.02
566  40  GLU  CB  -15.906  2.899  4.133  32.61
567  40  GLU  CG  -15.148  1.794  4.848  112.71
568  40  GLU  CD  -14.891  2.113  6.308  43.58
569  40  GLU  OE1  -15.871  2.326  7.051  172.79
570  40  GLU  OE2  -13.708  2.15  6.708  56.68
571  40  GLU  H  -16.423  5.175  2.819  9.31
572  40  GLU  HA  -14.837  4.463  4.942  5.34
573  40  GLU  HB2  -16.739  3.053  4.605  3.01
574  40  GLU  HB3  -16.105  2.598  3.233  2.8
575  40  GLU  HG2  -15.666  0.976  4.797  52.31
576  40  GLU  HG3  -14.295  1.664  4.405  176.02
577  41  THR  N  -12.749  3.889  3.768  124.17
578  41  THR  CA  -11.507  3.722  3.024  56.73
579  41  THR  C  -11.117  2.252  2.929  8.45
580  41  THR  O  -11.12  1.534  3.929  5.05
581  41  THR  CB  -10.353  4.508  3.673  34.22
582  41  THR  OG1  -10.815  5.794  4.101  2.87
583  41  THR  CG2  -9.197  4.676  2.699  2.87
584  41  THR  H  -12.728  3.883  4.628  9.11
585  41  THR  HA  -11.646  4.069  2.129  4.86
586  41  THR  HB  -10.037  4.013  4.445  172.28
587  41  THR  HG1  -10.756  6.338  3.464  4.84
588  41  THR  HG21  -8.846  3.804  2.46  33.86
589  41  THR  HG22  -8.498  5.204  3.115  55.18
590  41  THR  HG23  -9.511  5.128  1.9  177.59
591  42  MET  N  -10.78  1.81  1.722  124.79
592  42  MET  CA  -10.384  0.424  1.499  57.95
593  42  MET  C  -9.123  0.35  0.644  8.18
594  42  MET  O  -8.529  1.374  0.309  2.05
595  42  MET  CB  -11.518  -0.349  0.823  35.16
596  42  MET  CG  -12.849  -0.232  1.547  8.95
597  42  MET  SD  -14.26  -0.346  0.43  4.74
598  42  MET  CE  -15.317  -1.475  1.333  2.94
599  42  MET  H  -10.794  2.354  1.056  9.26
600  42  MET  HA  -10.201  0.024  2.364  5.56
601  42  MET  HB2  -11.632  -0.012  -0.079  2.62
602  42  MET  HB3  -11.276  -1.287  0.782  61.78
603  42  MET  HG2  -12.913  -0.947  2.2  179.52
604  42  MET  HG3  -12.881  0.624  2.003  178.25
605  42  MET  HE1  -15.926  -0.969  1.893  32.62
606  42  MET  HE2  -15.825  -2.013  0.706  30.62
607  42  MET  HE3  -14.772  -2.053  1.89  36.04
608  43  GLU  N  -8.719  -0.868  0.297  120.08
609  43  GLU  CA  -7.527  -1.074  -0.517  63.58
610  43  GLU  C  -7.747  -2.195  -1.529  4.09
611  43  GLU  O  -8.136  -3.306  -1.168  2.03
612  43  GLU  CB  -6.326  -1.403  0.372  36.42
613  43  GLU  CG  -6.132  -0.425  1.519  2.11
614  43  GLU  CD  -6.919  -0.813  2.756  2.11
615  43  GLU  OE1  -7.917  -1.55  2.617  2.38
616  43  GLU  OE2  -6.535  -0.38  3.862  2.17
617  43  GLU  H  -9.172  -1.551  0.559  9.03
618  43  GLU  HA  -7.348  -0.25  -0.997  5.47
619  43  GLU  HB2  -6.446  -2.29  0.745  1.7
620  43  GLU  HB3  -5.523  -1.396  -0.172  121.93
621  43  GLU  HG2  -5.19  -0.396  1.748  53.07
622  43  GLU  HG3  -6.421  0.455  1.231  181.26
623  44  VAL  N  -7.495  -1.895  -2.799  125.86
624  44  VAL  CA  -7.664  -2.877  -3.865  51.5
625  44  VAL  C  -6.611  -3.975  -3.771  8.05
626  44  VAL  O  -5.426  -3.734  -4.003  5.09
627  44  VAL  CB  -7.58  -2.217  -5.254  39.51
628  44  VAL  CG1  -7.727  -3.261  -6.35  1.44
629  44  VAL  CG2  -8.637  -1.132  -5.393  1.58
630  44  VAL  H  -7.225  -1.103  -2.997  8.9
631  44  VAL  HA  -8.543  -3.275  -3.769  4.86
632  44  VAL  HB  -6.707  -1.804  -5.344  176.91
633  44  VAL  HG11  -8.655  -3.308  -6.628  1.57
634  44  VAL  HG12  -7.174  -3.015  -7.108  20.04
635  44  VAL  HG13  -7.448  -4.126  -6.012  27.76
636  44  VAL  HG21  -9.015  -0.937  -4.521  42.44
637  44  VAL  HG22  -8.232  -0.329  -5.757  118.6
638  44  VAL  HG23  -9.339  -1.438  -5.989  7.97
639  45  ILE  N  -7.052  -5.182  -3.432  120.4
640  45  ILE  CA  -6.147  -6.319  -3.31  54.91
641  45  ILE  C  -6.065  -7.098  -4.618  1.84
642  45  ILE  O  -5.003  -7.597  -4.989  36.15
643  45  ILE  CB  -6.59  -7.272  -2.185  19.03
644  45  ILE  CG1  -8.059  -7.659  -2.363  1.43
645  45  ILE  CG2  -6.368  -6.626  -0.825  8.97
646  45  ILE  CD  -8.526  -8.721  -1.392  5.11
647  45  ILE  H  -7.891  -5.295  -3.281  9.19
648  45  ILE  HA  -5.265  -5.978  -3.093  4.18
649  45  ILE  HB  -6.043  -8.072  -2.232  1.52
650  45  ILE  HG12  -8.613  -6.873  -2.234  43.28
651  45  ILE  HG13  -8.19  -7.999  -3.262  175.35
652  45  ILE  HG21  -6.522  -7.281  -0.127  173.51
653  45  ILE  HG22  -5.456  -6.3  -0.768  32.99
654  45  ILE  HG23  -6.984  -5.885  -0.715  66.16
655  45  ILE  HD11  -9.516  -9.054  -1.67  69.19
656  45  ILE  HD12  -7.844  -9.557  -1.416  9.4
657  45  ILE  HD13  -8.554  -8.308  -0.393  4.95
658  46  GLU  N  -7.193  -7.197  -5.314  114.64
659  46  GLU  CA  -7.248  -7.916  -6.582  55.56
660  46  GLU  C  -8.448  -7.466  -7.411  120.8
661  46  GLU  O  -9.454  -7.007  -6.87  119.46
662  46  GLU  CB  -7.32  -9.424  -6.336  62.16
663  46  GLU  CG  -6.888  -10.257  -7.532  27.89
664  46  GLU  CD  -7.183  -11.733  -7.351  43.5
665  46  GLU  OE1  -8.072  -12.065  -6.539  176.37
666  46  GLU  OE2  -6.525  -12.556  -8.021  21.02
667  46  GLU  H  -7.908  -6.829  -5.009  7.37
668  46  GLU  HA  -6.436  -7.715  -7.073  4.41
669  46  GLU  HB2  -6.746  -9.647  -5.586  2.06
670  46  GLU  HB3  -8.234  -9.661  -6.114  1.78
671  46  GLU  HG2  -7.36  -9.941  -8.318  1.64
672  46  GLU  HG3  -5.933  -10.145  -7.661  8.14
673  47  LYS  N  -8.333  -7.602  -8.728  107.99
674  47  LYS  CA  -9.407  -7.211  -9.633  45.7
675  47  LYS  C  -9.807  -8.373  -10.537  1.77
676  47  LYS  O  -9.002  -8.897  -11.307  1.39
677  47  LYS  CB  -8.975  -6.015  -10.484  123.4
678  47  LYS  CG  -9.233  -4.673  -9.822  109.81
679  47  LYS  CD  -8.386  -3.574  -10.441  57.15
680  47  LYS  CE  -8.579  -2.248  -9.72  174.94
681  47  LYS  NZ  -7.369  -1.385  -9.811  43.62
682  47  LYS  H  -7.607  -7.928  -9.054  8.15
683  47  LYS  HA  -10.173  -6.956  -9.095  133.13
684  47  LYS  HB2  -8.025  -6.088  -10.665  133.13
685  47  LYS  HB3  -9.459  -6.038  -11.324  118.73
686  47  LYS  HG2  -10.17  -4.444  -9.929  118.72
687  47  LYS  HG3  -9.021  -4.741  -8.878  8.25
688  47  LYS  HD2  -7.451  -3.826  -10.385  4.81
689  47  LYS  HD3  -8.638  -3.466  -11.371  3.94
690  47  LYS  HE2  -9.33  -1.782  -10.12  4.02
691  47  LYS  HE3  -8.77  -2.427  -8.786  3.03
692  47  LYS  HZ1  -7.493  -0.635  -9.348  2.54
693  47  LYS  HZ2  -7.207  -1.174  -10.66  7.03
694  47  LYS  HZ3  -6.662  -1.814  -9.482  7.03
695  48  PRO  N  -11.079  -8.787  -10.443  121.08
696  48  PRO  CA  -11.614  -9.89  -11.246  55.65
697  48  PRO  C  -11.739  -9.526  -12.721  174.84
698  48  PRO  O  -12.145  -8.416  -13.063  116.57
699  48  PRO  CB  -12.997  -10.134  -10.637  29.82
700  48  PRO  CG  -13.377  -8.831  -10.024  34.57
701  48  PRO  CD  -12.094  -8.209  -9.545  1.72
702  48  PRO  HA  -11.074  -10.691  -11.156  4.26
703  48  PRO  HB2  -13.619  -10.393  -11.335  1.92
704  48  PRO  HB3  -12.941  -10.836  -9.97  2.01
705  48  PRO  HG2  -13.798  -8.264  -10.689  2.23
706  48  PRO  HG3  -13.977  -8.98  -9.277  2.31
707  48  PRO  HD2  -12.129  -7.244  -9.638  3.91
708  48  PRO  HD3  -11.921  -8.456  -8.623  171.58
709  49  GLU  N  -11.387  -10.468  -13.591  121.19
710  49  GLU  CA  -11.46  -10.245  -15.03  59.99
711  49  GLU  C  -12.891  -10.406  -15.534  1.99
712  49  GLU  O  -13.452  -9.496  -16.142  116.26
713  49  GLU  CB  -10.535  -11.216  -15.767  62.81
714  49  GLU  CG  -10.646  -11.132  -17.28  173.99
715  49  GLU  CD  -10.395  -9.732  -17.806  4.93
716  49  GLU  OE1  -11.168  -8.818  -17.45  70.48
717  49  GLU  OE2  -9.427  -9.551  -18.574  34.33
718  49  GLU  H  -11.11  -11.227  -13.297  8.33
719  49  GLU  HA  -11.167  -9.337  -15.205  5.4
720  49  GLU  HB2  -9.618  -11.025  -15.516  8.46
721  49  GLU  HB3  -10.754  -12.121  -15.496  4.86
722  49  GLU  HG2  -9.994  -11.732  -17.674  0.8
723  49  GLU  HG3  -11.538  -11.408  -17.543  2
724  50  ASN  N  -13.475  -11.571  -15.276  112.47
725  50  ASN  CA  -14.841  -11.853  -15.704  45.37
726  50  ASN  C  -15.769  -10.693  -15.359  50.57
727  50  ASN  O  -16.499  -10.193  -16.215  172.87
728  50  ASN  CB  -15.347  -13.14  -15.049  125.8
729  50  ASN  CG  -14.535  -14.354  -15.455  119.2
730  50  ASN  OD1  -14.668  -14.86  -16.569  58.3
731  50  ASN  ND2  -13.687  -14.828  -14.549  173.69
732  50  ASN  H  -13.038  -12.175  -14.847  8.87
733  50  ASN  HA  -14.832  -11.972  -16.667  34.5
734  50  ASN  HB2  -15.297  -13.047  -14.085  9.13
735  50  ASN  HB3  -16.27  -13.286  -15.308  4.83
736  50  ASN  HD21  -13.64  -14.43  -13.788  1.5
737  50  ASN  HD22  -13.215  -15.516  -14.757  8.77
738  51  ASP  N  -15.736  -10.271  -14.1  119.03
739  51  ASP  CA  -16.573  -9.168  -13.641  55.24
740  51  ASP  C  -15.738  -7.913  -13.406  1.73
741  51  ASP  O  -15.315  -7.619  -12.288  2.1
742  51  ASP  CB  -17.305  -9.557  -12.355  44.39
743  51  ASP  CG  -17.936  -10.932  -12.441  27.3
744  51  ASP  OD1  -18.973  -11.068  -13.124  60.13
745  51  ASP  OD2  -17.393  -11.873  -11.827  174.2
746  51  ASP  H  -15.207  -10.656  -13.542  9.02
747  51  ASP  HA  -17.228  -8.983  -14.332  5.18
748  51  ASP  HB2  -16.674  -9.554  -11.618  1.53
749  51  ASP  HB3  -18.004  -8.908  -12.179  1.62
750  52  PRO  N  -15.495  -7.154  -14.485  3.66
751  52  PRO  CA  -14.709  -5.918  -14.423  58.46
752  52  PRO  C  -15.439  -4.803  -13.682  61.67
753  52  PRO  O  -14.814  -3.881  -13.158  175.06
754  52  PRO  CB  -14.516  -5.546  -15.895  37.19
755  52  PRO  CG  -15.668  -6.175  -16.599  70.33
756  52  PRO  CD  -15.969  -7.443  -15.849  173.87
757  52  PRO  HA  -13.844  -6.067  -14.009  4.84
758  52  PRO  HB2  -14.526  -4.581  -15.989  8.48
759  52  PRO  HB3  -13.67  -5.898  -16.213  7.99
760  52  PRO  HG2  -16.434  -5.58  -16.576  0.67
761  52  PRO  HG3  -15.424  -6.376  -17.516  116.35
762  52  PRO  HD2  -16.922  -7.622  -15.853  63.04
763  52  PRO  HD3  -15.481  -8.188  -16.233  118.54
764  53  GLU  N  -16.764  -4.895  -13.641  58.57
765  53  GLU  CA  -17.579  -3.893  -12.964  61.36
766  53  GLU  C  -17.439  -4.011  -11.449  175.56
767  53  GLU  O  -17.87  -3.131  -10.705  36.1
768  53  GLU  CB  -19.048  -4.042  -13.365  29.1
769  53  GLU  CG  -19.297  -3.841  -14.85  22.09
770  53  GLU  CD  -20.721  -3.415  -15.15  9.56
771  53  GLU  OE1  -21.629  -4.267  -15.05  5.56
772  53  GLU  OE2  -20.928  -2.23  -15.485  2.38
773  53  GLU  H  -17.151  -5.561  -14.024  119.54
774  53  GLU  HA  -17.264  -3.018  -13.24  57.89
775  53  GLU  HB2  -19.35  -4.931  -13.122  124.47
776  53  GLU  HB3  -19.572  -3.388  -12.877  55.31
777  53  GLU  HG2  -18.694  -3.155  -15.178  177.99
778  53  GLU  HG3  -19.118  -4.675  -15.312  118.58
779  54  TRP  N  -16.833  -5.105  -11.001  125.96
780  54  TRP  CA  -16.637  -5.339  -9.575  58.98
781  54  TRP  C  -15.152  -5.417  -9.235  176.25
782  54  TRP  O  -14.346  -5.885  -10.04  44.68
783  54  TRP  CB  -17.338  -6.63  -9.148  29.55
784  54  TRP  CG  -18.831  -6.562  -9.268  30.93
785  54  TRP  CD1  -19.569  -6.72  -10.406  4.66
786  54  TRP  CD2  -19.765  -6.317  -8.211  2.32
787  54  TRP  NE1  -20.907  -6.587  -10.12  8.74
788  54  TRP  CE2  -21.054  -6.341  -8.781  5.08
789  54  TRP  CE3  -19.64  -6.082  -6.839  2.12
790  54  TRP  CZ2  -22.205  -6.137  -8.025  2.01
791  54  TRP  CZ3  -20.783  -5.88  -6.091  67.31
792  54  TRP  CH2  -22.052  -5.909  -6.684  176.91
793  54  TRP  H  -16.55  -5.689  -11.565  7.82
794  54  TRP  HA  -17.029  -4.593  -9.094  2.96
795  54  TRP  HB2  -17.026  -7.361  -9.704  1.23
796  54  TRP  HB3  -17.12  -6.817  -8.221  21.88
797  54  TRP  HD1  -19.208  -6.89  -11.246  9.14
798  54  TRP  HE1  -21.548  -6.651  -10.69  118.81
799  54  TRP  HE3  -18.805  -6.06  -6.43  2.63
800  54  TRP  HZ2  -23.053  -6.155  -8.406  173.83
801  54  TRP  HZ3  -20.717  -5.722  -5.177  2.11
802  54  TRP  HH2  -22.798  -5.769  -6.147  42.92
803  55  TRP  N  -14.798  -4.956  -8.042  113.31
804  55  TRP  CA  -13.409  -4.974  -7.597  53.82
805  55  TRP  C  -13.277  -5.684  -6.254  61.61
806  55  TRP  O  -14.206  -5.687  -5.447  8.76
807  55  TRP  CB  -12.868  -3.547  -7.488  37.03
808  55  TRP  CG  -12.613  -2.906  -8.819  3.39
809  55  TRP  CD1  -12.465  -3.539  -10.019  3.48
810  55  TRP  CD2  -12.475  -1.505  -9.082  68.05
811  55  TRP  NE1  -12.243  -2.617  -11.013  1.76
812  55  TRP  CE2  -12.245  -1.362  -10.465  114.79
813  55  TRP  CE3  -12.526  -0.358  -8.286  62.76
814  55  TRP  CZ2  -12.065  -0.119  -11.064  173.84
815  55  TRP  CZ3  -12.346  0.876  -8.882  4.14
816  55  TRP  CH2  -12.119  0.988  -10.26  28.51
817  55  TRP  H  -15.402  -4.639  -7.519  8.25
818  55  TRP  HA  -12.892  -5.457  -8.26  4.57
819  55  TRP  HB2  -13.51  -2.999  -7.01  2.74
820  55  TRP  HB3  -12.032  -3.562  -6.997  2.8
821  55  TRP  HD1  -12.508  -4.461  -10.134  8.76
822  55  TRP  HE1  -12.123  -2.799  -11.845  4.9
823  55  TRP  HE3  -12.676  -0.415  -7.37  2.03
824  55  TRP  HZ2  -11.914  -0.03  -11.977  1.85
825  55  TRP  HZ3  -12.376  1.649  -8.366  1.34
826  55  TRP  HH2  -12.003  1.835  -10.625  1.3
827  56  LYS  N  -12.116  -6.287  -6.021  118.83
828  56  LYS  CA  -11.86  -7  -4.775  58.28
829  56  LYS  C  -11.085  -6.125  -3.796  6.83
830  56  LYS  O  -9.928  -5.779  -4.04  4.24
831  56  LYS  CB  -11.081  -8.288  -5.051  38.8
832  56  LYS  CG  -11.363  -9.396  -4.051  2.32
833  56  LYS  CD  -10.304  -10.484  -4.11  2.29
834  56  LYS  CE  -10.868  -11.835  -3.699  116.64
835  56  LYS  NZ  -9.929  -12.947  -4.012  45.19
836  56  LYS  H  -11.499  -6.255  -6.619  8.01
837  56  LYS  HA  -12.716  -7.227  -4.38  4.7
838  56  LYS  HB2  -11.314  -8.609  -5.936  3.55
839  56  LYS  HB3  -10.132  -8.09  -5.027  3.27
840  56  LYS  HG2  -11.376  -9.018  -3.158  2.31
841  56  LYS  HG3  -12.228  -9.787  -4.251  131.72
842  56  LYS  HD2  -9.967  -10.548  -5.017  131.72
843  56  LYS  HD3  -9.578  -10.25  -3.511  131.76
844  56  LYS  HE2  -11.039  -11.824  -2.744  131.76
845  56  LYS  HE3  -11.7  -11.982  -4.175  9.4
846  56  LYS  HZ1  -10.385  -13.68  -4.229  4
847  56  LYS  HZ2  -9.42  -13.126  -3.304  1.93
848  56  LYS  HZ3  -9.404  -12.722  -4.694  2.29
849  57  CYS  N  -11.728  -5.771  -2.688  109.79
850  57  CYS  CA  -11.097  -4.936  -1.672  58.38
851  57  CYS  C  -11.321  -5.515  -0.278  6.95
852  57  CYS  O  -12.122  -6.431  -0.096  6.99
853  57  CYS  CB  -11.647  -3.511  -1.74  36.21
854  57  CYS  SG  -11.163  -2.603  -3.227  124.75
855  57  CYS  H  -12.536  -6.041  -2.568  7.24
856  57  CYS  HA  -10.144  -4.916  -1.853  5.29
857  57  CYS  HB2  -12.616  -3.544  -1.718  178.14
858  57  CYS  HB3  -11.33  -3.012  -0.971  35.37
859  57  CYS  HG  -12.097  -1.935  -3.574  27.69
860  58  LYS  N  -10.606  -4.974  0.703  116.9
861  58  LYS  CA  -10.725  -5.435  2.081  59.02
862  58  LYS  C  -11.124  -4.29  3.005  179.29
863  58  LYS  O  -10.443  -3.267  3.072  9.46
864  58  LYS  CB  -9.404  -6.048  2.551  35.64
865  58  LYS  CG  -9.514  -6.789  3.872  1.44
866  58  LYS  CD  -8.174  -7.362  4.303  1.42
867  58  LYS  CE  -7.973  -8.771  3.767  1.35
868  58  LYS  NZ  -6.607  -9.287  4.062  1.48
869  58  LYS  H  -10.061  -4.335  0.52  8.65
870  58  LYS  HA  -11.416  -6.115  2.109  4.59
871  58  LYS  HB2  -9.091  -6.671  1.877  117.98
872  58  LYS  HB3  -8.75  -5.339  2.652  52.75
873  58  LYS  HG2  -9.825  -6.173  4.554  0.85
874  58  LYS  HG3  -10.151  -7.514  3.774  2.93
875  58  LYS  HD2  -7.464  -6.794  3.964  42.17
876  58  LYS  HD3  -8.137  -7.385  5.272  27.15
877  58  LYS  HE2  -8.627  -9.358  4.178  65.72
878  58  LYS  HE3  -8.106  -8.761  2.806  178.39
879  58  LYS  HZ1  -6.528  -9.464  4.931  29.48
880  58  LYS  HZ2  -5.996  -8.681  3.837  8.36
881  58  LYS  HZ3  -6.456  -10.033  3.601  4.89
882  59  ASN  N  -12.231  -4.468  3.718  125.44
883  59  ASN  CA  -12.72  -3.449  4.64  63.68
884  59  ASN  C  -11.943  -3.486  5.953  3.62
885  59  ASN  O  -10.986  -4.246  6.099  2.32
886  59  ASN  CB  -14.212  -3.651  4.912  32.54
887  59  ASN  CG  -14.548  -5.09  5.254  60.03
888  59  ASN  OD1  -14.696  -5.443  6.424  176.13
889  59  ASN  ND2  -14.668  -5.928  4.232  27.04
890  59  ASN  H  -12.671  -5.202  3.634  8.54
891  59  ASN  HA  -12.59  -2.583  4.223  4.07
892  59  ASN  HB2  -14.478  -3.09  5.657  121.11
893  59  ASN  HB3  -14.717  -3.397  4.124  118.37
894  59  ASN  HD21  -14.552  -5.62  3.437  65.18
895  59  ASN  HD22  -14.859  -6.749  4.4  177.17
896  60  ALA  N  -12.361  -2.658  6.905  128.96
897  60  ALA  CA  -11.706  -2.597  8.206  55.77
898  60  ALA  C  -11.777  -3.943  8.919  22.21
899  60  ALA  O  -10.856  -4.321  9.643  7.45
900  60  ALA  CB  -12.336  -1.509  9.063  42.92
901  60  ALA  H  -13.035  -2.147  6.75  8.97
902  60  ALA  HA  -10.775  -2.366  8.062  4.4
903  60  ALA  HB1  -11.682  -0.812  9.231  118.82
904  60  ALA  HB2  -13.099  -1.132  8.597  1.51
905  60  ALA  HB3  -12.626  -1.89  9.907  117.29
906  61  ARG  N  -12.876  -4.661  8.711  53.5
907  61  ARG  CA  -13.067  -5.964  9.336  177.11
908  61  ARG  C  -12.063  -6.979  8.796  119.35
909  61  ARG  O  -11.997  -8.113  9.267  55.33
910  61  ARG  CB  -14.493  -6.464  9.098  179.05
911  61  ARG  CG  -15.55  -5.382  9.247  62.13
912  61  ARG  CD  -16.914  -5.977  9.562  18.86
913  61  ARG  NE  -17.818  -4.992  10.149  7.51
914  61  ARG  CZ  -17.689  -4.52  11.385  4.51
915  61  ARG  NH1  -16.698  -4.942  12.158  2.62
916  61  ARG  NH2  -18.552  -3.625  11.848  3.12
917  61  ARG  H  -13.489  -4.349  8.195  8.01
918  61  ARG  HA  -12.924  -5.861  10.29  4.18
919  61  ARG  HB2  -14.552  -6.823  8.199  3.86
920  61  ARG  HB3  -14.687  -7.17  9.735  3.8
921  61  ARG  HG2  -15.293  -4.788  9.97  3.17
922  61  ARG  HG3  -15.608  -4.881  8.419  29.35
923  61  ARG  HD2  -17.305  -6.312  8.74  36.29
924  61  ARG  HD3  -16.798  -6.71  10.186  108.66
925  61  ARG  HE  -18.467  -4.707  9.663  44.87
926  61  ARG  HH11  -16.137  -5.521  11.859  174.75
927  61  ARG  HH12  -16.616  -4.634  12.957  7.26
928  61  ARG  HH21  -19.196  -3.35  11.349  3.81
929  61  ARG  HH22  -18.468  -3.321  12.648  2.01
930  62  GLY  N  -11.284  -6.562  7.803  2.01
931  62  GLY  CA  -10.295  -7.446  7.214  2.14
932  62  GLY  C  -10.916  -8.482  6.298  8.04
933  62  GLY  O  -10.282  -9.482  5.963  121.56
934  62  GLY  H  -11.369  -5.759  7.508  55.11
935  62  GLY  HA2  -9.663  -6.915  6.705  180.86
936  62  GLY  HA3  -9.821  -7.903  7.926  4.14
937  63  GLN  N  -12.16  -8.243  5.894  18.82
938  63  GLN  CA  -12.867  -9.165  5.013  7.79
939  63  GLN  C  -12.802  -8.693  3.565  4.09
940  63  GLN  O  -12.874  -7.495  3.288  124.59
941  63  GLN  CB  -14.326  -9.305  5.451  118.84
942  63  GLN  CG  -14.551  -10.405  6.476  64.87
943  63  GLN  CD  -14.042  -11.754  6.005  174.25
944  63  GLN  OE1  -14.609  -12.361  5.096  66.6
945  63  GLN  NE2  -12.968  -12.23  6.623  69.2
946  63  GLN  H  -12.557  -7.528  6.159  8.18
947  63  GLN  HA  -12.434  -10.031  5.079  3.87
948  63  GLN  HB2  -14.618  -8.465  5.838  21
949  63  GLN  HB3  -14.87  -9.5  4.672  25.04
950  63  GLN  HG2  -14.088  -10.169  7.295  8.85
951  63  GLN  HG3  -15.502  -10.476  6.653  130.07
952  63  GLN  HE21  -12.619  -11.758  7.252  62.56
953  63  GLN  HE22  -12.661  -12.994  6.375  176.72
954  64  VAL  N  -12.664  -9.641  2.644  177.33
955  64  VAL  CA  -12.59  -9.322  1.223  32.35
956  64  VAL  C  -13.864  -9.74  0.498  63.56
957  64  VAL  O  -14.498  -10.731  0.857  4.97
958  64  VAL  CB  -11.384  -10.009  0.556  2.12
959  64  VAL  CG1  -10.156  -9.921  1.45  116.32
960  64  VAL  CG2  -11.711  -11.458  0.227  8.85
961  64  VAL  H  -12.618  -10.463  2.891  4.29
962  64  VAL  HA  -12.479  -8.362  1.137  112.33
963  64  VAL  HB  -11.189  -9.546  -0.274  31.48
964  64  VAL  HG11  -10.152  -10.669  2.067  0.91
965  64  VAL  HG12  -9.355  -9.947  0.903  21.23
966  64  VAL  HG13  -10.18  -9.09  1.95  7.73
967  64  VAL  HG21  -11.92  -11.935  1.045  3.51
968  64  VAL  HG22  -12.476  -11.489  -0.369  2.08
969  64  VAL  HG23  -10.948  -11.873  -0.204  8.59
970  65  GLY  N  -14.234  -8.976  -0.526  5.59
971  65  GLY  CA  -15.431  -9.283  -1.286  119.58
972  65  GLY  C  -15.515  -8.498  -2.579  120.19
973  65  GLY  O  -14.582  -7.776  -2.938  124.09
974  65  GLY  H  -13.756  -8.293  -0.737  56.05
975  65  GLY  HA2  -15.437  -10.231  -1.493  175.02
976  65  GLY  HA3  -16.208  -9.076  -0.744  59.35
977  66  LEU  N  -16.632  -8.638  -3.284  40.59
978  66  LEU  CA  -16.833  -7.937  -4.547  107.84
979  66  LEU  C  -17.545  -6.606  -4.324  32.31
980  66  LEU  O  -18.729  -6.573  -3.987  25.32
981  66  LEU  CB  -17.641  -8.805  -5.513  129.84
982  66  LEU  CG  -16.917  -10.024  -6.087  41.91
983  66  LEU  CD1  -17.752  -10.676  -7.178  1.88
984  66  LEU  CD2  -15.55  -9.627  -6.623  8.21
985  66  LEU  H  -17.253  -9.155  -2.989  5.09
986  66  LEU  HA  -15.96  -7.764  -4.933  2.56
987  66  LEU  HB2  -18.426  -9.122  -5.04  3.42
988  66  LEU  HB3  -17.917  -8.245  -6.255  1.39
989  66  LEU  HG  -16.786  -10.676  -5.381  1.52
990  66  LEU  HD11  -17.255  -11.411  -7.569  7.35
991  66  LEU  HD12  -17.954  -10.021  -7.864  1.62
992  66  LEU  HD13  -18.579  -11.009  -6.796  2.9
993  66  LEU  HD21  -15.236  -10.307  -7.24  2.9
994  66  LEU  HD22  -14.924  -9.546  -5.886  119.25
995  66  LEU  HD23  -15.618  -8.777  -7.086  57.05
996  67  VAL  N  -16.817  -5.511  -4.517  112.72
997  67  VAL  CA  -17.379  -4.178  -4.34  119.75
998  67  VAL  C  -17.495  -3.449  -5.674  54.65
999  67  VAL  O  -16.6  -3.502  -6.519  174.52
1000  67  VAL  CB  -16.525  -3.332  -3.378  8.33
1001  67  VAL  CG1  -15.077  -3.29  -3.844  43.08
1002  67  VAL  CG2  -17.094  -1.926  -3.256  7.89
1003  67  VAL  H  -15.994  -5.592  -4.752  21.31
1004  67  VAL  HA  -18.265  -4.275  -3.956  7.14
1005  67  VAL  HB  -16.55  -3.747  -2.502  4.91
1006  67  VAL  HG11  -14.53  -3.822  -3.245  4.18
1007  67  VAL  HG12  -15.017  -3.648  -4.743  7.2
1008  67  VAL  HG13  -14.762  -2.372  -3.839  27.59
1009  67  VAL  HG21  -16.388  -1.312  -3.001  51.15
1010  67  VAL  HG22  -17.466  -1.653  -4.109  1.64
1011  67  VAL  HG23  -17.791  -1.916  -2.581  117.89
1012  68  PRO  N  -18.623  -2.751  -5.871  56.81
1013  68  PRO  CA  -18.883  -1.997  -7.101  175.78
1014  68  PRO  C  -17.986  -0.77  -7.229  1.64
1015  68  PRO  O  -17.986  0.105  -6.363  64.69
1016  68  PRO  CB  -20.348  -1.575  -6.956  8.36
1017  68  PRO  CG  -20.592  -1.554  -5.486  5.11
1018  68  PRO  CD  -19.732  -2.644  -4.908  26.41
1019  68  PRO  HA  -18.782  -2.554  -7.889  3.66
1020  68  PRO  HB2  -20.475  -0.697  -7.349  4.21
1021  68  PRO  HB3  -20.92  -2.22  -7.401  119.84
1022  68  PRO  HG2  -20.335  -0.693  -5.121  64.11
1023  68  PRO  HG3  -21.528  -1.734  -5.305  177.02
1024  68  PRO  HD2  -19.406  -2.389  -4.031  25.16
1025  68  PRO  HD3  -20.228  -3.476  -4.858  68.35
1026  69  LYS  N  -17.223  -0.712  -8.315  56.93
1027  69  LYS  CA  -16.322  0.408  -8.558  173.86
1028  69  LYS  C  -17.104  1.701  -8.764  60.82
1029  69  LYS  O  -16.665  2.775  -8.356  64.99
1030  69  LYS  CB  -15.447  0.129  -9.782  8.9
1031  69  LYS  CG  -16.239  -0.082  -11.061  4.41
1032  69  LYS  CD  -15.381  -0.7  -12.153  8.13
1033  69  LYS  CE  -15.838  -0.26  -13.536  4.41
1034  69  LYS  NZ  -17.317  -0.345  -13.684  1.24
1035  69  LYS  H  -17.262  -1.351  -8.889  33.92
1036  69  LYS  HA  -15.753  0.508  -7.779  122.79
1037  69  LYS  HB2  -14.847  0.879  -9.916  58.73
1038  69  LYS  HB3  -14.921  -0.669  -9.615  178.23
1039  69  LYS  HG2  -16.985  -0.674  -10.876  7.93
1040  69  LYS  HG3  -16.573  0.775  -11.37  29.61
1041  69  LYS  HD2  -14.46  -0.424  -12.025  36.5
1042  69  LYS  HD3  -15.442  -1.666  -12.093  2.05
1043  69  LYS  HE2  -15.558  0.658  -13.68  2.46
1044  69  LYS  HE3  -15.421  -0.833  -14.198  2.4
1045  69  LYS  HZ1  -17.675  0.469  -13.644  7.25
1046  69  LYS  HZ2  -17.661  -0.843  -13.031  6.76
1047  69  LYS  HZ3  -17.526  -0.713  -14.467  8.35
1048  70  ASN  N  -18.267  1.589  -9.399  4.06
1049  70  ASN  CA  -19.111  2.75  -9.658  1.91
1050  70  ASN  C  -19.523  3.425  -8.353  2
1051  70  ASN  O  -20.08  4.523  -8.359  31.69
1052  70  ASN  CB  -20.356  2.336  -10.446  28.17
1053  70  ASN  CG  -20.013  1.549  -11.696  50.91
1054  70  ASN  OD1  -19.413  2.079  -12.631  4.38
1055  70  ASN  ND2  -20.394  0.277  -11.717  2.41
1056  70  ASN  H  -18.528  0.813  -9.663  117.48
1057  70  ASN  HA  -18.597  3.38  -10.187  58.62
1058  70  ASN  HB2  -20.92  1.784  -9.882  178.15
1059  70  ASN  HB3  -20.846  3.131  -10.708  3.44
1060  70  ASN  HD21  -20.81  -0.034  -11.031  32.26
1061  70  ASN  HD22  -20.21  -0.19  -12.415  25.07
1062  71  TYR  N  -19.245  2.761  -7.237  59.11
1063  71  TYR  CA  -19.587  3.295  -5.924  175.8
1064  71  TYR  C  -18.355  3.869  -5.23  7.47
1065  71  TYR  O  -18.462  4.754  -4.381  4.17
1066  71  TYR  CB  -20.215  2.205  -5.054  2.03
1067  71  TYR  CG  -21.661  1.919  -5.391  2.02
1068  71  TYR  CD1  -22.041  1.592  -6.687  7.56
1069  71  TYR  CD2  -22.647  1.975  -4.414  4.75
1070  71  TYR  CE1  -23.361  1.331  -7  107.67
1071  71  TYR  CE2  -23.969  1.714  -4.717  62.4
1072  71  TYR  CZ  -24.321  1.392  -6.012  176.6
1073  71  TYR  OH  -25.637  1.132  -6.318  1.38
1074  71  TYR  H  -18.854  1.997  -7.289  20.09
1075  71  TYR  HA  -20.234  4.006  -6.051  123.18
1076  71  TYR  HB2  -19.714  1.382  -5.167  2.99
1077  71  TYR  HB3  -20.174  2.478  -4.124  116.04
1078  71  TYR  HD1  -21.391  1.552  -7.351  62.59
1079  71  TYR  HD2  -22.407  2.193  -3.542  7.58
1080  71  TYR  HE1  -23.599  1.113  -7.872  4.39
1081  71  TYR  HE2  -24.617  1.756  -4.051  62.31
1082  71  TYR  HH  -25.831  0.35  -6.079  4.21
1083  72  VAL  N  -17.185  3.358  -5.6  1.34
1084  72  VAL  CA  -15.931  3.819  -5.016  3.9
1085  72  VAL  C  -15.15  4.68  -6.002  3.74
1086  72  VAL  O  -15.61  4.944  -7.113  3.74
1087  72  VAL  CB  -15.05  2.636  -4.573  178.46
1088  72  VAL  CG1  -15.802  1.746  -3.595  119.12
1089  72  VAL  CG2  -14.583  1.839  -5.782  56.94
1090  72  VAL  H  -17.167  2.741  -6.199  177.59
1091  72  VAL  HA  -16.143  4.351  -4.233  8.1
1092  72  VAL  HB  -14.268  2.99  -4.121  109.97
1093  72  VAL  HG11  -16.473  1.235  -4.074  45.91
1094  72  VAL  HG12  -15.179  1.14  -3.164  177.64
1095  72  VAL  HG13  -16.234  2.297  -2.924  3.9
1096  72  VAL  HG21  -14.962  0.947  -5.746  8.73
1097  72  VAL  HG22  -14.875  2.282  -6.594  4.32
1098  72  VAL  HG23  -13.615  1.78  -5.776  2.59
1099  73  VAL  N  -13.964  5.116  -5.588  2.54
1100  73  VAL  CA  -13.116  5.946  -6.435  120.17
1101  73  VAL  C  -11.653  5.839  -6.022  8.07
1102  73  VAL  O  -11.335  5.781  -4.834  179.11
1103  73  VAL  CB  -13.546  7.424  -6.383  7.34
1104  73  VAL  CG1  -14.566  7.723  -7.471  41.4
1105  73  VAL  CG2  -14.104  7.768  -5.01  26.99
1106  73  VAL  H  -13.689  4.902  -4.802  24.94
1107  73  VAL  HA  -13.208  5.634  -7.349  24.05
1108  73  VAL  HB  -12.764  7.975  -6.54  7.44
1109  73  VAL  HG11  -14.799  8.664  -7.446  4.05
1110  73  VAL  HG12  -14.188  7.506  -8.337  1.75
1111  73  VAL  HG13  -15.362  7.189  -7.323  1.57
1112  73  VAL  HG21  -14.838  7.17  -4.801  1.62
1113  73  VAL  HG22  -13.407  7.668  -4.343  31.45
1114  73  VAL  HG23  -14.422  8.684  -5.01  128.88
1115  74  VAL  N  -10.764  5.814  -7.01  53.16
1116  74  VAL  CA  -9.333  5.716  -6.75  176.48
1117  74  VAL  C  -8.757  7.064  -6.331  46.46
1118  74  VAL  O  -8.838  8.044  -7.073  33.98
1119  74  VAL  CB  -8.571  5.206  -7.988  7.66
1120  74  VAL  CG1  -7.069  5.291  -7.762  4.9
1121  74  VAL  CG2  -8.989  3.782  -8.321  179.36
1122  74  VAL  H  -11.04  5.858  -7.823  1.69
1123  74  VAL  HA  -9.203  5.08  -6.029  1.87
1124  74  VAL  HB  -8.797  5.775  -8.741  116.58
1125  74  VAL  HG11  -6.608  4.852  -8.494  62.68
1126  74  VAL  HG12  -6.8  6.222  -7.722  175.5
1127  74  VAL  HG13  -6.843  4.852  -6.927  7.96
1128  74  VAL  HG21  -8.288  3.169  -8.051  33.04
1129  74  VAL  HG22  -9.808  3.566  -7.848  26.74
1130  74  VAL  HG23  -9.137  3.704  -9.276  1.36
1131  75  LEU  N  -8.175  7.107  -5.138  1.64
1132  75  LEU  CA  -7.584  8.335  -4.619  8.24
1133  75  LEU  C  -6.098  8.409  -4.955  4.55
1134  75  LEU  O  -5.651  9.33  -5.638  1.7
1135  75  LEU  CB  -7.78  8.419  -3.104  2.02
1136  75  LEU  CG  -9.182  8.092  -2.59  125.02
1137  75  LEU  CD1  -9.175  7.946  -1.076  50.96
1138  75  LEU  CD2  -10.171  9.166  -3.019  175.79
1139  75  LEU  H  -8.146  6.393  -4.659  66.23
1140  75  LEU  HA  -8.037  9.084  -5.038  22.52
1141  75  LEU  HB2  -7.16  7.799  -2.69  1.74
1142  75  LEU  HB3  -7.564  9.323  -2.827  68.39
1143  75  LEU  HG  -9.471  7.248  -2.97  29.15
1144  75  LEU  HD11  -10.042  8.2  -0.723  21.57
1145  75  LEU  HD12  -8.491  8.521  -0.699  8.92
1146  75  LEU  HD13  -8.986  7.024  -0.842  4.81
1147  75  LEU  HD21  -10.864  8.766  -3.568  4.16
1148  75  LEU  HD22  -9.707  9.847  -3.53  1.63
1149  75  LEU  HD23  -10.573  9.568  -2.233  1.3
1150  76  SER  N  -5.338  7.431  -4.473  1.49
1151  76  SER  CA  -3.902  7.385  -4.722  116.86
1152  76  SER  C  -3.479  6.004  -5.213  60.69
1153  76  SER  O  -4.206  5.025  -5.048  173.65
1154  76  SER  CB  -3.131  7.745  -3.45  175.43
1155  76  SER  OG  -1.812  8.163  -3.754  71.65
1156  76  SER  H  -5.702  6.811  -4.002  38.49
1157  76  SER  HA  -3.698  8.038  -5.41  115.31
1158  76  SER  HB2  -3.589  8.466  -2.99  7.88
1159  76  SER  HB3  -3.087  6.968  -2.871  8.13
1160  76  SER  HG  -1.362  7.504  -4.018  5.57
1161  77  ASP  N  -2.298  5.934  -5.817  4.5
1162  77  ASP  CA  -1.776  4.674  -6.332  2.82
1163  77  ASP  C  -0.596  4.191  -5.495  2.82
1164  77  ASP  O  0.504  4.736  -5.581  7.47
1165  77  ASP  CB  -1.35  4.832  -7.793  120.86
1166  77  ASP  CG  -2.534  4.938  -8.733  55.84
1167  77  ASP  OD1  -3.467  5.71  -8.428  174.32
1168  77  ASP  OD2  -2.528  4.249  -9.774  174.98
1169  77  ASP  H  -1.83  6.65  -5.906  40.94
1170  77  ASP  HA  -2.485  4.014  -6.281  33.95
1171  77  ASP  HB2  -0.815  5.636  -7.882  31.71
1172  77  ASP  HB3  -0.817  4.064  -8.053  53.14
1173  78  GLY  N  -0.833  3.166  -4.682  16.74
1174  78  GLY  CA  0.219  2.628  -3.84  8.3
1175  78  GLY  C  0.223  3.241  -2.454  4.91
1176  78  GLY  O  -0.108  4.413  -2.269  2.85
1177  78  GLY  H  -1.62  2.819  -4.658  3.28
1178  78  GLY  HA2  0.098  1.669  -3.759  2.54
1179  78  GLY  HA3  1.076  2.801  -4.26  2.54
1180  79  PRO  N  0.602  2.439  -1.448  6.98
1181  79  PRO  CA  0.655  2.888  -0.054  4.62
1182  79  PRO  C  1.778  3.89  0.191  7.05
1183  79  PRO  O  2.888  3.512  0.567  105.29
1184  79  PRO  CB  0.911  1.596  0.726  45.38
1185  79  PRO  CG  1.587  0.694  -0.248  173.62
1186  79  PRO  CD  1.01  1.032  -1.595  123.38
1187  79  PRO  HA  -0.188  3.276  0.228  119.79
1188  79  PRO  HB2  1.479  1.784  1.49  55.44
1189  79  PRO  HB3  0.067  1.224  1.028  178.03
1190  79  PRO  HG2  2.543  0.857  -0.241  121.36
1191  79  PRO  HG3  1.399  -0.231  -0.024  30.02
1192  79  PRO  HD2  1.684  0.937  -2.286  172.15
1193  79  PRO  HD3  0.244  0.468  -1.786  117.76
1194  80  ALA  N  1.483  5.167  -0.024  8.71
1195  80  ALA  CA  2.469  6.223  0.175  5.19
1196  80  ALA  C  3.764  5.913  -0.568  14.53
1197  80  ALA  O  4.855  6.023  -0.007  1.92
1198  80  ALA  CB  2.742  6.415  1.66  7.77
1199  80  ALA  H  0.691  5.377  -0.286  3.75
1200  80  ALA  HA  2.097  7.049  -0.172  1.14
1201  80  ALA  HB1  2.017  6.028  2.175  0.81
1202  80  ALA  HB2  3.575  5.978  1.894  0.81
1203  80  ALA  HB3  2.808  7.363  1.856  124.5
1204  81  LEU  N  3.637  5.523  -1.831  67.14
1205  81  LEU  CA  4.798  5.196  -2.651  175.22
1206  81  LEU  C  5.207  6.385  -3.515  50.96
1207  81  LEU  O  6.392  6.696  -3.64  32.07
1208  81  LEU  CB  4.496  3.987  -3.539  8.36
1209  81  LEU  CG  5.514  3.692  -4.641  125.88
1210  81  LEU  CD1  6.858  3.314  -4.038  51.17
1211  81  LEU  CD2  5.006  2.586  -5.554  173.78
1212  81  LEU  H  2.851  5.462  -2.175  8.42
1213  81  LEU  HA  5.531  4.976  -2.055  3.41
1214  81  LEU  HB2  4.442  3.205  -2.967  8.27
1215  81  LEU  HB3  3.635  4.137  -3.961  4.28
1216  81  LEU  HG  5.641  4.49  -5.177  1.09
1217  81  LEU  HD11  6.743  3.1  -3.099  8.3
1218  81  LEU  HD12  7.474  4.058  -4.128  4.59
1219  81  LEU  HD13  7.214  2.541  -4.504  2.85
1220  81  LEU  HD21  4.404  2.01  -5.058  2.34
1221  81  LEU  HD22  5.757  2.065  -5.879  124.25
1222  81  LEU  HD23  4.535  2.978  -6.306  56.92
1223  82  HSE  N  4.219  7.048  -4.107  178.41
1224  82  HSE  CA  4.476  8.205  -4.957  7.29
1225  82  HSE  C  4.442  9.495  -4.143  109.15
1226  82  HSE  O  3.656  9.647  -3.208  59.24
1227  82  HSE  CB  3.447  8.274  -6.086  175.53
1228  82  HSE  CG  3.523  7.119  -7.036  23.22
1229  82  HSE  ND1  2.416  6.587  -7.664  7.67
1230  82  HSE  CD2  4.582  6.393  -7.465  3.64
1231  82  HSE  CE1  2.791  5.584  -8.437  1.51
1232  82  HSE  NE2  4.1  5.446  -8.335  120.27
1233  82  HSE  H  3.295  6.752  -3.969  56.17
1234  82  HSE  HA  5.46  8.09  -5.385  174.35
1235  82  HSE  HB2  2.455  8.288  -5.66  70.82
1236  82  HSE  HB3  3.604  9.181  -6.652  28.56
1237  82  HSE  HD1  1.493  6.898  -7.557  34.5
1238  82  HSE  HD2  5.614  6.533  -7.178  25.53
1239  82  HSE  HE1  2.138  4.979  -9.049  25.14
1240  82  HSE  HE2  4.624  4.722  -8.737  118.27
1241  83  PRO  N  5.315  10.447  -4.504  7.81
1242  83  PRO  CA  5.405  11.74  -3.819  4.34
1243  83  PRO  C  4.188  12.62  -4.081  2.25
1244  83  PRO  O  4.093  13.271  -5.122  2.32
1245  83  PRO  CB  6.662  12.373  -4.421  2.39
1246  83  PRO  CG  6.804  11.736  -5.76  2.46
1247  83  PRO  CD  6.282  10.334  -5.609  131.89
1248  83  PRO  HA  5.523  11.63  -2.863  59.02
1249  83  PRO  HB2  6.539  13.332  -4.495  177.79
1250  83  PRO  HB3  7.426  12.183  -3.855  2.83
1251  83  PRO  HG2  6.278  12.222  -6.414  35.11
1252  83  PRO  HG3  7.738  11.722  -6.021  6.33
1253  83  PRO  HD2  5.844  10.046  -6.425  4.4
1254  83  PRO  HD3  7.003  9.728  -5.376  179.28
1255  84  ALA  N  3.259  12.636  -3.131  9.03
1256  84  ALA  CA  2.049  13.438  -3.259  29.03
1257  84  ALA  C  1.394  13.664  -1.9  121.31
1258  84  ALA  O  1.09  12.712  -1.18  60.71
1259  84  ALA  CB  1.071  12.77  -4.214  178.81
1260  84  ALA  H  3.375  12.162  -2.423  4.38
1261  84  ALA  HA  2.297  14.297  -3.634  36.23
1262  84  ALA  HB1  1.303  11.833  -4.309  4.07
1263  84  ALA  HB2  0.171  12.846  -3.86  13.75
1264  84  ALA  HB3  1.117  13.205  -5.08  2.2
1265  85  HSE  N  1.18  14.93  -1.554  2.11
1266  85  HSE  CA  0.561  15.28  -0.281  2.29
1267  85  HSE  C  -0.954  15.394  -0.426  120.2
1268  85  HSE  O  -1.462  15.698  -1.505  7.08
1269  85  HSE  CB  1.135  16.596  0.244  4.1
1270  85  HSE  CG  1.037  16.741  1.732  4.08
1271  85  HSE  ND1  -0.123  17.116  2.376  28.51
1272  85  HSE  CD2  1.962  16.558  2.702  0.92
1273  85  HSE  CE1  0.093  17.159  3.679  124.59
1274  85  HSE  NE2  1.351  16.824  3.903  179
1275  85  HSE  H  1.444  15.644  -2.17  128.98
1276  85  HSE  HA  0.784  14.493  0.424  7.62
1277  85  HSE  HB2  2.179  16.659  -0.026  118.41
1278  85  HSE  HB3  0.601  17.42  -0.206  66.26
1279  85  HSE  HD1  -0.978  17.322  1.943  179.99
1280  85  HSE  HD2  2.991  16.258  2.56  123.3
1281  85  HSE  HE1  -0.634  17.422  4.432  37.24
1282  85  HSE  HE2  1.797  16.857  4.775  27.51
1283  86  SER  N  -1.668  15.148  0.667  3.37
1284  86  SER  CA  -3.125  15.218  0.66  3.23
1285  86  SER  C  -3.611  16.319  -0.278  8.57
1286  86  SER  O  -4.379  16.066  -1.205  4.44
1287  86  SER  CB  -3.651  15.469  2.074  1.94
1288  86  SER  OG  -3.89  14.248  2.753  2.53
1289  86  SER  H  -1.262  14.939  1.396  6.59
1290  86  SER  HA  -3.463  14.365  0.344  6.76
1291  86  SER  HB2  -2.997  15.981  2.575  109.03
1292  86  SER  HB3  -4.482  15.966  2.024  61.18
1293  86  SER  HG  -4.43  13.782  2.31  174.75
1294  87  GLY  N  -3.156  17.544  -0.029  59.36
1295  87  GLY  CA  -3.554  18.666  -0.859  63.27
1296  87  GLY  C  -3.604  19.969  -0.087  102.67
1297  87  GLY  O  -3.483  19.995  1.138  48.05
1298  87  GLY  H  -2.62  17.669  0.632  174.99
1299  87  GLY  HA2  -2.921  18.757  -1.589  4.04
1300  87  GLY  HA3  -4.434  18.486  -1.226  32.94
1301  88  PRO  N  -3.785  21.084  -0.81  53.67
1302  88  PRO  CA  -3.853  22.418  -0.206  109.78
1303  88  PRO  C  -5.127  22.621  0.606  9.36
1304  88  PRO  O  -5.368  23.704  1.141  174.9
1305  88  PRO  CB  -3.834  23.356  -1.415  2.11
1306  88  PRO  CG  -4.38  22.541  -2.536  31.41
1307  88  PRO  CD  -3.937  21.128  -2.274  18.25
1308  88  PRO  HA  -3.081  22.595  0.355  21.35
1309  88  PRO  HB2  -4.391  24.13  -1.235  6.93
1310  88  PRO  HB3  -2.924  23.641  -1.594  117.99
1311  88  PRO  HG2  -5.348  22.595  -2.542  61.92
1312  88  PRO  HG3  -4.017  22.856  -3.379  177.26
1313  88  PRO  HD2  -4.614  20.5  -2.571  55.59
1314  88  PRO  HD3  -3.091  20.951  -2.715  28.43
1315  89  SER  N  -5.94  21.574  0.696  176.3
1316  89  SER  CA  -7.192  21.639  1.441  29.68
1317  89  SER  C  -7.039  22.508  2.686  8.92
1318  89  SER  O  -6.088  22.353  3.451  125.5
1319  89  SER  CB  -7.647  20.234  1.839  7.68
1320  89  SER  OG  -9.03  20.214  2.147  3.92
1321  89  SER  H  -5.723  20.84  0.303  2.95
1322  89  SER  HA  -7.862  22.036  0.863  3.19
1323  89  SER  HB2  -7.482  19.622  1.105  1.01
1324  89  SER  HB3  -7.149  19.945  2.62  4.21
1325  89  SER  HG  -9.471  20.06  1.449  117.83
1326  90  SER  N  -7.982  23.424  2.88  67.52
1327  90  SER  CA  -7.951  24.321  4.029  176.16
1328  90  SER  C  -8.13  23.545  5.33  115.15
1329  90  SER  O  -8.944  22.625  5.41  69.28
1330  90  SER  CB  -9.044  25.384  3.902  25.3
1331  90  SER  OG  -8.608  26.471  3.103  178.44
1332  90  SER  H  -8.626  23.49  2.313  69.1
1333  90  SER  HA  -7.085  24.758  4.042  8.37
1334  90  SER  HB2  -9.83  24.99  3.492  3.75
1335  90  SER  HB3  -9.272  25.717  4.784  1.78
1336  90  SER  HG  -8.274  27.064  3.595  1.89
1337  91  GLY  N  -7.363  23.922  6.348  3.67
1338  91  GLY  CA  -7.451  23.252  7.632  7.87
1339  91  GLY  C  -8.21  24.066  8.66  119.01
1340  91  GLY  O  -7.896  25.233  8.893  59.39
1341  91  GLY  H  -6.809  24.571  6.241  178.04
1342  91  GLY  HA2  -7.899  22.4  7.511  127.36
1343  91  GLY  HA3  -6.554  23.09  7.962  29.55
