1  1  MET  N  -5.397  1.435  -2.374  114.95
2  1  MET  CA  -5.587  0.438  -3.417  54.44
3  1  MET  C  -4.587  0.662  -4.535  170.3
4  1  MET  O  -4.751  1.555  -5.359  55.76
5  1  MET  CB  -7.025  0.488  -3.964  33.14
6  1  MET  CG  -7.301  -0.514  -5.071  31.21
7  1  MET  SD  -8.999  -0.442  -5.704  21.68
8  1  MET  CE  -9.09  1.257  -6.286  16.87
9  1  MET  HA  -5.422  -0.437  -3.033  8.26
10  1  MET  HB2  -7.645  0.315  -3.238  8.8
11  1  MET  HB3  -7.189  1.379  -4.311  4.44
12  1  MET  HG2  -6.689  -0.346  -5.805  4.25
13  1  MET  HG3  -7.139  -1.402  -4.715  2.15
14  1  MET  HE1  -9.967  1.417  -6.669  2.11
15  1  MET  HE2  -8.412  1.4  -6.964  2.73
16  1  MET  HE3  -8.949  1.868  -5.546  2.73
17  1  MET  H  -5.986  1.298  -1.721  120.94
18  1  MET  H2  -4.572  1.369  -2.047  61.55
19  1  MET  H3  -5.516  2.248  -2.715  174.42
20  2  ALA  N  -3.539  -0.114  -4.541  123.2
21  2  ALA  CA  -2.529  0.006  -5.556  55.14
22  2  ALA  C  -2.535  -1.207  -6.46  175.8
23  2  ALA  O  -2.069  -2.287  -6.079  22.5
24  2  ALA  CB  -1.157  0.213  -4.934  30.64
25  2  ALA  H  -3.439  -0.707  -3.926  34.54
26  2  ALA  HA  -2.743  0.787  -6.09  3.76
27  2  ALA  HB1  -1.172  0.998  -4.365  115.58
28  2  ALA  HB2  -0.497  0.334  -5.635  58.06
29  2  ALA  HB3  -0.925  -0.566  -4.405  8.96
30  3  ASP  N  -3.105  -1.041  -7.623  5.31
31  3  ASP  CA  -3.15  -2.084  -8.632  55.73
32  3  ASP  C  -3.277  -1.433  -9.971  175.91
33  3  ASP  O  -4.331  -0.899  -10.307  2.28
34  3  ASP  CB  -4.327  -3.045  -8.406  32.53
35  3  ASP  CG  -4.322  -4.218  -9.374  32.23
36  3  ASP  OD1  -3.478  -5.126  -9.203  7.52
37  3  ASP  OD2  -5.157  -4.263  -10.304  115.4
38  3  ASP  H  -3.463  -0.281  -7.805  59.64
39  3  ASP  HA  -2.315  -2.577  -8.592  4.5
40  3  ASP  HB2  -4.279  -3.394  -7.502  2.11
41  3  ASP  HB3  -5.158  -2.557  -8.517  2.01
42  4  THR  N  -2.211  -1.432  -10.716  124.46
43  4  THR  CA  -2.195  -0.78  -11.997  52.63
44  4  THR  C  -3.014  -1.572  -13.002  177.31
45  4  THR  O  -3.838  -1.023  -13.74  8.35
46  4  THR  CB  -0.75  -0.625  -12.486  19.03
47  4  THR  OG1  -0.007  0.091  -11.486  1.8
48  4  THR  CG2  -0.695  0.136  -13.802  5.49
49  4  THR  H  -1.503  -1.842  -10.452  8.3
50  4  THR  HA  -2.586  0.102  -11.896  4.32
51  4  THR  HB  -0.362  -1.507  -12.601  1.4
52  4  THR  HG1  -0.525  0.211  -10.836  55.04
53  4  THR  HG21  -1.069  1.023  -13.678  174.9
54  4  THR  HG22  -1.207  -0.342  -14.473  1.34
55  4  THR  HG23  0.228  0.208  -14.091  41.14
56  5  GLY  N  -2.812  -2.837  -12.999  119.56
57  5  GLY  CA  -3.499  -3.675  -13.889  54.43
58  5  GLY  C  -2.612  -4.741  -14.406  176.11
59  5  GLY  O  -1.448  -4.483  -14.754  2.02
60  5  GLY  H  -2.242  -3.173  -12.449  8.26
61  5  GLY  HA2  -4.251  -4.076  -13.426  2.27
62  5  GLY  HA3  -3.827  -3.152  -14.637  8.63
63  6  GLU  N  -3.117  -5.92  -14.42  112.16
64  6  GLU  CA  -2.431  -7.034  -14.955  61.33
65  6  GLU  C  -3.432  -8.052  -15.377  175.01
66  6  GLU  O  -3.963  -8.803  -14.551  7.21
67  6  GLU  CB  -1.482  -7.66  -13.948  69.73
68  6  GLU  CG  -0.711  -8.85  -14.5  7.05
69  6  GLU  CD  0.074  -9.545  -13.445  7.28
70  6  GLU  OE1  1.238  -9.173  -13.215  6.75
71  6  GLU  OE2  -0.474  -10.46  -12.81  121.5
72  6  GLU  H  -3.901  -6.048  -14.09  7.99
73  6  GLU  HA  -1.922  -6.741  -15.727  4.34
74  6  GLU  HB2  -0.846  -6.988  -13.657  4.06
75  6  GLU  HB3  -1.999  -7.964  -13.186  34.04
76  6  GLU  HG2  -1.343  -9.481  -14.878  1.19
77  6  GLU  HG3  -0.106  -8.545  -15.194  20.84
78  7  VAL  N  -3.745  -8.051  -16.616  110.76
79  7  VAL  CA  -4.594  -9.058  -17.129  45.23
80  7  VAL  C  -3.756  -9.966  -17.972  173.41
81  7  VAL  O  -2.848  -9.507  -18.68  28.99
82  7  VAL  CB  -5.817  -8.491  -17.918  17.73
83  7  VAL  CG1  -6.701  -7.674  -16.995  13.94
84  7  VAL  CG2  -5.381  -7.637  -19.097  9.24
85  7  VAL  H  -3.414  -7.449  -17.133  8.34
86  7  VAL  HA  -4.911  -9.568  -16.368  2.02
87  7  VAL  HB  -6.34  -9.239  -18.247  128.1
88  7  VAL  HG11  -7.462  -7.333  -17.491  54.54
89  7  VAL  HG12  -6.19  -6.931  -16.637  176.9
90  7  VAL  HG13  -7.012  -8.232  -16.265  9.11
91  7  VAL  HG21  -6.163  -7.305  -19.564  34.34
92  7  VAL  HG22  -4.846  -8.175  -19.702  24.94
93  7  VAL  HG23  -4.857  -6.888  -18.774  29.24
94  8  GLN  N  -3.99  -11.228  -17.876  119.96
95  8  GLN  CA  -3.228  -12.161  -18.602  56.93
96  8  GLN  C  -4.168  -12.989  -19.433  176.41
97  8  GLN  O  -5.278  -13.302  -18.993  5.32
98  8  GLN  CB  -2.465  -13.051  -17.621  30.63
99  8  GLN  CG  -1.592  -12.28  -16.62  36.43
100  8  GLN  CD  -0.768  -13.186  -15.721  1.46
101  8  GLN  OE1  -0.373  -14.286  -16.121  1.31
102  8  GLN  NE2  -0.495  -12.75  -14.514  1.61
103  8  GLN  H  -4.602  -11.549  -17.364  8.21
104  8  GLN  HA  -2.592  -11.697  -19.169  4.45
105  8  GLN  HB2  -3.104  -13.586  -17.125  1.93
106  8  GLN  HB3  -1.898  -13.643  -18.14  1.93
107  8  GLN  HG2  -0.996  -11.69  -17.107  2.21
108  8  GLN  HG3  -2.176  -11.742  -16.064  2.21
109  8  GLN  HE21  -0.777  -11.982  -14.249  115.6
110  8  GLN  HE22  -0.024  -13.243  -13.99  60.44
111  9  PHE  N  -3.75  -13.347  -20.602  118.16
112  9  PHE  CA  -4.588  -14.127  -21.486  60.33
113  9  PHE  C  -3.725  -15.043  -22.349  174.11
114  9  PHE  O  -2.569  -14.737  -22.609  2.12
115  9  PHE  CB  -5.432  -13.168  -22.359  33.93
116  9  PHE  CG  -6.456  -13.838  -23.232  8.77
117  9  PHE  CD1  -7.665  -14.254  -22.699  4.97
118  9  PHE  CD2  -6.212  -14.052  -24.578  4.82
119  9  PHE  CE1  -8.61  -14.871  -23.489  31.29
120  9  PHE  CE2  -7.155  -14.668  -25.373  116.1
121  9  PHE  CZ  -8.355  -15.079  -24.827  115.99
122  9  PHE  H  -2.969  -13.092  -20.855  8.3
123  9  PHE  HA  -5.185  -14.667  -20.945  4.5
124  9  PHE  HB2  -5.907  -12.55  -21.781  57.54
125  9  PHE  HB3  -4.834  -12.662  -22.931  178.6
126  9  PHE  HD1  -7.835  -14.115  -21.795  25.23
127  9  PHE  HD2  -5.403  -13.776  -24.944  41.94
128  9  PHE  HE1  -9.417  -15.147  -23.119  27.14
129  9  PHE  HE2  -6.98  -14.806  -26.276  25.34
130  9  PHE  HZ  -8.991  -15.496  -25.362  23.74
131  10  MET  N  -4.276  -16.165  -22.762  119.06
132  10  MET  CA  -3.563  -17.097  -23.62  53.73
133  10  MET  C  -4.336  -17.294  -24.906  175.11
134  10  MET  O  -5.565  -17.344  -24.896  1.79
135  10  MET  CB  -3.333  -18.447  -22.927  32.63
136  10  MET  CG  -4.6  -19.205  -22.557  34.13
137  10  MET  SD  -4.262  -20.771  -21.724  2.05
138  10  MET  CE  -3.308  -21.64  -22.979  3.46
139  10  MET  H  -5.083  -16.35  -22.531  8.64
140  10  MET  HA  -2.706  -16.697  -23.836  6.23
141  10  MET  HB2  -2.816  -19.009  -23.524  2.4
142  10  MET  HB3  -2.815  -18.299  -22.12  2.26
143  10  MET  HG2  -5.132  -18.648  -21.968  2.15
144  10  MET  HG3  -5.102  -19.383  -23.368  2.15
145  10  MET  HE1  -3.834  -21.721  -23.79  115.31
146  10  MET  HE2  -3.079  -22.524  -22.651  69.04
147  10  MET  HE3  -2.494  -21.149  -23.171  176.98
148  11  LYS  N  -3.642  -17.401  -25.994  114.86
149  11  LYS  CA  -4.277  -17.533  -27.284  57.13
150  11  LYS  C  -3.588  -18.616  -28.121  4.45
151  11  LYS  O  -2.355  -18.629  -28.222  4.61
152  11  LYS  CB  -4.189  -16.163  -28.007  41.23
153  11  LYS  CG  -4.708  -16.113  -29.451  4.12
154  11  LYS  CD  -6.189  -16.422  -29.564  3.15
155  11  LYS  CE  -6.634  -16.342  -31.016  7.09
156  11  LYS  NZ  -8.06  -16.682  -31.197  109.4
157  11  LYS  H  -2.783  -17.395  -25.949  8.55
158  11  LYS  HA  -5.215  -17.743  -27.15  5.03
159  11  LYS  HB2  -4.693  -15.512  -27.495  3.1
160  11  LYS  HB3  -3.257  -15.893  -28.012  2.95
161  11  LYS  HG2  -4.552  -15.226  -29.81  4.38
162  11  LYS  HG3  -4.209  -16.758  -29.976  3.63
163  11  LYS  HD2  -6.362  -17.313  -29.221  122.1
164  11  LYS  HD3  -6.687  -15.77  -29.046  56.34
165  11  LYS  HE2  -6.487  -15.435  -31.327  175.5
166  11  LYS  HE3  -6.092  -16.951  -31.542  3.22
167  11  LYS  HZ1  -8.343  -16.409  -31.995  33.44
168  11  LYS  HZ2  -8.555  -16.267  -30.585  24.94
169  11  LYS  HZ3  -8.212  -17.558  -31.15  29.54
170  12  PRO  N  -4.368  -19.569  -28.687  41.94
171  12  PRO  CA  -3.853  -20.524  -29.664  53.53
172  12  PRO  C  -3.775  -19.845  -31.03  176.01
173  12  PRO  O  -4.721  -19.161  -31.447  4.38
174  12  PRO  CB  -4.925  -21.64  -29.689  35.73
175  12  PRO  CG  -5.874  -21.313  -28.58  32.23
176  12  PRO  CD  -5.78  -19.836  -28.377  1.45
177  12  PRO  HA  -2.986  -20.878  -29.412  5.84
178  12  PRO  HB2  -5.371  -21.639  -30.55  2.13
179  12  PRO  HB3  -4.499  -22.5  -29.546  2.13
180  12  PRO  HG2  -6.777  -21.558  -28.837  2.65
181  12  PRO  HG3  -5.612  -21.781  -27.772  2.6
182  12  PRO  HD2  -6.379  -19.39  -28.996  3.99
183  12  PRO  HD3  -5.993  -19.614  -27.457  3.85
184  13  PHE  N  -2.681  -20.01  -31.718  124.26
185  13  PHE  CA  -2.505  -19.33  -32.981  53.53
186  13  PHE  C  -2.706  -20.164  -34.193  62.34
187  13  PHE  O  -2.303  -21.314  -34.253  174.1
188  13  PHE  CB  -1.212  -18.548  -33.05  37.03
189  13  PHE  CG  -1.321  -17.246  -32.362  69.84
190  13  PHE  CD1  -1.094  -17.125  -31.012  118.58
191  13  PHE  CD2  -1.679  -16.134  -33.083  22.04
192  13  PHE  CE1  -1.223  -15.903  -30.397  8.65
193  13  PHE  CE2  -1.813  -14.922  -32.487  5.09
194  13  PHE  CZ  -1.585  -14.796  -31.134  3.98
195  13  PHE  H  -2.066  -20.532  -31.42  9.48
196  13  PHE  HA  -3.22  -18.675  -32.998  5.15
197  13  PHE  HB2  -0.505  -19.058  -32.625  2.08
198  13  PHE  HB3  -0.985  -18.383  -33.978  1.86
199  13  PHE  HD1  -0.85  -17.875  -30.518  127.8
200  13  PHE  HD2  -1.835  -16.215  -33.996  1.66
201  13  PHE  HE1  -1.068  -15.827  -29.483  175
202  13  PHE  HE2  -2.056  -14.201  -33.021  3
203  13  PHE  HZ  -1.675  -13.969  -30.718  40.74
204  14  ILE  N  -3.356  -19.562  -35.166  17.64
205  14  ILE  CA  -3.59  -20.149  -36.43  62.53
206  14  ILE  C  -2.618  -19.462  -37.362  175.71
207  14  ILE  O  -2.769  -18.264  -37.635  9.57
208  14  ILE  CB  -5.062  -19.876  -36.878  32.03
209  14  ILE  CG1  -6.043  -20.491  -35.86  1.9
210  14  ILE  CG2  -5.329  -20.417  -38.281  21.97
211  14  ILE  CD  -7.505  -20.233  -36.163  51.03
212  14  ILE  H  -3.651  -18.758  -35.089  3.74
213  14  ILE  HA  -3.421  -21.103  -36.388  4.29
214  14  ILE  HB  -5.197  -18.916  -36.893  62.04
215  14  ILE  HG12  -5.916  -21.453  -35.847  173.5
216  14  ILE  HG13  -5.848  -20.134  -34.979  122.45
217  14  ILE  HG21  -6.24  -20.209  -38.542  69.74
218  14  ILE  HG22  -5.215  -21.38  -38.28  175.3
219  14  ILE  HG23  -4.709  -20.01  -38.906  21.84
220  14  ILE  HD11  -8.118  -20.702  -35.408  8.75
221  14  ILE  HD12  -7.749  -20.643  -37.132  5
222  14  ILE  HD13  -7.691  -19.169  -36.169  4.07
223  15  SER  N  -1.615  -20.193  -37.821  122.16
224  15  SER  CA  -0.523  -19.635  -38.623  59.03
225  15  SER  C  -1.062  -18.952  -39.886  172.61
226  15  SER  O  -0.511  -17.962  -40.362  8.2
227  15  SER  CB  0.476  -20.747  -38.998  39.53
228  15  SER  OG  1.582  -20.245  -39.733  52.74
229  15  SER  H  -1.617  -21.038  -37.661  8.73
230  15  SER  HA  -0.078  -19.006  -38.034  4.25
231  15  SER  HB2  0.807  -21.168  -38.189  3.15
232  15  SER  HB3  0.015  -21.41  -39.536  2.57
233  15  SER  HG  1.326  -20.153  -40.528  27.04
234  16  GLU  N  -2.173  -19.468  -40.37  130.06
235  16  GLU  CA  -2.827  -18.992  -41.568  58.63
236  16  GLU  C  -3.24  -17.527  -41.428  176.81
237  16  GLU  O  -3.202  -16.768  -42.393  1.39
238  16  GLU  CB  -4.038  -19.867  -41.844  38.73
239  16  GLU  CG  -4.794  -19.528  -43.105  1.46
240  16  GLU  CD  -5.923  -20.479  -43.345  9.4
241  16  GLU  OE1  -5.694  -21.531  -43.96  7.85
242  16  GLU  OE2  -7.05  -20.199  -42.913  4.09
243  16  GLU  H  -2.508  -20.137  -39.946  7.26
244  16  GLU  HA  -2.208  -19.081  -42.309  4.36
245  16  GLU  HB2  -3.748  -20.791  -41.895  1.32
246  16  GLU  HB3  -4.651  -19.784  -41.097  122.7
247  16  GLU  HG2  -5.155  -18.632  -43.017  0.96
248  16  GLU  HG3  -4.185  -19.558  -43.859  175.6
249  17  LYS  N  -3.615  -17.127  -40.229  128.76
250  17  LYS  CA  -3.983  -15.742  -40.006  59.03
251  17  LYS  C  -2.879  -14.98  -39.307  177.01
252  17  LYS  O  -2.69  -13.78  -39.544  112.9
253  17  LYS  CB  -5.313  -15.631  -39.268  62.63
254  17  LYS  CG  -6.51  -16.005  -40.137  121.83
255  17  LYS  CD  -7.82  -15.954  -39.364  8.15
256  17  LYS  CE  -7.924  -17.09  -38.358  4.92
257  17  LYS  NZ  -9.137  -16.978  -37.537  1.96
258  17  LYS  H  -3.631  -17.686  -39.576  10.1
259  17  LYS  HA  -4.086  -15.348  -40.887  3.86
260  17  LYS  HB2  -5.282  -16.224  -38.501  4
261  17  LYS  HB3  -5.427  -14.718  -38.96  3.61
262  17  LYS  HG2  -6.554  -15.376  -40.874  58.54
263  17  LYS  HG3  -6.372  -16.9  -40.485  173.8
264  17  LYS  HD2  -7.873  -15.111  -38.888  2.11
265  17  LYS  HD3  -8.556  -16.018  -39.993  36.34
266  17  LYS  HE2  -7.941  -17.941  -38.822  22.24
267  17  LYS  HE3  -7.15  -17.064  -37.774  19.54
268  17  LYS  HZ1  -9.783  -16.527  -37.951  8.96
269  17  LYS  HZ2  -8.924  -16.516  -36.807  4.73
270  17  LYS  HZ3  -9.469  -17.763  -37.281  2.36
271  18  SER  N  -2.111  -15.692  -38.495  119.66
272  18  SER  CA  -1.017  -15.104  -37.745  58.83
273  18  SER  C  0.132  -14.711  -38.676  177.01
274  18  SER  O  1.063  -14.032  -38.269  64.16
275  18  SER  CB  -0.529  -16.08  -36.668  29.83
276  18  SER  OG  0.465  -15.5  -35.855  9.8
277  18  SER  H  -2.259  -16.533  -38.396  8.91
278  18  SER  HA  -1.353  -14.304  -37.312  4.14
279  18  SER  HB2  -1.275  -16.354  -36.112  2.1
280  18  SER  HB3  -0.151  -16.867  -37.091  1.93
281  18  SER  HG  1.084  -15.203  -36.339  30.74
282  19  SER  N  0.056  -15.161  -39.91  114.16
283  19  SER  CA  1.018  -14.826  -40.925  56.33
284  19  SER  C  1.067  -13.306  -41.18  179.91
285  19  SER  O  2.123  -12.761  -41.538  3.71
286  19  SER  CB  0.655  -15.58  -42.205  34.63
287  19  SER  OG  -0.711  -15.349  -42.551  5.1
288  19  SER  H  -0.579  -15.696  -40.133  7.06
289  19  SER  HA  1.891  -15.129  -40.63  4.57
290  19  SER  HB2  1.216  -15.267  -42.932  1.9
291  19  SER  HB3  0.788  -16.531  -42.07  1.8
292  19  SER  HG  -1.086  -16.085  -42.704  4.37
293  20  LYS  N  -0.072  -12.632  -40.988  113.36
294  20  LYS  CA  -0.164  -11.192  -41.222  57.63
295  20  LYS  C  -0.917  -10.429  -40.137  174.01
296  20  LYS  O  -0.92  -9.204  -40.158  31.64
297  20  LYS  CB  -0.817  -10.896  -42.568  64.33
298  20  LYS  CG  0.021  -11.22  -43.796  50.44
299  20  LYS  CD  1.263  -10.343  -43.853  4.16
300  20  LYS  CE  2.044  -10.57  -45.132  2.46
301  20  LYS  NZ  3.199  -9.656  -45.238  2.05
302  20  LYS  H  -0.767  -13.068  -40.73  8
303  20  LYS  HA  0.742  -10.847  -41.259  5.99
304  20  LYS  HB2  -1.64  -11.407  -42.617  4.52
305  20  LYS  HB3  -1.048  -9.954  -42.58  3.19
306  20  LYS  HG2  0.291  -12.151  -43.756  103.7
307  20  LYS  HG3  -0.515  -11.067  -44.59  57.44
308  20  LYS  HD2  1.002  -9.411  -43.795  174.4
309  20  LYS  HD3  1.834  -10.559  -43.099  64.03
310  20  LYS  HE2  2.366  -11.485  -45.141  63.64
311  20  LYS  HE3  1.452  -10.427  -45.887  7.1
312  20  LYS  HZ1  2.981  -8.831  -44.985  7.06
313  20  LYS  HZ2  3.517  -9.625  -46.069  4.39
314  20  LYS  HZ3  3.867  -9.947  -44.727  4.19
315  21  SER  N  -1.572  -11.117  -39.218  116.26
316  21  SER  CA  -2.324  -10.415  -38.189  62.93
317  21  SER  C  -2.554  -11.249  -36.931  174.11
318  21  SER  O  -2.715  -12.468  -36.992  55.84
319  21  SER  CB  -3.662  -9.926  -38.759  61.53
320  21  SER  OG  -4.384  -10.995  -39.373  3.71
321  21  SER  H  -1.571  -11.977  -39.208  8.21
322  21  SER  HA  -1.806  -9.63  -37.951  4.17
323  21  SER  HB2  -4.192  -9.559  -38.035  4.14
324  21  SER  HB3  -3.485  -9.23  -39.411  4.14
325  21  SER  HG  -3.841  -11.626  -39.485  8.08
326  22  LEU  N  -2.544  -10.584  -35.806  116.66
327  22  LEU  CA  -2.836  -11.199  -34.531  56.43
328  22  LEU  C  -4.284  -10.858  -34.221  175.81
329  22  LEU  O  -4.648  -9.669  -34.124  109.2
330  22  LEU  CB  -1.91  -10.612  -33.431  34.83
331  22  LEU  CG  -1.812  -11.345  -32.051  176.5
332  22  LEU  CD1  -0.854  -10.618  -31.139  3.73
333  22  LEU  CD2  -3.153  -11.484  -31.354  70.94
334  22  LEU  H  -2.348  -9.747  -35.843  8.35
335  22  LEU  HA  -2.716  -12.159  -34.597  4.73
336  22  LEU  HB2  -1.012  -10.529  -33.789  2
337  22  LEU  HB3  -2.247  -9.719  -33.257  1.78
338  22  LEU  HG  -1.441  -12.229  -32.197  4.83
339  22  LEU  HD11  -0.787  -11.096  -30.298  180.33
340  22  LEU  HD12  -1.201  -9.729  -30.967  23.7
341  22  LEU  HD13  0.02  -10.562  -31.557  18.52
342  22  LEU  HD21  -3.529  -10.604  -31.197  9.51
343  22  LEU  HD22  -3.037  -11.94  -30.506  121.4
344  22  LEU  HD23  -3.756  -11.996  -31.915  62.44
345  23  GLU  N  -5.096  -11.867  -34.086  114.46
346  23  GLU  CA  -6.494  -11.68  -33.792  56.73
347  23  GLU  C  -6.743  -11.647  -32.276  170.71
348  23  GLU  O  -6.387  -12.587  -31.547  28.04
349  23  GLU  CB  -7.339  -12.787  -34.445  66.03
350  23  GLU  CG  -6.918  -14.194  -34.053  113.71
351  23  GLU  CD  -7.885  -15.243  -34.516  8.55
352  23  GLU  OE1  -7.869  -15.593  -35.692  3.66
353  23  GLU  OE2  -8.681  -15.745  -33.67  2.51
354  23  GLU  H  -4.788  -12.666  -34.166  8.18
355  23  GLU  HA  -6.752  -10.827  -34.175  4.96
356  23  GLU  HB2  -8.272  -12.678  -34.202  3.9
357  23  GLU  HB3  -7.252  -12.718  -35.409  3.82
358  23  GLU  HG2  -6.047  -14.383  -34.437  60.74
359  23  GLU  HG3  -6.859  -14.225  -33.085  178.8
360  24  ILE  N  -7.319  -10.573  -31.806  120.26
361  24  ILE  CA  -7.673  -10.465  -30.413  52.23
362  24  ILE  C  -9.139  -10.871  -30.253  36.24
363  24  ILE  O  -10.007  -10.324  -30.943  4.65
364  24  ILE  CB  -7.469  -9.02  -29.884  43.53
365  24  ILE  CG1  -5.993  -8.585  -29.982  4.89
366  24  ILE  CG2  -7.983  -8.863  -28.446  10.12
367  24  ILE  CD  -5.025  -9.398  -29.144  3.92
368  24  ILE  H  -7.499  -9.914  -32.328  8.08
369  24  ILE  HA  -7.112  -11.076  -29.91  4.52
370  24  ILE  HB  -7.993  -8.443  -30.462  2.44
371  24  ILE  HG12  -5.707  -8.654  -30.906  2.36
372  24  ILE  HG13  -5.927  -7.658  -29.705  121.6
373  24  ILE  HG21  -8.93  -9.072  -28.415  56.04
374  24  ILE  HG22  -7.845  -7.951  -28.147  178.1
375  24  ILE  HG23  -7.499  -9.471  -27.865  2.54
376  24  ILE  HD11  -5.036  -10.428  -29.469  38.44
377  24  ILE  HD12  -5.298  -9.332  -28.102  56.64
378  24  ILE  HD13  -4.036  -8.985  -29.286  177.92
379  25  PRO  N  -9.424  -11.862  -29.376  50.28
380  25  PRO  CA  -10.796  -12.342  -29.103  55.23
381  25  PRO  C  -11.755  -11.191  -28.778  174.61
382  25  PRO  O  -11.434  -10.316  -27.97  3.24
383  25  PRO  CB  -10.604  -13.232  -27.882  30.63
384  25  PRO  CG  -9.221  -13.738  -28.02  35.13
385  25  PRO  CD  -8.426  -12.606  -28.587  7.8
386  25  PRO  HA  -11.146  -12.862  -29.843  3.52
387  25  PRO  HB2  -10.709  -12.704  -27.075  1.72
388  25  PRO  HB3  -11.249  -13.957  -27.895  1.47
389  25  PRO  HG2  -8.876  -13.991  -27.15  1.53
390  25  PRO  HG3  -9.203  -14.497  -28.623  1.21
391  25  PRO  HD2  -8.061  -12.055  -27.878  21.54
392  25  PRO  HD3  -7.72  -12.947  -29.158  23.64
393  26  LEU  N  -12.927  -11.224  -29.393  131.76
394  26  LEU  CA  -13.915  -10.151  -29.308  57.13
395  26  LEU  C  -14.332  -9.891  -27.846  2.38
396  26  LEU  O  -14.415  -8.748  -27.424  176.8
397  26  LEU  CB  -15.134  -10.508  -30.215  37.03
398  26  LEU  CG  -16.143  -9.386  -30.607  29.06
399  26  LEU  CD1  -17.159  -9.931  -31.594  10.83
400  26  LEU  CD2  -16.871  -8.794  -29.409  115.81
401  26  LEU  H  -13.11  -11.912  -29.876  8.34
402  26  LEU  HA  -13.498  -9.346  -29.652  3.43
403  26  LEU  HB2  -14.787  -10.876  -31.043  59.24
404  26  LEU  HB3  -15.628  -11.213  -29.768  180.3
405  26  LEU  HG  -15.655  -8.683  -31.063  9.22
406  26  LEU  HD11  -16.701  -10.233  -32.394  33.44
407  26  LEU  HD12  -17.794  -9.235  -31.827  40.65
408  26  LEU  HD13  -17.632  -10.678  -31.195  2.35
409  26  LEU  HD21  -16.22  -8.415  -28.798  42.34
410  26  LEU  HD22  -17.38  -9.487  -28.96  57.34
411  26  LEU  HD23  -17.466  -8.092  -29.716  8.59
412  27  GLY  N  -14.551  -10.951  -27.09  4.61
413  27  GLY  CA  -14.974  -10.812  -25.695  63.33
414  27  GLY  C  -13.92  -10.138  -24.821  176.81
415  27  GLY  O  -14.247  -9.421  -23.871  1.82
416  27  GLY  H  -14.441  -11.731  -27.434  1.58
417  27  GLY  HA2  -15.79  -10.288  -25.665  1.75
418  27  GLY  HA3  -15.158  -11.696  -25.341  1.69
419  28  PHE  N  -12.663  -10.362  -25.148  124.56
420  28  PHE  CA  -11.556  -9.764  -24.415  57.53
421  28  PHE  C  -11.332  -8.346  -24.944  179.71
422  28  PHE  O  -11.024  -7.443  -24.203  62.32
423  28  PHE  CB  -10.296  -10.633  -24.572  42.53
424  28  PHE  CG  -9.117  -10.179  -23.754  27.03
425  28  PHE  CD1  -9.097  -10.381  -22.383  24.73
426  28  PHE  CD2  -8.04  -9.552  -24.349  23.43
427  28  PHE  CE1  -8.025  -9.964  -21.623  22.05
428  28  PHE  CE2  -6.963  -9.132  -23.593  17.74
429  28  PHE  CZ  -6.956  -9.34  -22.229  8.02
430  28  PHE  H  -12.505  -10.878  -25.818  8.01
431  28  PHE  HA  -11.791  -9.694  -23.477  4.14
432  28  PHE  HB2  -10.504  -11.543  -24.308  1.6
433  28  PHE  HB3  -10.035  -10.629  -25.506  1.6
434  28  PHE  HD1  -9.818  -10.803  -21.974  0.92
435  28  PHE  HD2  -8.044  -9.412  -25.268  0.9
436  28  PHE  HE1  -8.021  -10.106  -20.704  180
437  28  PHE  HE2  -6.243  -8.711  -24.005  175.4
438  28  PHE  HZ  -6.232  -9.058  -21.718  33.34
439  29  ASN  N  -11.521  -8.189  -26.234  106.06
440  29  ASN  CA  -11.46  -6.889  -26.922  46.13
441  29  ASN  C  -12.509  -5.922  -26.35  174.31
442  29  ASN  O  -12.227  -4.749  -26.095  116.53
443  29  ASN  CB  -11.724  -7.133  -28.412  7.9
444  29  ASN  CG  -11.971  -5.887  -29.229  4.23
445  29  ASN  OD1  -11.426  -4.807  -28.981  2.17
446  29  ASN  ND2  -12.816  -6.027  -30.201  1.96
447  29  ASN  H  -11.678  -8.89  -26.706  8.74
448  29  ASN  HA  -10.572  -6.513  -26.818  1.47
449  29  ASN  HB2  -10.962  -7.593  -28.798  1.83
450  29  ASN  HB3  -12.503  -7.707  -28.481  1.63
451  29  ASN  HD21  -13.159  -6.807  -30.319  3.21
452  29  ASN  HD22  -13.043  -5.337  -30.662  3.02
453  30  GLU  N  -13.71  -6.438  -26.135  121.86
454  30  GLU  CA  -14.833  -5.678  -25.575  58.33
455  30  GLU  C  -14.507  -5.203  -24.15  175.51
456  30  GLU  O  -15.069  -4.231  -23.643  121.5
457  30  GLU  CB  -16.075  -6.58  -25.55  41.03
458  30  GLU  CG  -17.321  -5.931  -24.984  178
459  30  GLU  CD  -18.475  -6.881  -24.91  122.55
460  30  GLU  OE1  -18.596  -7.598  -23.901  36.64
461  30  GLU  OE2  -19.292  -6.921  -25.854  31.04
462  30  GLU  H  -13.847  -7.26  -26.347  8.03
463  30  GLU  HA  -15.009  -4.916  -26.149  4.31
464  30  GLU  HB2  -16.271  -6.862  -26.457  2.82
465  30  GLU  HB3  -15.873  -7.366  -25.019  2.77
466  30  GLU  HG2  -17.121  -5.62  -24.087  2.38
467  30  GLU  HG3  -17.567  -5.176  -25.541  7.03
468  31  TYR  N  -13.585  -5.884  -23.538  114.56
469  31  TYR  CA  -13.181  -5.622  -22.189  55.53
470  31  TYR  C  -12.297  -4.368  -22.093  177.41
471  31  TYR  O  -12.283  -3.692  -21.055  60.14
472  31  TYR  CB  -12.479  -6.872  -21.648  37.23
473  31  TYR  CG  -11.912  -6.78  -20.266  175.58
474  31  TYR  CD1  -12.725  -6.886  -19.155  27.74
475  31  TYR  CD2  -10.552  -6.614  -20.073  33.84
476  31  TYR  CE1  -12.201  -6.824  -17.886  27.39
477  31  TYR  CE2  -10.018  -6.558  -18.815  17.64
478  31  TYR  CZ  -10.846  -6.662  -17.718  13.89
479  31  TYR  OH  -10.312  -6.625  -16.446  8.59
480  31  TYR  H  -13.196  -6.518  -23.971  7.56
481  31  TYR  HA  -13.982  -5.475  -21.662  4.4
482  31  TYR  HB2  -13.117  -7.603  -21.641  2.93
483  31  TYR  HB3  -11.762  -7.104  -22.258  2.93
484  31  TYR  HD1  -13.641  -6.995  -19.275  1.97
485  31  TYR  HD2  -9.994  -6.543  -20.813  6.23
486  31  TYR  HE1  -12.767  -6.897  -17.151  6.5
487  31  TYR  HE2  -9.1  -6.445  -18.721  119.9
488  31  TYR  HH  -9.766  -5.988  -16.396  57.44
489  32  PHE  N  -11.59  -4.027  -23.161  116.56
490  32  PHE  CA  -10.726  -2.864  -23.102  57.63
491  32  PHE  C  -10.863  -1.947  -24.333  41.14
492  32  PHE  O  -10.271  -2.188  -25.383  2.1
493  32  PHE  CB  -9.231  -3.243  -22.81  29.23
494  32  PHE  CG  -8.512  -4.044  -23.882  39.32
495  32  PHE  CD1  -8.758  -5.389  -24.054  8.04
496  32  PHE  CD2  -7.585  -3.43  -24.715  4.37
497  32  PHE  CE1  -8.102  -6.109  -25.034  2.88
498  32  PHE  CE2  -6.928  -4.144  -25.695  2.79
499  32  PHE  CZ  -7.187  -5.487  -25.854  115.6
500  32  PHE  H  -11.648  -4.475  -23.893  7.46
501  32  PHE  HA  -11.053  -2.352  -22.345  4.12
502  32  PHE  HB2  -8.721  -2.427  -22.688  1.71
503  32  PHE  HB3  -9.201  -3.751  -21.984  1.71
504  32  PHE  HD1  -9.374  -5.815  -23.502  25.14
505  32  PHE  HD2  -7.413  -2.523  -24.606  28.84
506  32  PHE  HE1  -8.279  -7.016  -25.141  42.24
507  32  PHE  HE2  -6.31  -3.72  -26.246  20.33
508  32  PHE  HZ  -6.745  -5.972  -26.513  7.47
509  33  PRO  N  -11.716  -0.921  -24.256  4.35
510  33  PRO  CA  -11.777  0.084  -25.278  57.63
511  33  PRO  C  -10.678  1.111  -25.072  176.31
512  33  PRO  O  -10.429  1.573  -23.947  1.64
513  33  PRO  CB  -13.142  0.733  -25.098  38.23
514  33  PRO  CG  -13.816  -0.049  -24.011  1.74
515  33  PRO  CD  -12.711  -0.688  -23.228  1.74
516  33  PRO  HA  -11.7  -0.307  -26.162  4.46
517  33  PRO  HB2  -12.987  1.663  -24.871  2.83
518  33  PRO  HB3  -13.606  0.676  -25.948  1.94
519  33  PRO  HG2  -14.332  0.547  -23.446  38.22
520  33  PRO  HG3  -14.389  -0.726  -24.404  57.14
521  33  PRO  HD2  -12.368  -0.043  -22.59  114.6
522  33  PRO  HD3  -12.997  -1.516  -22.812  55.34
523  34  ALA  N  -10.045  1.466  -26.13  118.26
524  34  ALA  CA  -8.921  2.375  -26.089  56.83
525  34  ALA  C  -8.832  3.135  -27.395  33.24
526  34  ALA  O  -9.303  2.632  -28.428  36.24
527  34  ALA  CB  -7.628  1.593  -25.841  38.33
528  34  ALA  H  -10.343  1.18  -26.884  7.15
529  34  ALA  HA  -9.056  2.995  -25.356  5.22
530  34  ALA  HB1  -7.696  1.114  -25  8.76
531  34  ALA  HB2  -6.879  2.208  -25.803  3.07
532  34  ALA  HB3  -7.492  0.958  -26.562  3.07
533  35  PRO  N  -8.256  4.356  -27.393  1.72
534  35  PRO  CA  -8.001  5.093  -28.628  2.19
535  35  PRO  C  -7.023  4.296  -29.496  174.91
536  35  PRO  O  -6.234  3.493  -28.969  109.1
537  35  PRO  CB  -7.356  6.408  -28.15  45.94
538  35  PRO  CG  -6.874  6.122  -26.768  27.33
539  35  PRO  CD  -7.822  5.109  -26.199  50.93
540  35  PRO  HA  -8.82  5.262  -29.12  4.37
541  35  PRO  HB2  -6.624  6.638  -28.743  2.34
542  35  PRO  HB3  -8.018  7.117  -28.154  1.86
543  35  PRO  HG2  -5.975  5.759  -26.8  2.03
544  35  PRO  HG3  -6.89  6.934  -26.238  1.88
545  35  PRO  HD2  -7.364  4.533  -25.567  4.23
546  35  PRO  HD3  -8.577  5.55  -25.779  3.68
547  36  PHE  N  -7.06  4.5  -30.791  119.46
548  36  PHE  CA  -6.255  3.741  -31.68  27.04
549  36  PHE  C  -4.763  4.088  -31.504  17.74
550  36  PHE  O  -4.371  5.263  -31.517  117.69
551  36  PHE  CB  -6.712  3.983  -33.133  6.19
552  36  PHE  CG  -6.407  5.357  -33.689  4.46
553  36  PHE  CD1  -7.175  6.458  -33.348  1.46
554  36  PHE  CD2  -5.337  5.534  -34.556  123.65
555  36  PHE  CE1  -6.882  7.708  -33.858  54.03
556  36  PHE  CE2  -5.041  6.781  -35.07  172.9
557  36  PHE  CZ  -5.813  7.869  -34.718  173.29
558  36  PHE  H  -7.572  5.079  -31.167  7.99
559  36  PHE  HA  -6.392  2.804  -31.472  4.74
560  36  PHE  HB2  -6.267  3.325  -33.69  8.81
561  36  PHE  HB3  -7.669  3.837  -33.187  31.84
562  36  PHE  HD1  -7.893  6.349  -32.766  28.04
563  36  PHE  HD2  -4.821  4.795  -34.787  51.04
564  36  PHE  HE1  -7.405  8.44  -33.623  4.67
565  36  PHE  HE2  -4.321  6.888  -35.648  2.46
566  36  PHE  HZ  -5.617  8.711  -35.06  2.01
567  37  PRO  N  -3.933  3.083  -31.273  2.14
568  37  PRO  CA  -2.515  3.265  -31.17  2.08
569  37  PRO  C  -1.847  3.182  -32.537  175.21
570  37  PRO  O  -2.436  2.685  -33.522  3.59
571  37  PRO  CB  -2.07  2.112  -30.275  4.65
572  37  PRO  CG  -3.052  1.022  -30.536  66.24
573  37  PRO  CD  -4.317  1.672  -31.063  50.03
574  37  PRO  HA  -2.292  4.112  -30.753  2.07
575  37  PRO  HB2  -1.169  1.849  -30.518  32.74
576  37  PRO  HB3  -2.092  2.391  -29.346  27.64
577  37  PRO  HG2  -2.693  0.408  -31.196  51.14
578  37  PRO  HG3  -3.237  0.548  -29.71  4.15
579  37  PRO  HD2  -4.593  1.258  -31.896  3.74
580  37  PRO  HD3  -5.021  1.601  -30.399  2.59
581  38  ILE  N  -0.672  3.703  -32.626  123.86
582  38  ILE  CA  0.067  3.636  -33.845  1.68
583  38  ILE  C  0.813  2.315  -33.869  3.79
584  38  ILE  O  0.592  1.47  -34.746  3.79
585  38  ILE  CB  1.062  4.817  -33.965  113.8
586  38  ILE  CG1  0.321  6.159  -33.811  55.74
587  38  ILE  CG2  1.802  4.766  -35.292  176.8
588  38  ILE  CD  -0.801  6.375  -34.81  174.1
589  38  ILE  H  -0.331  4.088  -31.937  8.43
590  38  ILE  HA  -0.556  3.66  -34.588  4.01
591  38  ILE  HB  1.714  4.739  -33.251  6.76
592  38  ILE  HG12  -0.072  6.198  -32.925  1.93
593  38  ILE  HG13  0.957  6.885  -33.907  8.55
594  38  ILE  HG21  1.161  4.832  -36.017  4.44
595  38  ILE  HG22  2.294  3.933  -35.364  2.81
596  38  ILE  HG23  2.421  5.511  -35.342  2.71
597  38  ILE  HD11  -0.402  6.348  -35.812  117.1
598  38  ILE  HD12  -1.268  7.333  -34.632  55.54
599  38  ILE  HD13  -1.54  5.593  -34.696  175.2
600  39  THR  N  1.65  2.124  -32.878  126.35
601  39  THR  CA  2.425  0.929  -32.736  62.63
602  39  THR  C  2.379  0.429  -31.289  173.51
603  39  THR  O  2.205  1.218  -30.35  59.45
604  39  THR  CB  3.892  1.157  -33.185  34.13
605  39  THR  OG1  4.41  2.355  -32.58  62.3
606  39  THR  CG2  4.012  1.247  -34.705  7.85
607  39  THR  H  1.75  2.723  -32.269  4.5
608  39  THR  HA  2.029  0.252  -33.306  4.69
609  39  THR  HB  4.415  0.404  -32.868  1.87
610  39  THR  HG1  4.774  2.132  -31.857  2.44
611  39  THR  HG21  3.469  1.983  -35.027  2.44
612  39  THR  HG22  3.702  0.42  -35.106  2.44
613  39  THR  HG23  4.938  1.396  -34.953  6.89
614  40  VAL  N  2.522  -0.86  -31.128  119.46
615  40  VAL  CA  2.503  -1.528  -29.843  62.63
616  40  VAL  C  3.742  -2.407  -29.755  177.41
617  40  VAL  O  4.215  -2.898  -30.778  122.6
618  40  VAL  CB  1.207  -2.401  -29.702  38.33
619  40  VAL  CG1  1.211  -3.22  -28.421  27.63
620  40  VAL  CG2  -0.031  -1.518  -29.738  18.03
621  40  VAL  H  2.655  -1.354  -31.82  8.19
622  40  VAL  HA  2.523  -0.86  -29.14  4.35
623  40  VAL  HB  1.163  -3.011  -30.455  2.04
624  40  VAL  HG11  1.267  -2.624  -27.657  4.25
625  40  VAL  HG12  1.974  -3.818  -28.421  1.73
626  40  VAL  HG13  0.394  -3.74  -28.365  1.43
627  40  VAL  HG21  -0.05  -1.026  -30.574  2.54
628  40  VAL  HG22  -0.001  -0.89  -28.999  1.68
629  40  VAL  HG23  -0.828  -2.066  -29.666  54.54
630  41  ASP  N  4.28  -2.59  -28.578  107.86
631  41  ASP  CA  5.48  -3.388  -28.442  58.83
632  41  ASP  C  5.201  -4.685  -27.755  173.11
633  41  ASP  O  4.471  -4.74  -26.755  173.6
634  41  ASP  CB  6.61  -2.637  -27.722  72.53
635  41  ASP  CG  7.122  -1.449  -28.5  31.64
636  41  ASP  OD1  8.051  -1.614  -29.329  27.04
637  41  ASP  OD2  6.609  -0.325  -28.293  43.74
638  41  ASP  H  3.918  -2.258  -27.872  7.49
639  41  ASP  HA  5.779  -3.592  -29.342  5.26
640  41  ASP  HB2  6.284  -2.32  -26.865  1.95
641  41  ASP  HB3  7.349  -3.247  -27.572  6.99
642  42  LEU  N  5.78  -5.721  -28.286  112.46
643  42  LEU  CA  5.653  -7.037  -27.744  58.93
644  42  LEU  C  6.971  -7.395  -27.128  173.61
645  42  LEU  O  8.006  -7.367  -27.803  1.65
646  42  LEU  CB  5.345  -8.042  -28.855  35.73
647  42  LEU  CG  4.104  -7.777  -29.707  1.44
648  42  LEU  CD1  3.941  -8.863  -30.731  3.15
649  42  LEU  CD2  2.857  -7.666  -28.854  3.1
650  42  LEU  H  6.252  -5.61  -28.996  9.11
651  42  LEU  HA  4.946  -7.057  -27.08  5.11
652  42  LEU  HB2  6.112  -8.061  -29.449  54.69
653  42  LEU  HB3  5.258  -8.92  -28.453  114.15
654  42  LEU  HG  4.225  -6.94  -30.183  55.29
655  42  LEU  HD11  4.715  -8.879  -31.316  124.6
656  42  LEU  HD12  3.14  -8.689  -31.249  53.04
657  42  LEU  HD13  3.856  -9.719  -30.283  175.1
658  42  LEU  HD21  2.95  -6.904  -28.261  9.05
659  42  LEU  HD22  2.737  -8.476  -28.334  45.54
660  42  LEU  HD23  2.089  -7.535  -29.432  26.64
661  43  LEU  N  6.951  -7.708  -25.873  120.06
662  43  LEU  CA  8.156  -8.023  -25.165  53.03
663  43  LEU  C  8.289  -9.522  -25.022  174.21
664  43  LEU  O  7.311  -10.22  -24.72  5.39
665  43  LEU  CB  8.169  -7.364  -23.756  42.83
666  43  LEU  CG  8.172  -5.81  -23.658  1.19
667  43  LEU  CD1  9.32  -5.199  -24.44  1.49
668  43  LEU  CD2  6.833  -5.189  -24.05  6.94
669  43  LEU  H  6.197  -7.728  -25.46  8.93
670  43  LEU  HA  8.908  -7.682  -25.674  5.76
671  43  LEU  HB2  7.387  -7.681  -23.278  2.63
672  43  LEU  HB3  8.951  -7.696  -23.288  2.54
673  43  LEU  HG  8.348  -5.586  -22.731  2.41
674  43  LEU  HD11  9.234  -5.435  -25.377  122.5
675  43  LEU  HD12  10.16  -5.54  -24.096  58.94
676  43  LEU  HD13  9.301  -4.234  -24.347  175.6
677  43  LEU  HD21  6.621  -5.428  -24.966  6.92
678  43  LEU  HD22  6.888  -4.224  -23.971  40.94
679  43  LEU  HD23  6.138  -5.522  -23.461  27.74
680  44  ASP  N  9.482  -10.008  -25.225  122.16
681  44  ASP  CA  9.788  -11.417  -25.1  19.39
682  44  ASP  C  10.713  -11.647  -23.942  9.14
683  44  ASP  O  11.664  -10.884  -23.724  4.97
684  44  ASP  CB  10.395  -11.974  -26.389  1.78
685  44  ASP  CG  10.962  -13.374  -26.227  28.03
686  44  ASP  OD1  10.21  -14.353  -26.273  127.6
687  44  ASP  OD2  12.192  -13.497  -26.066  169.54
688  44  ASP  H  10.121  -9.478  -25.449  9.57
689  44  ASP  HA  8.954  -11.88  -24.923  5.38
690  44  ASP  HB2  9.689  -12.022  -27.052  2.2
691  44  ASP  HB3  11.099  -11.383  -26.698  1.22
692  45  TYR  N  10.44  -12.703  -23.227  43.64
693  45  TYR  CA  11.142  -13.074  -22.01  3.93
694  45  TYR  C  12.653  -13.292  -22.194  176.71
695  45  TYR  O  13.407  -13.199  -21.22  2.81
696  45  TYR  CB  10.479  -14.305  -21.37  4.89
697  45  TYR  CG  10.379  -15.519  -22.283  28.33
698  45  TYR  CD1  9.338  -15.636  -23.189  25.43
699  45  TYR  CD2  11.32  -16.542  -22.234  24.73
700  45  TYR  CE1  9.234  -16.725  -24.02  5.19
701  45  TYR  CE2  11.221  -17.64  -23.069  3.04
702  45  TYR  CZ  10.173  -17.722  -23.961  2.85
703  45  TYR  OH  10.062  -18.809  -24.803  7.33
704  45  TYR  H  9.801  -13.203  -23.511  9.28
705  45  TYR  HA  11.029  -12.334  -21.394  5.63
706  45  TYR  HB2  11.008  -14.568  -20.601  1.67
707  45  TYR  HB3  9.585  -14.07  -21.077  1.16
708  45  TYR  HD1  8.7  -14.96  -23.234  0.75
709  45  TYR  HD2  12.025  -16.48  -21.631  0.86
710  45  TYR  HE1  8.529  -16.779  -24.624  177.1
711  45  TYR  HE2  11.858  -18.317  -23.029  8.43
712  45  TYR  HH  9.99  -18.478  -25.572  16.54
713  46  SER  N  13.1  -13.562  -23.412  117.66
714  46  SER  CA  14.503  -13.801  -23.643  3.72
715  46  SER  C  15.252  -12.467  -23.868  1.98
716  46  SER  O  16.49  -12.422  -23.825  1.6
717  46  SER  CB  14.703  -14.786  -24.819  6.94
718  46  SER  OG  16.066  -15.172  -24.97  102.7
719  46  SER  H  12.58  -13.595  -24.096  8
720  46  SER  HA  14.852  -14.204  -22.833  173.5
721  46  SER  HB2  14.176  -15.585  -24.663  6.77
722  46  SER  HB3  14.406  -14.363  -25.64  8.11
723  46  SER  HG  16.495  -14.9  -24.301  4.13
724  47  GLY  N  14.504  -11.381  -24.089  3.47
725  47  GLY  CA  15.141  -10.079  -24.232  122.2
726  47  GLY  C  14.778  -9.331  -25.505  176.31
727  47  GLY  O  15.111  -8.153  -25.645  174.4
728  47  GLY  H  13.648  -11.452  -24.131  2.17
729  47  GLY  HA2  14.889  -9.528  -23.475  34.34
730  47  GLY  HA3  16.102  -10.207  -24.206  24.44
731  48  ARG  N  14.095  -9.985  -26.423  117.06
732  48  ARG  CA  13.741  -9.342  -27.689  42.24
733  48  ARG  C  12.422  -8.601  -27.579  174.91
734  48  ARG  O  11.609  -8.891  -26.696  8.02
735  48  ARG  CB  13.66  -10.344  -28.838  4.63
736  48  ARG  CG  14.923  -11.128  -29.089  1.93
737  48  ARG  CD  14.793  -11.968  -30.344  1.93
738  48  ARG  NE  15.966  -12.804  -30.564  1.55
739  48  ARG  CZ  16.718  -12.823  -31.668  1.55
740  48  ARG  NH1  16.484  -11.968  -32.666  1.89
741  48  ARG  NH2  17.722  -13.683  -31.757  1.89
742  48  ARG  H  13.847  -10.795  -26.273  8.48
743  48  ARG  HA  14.435  -8.694  -27.888  3.2
744  48  ARG  HB2  12.951  -10.977  -28.646  172.2
745  48  ARG  HB3  13.43  -9.865  -29.649  7.16
746  48  ARG  HG2  15.667  -10.514  -29.188  3.66
747  48  ARG  HG3  15.084  -11.715  -28.333  123.2
748  48  ARG  HD2  14.013  -12.538  -30.257  55.94
749  48  ARG  HD3  14.674  -11.376  -31.103  175.3
750  48  ARG  HE  16.141  -13.332  -29.908  1.08
751  48  ARG  HH11  15.854  -11.384  -32.633  1.44
752  48  ARG  HH12  16.962  -11.962  -33.381  36.44
753  48  ARG  HH21  17.908  -14.235  -31.124  2.86
754  48  ARG  HH22  18.22  -13.716  -32.457  2.99
755  49  SER  N  12.215  -7.643  -28.452  110.86
756  49  SER  CA  10.975  -6.916  -28.491  45.33
757  49  SER  C  10.597  -6.601  -29.938  174.21
758  49  SER  O  11.445  -6.208  -30.733  1.97
759  49  SER  CB  11.094  -5.631  -27.66  2.22
760  49  SER  OG  12.172  -4.813  -28.119  2.46
761  49  SER  H  12.82  -7.431  -29.026  8.42
762  49  SER  HA  10.288  -7.48  -28.102  27.79
763  49  SER  HB2  10.268  -5.128  -27.73  34.68
764  49  SER  HB3  11.253  -5.864  -26.732  125.9
765  49  SER  HG  11.928  -4.507  -28.862  54.24
766  50  TRP  N  9.35  -6.786  -30.271  120.76
767  50  TRP  CA  8.86  -6.498  -31.609  56.63
768  50  TRP  C  7.868  -5.366  -31.572  174.11
769  50  TRP  O  6.908  -5.404  -30.802  25.94
770  50  TRP  CB  8.191  -7.728  -32.259  32.03
771  50  TRP  CG  9.116  -8.859  -32.637  27.03
772  50  TRP  CD1  9.572  -9.157  -33.896  8.59
773  50  TRP  CD2  9.682  -9.848  -31.767  4.11
774  50  TRP  NE1  10.377  -10.262  -33.851  1.52
775  50  TRP  CE2  10.462  -10.705  -32.563  1.04
776  50  TRP  CE3  9.604  -10.092  -30.398  1.49
777  50  TRP  CZ2  11.153  -11.786  -32.036  32.44
778  50  TRP  CZ3  10.296  -11.165  -29.879  34.68
779  50  TRP  CH2  11.06  -11.998  -30.695  68.66
780  50  TRP  H  8.806  -7.075  -29.671  8.13
781  50  TRP  HA  9.621  -6.237  -32.151  4.07
782  50  TRP  HB2  7.538  -8.089  -31.639  1.73
783  50  TRP  HB3  7.728  -7.436  -33.06  0.95
784  50  TRP  HD1  9.369  -8.693  -34.676  55.84
785  50  TRP  HE1  10.767  -10.624  -34.527  175.2
786  50  TRP  HE3  9.1  -9.546  -29.839  1.99
787  50  TRP  HZ2  11.667  -12.347  -32.571  29.14
788  50  TRP  HZ3  10.252  -11.34  -28.967  34.54
789  50  TRP  HH2  11.509  -12.712  -30.303  119.51
790  51  THR  N  8.101  -4.366  -32.372  112.06
791  51  THR  CA  7.175  -3.284  -32.502  56.33
792  51  THR  C  6.179  -3.64  -33.609  173.61
793  51  THR  O  6.556  -3.798  -34.779  4.57
794  51  THR  CB  7.916  -1.978  -32.843  66.73
795  51  THR  OG1  8.923  -1.741  -31.846  2.02
796  51  THR  CG2  6.953  -0.799  -32.867  2.27
797  51  THR  H  8.826  -4.335  -32.833  7.26
798  51  THR  HA  6.702  -3.18  -31.662  5.7
799  51  THR  HB  8.335  -2.07  -33.713  56.64
800  51  THR  HG1  8.542  -1.672  -31.1  177.2
801  51  THR  HG21  6.266  -0.957  -33.534  2.29
802  51  THR  HG22  7.437  0.013  -33.085  40.64
803  51  THR  HG23  6.538  -0.705  -31.995  175.5
804  52  VAL  N  4.941  -3.803  -33.234  126.16
805  52  VAL  CA  3.896  -4.196  -34.144  58.93
806  52  VAL  C  2.918  -3.059  -34.335  175.01
807  52  VAL  O  2.816  -2.175  -33.489  4.41
808  52  VAL  CB  3.151  -5.471  -33.656  32.83
809  52  VAL  CG1  4.121  -6.628  -33.513  2.55
810  52  VAL  CG2  2.426  -5.222  -32.34  108.7
811  52  VAL  H  4.732  -3.652  -32.414  9.7
812  52  VAL  HA  4.312  -4.387  -34.999  4.82
813  52  VAL  HB  2.495  -5.711  -34.33  26.26
814  52  VAL  HG11  4.539  -6.815  -34.368  9.77
815  52  VAL  HG12  3.641  -7.415  -33.21  4.06
816  52  VAL  HG13  4.804  -6.399  -32.863  4
817  52  VAL  HG21  2  -6.044  -32.05  119.5
818  52  VAL  HG22  1.761  -4.527  -32.461  54.24
819  52  VAL  HG23  3.07  -4.936  -31.674  175.1
820  53  ARG  N  2.222  -3.063  -35.428  121.96
821  53  ARG  CA  1.278  -2.025  -35.71  63.33
822  53  ARG  C  -0.121  -2.572  -35.409  175.21
823  53  ARG  O  -0.543  -3.575  -35.978  42.94
824  53  ARG  CB  1.45  -1.605  -37.172  70.13
825  53  ARG  CG  0.682  -0.386  -37.612  117.99
826  53  ARG  CD  1.078  -0.019  -39.033  65.98
827  53  ARG  NE  0.438  1.202  -39.513  1.82
828  53  ARG  CZ  0.732  1.815  -40.661  7.49
829  53  ARG  NH1  1.712  1.354  -41.447  4.75
830  53  ARG  NH2  0.061  2.9  -41.011  2.28
831  53  ARG  H  2.31  -3.696  -36.003  9.01
832  53  ARG  HA  1.464  -1.274  -35.126  5.45
833  53  ARG  HB2  2.39  -1.43  -37.333  1.65
834  53  ARG  HB3  1.18  -2.354  -37.727  3.17
835  53  ARG  HG2  -0.264  -0.6  -37.586  1.3
836  53  ARG  HG3  0.877  0.358  -37.021  7.08
837  53  ARG  HD2  2.039  0.109  -39.066  1.8
838  53  ARG  HD3  0.834  -0.752  -39.619  5.49
839  53  ARG  HE  -0.17  1.533  -39.003  28.15
840  53  ARG  HH11  2.177  0.659  -41.246  173.82
841  53  ARG  HH12  1.918  1.747  -42.184  109.1
842  53  ARG  HH21  -0.566  3.23  -40.524  59.74
843  53  ARG  HH22  0.21  3.333  -41.739  176.3
844  54  MET  N  -0.807  -1.921  -34.497  126.56
845  54  MET  CA  -2.092  -2.393  -33.983  59.63
846  54  MET  C  -3.147  -1.331  -34.172  174.11
847  54  MET  O  -2.884  -0.149  -33.953  22.04
848  54  MET  CB  -1.908  -2.775  -32.488  35.33
849  54  MET  CG  -3.143  -3.243  -31.689  5.26
850  54  MET  SD  -4.36  -1.946  -31.366  4.57
851  54  MET  CE  -5.464  -2.78  -30.249  112.71
852  54  MET  H  -0.503  -1.176  -34.192  9.64
853  54  MET  HA  -2.349  -3.186  -34.479  5.28
854  54  MET  HB2  -1.248  -3.484  -32.437  2.81
855  54  MET  HB3  -1.535  -2  -32.039  118.3
856  54  MET  HG2  -3.588  -3.942  -32.193  0.95
857  54  MET  HG3  -2.842  -3.608  -30.842  180.5
858  54  MET  HE1  -4.994  -3  -29.429  119.51
859  54  MET  HE2  -5.799  -3.588  -30.668  40.24
860  54  MET  HE3  -6.206  -2.187  -30.051  26.74
861  55  LYS  N  -4.327  -1.744  -34.607  124.86
862  55  LYS  CA  -5.427  -0.83  -34.85  56.23
863  55  LYS  C  -6.721  -1.335  -34.269  174.61
864  55  LYS  O  -7.013  -2.54  -34.31  4.09
865  55  LYS  CB  -5.646  -0.53  -36.361  31.93
866  55  LYS  CG  -4.757  0.557  -36.96  28.03
867  55  LYS  CD  -3.302  0.177  -37.01  43.23
868  55  LYS  CE  -2.452  1.366  -37.373  4.05
869  55  LYS  NZ  -2.595  2.466  -36.382  2
870  55  LYS  H  -4.477  -2.582  -34.731  8.78
871  55  LYS  HA  -5.193  0.006  -34.417  4.73
872  55  LYS  HB2  -5.476  -1.35  -36.851  2.03
873  55  LYS  HB3  -6.576  -0.289  -36.496  1.95
874  55  LYS  HG2  -5.054  0.741  -37.865  1.81
875  55  LYS  HG3  -4.858  1.361  -36.427  1.78
876  55  LYS  HD2  -3.027  -0.154  -36.141  3.31
877  55  LYS  HD3  -3.178  -0.517  -37.677  3.31
878  55  LYS  HE2  -1.521  1.096  -37.404  62.54
879  55  LYS  HE3  -2.723  1.691  -38.246  29.05
880  55  LYS  HZ1  -3.329  2.951  -36.519  8.5
881  55  LYS  HZ2  -1.887  3.004  -36.427  4.28
882  55  LYS  HZ3  -2.626  2.134  -35.557  3.88
883  56  LYS  N  -7.486  -0.422  -33.715  124.16
884  56  LYS  CA  -8.807  -0.725  -33.275  54.73
885  56  LYS  C  -9.736  -0.126  -34.248  124.7
886  56  LYS  O  -9.901  1.09  -34.329  57.44
887  56  LYS  CB  -9.071  -0.243  -31.873  36.83
888  56  LYS  CG  -10.461  -0.593  -31.312  32.23
889  56  LYS  CD  -10.492  -0.404  -29.794  40.44
890  56  LYS  CE  -11.831  -0.812  -29.173  17.03
891  56  LYS  NZ  -12.225  -2.21  -29.499  2.98
892  56  LYS  H  -7.189  0.38  -33.626  8.07
893  56  LYS  HA  -8.903  -1.689  -33.318  5.44
894  56  LYS  HB2  -8.389  -0.655  -31.319  1.86
895  56  LYS  HB3  -8.975  0.721  -31.915  1.86
896  56  LYS  HG2  -11.12  -0.008  -31.717  2.09
897  56  LYS  HG3  -10.679  -1.514  -31.523  2.02
898  56  LYS  HD2  -9.794  -0.951  -29.399  58.34
899  56  LYS  HD3  -10.318  0.528  -29.589  174.4
900  56  LYS  HE2  -11.694  -0.772  -28.214  24.71
901  56  LYS  HE3  -12.548  -0.197  -29.393  40.14
902  56  LYS  HZ1  -11.645  -2.812  -29.194  42.4
903  56  LYS  HZ2  -12.359  -2.342  -30.369  0.95
904  56  LYS  HZ3  -12.985  -2.393  -29.074  7.46
905  57  ARG  N  -10.302  -0.964  -34.97  124.86
906  57  ARG  CA  -11.117  -0.616  -36.086  1.81
907  57  ARG  C  -12.556  -0.898  -35.758  173.91
908  57  ARG  O  -13.006  -2.058  -35.789  111.22
909  57  ARG  CB  -10.677  -1.421  -37.302  7.29
910  57  ARG  CG  -11.339  -1.033  -38.608  24.43
911  57  ARG  CD  -10.868  -1.948  -39.724  28.93
912  57  ARG  NE  -9.399  -1.937  -39.872  2.57
913  57  ARG  CZ  -8.658  -3.017  -40.167  7.27
914  57  ARG  NH1  -9.243  -4.198  -40.36  7.28
915  57  ARG  NH2  -7.336  -2.913  -40.278  6.87
916  57  ARG  HA  -10.997  0.328  -36.276  4.76
917  57  ARG  HB2  -9.719  -1.318  -37.412  1.76
918  57  ARG  HB3  -10.867  -2.357  -37.131  1.68
919  57  ARG  HG2  -12.301  -1.112  -38.51  1.36
920  57  ARG  HG3  -11.105  -0.117  -38.824  1.36
921  57  ARG  HD2  -11.156  -2.85  -39.514  1.79
922  57  ARG  HD3  -11.274  -1.664  -40.558  1.7
923  57  ARG  HE  -9.023  -1.173  -39.752  25.69
924  57  ARG  HH11  -10.094  -4.314  -40.307  20.28
925  57  ARG  HH12  -8.78  -4.897  -40.55  7.66
926  57  ARG  HH21  -6.915  -2.171  -40.172  8.19
927  57  ARG  HH22  -6.859  -3.606  -40.455  4.38
928  58  GLY  N  -13.265  0.129  -35.4  125.96
929  58  GLY  CA  -14.635  -0.024  -35.033  55.53
930  58  GLY  C  -14.767  -0.735  -33.715  8.6
931  58  GLY  O  -14.285  -0.249  -32.685  4.27
932  58  GLY  H  -12.892  0.904  -35.382  8.71
933  58  GLY  HA2  -15.047  0.851  -34.959  62.44
934  58  GLY  HA3  -15.094  -0.541  -35.713  174.3
935  59  GLU  N  -15.373  -1.891  -33.738  127.66
936  59  GLU  CA  -15.592  -2.64  -32.533  36.64
937  59  GLU  C  -14.419  -3.576  -32.281  176.31
938  59  GLU  O  -14.154  -3.941  -31.153  17.24
939  59  GLU  CB  -16.866  -3.523  -32.62  44.18
940  59  GLU  CG  -18.017  -2.992  -33.478  7.27
941  59  GLU  CD  -17.826  -3.306  -34.961  3.41
942  59  GLU  OE1  -17.069  -2.598  -35.654  1.43
943  59  GLU  OE2  -18.426  -4.294  -35.446  111.88
944  59  GLU  H  -15.683  -2.188  -34.483  9.23
945  59  GLU  HA  -15.694  -2.024  -31.79  4.86
946  59  GLU  HB2  -16.607  -4.383  -32.986  125.1
947  59  GLU  HB3  -17.197  -3.665  -31.719  53.64
948  59  GLU  HG2  -18.848  -3.394  -33.182  175.6
949  59  GLU  HG3  -18.07  -2.029  -33.37  6.98
950  60  LYS  N  -13.669  -3.882  -33.321  127.66
951  60  LYS  CA  -12.683  -4.953  -33.273  46.93
952  60  LYS  C  -11.261  -4.421  -33.359  174.31
953  60  LYS  O  -11.048  -3.256  -33.674  8.18
954  60  LYS  CB  -12.962  -5.915  -34.434  31.4
955  60  LYS  CG  -12.884  -5.255  -35.812  7.64
956  60  LYS  CD  -13.308  -6.189  -36.94  4.52
957  60  LYS  CE  -14.768  -6.595  -36.818  2.28
958  60  LYS  NZ  -15.203  -7.45  -37.939  1.94
959  60  LYS  H  -13.745  -3.43  -34.049  9.23
960  60  LYS  HA  -12.794  -5.446  -32.445  2.34
961  60  LYS  HB2  -12.298  -6.621  -34.4  2.11
962  60  LYS  HB3  -13.848  -6.293  -34.316  2.47
963  60  LYS  HG2  -13.463  -4.477  -35.817  120.8
964  60  LYS  HG3  -11.97  -4.968  -35.962  57.94
965  60  LYS  HD2  -13.18  -5.74  -37.79  175.5
966  60  LYS  HD3  -12.755  -6.986  -36.91  23.37
967  60  LYS  HE2  -14.881  -7.096  -35.995  32.54
968  60  LYS  HE3  -15.316  -5.795  -36.795  23.84
969  60  LYS  HZ1  -14.724  -8.199  -37.983  29.54
970  60  LYS  HZ2  -15.112  -7.02  -38.713  42.04
971  60  LYS  HZ3  -16.056  -7.69  -37.856  31.26
972  61  VAL  N  -10.294  -5.269  -33.036  125.96
973  61  VAL  CA  -8.89  -4.885  -33.062  56.43
974  61  VAL  C  -8.057  -5.957  -33.74  175.41
975  61  VAL  O  -8.372  -7.152  -33.65  1.93
976  61  VAL  CB  -8.293  -4.651  -31.638  30.33
977  61  VAL  CG1  -9.027  -3.601  -30.869  1.52
978  61  VAL  CG2  -8.224  -5.914  -30.842  1.76
979  61  VAL  H  -10.469  -6.083  -32.82  9.11
980  61  VAL  HA  -8.812  -4.061  -33.568  4.25
981  61  VAL  HB  -7.383  -4.351  -31.791  3.06
982  61  VAL  HG11  -8.96  -2.758  -31.345  67.73
983  61  VAL  HG12  -8.635  -3.508  -29.987  17.49
984  61  VAL  HG13  -9.961  -3.85  -30.785  120.56
985  61  VAL  HG21  -7.841  -5.727  -29.971  114.8
986  61  VAL  HG22  -7.642  -6.519  -31.327  58.44
987  61  VAL  HG23  -9.111  -6.296  -30.753  175
988  62  PHE  N  -7.027  -5.536  -34.426  117.96
989  62  PHE  CA  -6.089  -6.443  -35.037  56.03
990  62  PHE  C  -4.691  -5.887  -34.92  174.31
991  62  PHE  O  -4.477  -4.677  -35.097  111.73
992  62  PHE  CB  -6.399  -6.687  -36.529  36.43
993  62  PHE  CG  -7.724  -7.335  -36.811  26.03
994  62  PHE  CD1  -7.894  -8.696  -36.624  9.34
995  62  PHE  CD2  -8.789  -6.587  -37.275  3.37
996  62  PHE  CE1  -9.107  -9.298  -36.891  2.57
997  62  PHE  CE2  -10.001  -7.181  -37.542  2.45
998  62  PHE  CZ  -10.162  -8.54  -37.351  2.27
999  62  PHE  H  -6.89  -4.692  -34.518  7.49
1000  62  PHE  HA  -6.137  -7.29  -34.566  4.49
1001  62  PHE  HB2  -6.386  -5.836  -36.995  1.93
1002  62  PHE  HB3  -5.702  -7.25  -36.901  1.41
1003  62  PHE  HD1  -7.183  -9.207  -36.311  9.15
1004  62  PHE  HD2  -8.681  -5.672  -37.405  1.7
1005  62  PHE  HE1  -9.212  -10.213  -36.763  118.45
1006  62  PHE  HE2  -10.711  -6.666  -37.851  3.04
1007  62  PHE  HZ  -10.982  -8.941  -37.531  4.67
1008  63  LEU  N  -3.753  -6.733  -34.577  123.36
1009  63  LEU  CA  -2.352  -6.339  -34.652  61.93
1010  63  LEU  C  -1.866  -6.869  -35.975  173.21
1011  63  LEU  O  -1.669  -8.063  -36.124  117.6
1012  63  LEU  CB  -1.473  -6.898  -33.491  32.73
1013  63  LEU  CG  -1.881  -6.556  -32.032  173.5
1014  63  LEU  CD1  -3.146  -7.267  -31.601  7.97
1015  63  LEU  CD2  -0.74  -6.829  -31.067  70.34
1016  63  LEU  H  -3.986  -7.52  -34.32  9.36
1017  63  LEU  HA  -2.321  -5.37  -34.681  4.47
1018  63  LEU  HB2  -1.425  -7.863  -33.58  8.73
1019  63  LEU  HB3  -0.576  -6.558  -33.631  5.32
1020  63  LEU  HG  -2.092  -5.611  -31.98  4.1
1021  63  LEU  HD11  -3.876  -7.015  -32.188  57.91
1022  63  LEU  HD12  -3.363  -7.012  -30.691  2.4
1023  63  LEU  HD13  -3.015  -8.227  -31.643  121.62
1024  63  LEU  HD21  -0.429  -7.744  -31.154  57.75
1025  63  LEU  HD22  -1.032  -6.663  -30.157  127.9
1026  63  LEU  HD23  -0.013  -6.22  -31.272  53.74
1027  64  THR  N  -1.719  -6.01  -36.932  122.06
1028  64  THR  CA  -1.49  -6.446  -38.279  55.23
1029  64  THR  C  -0.011  -6.52  -38.692  175.61
1030  64  THR  O  0.707  -7.474  -38.349  29.44
1031  64  THR  CB  -2.301  -5.585  -39.267  43.13
1032  64  THR  OG1  -1.998  -4.199  -39.019  25.14
1033  64  THR  CG2  -3.795  -5.81  -39.079  9.44
1034  64  THR  H  -1.74  -5.163  -36.783  8.87
1035  64  THR  HA  -1.847  -7.346  -38.337  5.28
1036  64  THR  HB  -2.047  -5.817  -40.174  1.67
1037  64  THR  HG1  -2.49  -3.71  -39.493  1.81
1038  64  THR  HG21  -4.01  -6.745  -39.225  7.88
1039  64  THR  HG22  -4.289  -5.26  -39.707  17.48
1040  64  THR  HG23  -4.044  -5.553  -38.177  117.99
1041  65  VAL  N  0.449  -5.504  -39.372  120.36
1042  65  VAL  CA  1.781  -5.501  -39.906  54.03
1043  65  VAL  C  2.801  -5.28  -38.8  177.41
1044  65  VAL  O  2.634  -4.422  -37.925  119.6
1045  65  VAL  CB  1.948  -4.493  -41.09  40.13
1046  65  VAL  CG1  1.669  -3.066  -40.669  173.5
1047  65  VAL  CG2  3.319  -4.619  -41.737  121.9
1048  65  VAL  H  -0.083  -4.837  -39.478  8.9
1049  65  VAL  HA  1.928  -6.399  -40.243  5.02
1050  65  VAL  HB  1.281  -4.726  -41.755  26.49
1051  65  VAL  HG11  0.76  -3.004  -40.335  8.29
1052  65  VAL  HG12  1.773  -2.474  -41.43  4.09
1053  65  VAL  HG13  2.288  -2.808  -39.968  2.07
1054  65  VAL  HG21  4.005  -4.442  -41.075  124.2
1055  65  VAL  HG22  3.394  -3.981  -42.464  53.74
1056  65  VAL  HG23  3.429  -5.519  -42.081  175.1
1057  66  GLY  N  3.831  -6.074  -38.816  114.26
1058  66  GLY  CA  4.799  -6.02  -37.768  59.13
1059  66  GLY  C  4.728  -7.253  -36.951  174.41
1060  66  GLY  O  5.747  -7.789  -36.527  23.84
1061  66  GLY  H  3.919  -6.624  -39.471  8.76
1062  66  GLY  HA2  5.695  -5.899  -38.12  8.32
1063  66  GLY  HA3  4.548  -5.278  -37.196  5.2
1064  67  TRP  N  3.504  -7.73  -36.752  125.46
1065  67  TRP  CA  3.257  -8.983  -36.063  65.43
1066  67  TRP  C  3.87  -10.113  -36.851  176.41
1067  67  TRP  O  4.281  -11.146  -36.302  119.05
1068  67  TRP  CB  1.745  -9.197  -35.869  31.93
1069  67  TRP  CG  1.376  -10.588  -35.474  24.88
1070  67  TRP  CD1  0.739  -11.493  -36.252  29.28
1071  67  TRP  CD2  1.656  -11.253  -34.239  42.02
1072  67  TRP  NE1  0.581  -12.663  -35.576  8.1
1073  67  TRP  CE2  1.137  -12.551  -34.347  126.9
1074  67  TRP  CE3  2.283  -10.88  -33.06  60.64
1075  67  TRP  CZ2  1.226  -13.477  -33.328  173.8
1076  67  TRP  CZ3  2.375  -11.805  -32.041  2
1077  67  TRP  CH2  1.849  -13.089  -32.182  34.74
1078  67  TRP  H  2.827  -7.287  -37.044  8.93
1079  67  TRP  HA  3.687  -8.94  -35.195  3.89
1080  67  TRP  HB2  1.416  -8.6  -35.179  9.21
1081  67  TRP  HB3  1.295  -8.991  -36.703  4.41
1082  67  TRP  HD1  0.444  -11.313  -37.115  2.07
1083  67  TRP  HE1  0.198  -13.375  -35.87  6.57
1084  67  TRP  HE3  2.638  -10.027  -32.955  8.81
1085  67  TRP  HZ2  0.876  -14.333  -33.424  8.42
1086  67  TRP  HZ3  2.793  -11.576  -31.242  121.3
1087  67  TRP  HH2  1.93  -13.683  -31.471  58.53
1088  68  GLU  N  4  -9.883  -38.134  117.66
1089  68  GLU  CA  4.55  -10.878  -38.999  45.43
1090  68  GLU  C  6.041  -11.084  -38.704  176.91
1091  68  GLU  O  6.586  -12.152  -38.922  177.6
1092  68  GLU  CB  4.302  -10.573  -40.461  24.96
1093  68  GLU  CG  4.969  -9.334  -40.997  42.74
1094  68  GLU  CD  4.651  -9.151  -42.447  27.34
1095  68  GLU  OE1  4.977  -10.05  -43.262  24.94
1096  68  GLU  OE2  4.038  -8.153  -42.803  23.84
1097  68  GLU  H  3.75  -9.108  -38.409  9.37
1098  68  GLU  HA  4.064  -11.682  -38.758  5.05
1099  68  GLU  HB2  4.637  -11.326  -40.973  1.72
1100  68  GLU  HB3  3.345  -10.499  -40.604  1.58
1101  68  GLU  HG2  4.648  -8.563  -40.503  1.68
1102  68  GLU  HG3  5.93  -9.416  -40.895  125.33
1103  69  ASN  N  6.677  -10.049  -38.178  127.16
1104  69  ASN  CA  8.079  -10.118  -37.796  59.83
1105  69  ASN  C  8.232  -11.024  -36.61  176.91
1106  69  ASN  O  9.213  -11.698  -36.469  57.95
1107  69  ASN  CB  8.648  -8.722  -37.48  29.83
1108  69  ASN  CG  8.677  -7.809  -38.692  123.9
1109  69  ASN  OD1  8.818  -8.264  -39.815  55.74
1110  69  ASN  ND2  8.531  -6.524  -38.48  175.1
1111  69  ASN  H  6.239  -9.32  -38.052  9.5
1112  69  ASN  HA  8.592  -10.51  -38.52  4.44
1113  69  ASN  HB2  8.097  -8.302  -36.801  3.45
1114  69  ASN  HB3  9.553  -8.816  -37.144  3.12
1115  69  ASN  HD21  8.422  -6.219  -37.683  1.89
1116  69  ASN  HD22  8.568  -6.018  -39.175  1.89
1117  70  PHE  N  7.229  -11.05  -35.786  117.46
1118  70  PHE  CA  7.21  -11.862  -34.603  59.03
1119  70  PHE  C  6.994  -13.304  -35.004  177.81
1120  70  PHE  O  7.765  -14.18  -34.626  4.3
1121  70  PHE  CB  6.094  -11.397  -33.645  28.83
1122  70  PHE  CG  6.076  -12.094  -32.3  36.13
1123  70  PHE  CD1  5.477  -13.333  -32.137  1.56
1124  70  PHE  CD2  6.651  -11.495  -31.2  1.56
1125  70  PHE  CE1  5.459  -13.952  -30.904  3.17
1126  70  PHE  CE2  6.637  -12.11  -29.967  3.17
1127  70  PHE  CZ  6.041  -13.338  -29.82  7.08
1128  70  PHE  H  6.543  -10.575  -35.996  9.41
1129  70  PHE  HA  8.068  -11.776  -34.158  3.85
1130  70  PHE  HB2  6.196  -10.446  -33.481  2.2
1131  70  PHE  HB3  5.237  -11.549  -34.074  2.2
1132  70  PHE  HD1  5.087  -13.748  -32.872  3.89
1133  70  PHE  HD2  7.057  -10.664  -31.294  8.22
1134  70  PHE  HE1  5.055  -14.783  -30.8  3.91
1135  70  PHE  HE2  7.03  -11.692  -29.235  2.12
1136  70  PHE  HZ  6.028  -13.755  -28.989  2.25
1137  71  VAL  N  5.946  -13.54  -35.803  117.16
1138  71  VAL  CA  5.589  -14.892  -36.222  56.03
1139  71  VAL  C  6.736  -15.531  -36.983  175.61
1140  71  VAL  O  7.105  -16.664  -36.723  58.62
1141  71  VAL  CB  4.258  -14.933  -37.077  37.93
1142  71  VAL  CG1  4.397  -14.311  -38.449  174.03
1143  71  VAL  CG2  3.691  -16.331  -37.175  28.15
1144  71  VAL  H  5.468  -12.872  -36.059  7.37
1145  71  VAL  HA  5.452  -15.406  -35.411  4.48
1146  71  VAL  HB  3.617  -14.371  -36.614  41.21
1147  71  VAL  HG11  4.8  -13.435  -38.343  112.78
1148  71  VAL  HG12  3.523  -14.222  -38.859  7.92
1149  71  VAL  HG13  4.968  -14.867  -39.002  4.02
1150  71  VAL  HG21  4.341  -16.913  -37.599  3.37
1151  71  VAL  HG22  2.88  -16.313  -37.706  2.29
1152  71  VAL  HG23  3.488  -16.66  -36.285  1.95
1153  72  LYS  N  7.287  -14.788  -37.909  121.26
1154  72  LYS  CA  8.389  -15.258  -38.719  62.03
1155  72  LYS  C  9.71  -15.355  -37.967  177.41
1156  72  LYS  O  10.433  -16.343  -38.119  118.81
1157  72  LYS  CB  8.536  -14.457  -40.017  38.43
1158  72  LYS  CG  7.311  -14.535  -40.929  30.85
1159  72  LYS  CD  6.981  -15.975  -41.31  8.64
1160  72  LYS  CE  5.75  -16.058  -42.199  28.5
1161  72  LYS  NZ  5.93  -15.336  -43.478  35.57
1162  72  LYS  H  6.938  -14.01  -38.017  6.97
1163  72  LYS  HA  8.165  -16.17  -38.963  2.44
1164  72  LYS  HB2  8.691  -13.527  -39.787  1.89
1165  72  LYS  HB3  9.304  -14.791  -40.506  1.89
1166  72  LYS  HG2  6.552  -14.148  -40.464  4.15
1167  72  LYS  HG3  7.484  -14.024  -41.735  7.49
1168  72  LYS  HD2  7.733  -16.361  -41.785  2.3
1169  72  LYS  HD3  6.815  -16.488  -40.504  2.85
1170  72  LYS  HE2  5.563  -16.99  -42.39  2.56
1171  72  LYS  HE3  4.996  -15.675  -41.724  123.59
1172  72  LYS  HZ1  5.248  -15.523  -44.018  58.49
1173  72  LYS  HZ2  6.68  -15.589  -43.885  8.23
1174  72  LYS  HZ3  5.958  -14.454  -43.361  7.1
1175  73  ASP  N  10.039  -14.351  -37.153  119.36
1176  73  ASP  CA  11.357  -14.367  -36.489  65.83
1177  73  ASP  C  11.394  -15.318  -35.318  177.41
1178  73  ASP  O  12.364  -16.052  -35.13  16.8
1179  73  ASP  CB  11.786  -12.974  -36.047  31.93
1180  73  ASP  CG  13.163  -12.949  -35.422  1.81
1181  73  ASP  OD1  14.17  -12.875  -36.178  1.32
1182  73  ASP  OD2  13.266  -12.957  -34.185  2.11
1183  73  ASP  H  9.501  -13.695  -37.01  7.45
1184  73  ASP  HA  11.993  -14.69  -37.146  2.62
1185  73  ASP  HB2  11.773  -12.381  -36.815  8.05
1186  73  ASP  HB3  11.143  -12.644  -35.4  121.76
1187  74  ASN  N  10.332  -15.35  -34.557  118.06
1188  74  ASN  CA  10.275  -16.215  -33.391  58.83
1189  74  ASN  C  9.829  -17.612  -33.812  180.41
1190  74  ASN  O  10.042  -18.594  -33.097  31.22
1191  74  ASN  CB  9.314  -15.622  -32.348  32.43
1192  74  ASN  CG  9.263  -16.414  -31.068  24.73
1193  74  ASN  OD1  10.035  -16.168  -30.147  21.8
1194  74  ASN  ND2  8.359  -17.365  -30.991  23.71
1195  74  ASN  H  9.652  -14.854  -34.735  7.72
1196  74  ASN  HA  11.166  -16.271  -33.012  4
1197  74  ASN  HB2  9.594  -14.718  -32.134  1.87
1198  74  ASN  HB3  8.422  -15.592  -32.728  1.87
1199  74  ASN  HD21  7.837  -17.5  -31.661  1.21
1200  74  ASN  HD22  8.326  -17.826  -30.265  112.45
1201  75  ASN  N  9.232  -17.668  -34.994  119.46
1202  75  ASN  CA  8.703  -18.885  -35.616  56.73
1203  75  ASN  C  7.624  -19.553  -34.781  177.11
1204  75  ASN  O  7.901  -20.362  -33.893  118.9
1205  75  ASN  CB  9.793  -19.895  -36.013  40.83
1206  75  ASN  CG  9.21  -21.129  -36.712  3.14
1207  75  ASN  OD1  8.178  -21.049  -37.415  3.98
1208  75  ASN  ND2  9.838  -22.265  -36.524  38.02
1209  75  ASN  H  9.149  -16.935  -35.437  8.55
1210  75  ASN  HA  8.264  -18.581  -36.426  4.33
1211  75  ASN  HB2  10.417  -19.463  -36.617  2.79
1212  75  ASN  HB3  10.26  -20.181  -35.213  2.66
1213  75  ASN  HD21  10.54  -22.273  -36.028  4.37
1214  75  ASN  HD22  9.521  -22.969  -36.902  2.85
1215  76  LEU  N  6.403  -19.182  -35.03  112.56
1216  76  LEU  CA  5.3  -19.827  -34.385  53.13
1217  76  LEU  C  4.327  -20.281  -35.441  172.31
1218  76  LEU  O  4.257  -19.691  -36.518  118.38
1219  76  LEU  CB  4.656  -18.94  -33.272  38.83
1220  76  LEU  CG  3.927  -17.641  -33.667  5.01
1221  76  LEU  CD1  2.542  -17.915  -34.258  2.18
1222  76  LEU  CD2  3.821  -16.724  -32.478  40.45
1223  76  LEU  H  6.263  -18.553  -35.599  6.74
1224  76  LEU  HA  5.667  -20.63  -33.984  4.48
1225  76  LEU  HB2  4.015  -19.489  -32.795  2.14
1226  76  LEU  HB3  5.363  -18.711  -32.649  1.44
1227  76  LEU  HG  4.456  -17.193  -34.346  127.15
1228  76  LEU  HD11  2.115  -17.077  -34.494  54.65
1229  76  LEU  HD12  1.998  -18.378  -33.601  8.23
1230  76  LEU  HD13  2.629  -18.47  -35.049  4.35
1231  76  LEU  HD21  4.712  -16.511  -32.159  2.96
1232  76  LEU  HD22  3.323  -17.171  -31.776  3.35
1233  76  LEU  HD23  3.362  -15.909  -32.736  7.25
1234  77  GLU  N  3.625  -21.316  -35.157  117.86
1235  77  GLU  CA  2.72  -21.919  -36.098  53.83
1236  77  GLU  C  1.525  -22.419  -35.359  174.51
1237  77  GLU  O  1.507  -22.363  -34.121  1.32
1238  77  GLU  CB  3.407  -23.072  -36.813  37.43
1239  77  GLU  CG  3.898  -24.149  -35.865  56.57
1240  77  GLU  CD  4.681  -25.227  -36.53  177.13
1241  77  GLU  OE1  4.122  -25.942  -37.381  27.12
1242  77  GLU  OE2  5.865  -25.393  -36.175  43.05
1243  77  GLU  H  3.665  -21.666  -34.373  7.67
1244  77  GLU  HA  2.46  -21.249  -36.75  4.26
1245  77  GLU  HB2  2.762  -23.468  -37.42  2.87
1246  77  GLU  HB3  4.152  -22.727  -37.329  2.54
1247  77  GLU  HG2  4.488  -23.724  -35.223  4.01
1248  77  GLU  HG3  3.134  -24.537  -35.41  0.41
1249  78  ASP  N  0.526  -22.868  -36.096  115.66
1250  78  ASP  CA  -0.666  -23.493  -35.484  56.43
1251  78  ASP  C  -0.194  -24.609  -34.558  175.01
1252  78  ASP  O  0.511  -25.531  -34.995  18.77
1253  78  ASP  CB  -1.595  -24.074  -36.571  40.63
1254  78  ASP  CG  -2.87  -24.707  -36.025  26.43
1255  78  ASP  OD1  -2.834  -25.875  -35.596  4.69
1256  78  ASP  OD2  -3.94  -24.044  -36.037  1.86
1257  78  ASP  H  0.614  -22.794  -36.948  7.47
1258  78  ASP  HA  -1.134  -22.818  -34.967  3.52
1259  78  ASP  HB2  -1.852  -23.361  -37.177  0.8
1260  78  ASP  HB3  -1.107  -24.749  -37.068  -0.25
1261  79  GLY  N  -0.527  -24.501  -33.3  117.06
1262  79  GLY  CA  -0.055  -25.451  -32.327  53.83
1263  79  GLY  C  0.707  -24.75  -31.225  174.01
1264  79  GLY  O  0.81  -25.258  -30.113  10.71
1265  79  GLY  H  -1.031  -23.859  -33.029  6.42
1266  79  GLY  HA2  -0.815  -25.917  -31.944  54.72
1267  79  GLY  HA3  0.535  -26.091  -32.755  174.98
1268  80  LYS  N  1.257  -23.586  -31.546  121.46
1269  80  LYS  CA  1.929  -22.745  -30.561  56.93
1270  80  LYS  C  0.899  -21.949  -29.775  176.71
1271  80  LYS  O  -0.152  -21.564  -30.317  3.34
1272  80  LYS  CB  2.939  -21.767  -31.213  40.73
1273  80  LYS  CG  4.382  -22.274  -31.446  56.99
1274  80  LYS  CD  4.521  -23.48  -32.37  7.04
1275  80  LYS  CE  6.018  -23.778  -32.591  4.31
1276  80  LYS  NZ  6.286  -24.958  -33.453  1.92
1277  80  LYS  H  1.203  -23.308  -32.358  8.7
1278  80  LYS  HA  2.403  -23.33  -29.949  4.88
1279  80  LYS  HB2  2.589  -21.508  -32.08  2.74
1280  80  LYS  HB3  2.982  -20.971  -30.66  2.74
1281  80  LYS  HG2  4.904  -21.551  -31.827  6.73
1282  80  LYS  HG3  4.757  -22.493  -30.579  35.82
1283  80  LYS  HD2  4.09  -24.244  -31.956  59.2
1284  80  LYS  HD3  4.1  -23.279  -33.22  174.09
1285  80  LYS  HE2  6.428  -23.005  -33.009  7.99
1286  80  LYS  HE3  6.432  -23.92  -31.725  7.57
1287  80  LYS  HZ1  6.011  -24.832  -34.29  4.4
1288  80  LYS  HZ2  5.798  -25.629  -33.132  21.34
1289  80  LYS  HZ3  7.125  -25.256  -33.447  2.22
1290  81  TYR  N  1.196  -21.69  -28.522  111.56
1291  81  TYR  CA  0.293  -20.959  -27.665  44.93
1292  81  TYR  C  1.053  -19.816  -27.074  174.51
1293  81  TYR  O  2.239  -19.969  -26.735  45.77
1294  81  TYR  CB  -0.245  -21.846  -26.527  56.33
1295  81  TYR  CG  -0.941  -23.114  -26.966  171.9
1296  81  TYR  CD1  -2.263  -23.104  -27.389  8.56
1297  81  TYR  CD2  -0.271  -24.325  -26.944  3.89
1298  81  TYR  CE1  -2.892  -24.272  -27.78  3.98
1299  81  TYR  CE2  -0.891  -25.489  -27.332  119.2
1300  81  TYR  CZ  -2.197  -25.462  -27.748  55.32
1301  81  TYR  OH  -2.817  -26.637  -28.138  27.03
1302  81  TYR  H  1.956  -21.921  -28.191  8.87
1303  81  TYR  HA  -0.447  -20.627  -28.196  32.85
1304  81  TYR  HB2  0.496  -22.121  -25.964  24.5
1305  81  TYR  HB3  -0.871  -21.331  -25.995  28.66
1306  81  TYR  HD1  -2.728  -22.299  -27.409  42.32
1307  81  TYR  HD2  0.614  -24.345  -26.66  1.77
1308  81  TYR  HE1  -3.778  -24.254  -28.061  7.92
1309  81  TYR  HE2  -0.424  -26.293  -27.311  4.38
1310  81  TYR  HH  -3.243  -26.449  -28.837  1.8
1311  82  LEU  N  0.427  -18.681  -26.961  116.76
1312  82  LEU  CA  1.092  -17.538  -26.404  55.13
1313  82  LEU  C  0.387  -17.05  -25.17  175.61
1314  82  LEU  O  -0.84  -17.151  -25.062  38.75
1315  82  LEU  CB  1.19  -16.391  -27.414  34.13
1316  82  LEU  CG  1.913  -16.678  -28.73  26.43
1317  82  LEU  CD1  2.027  -15.418  -29.553  2.96
1318  82  LEU  CD2  3.273  -17.266  -28.481  129.45
1319  82  LEU  H  -0.391  -18.615  -27.218  7.55
1320  82  LEU  HA  1.992  -17.804  -26.16  5.07
1321  82  LEU  HB2  0.288  -16.101  -27.623  1.89
1322  82  LEU  HB3  1.646  -15.655  -26.977  1.89
1323  82  LEU  HG  1.391  -17.316  -29.241  4.43
1324  82  LEU  HD11  2.494  -15.614  -30.381  3.34
1325  82  LEU  HD12  2.517  -14.745  -29.055  29.81
1326  82  LEU  HD13  1.14  -15.083  -29.758  36.11
1327  82  LEU  HD21  3.18  -18.123  -28.036  175.2
1328  82  LEU  HD22  3.773  -16.657  -27.916  6.61
1329  82  LEU  HD23  3.734  -17.382  -29.327  63.39
1330  83  GLN  N  1.16  -16.527  -24.254  121.36
1331  83  GLN  CA  0.642  -15.915  -23.055  57.83
1332  83  GLN  C  0.898  -14.448  -23.162  173.51
1333  83  GLN  O  2.034  -14.035  -23.391  1.89
1334  83  GLN  CB  1.369  -16.432  -21.808  26.44
1335  83  GLN  CG  1.247  -17.919  -21.564  2.19
1336  83  GLN  CD  -0.173  -18.379  -21.246  121.17
1337  83  GLN  OE1  -0.561  -19.498  -21.562  61.72
1338  83  GLN  NE2  -0.937  -17.549  -20.588  118.58
1339  83  GLN  H  2.01  -16.555  -24.379  9.19
1340  83  GLN  HA  -0.308  -16.093  -22.979  4.81
1341  83  GLN  HB2  2.309  -16.207  -21.894  2.8
1342  83  GLN  HB3  1.017  -15.963  -21.035  2.56
1343  83  GLN  HG2  1.546  -18.365  -22.372  8.11
1344  83  GLN  HG3  1.833  -18.165  -20.831  4
1345  83  GLN  HE21  -0.609  -16.787  -20.363  1.89
1346  83  GLN  HE22  -1.74  -17.773  -20.378  3.79
1347  84  PHE  N  -0.131  -13.676  -23.036  120.66
1348  84  PHE  CA  -0.022  -12.255  -23.098  53.63
1349  84  PHE  C  -0.327  -11.664  -21.754  174.61
1350  84  PHE  O  -1.425  -11.84  -21.22  50.42
1351  84  PHE  CB  -0.987  -11.672  -24.132  45.43
1352  84  PHE  CG  -0.736  -12.098  -25.545  27.63
1353  84  PHE  CD1  0.138  -11.384  -26.345  26.43
1354  84  PHE  CD2  -1.38  -13.201  -26.08  25.43
1355  84  PHE  CE1  0.367  -11.762  -27.651  4.54
1356  84  PHE  CE2  -1.153  -13.584  -27.383  29.49
1357  84  PHE  CZ  -0.277  -12.863  -28.17  27.13
1358  84  PHE  H  -0.908  -14.022  -22.907  8.72
1359  84  PHE  HA  0.884  -12.025  -23.358  5.16
1360  84  PHE  HB2  -1.892  -11.938  -23.905  2.17
1361  84  PHE  HB3  -0.931  -10.704  -24.096  1.24
1362  84  PHE  HD1  0.575  -10.642  -25.993  1.28
1363  84  PHE  HD2  -1.968  -13.688  -25.549  0.96
1364  84  PHE  HE1  0.958  -11.275  -28.179  3.02
1365  84  PHE  HE2  -1.591  -14.326  -27.733  3.1
1366  84  PHE  HZ  -0.123  -13.117  -29.051  7.09
1367  85  ILE  N  0.636  -11.013  -21.194  124.06
1368  85  ILE  CA  0.455  -10.312  -19.958  54.33
1369  85  ILE  C  0.363  -8.838  -20.292  172.81
1370  85  ILE  O  1.252  -8.292  -20.946  60.59
1371  85  ILE  CB  1.614  -10.562  -18.914  7.46
1372  85  ILE  CG1  1.703  -12.045  -18.444  123.74
1373  85  ILE  CG2  1.465  -9.65  -17.706  38.73
1374  85  ILE  CD  2.116  -13.051  -19.499  26.91
1375  85  ILE  H  1.405  -11.004  -21.578  9.26
1376  85  ILE  HA  -0.393  -10.596  -19.582  5.12
1377  85  ILE  HB  2.448  -10.321  -19.347  8.24
1378  85  ILE  HG12  2.353  -12.107  -17.727  4.16
1379  85  ILE  HG13  0.839  -12.315  -18.096  1.79
1380  85  ILE  HG21  2.187  -9.828  -17.084  1.1
1381  85  ILE  HG22  0.613  -9.818  -17.275  1.37
1382  85  ILE  HG23  1.504  -8.724  -17.991  111.15
1383  85  ILE  HD11  3.094  -12.794  -19.875  58.18
1384  85  ILE  HD12  1.403  -13.034  -20.31  173.2
1385  85  ILE  HD13  2.143  -14.041  -19.066  174.85
1386  86  TYR  N  -0.715  -8.222  -19.906  126.36
1387  86  TYR  CA  -0.926  -6.813  -20.186  56.53
1388  86  TYR  C  -0.821  -6.014  -18.9  175.01
1389  86  TYR  O  -1.213  -6.507  -17.834  56.98
1390  86  TYR  CB  -2.331  -6.603  -20.763  40.93
1391  86  TYR  CG  -2.654  -7.421  -21.996  9.4
1392  86  TYR  CD1  -3.153  -8.714  -21.886  4.99
1393  86  TYR  CD2  -2.475  -6.902  -23.262  35.97
1394  86  TYR  CE1  -3.457  -9.46  -23  2.02
1395  86  TYR  CE2  -2.782  -7.645  -24.381  2.81
1396  86  TYR  CZ  -3.271  -8.919  -24.247  2.44
1397  86  TYR  OH  -3.574  -9.655  -25.369  8.66
1398  86  TYR  H  -1.319  -8.666  -19.483  8.82
1399  86  TYR  HA  -0.271  -6.509  -20.834  4.96
1400  86  TYR  HB2  -2.982  -6.838  -20.083  2.18
1401  86  TYR  HB3  -2.439  -5.665  -20.986  1.47
1402  86  TYR  HD1  -3.278  -9.08  -21.04  2.27
1403  86  TYR  HD2  -2.142  -6.039  -23.355  110.28
1404  86  TYR  HE1  -3.79  -10.323  -22.906  44.81
1405  86  TYR  HE2  -2.656  -7.282  -25.228  42.75
1406  86  TYR  HH  -2.949  -9.585  -25.926  130.86
1407  87  ASP  N  -0.281  -4.805  -18.978  122.56
1408  87  ASP  CA  -0.289  -3.926  -17.81  4
1409  87  ASP  C  -1.571  -3.111  -17.792  3.87
1410  87  ASP  O  -2.627  -3.589  -17.387  120.11
1411  87  ASP  CB  0.92  -2.952  -17.719  57.81
1412  87  ASP  CG  2.263  -3.593  -17.528  9.99
1413  87  ASP  OD1  2.511  -4.189  -16.45  4.81
1414  87  ASP  OD2  3.121  -3.453  -18.413  39.11
1415  87  ASP  H  0.074  -4.561  -19.722  9.62
1416  87  ASP  HA  -0.296  -4.502  -17.03  4.75
1417  87  ASP  HB2  0.972  -2.444  -18.544  6.85
1418  87  ASP  HB3  0.763  -2.336  -16.987  118.01
1419  88  ARG  N  -1.483  -1.898  -18.283  6.51
1420  88  ARG  CA  -2.613  -1.007  -18.347  54.23
1421  88  ARG  C  -2.343  -0.033  -19.494  174.31
1422  88  ARG  O  -2.942  1.032  -19.593  8.04
1423  88  ARG  CB  -2.701  -0.236  -17.013  43.43
1424  88  ARG  CG  -4.007  0.518  -16.768  46.22
1425  88  ARG  CD  -5.165  -0.447  -16.582  2.95
1426  88  ARG  NE  -6.419  0.244  -16.263  7.02
1427  88  ARG  CZ  -7.162  0.014  -15.165  22.03
1428  88  ARG  NH1  -6.713  -0.8  -14.196  6.73
1429  88  ARG  NH2  -8.327  0.635  -15.017  4.62
1430  88  ARG  H  -0.721  -1.601  -18.55  9.61
1431  88  ARG  HA  -3.428  -1.512  -18.495  5.5
1432  88  ARG  HB2  -2.596  -0.877  -16.292  3.3
1433  88  ARG  HB3  -1.967  0.397  -16.972  3.15
1434  88  ARG  HG2  -3.914  1.058  -15.968  44.17
1435  88  ARG  HG3  -4.19  1.089  -17.53  69.48
1436  88  ARG  HD2  -5.289  -0.946  -17.405  26.17
1437  88  ARG  HD3  -4.949  -1.06  -15.863  21.13
1438  88  ARG  HE  -6.679  0.811  -16.855  8.13
1439  88  ARG  HH11  -5.945  -1.184  -14.239  4.53
1440  88  ARG  HH12  -7.165  -0.979  -13.487  4.06
1441  88  ARG  HH21  -8.622  1.185  -15.609  38.98
1442  88  ARG  HH22  -8.817  0.513  -14.321  1.5
1443  89  ASP  N  -1.452  -0.441  -20.384  126.26
1444  89  ASP  CA  -1.001  0.402  -21.462  114.97
1445  89  ASP  C  -0.792  -0.489  -22.694  33.02
1446  89  ASP  O  -1.38  -1.564  -22.786  63.15
1447  89  ASP  CB  0.324  1.067  -21.036  7.91
1448  89  ASP  CG  0.758  2.214  -21.94  7.6
1449  89  ASP  OD1  0.251  3.338  -21.794  31.88
1450  89  ASP  OD2  1.598  1.984  -22.823  27.42
1451  89  ASP  H  -1.134  -1.24  -20.373  8.04
1452  89  ASP  HA  -1.667  1.083  -21.644  4.29
1453  89  ASP  HB2  0.268  1.364  -20.114  1.94
1454  89  ASP  HB3  1.011  0.383  -21.073  2.32
1455  90  ARG  N  0.061  -0.069  -23.586  1.95
1456  90  ARG  CA  0.313  -0.735  -24.842  59.03
1457  90  ARG  C  1.526  -1.647  -24.693  173.61
1458  90  ARG  O  2.246  -1.916  -25.661  3.65
1459  90  ARG  CB  0.585  0.299  -25.978  26.33
1460  90  ARG  CG  -0.547  1.311  -26.288  28.33
1461  90  ARG  CD  -0.747  2.323  -25.161  43.23
1462  90  ARG  NE  -1.783  3.308  -25.458  30.67
1463  90  ARG  CZ  -2.008  4.417  -24.739  29.83
1464  90  ARG  NH1  -1.332  4.646  -23.608  36.19
1465  90  ARG  NH2  -2.937  5.273  -25.132  1.44
1466  90  ARG  H  0.523  0.632  -23.398  115.61
1467  90  ARG  HA  -0.468  -1.262  -25.074  3.03
1468  90  ARG  HB2  1.37  0.813  -25.732  2.09
1469  90  ARG  HB3  0.788  -0.19  -26.791  2.09
1470  90  ARG  HG2  -0.323  1.793  -27.099  1.37
1471  90  ARG  HG3  -1.373  0.821  -26.425  1.14
1472  90  ARG  HD2  -0.993  1.847  -24.353  3.23
1473  90  ARG  HD3  0.093  2.784  -25.009  2.97
1474  90  ARG  HE  -2.262  3.149  -26.154  120.41
1475  90  ARG  HH11  -0.739  4.115  -23.282  54.41
1476  90  ARG  HH12  -1.464  5.36  -23.147  53.73
1477  90  ARG  HH21  -3.397  5.124  -25.843  47.74
1478  90  ARG  HH22  -3.101  5.999  -24.701  40.64
1479  91  THR  N  1.737  -2.135  -23.495  119.46
1480  91  THR  CA  2.812  -3.052  -23.241  54.43
1481  91  THR  C  2.279  -4.489  -23.149  175.61
1482  91  THR  O  1.464  -4.82  -22.273  8.28
1483  91  THR  CB  3.544  -2.658  -21.94  40.43
1484  91  THR  OG1  2.577  -2.417  -20.888  8.89
1485  91  THR  CG2  4.381  -1.41  -22.156  2.66
1486  91  THR  H  1.243  -1.901  -22.831  8.08
1487  91  THR  HA  3.435  -2.987  -23.982  4.92
1488  91  THR  HB  4.121  -3.391  -21.674  1.3
1489  91  THR  HG1  2.818  -2.834  -20.2  1.94
1490  91  THR  HG21  4.811  -1.163  -21.322  32.45
1491  91  THR  HG22  3.804  -0.687  -22.447  24.79
1492  91  THR  HG23  5.057  -1.584  -22.83  28.86
1493  92  PHE  N  2.723  -5.326  -24.079  121.86
1494  92  PHE  CA  2.3  -6.717  -24.153  55.13
1495  92  PHE  C  3.504  -7.614  -23.921  172.91
1496  92  PHE  O  4.494  -7.529  -24.649  4.26
1497  92  PHE  CB  1.722  -7.041  -25.555  30.43
1498  92  PHE  CG  0.424  -6.344  -25.981  25.73
1499  92  PHE  CD1  0.076  -5.078  -25.524  1.58
1500  92  PHE  CD2  -0.441  -6.983  -26.86  1.41
1501  92  PHE  CE1  -1.098  -4.471  -25.932  178.02
1502  92  PHE  CE2  -1.616  -6.378  -27.273  1.66
1503  92  PHE  CZ  -1.943  -5.121  -26.807  32.34
1504  92  PHE  H  3.284  -5.051  -24.669  9.26
1505  92  PHE  HA  1.62  -6.881  -23.481  5.25
1506  92  PHE  HB2  2.395  -6.795  -26.208  2.52
1507  92  PHE  HB3  1.585  -8  -25.61  1.84
1508  92  PHE  HD1  0.644  -4.638  -24.933  120.65
1509  92  PHE  HD2  -0.222  -7.83  -27.175  3.42
1510  92  PHE  HE1  -1.315  -3.623  -25.617  2.07
1511  92  PHE  HE2  -2.187  -6.818  -27.86  40.59
1512  92  PHE  HZ  -2.73  -4.71  -27.083  32.3
1513  93  TYR  N  3.428  -8.456  -22.935  118.46
1514  93  TYR  CA  4.517  -9.37  -22.623  63.43
1515  93  TYR  C  4.105  -10.746  -23.076  173.11
1516  93  TYR  O  3.082  -11.264  -22.627  3.19
1517  93  TYR  CB  4.797  -9.356  -21.116  70.43
1518  93  TYR  CG  5.042  -7.963  -20.571  4.21
1519  93  TYR  CD1  3.975  -7.129  -20.303  17.54
1520  93  TYR  CD2  6.321  -7.476  -20.344  1.79
1521  93  TYR  CE1  4.153  -5.872  -19.833  4.28
1522  93  TYR  CE2  6.51  -6.192  -19.864  1.4
1523  93  TYR  CZ  5.413  -5.4  -19.611  1.69
1524  93  TYR  OH  5.571  -4.119  -19.142  122.82
1525  93  TYR  H  2.721  -8.476  -22.446  8.46
1526  93  TYR  HA  5.307  -9.089  -23.11  5.38
1527  93  TYR  HB2  4.034  -9.735  -20.652  62.85
1528  93  TYR  HB3  5.582  -9.896  -20.933  175.8
1529  93  TYR  HD1  3.112  -7.442  -20.45  121.67
1530  93  TYR  HD2  7.055  -8.02  -20.519  31.86
1531  93  TYR  HE1  3.415  -5.333  -19.661  176.92
1532  93  TYR  HE2  7.368  -5.867  -19.711  4.56
1533  93  TYR  HH  4.867  -3.985  -18.703  40.42
1534  94  VAL  N  4.866  -11.323  -23.975  124.26
1535  94  VAL  CA  4.499  -12.579  -24.584  55.93
1536  94  VAL  C  5.423  -13.726  -24.144  175.21
1537  94  VAL  O  6.644  -13.568  -24.078  7.63
1538  94  VAL  CB  4.55  -12.468  -26.135  42.53
1539  94  VAL  CG1  4.028  -13.731  -26.794  55.61
1540  94  VAL  CG2  3.79  -11.243  -26.629  178.6
1541  94  VAL  H  5.606  -10.956  -24.216  9.51
1542  94  VAL  HA  3.585  -12.785  -24.332  5.86
1543  94  VAL  HB  5.481  -12.372  -26.389  174.28
1544  94  VAL  HG11  3.108  -13.876  -26.522  174.29
1545  94  VAL  HG12  4.569  -14.487  -26.518  8.84
1546  94  VAL  HG13  4.069  -13.631  -27.758  7.53
1547  94  VAL  HG21  4.183  -10.444  -26.245  3.88
1548  94  VAL  HG22  2.862  -11.308  -26.354  120.61
1549  94  VAL  HG23  3.838  -11.198  -27.597  53.77
1550  95  ILE  N  4.82  -14.849  -23.8  122.66
1551  95  ILE  CA  5.541  -16.094  -23.537  57.53
1552  95  ILE  C  5.101  -17.112  -24.594  175.71
1553  95  ILE  O  3.901  -17.267  -24.841  26.71
1554  95  ILE  CB  5.316  -16.688  -22.078  40.03
1555  95  ILE  CG1  5.906  -15.784  -20.957  8.17
1556  95  ILE  CG2  5.891  -18.102  -21.956  7.83
1557  95  ILE  CD  5.227  -14.446  -20.762  4.62
1558  95  ILE  H  3.963  -14.831  -23.729  9.57
1559  95  ILE  HA  6.482  -15.905  -23.68  5.29
1560  95  ILE  HB  4.359  -16.771  -21.945  120.15
1561  95  ILE  HG12  5.848  -16.256  -20.111  54.9
1562  95  ILE  HG13  6.842  -15.623  -21.155  175.1
1563  95  ILE  HG21  5.735  -18.441  -21.061  4.22
1564  95  ILE  HG22  6.845  -18.081  -22.131  40.07
1565  95  ILE  HG23  5.459  -18.681  -22.603  2.75
1566  95  ILE  HD11  4.19  -14.61  -20.507  175.01
1567  95  ILE  HD12  5.287  -13.873  -21.676  8.66
1568  95  ILE  HD13  5.714  -13.905  -19.963  55.78
1569  96  ILE  N  6.058  -17.775  -25.219  121.96
1570  96  ILE  CA  5.786  -18.679  -26.327  60.03
1571  96  ILE  C  5.922  -20.132  -25.892  174.81
1572  96  ILE  O  6.932  -20.517  -25.294  24.64
1573  96  ILE  CB  6.775  -18.448  -27.554  33.83
1574  96  ILE  CG1  6.748  -16.997  -28.123  42.24
1575  96  ILE  CG2  6.499  -19.444  -28.679  21.53
1576  96  ILE  CD  7.37  -15.927  -27.248  177.2
1577  96  ILE  H  6.875  -17.689  -24.964  8.57
1578  96  ILE  HA  4.878  -18.562  -26.648  5.04
1579  96  ILE  HB  7.668  -18.643  -27.229  1.62
1580  96  ILE  HG12  7.231  -16.98  -28.964  1.42
1581  96  ILE  HG13  5.828  -16.744  -28.297  1.5
1582  96  ILE  HG21  7.115  -19.285  -29.411  1.73
1583  96  ILE  HG22  5.587  -19.333  -28.99  1.73
1584  96  ILE  HG23  6.615  -20.347  -28.345  3.04
1585  96  ILE  HD11  6.848  -15.876  -26.304  3.04
1586  96  ILE  HD12  7.307  -14.975  -27.753  60.52
1587  96  ILE  HD13  8.409  -16.173  -27.079  124.13
1588  97  TYR  N  4.906  -20.915  -26.165  128.26
1589  97  TYR  CA  4.979  -22.347  -25.985  60.73
1590  97  TYR  C  5.171  -22.967  -27.34  173.91
1591  97  TYR  O  4.325  -22.775  -28.223  176.64
1592  97  TYR  CB  3.697  -22.918  -25.39  40.53
1593  97  TYR  CG  3.332  -22.406  -24.037  42.92
1594  97  TYR  CD1  3.979  -22.859  -22.903  13.83
1595  97  TYR  CD2  2.326  -21.48  -23.889  22.52
1596  97  TYR  CE1  3.63  -22.395  -21.66  26
1597  97  TYR  CE2  1.97  -21.018  -22.66  6.71
1598  97  TYR  CZ  2.621  -21.471  -21.547  3.7
1599  97  TYR  OH  2.256  -20.999  -20.311  1.62
1600  97  TYR  H  4.17  -20.582  -26.459  9.01
1601  97  TYR  HA  5.732  -22.557  -25.411  4.14
1602  97  TYR  HB2  2.958  -22.717  -25.985  58.07
1603  97  TYR  HB3  3.793  -23.881  -25.332  7.96
1604  97  TYR  HD1  4.662  -23.485  -22.988  0.87
1605  97  TYR  HD2  1.884  -21.164  -24.643  177.3
1606  97  TYR  HE1  4.074  -22.707  -20.905  60.73
1607  97  TYR  HE2  1.284  -20.395  -22.583  31.38
1608  97  TYR  HH  1.416  -20.987  -20.285  128.79
1609  98  GLY  N  6.271  -23.67  -27.525  126.56
1610  98  GLY  CA  6.52  -24.321  -28.789  60.33
1611  98  GLY  C  5.579  -25.485  -28.997  175.69
1612  98  GLY  O  4.525  -25.334  -29.616  35.74
1613  98  GLY  H  6.846  -23.734  -26.889  8.22
1614  98  GLY  HA2  6.393  -23.673  -29.499  17.77
1615  98  GLY  HA3  7.434  -24.644  -28.812  30.32
1616  99  HSE  N  5.955  -26.638  -28.46  8.99
1617  99  HSE  CA  5.16  -27.882  -28.512  4.31
1618  99  HSE  C  6.029  -29  -27.992  1.9
1619  99  HSE  O  5.599  -29.842  -27.214  1.55
1620  99  HSE  CB  4.726  -28.232  -29.956  40.93
1621  99  HSE  CG  3.748  -29.372  -30.047  32.25
1622  99  HSE  ND1  4.087  -30.65  -30.437  8.5
1623  99  HSE  CD2  2.415  -29.401  -29.816  50.67
1624  99  HSE  CE1  3.008  -31.405  -30.438  4.34
1625  99  HSE  NE2  1.982  -30.672  -30.066  117.55
1626  99  HSE  H  6.815  -26.652  -27.985  9.41
1627  99  HSE  HA  4.293  -27.777  -27.877  4.9
1628  99  HSE  HB2  4.262  -27.365  -30.401  3.02
1629  99  HSE  HB3  5.604  -28.494  -30.527  2.72
1630  99  HSE  HD1  4.974  -30.999  -30.684  174.29
1631  99  HSE  HD2  1.805  -28.568  -29.495  29.24
1632  99  HSE  HE1  2.969  -32.452  -30.701  36.57
1633  99  HSE  HE2  1.053  -30.873  -30.313  8.64
1634  100  ASN  N  7.259  -28.959  -28.427  176
1635  100  ASN  CA  8.294  -29.945  -28.117  44.83
1636  100  ASN  C  9.545  -29.451  -28.781  9.14
1637  100  ASN  O  10.659  -29.657  -28.32  3.79
1638  100  ASN  CB  7.926  -31.332  -28.676  2.07
1639  100  ASN  CG  8.933  -32.414  -28.31  2.07
1640  100  ASN  OD1  8.805  -33.061  -27.279  2.33
1641  100  ASN  ND2  9.927  -32.625  -29.147  2.33
1642  100  ASN  H  7.492  -28.287  -28.911  8.69
1643  100  ASN  HA  8.42  -29.983  -27.156  58.86
1644  100  ASN  HB2  7.062  -31.595  -28.323  120.55
1645  100  ASN  HB3  7.872  -31.274  -29.643  60.05
1646  100  ASN  HD21  9.994  -32.16  -29.867  178.7
1647  100  ASN  HD22  10.492  -33.243  -28.953  62.02
1648  101  MET  N  9.322  -28.796  -29.891  33.15
1649  101  MET  CA  10.332  -28.129  -30.643  4.28
1650  101  MET  C  9.77  -26.776  -31.018  4.12
1651  101  MET  O  8.536  -26.606  -31.036  3.97
1652  101  MET  CB  10.685  -28.907  -31.936  30.73
1653  101  MET  CG  9.532  -29.057  -32.942  7.88
1654  101  MET  SD  8.193  -30.15  -32.384  46.87
1655  101  MET  CE  9.038  -31.737  -32.372  172.09
1656  101  MET  H  8.53  -28.751  -30.224  8.04
1657  101  MET  HA  11.123  -28.029  -30.09  4.72
1658  101  MET  HB2  11.415  -28.453  -32.386  3.16
1659  101  MET  HB3  10.981  -29.795  -31.681  3.16
1660  101  MET  HG2  9.153  -28.181  -33.112  58.04
1661  101  MET  HG3  9.894  -29.41  -33.77  177.3
1662  101  MET  HE1  9.796  -31.698  -31.768  175.69
1663  101  MET  HE2  9.35  -31.941  -33.267  39.7
1664  101  MET  HE3  8.427  -32.43  -32.076  42.86
1665  102  CYS  N  10.62  -25.831  -31.264  57.11
1666  102  CYS  CA  10.185  -24.535  -31.713  121.17
1667  102  CYS  C  9.997  -24.575  -33.222  7.74
1668  102  CYS  O  8.886  -24.867  -33.677  7.93
1669  102  CYS  CB  11.204  -23.47  -31.319  5.11
1670  102  CYS  SG  11.472  -23.331  -29.535  2.01
1671  102  CYS  OXT  10.99  -24.373  -33.959  2.96
1672  102  CYS  H  11.462  -25.964  -31.151  127.07
1673  102  CYS  HA  9.334  -24.343  -31.289  4.48
1674  102  CYS  HB2  12.057  -23.688  -31.726  2.73
1675  102  CYS  HB3  10.908  -22.606  -31.645  2.6
1676  102  CYS  HG  10.39  -23.29  -29.017  32.53
