1  1  MET  N  -23.526  19.769  -3.198  120.05
2  1  MET  CA  -23.49  18.517  -2.396  61.74
3  1  MET  C  -22.054  18.099  -2.092  172.33
4  1  MET  O  -21.63  18.097  -0.937  55.76
5  1  MET  CB  -24.206  17.416  -3.18  33.23
6  1  MET  CG  -25.592  17.815  -3.661  24.03
7  1  MET  SD  -26.781  17.954  -2.314  29.31
8  1  MET  CE  -26.915  19.734  -2.164  15.67
9  1  MET  H  -24.322  20.156  -3.109  8.25
10  1  MET  H2  -22.893  20.324  -2.91  8.6
11  1  MET  H3  -23.384  19.576  -4.055  4.44
12  1  MET  HA  -23.932  18.695  -1.551  4.22
13  1  MET  HB2  -23.667  17.189  -3.954  2.38
14  1  MET  HB3  -24.293  16.638  -2.608  2.42
15  1  MET  HG2  -25.524  18.671  -4.112  4.01
16  1  MET  HG3  -25.902  17.144  -4.289  1.9
17  1  MET  HE1  -27.229  20.102  -3.005  120.94
18  1  MET  HE2  -27.539  19.963  -1.458  1.46
19  1  MET  HE3  -26.042  20.103  -1.956  174.42
20  2  ALA  N  -21.312  17.747  -3.138  1.69
21  2  ALA  CA  -19.924  17.328  -2.984  70.38
22  2  ALA  C  -19.823  16.058  -2.144  38.55
23  2  ALA  O  -20.252  16.03  -0.991  22.5
24  2  ALA  CB  -19.1  18.443  -2.358  8.77
25  2  ALA  H  -21.659  17.767  -3.925  177.05
26  2  ALA  HA  -19.561  17.142  -3.864  3.76
27  2  ALA  HB1  -19.135  19.227  -2.928  113.3
28  2  ALA  HB2  -19.466  18.661  -1.486  54.59
29  2  ALA  HB3  -18.179  18.156  -2.259  175.31
30  3  CYS  N  -19.253  15.011  -2.731  114.01
31  3  CYS  CA  -19.095  13.738  -2.036  41.5
32  3  CYS  C  -17.869  12.989  -2.549  7.02
33  3  CYS  O  -17.946  12.249  -3.53  7.73
34  3  CYS  CB  -20.345  12.877  -2.217  4.65
35  3  CYS  SG  -20.784  11.897  -0.762  2.52
36  3  CYS  H  -18.971  15.086  -3.54  2.69
37  3  CYS  HA  -18.957  13.927  -1.095  9.15
38  3  CYS  HB2  -21.09  13.462  -2.427  5
39  3  CYS  HB3  -20.192  12.271  -2.958  4.65
40  3  CYS  HG  -19.992  12.102  0.116  2.58
41  4  LYS  N  -16.738  13.186  -1.878  122.95
42  4  LYS  CA  -15.495  12.529  -2.267  54.37
43  4  LYS  C  -14.874  11.794  -1.084  173.46
44  4  LYS  O  -15.419  11.8  0.02  32.46
45  4  LYS  CB  -14.505  13.554  -2.825  30.64
46  4  LYS  CG  -14.744  13.896  -4.285  54.15
47  4  LYS  CD  -13.435  14.061  -5.042  177.57
48  4  LYS  CE  -13.66  14.664  -6.42  5.49
49  4  LYS  NZ  -12.454  14.537  -7.284  41.25
50  4  LYS  H  -16.74  13.713  -1.199  2.05
51  4  LYS  HA  -15.693  11.882  -2.962  5.31
52  4  LYS  HB2  -14.58  14.368  -2.302  64.24
53  4  LYS  HB3  -13.609  13.194  -2.737  63.35
54  4  LYS  HG2  -15.257  13.183  -4.696  4.87
55  4  LYS  HG3  -15.244  14.725  -4.336  2.84
56  4  LYS  HD2  -12.848  14.644  -4.535  3
57  4  LYS  HD3  -13.017  13.192  -5.143  124.46
58  4  LYS  HE2  -14.401  14.205  -6.846  63.95
59  4  LYS  HE3  -13.876  15.604  -6.319  176.57
60  4  LYS  HZ1  -12.126  13.732  -7.474  1.72
61  4  LYS  HZ2  -12.468  14.851  -8.117  31.95
62  4  LYS  HZ3  -11.687  14.914  -7.036  21.05
63  5  VAL  N  -13.729  11.161  -1.323  21.25
64  5  VAL  CA  -13.031  10.42  -0.28  8.45
65  5  VAL  C  -13.89  9.269  0.243  4.17
66  5  VAL  O  -13.743  8.128  -0.193  2.28
67  5  VAL  CB  -12.621  11.341  0.888  174.82
68  5  VAL  CG1  -11.888  10.555  1.966  1.66
69  5  VAL  CG2  -11.761  12.489  0.381  66.65
70  5  VAL  H  -13.392  11.189  -2.114  4.47
71  5  VAL  HA  -12.232  10.037  -0.674  120.16
72  5  VAL  HB  -13.434  11.692  1.284  61.35
73  5  VAL  HG11  -12.465  9.857  2.313  120.86
74  5  VAL  HG12  -11.086  10.156  1.594  63.25
75  5  VAL  HG13  -11.645  11.161  2.683  176.97
76  5  VAL  HG21  -10.959  12.138  -0.036  121.36
77  5  VAL  HG22  -12.261  13.01  -0.267  36.75
78  5  VAL  HG23  -11.515  13.054  1.13  28.75
79  6  LYS  N  -14.792  9.571  1.177  18.05
80  6  LYS  CA  -15.671  8.556  1.748  59.88
81  6  LYS  C  -14.871  7.353  2.252  8.12
82  6  LYS  O  -13.672  7.461  2.512  3.86
83  6  LYS  CB  -16.701  8.11  0.705  31.63
84  6  LYS  CG  -18.09  7.887  1.279  24.49
85  6  LYS  CD  -18.863  6.851  0.48  29.71
86  6  LYS  CE  -19.72  5.977  1.383  2.02
87  6  LYS  NZ  -18.922  4.902  2.035  1.75
88  6  LYS  H  -14.857  10.384  1.45  1.36
89  6  LYS  HA  -16.144  8.946  2.5  8.12
90  6  LYS  HB2  -16.758  8.794  0.019  4.1
91  6  LYS  HB3  -16.396  7.279  0.308  1.8
92  6  LYS  HG2  -18.008  7.58  2.196  118.56
93  6  LYS  HG3  -18.577  8.726  1.262  58.35
94  6  LYS  HD2  -19.438  7.306  -0.155  180.17
95  6  LYS  HD3  -18.235  6.288  0.001  173.73
96  6  LYS  HE2  -20.119  6.533  2.071  66.47
97  6  LYS  HE3  -20.42  5.569  0.85  24.65
98  6  LYS  HZ1  -18.385  4.387  1.546  29.75
99  6  LYS  HZ2  -18.332  5.108  2.669  42.45
100  6  LYS  HZ3  -19.333  4.247  2.475  23.15
101  7  ALA  N  -15.539  6.209  2.378  119.67
102  7  ALA  CA  -14.902  4.986  2.839  55
103  7  ALA  C  -14.081  4.345  1.728  2.06
104  7  ALA  O  -14.162  3.138  1.499  2.1
105  7  ALA  CB  -15.949  4.012  3.359  18.02
106  7  ALA  H  -16.376  6.193  2.18  8.01
107  7  ALA  HA  -14.305  5.209  3.57  4.24
108  7  ALA  HB1  -16.429  4.42  4.096  1.82
109  7  ALA  HB2  -16.572  3.8  2.646  3.04
110  7  ALA  HB3  -15.517  3.199  3.665  3.06
111  8  GLU  N  -13.279  5.156  1.051  119.13
112  8  GLU  CA  -12.428  4.664  -0.022  59.04
113  8  GLU  C  -11.482  3.613  0.526  54.52
114  8  GLU  O  -11.011  2.737  -0.2  107.26
115  8  GLU  CB  -11.632  5.815  -0.636  29.51
116  8  GLU  CG  -11.065  6.766  0.401  35.99
117  8  GLU  CD  -9.944  7.628  -0.143  4.53
118  8  GLU  OE1  -8.893  7.068  -0.519  8.63
119  8  GLU  OE2  -10.116  8.864  -0.194  4.03
120  8  GLU  H  -13.262  5.992  1.251  8.22
121  8  GLU  HA  -12.976  4.276  -0.722  4.17
122  8  GLU  HB2  -10.897  5.443  -1.148  2.15
123  8  GLU  HB3  -12.217  6.315  -1.226  2.27
124  8  GLU  HG2  -11.777  7.346  0.713  2.29
125  8  GLU  HG3  -10.722  6.246  1.145  2.47
126  9  LEU  N  -11.23  3.701  1.827  121.54
127  9  LEU  CA  -10.361  2.75  2.497  58.17
128  9  LEU  C  -11.052  1.4  2.597  42.25
129  9  LEU  O  -10.408  0.352  2.647  27.9
130  9  LEU  CB  -9.924  3.262  3.884  42.14
131  9  LEU  CG  -11.012  3.403  4.966  26.17
132  9  LEU  CD1  -12.05  4.44  4.573  25.84
133  9  LEU  CD2  -11.677  2.071  5.265  23.84
134  9  LEU  H  -11.589  4.336  2.283  8.56
135  9  LEU  HA  -9.555  2.643  1.968  4.27
136  9  LEU  HB2  -9.255  2.647  4.223  1.51
137  9  LEU  HB3  -9.524  4.137  3.759  2.19
138  9  LEU  HG  -10.594  3.673  5.799  1.86
139  9  LEU  HD11  -11.617  5.3  4.455  3.06
140  9  LEU  HD12  -12.472  4.173  3.741  32.24
141  9  LEU  HD13  -12.722  4.51  5.269  27.15
142  9  LEU  HD21  -11.002  1.446  5.573  119.05
143  9  LEU  HD22  -12.36  2.172  5.947  122.16
144  9  LEU  HD23  -12.081  1.734  4.45  61.75
145  10  GLU  N  -12.375  1.447  2.631  118.78
146  10  GLU  CA  -13.196  0.253  2.735  60.36
147  10  GLU  C  -13.013  -0.668  1.541  31.05
148  10  GLU  O  -13.306  -1.857  1.617  120.62
149  10  GLU  CB  -14.667  0.661  2.847  29.29
150  10  GLU  CG  -15.477  0.474  1.566  178.59
151  10  GLU  CD  -16.124  -0.893  1.48  129.6
152  10  GLU  OE1  -16.751  -1.317  2.473  15.52
153  10  GLU  OE2  -16.004  -1.541  0.418  121.55
154  10  GLU  H  -12.763  2.213  2.59  8.63
155  10  GLU  HA  -12.955  -0.226  3.543  3.88
156  10  GLU  HB2  -15.077  0.126  3.545  2.17
157  10  GLU  HB3  -14.704  1.598  3.093  7.47
158  10  GLU  HG2  -16.173  1.149  1.537  2.45
159  10  GLU  HG3  -14.886  0.586  0.805  3.28
160  11  ALA  N  -12.566  -0.108  0.433  120.16
161  11  ALA  CA  -12.393  -0.887  -0.778  54.5
162  11  ALA  C  -11.153  -1.756  -0.711  10.14
163  11  ALA  O  -11.194  -2.961  -0.982  7.6
164  11  ALA  CB  -12.331  0.028  -1.992  17.97
165  11  ALA  H  -12.374  0.73  0.429  7.95
166  11  ALA  HA  -13.164  -1.466  -0.879  4.1
167  11  ALA  HB1  -11.583  0.638  -1.895  114.56
168  11  ALA  HB2  -12.216  -0.501  -2.797  59.05
169  11  ALA  HB3  -13.156  0.535  -2.053  179.17
170  12  ALA  N  -10.052  -1.133  -0.348  120.57
171  12  ALA  CA  -8.789  -1.828  -0.253  54.62
172  12  ALA  C  -8.819  -2.868  0.83  25.65
173  12  ALA  O  -8.325  -3.961  0.638  29.25
174  12  ALA  CB  -7.657  -0.852  -0.01  17.59
175  12  ALA  H  -10.085  -0.294  -0.163  8.1
176  12  ALA  HA  -8.622  -2.273  -1.099  4.05
177  12  ALA  HB1  -7.82  -0.375  0.819  4.07
178  12  ALA  HB2  -6.815  -1.329  0.052  1.98
179  12  ALA  HB3  -7.617  -0.221  -0.745  2.04
180  13  PHE  N  -9.399  -2.521  1.962  118.18
181  13  PHE  CA  -9.487  -3.445  3.078  62.05
182  13  PHE  C  -10.358  -4.645  2.712  1.86
183  13  PHE  O  -9.902  -5.808  2.715  1.93
184  13  PHE  CB  -10.054  -2.725  4.301  38.03
185  13  PHE  CG  -8.993  -2.088  5.15  3.23
186  13  PHE  CD1  -8.191  -2.867  5.96  175.09
187  13  PHE  CD2  -8.8  -0.715  5.14  7.46
188  13  PHE  CE1  -7.21  -2.292  6.749  64.42
189  13  PHE  CE2  -7.822  -0.134  5.924  116.36
190  13  PHE  CZ  -7.028  -0.922  6.731  57.05
191  13  PHE  H  -9.732  -1.732  2.041  8.43
192  13  PHE  HA  -8.592  -3.787  3.228  4.35
193  13  PHE  HB2  -10.664  -2.035  3.997  2.87
194  13  PHE  HB3  -10.538  -3.369  4.841  2.6
195  13  PHE  HD1  -8.31  -3.789  5.977  6.49
196  13  PHE  HD2  -9.335  -0.18  4.599  59.24
197  13  PHE  HE1  -6.675  -2.828  7.289  6.98
198  13  PHE  HE2  -7.7  0.788  5.906  8.19
199  13  PHE  HZ  -6.371  -0.533  7.262  6.79
200  14  LYS  N  -11.607  -4.356  2.35  114.72
201  14  LYS  CA  -12.532  -5.409  1.948  58.88
202  14  LYS  C  -11.937  -6.208  0.8  2.49
203  14  LYS  O  -12.322  -7.354  0.56  2.62
204  14  LYS  CB  -13.889  -4.832  1.545  32.1
205  14  LYS  CG  -14.912  -4.839  2.67  25.04
206  14  LYS  CD  -14.897  -3.533  3.449  28.72
207  14  LYS  CE  -13.597  -3.352  4.218  41.82
208  14  LYS  NZ  -13.84  -2.968  5.635  177.37
209  14  LYS  H  -11.871  -3.538  2.353  7.65
210  14  LYS  HA  -12.675  -6.004  2.701  3.8
211  14  LYS  HB2  -13.758  -3.916  1.255  1.88
212  14  LYS  HB3  -14.239  -5.358  0.809  27.65
213  14  LYS  HG2  -15.796  -4.969  2.292  1.49
214  14  LYS  HG3  -14.709  -5.569  3.276  7.93
215  14  LYS  HD2  -15  -2.795  2.828  1.61
216  14  LYS  HD3  -15.636  -3.532  4.077  1.68
217  14  LYS  HE2  -13.103  -4.187  4.199  3.06
218  14  LYS  HE3  -13.073  -2.657  3.789  2.61
219  14  LYS  HZ1  -14.332  -2.251  5.824  7.56
220  14  LYS  HZ2  -14.253  -3.533  6.185  107.06
221  14  LYS  HZ3  -13.153  -2.776  6.168  61.27
222  15  LYS  N  -10.964  -5.611  0.118  115.44
223  15  LYS  CA  -10.285  -6.283  -0.97  57.75
224  15  LYS  C  -8.919  -6.732  -0.48  70.16
225  15  LYS  O  -8.335  -7.682  -1.001  113.56
226  15  LYS  CB  -10.165  -5.358  -2.18  67.05
227  15  LYS  CG  -10.037  -6.09  -3.505  24.47
228  15  LYS  CD  -8.598  -6.124  -3.984  3.56
229  15  LYS  CE  -8.155  -4.774  -4.531  41.82
230  15  LYS  NZ  -7.836  -3.805  -3.444  122.61
231  15  LYS  H  -10.734  -4.809  0.328  7.13
232  15  LYS  HA  -10.799  -7.063  -1.233  3.9
233  15  LYS  HB2  -10.956  -4.798  -2.216  1.72
234  15  LYS  HB3  -9.379  -4.801  -2.062  4
235  15  LYS  HG2  -10.354  -7  -3.394  1.46
236  15  LYS  HG3  -10.579  -5.637  -4.17  29.05
237  15  LYS  HD2  -8.024  -6.365  -3.24  1.24
238  15  LYS  HD3  -8.515  -6.789  -4.685  7.59
239  15  LYS  HE2  -7.364  -4.903  -5.078  4.08
240  15  LYS  HE3  -8.869  -4.408  -5.076  47.15
241  15  LYS  HZ1  -8.46  -3.241  -3.154  176.67
242  15  LYS  HZ2  -7.574  -4.101  -2.647  1.79
243  15  LYS  HZ3  -7.188  -3.205  -3.558  8.36
244  16  LEU  N  -8.435  -6.058  0.565  116.81
245  16  LEU  CA  -7.168  -6.403  1.173  56.23
246  16  LEU  C  -7.268  -7.821  1.667  123.66
247  16  LEU  O  -6.283  -8.533  1.772  58.95
248  16  LEU  CB  -6.787  -5.396  2.283  43.73
249  16  LEU  CG  -7.136  -5.716  3.756  26.68
250  16  LEU  CD1  -6.837  -7.149  4.147  24.87
251  16  LEU  CD2  -6.376  -4.77  4.67  25.65
252  16  LEU  H  -8.888  -5.401  0.886  7.25
253  16  LEU  HA  -6.471  -6.352  0.501  3.63
254  16  LEU  HB2  -5.825  -5.28  2.241  0.88
255  16  LEU  HB3  -7.224  -4.557  2.067  1.18
256  16  LEU  HG  -8.083  -5.551  3.888  1.1
257  16  LEU  HD11  -7.352  -7.744  3.58  2.05
258  16  LEU  HD12  -5.891  -7.319  4.018  2.1
259  16  LEU  HD13  -7.07  -7.306  5.075  1.61
260  16  LEU  HD21  -5.423  -4.882  4.529  1.73
261  16  LEU  HD22  -6.627  -3.855  4.467  1.68
262  16  LEU  HD23  -6.591  -4.967  5.595  1.7
263  17  ASP  N  -8.489  -8.235  1.942  115.72
264  17  ASP  CA  -8.725  -9.601  2.373  51.91
265  17  ASP  C  -10.198  -9.906  2.422  1.7
266  17  ASP  O  -10.74  -10.536  1.514  7.28
267  17  ASP  CB  -8.081  -9.899  3.724  121.4
268  17  ASP  CG  -8.107  -11.376  4.062  122.06
269  17  ASP  OD1  -7.162  -12.092  3.67  65.55
270  17  ASP  OD2  -9.072  -11.817  4.721  177.17
271  17  ASP  H  -9.151  -7.692  1.865  7.64
272  17  ASP  HA  -8.341  -10.179  1.695  4.36
273  17  ASP  HB2  -7.159  -9.599  3.702  1.63
274  17  ASP  HB3  -8.562  -9.412  4.411  2.23
275  18  ALA  N  -10.836  -9.487  3.498  128.61
276  18  ALA  CA  -12.248  -9.747  3.701  54.46
277  18  ALA  C  -12.457  -11.238  3.935  3.46
278  18  ALA  O  -13.154  -11.642  4.865  1.81
279  18  ALA  CB  -13.078  -9.257  2.52  19.31
280  18  ALA  H  -10.402  -9.047  4.096  7.61
281  18  ALA  HA  -12.546  -9.264  4.488  4.03
282  18  ALA  HB1  -12.945  -8.302  2.414  2.07
283  18  ALA  HB2  -12.785  -9.715  1.716  2.22
284  18  ALA  HB3  -14.019  -9.438  2.67  62.95
285  19  ASN  N  -11.826  -12.056  3.088  110.17
286  19  ASN  CA  -11.922  -13.498  3.21  51.15
287  19  ASN  C  -10.582  -14.191  2.941  119.46
288  19  ASN  O  -10.315  -15.256  3.497  58.15
289  19  ASN  CB  -13.004  -14.057  2.277  37.16
290  19  ASN  CG  -13.243  -13.182  1.061  1.82
291  19  ASN  OD1  -14.336  -12.648  0.872  32.35
292  19  ASN  ND2  -12.22  -13.031  0.227  114.48
293  19  ASN  H  -11.351  -11.719  2.455  7.86
294  19  ASN  HA  -12.147  -13.683  4.135  4.78
295  19  ASN  HB2  -12.728  -14.937  1.976  2.89
296  19  ASN  HB3  -13.833  -14.13  2.775  3.32
297  19  ASN  HD21  -11.471  -13.419  0.391  8.05
298  19  ASN  HD22  -12.308  -12.545  -0.477  6.57
299  20  GLY  N  -9.74  -13.597  2.089  109.08
300  20  GLY  CA  -8.446  -14.2  1.778  47.18
301  20  GLY  C  -8.561  -15.685  1.474  1.53
302  20  GLY  O  -8.532  -16.513  2.384  1.59
303  20  GLY  H  -9.963  -12.853  1.72  7.76
304  20  GLY  HA2  -8.07  -13.751  1.005  3.79
305  20  GLY  HA3  -7.856  -14.082  2.539  3.82
306  21  ASP  N  -8.713  -16.025  0.196  118.26
307  21  ASP  CA  -8.857  -17.418  -0.205  53.1
308  21  ASP  C  -7.614  -17.943  -0.909  119.15
309  21  ASP  O  -7.143  -19.045  -0.627  116.26
310  21  ASP  CB  -10.07  -17.567  -1.125  40.6
311  21  ASP  CG  -11.116  -18.509  -0.559  177.97
312  21  ASP  OD1  -10.775  -19.681  -0.291  33.04
313  21  ASP  OD2  -12.273  -18.076  -0.384  30.05
314  21  ASP  H  -8.727  -15.41  -0.405  8.18
315  21  ASP  HA  -8.951  -17.933  0.612  4.58
316  21  ASP  HB2  -10.473  -16.694  -1.252  2.5
317  21  ASP  HB3  -9.77  -17.911  -1.981  3.25
318  22  GLY  N  -7.1  -17.154  -1.83  110.69
319  22  GLY  CA  -5.926  -17.54  -2.579  45.06
320  22  GLY  C  -5.56  -16.476  -3.577  2.05
321  22  GLY  O  -5.247  -16.761  -4.733  2.1
322  22  GLY  H  -7.471  -16.394  -1.989  10.44
323  22  GLY  HA2  -5.186  -17.67  -1.966  3.47
324  22  GLY  HA3  -6.106  -18.369  -3.049  4.1
325  23  TYR  N  -5.608  -15.235  -3.118  115.97
326  23  TYR  CA  -5.292  -14.097  -3.948  56.08
327  23  TYR  C  -4.451  -13.114  -3.16  58.19
328  23  TYR  O  -4.645  -12.937  -1.96  29.85
329  23  TYR  CB  -6.575  -13.441  -4.469  42.59
330  23  TYR  CG  -7.348  -12.647  -3.435  42.55
331  23  TYR  CD1  -7.92  -13.27  -2.332  9.31
332  23  TYR  CD2  -7.522  -11.274  -3.574  3.73
333  23  TYR  CE1  -8.639  -12.547  -1.396  2.23
334  23  TYR  CE2  -8.238  -10.545  -2.642  176.32
335  23  TYR  CZ  -8.794  -11.187  -1.557  7.31
336  23  TYR  OH  -9.509  -10.465  -0.63  3.94
337  23  TYR  H  -5.835  -15.103  -2.299  8.11
338  23  TYR  HA  -4.768  -14.406  -4.704  5.35
339  23  TYR  HB2  -6.335  -12.841  -5.193  2.47
340  23  TYR  HB3  -7.155  -14.14  -4.809  2.73
341  23  TYR  HD1  -7.818  -14.188  -2.221  6.73
342  23  TYR  HD2  -7.15  -10.839  -4.307  2.88
343  23  TYR  HE1  -9.016  -12.977  -0.662  6.87
344  23  TYR  HE2  -8.343  -9.627  -2.747  1.79
345  23  TYR  HH  -9.897  -10.86  0.002  1.36
346  24  VAL  N  -3.497  -12.507  -3.834  125.5
347  24  VAL  CA  -2.601  -11.57  -3.202  61.17
348  24  VAL  C  -3.323  -10.325  -2.743  120.66
349  24  VAL  O  -4.092  -9.715  -3.487  56.75
350  24  VAL  CB  -1.46  -11.201  -4.142  33.19
351  24  VAL  CG1  -0.397  -10.424  -3.389  23.14
352  24  VAL  CG2  -0.901  -12.472  -4.763  21.76
353  24  VAL  H  -3.406  -12.674  -4.673  10.04
354  24  VAL  HA  -2.233  -12.002  -2.415  4.9
355  24  VAL  HB  -1.818  -10.619  -4.83  1.94
356  24  VAL  HG11  -0.777  -9.609  -3.026  128.5
357  24  VAL  HG12  -0.042  -10.964  -2.666  2.67
358  24  VAL  HG13  0.317  -10.201  -4.007  121.25
359  24  VAL  HG21  -1.594  -12.928  -5.266  113.15
360  24  VAL  HG22  -0.176  -12.229  -5.359  119.95
361  24  VAL  HG23  -0.565  -13.06  -4.069  123.95
362  25  THR  N  -3.087  -9.98  -1.493  116.83
363  25  THR  CA  -3.729  -8.829  -0.88  59.14
364  25  THR  C  -2.843  -8.156  0.168  3.16
365  25  THR  O  -1.631  -8.368  0.206  3.38
366  25  THR  CB  -5.028  -9.283  -0.23  71.5
367  25  THR  OG1  -4.769  -9.804  1.063  10.58
368  25  THR  CG2  -5.758  -10.355  -1  21.76
369  25  THR  H  -2.538  -10.45  -1.027  8.46
370  25  THR  HA  -3.905  -8.18  -1.579  4.69
371  25  THR  HB  -5.59  -8.5  -0.119  4.8
372  25  THR  HG1  -5.405  -10.062  1.547  4.9
373  25  THR  HG21  -5.187  -11.135  -1.082  47.55
374  25  THR  HG22  -6.574  -10.599  -0.535  168.67
375  25  THR  HG23  -5.977  -10.02  -1.884  2.54
376  26  ALA  N  -3.474  -7.354  1.036  122.24
377  26  ALA  CA  -2.764  -6.662  2.109  55.9
378  26  ALA  C  -2.101  -7.664  3.051  4.37
379  26  ALA  O  -1.337  -7.291  3.95  117.86
380  26  ALA  CB  -3.709  -5.773  2.894  17.38
381  26  ALA  H  -4.323  -7.243  0.959  9.45
382  26  ALA  HA  -2.072  -6.109  1.713  3.96
383  26  ALA  HB1  -4.413  -6.317  3.28  39.55
384  26  ALA  HB2  -3.225  -5.32  3.602  176.15
385  26  ALA  HB3  -4.099  -5.115  2.297  121.25
386  27  LEU  N  -2.387  -8.944  2.832  116.71
387  27  LEU  CA  -1.813  -10.008  3.63  57.82
388  27  LEU  C  -0.316  -9.769  3.822  4.71
389  27  LEU  O  0.252  -10.127  4.848  1.8
390  27  LEU  CB  -2.072  -11.334  2.935  41.51
391  27  LEU  CG  -1.191  -11.6  1.718  27.21
392  27  LEU  CD1  -0.043  -12.532  2.074  24.22
393  27  LEU  CD2  -2.023  -12.178  0.595  22.86
394  27  LEU  H  -2.93  -9.147  2.196  8.17
395  27  LEU  HA  -2.238  -10.002  4.502  4.07
396  27  LEU  HB2  -1.923  -12.046  3.576  1.63
397  27  LEU  HB3  -2.997  -11.349  2.645  1.64
398  27  LEU  HG  -0.829  -10.758  1.399  1.46
399  27  LEU  HD11  -0.4  -13.376  2.393  7.66
400  27  LEU  HD12  0.504  -12.688  1.288  4.48
401  27  LEU  HD13  0.498  -12.127  2.769  1.4
402  27  LEU  HD21  -2.721  -11.548  0.358  2.12
403  27  LEU  HD22  -1.465  -12.348  -0.18  1.94
404  27  LEU  HD23  -2.425  -13.009  0.892  39.34
405  28  GLU  N  0.293  -9.115  2.83  120.21
406  28  GLU  CA  1.701  -8.75  2.875  59.39
407  28  GLU  C  1.807  -7.311  3.376  54.94
408  28  GLU  O  2.793  -6.899  4.013  179.74
409  28  GLU  CB  2.348  -8.886  1.494  29.09
410  28  GLU  CG  1.657  -8.076  0.408  37.46
411  28  GLU  CD  1.928  -6.588  0.523  60.05
412  28  GLU  OE1  3.096  -6.216  0.763  175.97
413  28  GLU  OE2  0.975  -5.796  0.371  4.56
414  28  GLU  H  -0.166  -8.9  2.135  7.7
415  28  GLU  HA  2.179  -9.344  3.475  3.99
416  28  GLU  HB2  3.269  -8.589  1.557  2.62
417  28  GLU  HB3  2.328  -9.821  1.238  2.22
418  28  GLU  HG2  1.973  -8.382  -0.457  2.68
419  28  GLU  HG3  0.7  -8.222  0.473  2.37
420  29  LEU  N  0.747  -6.552  3.108  120.55
421  29  LEU  CA  0.672  -5.17  3.557  58.23
422  29  LEU  C  0.968  -5.13  5.042  62.32
423  29  LEU  O  1.611  -4.209  5.54  175.95
424  29  LEU  CB  -0.71  -4.569  3.263  41.83
425  29  LEU  CG  -1.032  -3.244  3.97  57.75
426  29  LEU  CD1  -0.437  -2.073  3.203  179.57
427  29  LEU  CD2  -2.542  -3.072  4.127  22.05
428  29  LEU  H  0.093  -6.885  2.66  8.64
429  29  LEU  HA  1.347  -4.653  3.09  4.06
430  29  LEU  HB2  -0.771  -4.417  2.307  1.72
431  29  LEU  HB3  -1.379  -5.218  3.531  1.87
432  29  LEU  HG  -0.659  -3.262  4.865  8.78
433  29  LEU  HD11  -0.809  -2.05  2.307  4.45
434  29  LEU  HD12  -0.65  -1.247  3.664  2.84
435  29  LEU  HD13  0.526  -2.175  3.151  2.92
436  29  LEU  HD21  -2.891  -3.81  4.651  118.66
437  29  LEU  HD22  -2.743  -2.235  4.573  57.45
438  29  LEU  HD23  -2.953  -3.077  3.248  178.87
439  30  GLN  N  0.528  -6.171  5.74  118.08
440  30  GLN  CA  0.793  -6.278  7.167  59.46
441  30  GLN  C  2.305  -6.244  7.378  1.54
442  30  GLN  O  2.813  -5.593  8.294  116.53
443  30  GLN  CB  0.158  -7.56  7.74  28.09
444  30  GLN  CG  1.134  -8.525  8.411  34.33
445  30  GLN  CD  1.994  -9.317  7.431  4.42
446  30  GLN  OE1  1.854  -9.166  6.218  2.6
447  30  GLN  NE2  2.89  -10.162  7.941  111.13
448  30  GLN  H  0.081  -6.789  5.344  8.81
449  30  GLN  HA  0.41  -5.502  7.606  3.81
450  30  GLN  HB2  -0.506  -7.299  8.398  2.1
451  30  GLN  HB3  -0.277  -8.032  7.012  7.93
452  30  GLN  HG2  1.722  -8.013  8.988  2.22
453  30  GLN  HG3  0.624  -9.154  8.945  2.62
454  30  GLN  HE21  2.965  -10.246  8.794  7.14
455  30  GLN  HE22  3.393  -10.622  7.417  7
456  31  THR  N  3.017  -6.901  6.468  113.23
457  31  THR  CA  4.464  -6.918  6.488  66.09
458  31  THR  C  4.926  -5.512  6.195  2.4
459  31  THR  O  5.858  -4.992  6.81  3.4
460  31  THR  CB  5.018  -7.929  5.467  68.55
461  31  THR  OG1  6.056  -8.699  6.045  55.75
462  31  THR  CG2  5.571  -7.306  4.197  20.81
463  31  THR  H  2.604  -7.33  5.847  8.15
464  31  THR  HA  4.766  -7.171  7.374  4.29
465  31  THR  HB  4.298  -8.538  5.241  3.84
466  31  THR  HG1  6.44  -9.293  5.592  0.93
467  31  THR  HG21  4.866  -6.808  3.755  23.05
468  31  THR  HG22  6.296  -6.704  4.428  7.64
469  31  THR  HG23  5.902  -7.997  3.601  4.8
470  32  PHE  N  4.206  -4.873  5.285  118.98
471  32  PHE  CA  4.488  -3.489  4.954  60.59
472  32  PHE  C  4.361  -2.661  6.228  1.97
473  32  PHE  O  5.236  -1.869  6.581  175.58
474  32  PHE  CB  3.495  -2.992  3.898  40.61
475  32  PHE  CG  3.981  -1.822  3.09  57.42
476  32  PHE  CD1  5.208  -1.861  2.449  173.57
477  32  PHE  CD2  3.201  -0.681  2.969  17.64
478  32  PHE  CE1  5.65  -0.784  1.704  44.78
479  32  PHE  CE2  3.638  0.398  2.226  118.56
480  32  PHE  CZ  4.862  0.348  1.592  56.35
481  32  PHE  H  3.564  -5.283  4.886  7.49
482  32  PHE  HA  5.416  -3.443  4.675  4.43
483  32  PHE  HB2  3.308  -3.724  3.29  2.96
484  32  PHE  HB3  2.678  -2.73  4.35  3.37
485  32  PHE  HD1  5.741  -2.62  2.52  7.04
486  32  PHE  HD2  2.374  -0.643  3.393  5.16
487  32  PHE  HE1  6.476  -0.821  1.279  7.38
488  32  PHE  HE2  3.106  1.158  2.154  8.02
489  32  PHE  HZ  5.158  1.073  1.09  7.19
490  33  MET  N  3.254  -2.884  6.923  119.03
491  33  MET  CA  2.965  -2.196  8.172  59.8
492  33  MET  C  3.927  -2.604  9.28  2.56
493  33  MET  O  4.229  -1.809  10.169  2.59
494  33  MET  CB  1.524  -2.466  8.607  33.61
495  33  MET  CG  0.483  -1.89  7.66  7.53
496  33  MET  SD  -1.024  -2.876  7.601  17.22
497  33  MET  CE  -2.257  -1.598  7.365  52.35
498  33  MET  H  2.686  -3.457  6.625  9.19
499  33  MET  HA  3.082  -1.246  8.017  3.56
500  33  MET  HB2  1.393  -3.426  8.658  1.8
501  33  MET  HB3  1.389  -2.074  9.484  7.38
502  33  MET  HG2  0.263  -0.994  7.958  2.23
503  33  MET  HG3  0.869  -1.849  6.771  26.39
504  33  MET  HE1  -2.221  -0.98  8.112  23.04
505  33  MET  HE2  -2.068  -1.122  6.541  66.98
506  33  MET  HE3  -3.142  -1.993  7.314  177.02
507  34  VAL  N  4.422  -3.835  9.23  106.38
508  34  VAL  CA  5.362  -4.289  10.255  63.88
509  34  VAL  C  6.777  -3.848  9.908  9.03
510  34  VAL  O  7.589  -3.571  10.79  19.65
511  34  VAL  CB  5.325  -5.818  10.493  30.43
512  34  VAL  CG1  3.891  -6.315  10.565  21.33
513  34  VAL  CG2  6.111  -6.571  9.427  18.7
514  34  VAL  H  4.19  -4.366  8.594  7.2
515  34  VAL  HA  5.116  -3.867  11.093  3.94
516  34  VAL  HB  5.739  -5.992  11.353  2.47
517  34  VAL  HG11  3.433  -6.123  9.732  53.05
518  34  VAL  HG12  3.903  -7.273  10.714  175.17
519  34  VAL  HG13  3.427  -5.879  11.297  56.11
520  34  VAL  HG21  7.036  -6.28  9.443  176.77
521  34  VAL  HG22  6.068  -7.524  9.604  3.85
522  34  VAL  HG23  5.729  -6.387  8.555  32.3
523  35  THR  N  7.057  -3.763  8.615  108.85
524  35  THR  CA  8.361  -3.329  8.147  61.94
525  35  THR  C  8.398  -1.803  8.036  4.49
526  35  THR  O  9.468  -1.196  7.993  2.43
527  35  THR  CB  8.711  -4.009  6.811  69.28
528  35  THR  OG1  10.051  -4.467  6.821  104.16
529  35  THR  CG2  8.543  -3.134  5.584  20.65
530  35  THR  H  6.452  -3.969  8.04  7.59
531  35  THR  HA  9.026  -3.602  8.798  4.3
532  35  THR  HB  8.14  -4.788  6.724  3.85
533  35  THR  HG1  10.376  -4.831  6.137  1.1
534  35  THR  HG21  7.618  -2.847  5.525  2.5
535  35  THR  HG22  9.118  -2.357  5.668  111.36
536  35  THR  HG23  8.781  -3.626  4.783  54.65
537  36  LEU  N  7.213  -1.196  8.007  122.19
538  36  LEU  CA  7.086  0.251  7.921  52.93
539  36  LEU  C  5.654  0.661  8.245  31.25
540  36  LEU  O  4.904  1.105  7.379  110.74
541  36  LEU  CB  7.486  0.755  6.532  41.95
542  36  LEU  CG  7.14  -0.181  5.374  25.65
543  36  LEU  CD1  5.764  0.14  4.822  20.94
544  36  LEU  CD2  8.195  -0.088  4.28  21.73
545  36  LEU  H  6.499  -1.675  8.041  7.82
546  36  LEU  HA  7.677  0.652  8.577  4.51
547  36  LEU  HB2  7.036  1.6  6.378  1.63
548  36  LEU  HB3  8.446  0.895  6.528  2.24
549  36  LEU  HG  7.151  -1.097  5.692  1.46
550  36  LEU  HD11  5.101  0.032  5.521  7.03
551  36  LEU  HD12  5.749  1.055  4.501  7.83
552  36  LEU  HD13  5.562  -0.463  4.09  54.26
553  36  LEU  HD21  8.234  0.826  3.956  125.56
554  36  LEU  HD22  9.056  -0.337  4.65  57.55
555  36  LEU  HD23  7.974  -0.682  3.546  178.97
556  37  ASP  N  5.282  0.489  9.506  123.39
557  37  ASP  CA  3.936  0.814  9.97  57.96
558  37  ASP  C  3.504  2.207  9.539  10.31
559  37  ASP  O  2.31  2.492  9.439  4.08
560  37  ASP  CB  3.859  0.693  11.493  39.91
561  37  ASP  CG  2.533  0.124  11.962  4.91
562  37  ASP  OD1  1.492  0.773  11.726  2.67
563  37  ASP  OD2  2.536  -0.972  12.561  117.26
564  37  ASP  H  5.852  0.176  10.069  9.06
565  37  ASP  HA  3.335  0.19  9.534  4.14
566  37  ASP  HB2  4.573  0.11  11.795  2.6
567  37  ASP  HB3  3.975  1.574  11.881  29.25
568  38  ALA  N  4.47  3.072  9.278  116.9
569  38  ALA  CA  4.168  4.428  8.854  53.97
570  38  ALA  C  5.158  4.906  7.806  49.89
571  38  ALA  O  5.537  6.079  7.789  4.65
572  38  ALA  CB  4.161  5.368  10.049  18.13
573  38  ALA  H  5.29  2.828  9.361  8.56
574  38  ALA  HA  3.281  4.436  8.462  3.87
575  38  ALA  HB1  3.488  5.075  10.683  2.26
576  38  ALA  HB2  5.033  5.353  10.473  2.43
577  38  ALA  HB3  3.958  6.27  9.757  2.46
578  39  TYR  N  5.578  3.995  6.928  110.39
579  39  TYR  CA  6.53  4.33  5.871  56.73
580  39  TYR  C  7.682  5.151  6.433  177.87
581  39  TYR  O  8.231  6.018  5.757  7.91
582  39  TYR  CB  5.837  5.096  4.734  38.5
583  39  TYR  CG  4.749  6.042  5.194  3.92
584  39  TYR  CD1  3.461  5.582  5.44  132.95
585  39  TYR  CD2  5.011  7.393  5.384  113.18
586  39  TYR  CE1  2.465  6.442  5.862  117.85
587  39  TYR  CE2  4.019  8.26  5.805  174.65
588  39  TYR  CZ  2.749  7.779  6.043  1.74
589  39  TYR  OH  1.761  8.639  6.463  37.71
590  39  TYR  H  5.281  3.19  6.985  7.07
591  39  TYR  HA  6.894  3.502  5.521  4.78
592  39  TYR  HB2  6.509  5.612  4.262  3.09
593  39  TYR  HB3  5.442  4.449  4.129  2.99
594  39  TYR  HD1  3.267  4.681  5.318  7.19
595  39  TYR  HD2  5.867  7.719  5.226  3.34
596  39  TYR  HE1  1.607  6.12  6.023  6.86
597  39  TYR  HE2  4.208  9.162  5.927  61.64
598  39  TYR  HH  1.315  9.074  5.9  7.8
599  40  LYS  N  8.04  4.866  7.681  118.46
600  40  LYS  CA  9.128  5.572  8.346  59.07
601  40  LYS  C  10.436  5.404  7.58  177.67
602  40  LYS  O  11.341  6.232  7.685  17.54
603  40  LYS  CB  9.29  5.069  9.782  32.26
604  40  LYS  CG  9.505  6.179  10.799  23.66
605  40  LYS  CD  8.323  7.136  10.85  29.47
606  40  LYS  CE  7.018  6.404  11.124  41.72
607  40  LYS  NZ  6.222  7.07  12.191  7.93
608  40  LYS  H  7.618  4.249  8.107  7.77
609  40  LYS  HA  8.909  6.516  8.377  4.13
610  40  LYS  HB2  8.489  4.58  10.027  1.82
611  40  LYS  HB3  10.054  4.473  9.813  1.5
612  40  LYS  HG2  9.625  5.782  11.676  1.35
613  40  LYS  HG3  10.302  6.677  10.557  6.89
614  40  LYS  HD2  8.473  7.785  11.555  1.53
615  40  LYS  HD3  8.252  7.595  9.998  25.39
616  40  LYS  HE2  6.493  6.383  10.308  3.03
617  40  LYS  HE3  7.22  5.497  11.402  112.41
618  40  LYS  HZ1  5.959  7.914  12.089  119.76
619  40  LYS  HZ2  5.432  6.737  12.431  67.35
620  40  LYS  HZ3  6.56  7.157  13.01  178.77
621  41  ALA  N  10.527  4.326  6.809  119.24
622  41  ALA  CA  11.721  4.046  6.022  51.1
623  41  ALA  C  11.479  4.299  4.534  21.45
624  41  ALA  O  12.407  4.228  3.728  24.45
625  41  ALA  CB  12.174  2.611  6.247  18.71
626  41  ALA  H  9.864  3.779  6.774  8.52
627  41  ALA  HA  12.428  4.639  6.32  4.54
628  41  ALA  HB1  12.373  2.481  7.187  120.44
629  41  ALA  HB2  11.466  2.005  5.979  131.94
630  41  ALA  HB3  12.969  2.432  5.72  131.94
631  42  LEU  N  10.232  4.599  4.175  118.52
632  42  LEU  CA  9.878  4.866  2.786  53.9
633  42  LEU  C  10.319  3.717  1.876  2.84
634  42  LEU  O  10.555  2.604  2.344  104.76
635  42  LEU  CB  10.508  6.183  2.335  43.15
636  42  LEU  CG  10.098  7.412  3.148  26.08
637  42  LEU  CD1  8.582  7.511  3.242  22.39
638  42  LEU  CD2  10.726  7.372  4.534  18.81
639  42  LEU  H  9.62  4.636  4.778  7.33
640  42  LEU  HA  8.913  4.944  2.729  4.45
641  42  LEU  HB2  11.472  6.092  2.395  1.64
642  42  LEU  HB3  10.255  6.337  1.411  1.95
643  42  LEU  HG  10.443  8.208  2.715  1.83
644  42  LEU  HD11  8.207  7.585  2.351  46.45
645  42  LEU  HD12  8.232  6.717  3.675  31.25
646  42  LEU  HD13  8.341  8.295  3.76  23.95
647  42  LEU  HD21  11.691  7.354  4.442  27.25
648  42  LEU  HD22  10.464  8.152  5.047  42.05
649  42  LEU  HD23  10.429  6.57  4.992  36.44
650  43  SER  N  10.421  3.988  0.577  115.52
651  43  SER  CA  10.822  2.979  -0.386  57.34
652  43  SER  C  12.121  3.367  -1.085  1.41
653  43  SER  O  12.194  3.382  -2.314  1.71
654  43  SER  CB  9.715  2.762  -1.421  63.85
655  43  SER  OG  8.47  2.504  -0.794  0.98
656  43  SER  H  10.245  4.783  0.301  8.31
657  43  SER  HA  10.986  2.156  0.101  4.44
658  43  SER  HB2  9.634  3.558  -1.969  4.03
659  43  SER  HB3  9.951  2.006  -1.982  3.03
660  43  SER  HG  7.83  3.038  -0.896  4.8
661  44  LYS  N  13.146  3.673  -0.298  121.21
662  44  LYS  CA  14.44  4.044  -0.853  59.57
663  44  LYS  C  15.118  2.828  -1.469  121.06
664  44  LYS  O  15.952  2.95  -2.367  58.05
665  44  LYS  CB  15.334  4.654  0.231  31.65
666  44  LYS  CG  15.467  6.165  0.127  24.61
667  44  LYS  CD  14.304  6.875  0.8  29.28
668  44  LYS  CE  12.974  6.474  0.181  41.72
669  44  LYS  NZ  12.001  7.599  0.178  25.55
670  44  LYS  H  13.044  3.652  0.556  8.92
671  44  LYS  HA  14.302  4.707  -1.547  4.77
672  44  LYS  HB2  14.957  4.438  1.098  1.92
673  44  LYS  HB3  16.218  4.261  0.156  1.3
674  44  LYS  HG2  16.293  6.439  0.555  1.11
675  44  LYS  HG3  15.489  6.416  -0.81  1.35
676  44  LYS  HD2  14.295  6.644  1.742  1.54
677  44  LYS  HD3  14.42  7.833  0.703  9.01
678  44  LYS  HE2  13.127  6.189  -0.733  4.06
679  44  LYS  HE3  12.601  5.738  0.69  4.01
680  44  LYS  HZ1  12.179  8.34  -0.281  118.04
681  44  LYS  HZ2  11.176  7.473  -0.131  53.61
682  44  LYS  HZ3  11.774  7.993  0.943  117.86
683  45  ASP  N  14.741  1.653  -0.977  116.42
684  45  ASP  CA  15.288  0.385  -1.462  56.8
685  45  ASP  C  14.966  -0.756  -0.503  36.69
686  45  ASP  O  15.755  -1.687  -0.345  31.25
687  45  ASP  CB  16.804  0.48  -1.653  39.59
688  45  ASP  CG  17.487  1.231  -0.526  179.85
689  45  ASP  OD1  17.201  0.924  0.651  8.12
690  45  ASP  OD2  18.308  2.125  -0.82  109.4
691  45  ASP  H  14.153  1.637  -0.35  8.63
692  45  ASP  HA  14.836  0.186  -2.297  4.38
693  45  ASP  HB2  17.168  -0.418  -1.695  2.54
694  45  ASP  HB3  16.982  0.941  -2.488  2.72
695  46  LYS  N  13.803  -0.678  0.132  120.11
696  46  LYS  CA  13.376  -1.708  1.075  58.11
697  46  LYS  C  11.987  -2.227  0.718  6.95
698  46  LYS  O  11.695  -3.412  0.873  7.02
699  46  LYS  CB  13.37  -1.158  2.503  32.14
700  46  LYS  CG  14.755  -0.834  3.039  25.29
701  46  LYS  CD  14.853  0.611  3.504  28.21
702  46  LYS  CE  14.489  1.578  2.39  41.94
703  46  LYS  NZ  13.087  2.064  2.507  30.75
704  46  LYS  H  13.289  -0.005  -0.015  7.73
705  46  LYS  HA  14.003  -2.447  1.029  4.24
706  46  LYS  HB2  12.839  -0.347  2.516  1.97
707  46  LYS  HB3  12.963  -1.82  3.084  173.99
708  46  LYS  HG2  14.947  -1.419  3.789  1.49
709  46  LYS  HG3  15.407  -0.983  2.337  3.96
710  46  LYS  HD2  14.246  0.745  4.249  1.65
711  46  LYS  HD3  15.762  0.789  3.792  2.13
712  46  LYS  HE2  15.089  2.34  2.429  2.2
713  46  LYS  HE3  14.594  1.127  1.538  2.35
714  46  LYS  HZ1  12.926  2.928  2.647  114.96
715  46  LYS  HZ2  12.52  1.953  1.83  55.95
716  46  LYS  HZ3  12.558  1.747  3.149  177.97
717  47  VAL  N  11.135  -1.324  0.245  122.3
718  47  VAL  CA  9.771  -1.674  -0.129  66.69
719  47  VAL  C  9.733  -2.569  -1.367  26.55
720  47  VAL  O  8.835  -3.398  -1.514  41.65
721  47  VAL  CB  8.93  -0.405  -0.391  30.79
722  47  VAL  CG1  7.582  -0.754  -1.008  24.06
723  47  VAL  CG2  8.745  0.382  0.897  21.6
724  47  VAL  H  11.396  -0.509  0.157  8.28
725  47  VAL  HA  9.386  -2.176  0.606  3.58
726  47  VAL  HB  9.412  0.137  -1.034  2.2
727  47  VAL  HG11  7.086  -1.33  -0.406  1.3
728  47  VAL  HG12  7.082  0.064  -1.158  1.65
729  47  VAL  HG13  7.717  -1.21  -1.853  1.55
730  47  VAL  HG21  9.61  0.648  1.245  1.66
731  47  VAL  HG22  8.215  1.173  0.71  3.07
732  47  VAL  HG23  8.286  -0.166  1.553  3.09
733  48  LYS  N  10.698  -2.386  -2.261  120.57
734  48  LYS  CA  10.752  -3.172  -3.494  60.07
735  48  LYS  C  11.308  -4.565  -3.247  9.47
736  48  LYS  O  10.925  -5.523  -3.911  4.4
737  48  LYS  CB  11.597  -2.462  -4.549  32.17
738  48  LYS  CG  11.58  -0.95  -4.424  113.96
739  48  LYS  CD  12.842  -0.435  -3.754  58.75
740  48  LYS  CE  12.772  1.061  -3.508  177.07
741  48  LYS  NZ  13.746  1.809  -4.349  176
742  48  LYS  H  11.303  -1.794  -2.112  8.22
743  48  LYS  HA  9.85  -3.26  -3.839  3.86
744  48  LYS  HB2  12.514  -2.767  -4.464  1.53
745  48  LYS  HB3  11.258  -2.702  -5.426  121.38
746  48  LYS  HG2  11.512  -0.56  -5.31  1.29
747  48  LYS  HG3  10.812  -0.685  -3.894  26.96
748  48  LYS  HD2  12.955  -0.889  -2.904  1.96
749  48  LYS  HD3  13.603  -0.624  -4.325  32.54
750  48  LYS  HE2  11.877  1.371  -3.715  2.19
751  48  LYS  HE3  12.966  1.235  -2.574  4.08
752  48  LYS  HZ1  13.527  2.605  -4.682  1.16
753  48  LYS  HZ2  14.536  2.043  -4.013  1.47
754  48  LYS  HZ3  14.049  1.45  -5.105  6.63
755  49  GLU  N  12.213  -4.672  -2.294  119.26
756  49  GLU  CA  12.817  -5.962  -1.973  58.72
757  49  GLU  C  11.756  -6.954  -1.537  1.91
758  49  GLU  O  11.941  -8.166  -1.638  1.97
759  49  GLU  CB  13.867  -5.83  -0.869  30.04
760  49  GLU  CG  14.414  -4.425  -0.7  35.95
761  49  GLU  CD  15.683  -4.387  0.128  174.77
762  49  GLU  OE1  15.585  -4.464  1.37  1.78
763  49  GLU  OE2  16.777  -4.279  -0.467  7.57
764  49  GLU  H  12.451  -3.972  -1.855  7.97
765  49  GLU  HA  13.276  -6.305  -2.756  4.06
766  49  GLU  HB2  13.464  -6.103  -0.03  2.17
767  49  GLU  HB3  14.606  -6.422  -1.08  53.75
768  49  GLU  HG2  14.606  -4.058  -1.577  1.06
769  49  GLU  HG3  13.742  -3.88  -0.262  35.18
770  50  ALA  N  10.642  -6.429  -1.048  121.4
771  50  ALA  CA  9.549  -7.271  -0.595  54.89
772  50  ALA  C  8.36  -7.169  -1.537  124.15
773  50  ALA  O  7.612  -8.13  -1.725  57.44
774  50  ALA  CB  9.141  -6.891  0.822  17.93
775  50  ALA  H  10.565  -5.574  -0.998  8.14
776  50  ALA  HA  9.855  -8.192  -0.586  4.24
777  50  ALA  HB1  9.9  -7.005  1.416  115.65
778  50  ALA  HB2  8.857  -5.964  0.836  121.75
779  50  ALA  HB3  8.411  -7.457  1.117  124.05
780  51  SER  N  8.196  -5.995  -2.125  113.58
781  51  SER  CA  7.102  -5.75  -3.047  61.21
782  51  SER  C  7.419  -6.285  -4.434  2.76
783  51  SER  O  6.561  -6.877  -5.088  3.36
784  51  SER  CB  6.793  -4.254  -3.121  62.89
785  51  SER  OG  5.619  -4.012  -3.878  10.33
786  51  SER  H  8.752  -5.361  -1.956  8.65
787  51  SER  HA  6.327  -6.231  -2.717  5.04
788  51  SER  HB2  6.667  -3.913  -2.222  3.96
789  51  SER  HB3  7.54  -3.797  -3.539  6.79
790  51  SER  HG  5.356  -3.224  -4.006  117.16
791  52  ALA  N  8.651  -6.075  -4.88  123.64
792  52  ALA  CA  9.072  -6.538  -6.202  54.74
793  52  ALA  C  8.784  -8.017  -6.385  26.84
794  52  ALA  O  8.568  -8.488  -7.501  64.65
795  52  ALA  CB  10.547  -6.248  -6.432  17.93
796  52  ALA  H  9.214  -5.658  -4.381  7.85
797  52  ALA  HA  8.571  -6.044  -6.87  4.11
798  52  ALA  HB1  11.072  -6.704  -5.755  4.24
799  52  ALA  HB2  10.813  -6.56  -7.311  4.48
800  52  ALA  HB3  10.698  -5.292  -6.369  2.02
801  53  LYS  N  8.768  -8.737  -5.279  117.92
802  53  LYS  CA  8.49  -10.156  -5.301  59.32
803  53  LYS  C  6.993  -10.384  -5.288  177.97
804  53  LYS  O  6.456  -11.157  -6.079  0.77
805  53  LYS  CB  9.125  -10.833  -4.092  32.33
806  53  LYS  CG  10.636  -10.953  -4.188  25.31
807  53  LYS  CD  11.301  -9.585  -4.208  29.26
808  53  LYS  CE  11.841  -9.248  -5.59  41.94
809  53  LYS  NZ  12.729  -10.321  -6.116  8
810  53  LYS  H  8.927  -8.353  -4.526  7.71
811  53  LYS  HA  8.857  -10.534  -6.116  4.01
812  53  LYS  HB2  8.908  -10.315  -3.301  1.7
813  53  LYS  HB3  8.751  -11.724  -4.008  1.9
814  53  LYS  HG2  10.963  -11.452  -3.423  1.53
815  53  LYS  HG3  10.864  -11.427  -5.003  1.41
816  53  LYS  HD2  10.649  -8.914  -3.952  1.37
817  53  LYS  HD3  12.035  -9.581  -3.574  1.71
818  53  LYS  HE2  11.094  -9.132  -6.198  2
819  53  LYS  HE3  12.346  -8.421  -5.537  3.07
820  53  LYS  HZ1  13.558  -10.126  -6.373  7.56
821  53  LYS  HZ2  12.933  -11.02  -5.605  5.1
822  53  LYS  HZ3  12.492  -10.779  -6.841  1.55
823  54  LEU  N  6.333  -9.689  -4.377  119.17
824  54  LEU  CA  4.891  -9.786  -4.229  57.93
825  54  LEU  C  4.182  -9.223  -5.454  179.47
826  54  LEU  O  3.054  -9.61  -5.759  123.48
827  54  LEU  CB  4.444  -9.055  -2.954  40.97
828  54  LEU  CG  3.588  -7.799  -3.164  36.64
829  54  LEU  CD1  2.159  -8.18  -3.53  25.15
830  54  LEU  CD2  3.606  -6.931  -1.914  22.9
831  54  LEU  H  6.771  -9.163  -3.856  7.65
832  54  LEU  HA  4.656  -10.724  -4.147  4.12
833  54  LEU  HB2  3.929  -9.679  -2.419  1.31
834  54  LEU  HB3  5.241  -8.792  -2.467  1.99
835  54  LEU  HG  3.971  -7.27  -3.881  1.31
836  54  LEU  HD11  2.162  -8.699  -4.35  2.32
837  54  LEU  HD12  1.771  -8.708  -2.815  2.4
838  54  LEU  HD13  1.634  -7.375  -3.659  121.66
839  54  LEU  HD21  3.253  -7.441  -1.169  58.35
840  54  LEU  HD22  4.521  -6.67  -1.723  178.07
841  54  LEU  HD23  3.065  -6.137  -2.048  8.91
842  55  ILE  N  4.834  -8.298  -6.143  116.64
843  55  ILE  CA  4.233  -7.685  -7.321  64.82
844  55  ILE  C  4.431  -8.53  -8.566  42.35
845  55  ILE  O  3.637  -8.469  -9.504  114.68
846  55  ILE  CB  4.812  -6.289  -7.57  36.89
847  55  ILE  CG1  6.334  -6.365  -7.687  28.63
848  55  ILE  CG2  4.399  -5.359  -6.447  10.94
849  55  ILE  CD  6.86  -5.926  -9.036  7.88
850  55  ILE  H  5.621  -8.056  -5.893  8.08
851  55  ILE  HA  3.278  -7.673  -7.152  3.52
852  55  ILE  HB  4.458  -5.959  -8.411  1.94
853  55  ILE  HG12  6.726  -5.804  -7  1.16
854  55  ILE  HG13  6.608  -7.283  -7.533  0.89
855  55  ILE  HG21  3.431  -5.317  -6.401  2.43
856  55  ILE  HG22  4.752  -5.681  -5.603  2.82
857  55  ILE  HG23  4.749  -4.474  -6.632  126.85
858  55  ILE  HD11  6.447  -6.488  -9.752  7.14
859  55  ILE  HD12  6.623  -4.967  -9.188  123.38
860  55  ILE  HD13  7.854  -6.033  -9.06  53.14
861  56  LYS  N  5.492  -9.315  -8.569  116.56
862  56  LYS  CA  5.794  -10.174  -9.699  58.86
863  56  LYS  C  4.88  -11.394  -9.715  55.85
864  56  LYS  O  4.766  -12.082  -10.729  179.27
865  56  LYS  CB  7.257  -10.617  -9.646  32.16
866  56  LYS  CG  8.058  -10.212  -10.873  24.97
867  56  LYS  CD  8.051  -8.705  -11.071  8.5
868  56  LYS  CE  8.117  -8.336  -12.545  42.05
869  56  LYS  NZ  7.265  -7.156  -12.861  4.57
870  56  LYS  H  6.016  -9.318  -7.887  7.91
871  56  LYS  HA  5.649  -9.671  -10.516  4.06
872  56  LYS  HB2  7.67  -10.218  -8.864  1.95
873  56  LYS  HB3  7.282  -11.583  -9.567  59.95
874  56  LYS  HG2  8.974  -10.511  -10.764  1.3
875  56  LYS  HG3  7.671  -10.634  -11.656  176.7
876  56  LYS  HD2  7.236  -8.34  -10.692  1.52
877  56  LYS  HD3  8.818  -8.323  -10.616  38.15
878  56  LYS  HE2  9.036  -8.13  -12.776  2.27
879  56  LYS  HE3  7.814  -9.092  -13.071  29.21
880  56  LYS  HZ1  7.387  -6.39  -12.425  42.84
881  56  LYS  HZ2  7.262  -6.817  -13.684  9.06
882  56  LYS  HZ3  6.382  -7.204  -12.757  3.93
883  57  MET  N  4.236  -11.665  -8.581  114.41
884  57  MET  CA  3.345  -12.81  -8.476  57.87
885  57  MET  C  1.875  -12.401  -8.525  2.26
886  57  MET  O  1.003  -13.24  -8.754  2.66
887  57  MET  CB  3.626  -13.599  -7.193  33.16
888  57  MET  CG  3.875  -12.724  -5.976  24.41
889  57  MET  SD  3.067  -13.349  -4.491  178.87
890  57  MET  CE  2.319  -11.849  -3.862  41.68
891  57  MET  H  4.349  -11.154  -7.899  7.57
892  57  MET  HA  3.514  -13.383  -9.24  4.14
893  57  MET  HB2  2.862  -14.167  -7.01  2.16
894  57  MET  HB3  4.411  -14.15  -7.339  2.33
895  57  MET  HG2  4.832  -12.682  -5.821  2.6
896  57  MET  HG3  3.54  -11.834  -6.167  2.82
897  57  MET  HE1  1.705  -11.497  -4.525  4
898  57  MET  HE2  1.837  -12.037  -3.042  2.28
899  57  MET  HE3  3.014  -11.195  -3.685  2.31
900  58  ALA  N  1.593  -11.121  -8.29  116.93
901  58  ALA  CA  0.211  -10.648  -8.298  51.53
902  58  ALA  C  0.035  -9.356  -9.091  6.82
903  58  ALA  O  -1.036  -9.108  -9.644  7.7
904  58  ALA  CB  -0.279  -10.455  -6.872  21.34
905  58  ALA  H  2.231  -10.567  -8.132  7.4
906  58  ALA  HA  -0.337  -11.332  -8.714  4.58
907  58  ALA  HB1  0.281  -9.801  -6.424  4.47
908  58  ALA  HB2  -1.197  -10.141  -6.884  28.45
909  58  ALA  HB3  -0.232  -11.3  -6.398  37.15
910  59  ASP  N  1.069  -8.525  -9.134  117.36
911  59  ASP  CA  0.984  -7.26  -9.85  54.34
912  59  ASP  C  1.605  -7.355  -11.239  6.86
913  59  ASP  O  2.764  -6.99  -11.437  8.49
914  59  ASP  CB  1.658  -6.147  -9.051  4.11
915  59  ASP  CG  0.843  -5.73  -7.842  2.31
916  59  ASP  OD1  -0.376  -6.001  -7.825  2.8
917  59  ASP  OD2  1.424  -5.131  -6.912  2.07
918  59  ASP  H  1.8  -8.737  -8.733  8.5
919  59  ASP  HA  0.04  -7.077  -9.979  4.54
920  59  ASP  HB2  2.525  -6.461  -8.75  2.54
921  59  ASP  HB3  1.776  -5.377  -9.629  2.88
922  60  LYS  N  0.82  -7.826  -12.202  126.7
923  60  LYS  CA  1.288  -7.944  -13.578  56.51
924  60  LYS  C  0.997  -6.654  -14.336  21.85
925  60  LYS  O  1.755  -6.251  -15.217  25.35
926  60  LYS  CB  0.618  -9.127  -14.281  32.98
927  60  LYS  CG  0.357  -10.317  -13.372  34.24
928  60  LYS  CD  -1.091  -10.354  -12.913  28.44
929  60  LYS  CE  -1.229  -11.034  -11.562  42.01
930  60  LYS  NZ  -1.511  -12.489  -11.697  3.71
931  60  LYS  H  0.017  -8.067  -12.009  8.24
932  60  LYS  HA  2.247  -8.091  -13.57  4.39
933  60  LYS  HB2  -0.231  -8.826  -14.642  1.71
934  60  LYS  HB3  1.193  -9.417  -15.006  121.68
935  60  LYS  HG2  0.556  -11.134  -13.856  1.27
936  60  LYS  HG3  0.933  -10.253  -12.594  59.85
937  60  LYS  HD2  -1.424  -9.445  -12.843  1.46
938  60  LYS  HD3  -1.617  -10.842  -13.566  35.24
939  60  LYS  HE2  -0.402  -10.919  -11.068  2.02
940  60  LYS  HE3  -1.957  -10.618  -11.075  1.9
941  60  LYS  HZ1  -0.954  -13.01  -12.155  43.45
942  60  LYS  HZ2  -1.569  -13  -10.971  1.82
943  60  LYS  HZ3  -2.263  -12.763  -12.086  8.98
944  61  ASN  N  -0.109  -6.01  -13.973  114.42
945  61  ASN  CA  -0.514  -4.759  -14.601  51.51
946  61  ASN  C  -1.28  -3.879  -13.613  8.68
947  61  ASN  O  -2.037  -2.995  -14.017  4.18
948  61  ASN  CB  -1.376  -5.037  -15.834  37.11
949  61  ASN  CG  -2.68  -5.73  -15.485  2.03
950  61  ASN  OD1  -3.754  -5.137  -15.572  1.74
951  61  ASN  ND2  -2.59  -6.994  -15.086  114.95
952  61  ASN  H  -0.599  -6.342  -13.349  8.1
953  61  ASN  HA  0.3  -4.283  -14.829  4.96
954  61  ASN  HB2  -1.578  -4.194  -16.269  2.82
955  61  ASN  HB3  -0.875  -5.603  -16.442  3.31
956  61  ASN  HD21  -1.821  -7.376  -15.038  8.09
957  61  ASN  HD22  -3.301  -7.43  -14.876  6.55
958  62  SER  N  -1.081  -4.13  -12.317  111.21
959  62  SER  CA  -1.752  -3.369  -11.265  58.98
960  62  SER  C  -3.182  -3.862  -11.078  57.75
961  62  SER  O  -4.139  -3.104  -11.235  178.57
962  62  SER  CB  -1.747  -1.87  -11.584  61.22
963  62  SER  OG  -1.763  -1.095  -10.398  41.65
964  62  SER  H  -0.54  -4.76  -12.093  7.84
965  62  SER  HA  -1.274  -3.525  -10.436  4.06
966  62  SER  HB2  -0.948  -1.658  -12.091  3.83
967  62  SER  HB3  -2.532  -1.657  -12.113  8.57
968  62  SER  HG  -1.766  -0.256  -10.444  4.43
969  63  ASP  N  -3.318  -5.142  -10.748  117.07
970  63  ASP  CA  -4.626  -5.743  -10.545  52.18
971  63  ASP  C  -4.778  -6.293  -9.129  118.86
972  63  ASP  O  -5.874  -6.295  -8.57  60.55
973  63  ASP  CB  -4.861  -6.857  -11.565  40.32
974  63  ASP  CG  -3.674  -7.792  -11.689  30.8
975  63  ASP  OD1  -2.818  -7.789  -10.78  41.35
976  63  ASP  OD2  -3.601  -8.529  -12.695  0.78
977  63  ASP  H  -2.614  -5.627  -10.652  8.29
978  63  ASP  HA  -5.278  -5.031  -10.638  4.75
979  63  ASP  HB2  -5.636  -7.371  -11.29  3.01
980  63  ASP  HB3  -5.032  -6.453  -12.43  2.42
981  64  GLY  N  -3.675  -6.769  -8.557  111.01
982  64  GLY  CA  -3.714  -7.323  -7.213  45.68
983  64  GLY  C  -4.363  -6.39  -6.207  4.22
984  64  GLY  O  -5.301  -6.775  -5.511  3.4
985  64  GLY  H  -2.93  -6.749  -8.987  10.18
986  64  GLY  HA2  -4.216  -8.152  -7.235  3.46
987  64  GLY  HA3  -2.805  -7.503  -6.927  4.07
988  65  LYS  N  -3.862  -5.162  -6.13  115.31
989  65  LYS  CA  -4.396  -4.173  -5.202  53.7
990  65  LYS  C  -4.553  -2.817  -5.892  7.02
991  65  LYS  O  -3.579  -2.246  -6.38  114.76
992  65  LYS  CB  -3.478  -4.052  -3.975  36.2
993  65  LYS  CG  -4.21  -4.168  -2.65  23.1
994  65  LYS  CD  -4.335  -5.618  -2.21  28.77
995  65  LYS  CE  -5.714  -6.172  -2.525  41.01
996  65  LYS  NZ  -5.654  -7.558  -3.066  54.78
997  65  LYS  H  -3.205  -4.945  -6.641  8.05
998  65  LYS  HA  -5.269  -4.47  -4.902  4.95
999  65  LYS  HB2  -2.813  -4.756  -4.021  1.62
1000  65  LYS  HB3  -3.037  -3.188  -4.008  1.64
1001  65  LYS  HG2  -3.72  -3.674  -1.974  1.08
1002  65  LYS  HG3  -5.098  -3.79  -2.745  1.1
1003  65  LYS  HD2  -3.668  -6.148  -2.673  0.92
1004  65  LYS  HD3  -4.184  -5.673  -1.253  1.27
1005  65  LYS  HE2  -6.242  -6.177  -1.711  1.94
1006  65  LYS  HE3  -6.138  -5.598  -3.182  2.31
1007  65  LYS  HZ1  -4.892  -8.016  -3.033  3.99
1008  65  LYS  HZ2  -6.179  -8.191  -2.726  7.8
1009  65  LYS  HZ3  -5.838  -7.709  -3.924  121.85
1010  66  ILE  N  -5.79  -2.312  -5.942  123.28
1011  66  ILE  CA  -6.072  -1.031  -6.585  59.73
1012  66  ILE  C  -7.218  -0.291  -5.891  2.75
1013  66  ILE  O  -8.385  -0.633  -6.078  2.94
1014  66  ILE  CB  -6.427  -1.215  -8.074  39.69
1015  66  ILE  CG1  -7.414  -2.375  -8.257  26.27
1016  66  ILE  CG2  -5.167  -1.437  -8.897  18.69
1017  66  ILE  CD  -6.783  -3.748  -8.139  4.3
1018  66  ILE  H  -6.437  -2.753  -5.586  9.42
1019  66  ILE  HA  -5.279  -0.489  -6.452  5.18
1020  66  ILE  HB  -6.855  -0.402  -8.384  2.12
1021  66  ILE  HG12  -8.111  -2.294  -7.588  0.9
1022  66  ILE  HG13  -7.816  -2.296  -9.136  1.72
1023  66  ILE  HG21  -4.575  -0.676  -8.788  113.38
1024  66  ILE  HG22  -4.718  -2.244  -8.6  60.54
1025  66  ILE  HG23  -5.41  -1.522  -9.832  7.31
1026  66  ILE  HD11  -6.05  -3.833  -8.813  4.39
1027  66  ILE  HD12  -6.404  -3.859  -7.221  1.67
1028  66  ILE  HD13  -7.472  -4.454  -8.304  2.04
1029  67  SER  N  -6.867  0.73  -5.1  125.1
1030  67  SER  CA  -7.837  1.553  -4.362  56.86
1031  67  SER  C  -7.158  2.174  -3.133  3.15
1032  67  SER  O  -6.026  2.674  -3.227  3.2
1033  67  SER  CB  -9.066  0.727  -3.944  65.3
1034  67  SER  OG  -9.921  1.468  -3.093  5.11
1035  67  SER  H  -6.031  0.914  -5.019  9.88
1036  67  SER  HA  -8.121  2.275  -4.944  4.91
1037  67  SER  HB2  -9.557  0.469  -4.74  4.23
1038  67  SER  HB3  -8.766  -0.069  -3.477  62.26
1039  67  SER  HG  -10.354  2.121  -3.397  172.26
1040  68  LYS  N  -7.812  2.13  -1.966  120.7
1041  68  LYS  CA  -7.193  2.675  -0.769  60.54
1042  68  LYS  C  -5.802  2.084  -0.639  128.78
1043  68  LYS  O  -4.886  2.713  -0.135  26.25
1044  68  LYS  CB  -8.034  2.403  0.479  31.5
1045  68  LYS  CG  -7.275  1.774  1.651  24.23
1046  68  LYS  CD  -6.322  2.756  2.321  29.11
1047  68  LYS  CE  -7.053  3.863  3.052  41.48
1048  68  LYS  NZ  -7.127  3.598  4.517  3.94
1049  68  LYS  H  -8.596  1.78  -1.925  7.59
1050  68  LYS  HA  -7.121  3.638  -0.858  4.22
1051  68  LYS  HB2  -8.405  3.247  0.781  1.42
1052  68  LYS  HB3  -8.755  1.803  0.232  1.4
1053  68  LYS  HG2  -7.918  1.466  2.309  0.24
1054  68  LYS  HG3  -6.763  1.019  1.321  2.01
1055  68  LYS  HD2  -5.773  2.272  2.957  0.93
1056  68  LYS  HD3  -5.755  3.153  1.641  0.89
1057  68  LYS  HE2  -6.583  4.699  2.906  2.55
1058  68  LYS  HE3  -7.954  3.932  2.699  5.46
1059  68  LYS  HZ1  -7.278  2.772  4.813  27.44
1060  68  LYS  HZ2  -6.428  3.777  5.038  8.02
1061  68  LYS  HZ3  -7.742  4.008  5.013  51.41
1062  69  GLU  N  -5.644  0.876  -1.146  116.12
1063  69  GLU  CA  -4.341  0.237  -1.117  59.4
1064  69  GLU  C  -3.32  1.171  -1.746  36.72
1065  69  GLU  O  -2.272  1.446  -1.174  1.14
1066  69  GLU  CB  -4.366  -1.093  -1.859  28.91
1067  69  GLU  CG  -4.639  -0.929  -3.335  35.97
1068  69  GLU  CD  -3.371  -0.697  -4.136  107.18
1069  69  GLU  OE1  -2.286  -1.084  -3.656  44.64
1070  69  GLU  OE2  -3.463  -0.118  -5.238  176.35
1071  69  GLU  H  -6.315  0.466  -1.494  8.4
1072  69  GLU  HA  -4.089  0.046  -0.2  3.81
1073  69  GLU  HB2  -3.505  -1.527  -1.748  1.87
1074  69  GLU  HB3  -5.061  -1.65  -1.474  173.7
1075  69  GLU  HG2  -5.071  -1.732  -3.665  2.21
1076  69  GLU  HG3  -5.229  -0.169  -3.462  8.96
1077  70  GLU  N  -3.662  1.713  -2.899  117.09
1078  70  GLU  CA  -2.788  2.664  -3.551  58.05
1079  70  GLU  C  -2.732  3.9  -2.675  8.53
1080  70  GLU  O  -1.708  4.566  -2.556  8.61
1081  70  GLU  CB  -3.281  2.99  -4.967  29.7
1082  70  GLU  CG  -4.482  3.927  -5.034  37.43
1083  70  GLU  CD  -4.328  4.995  -6.099  8.36
1084  70  GLU  OE1  -3.563  4.768  -7.061  28.94
1085  70  GLU  OE2  -4.974  6.056  -5.974  6.79
1086  70  GLU  H  -4.41  1.5  -3.266  7.72
1087  70  GLU  HA  -1.9  2.288  -3.654  4
1088  70  GLU  HB2  -2.55  3.403  -5.452  2.36
1089  70  GLU  HB3  -3.525  2.157  -5.4  114.95
1090  70  GLU  HG2  -5.275  3.404  -5.232  2.62
1091  70  GLU  HG3  -4.588  4.361  -4.173  174.15
1092  71  PHE  N  -3.851  4.158  -2.018  121.09
1093  71  PHE  CA  -3.962  5.265  -1.103  61.77
1094  71  PHE  C  -2.964  5.106  0.024  59.28
1095  71  PHE  O  -2.066  5.911  0.184  177.97
1096  71  PHE  CB  -5.374  5.315  -0.522  40.29
1097  71  PHE  CG  -5.71  6.57  0.237  4.91
1098  71  PHE  CD1  -4.988  7.738  0.047  5.05
1099  71  PHE  CD2  -6.759  6.578  1.148  8.69
1100  71  PHE  CE1  -5.304  8.887  0.747  120.96
1101  71  PHE  CE2  -7.078  7.723  1.851  55.08
1102  71  PHE  CZ  -6.349  8.88  1.65  180.07
1103  71  PHE  H  -4.533  3.649  -2.141  8.68
1104  71  PHE  HA  -3.705  6.062  -1.593  3.79
1105  71  PHE  HB2  -6.003  5.23  -1.255  1.28
1106  71  PHE  HB3  -5.477  4.562  0.081  3.13
1107  71  PHE  HD1  -4.282  7.749  -0.558  7.02
1108  71  PHE  HD2  -7.252  5.801  1.286  123.9
1109  71  PHE  HE1  -4.812  9.664  0.608  7.3
1110  71  PHE  HE2  -7.782  7.715  2.458  175.1
1111  71  PHE  HZ  -6.561  9.653  2.122  6.93
1112  72  LEU  N  -3.141  4.058  0.804  114.82
1113  72  LEU  CA  -2.265  3.805  1.944  57.12
1114  72  LEU  C  -0.879  3.295  1.529  43.54
1115  72  LEU  O  0.098  3.503  2.249  1.89
1116  72  LEU  CB  -2.936  2.822  2.907  40.87
1117  72  LEU  CG  -2.707  1.352  2.574  176.09
1118  72  LEU  CD1  -1.888  0.673  3.662  3.99
1119  72  LEU  CD2  -4.027  0.627  2.364  28.44
1120  72  LEU  H  -3.785  3.513  0.638  8.45
1121  72  LEU  HA  -2.142  4.644  2.415  3.96
1122  72  LEU  HB2  -2.591  2.988  3.798  1.75
1123  72  LEU  HB3  -3.891  2.99  2.894  1.89
1124  72  LEU  HG  -2.231  1.288  1.731  1.53
1125  72  LEU  HD11  -2.361  0.733  4.507  39.98
1126  72  LEU  HD12  -1.753  -0.26  3.432  3.17
1127  72  LEU  HD13  -1.028  1.114  3.741  4.53
1128  72  LEU  HD21  -4.504  1.051  1.634  3.99
1129  72  LEU  HD22  -3.876  -0.307  2.152  3.05
1130  72  LEU  HD23  -4.554  0.693  3.176  8.54
1131  73  ASN  N  -0.788  2.614  0.386  114.19
1132  73  ASN  CA  0.493  2.082  -0.069  53.15
1133  73  ASN  C  1.197  3.027  -1.042  7.03
1134  73  ASN  O  2.365  2.822  -1.372  118.38
1135  73  ASN  CB  0.313  0.705  -0.719  39.14
1136  73  ASN  CG  -0.34  -0.302  0.208  176.19
1137  73  ASN  OD1  0.311  -1.222  0.704  174.05
1138  73  ASN  ND2  -1.634  -0.132  0.446  114.96
1139  73  ASN  H  -1.493  2.487  -0.09  7.5
1140  73  ASN  HA  1.061  2.02  0.715  4.75
1141  73  ASN  HB2  -0.242  0.806  -1.508  2.9
1142  73  ASN  HB3  1.185  0.368  -0.978  2.7
1143  73  ASN  HD21  -2.056  0.522  0.081  7.77
1144  73  ASN  HD22  -2.051  -0.677  0.965  6.97
1145  74  ALA  N  0.497  4.061  -1.503  122.32
1146  74  ALA  CA  1.09  5.014  -2.432  51.87
1147  74  ALA  C  0.974  6.446  -1.922  2.85
1148  74  ALA  O  1.677  7.328  -2.399  2.85
1149  74  ALA  CB  0.465  4.886  -3.813  19.27
1150  74  ALA  H  -0.317  4.168  -1.248  7.37
1151  74  ALA  HA  2.032  4.801  -2.525  4.38
1152  74  ALA  HB1  -0.488  5.058  -3.749  42.05
1153  74  ALA  HB2  0.868  5.525  -4.421  72.42
1154  74  ALA  HB3  0.61  3.987  -4.147  62.03
1155  75  ASN  N  0.099  6.684  -0.947  115.35
1156  75  ASN  CA  -0.058  8.027  -0.396  53.77
1157  75  ASN  C  1.263  8.515  0.174  178.57
1158  75  ASN  O  1.707  9.624  -0.109  119.18
1159  75  ASN  CB  -1.142  8.058  0.689  39.45
1160  75  ASN  CG  -0.697  7.436  2.006  120.15
1161  75  ASN  OD1  -0.535  8.133  3.009  57.39
1162  75  ASN  ND2  -0.496  6.121  2.011  114.42
1163  75  ASN  H  -0.379  6.039  -0.638  7.9
1164  75  ASN  HA  -0.281  8.613  -1.136  4.37
1165  75  ASN  HB2  -1.387  8.982  0.852  2.86
1166  75  ASN  HB3  -1.916  7.571  0.364  4.77
1167  75  ASN  HD21  -0.618  5.664  1.293  7.67
1168  75  ASN  HD22  -0.243  5.727  2.732  6.96
1169  76  ALA  N  1.88  7.654  0.963  3.1
1170  76  ALA  CA  3.162  7.937  1.591  4.85
1171  76  ALA  C  4.27  7.926  0.556  7.57
1172  76  ALA  O  5.162  8.78  0.548  10.13
1173  76  ALA  CB  3.448  6.906  2.673  53.88
1174  76  ALA  H  1.508  6.893  1.112  8.72
1175  76  ALA  HA  3.121  8.82  1.99  4.01
1176  76  ALA  HB1  3.473  6.021  2.276  7.75
1177  76  ALA  HB2  4.303  7.099  3.088  178.49
1178  76  ALA  HB3  2.748  6.94  3.343  55.29
1179  77  GLU  N  4.192  6.941  -0.316  173.25
1180  77  GLU  CA  5.167  6.761  -1.377  58.58
1181  77  GLU  C  5.037  7.853  -2.426  33.12
1182  77  GLU  O  6.03  8.281  -3.015  134.28
1183  77  GLU  CB  5.001  5.388  -2.028  132.78
1184  77  GLU  CG  6.041  5.091  -3.095  5.62
1185  77  GLU  CD  7.253  4.367  -2.541  64.95
1186  77  GLU  OE1  7.768  4.793  -1.486  2.5
1187  77  GLU  OE2  7.687  3.375  -3.163  2.74
1188  77  GLU  H  3.539  6.385  -0.254  8.28
1189  77  GLU  HA  6.06  6.785  -0.999  4.2
1190  77  GLU  HB2  5.069  4.711  -1.337  3.05
1191  77  GLU  HB3  4.122  5.346  -2.436  45.65
1192  77  GLU  HG2  5.635  4.537  -3.78  2.46
1193  77  GLU  HG3  6.333  5.928  -3.488  121.42
1194  78  LEU  N  3.811  8.305  -2.652  119.95
1195  78  LEU  CA  3.57  9.357  -3.629  31.95
1196  78  LEU  C  3.788  10.722  -2.994  176.15
1197  78  LEU  O  4.096  11.696  -3.68  29.98
1198  78  LEU  CB  2.155  9.256  -4.214  6.64
1199  78  LEU  CG  1.033  9.793  -3.32  1.21
1200  78  LEU  CD1  0.898  11.299  -3.479  3.85
1201  78  LEU  CD2  -0.282  9.102  -3.65  2.31
1202  78  LEU  H  3.149  7.972  -2.215  7.57
1203  78  LEU  HA  4.205  9.252  -4.354  4.54
1204  78  LEU  HB2  2.139  9.754  -5.046  2.13
1205  78  LEU  HB3  1.972  8.321  -4.394  109.65
1206  78  LEU  HG  1.238  9.586  -2.395  2.5
1207  78  LEU  HD11  0.691  11.511  -4.403  7.42
1208  78  LEU  HD12  0.184  11.62  -2.907  46.48
1209  78  LEU  HD13  1.731  11.728  -3.228  123.88
1210  78  LEU  HD21  -0.502  9.268  -4.58  50.24
1211  78  LEU  HD22  -0.183  8.148  -3.506  176.45
1212  78  LEU  HD23  -0.992  9.442  -3.084  3.96
1213  79  LEU  N  3.635  10.779  -1.678  41.24
1214  79  LEU  CA  3.822  12.015  -0.949  7.75
1215  79  LEU  C  5.266  12.154  -0.488  9.41
1216  79  LEU  O  5.783  13.265  -0.359  4.96
1217  79  LEU  CB  2.864  12.078  0.241  2.52
1218  79  LEU  CG  3.197  11.154  1.409  2.76
1219  79  LEU  CD1  4.409  11.644  2.177  27.1
1220  79  LEU  CD2  1.995  11.018  2.334  123.66
1221  79  LEU  H  3.42  10.066  -1.248  7.65
1222  79  LEU  HA  3.621  12.754  -1.544  4.78
1223  79  LEU  HB2  2.861  12.989  0.574  2.02
1224  79  LEU  HB3  1.977  11.847  -0.077  32.64
1225  79  LEU  HG  3.379  10.266  1.065  1.81
1226  79  LEU  HD11  5.173  11.678  1.581  127.15
1227  79  LEU  HD12  4.231  12.532  2.525  57.69
1228  79  LEU  HD13  4.599  11.041  2.912  63.15
1229  79  LEU  HD21  1.755  11.895  2.673  4.58
1230  79  LEU  HD22  1.25  10.651  1.833  2.13
1231  79  LEU  HD23  2.206  10.431  3.077  2.41
1232  80  CYS  N  5.912  11.014  -0.236  4.4
1233  80  CYS  CA  7.303  10.994  0.218  8.22
1234  80  CYS  C  8.146  12.046  -0.503  11.81
1235  80  CYS  O  8.236  12.051  -1.731  3.97
1236  80  CYS  CB  7.907  9.603  -0.003  2.4
1237  80  CYS  SG  9.661  9.48  0.416  60.21
1238  80  CYS  H  5.498  10.268  -0.343  7.15
1239  80  CYS  HA  7.308  11.209  1.164  4.37
1240  80  CYS  HB2  7.418  8.969  0.545  1.46
1241  80  CYS  HB3  7.8  9.371  -0.939  1.77
1242  80  CYS  HG  10.057  10.543  0.806  41.02
1243  81  GLN  N  8.76  12.933  0.274  28.64
1244  81  GLN  CA  9.595  13.99  -0.282  8.51
1245  81  GLN  C  10.472  14.612  0.8  4.39
1246  81  GLN  O  10.789  15.801  0.75  4.62
1247  81  GLN  CB  8.726  15.069  -0.932  2.08
1248  81  GLN  CG  7.73  15.704  0.023  2.32
1249  81  GLN  CD  7.639  17.209  -0.144  119.68
1250  81  GLN  OE1  8.178  17.773  -1.096  52.84
1251  81  GLN  NE2  6.954  17.867  0.785  3.98
1252  81  GLN  H  8.662  12.881  1.127  8.97
1253  81  GLN  HA  10.183  13.585  -0.939  32.34
1254  81  GLN  HB2  9.307  15.765  -1.276  27.04
1255  81  GLN  HB3  8.234  14.667  -1.665  60.59
1256  81  GLN  HG2  6.854  15.32  -0.141  178.35
1257  81  GLN  HG3  8.004  15.509  0.933  7.47
1258  81  GLN  HE21  6.591  17.438  1.436  34.42
1259  81  GLN  HE22  6.873  18.722  0.735  4.87
1260  82  LEU  N  10.858  13.799  1.779  -0.25
1261  82  LEU  CA  11.697  14.268  2.876  7.15
1262  82  LEU  C  13.024  14.814  2.355  58.58
1263  82  LEU  O  13.403  14.564  1.212  7.39
1264  82  LEU  CB  11.951  13.132  3.871  4.83
1265  82  LEU  CG  11.738  13.499  5.341  1.42
1266  82  LEU  CD1  11.153  12.322  6.106  1.77
1267  82  LEU  CD2  13.047  13.95  5.971  28.92
1268  82  LEU  H  10.607  12.977  1.765  128.52
1269  82  LEU  HA  11.23  14.988  3.328  54.25
1270  82  LEU  HB2  11.351  12.402  3.654  58.28
1271  82  LEU  HB3  12.869  12.838  3.765  9.3
1272  82  LEU  HG  11.127  14.251  5.395  8.87
1273  82  LEU  HD11  10.299  12.075  5.717  39.05
1274  82  LEU  HD12  11.761  11.568  6.056  63.04
1275  82  LEU  HD13  11.025  12.572  7.034  176.29
1276  82  LEU  HD21  13.693  13.229  5.909  45.29
1277  82  LEU  HD22  13.379  14.724  5.49  33.04
1278  82  LEU  HD23  12.91  14.183  6.903  3.31
1279  83  LYS  N  13.724  15.56  3.203  4.75
1280  83  LYS  CA  15.007  16.141  2.829  3.53
1281  83  LYS  C  16.12  15.101  2.909  2.02
1282  83  LYS  O  16.055  14.232  3.804  2.53
1283  83  LYS  CB  15.338  17.327  3.738  118.08
1284  83  LYS  CG  15.488  16.95  5.203  55.84
1285  83  LYS  CD  14.241  17.298  6  175.19
1286  83  LYS  CE  14.357  18.668  6.647  125.75
1287  83  LYS  NZ  13.048  19.15  7.17  43.44
1288  83  LYS  OXT  17.048  15.162  2.073  1.96
1289  83  LYS  H  13.413  15.704  3.992  1.5
1290  83  LYS  HA  14.947  16.457  1.914  30.65
1291  83  LYS  HB2  16.171  17.721  3.435  177.04
1292  83  LYS  HB3  14.625  17.98  3.66  173.68
1293  83  LYS  HG2  15.647  15.995  5.268  39.47
1294  83  LYS  HG3  16.244  17.43  5.576  8.98
1295  83  LYS  HD2  13.475  17.295  5.405  5.39
1296  83  LYS  HD3  14.114  16.632  6.693  2.73
1297  83  LYS  HE2  14.987  18.615  7.382  3.01
1298  83  LYS  HE3  14.683  19.299  5.987  6.88
1299  83  LYS  HZ1  12.349  19.221  6.623  3.95
1300  83  LYS  HZ2  12.637  18.703  7.82  7.36
1301  83  LYS  HZ3  12.986  19.959  7.535  126.75
