1  1  ILE  N  -11.207  45.415  -8.886  7.78
2  1  ILE  CA  -12.4  44.714  -8.367  45.35
3  1  ILE  C  -13.317  44.291  -9.521  178.04
4  1  ILE  O  -13.309  43.118  -9.894  55.76
5  1  ILE  CB  -13.142  45.53  -7.275  8.56
6  1  ILE  CG1  -12.224  46.021  -6.131  3.76
7  1  ILE  CG2  -14.321  44.724  -6.693  3.76
8  1  ILE  CD  -11.439  44.926  -5.398  4.43
9  1  ILE  H  -10.525  45.349  -8.318  3.71
10  1  ILE  H2  -10.919  45.044  -9.642  125.32
11  1  ILE  H3  -11.37  46.278  -9.029  62.01
12  1  ILE  HA  -12.096  43.891  -7.953  173.87
13  1  ILE  HB  -13.513  46.327  -7.686  4
14  1  ILE  HG12  -11.59  46.665  -6.484  63.77
15  1  ILE  HG13  -12.765  46.496  -5.48  63.05
16  1  ILE  HG21  -14.017  43.877  -6.33  176.37
17  1  ILE  HG22  -14.746  45.231  -5.984  4.56
18  1  ILE  HG23  -14.992  44.553  -7.373  8.57
19  1  ILE  HD11  -10.784  44.398  -6.092  5.1
20  1  ILE  HD12  -10.825  45.386  -4.624  2.75
21  1  ILE  HD13  -12.121  44.22  -4.927  121.08
22  2  SER  N  -14.106  45.216  -10.081  55.35
23  2  SER  CA  -15.192  44.99  -11.043  177.27
24  2  SER  C  -14.734  44.276  -12.325  3.92
25  2  SER  O  -14.114  44.88  -13.203  8.5
26  2  SER  CB  -15.919  46.319  -11.351  26.94
27  2  SER  OG  -15.245  47.447  -10.811  177.58
28  2  SER  H  -14.066  46.042  -9.845  108.68
29  2  SER  HA  -15.844  44.419  -10.609  45.35
30  2  SER  HB2  -16.02  46.432  -12.309  173.17
31  2  SER  HB3  -16.808  46.28  -10.965  3.64
32  2  SER  HG  -15.654  48.142  -11.047  4.32
33  3  LYS  N  -15.054  42.975  -12.414  1.59
34  3  LYS  CA  -14.775  42.066  -13.536  8.36
35  3  LYS  C  -15.544  42.498  -14.795  55.15
36  3  LYS  O  -16.751  42.296  -14.916  176.57
37  3  LYS  CB  -15.119  40.614  -13.137  8.58
38  3  LYS  CG  -14.417  40.072  -11.872  42.41
39  3  LYS  CD  -12.991  39.527  -12.075  115.78
40  3  LYS  CE  -11.946  40.546  -12.547  56.05
41  3  LYS  NZ  -11.704  41.644  -11.58  4.87
42  3  LYS  H  -15.483  42.641  -11.748  32.11
43  3  LYS  HA  -13.831  42.124  -13.75  63.35
44  3  LYS  HB2  -16.075  40.567  -12.979  8.12
45  3  LYS  HB3  -14.924  40.024  -13.882  3.96
46  3  LYS  HG2  -14.414  40.741  -11.169  2.91
47  3  LYS  HG3  -14.952  39.332  -11.546  2.91
48  3  LYS  HD2  -12.691  39.137  -11.239  7.12
49  3  LYS  HD3  -13.031  38.811  -12.729  7.12
50  3  LYS  HE2  -11.112  40.077  -12.709  6.84
51  3  LYS  HE3  -12.232  40.908  -13.4  6.84
52  3  LYS  HZ1  -11.293  42.32  -11.988  4.68
53  3  LYS  HZ2  -12.453  41.972  -11.228  8.14
54  3  LYS  HZ3  -11.19  41.374  -10.905  3.63
55  4  GLY  N  -14.836  43.138  -15.724  63.65
56  4  GLY  CA  -15.423  43.848  -16.858  45.3
57  4  GLY  C  -15.798  42.98  -18.052  55.61
58  4  GLY  O  -15.049  42.909  -19.028  31.85
59  4  GLY  H  -13.997  43.247  -15.568  26.55
60  4  GLY  HA2  -16.206  44.338  -16.562  3.81
61  4  GLY  HA3  -14.78  44.5  -17.18  3.72
62  5  LEU  N  -17.017  42.428  -18.024  121.18
63  5  LEU  CA  -17.694  41.82  -19.18  55.1
64  5  LEU  C  -17.677  42.702  -20.446  176.75
65  5  LEU  O  -17.701  42.183  -21.564  1.62
66  5  LEU  CB  -19.156  41.5  -18.793  42.3
67  5  LEU  CG  -19.42  40.019  -18.473  26.9
68  5  LEU  CD1  -20.837  39.873  -17.911  24.5
69  5  LEU  CD2  -19.313  39.143  -19.728  23.2
70  5  LEU  H  -17.435  42.471  -17.274  7.93
71  5  LEU  HA  -17.226  41.001  -19.404  4.34
72  5  LEU  HB2  -19.41  42.04  -18.029  1.58
73  5  LEU  HB3  -19.746  41.757  -19.519  1.45
74  5  LEU  HG  -18.784  39.711  -17.808  1.57
75  5  LEU  HD11  -21.488  40.189  -18.557  109.91
76  5  LEU  HD12  -21.019  38.942  -17.708  45.02
77  5  LEU  HD13  -20.924  40.389  -17.094  178.49
78  5  LEU  HD21  -19.555  38.229  -19.511  45.12
79  5  LEU  HD22  -19.912  39.473  -20.416  8.24
80  5  LEU  HD23  -18.406  39.147  -20.071  8.37
81  6  THR  N  -17.604  44.026  -20.284  116.38
82  6  THR  CA  -17.706  45.028  -21.352  61.6
83  6  THR  C  -16.407  45.797  -21.622  7.67
84  6  THR  O  -16.387  46.603  -22.548  4.12
85  6  THR  CB  -18.838  46.015  -21.022  70
86  6  THR  OG1  -18.653  46.529  -19.721  1.77
87  6  THR  CG2  -20.213  45.345  -21.078  21.2
88  6  THR  H  -17.651  44.334  -19.483  8.18
89  6  THR  HA  -17.945  44.594  -22.186  4.3
90  6  THR  HB  -18.829  46.745  -21.66  4.15
91  6  THR  HG1  -19.278  47.07  -19.572  38.55
92  6  THR  HG21  -20.906  46.006  -20.922  27.35
93  6  THR  HG22  -20.35  44.953  -21.954  29.8
94  6  THR  HG23  -20.282  44.651  -20.404  8
95  7  TYR  N  -15.311  45.558  -20.88  122.58
96  7  TYR  CA  -14.055  46.292  -21.103  56.3
97  7  TYR  C  -13.405  45.908  -22.445  175.85
98  7  TYR  O  -13.482  44.756  -22.889  8.2
99  7  TYR  CB  -13.051  46.046  -19.96  39.8
100  7  TYR  CG  -13.442  46.418  -18.534  24.9
101  7  TYR  CD1  -14.598  47.17  -18.224  61.92
102  7  TYR  CD2  -12.614  45.966  -17.485  124.81
103  7  TYR  CE1  -14.944  47.412  -16.879  54.82
104  7  TYR  CE2  -12.957  46.198  -16.14  63.85
105  7  TYR  CZ  -14.137  46.909  -15.835  62.88
106  7  TYR  OH  -14.525  47.056  -14.54  4.14
107  7  TYR  H  -15.331  44.937  -20.285  8.2
108  7  TYR  HA  -14.257  47.24  -21.13  4.8
109  7  TYR  HB2  -12.822  45.103  -19.967  2.79
110  7  TYR  HB3  -12.241  46.538  -20.167  3.1
111  7  TYR  HD1  -15.155  47.496  -18.893  4.47
112  7  TYR  HD2  -11.836  45.498  -17.685  3.92
113  7  TYR  HE1  -15.718  47.882  -16.665  8.76
114  7  TYR  HE2  -12.42  45.878  -15.452  4.04
115  7  TYR  HH  -14.309  46.383  -14.086  4.37
116  8  THR  N  -12.723  46.869  -23.075  115.38
117  8  THR  CA  -11.946  46.681  -24.308  61.3
118  8  THR  C  -10.734  45.769  -24.067  174.15
119  8  THR  O  -10.23  45.68  -22.948  8.54
120  8  THR  CB  -11.481  48.052  -24.843  70.1
121  8  THR  OG1  -12.506  49.01  -24.688  1.95
122  8  THR  CG2  -11.144  48.022  -26.334  21.4
123  8  THR  H  -12.76  47.678  -22.785  8.51
124  8  THR  HA  -12.527  46.271  -24.967  4.37
125  8  THR  HB  -10.705  48.349  -24.342  4.24
126  8  THR  HG1  -12.273  49.709  -25.092  8.16
127  8  THR  HG21  -11.907  47.701  -26.84  8.55
128  8  THR  HG22  -10.919  48.916  -26.637  8.16
129  8  THR  HG23  -10.379  47.448  -26.497  3.47
130  9  MET  N  -10.248  45.09  -25.111  122.88
131  9  MET  CA  -9.126  44.147  -25.012  54.5
132  9  MET  C  -7.799  44.84  -24.651  177.35
133  9  MET  O  -7.544  45.968  -25.074  3.85
134  9  MET  CB  -8.944  43.392  -26.34  31.3
135  9  MET  CG  -10.214  42.718  -26.874  31.3
136  9  MET  SD  -11.057  41.607  -25.717  56.66
137  9  MET  CE  -12.245  40.838  -26.848  31.99
138  9  MET  H  -10.613  45.201  -25.882  8.68
139  9  MET  HA  -9.333  43.501  -24.318  4.87
140  9  MET  HB2  -8.623  44.01  -27.015  2.05
141  9  MET  HB3  -8.266  42.71  -26.214  2.05
142  9  MET  HG2  -10.842  43.402  -27.153  2.74
143  9  MET  HG3  -9.969  42.207  -27.661  2.68
144  9  MET  HE1  -12.794  41.521  -27.265  3.22
145  9  MET  HE2  -11.767  40.348  -27.535  3.16
146  9  MET  HE3  -12.813  40.225  -26.356  7.09
147  10  CYS  N  -6.931  44.141  -23.914  124.58
148  10  CYS  CA  -5.557  44.573  -23.647  54.2
149  10  CYS  C  -4.624  44.365  -24.864  174.55
150  10  CYS  O  -4.851  43.494  -25.702  3.91
151  10  CYS  CB  -5.005  43.775  -22.46  40.4
152  10  CYS  SG  -5.957  43.716  -20.911  32.55
153  10  CYS  H  -7.199  43.395  -23.58  9.59
154  10  CYS  HA  -5.564  45.515  -23.414  4.52
155  10  CYS  HB2  -4.879  42.861  -22.761  2.15
156  10  CYS  HB3  -4.12  44.109  -22.246  2.65
157  11  ASP  N  -3.514  45.113  -24.908  121.58
158  11  ASP  CA  -2.393  44.947  -25.845  55.5
159  11  ASP  C  -1.699  43.582  -25.657  177.05
160  11  ASP  O  -1.275  43.236  -24.554  7.78
161  11  ASP  CB  -1.416  46.121  -25.629  42.2
162  11  ASP  CG  -0.184  46.141  -26.547  1.93
163  11  ASP  OD1  0.354  45.06  -26.872  1.93
164  11  ASP  OD2  0.316  47.258  -26.816  1.51
165  11  ASP  H  -3.417  45.714  -24.301  7.89
166  11  ASP  HA  -2.737  44.999  -26.75  4.46
167  11  ASP  HB2  -1.905  46.949  -25.755  2.81
168  11  ASP  HB3  -1.107  46.104  -24.71  2.76
169  12  LYS  N  -1.544  42.816  -26.746  123.84
170  12  LYS  CA  -0.957  41.47  -26.73  58.8
171  12  LYS  C  0.501  41.4  -26.234  176.75
172  12  LYS  O  0.926  40.319  -25.827  26.85
173  12  LYS  CB  -1.05  40.827  -28.126  32.7
174  12  LYS  CG  -2.487  40.709  -28.669  24.1
175  12  LYS  CD  -2.53  39.862  -29.95  29.4
176  12  LYS  CE  -2.513  38.36  -29.631  1.58
177  12  LYS  NZ  -2.172  37.558  -30.825  1.7
178  12  LYS  H  -1.818  43.134  -27.497  8.34
179  12  LYS  HA  -1.484  40.941  -26.11  4.16
180  12  LYS  HB2  -0.519  41.346  -28.75  2.01
181  12  LYS  HB3  -0.663  39.939  -28.079  2.01
182  12  LYS  HG2  -3.066  40.314  -27.998  1.61
183  12  LYS  HG3  -2.815  41.598  -28.874  1.61
184  12  LYS  HD2  -3.343  40.067  -30.438  1.71
185  12  LYS  HD3  -1.773  40.094  -30.51  1.71
186  12  LYS  HE2  -1.846  38.191  -28.947  4.65
187  12  LYS  HE3  -3.381  38.102  -29.284  115.68
188  12  LYS  HZ1  -1.348  37.712  -31.124  58.25
189  12  LYS  HZ2  -2.258  36.696  -30.62  174.57
190  12  LYS  HZ3  -2.78  37.66  -31.467  9.32
191  13  ALA  N  1.263  42.501  -26.263  122.18
192  13  ALA  CA  2.711  42.504  -26.026  52.9
193  13  ALA  C  3.141  43.167  -24.705  178.95
194  13  ALA  O  4.306  43.066  -24.329  4.54
195  13  ALA  CB  3.389  43.179  -27.227  20
196  13  ALA  H  0.903  43.233  -26.537  8.94
197  13  ALA  HA  3.036  41.591  -25.994  4.63
198  13  ALA  HB1  3.096  44.101  -27.298  110.18
199  13  ALA  HB2  4.352  43.159  -27.113  118.43
200  13  ALA  HB3  3.162  42.707  -28.043  56.35
201  14  LYS  N  2.227  43.829  -23.979  116.88
202  14  LYS  CA  2.543  44.617  -22.768  56
203  14  LYS  C  2.409  43.825  -21.454  174.45
204  14  LYS  O  2.382  44.427  -20.378  2.01
205  14  LYS  CB  1.694  45.903  -22.75  32.2
206  14  LYS  CG  1.882  46.814  -23.967  25.3
207  14  LYS  CD  3.272  47.446  -24.108  28.7
208  14  LYS  CE  3.297  48.472  -25.254  42.5
209  14  LYS  NZ  2.894  47.892  -26.561  45.35
210  14  LYS  H  1.428  43.848  -24.298  6.96
211  14  LYS  HA  3.476  44.881  -22.806  4.46
212  14  LYS  HB2  0.758  45.651  -22.724  1.15
213  14  LYS  HB3  1.881  46.418  -21.949  1.83
214  14  LYS  HG2  1.716  46.283  -24.762  1.09
215  14  LYS  HG3  1.219  47.521  -23.92  0.96
216  14  LYS  HD2  3.502  47.898  -23.281  1.2
217  14  LYS  HD3  3.93  46.754  -24.279  1.2
218  14  LYS  HE2  2.699  49.202  -25.028  2.83
219  14  LYS  HE3  4.196  48.831  -25.319  2.83
220  14  LYS  HZ1  2.022  47.714  -26.585  2.31
221  14  LYS  HZ2  3.063  48.458  -27.227  1.99
222  14  LYS  HZ3  3.356  47.154  -26.745  6.96
223  15  PHE  N  2.285  42.497  -21.53  119.08
224  15  PHE  CA  2.069  41.608  -20.386  58.7
225  15  PHE  C  3.354  41.019  -19.795  175.45
226  15  PHE  O  4.354  40.82  -20.48  6.93
227  15  PHE  CB  1.144  40.463  -20.814  41.8
228  15  PHE  CG  -0.309  40.867  -20.864  8.23
229  15  PHE  CD1  -1.013  41.04  -19.657  4.55
230  15  PHE  CD2  -0.964  41.031  -22.097  2.87
231  15  PHE  CE1  -2.382  41.347  -19.68  2.91
232  15  PHE  CE2  -2.331  41.352  -22.118  9.83
233  15  PHE  CZ  -3.038  41.491  -20.91  7.97
234  15  PHE  H  2.366  42.143  -22.309  8.67
235  15  PHE  HA  1.63  42.106  -19.679  5.64
236  15  PHE  HB2  1.426  40.114  -21.674  3.13
237  15  PHE  HB3  1.213  39.736  -20.176  2.73
238  15  PHE  HD1  -0.577  40.932  -18.842  7.25
239  15  PHE  HD2  -0.504  40.919  -22.897  7.25
240  15  PHE  HE1  -2.856  41.449  -18.886  6.79
241  15  PHE  HE2  -2.756  41.466  -22.937  6.79
242  15  PHE  HZ  -3.949  41.676  -20.912  6.3
243  16  THR  N  3.258  40.653  -18.514  110.28
244  16  THR  CA  4.255  39.922  -17.727  60.5
245  16  THR  C  3.54  38.939  -16.787  174.05
246  16  THR  O  2.446  39.233  -16.3  8.96
247  16  THR  CB  5.116  40.899  -16.905  72.6
248  16  THR  OG1  4.313  41.699  -16.065  53.75
249  16  THR  CG2  5.954  41.837  -17.775  22.8
250  16  THR  H  2.539  40.865  -18.093  8.54
251  16  THR  HA  4.833  39.421  -18.323  4.41
252  16  THR  HB  5.723  40.383  -16.351  4.13
253  16  THR  HG1  3.602  41.896  -16.466  123.19
254  16  THR  HG21  6.495  41.319  -18.392  53.07
255  16  THR  HG22  5.384  42.439  -18.279  178.06
256  16  THR  HG23  6.538  42.365  -17.208  1.28
257  17  TRP  N  4.143  37.774  -16.522  120.48
258  17  TRP  CA  3.616  36.772  -15.59  58
259  17  TRP  C  3.821  37.217  -14.131  176.95
260  17  TRP  O  4.949  37.22  -13.643  118.89
261  17  TRP  CB  4.279  35.406  -15.855  29.8
262  17  TRP  CG  3.881  34.704  -17.127  178.49
263  17  TRP  CD1  4.716  34.333  -18.129  2.58
264  17  TRP  CD2  2.556  34.237  -17.527  40.99
265  17  TRP  NE1  3.999  33.692  -19.126  129.6
266  17  TRP  CE2  2.659  33.618  -18.81  1.66
267  17  TRP  CE3  1.277  34.26  -16.928  9.19
268  17  TRP  CZ2  1.55  33.07  -19.473  4.78
269  17  TRP  CZ3  0.157  33.726  -17.592  66.82
270  17  TRP  CH2  0.29  33.126  -18.856  122.59
271  17  TRP  H  4.907  37.61  -16.882  8.9
272  17  TRP  HA  2.663  36.671  -15.741  4.85
273  17  TRP  HB2  5.243  35.515  -15.841  2.97
274  17  TRP  HB3  4.049  34.813  -15.123  3.3
275  17  TRP  HD1  5.634  34.482  -18.138  7.56
276  17  TRP  HE1  4.34  33.36  -19.842  10.1
277  17  TRP  HE3  1.171  34.63  -16.081  7.49
278  17  TRP  HZ2  1.639  32.668  -20.307  6.88
279  17  TRP  HZ3  -0.681  33.764  -17.19  6.72
280  17  TRP  HH2  -0.452  32.759  -19.28  6.57
281  18  LYS  N  2.734  37.564  -13.42  1.41
282  18  LYS  CA  2.727  37.715  -11.952  58.1
283  18  LYS  C  2.77  36.336  -11.268  176.65
284  18  LYS  O  3.371  36.186  -10.21  1.7
285  18  LYS  CB  1.499  38.534  -11.471  33.5
286  18  LYS  CG  1.923  39.668  -10.522  24.8
287  18  LYS  CD  0.818  40.278  -9.637  29
288  18  LYS  CE  -0.23  41.19  -10.304  42.5
289  18  LYS  NZ  -1.46  40.472  -10.709  117.51
290  18  LYS  H  1.973  37.462  -13.807  8.95
291  18  LYS  HA  3.54  38.177  -11.696  4.57
292  18  LYS  HB2  1.036  38.926  -12.228  1.56
293  18  LYS  HB3  0.879  37.949  -11.008  1.56
294  18  LYS  HG2  2.591  39.311  -9.917  1.34
295  18  LYS  HG3  2.346  40.372  -11.039  1.5
296  18  LYS  HD2  0.383  39.572  -9.134  1.61
297  18  LYS  HD3  1.274  40.829  -8.982  1.61
298  18  LYS  HE2  -0.478  41.861  -9.649  3
299  18  LYS  HE3  0.162  41.648  -11.064  3
300  18  LYS  HZ1  -2.173  40.99  -10.583  8.3
301  18  LYS  HZ2  -1.402  40.225  -11.562  1.54
302  18  LYS  HZ3  -1.585  39.733  -10.229  1.72
303  19  ARG  N  2.142  35.339  -11.906  119.88
304  19  ARG  CA  2.101  33.916  -11.564  56.2
305  19  ARG  C  1.942  33.123  -12.866  174.15
306  19  ARG  O  0.904  33.23  -13.524  4.21
307  19  ARG  CB  0.903  33.675  -10.634  32.9
308  19  ARG  CG  0.806  32.275  -10.009  26.7
309  19  ARG  CD  -0.64  31.951  -9.594  43.9
310  19  ARG  NE  -1.276  33.049  -8.831  8.34
311  19  ARG  CZ  -2.025  32.976  -7.743  9.45
312  19  ARG  NH1  -2.278  31.835  -7.139  38.44
313  19  ARG  NH2  -2.539  34.072  -7.244  117.53
314  19  ARG  H  1.691  35.579  -12.598  8.76
315  19  ARG  HA  2.921  33.662  -11.112  4.52
316  19  ARG  HB2  0.923  34.326  -9.915  1.75
317  19  ARG  HB3  0.094  33.813  -11.152  1.82
318  19  ARG  HG2  1.094  31.605  -10.649  1.66
319  19  ARG  HG3  1.391  32.231  -9.236  1.66
320  19  ARG  HD2  -1.159  31.791  -10.398  3.18
321  19  ARG  HD3  -0.627  31.128  -9.081  3.18
322  19  ARG  HE  -1.195  33.851  -9.132  4.12
323  19  ARG  HH11  -1.94  31.115  -7.465  3.04
324  19  ARG  HH12  -2.762  31.81  -6.429  41.39
325  19  ARG  HH21  -2.391  34.816  -7.65  6.98
326  19  ARG  HH22  -3.032  34.071  -6.539  6.98
327  20  ALA  N  2.96  32.357  -13.261  128.58
328  20  ALA  CA  2.844  31.462  -14.412  50.8
329  20  ALA  C  1.706  30.433  -14.203  172.65
330  20  ALA  O  1.399  30.098  -13.054  111.2
331  20  ALA  CB  4.191  30.765  -14.631  15.4
332  20  ALA  H  3.667  32.307  -12.773  8.45
333  20  ALA  HA  2.648  32.006  -15.191  3.44
334  20  ALA  HB1  4.881  31.425  -14.8  1.88
335  20  ALA  HB2  4.426  30.242  -13.848  119.02
336  20  ALA  HB3  4.131  30.17  -15.395  54.25
337  21  PRO  N  1.089  29.911  -15.283  6.74
338  21  PRO  CA  0.091  28.85  -15.217  63.3
339  21  PRO  C  0.523  27.66  -14.364  174.15
340  21  PRO  O  1.551  27.037  -14.631  54.65
341  21  PRO  CB  -0.209  28.446  -16.658  31
342  21  PRO  CG  0.088  29.726  -17.43  27.8
343  21  PRO  CD  1.262  30.329  -16.663  47.7
344  21  PRO  HA  -0.716  29.224  -14.831  4.25
345  21  PRO  HB2  0.391  27.742  -16.95  1.5
346  21  PRO  HB3  -1.136  28.175  -16.752  1.15
347  21  PRO  HG2  0.314  29.541  -18.355  0.96
348  21  PRO  HG3  -0.674  30.324  -17.381  1.39
349  21  PRO  HD2  2.1  29.972  -16.996  1.38
350  21  PRO  HD3  1.25  31.295  -16.75  1.27
351  22  THR  N  -0.273  27.366  -13.335  117.28
352  22  THR  CA  -0.067  26.233  -12.439  60.6
353  22  THR  C  -1.395  25.618  -11.995  171.75
354  22  THR  O  -2.467  26.172  -12.241  -0.3
355  22  THR  CB  0.835  26.641  -11.264  120.68
356  22  THR  OG1  1.319  25.47  -10.638  58.25
357  22  THR  CG2  0.152  27.541  -10.231  19.8
358  22  THR  H  -0.968  27.855  -13.202  8.59
359  22  THR  HA  0.409  25.546  -12.932  4.69
360  22  THR  HB  1.602  27.115  -11.621  3.96
361  22  THR  HG1  2.122  25.605  -10.432  63.6
362  22  THR  HG21  -0.595  27.079  -9.819  123.18
363  22  THR  HG22  0.788  27.786  -9.541  7.71
364  22  THR  HG23  -0.164  28.349  -10.666  4.04
365  23  ASP  N  -1.327  24.458  -11.344  123.68
366  23  ASP  CA  -2.5  23.73  -10.871  54.8
367  23  ASP  C  -3.064  24.372  -9.593  177.55
368  23  ASP  O  -2.321  24.76  -8.691  2.48
369  23  ASP  CB  -2.129  22.261  -10.633  42.3
370  23  ASP  CG  -3.365  21.362  -10.573  1.34
371  23  ASP  OD1  -3.698  20.756  -11.614  7.9
372  23  ASP  OD2  -3.94  21.181  -9.476  32.45
373  23  ASP  H  -0.543  24.213  -11.09  8.5
374  23  ASP  HA  -3.175  23.76  -11.567  4.79
375  23  ASP  HB2  -1.567  21.954  -11.362  2.98
376  23  ASP  HB3  -1.619  22.178  -9.812  2.98
377  24  SER  N  -4.39  24.448  -9.497  122.78
378  24  SER  CA  -5.129  24.926  -8.323  58.7
379  24  SER  C  -5.12  23.968  -7.123  175.25
380  24  SER  O  -5.731  24.277  -6.099  56.35
381  24  SER  CB  -6.58  25.141  -8.745  66.1
382  24  SER  OG  -7.131  23.908  -9.162  123.31
383  24  SER  H  -4.862  24.185  -10.166  8.84
384  24  SER  HA  -4.759  25.775  -8.036  4.02
385  24  SER  HB2  -7.1  25.503  -8.01  3.53
386  24  SER  HB3  -6.608  25.766  -9.486  3.53
387  24  SER  HG  -7.731  24.114  -9.712  3.99
388  25  GLY  N  -4.527  22.775  -7.256  110.78
389  25  GLY  CA  -4.717  21.647  -6.345  45.1
390  25  GLY  C  -5.976  20.83  -6.67  174.05
391  25  GLY  O  -6.232  19.83  -6.006  65.91
392  25  GLY  H  -4.182  22.57  -8.016  8.87
393  25  GLY  HA2  -3.948  21.059  -6.406  4.49
394  25  GLY  HA3  -4.786  21.967  -5.432  3.74
395  26  HSE  N  -6.758  21.257  -7.674  117.64
396  26  HSE  CA  -8.111  20.778  -7.97  54.4
397  26  HSE  C  -8.311  20.478  -9.473  173.85
398  26  HSE  O  -9.441  20.498  -9.955  174.47
399  26  HSE  CB  -9.135  21.798  -7.428  26.6
400  26  HSE  CG  -8.996  22.118  -5.955  116.09
401  26  HSE  ND1  -8.131  23.032  -5.385  60.38
402  26  HSE  CD2  -9.727  21.558  -4.941  179.67
403  26  HSE  CE1  -8.346  23.019  -4.059  2.48
404  26  HSE  NE2  -9.309  22.141  -3.741  28.52
405  26  HSE  H  -6.468  22.096  -8.164  8.05
406  26  HSE  HA  -8.276  19.838  -7.443  5.01
407  26  HSE  HB2  -9.067  22.726  -7.993  3.39
408  26  HSE  HB3  -10.138  21.4  -7.591  2.92
409  26  HSE  HD1  -7.397  23.577  -5.842  115.98
410  26  HSE  HD2  -10.49  20.802  -5.05  54.35
411  26  HSE  HE1  -7.808  23.623  -3.341  8.79
412  27  ASP  N  -7.221  20.235  -10.223  116.58
413  27  ASP  CA  -7.209  19.861  -11.659  56.2
414  27  ASP  C  -7.634  21.001  -12.606  175.35
415  27  ASP  O  -7.824  20.811  -13.815  9.83
416  27  ASP  CB  -7.999  18.558  -11.903  38.6
417  27  ASP  CG  -7.6  17.441  -10.934  4.3
418  27  ASP  OD1  -8.491  16.917  -10.233  1.73
419  27  ASP  OD2  -6.382  17.147  -10.876  1.73
420  27  ASP  H  -6.462  20.311  -9.825  9.38
421  27  ASP  HA  -6.288  19.67  -11.897  4.48
422  27  ASP  HB2  -8.95  18.731  -11.827  3.03
423  27  ASP  HB3  -7.831  18.253  -12.808  2.82
424  28  THR  N  -7.767  22.207  -12.052  105.48
425  28  THR  CA  -7.947  23.471  -12.763  59.3
426  28  THR  C  -6.626  24.254  -12.745  172.05
427  28  THR  O  -5.725  23.989  -11.947  4.98
428  28  THR  CB  -9.108  24.291  -12.167  72.2
429  28  THR  OG1  -8.828  24.667  -10.842  7.85
430  28  THR  CG2  -10.434  23.525  -12.125  22.5
431  28  THR  H  -7.605  22.255  -11.209  7.1
432  28  THR  HA  -8.163  23.287  -13.69  4.88
433  28  THR  HB  -9.227  25.093  -12.699  4.24
434  28  THR  HG1  -9.234  25.388  -10.695  4.36
435  28  THR  HG21  -10.35  22.734  -11.57  4.07
436  28  THR  HG22  -11.123  24.092  -11.745  8.63
437  28  THR  HG23  -10.695  23.262  -13.022  4.14
438  29  VAL  N  -6.506  25.221  -13.651  121.98
439  29  VAL  CA  -5.275  25.919  -14.016  61.2
440  29  VAL  C  -5.435  27.394  -13.675  175.05
441  29  VAL  O  -6.209  28.109  -14.318  115.3
442  29  VAL  CB  -4.932  25.722  -15.507  32.9
443  29  VAL  CG1  -3.53  26.272  -15.806  21.4
444  29  VAL  CG2  -4.969  24.241  -15.9  20.4
445  29  VAL  H  -7.185  25.386  -14.152  9.21
446  29  VAL  HA  -4.542  25.547  -13.5  4.4
447  29  VAL  HB  -5.576  26.192  -16.059  1.17
448  29  VAL  HG11  -3.501  27.226  -15.635  7.33
449  29  VAL  HG12  -2.872  25.828  -15.248  7.86
450  29  VAL  HG13  -3.309  26.117  -16.738  7.66
451  29  VAL  HG21  -4.379  23.736  -15.318  3.94
452  29  VAL  HG22  -5.868  23.887  -15.817  4.28
453  29  VAL  HG23  -4.693  24.14  -16.824  3.84
454  30  VAL  N  -4.715  27.834  -12.642  117.78
455  30  VAL  CA  -4.645  29.233  -12.214  58.2
456  30  VAL  C  -3.42  29.906  -12.826  174.45
457  30  VAL  O  -2.359  29.291  -12.947  120.09
458  30  VAL  CB  -4.616  29.37  -10.676  35.1
459  30  VAL  CG1  -5.938  28.91  -10.06  22.5
460  30  VAL  CG2  -3.469  28.614  -9.989  17.8
461  30  VAL  H  -4.132  27.29  -12.32  8.56
462  30  VAL  HA  -5.434  29.697  -12.534  5.21
463  30  VAL  HB  -4.512  30.311  -10.466  2
464  30  VAL  HG11  -6.106  27.98  -10.279  173.87
465  30  VAL  HG12  -5.917  29.012  -9.096  109.94
466  30  VAL  HG13  -6.662  29.453  -10.409  32.45
467  30  VAL  HG21  -3.498  28.773  -9.033  36.25
468  30  VAL  HG22  -3.546  27.66  -10.147  3.95
469  30  VAL  HG23  -2.615  28.926  -10.327  3.93
470  31  MET  N  -3.541  31.188  -13.17  115.58
471  31  MET  CA  -2.407  32.037  -13.538  54.3
472  31  MET  C  -2.703  33.494  -13.179  172.05
473  31  MET  O  -3.839  33.857  -12.858  2.41
474  31  MET  CB  -2.079  31.88  -15.035  34.6
475  31  MET  CG  -3.104  32.586  -15.919  30
476  31  MET  SD  -3.356  31.888  -17.564  4.06
477  31  MET  CE  -4.306  30.419  -17.079  3.9
478  31  MET  H  -4.306  31.569  -13.076  8.05
479  31  MET  HA  -1.629  31.756  -13.031  4.36
480  31  MET  HB2  -1.195  32.234  -15.221  2.36
481  31  MET  HB3  -2.078  30.936  -15.258  1.63
482  31  MET  HG2  -3.955  32.523  -15.457  2.56
483  31  MET  HG3  -2.867  33.523  -16.001  2.13
484  31  MET  HE1  -3.772  29.849  -16.504  1.94
485  31  MET  HE2  -5.109  30.689  -16.607  118.33
486  31  MET  HE3  -4.554  29.919  -17.872  57.65
487  32  GLU  N  -1.676  34.337  -13.251  118.08
488  32  GLU  CA  -1.813  35.748  -12.927  54.5
489  32  GLU  C  -0.803  36.604  -13.697  30.2
490  32  GLU  O  0.345  36.2  -13.895  1.59
491  32  GLU  CB  -1.643  35.905  -11.412  36.9
492  32  GLU  CG  -2.363  37.132  -10.873  34.4
493  32  GLU  CD  -2.121  37.298  -9.376  7.91
494  32  GLU  OE1  -2.079  36.267  -8.658  0.81
495  32  GLU  OE2  -1.968  38.478  -8.99  26.85
496  32  GLU  H  -0.894  34.045  -13.456  9.56
497  32  GLU  HA  -2.712  36.017  -13.171  5.73
498  32  GLU  HB2  -2.011  35.127  -10.965  2.28
499  32  GLU  HB3  -0.7  35.976  -11.195  2.28
500  32  GLU  HG2  -2.049  37.913  -11.356  2.03
501  32  GLU  HG3  -3.317  37.042  -11.025  1.98
502  33  VAL  N  -1.204  37.812  -14.1  120.08
503  33  VAL  CA  -0.363  38.73  -14.882  59.3
504  33  VAL  C  -0.307  40.144  -14.308  173.45
505  33  VAL  O  -1.121  40.533  -13.464  1.79
506  33  VAL  CB  -0.765  38.737  -16.369  34.7
507  33  VAL  CG1  -0.477  37.37  -16.996  23.3
508  33  VAL  CG2  -2.23  39.13  -16.586  18.2
509  33  VAL  H  -2.031  38.016  -13.983  9.17
510  33  VAL  HA  0.551  38.407  -14.855  5.24
511  33  VAL  HB  -0.215  39.387  -16.834  2.5
512  33  VAL  HG11  0.425  37.088  -16.777  36.17
513  33  VAL  HG12  -1.106  36.707  -16.672  103.61
514  33  VAL  HG13  -0.537  37.432  -17.962  45.24
515  33  VAL  HG21  -2.422  39.972  -16.145  117.08
516  33  VAL  HG22  -2.402  39.234  -17.535  60.15
517  33  VAL  HG23  -2.816  38.439  -16.238  174.67
518  34  ALA  N  0.683  40.899  -14.786  123.48
519  34  ALA  CA  0.862  42.333  -14.612  50.1
520  34  ALA  C  1.163  42.962  -15.983  175.65
521  34  ALA  O  1.787  42.33  -16.842  9.11
522  34  ALA  CB  1.978  42.581  -13.592  5.05
523  34  ALA  H  1.233  40.517  -15.326  9.07
524  34  ALA  HA  0.041  42.721  -14.272  4.79
525  34  ALA  HB1  2.789  42.125  -13.867  175.08
526  34  ALA  HB2  2.158  43.531  -13.52  117.98
527  34  ALA  HB3  1.708  42.242  -12.724  53.25
528  35  PHE  N  0.672  44.186  -16.208  119.68
529  35  PHE  CA  0.396  44.701  -17.549  56.2
530  35  PHE  C  0.733  46.191  -17.696  33.65
531  35  PHE  O  0.278  47.016  -16.902  34.25
532  35  PHE  CB  -1.09  44.446  -17.824  44.9
533  35  PHE  CG  -1.582  44.988  -19.144  4.05
534  35  PHE  CD1  -1.104  44.439  -20.347  1.81
535  35  PHE  CD2  -2.518  46.038  -19.177  1.81
536  35  PHE  CE1  -1.557  44.938  -21.576  1.86
537  35  PHE  CE2  -2.945  46.549  -20.411  1.86
538  35  PHE  CZ  -2.454  46.016  -21.609  64.53
539  35  PHE  H  0.303  44.607  -15.555  8.68
540  35  PHE  HA  0.916  44.204  -18.2  5.21
541  35  PHE  HB2  -1.253  43.49  -17.807  2.87
542  35  PHE  HB3  -1.61  44.846  -17.11  2.56
543  35  PHE  HD1  -0.499  43.733  -20.335  7.19
544  35  PHE  HD2  -2.869  46.391  -18.392  7.19
545  35  PHE  HE1  -1.265  44.546  -22.367  7.29
546  35  PHE  HE2  -3.578  47.23  -20.445  7.29
547  35  PHE  HZ  -2.745  46.368  -22.419  7.46
548  36  SER  N  1.496  46.537  -18.74  119.58
549  36  SER  CA  2.009  47.895  -18.989  57.3
550  36  SER  C  1.115  48.777  -19.877  174.05
551  36  SER  O  1.461  49.932  -20.108  66.26
552  36  SER  CB  3.423  47.818  -19.582  63.7
553  36  SER  OG  4.287  47.148  -18.686  8.02
554  36  SER  H  1.759  45.905  -19.26  7.76
555  36  SER  HA  2.091  48.356  -18.139  4.5
556  36  SER  HB2  3.411  47.341  -20.427  3.98
557  36  SER  HB3  3.762  48.714  -19.736  3.51
558  36  SER  HG  4.02  46.356  -18.599  175.44
559  37  GLY  N  -0.024  48.273  -20.367  2.13
560  37  GLY  CA  -0.979  49.043  -21.174  44.8
561  37  GLY  C  -2.137  49.638  -20.357  172.25
562  37  GLY  O  -2.076  49.73  -19.127  2.5
563  37  GLY  H  -0.231  47.462  -20.168  4.32
564  37  GLY  HA2  -0.521  49.775  -21.616  4.23
565  37  GLY  HA3  -1.343  48.473  -21.869  3.02
566  38  THR  N  -3.203  50.041  -21.061  117.38
567  38  THR  CA  -4.421  50.695  -20.551  64.4
568  38  THR  C  -5.039  50.027  -19.321  173.05
569  38  THR  O  -5.102  48.804  -19.22  38.94
570  38  THR  CB  -5.504  50.756  -21.654  69.5
571  38  THR  OG1  -5.28  49.799  -22.672  61.19
572  38  THR  CG2  -5.551  52.129  -22.323  175.64
573  38  THR  H  -3.238  49.875  -21.904  8.48
574  38  THR  HA  -4.181  51.601  -20.3  4.08
575  38  THR  HB  -6.375  50.59  -21.261  4.02
576  38  THR  HG1  -5.951  49.8  -23.177  1.44
577  38  THR  HG21  -4.7  52.324  -22.745  8.23
578  38  THR  HG22  -6.251  52.141  -22.994  4.61
579  38  THR  HG23  -5.748  52.811  -21.662  7.83
580  39  LYS  N  -5.578  50.852  -18.414  126.78
581  39  LYS  CA  -6.404  50.432  -17.278  53.7
582  39  LYS  C  -7.766  51.139  -17.39  173.25
583  39  LYS  O  -7.778  52.37  -17.404  7.99
584  39  LYS  CB  -5.721  50.753  -15.931  33.5
585  39  LYS  CG  -4.285  50.224  -15.763  24.9
586  39  LYS  CD  -4.165  48.697  -15.89  117.78
587  39  LYS  CE  -2.734  48.188  -15.676  120.95
588  39  LYS  NZ  -1.749  48.824  -16.585  65.03
589  39  LYS  H  -5.524  51.699  -18.552  8.53
590  39  LYS  HA  -6.528  49.471  -17.325  4.17
591  39  LYS  HB2  -5.694  51.716  -15.815  1.58
592  39  LYS  HB3  -6.268  50.389  -15.217  1.38
593  39  LYS  HG2  -3.718  50.654  -16.422  1.6
594  39  LYS  HG3  -3.969  50.485  -14.884  1.6
595  39  LYS  HD2  -4.741  48.276  -15.233  1.91
596  39  LYS  HD3  -4.461  48.409  -16.768  2.46
597  39  LYS  HE2  -2.479  48.343  -14.753  2.2
598  39  LYS  HE3  -2.735  47.229  -15.822  174.17
599  39  LYS  HZ1  -1.064  48.275  -16.732  3.62
600  39  LYS  HZ2  -2.099  49.031  -17.377  8.77
601  39  LYS  HZ3  -1.441  49.586  -16.243  119.47
602  40  PRO  N  -8.896  50.413  -17.48  57.83
603  40  PRO  CA  -9.016  48.955  -17.472  61.6
604  40  PRO  C  -8.711  48.325  -18.844  175.65
605  40  PRO  O  -8.687  49.02  -19.861  41.94
606  40  PRO  CB  -10.486  48.723  -17.124  35.4
607  40  PRO  CG  -11.193  49.866  -17.852  24.3
608  40  PRO  CD  -10.207  51.022  -17.677  50.4
609  40  PRO  HA  -8.457  48.554  -16.788  4.97
610  40  PRO  HB2  -10.792  47.857  -17.436  2.32
611  40  PRO  HB3  -10.62  48.808  -16.167  1.55
612  40  PRO  HG2  -11.284  49.651  -18.793  1.55
613  40  PRO  HG3  -12.06  50.064  -17.464  1.82
614  40  PRO  HD2  -10.21  51.584  -18.468  3.49
615  40  PRO  HD3  -10.446  51.544  -16.895  3.45
616  41  CYS  N  -8.583  46.994  -18.881  9.16
617  41  CYS  CA  -8.778  46.203  -20.1  54.9
618  41  CYS  C  -9.153  44.739  -19.791  171.75
619  41  CYS  O  -8.952  44.255  -18.674  8.23
620  41  CYS  CB  -7.518  46.3  -20.974  43.6
621  41  CYS  SG  -6.02  45.62  -20.23  65.59
622  41  CYS  H  -8.497  46.567  -18.139  8.6
623  41  CYS  HA  -9.513  46.595  -20.597  4.97
624  41  CYS  HB2  -7.68  45.856  -21.821  3.33
625  41  CYS  HB3  -7.351  47.235  -21.169  2.98
626  42  ARG  N  -9.692  44.029  -20.79  121.22
627  42  ARG  CA  -9.951  42.581  -20.804  55.55
628  42  ARG  C  -8.736  41.823  -21.329  174.45
629  42  ARG  O  -8.216  42.134  -22.4  8.16
630  42  ARG  CB  -11.212  42.295  -21.634  31.5
631  42  ARG  CG  -11.293  40.848  -22.165  27.5
632  42  ARG  CD  -12.69  40.423  -22.636  1.68
633  42  ARG  NE  -13.522  41.555  -23.086  9.27
634  42  ARG  CZ  -14.829  41.686  -22.916  7.95
635  42  ARG  NH1  -15.616  40.724  -22.508  3.93
636  42  ARG  NH2  -15.403  42.841  -23.101  2.15
637  42  ARG  H  -9.827  44.461  -21.522  9.22
638  42  ARG  HA  -10.112  42.267  -19.9  4.47
639  42  ARG  HB2  -11.981  42.479  -21.073  1.89
640  42  ARG  HB3  -11.237  42.896  -22.395  1.89
641  42  ARG  HG2  -10.674  40.751  -22.906  1.52
642  42  ARG  HG3  -11.021  40.229  -21.469  1.52
643  42  ARG  HD2  -12.605  39.766  -23.345  3.1
644  42  ARG  HD3  -13.115  39.996  -21.876  3.1
645  42  ARG  HE  -13.116  42.257  -23.373  28.99
646  42  ARG  HH11  -15.305  39.965  -22.249  17.43
647  42  ARG  HH12  -16.425  40.941  -22.312  8.91
648  42  ARG  HH21  -14.902  43.534  -23.189  4.36
649  42  ARG  HH22  -16.234  42.898  -22.887  7.32
650  43  ILE  N  -8.305  40.815  -20.57  128.18
651  43  ILE  CA  -7.105  40.036  -20.865  60.6
652  43  ILE  C  -7.36  39.132  -22.089  173.85
653  43  ILE  O  -8.251  38.281  -22.021  1.36
654  43  ILE  CB  -6.65  39.224  -19.63  39.6
655  43  ILE  CG1  -6.486  40.159  -18.407  28.3
656  43  ILE  CG2  -5.329  38.503  -19.949  16.6
657  43  ILE  CD  -5.986  39.472  -17.134  58.36
658  43  ILE  H  -8.788  40.579  -19.899  8.5
659  43  ILE  HA  -6.398  40.671  -21.061  3.59
660  43  ILE  HB  -7.321  38.556  -19.42  1.47
661  43  ILE  HG12  -5.881  40.884  -18.627  0.74
662  43  ILE  HG13  -7.349  40.546  -18.192  1.55
663  43  ILE  HG21  -4.636  39.155  -20.134  8.88
664  43  ILE  HG22  -5.051  37.956  -19.198  4.94
665  43  ILE  HG23  -5.431  37.912  -20.711  3.24
666  43  ILE  HD11  -6.496  38.524  -16.984  2.62
667  43  ILE  HD12  -4.916  39.294  -17.205  8.84
668  43  ILE  HD13  -6.185  40.122  -16.284  8.55
669  44  PRO  N  -6.596  39.271  -23.195  1.66
670  44  PRO  CA  -6.649  38.385  -24.36  61.9
671  44  PRO  C  -6.019  37.022  -24.02  173.75
672  44  PRO  O  -4.928  36.673  -24.485  8.21
673  44  PRO  CB  -5.922  39.152  -25.476  29.2
674  44  PRO  CG  -4.878  39.957  -24.712  26.6
675  44  PRO  CD  -5.601  40.306  -23.418  3.13
676  44  PRO  HA  -7.57  38.24  -24.628  4.75
677  44  PRO  HB2  -5.522  38.567  -26.138  2.04
678  44  PRO  HB3  -6.544  39.762  -25.903  2.18
679  44  PRO  HG2  -4.116  39.397  -24.495  1.99
680  44  PRO  HG3  -4.595  40.748  -25.197  2.19
681  44  PRO  HD2  -4.962  40.335  -22.689  3.38
682  44  PRO  HD3  -6.053  41.157  -23.526  3.38
683  45  VAL  N  -6.7  36.272  -23.149  123.88
684  45  VAL  CA  -6.309  34.929  -22.72  58.8
685  45  VAL  C  -6.696  33.883  -23.768  173.15
686  45  VAL  O  -7.679  34.054  -24.488  0.97
687  45  VAL  CB  -6.919  34.6  -21.334  33.5
688  45  VAL  CG1  -8.206  33.758  -21.348  19.6
689  45  VAL  CG2  -5.873  33.864  -20.49  22.1
690  45  VAL  H  -7.425  36.615  -22.838  7.85
691  45  VAL  HA  -5.343  34.931  -22.637  5.27
692  45  VAL  HB  -7.122  35.432  -20.878  1.75
693  45  VAL  HG11  -8.558  33.696  -20.446  7.1
694  45  VAL  HG12  -8.872  34.174  -21.917  17.91
695  45  VAL  HG13  -8.027  32.86  -21.67  53.75
696  45  VAL  HG21  -5.149  34.477  -20.288  114.8
697  45  VAL  HG22  -6.269  33.568  -19.656  58.37
698  45  VAL  HG23  -5.517  33.095  -20.962  30.85
699  46  ARG  N  -5.945  32.777  -23.803  124.88
700  46  ARG  CA  -6.294  31.514  -24.477  54.8
701  46  ARG  C  -5.338  30.412  -24.021  172.45
702  46  ARG  O  -4.209  30.698  -23.621  4.95
703  46  ARG  CB  -6.259  31.667  -26.021  33.3
704  46  ARG  CG  -4.912  32.203  -26.524  26.6
705  46  ARG  CD  -4.845  32.607  -27.999  43.5
706  46  ARG  NE  -3.739  33.568  -28.17  2.6
707  46  ARG  CZ  -2.744  33.597  -29.044  7.47
708  46  ARG  NH1  -2.618  32.736  -30.028  4.14
709  46  ARG  NH2  -1.849  34.548  -28.916  2.21
710  46  ARG  H  -5.227  32.777  -23.329  9.08
711  46  ARG  HA  -7.193  31.26  -24.217  4.73
712  46  ARG  HB2  -6.431  30.807  -26.437  1.72
713  46  ARG  HB3  -6.965  32.273  -26.296  1.88
714  46  ARG  HG2  -4.696  32.995  -26.007  1.63
715  46  ARG  HG3  -4.234  31.528  -26.365  1.27
716  46  ARG  HD2  -4.725  31.816  -28.548  2.99
717  46  ARG  HD3  -5.675  33.041  -28.249  2.99
718  46  ARG  HE  -3.714  34.204  -27.591  4.34
719  46  ARG  HH11  -3.187  32.098  -30.118  8.61
720  46  ARG  HH12  -1.927  32.779  -30.538  1.83
721  46  ARG  HH21  -1.818  35.037  -28.209  1.26
722  46  ARG  HH22  -1.196  34.688  -29.457  114.11
723  47  ALA  N  -5.748  29.157  -24.162  120.68
724  47  ALA  CA  -4.9  27.983  -24.014  51.8
725  47  ALA  C  -4.975  27.161  -25.294  174.85
726  47  ALA  O  -6.053  26.701  -25.642  41.57
727  47  ALA  CB  -5.362  27.178  -22.804  24.3
728  47  ALA  H  -6.563  29.023  -24.402  8.78
729  47  ALA  HA  -3.976  28.247  -23.879  5.67
730  47  ALA  HB1  -5.28  27.714  -22  113.23
731  47  ALA  HB2  -6.285  26.903  -22.916  61.55
732  47  ALA  HB3  -4.807  26.386  -22.731  173.67
733  48  VAL  N  -3.865  27.003  -26.018  112.88
734  48  VAL  CA  -3.876  26.407  -27.358  58.7
735  48  VAL  C  -3.123  25.077  -27.353  174.35
736  48  VAL  O  -1.951  25.008  -26.982  7.24
737  48  VAL  CB  -3.462  27.416  -28.45  64.2
738  48  VAL  CG1  -4.275  28.717  -28.317  21.1
739  48  VAL  CG2  -1.976  27.785  -28.461  19.9
740  48  VAL  H  -3.128  27.342  -25.733  9.11
741  48  VAL  HA  -4.794  26.183  -27.576  5.23
742  48  VAL  HB  -3.678  27.019  -29.308  2.46
743  48  VAL  HG11  -4.038  29.185  -27.501  119.31
744  48  VAL  HG12  -4.095  29.299  -29.072  113.67
745  48  VAL  HG13  -5.223  28.511  -28.306  59.57
746  48  VAL  HG21  -1.72  28.178  -27.612  173.79
747  48  VAL  HG22  -1.441  26.994  -28.633  2.36
748  48  VAL  HG23  -1.811  28.425  -29.171  63.97
749  49  ALA  N  -3.843  23.993  -27.647  127.18
750  49  ALA  CA  -3.346  22.629  -27.485  51.2
751  49  ALA  C  -2.245  22.265  -28.501  178.95
752  49  ALA  O  -2.187  22.8  -29.613  8.18
753  49  ALA  CB  -4.535  21.666  -27.574  19.7
754  49  ALA  H  -4.657  24.103  -27.901  9.52
755  49  ALA  HA  -2.97  22.547  -26.595  4.96
756  49  ALA  HB1  -4.967  21.745  -28.439  121.07
757  49  ALA  HB2  -4.229  20.754  -27.45  50.02
758  49  ALA  HB3  -5.172  21.875  -26.873  118.68
759  50  HSE  N  -1.399  21.301  -28.116  52.25
760  50  HSE  CA  -0.294  20.751  -28.904  58.7
761  50  HSE  C  -0.694  20.365  -30.341  176.85
762  50  HSE  O  -1.263  19.3  -30.577  31.15
763  50  HSE  CB  0.297  19.559  -28.142  29.8
764  50  HSE  CG  1.61  19.073  -28.693  42.55
765  50  HSE  ND1  2.849  19.428  -28.213  7.24
766  50  HSE  CD2  1.794  18.188  -29.721  4.11
767  50  HSE  CE1  3.767  18.768  -28.938  2.39
768  50  HSE  NE2  3.173  18.004  -29.871  2.19
769  50  HSE  H  -1.46  20.981  -27.152  8.55
770  50  HSE  HA  0.483  21.514  -28.96  4.11
771  50  HSE  HB2  0.474  19.87  -27.118  2.99
772  50  HSE  HB3  -0.418  18.736  -28.123  3.06
773  50  HSE  HD1  3.022  20.059  -27.412  177.69
774  50  HSE  HD2  1.016  17.711  -30.3  178.07
775  50  HSE  HE1  4.836  18.829  -28.788  32.26
776  51  GLY  N  -0.379  21.242  -31.302  111.08
777  51  GLY  CA  -0.614  21.048  -32.734  44.9
778  51  GLY  C  -1.644  21.997  -33.361  173.45
779  51  GLY  O  -1.737  22.026  -34.585  4.34
780  51  GLY  H  -0.019  21.981  -31.048  8.6
781  51  GLY  HA2  0.225  21.167  -33.206  4.04
782  51  GLY  HA3  -0.913  20.14  -32.901  3.71
783  52  ALA  N  -2.388  22.782  -32.568  122.58
784  52  ALA  CA  -3.421  23.696  -33.068  49.9
785  52  ALA  C  -3.355  25.069  -32.366  174.55
786  52  ALA  O  -4.165  25.345  -31.475  109.98
787  52  ALA  CB  -4.789  23.012  -32.935  19
788  52  ALA  H  -2.298  22.714  -31.715  7.81
789  52  ALA  HA  -3.286  23.847  -34.017  5.04
790  52  ALA  HB1  -4.975  22.819  -32.003  3.98
791  52  ALA  HB2  -5.479  23.596  -33.285  29.79
792  52  ALA  HB3  -4.791  22.184  -33.441  2.27
793  53  PRO  N  -2.412  25.955  -32.757  7.43
794  53  PRO  CA  -2.168  27.231  -32.076  64.4
795  53  PRO  C  -3.311  28.252  -32.218  176.25
796  53  PRO  O  -3.327  29.269  -31.524  1.6
797  53  PRO  CB  -0.858  27.761  -32.668  32.1
798  53  PRO  CG  -0.854  27.178  -34.08  26.8
799  53  PRO  CD  -1.502  25.808  -33.886  4.17
800  53  PRO  HA  -2.034  27.059  -31.131  4.31
801  53  PRO  HB2  -0.82  28.73  -32.679  2.05
802  53  PRO  HB3  -0.109  27.4  -32.169  2.31
803  53  PRO  HG2  -1.41  27.723  -34.659  2.04
804  53  PRO  HG3  0.044  27.106  -34.438  1.92
805  53  PRO  HD2  -1.973  25.555  -34.695  3.7
806  53  PRO  HD3  -0.823  25.149  -33.673  3.43
807  54  ASP  N  -4.265  27.98  -33.109  116.18
808  54  ASP  CA  -5.47  28.758  -33.383  54.6
809  54  ASP  C  -6.596  28.52  -32.36  175.45
810  54  ASP  O  -7.445  29.391  -32.176  61.52
811  54  ASP  CB  -5.991  28.348  -34.775  40.8
812  54  ASP  CG  -4.876  28.198  -35.816  8.31
813  54  ASP  OD1  -4.724  29.12  -36.645  4.75
814  54  ASP  OD2  -4.172  27.16  -35.734  2.83
815  54  ASP  H  -4.101  27.36  -33.682  8.61
816  54  ASP  HA  -5.248  29.702  -33.393  4.67
817  54  ASP  HB2  -6.445  27.494  -34.7  2.65
818  54  ASP  HB3  -6.641  29.003  -35.075  2.78
819  55  VAL  N  -6.637  27.338  -31.724  120.28
820  55  VAL  CA  -7.82  26.85  -30.996  61.9
821  55  VAL  C  -7.636  27.003  -29.492  174.45
822  55  VAL  O  -6.891  26.243  -28.877  9.58
823  55  VAL  CB  -8.154  25.385  -31.355  34
824  55  VAL  CG1  -9.415  24.908  -30.612  20.7
825  55  VAL  CG2  -8.41  25.218  -32.859  20.7
826  55  VAL  H  -5.972  26.802  -31.822  7.11
827  55  VAL  HA  -8.586  27.384  -31.257  4.24
828  55  VAL  HB  -7.411  24.813  -31.107  2.03
829  55  VAL  HG11  -9.635  24.002  -30.879  43.25
830  55  VAL  HG12  -9.266  24.906  -29.654  27.95
831  55  VAL  HG13  -10.164  25.491  -30.813  25.55
832  55  VAL  HG21  -7.607  25.431  -33.36  22.75
833  55  VAL  HG22  -8.653  24.299  -33.05  8.95
834  55  VAL  HG23  -9.128  25.805  -33.143  4.83
835  56  ASP  N  -8.351  27.96  -28.895  127.88
836  56  ASP  CA  -8.504  28.028  -27.445  53.7
837  56  ASP  C  -9.305  26.827  -26.908  177.75
838  56  ASP  O  -10.445  26.596  -27.315  31.97
839  56  ASP  CB  -9.159  29.354  -27.025  41.1
840  56  ASP  CG  -9.074  29.586  -25.511  1.57
841  56  ASP  OD1  -8.384  28.793  -24.825  4.32
842  56  ASP  OD2  -9.638  30.596  -25.046  1.91
843  56  ASP  H  -8.841  28.474  -29.379  8.64
844  56  ASP  HA  -7.613  28.011  -27.062  5.34
845  56  ASP  HB2  -8.706  30.086  -27.473  2.92
846  56  ASP  HB3  -10.089  29.359  -27.302  2.67
847  57  VAL  N  -8.707  26.077  -25.977  120.28
848  57  VAL  CA  -9.307  24.956  -25.241  60
849  57  VAL  C  -9.641  25.31  -23.779  176.25
850  57  VAL  O  -10.081  24.437  -23.032  19.15
851  57  VAL  CB  -8.441  23.677  -25.342  32.2
852  57  VAL  CG1  -8.136  23.298  -26.8  21.4
853  57  VAL  CG2  -7.113  23.731  -24.576  17.5
854  57  VAL  H  -7.899  26.3  -25.785  9.3
855  57  VAL  HA  -10.155  24.744  -25.661  4.53
856  57  VAL  HB  -8.957  22.948  -24.964  2.44
857  57  VAL  HG11  -7.54  23.95  -27.202  61.36
858  57  VAL  HG12  -7.713  22.426  -26.829  177.04
859  57  VAL  HG13  -8.96  23.265  -27.311  2.01
860  57  VAL  HG21  -6.706  22.851  -24.588  62.94
861  57  VAL  HG22  -6.491  24.343  -24.999  53.05
862  57  VAL  HG23  -7.253  23.998  -23.654  175.37
863  58  ALA  N  -9.434  26.563  -23.348  124.48
864  58  ALA  CA  -9.715  27.025  -21.988  53.5
865  58  ALA  C  -11.22  27.11  -21.667  177.45
866  58  ALA  O  -11.928  27.974  -22.186  44.05
867  58  ALA  CB  -9.073  28.402  -21.791  18.6
868  58  ALA  H  -9.13  27.152  -23.896  8.43
869  58  ALA  HA  -9.303  26.408  -21.363  4.07
870  58  ALA  HB1  -8.117  28.352  -21.949  1.7
871  58  ALA  HB2  -9.461  29.042  -22.407  1.88
872  58  ALA  HB3  -9.24  28.708  -20.886  3.3
873  59  MET  N  -11.699  26.28  -20.732  123.78
874  59  MET  CA  -12.98  26.497  -20.051  53.9
875  59  MET  C  -12.751  27.304  -18.766  175.65
876  59  MET  O  -12.288  26.758  -17.767  173.77
877  59  MET  CB  -13.672  25.149  -19.784  32.4
878  59  MET  CG  -14.95  25.309  -18.947  31.8
879  59  MET  SD  -16.141  26.528  -19.573  60.62
880  59  MET  CE  -17.128  26.774  -18.074  8.79
881  59  MET  H  -11.183  25.666  -20.423  8.04
882  59  MET  HA  -13.563  27.013  -20.63  4.74
883  59  MET  HB2  -13.9  24.743  -20.635  2.09
884  59  MET  HB3  -13.064  24.557  -19.314  2.13
885  59  MET  HG2  -15.392  24.448  -18.889  2.44
886  59  MET  HG3  -14.695  25.567  -18.047  2.44
887  59  MET  HE1  -16.553  27.07  -17.351  117.99
888  59  MET  HE2  -17.803  27.451  -18.239  62.13
889  59  MET  HE3  -17.558  25.941  -17.825  179.06
890  60  LEU  N  -13.03  28.611  -18.789  3.28
891  60  LEU  CA  -12.809  29.508  -17.648  56.2
892  60  LEU  C  -13.658  29.113  -16.424  176.45
893  60  LEU  O  -14.868  28.927  -16.531  175.69
894  60  LEU  CB  -13.086  30.961  -18.059  41.1
895  60  LEU  CG  -12.152  31.481  -19.175  27.2
896  60  LEU  CD1  -12.97  32.049  -20.336  118.18
897  60  LEU  CD2  -11.219  32.57  -18.642  57.25
898  60  LEU  H  -13.358  28.938  -19.513  8.88
899  60  LEU  HA  -11.874  29.456  -17.395  4.21
900  60  LEU  HB2  -14.015  31.038  -18.327  1.77
901  60  LEU  HB3  -12.969  31.515  -17.271  1.5
902  60  LEU  HG  -11.602  30.76  -19.518  1.72
903  60  LEU  HD11  -13.507  32.797  -20.033  8.58
904  60  LEU  HD12  -12.375  32.342  -21.044  4.32
905  60  LEU  HD13  -13.553  31.359  -20.69  9.25
906  60  LEU  HD21  -10.688  32.93  -19.37  120.85
907  60  LEU  HD22  -11.745  33.281  -18.244  57.64
908  60  LEU  HD23  -10.628  32.196  -17.97  179.71
909  61  ILE  N  -13.009  29.004  -15.26  126.68
910  61  ILE  CA  -13.629  28.719  -13.956  61.3
911  61  ILE  C  -13.934  30.029  -13.219  177.35
912  61  ILE  O  -14.997  30.164  -12.616  174.97
913  61  ILE  CB  -12.707  27.812  -13.105  37.4
914  61  ILE  CG1  -12.292  26.509  -13.825  28.9
915  61  ILE  CG2  -13.321  27.481  -11.73  17.3
916  61  ILE  CD  -13.447  25.642  -14.344  3.2
917  61  ILE  H  -12.175  29.213  -15.263  8.68
918  61  ILE  HA  -14.472  28.26  -14.095  4.03
919  61  ILE  HB  -11.892  28.308  -12.931  1.52
920  61  ILE  HG12  -11.725  26.733  -14.579  1.38
921  61  ILE  HG13  -11.751  25.979  -13.219  1.38
922  61  ILE  HG21  -13.434  28.29  -11.207  119.43
923  61  ILE  HG22  -14.184  27.05  -11.832  58.9
924  61  ILE  HG23  -12.727  26.894  -11.237  4.96
925  61  ILE  HD11  -13.046  24.719  -14.762  120.87
926  61  ILE  HD12  -14.13  25.39  -13.533  59.95
927  61  ILE  HD13  -13.989  26.169  -15.129  180.05
928  62  THR  N  -13.019  31.006  -13.285  41.62
929  62  THR  CA  -13.286  32.392  -12.871  56.2
930  62  THR  C  -13.922  33.176  -14.042  173.75
931  62  THR  O  -13.848  32.709  -15.18  59.68
932  62  THR  CB  -11.981  33.021  -12.34  70.7
933  62  THR  OG1  -12.25  33.904  -11.276  64.45
934  62  THR  CG2  -11.154  33.783  -13.376  21.1
935  62  THR  H  -12.322  30.85  -13.764  7.49
936  62  THR  HA  -13.925  32.363  -12.141  4.69
937  62  THR  HB  -11.424  32.313  -11.98  4.39
938  62  THR  HG1  -12.386  33.446  -10.585  3.78
939  62  THR  HG21  -11.612  34.597  -13.639  8.62
940  62  THR  HG22  -10.307  34.031  -12.974  4.92
941  62  THR  HG23  -11.006  33.229  -14.158  116.92
942  63  PRO  N  -14.554  34.35  -13.829  66.84
943  63  PRO  CA  -15.126  35.148  -14.914  62.9
944  63  PRO  C  -14.122  35.58  -15.995  176.25
945  63  PRO  O  -12.91  35.566  -15.794  32.28
946  63  PRO  CB  -15.727  36.391  -14.246  32.3
947  63  PRO  CG  -16.016  35.923  -12.824  27.9
948  63  PRO  CD  -14.86  34.965  -12.547  2.21
949  63  PRO  HA  -15.836  34.632  -15.327  4.3
950  63  PRO  HB2  -15.075  37.108  -14.221  2.04
951  63  PRO  HB3  -16.534  36.685  -14.697  2.78
952  63  PRO  HG2  -16.032  36.663  -12.197  2.28
953  63  PRO  HG3  -16.855  35.436  -12.808  1.9
954  63  PRO  HD2  -14.09  35.469  -12.241  3.64
955  63  PRO  HD3  -15.126  34.309  -11.884  3.92
956  64  ASN  N  -14.678  36.087  -17.102  115.4
957  64  ASN  CA  -14.047  36.912  -18.133  53
958  64  ASN  C  -12.971  37.858  -17.534  171.35
959  64  ASN  O  -13.342  38.87  -16.927  4.33
960  64  ASN  CB  -15.211  37.651  -18.822  39.2
961  64  ASN  CG  -14.811  38.744  -19.796  175.67
962  64  ASN  OD1  -14.955  38.602  -21.002  2.16
963  64  ASN  ND2  -14.374  39.879  -19.285  113.55
964  64  ASN  H  -15.533  36.014  -17.154  8.75
965  64  ASN  HA  -13.635  36.329  -18.789  4.49
966  64  ASN  HB2  -15.751  37.005  -19.303  2.6
967  64  ASN  HB3  -15.773  38.063  -18.147  2.69
968  64  ASN  HD21  -14.197  39.884  -18.443  7.62
969  64  ASN  HD22  -14.243  40.577  -19.771  6.7
970  65  PRO  N  -11.666  37.541  -17.659  118.68
971  65  PRO  CA  -10.629  38.166  -16.847  64.2
972  65  PRO  C  -10.227  39.556  -17.351  176.85
973  65  PRO  O  -10.161  39.832  -18.553  7.52
974  65  PRO  CB  -9.456  37.185  -16.877  31.6
975  65  PRO  CG  -9.594  36.512  -18.241  27.9
976  65  PRO  CD  -11.108  36.415  -18.398  4.02
977  65  PRO  HA  -10.942  38.243  -15.932  4.5
978  65  PRO  HB2  -8.603  37.636  -16.776  2.14
979  65  PRO  HB3  -9.572  36.524  -16.177  2.14
980  65  PRO  HG2  -9.233  37.085  -18.935  1.88
981  65  PRO  HG3  -9.17  35.64  -18.261  1.88
982  65  PRO  HD2  -11.349  36.452  -19.337  176.1
983  65  PRO  HD3  -11.42  35.588  -17.999  1.88
984  66  THR  N  -9.904  40.431  -16.396  117.88
985  66  THR  CA  -9.581  41.842  -16.624  61
986  66  THR  C  -8.336  42.27  -15.85  7.11
987  66  THR  O  -7.965  41.664  -14.842  4.58
988  66  THR  CB  -10.784  42.751  -16.292  72.8
989  66  THR  OG1  -11.431  42.406  -15.082  53.85
990  66  THR  CG2  -11.842  42.654  -17.39  21.6
991  66  THR  H  -9.937  40.177  -15.575  8.59
992  66  THR  HA  -9.371  41.966  -17.563  4.95
993  66  THR  HB  -10.488  43.673  -16.238  4.08
994  66  THR  HG1  -11.02  42.755  -14.438  113.65
995  66  THR  HG21  -11.477  42.969  -18.232  59.6
996  66  THR  HG22  -12.159  41.742  -17.485  173.71
997  66  THR  HG23  -12.592  43.227  -17.166  2.13
998  67  MET  N  -7.694  43.333  -16.339  30.86
999  67  MET  CA  -6.561  44.008  -15.713  53.1
1000  67  MET  C  -6.972  45.454  -15.41  175.05
1001  67  MET  O  -7.558  46.141  -16.251  38.41
1002  67  MET  CB  -5.303  43.882  -16.595  30
1003  67  MET  CG  -4.079  43.539  -15.737  7.1
1004  67  MET  SD  -3.542  44.859  -14.616  4.33
1005  67  MET  CE  -2.931  43.874  -13.223  8.93
1006  67  MET  H  -8.014  43.7  -17.048  8.8
1007  67  MET  HA  -6.383  43.57  -14.866  5.06
1008  67  MET  HB2  -5.42  43.163  -17.235  2.21
1009  67  MET  HB3  -5.145  44.703  -17.087  1.88
1010  67  MET  HG2  -4.285  42.749  -15.214  2.15
1011  67  MET  HG3  -3.339  43.311  -16.322  119.16
1012  67  MET  HE1  -2.228  43.276  -13.523  128.61
1013  67  MET  HE2  -2.587  44.467  -12.537  49.99
1014  67  MET  HE3  -3.66  43.354  -12.851  176.67
1015  68  GLU  N  -6.757  45.867  -14.161  121.08
1016  68  GLU  CA  -7.448  46.976  -13.499  54.3
1017  68  GLU  C  -6.434  47.85  -12.734  175.95
1018  68  GLU  O  -5.265  47.495  -12.608  110.1
1019  68  GLU  CB  -8.513  46.379  -12.547  110.64
1020  68  GLU  CG  -9.691  45.679  -13.256  35.1
1021  68  GLU  CD  -10.193  44.433  -12.508  2.24
1022  68  GLU  OE1  -10.437  44.485  -11.28  1.56
1023  68  GLU  OE2  -10.373  43.381  -13.167  9.14
1024  68  GLU  H  -6.237  45.409  -13.652  8.24
1025  68  GLU  HA  -7.891  47.532  -14.159  4.69
1026  68  GLU  HB2  -8.074  45.737  -11.967  1.72
1027  68  GLU  HB3  -8.874  47.078  -11.98  1.72
1028  68  GLU  HG2  -10.417  46.314  -13.355  2.22
1029  68  GLU  HG3  -9.429  45.409  -14.15  2.35
1030  69  ASN  N  -6.879  48.997  -12.2  119.38
1031  69  ASN  CA  -6.074  49.822  -11.282  56.5
1032  69  ASN  C  -6.376  49.541  -9.792  119.41
1033  69  ASN  O  -5.712  50.083  -8.915  53.83
1034  69  ASN  CB  -6.221  51.308  -11.664  176.27
1035  69  ASN  CG  -7.641  51.849  -11.557  24.14
1036  69  ASN  OD1  -8.4  51.514  -10.662  42.7
1037  69  ASN  ND2  -8.062  52.691  -12.478  112.95
1038  69  ASN  H  -7.692  49.235  -12.351  9.42
1039  69  ASN  HA  -5.138  49.598  -11.403  4.73
1040  69  ASN  HB2  -5.656  51.836  -11.079  2.88
1041  69  ASN  HB3  -5.903  51.425  -12.573  2.36
1042  69  ASN  HD21  -7.558  52.973  -13.115  7.6
1043  69  ASN  HD22  -8.86  52.988  -12.355  6.86
1044  70  ASN  N  -7.356  48.671  -9.517  56.74
1045  70  ASN  CA  -7.863  48.306  -8.19  52.4
1046  70  ASN  C  -8.005  46.775  -8.062  174.55
1047  70  ASN  O  -9.003  46.259  -7.558  6.11
1048  70  ASN  CB  -9.148  49.112  -7.893  177.57
1049  70  ASN  CG  -10.275  48.932  -8.907  177.23
1050  70  ASN  OD1  -11.15  48.092  -8.772  45.91
1051  70  ASN  ND2  -10.308  49.71  -9.965  113.17
1052  70  ASN  H  -7.753  48.333  -10.201  4.39
1053  70  ASN  HA  -7.204  48.563  -7.526  4.9
1054  70  ASN  HB2  -9.484  48.858  -7.019  2.88
1055  70  ASN  HB3  -8.918  50.053  -7.85  2.88
1056  70  ASN  HD21  -9.724  50.329  -10.086  7.61
1057  70  ASN  HD22  -10.996  49.621  -10.474  6.99
1058  71  GLY  N  -7.008  46.04  -8.568  107.28
1059  71  GLY  CA  -6.968  44.578  -8.622  45.5
1060  71  GLY  C  -6.621  44.093  -10.03  172.65
1061  71  GLY  O  -5.926  44.777  -10.78  55.61
1062  71  GLY  H  -6.356  46.452  -8.947  7.48
1063  71  GLY  HA2  -6.29  44.259  -8.006  4.29
1064  71  GLY  HA3  -7.825  44.207  -8.359  4.1
1065  72  GLY  N  -7.124  42.909  -10.386  108.68
1066  72  GLY  CA  -7.055  42.375  -11.744  44.8
1067  72  GLY  C  -5.795  41.553  -12.034  174.95
1068  72  GLY  O  -4.884  41.416  -11.213  2.14
1069  72  GLY  H  -7.557  42.459  -9.795  8.47
1070  72  GLY  HA2  -7.832  41.814  -11.897  4.16
1071  72  GLY  HA3  -7.094  43.108  -12.378  4.97
1072  73  GLY  N  -5.764  40.981  -13.238  107.68
1073  73  GLY  CA  -4.677  40.132  -13.718  46.1
1074  73  GLY  C  -4.822  38.648  -13.371  173.05
1075  73  GLY  O  -4.03  37.867  -13.885  59.24
1076  73  GLY  H  -6.429  41.126  -13.763  8.84
1077  73  GLY  HA2  -4.606  40.212  -14.682  3.64
1078  73  GLY  HA3  -3.837  40.441  -13.344  4.63
1079  74  PHE  N  -5.783  38.249  -12.525  122.03
1080  74  PHE  CA  -5.984  36.856  -12.101  58.1
1081  74  PHE  C  -6.974  36.097  -12.99  174.55
1082  74  PHE  O  -7.963  36.664  -13.459  131.2
1083  74  PHE  CB  -6.437  36.804  -10.634  40
1084  74  PHE  CG  -6.597  35.376  -10.143  56.63
1085  74  PHE  CD1  -5.453  34.598  -9.88  179.04
1086  74  PHE  CD2  -7.875  34.786  -10.08  8.36
1087  74  PHE  CE1  -5.585  33.234  -9.564  19.06
1088  74  PHE  CE2  -8.006  33.422  -9.762  8.78
1089  74  PHE  CZ  -6.862  32.646  -9.506  3.61
1090  74  PHE  H  -6.325  38.845  -12.224  8.04
1091  74  PHE  HA  -5.139  36.384  -12.168  5.13
1092  74  PHE  HB2  -5.782  37.255  -10.079  3.1
1093  74  PHE  HB3  -7.28  37.275  -10.541  3.1
1094  74  PHE  HD1  -4.605  34.974  -9.939  7.29
1095  74  PHE  HD2  -8.635  35.284  -10.278  7.29
1096  74  PHE  HE1  -4.827  32.718  -9.409  7.19
1097  74  PHE  HE2  -8.847  33.026  -9.733  7.19
1098  74  PHE  HZ  -6.954  31.743  -9.306  65.83
1099  75  ILE  N  -6.689  34.804  -13.2  127.48
1100  75  ILE  CA  -7.407  33.915  -14.114  60
1101  75  ILE  C  -7.403  32.487  -13.538  172.15
1102  75  ILE  O  -6.367  32.013  -13.066  8.52
1103  75  ILE  CB  -6.722  33.923  -15.505  41.8
1104  75  ILE  CG1  -6.262  35.333  -15.957  27
1105  75  ILE  CG2  -7.61  33.222  -16.548  18.7
1106  75  ILE  CD  -5.602  35.408  -17.333  2.23
1107  75  ILE  H  -5.98  34.473  -12.844  8.04
1108  75  ILE  HA  -8.32  34.228  -14.216  4.36
1109  75  ILE  HB  -5.917  33.389  -15.42  1.28
1110  75  ILE  HG12  -7.017  35.942  -15.939  0.63
1111  75  ILE  HG13  -5.594  35.659  -15.334  1.49
1112  75  ILE  HG21  -7.132  33.15  -17.389  126.97
1113  75  ILE  HG22  -7.817  32.317  -16.268  57.8
1114  75  ILE  HG23  -8.434  33.716  -16.682  176.21
1115  75  ILE  HD11  -5.074  36.357  -17.418  7.51
1116  75  ILE  HD12  -4.886  34.595  -17.451  31.05
1117  75  ILE  HD13  -6.366  35.359  -18.107  27.97
1118  76  GLU  N  -8.525  31.77  -13.671  126.38
1119  76  GLU  CA  -8.604  30.316  -13.51  53.5
1120  76  GLU  C  -9.446  29.703  -14.634  175.35
1121  76  GLU  O  -10.523  30.214  -14.957  45.39
1122  76  GLU  CB  -9.173  29.935  -12.136  32.2
1123  76  GLU  CG  -9.014  28.422  -11.894  35.4
1124  76  GLU  CD  -9.525  27.956  -10.528  4.16
1125  76  GLU  OE1  -9.535  28.773  -9.582  1.76
1126  76  GLU  OE2  -9.872  26.753  -10.45  120.55
1127  76  GLU  H  -9.216  32.147  -14.018  8.21
1128  76  GLU  HA  -7.705  29.956  -13.569  5.32
1129  76  GLU  HB2  -8.694  30.427  -11.451  1.88
1130  76  GLU  HB3  -10.112  30.173  -12.092  1.88
1131  76  GLU  HG2  -9.497  27.934  -12.58  2.2
1132  76  GLU  HG3  -8.078  28.182  -11.978  2.2
1133  77  MET  N  -8.959  28.6  -15.207  7.71
1134  77  MET  CA  -9.57  27.846  -16.306  4.09
1135  77  MET  C  -9.32  26.336  -16.15  171.95
1136  77  MET  O  -8.464  25.93  -15.373  115
1137  77  MET  CB  -9.027  28.38  -17.648  58.64
1138  77  MET  CG  -7.491  28.462  -17.676  29.3
1139  77  MET  SD  -6.734  28.791  -19.292  58.82
1140  77  MET  CE  -7.221  30.516  -19.557  32.38
1141  77  MET  H  -8.21  28.295  -14.915  9.32
1142  77  MET  HA  -10.531  27.975  -16.288  5.4
1143  77  MET  HB2  -9.333  27.807  -18.368  1.58
1144  77  MET  HB3  -9.386  29.268  -17.801  1.93
1145  77  MET  HG2  -7.2  29.153  -17.061  2.09
1146  77  MET  HG3  -7.137  27.619  -17.352  1.8
1147  77  MET  HE1  -6.857  31.07  -18.849  2.38
1148  77  MET  HE2  -6.873  30.817  -20.411  8.25
1149  77  MET  HE3  -8.188  30.589  -19.564  4.2
1150  78  GLN  N  -10.03  25.493  -16.901  63.74
1151  78  GLN  CA  -9.768  24.057  -17.017  54.3
1152  78  GLN  C  -9.576  23.659  -18.483  120.27
1153  78  GLN  O  -10.113  24.29  -19.398  54.87
1154  78  GLN  CB  -10.867  23.256  -16.303  31.9
1155  78  GLN  CG  -10.503  21.765  -16.179  34.7
1156  78  GLN  CD  -11.289  21.065  -15.077  18.16
1157  78  GLN  OE1  -12.509  21.011  -15.09  119.81
1158  78  GLN  NE2  -10.608  20.51  -14.091  112.24
1159  78  GLN  H  -10.679  25.816  -17.364  9.26
1160  78  GLN  HA  -8.932  23.866  -16.563  4.95
1161  78  GLN  HB2  -10.969  23.625  -15.412  1.9
1162  78  GLN  HB3  -11.71  23.352  -16.773  2.1
1163  78  GLN  HG2  -10.681  21.316  -17.02  2.39
1164  78  GLN  HG3  -9.557  21.681  -15.981  2.39
1165  78  GLN  HE21  -9.749  20.541  -14.06  7.51
1166  78  GLN  HE22  -11.072  20.132  -13.473  6.78
1167  79  LEU  N  -8.73  22.646  -18.682  125.18
1168  79  LEU  CA  -8.101  22.285  -19.946  51.2
1169  79  LEU  C  -8.011  20.752  -20.08  172.75
1170  79  LEU  O  -7.973  20.059  -19.055  176.47
1171  79  LEU  CB  -6.668  22.856  -19.961  27.89
1172  79  LEU  CG  -6.513  24.379  -20.136  26.8
1173  79  LEU  CD1  -6.858  25.203  -18.887  24.8
1174  79  LEU  CD2  -5.043  24.633  -20.454  26.1
1175  79  LEU  H  -8.437  22.222  -17.993  8.63
1176  79  LEU  HA  -8.613  22.65  -20.685  4.9
1177  79  LEU  HB2  -6.213  22.589  -19.147  1.47
1178  79  LEU  HB3  -6.192  22.431  -20.692  1.3
1179  79  LEU  HG  -7.049  24.685  -20.884  1.13
1180  79  LEU  HD11  -6.231  25.934  -18.771  116.51
1181  79  LEU  HD12  -7.743  25.588  -18.99  55.85
1182  79  LEU  HD13  -6.828  24.651  -18.09  171.67
1183  79  LEU  HD21  -4.817  24.212  -21.298  117.95
1184  79  LEU  HD22  -4.884  25.587  -20.525  60.37
1185  79  LEU  HD23  -4.491  24.269  -19.744  177.28
1186  80  PRO  N  -7.877  20.223  -21.314  60.42
1187  80  PRO  CA  -7.614  18.81  -21.564  27.2
1188  80  PRO  C  -6.176  18.422  -21.143  176.85
1189  80  PRO  O  -5.224  19.098  -21.555  4.35
1190  80  PRO  CB  -7.834  18.62  -23.068  8.45
1191  80  PRO  CG  -7.496  19.985  -23.664  46.92
1192  80  PRO  CD  -7.949  20.956  -22.574  174.59
1193  80  PRO  HA  -8.27  18.277  -21.089  7.64
1194  80  PRO  HB2  -7.276  17.918  -23.438  129.71
1195  80  PRO  HB3  -8.77  18.424  -23.232  53.89
1196  80  PRO  HG2  -6.537  20.061  -23.79  174.97
1197  80  PRO  HG3  -7.962  20.142  -24.5  117.15
1198  80  PRO  HD2  -7.365  21.73  -22.569  57.39
1199  80  PRO  HD3  -8.864  21.231  -22.74  179.62
1200  81  PRO  N  -5.995  17.348  -20.341  25.1
1201  81  PRO  CA  -4.695  16.746  -20.032  63
1202  81  PRO  C  -3.815  16.532  -21.265  36.5
1203  81  PRO  O  -4.247  15.95  -22.26  37.82
1204  81  PRO  CB  -4.997  15.442  -19.288  32.1
1205  81  PRO  CG  -6.315  15.763  -18.592  27.7
1206  81  PRO  CD  -7.038  16.624  -19.625  50.1
1207  81  PRO  HA  -4.224  17.336  -19.423  3.85
1208  81  PRO  HB2  -5.13  14.715  -19.916  1.72
1209  81  PRO  HB3  -4.299  15.223  -18.651  2.05
1210  81  PRO  HG2  -6.817  14.961  -18.378  2.08
1211  81  PRO  HG3  -6.144  16.29  -17.796  1.91
1212  81  PRO  HD2  -7.522  16.056  -20.244  3.52
1213  81  PRO  HD3  -7.647  17.231  -19.175  3.52
1214  82  GLY  N  -2.582  17.04  -21.191  111.08
1215  82  GLY  CA  -1.679  17.178  -22.331  43.6
1216  82  GLY  C  -0.942  18.519  -22.331  172.45
1217  82  GLY  O  -1.127  19.363  -21.45  122.87
1218  82  GLY  H  -2.342  17.405  -20.45  8.84
1219  82  GLY  HA2  -1.028  16.459  -22.31  4.56
1220  82  GLY  HA3  -2.185  17.114  -23.156  3.39
1221  83  ASP  N  -0.084  18.707  -23.333  120.18
1222  83  ASP  CA  0.644  19.95  -23.57  55.3
1223  83  ASP  C  -0.279  21.032  -24.16  174.95
1224  83  ASP  O  -0.838  20.881  -25.25  1.34
1225  83  ASP  CB  1.851  19.641  -24.466  41.7
1226  83  ASP  CG  2.635  20.894  -24.854  111.11
1227  83  ASP  OD1  2.818  21.777  -23.987  44.85
1228  83  ASP  OD2  3.07  20.975  -26.024  7.67
1229  83  ASP  H  -0.014  18.097  -23.935  8.41
1230  83  ASP  HA  0.988  20.277  -22.724  4.83
1231  83  ASP  HB2  2.444  19.039  -23.989  2.53
1232  83  ASP  HB3  1.552  19.177  -25.264  2.53
1233  84  ASN  N  -0.44  22.132  -23.42  122.98
1234  84  ASN  CA  -1.245  23.288  -23.789  52.4
1235  84  ASN  C  -0.402  24.567  -23.661  174.25
1236  84  ASN  O  0.182  24.842  -22.612  27.92
1237  84  ASN  CB  -2.492  23.336  -22.891  44.9
1238  84  ASN  CG  -3.426  22.138  -23.039  67.43
1239  84  ASN  OD1  -4.292  22.121  -23.898  177.27
1240  84  ASN  ND2  -3.317  21.145  -22.173  112.76
1241  84  ASN  H  -0.064  22.164  -22.647  8.9
1242  84  ASN  HA  -1.53  23.205  -24.712  5.79
1243  84  ASN  HB2  -2.219  23.414  -21.964  2.87
1244  84  ASN  HB3  -3  24.13  -23.121  2.35
1245  84  ASN  HD21  -2.624  21.064  -21.671  6.82
1246  84  ASN  HD22  -3.907  20.52  -22.197  5.8
1247  85  ILE  N  -0.335  25.366  -24.729  122.28
1248  85  ILE  CA  0.371  26.648  -24.742  61.9
1249  85  ILE  C  -0.59  27.743  -24.28  174.55
1250  85  ILE  O  -1.51  28.124  -25.004  116.53
1251  85  ILE  CB  0.98  26.918  -26.131  39.8
1252  85  ILE  CG1  2.02  25.826  -26.479  27.8
1253  85  ILE  CG2  1.638  28.307  -26.16  19
1254  85  ILE  CD  1.537  24.869  -27.575  175.67
1255  85  ILE  H  -0.778  25.156  -25.435  9.81
1256  85  ILE  HA  1.104  26.61  -24.107  4.47
1257  85  ILE  HB  0.274  26.909  -26.796  1.73
1258  85  ILE  HG12  2.848  26.228  -26.784  1.46
1259  85  ILE  HG13  2.224  25.307  -25.685  0.96
1260  85  ILE  HG21  2.073  28.446  -27.016  178.18
1261  85  ILE  HG22  0.962  28.996  -26.064  9.3
1262  85  ILE  HG23  2.271  28.393  -25.43  39.97
1263  85  ILE  HD11  1.355  25.425  -28.496  2.03
1264  85  ILE  HD12  2.305  24.116  -27.761  1.69
1265  85  ILE  HD13  0.622  24.366  -27.264  2.16
1266  86  ILE  N  -0.404  28.227  -23.052  127.18
1267  86  ILE  CA  -1.305  29.204  -22.441  61.7
1268  86  ILE  C  -0.759  30.605  -22.683  173.95
1269  86  ILE  O  0.34  30.937  -22.24  9.9
1270  86  ILE  CB  -1.578  28.891  -20.959  5.99
1271  86  ILE  CG1  -2.074  27.431  -20.832  27.8
1272  86  ILE  CG2  -2.623  29.887  -20.423  17.1
1273  86  ILE  CD  -2.555  27.03  -19.437  55.09
1274  86  ILE  H  0.298  27.979  -22.622  8.91
1275  86  ILE  HA  -2.165  29.151  -22.887  4.19
1276  86  ILE  HB  -0.755  28.991  -20.455  1.79
1277  86  ILE  HG12  -2.794  27.277  -21.463  0.82
1278  86  ILE  HG13  -1.345  26.836  -21.067  1.67
1279  86  ILE  HG21  -2.753  29.742  -19.473  1.92
1280  86  ILE  HG22  -2.323  30.803  -20.536  8.27
1281  86  ILE  HG23  -3.47  29.773  -20.883  8.04
1282  86  ILE  HD11  -3.483  27.544  -19.187  3.96
1283  86  ILE  HD12  -2.738  25.959  -19.419  4.03
1284  86  ILE  HD13  -1.786  27.264  -18.708  0.99
1285  87  TYR  N  -1.528  31.4  -23.425  124.28
1286  87  TYR  CA  -1.213  32.769  -23.792  56.4
1287  87  TYR  C  -1.997  33.773  -22.948  176.05
1288  87  TYR  O  -3.18  33.591  -22.653  31.34
1289  87  TYR  CB  -1.574  33.019  -25.256  41.1
1290  87  TYR  CG  -0.598  32.501  -26.285  27.8
1291  87  TYR  CD1  0.537  33.271  -26.591  3.72
1292  87  TYR  CD2  -0.865  31.316  -26.997  115.85
1293  87  TYR  CE1  1.4  32.881  -27.631  118.05
1294  87  TYR  CE2  -0.001  30.919  -28.033  118.05
1295  87  TYR  CZ  1.128  31.7  -28.356  57.92
1296  87  TYR  OH  1.951  31.311  -29.365  177.45
1297  87  TYR  H  -2.318  31.12  -23.617  9.1
1298  87  TYR  HA  -0.263  32.925  -23.676  5.66
1299  87  TYR  HB2  -2.448  32.632  -25.419  2.65
1300  87  TYR  HB3  -1.659  33.975  -25.399  3.05
1301  87  TYR  HD1  0.706  34.047  -26.106  6.96
1302  87  TYR  HD2  -1.614  30.804  -26.792  6.96
1303  87  TYR  HE1  2.142  33.404  -27.833  6.7
1304  87  TYR  HE2  -0.164  30.145  -28.523  6.7
1305  87  TYR  HH  2.489  31.918  -29.582  112.41
1306  88  VAL  N  -1.337  34.903  -22.696  122.98
1307  88  VAL  CA  -1.917  36.161  -22.241  61.3
1308  88  VAL  C  -1.425  37.232  -23.219  175.35
1309  88  VAL  O  -0.344  37.797  -23.062  25.51
1310  88  VAL  CB  -1.539  36.424  -20.771  31
1311  88  VAL  CG1  -1.958  37.83  -20.337  20.6
1312  88  VAL  CG2  -2.201  35.414  -19.823  20.4
1313  88  VAL  H  -0.505  34.917  -22.913  8.48
1314  88  VAL  HA  -2.884  36.117  -22.302  4.06
1315  88  VAL  HB  -0.578  36.342  -20.67  1.27
1316  88  VAL  HG11  -1.157  38.375  -20.29  53.94
1317  88  VAL  HG12  -2.575  38.229  -20.97  28.27
1318  88  VAL  HG13  -2.378  37.818  -19.463  177.58
1319  88  VAL  HG21  -2.048  34.505  -20.125  42.29
1320  88  VAL  HG22  -1.826  35.506  -18.933  7.93
1321  88  VAL  HG23  -3.155  35.586  -19.777  116.4
1322  89  GLY  N  -2.184  37.429  -24.3  110.98
1323  89  GLY  CA  -1.738  38.178  -25.47  47.1
1324  89  GLY  C  -0.88  37.304  -26.382  174.45
1325  89  GLY  O  -1.371  36.302  -26.905  29.53
1326  89  GLY  H  -2.94  37.022  -24.355  8.03
1327  89  GLY  HA2  -2.506  38.485  -25.977  3.52
1328  89  GLY  HA3  -1.221  38.943  -25.171  4.19
1329  90  GLU  N  0.39  37.679  -26.569  125.58
1330  90  GLU  CA  1.427  36.849  -27.199  56.8
1331  90  GLU  C  2.475  36.358  -26.182  176.95
1332  90  GLU  O  3.253  35.459  -26.501  1.77
1333  90  GLU  CB  2.097  37.599  -28.371  30.4
1334  90  GLU  CG  2.155  36.755  -29.657  36.7
1335  90  GLU  CD  0.8  36.737  -30.374  119.48
1336  90  GLU  OE1  0.05  35.737  -30.259  59.6
1337  90  GLU  OE2  0.445  37.764  -30.997  178.4
1338  90  GLU  H  0.629  38.439  -26.246  8.57
1339  90  GLU  HA  1.007  36.052  -27.559  4.34
1340  90  GLU  HB2  1.624  38.424  -28.56  1.91
1341  90  GLU  HB3  3.002  37.839  -28.119  2.31
1342  90  GLU  HG2  2.814  37.144  -30.252  2.24
1343  90  GLU  HG3  2.442  35.852  -29.45  2.24
1344  91  LEU  N  2.462  36.873  -24.94  2.53
1345  91  LEU  CA  3.177  36.271  -23.816  55.5
1346  91  LEU  C  2.594  34.874  -23.565  175.05
1347  91  LEU  O  1.384  34.746  -23.368  59.17
1348  91  LEU  CB  3.027  37.161  -22.568  41.7
1349  91  LEU  CG  3.815  36.636  -21.35  23.6
1350  91  LEU  CD1  5.292  37.027  -21.428  23.4
1351  91  LEU  CD2  3.228  37.197  -20.057  22.3
1352  91  LEU  H  1.868  37.465  -24.75  8.29
1353  91  LEU  HA  4.116  36.195  -24.049  4.21
1354  91  LEU  HB2  3.313  38.065  -22.773  1.49
1355  91  LEU  HB3  2.087  37.195  -22.333  1.49
1356  91  LEU  HG  3.752  35.669  -21.305  1.17
1357  91  LEU  HD11  5.694  36.665  -22.233  7.9
1358  91  LEU  HD12  5.379  37.993  -21.436  172.27
1359  91  LEU  HD13  5.765  36.673  -20.658  42.25
1360  91  LEU  HD21  3.26  38.166  -20.082  111.41
1361  91  LEU  HD22  2.309  36.903  -19.958  60.27
1362  91  LEU  HD23  3.74  36.872  -19.3  177.62
1363  92  LYS  N  3.441  33.836  -23.569  121.58
1364  92  LYS  CA  3.014  32.44  -23.427  54.3
1365  92  LYS  C  3.639  31.755  -22.207  176.95
1366  92  LYS  O  4.577  32.265  -21.59  4.56
1367  92  LYS  CB  3.23  31.697  -24.77  36.6
1368  92  LYS  CG  4.488  30.811  -24.845  23.6
1369  92  LYS  CD  4.788  30.342  -26.281  29.6
1370  92  LYS  CE  5.73  29.126  -26.3  41.1
1371  92  LYS  NZ  5.031  27.897  -25.849  114.53
1372  92  LYS  H  4.275  33.995  -23.708  8.23
1373  92  LYS  HA  2.058  32.441  -23.266  5.65
1374  92  LYS  HB2  2.457  31.133  -24.93  1.42
1375  92  LYS  HB3  3.261  32.347  -25.489  1.57
1376  92  LYS  HG2  5.255  31.303  -24.514  1.11
1377  92  LYS  HG3  4.349  30.034  -24.281  1.11
1378  92  LYS  HD2  3.963  30.119  -26.739  1.66
1379  92  LYS  HD3  5.204  31.073  -26.763  1.66
1380  92  LYS  HE2  6.057  28.998  -27.204  3.01
1381  92  LYS  HE3  6.491  29.309  -25.728  3.01
1382  92  LYS  HZ1  4.585  27.522  -26.522  53.74
1383  92  LYS  HZ2  5.574  27.276  -25.514  175.47
1384  92  LYS  HZ3  4.453  28.083  -25.198  2.09
1385  93  HSE  N  3.123  30.569  -21.89  123.78
1386  93  HSE  CA  3.761  29.562  -21.051  56.9
1387  93  HSE  C  3.4  28.156  -21.566  174.05
1388  93  HSE  O  2.386  27.973  -22.243  1.64
1389  93  HSE  CB  3.319  29.781  -19.601  35.4
1390  93  HSE  CG  4.014  28.888  -18.607  7.39
1391  93  HSE  ND1  3.554  27.675  -18.144  55.71
1392  93  HSE  CD2  5.2  29.153  -17.978  177.47
1393  93  HSE  CE1  4.452  27.214  -17.256  4.2
1394  93  HSE  NE2  5.471  28.08  -17.127  27.04
1395  93  HSE  H  2.238  30.317  -22.323  9.21
1396  93  HSE  HA  4.845  29.687  -21.109  4.65
1397  93  HSE  HB2  3.523  30.814  -19.319  3
1398  93  HSE  HB3  2.246  29.621  -19.538  2.76
1399  93  HSE  HD1  2.71  27.192  -18.415  57.56
1400  93  HSE  HD2  5.811  30.036  -18.103  4.41
1401  93  HSE  HE1  4.373  26.276  -16.723  1.86
1402  94  GLN  N  4.242  27.166  -21.253  63.65
1403  94  GLN  CA  4.079  25.764  -21.64  56.9
1404  94  GLN  C  3.418  24.998  -20.48  174.45
1405  94  GLN  O  4.059  24.768  -19.454  41.71
1406  94  GLN  CB  5.467  25.197  -22.004  28.5
1407  94  GLN  CG  5.406  24.015  -22.981  33.7
1408  94  GLN  CD  5.115  24.441  -24.423  123.45
1409  94  GLN  OE1  5.615  25.443  -24.931  63.06
1410  94  GLN  NE2  4.296  23.702  -25.137  112.55
1411  94  GLN  H  4.905  27.345  -20.735  1.56
1412  94  GLN  HA  3.505  25.712  -22.42  4.6
1413  94  GLN  HB2  6.012  25.894  -22.402  2.06
1414  94  GLN  HB3  5.925  24.912  -21.198  2.06
1415  94  GLN  HG2  6.268  23.57  -22.977  2.32
1416  94  GLN  HG3  4.74  23.378  -22.678  2.32
1417  94  GLN  HE21  3.886  23.03  -24.791  7.74
1418  94  GLN  HE22  4.184  23.873  -25.972  6.69
1419  95  TRP  N  2.128  24.658  -20.592  125.68
1420  95  TRP  CA  1.375  24.002  -19.521  56.1
1421  95  TRP  C  1.021  22.553  -19.866  173.15
1422  95  TRP  O  0.109  22.268  -20.645  178.46
1423  95  TRP  CB  0.132  24.802  -19.134  32.9
1424  95  TRP  CG  -0.626  24.168  -18.008  114.2
1425  95  TRP  CD1  -1.845  23.594  -18.117  58.49
1426  95  TRP  CD2  -0.177  23.888  -16.645  174.16
1427  95  TRP  NE1  -2.196  23.019  -16.911  129.7
1428  95  TRP  CE2  -1.188  23.132  -15.984  63.73
1429  95  TRP  CE3  1.002  24.151  -15.915  2.63
1430  95  TRP  CZ2  -1.044  22.648  -14.677  4.39
1431  95  TRP  CZ3  1.173  23.649  -14.611  32.74
1432  95  TRP  CH2  0.157  22.898  -13.993  7.79
1433  95  TRP  H  1.691  24.818  -21.315  9.04
1434  95  TRP  HA  1.927  23.974  -18.724  4.85
1435  95  TRP  HB2  0.395  25.698  -18.872  2.97
1436  95  TRP  HB3  -0.449  24.867  -19.908  2.8
1437  95  TRP  HD1  -2.342  23.565  -18.903  6.61
1438  95  TRP  HE1  -2.919  22.578  -16.758  10.13
1439  95  TRP  HE3  1.678  24.661  -16.299  7.01
1440  95  TRP  HZ2  -1.727  22.156  -14.281  7.49
1441  95  TRP  HZ3  1.96  23.83  -14.149  7.47
1442  95  TRP  HH2  0.277  22.571  -13.131  7.16
1443  96  PHE  N  1.754  21.632  -19.243  130.28
1444  96  PHE  CA  1.477  20.2  -19.234  56.8
1445  96  PHE  C  0.352  19.905  -18.225  172.85
1446  96  PHE  O  0.596  19.732  -17.032  123.75
1447  96  PHE  CB  2.787  19.458  -18.937  58.62
1448  96  PHE  CG  3.869  19.755  -19.963  7.31
1449  96  PHE  CD1  3.875  19.073  -21.194  3.97
1450  96  PHE  CD2  4.827  20.762  -19.72  40.49
1451  96  PHE  CE1  4.83  19.393  -22.175  8.93
1452  96  PHE  CE2  5.776  21.089  -20.706  3.52
1453  96  PHE  CZ  5.776  20.405  -21.935  8.31
1454  96  PHE  H  2.39  21.906  -18.733  7.81
1455  96  PHE  HA  1.173  19.931  -20.115  4.79
1456  96  PHE  HB2  3.106  19.708  -18.056  2.8
1457  96  PHE  HB3  2.613  18.504  -18.928  2.51
1458  96  PHE  HD1  3.238  18.417  -21.367  54.98
1459  96  PHE  HD2  4.829  21.226  -18.914  177.51
1460  96  PHE  HE1  4.83  18.945  -22.99  71.23
1461  96  PHE  HE2  6.399  21.761  -20.548  42.18
1462  96  PHE  HZ  6.396  20.624  -22.592  26.64
1463  97  GLN  N  -0.893  19.922  -18.71  24.55
1464  97  GLN  CA  -2.116  19.808  -17.91  23.2
1465  97  GLN  C  -2.301  18.408  -17.319  7.7
1466  97  GLN  O  -2.047  17.408  -17.995  119.31
1467  97  GLN  CB  -3.309  20.212  -18.802  55.14
1468  97  GLN  CG  -4.732  19.968  -18.26  32.3
1469  97  GLN  CD  -5.104  20.665  -16.956  1.61
1470  97  GLN  OE1  -4.259  21.212  -16.259  126.9
1471  97  GLN  NE2  -6.377  20.625  -16.595  117.2
1472  97  GLN  H  -0.974  20  -19.563  8.44
1473  97  GLN  HA  -2.04  20.427  -17.167  4.26
1474  97  GLN  HB2  -3.223  21.151  -19.028  2.02
1475  97  GLN  HB3  -3.239  19.712  -19.63  1.72
1476  97  GLN  HG2  -5.348  20.26  -18.95  2.31
1477  97  GLN  HG3  -4.876  19.019  -18.121  2.31
1478  97  GLN  HE21  -6.944  20.23  -17.107  7.64
1479  97  GLN  HE22  -6.554  20.793  -15.77  7.19
1480  98  LYS  N  -2.841  18.357  -16.091  59.24
1481  98  LYS  CA  -3.226  17.129  -15.387  7.93
1482  98  LYS  C  -4.68  17.207  -14.903  4.37
1483  98  LYS  O  -5.177  18.287  -14.588  27.84
1484  98  LYS  CB  -2.204  16.817  -14.272  7.75
1485  98  LYS  CG  -2.361  17.596  -12.947  24
1486  98  LYS  CD  -3.027  16.743  -11.852  29.1
1487  98  LYS  CE  -3.046  17.437  -10.484  175.77
1488  98  LYS  NZ  -4.123  18.442  -10.407  7.68
1489  98  LYS  H  -3.058  19.101  -15.718  8.6
1490  98  LYS  HA  -3.182  16.4  -16.025  4.07
1491  98  LYS  HB2  -2.234  15.865  -14.087  1.88
1492  98  LYS  HB3  -1.317  16.994  -14.622  1.88
1493  98  LYS  HG2  -1.477  17.846  -12.636  1.51
1494  98  LYS  HG3  -2.864  18.413  -13.092  1.46
1495  98  LYS  HD2  -3.932  16.513  -12.114  1.73
1496  98  LYS  HD3  -2.525  15.919  -11.754  1.73
1497  98  LYS  HE2  -3.201  16.764  -9.803  3.05
1498  98  LYS  HE3  -2.184  17.85  -10.319  3.05
1499  98  LYS  HZ1  -4.08  18.944  -9.674  33.04
1500  98  LYS  HZ2  -4.067  19.03  -11.073  34.71
1501  98  LYS  HZ3  -4.914  18.036  -10.456  8.68
1502  99  GLY  N  -5.347  16.052  -14.877  8.59
1503  99  GLY  CA  -6.786  15.865  -14.688  3.99
1504  99  GLY  C  -7.245  14.619  -15.439  8.63
1505  99  GLY  O  -6.359  13.794  -15.759  4.56
1506  99  GLY  OXT  -8.46  14.541  -15.715  2.84
1507  99  GLY  H  -4.966  15.329  -15.145  7.98
1508  99  GLY  HA2  -6.988  15.751  -13.746  3.86
1509  99  GLY  HA3  -7.277  16.627  -15.034  3.74
