1  1  ASP  N  31.91  1.56  1.758  121.24
2  1  ASP  CA  32.214  0.262  2.349  51.78
3  1  ASP  C  32.314  -0.778  1.256  182.45
4  1  ASP  O  31.436  -0.837  0.379  55.76
5  1  ASP  CB  31.133  -0.125  3.36  19.38
6  1  ASP  CG  31.382  -1.451  4.027  30.39
7  1  ASP  OD1  32.366  -1.567  4.79  4.15
8  1  ASP  OD2  30.57  -2.367  3.857  16.49
9  1  ASP  HA  33.067  0.338  2.804  8.7
10  1  ASP  HB2  31.086  0.55  4.055  1.89
11  1  ASP  HB3  30.28  -0.17  2.9  3.94
12  1  ASP  H  31.27  1.959  2.23  4.27
13  1  ASP  H2  32.641  2.067  1.762  119.96
14  1  ASP  H3  31.633  1.447  0.92  54.43
15  2  PRO  N  33.398  -1.583  1.244  175.79
16  2  PRO  CA  33.586  -2.623  0.239  53.69
17  2  PRO  C  32.486  -3.67  0.304  41.27
18  2  PRO  O  32.15  -4.163  1.385  126.18
19  2  PRO  CB  34.928  -3.265  0.599  42.99
20  2  PRO  CG  35.606  -2.293  1.498  117.37
21  2  PRO  CD  34.521  -1.537  2.201  56.64
22  2  PRO  HA  33.628  -2.245  -0.653  179.65
23  2  PRO  HB2  34.75  -4.115  1.031  2.71
24  2  PRO  HB3  35.438  -3.424  -0.211  42.59
25  2  PRO  HG2  36.156  -2.769  2.14  119.92
26  2  PRO  HG3  36.152  -1.687  0.973  57.28
27  2  PRO  HD2  34.29  -1.971  3.038  175.99
28  2  PRO  HD3  34.812  -0.624  2.354  117.59
29  3  ASN  N  31.961  -4.008  -0.86  117.59
30  3  ASN  CA  30.883  -4.968  -1.028  36.08
31  3  ASN  C  29.659  -4.643  -0.158  7.18
32  3  ASN  O  29.474  -5.202  0.928  8.36
33  3  ASN  CB  31.405  -6.391  -0.81  5.28
34  3  ASN  CG  30.35  -7.491  -0.933  8.68
35  3  ASN  OD1  30.111  -8.008  -2.015  4.2
36  3  ASN  ND2  29.747  -7.88  0.158  7.1
37  3  ASN  H  32.299  -3.656  -1.568  7.1
38  3  ASN  HA  30.597  -4.892  -1.952  6.9
39  3  ASN  HB2  32.1  -6.55  -1.468  6.9
40  3  ASN  HB3  31.8  -6.365  0.075  118.9
41  3  ASN  HD21  29.967  -7.503  0.899  117.89
42  3  ASN  HD22  29.144  -8.491  0.105  56.78
43  4  ALA  N  28.881  -3.677  -0.603  178.2
44  4  ALA  CA  27.665  -3.277  0.079  39.54
45  4  ALA  C  26.825  -2.372  -0.8  41.09
46  4  ALA  O  27.026  -1.149  -0.825  132.01
47  4  ALA  CB  27.964  -2.58  1.408  133.08
48  4  ALA  H  29.103  -3.258  -1.321  133.08
49  4  ALA  HA  27.158  -4.082  0.268  117.8
50  4  ALA  HB1  27.133  -2.363  1.858  117.8
51  4  ALA  HB2  28.463  -1.766  1.236  8.35
52  4  ALA  HB3  28.494  -3.166  1.97  4.68
53  5  GLU  N  25.942  -2.971  -1.578  9.2
54  5  GLU  CA  25  -2.227  -2.37  5.43
55  5  GLU  C  23.8  -1.873  -1.505  3.19
56  5  GLU  O  22.989  -1.014  -1.826  3.19
57  5  GLU  CB  24.563  -3.044  -3.566  7.12
58  5  GLU  CG  23.872  -4.36  -3.232  7.12
59  5  GLU  CD  23.422  -5.091  -4.466  6.61
60  5  GLU  OE1  22.282  -4.847  -4.933  6.61
61  5  GLU  OE2  24.193  -5.907  -5.001  45.51
62  5  GLU  H  25.925  -3.826  -1.669  122.65
63  5  GLU  HA  25.47  -1.433  -2.669  52.87
64  5  GLU  HB2  23.944  -2.504  -4.081  179.34
65  5  GLU  HB3  25.357  -3.241  -4.087  4.03
66  5  GLU  HG2  24.489  -4.929  -2.745  3.94
67  5  GLU  HG3  23.097  -4.173  -2.679  117.7
68  6  PHE  N  23.716  -2.577  -0.431  53.32
69  6  PHE  CA  22.693  -2.432  0.568  175.62
70  6  PHE  C  23.262  -1.71  1.781  8.42
71  6  PHE  O  24.485  -1.514  1.88  5.11
72  6  PHE  CB  22.182  -3.833  0.975  4.58
73  6  PHE  CG  23.283  -4.786  1.398  5.22
74  6  PHE  CD1  23.776  -4.78  2.692  113.23
75  6  PHE  CD2  23.832  -5.674  0.485  8.44
76  6  PHE  CE1  24.788  -5.637  3.065  4.79
77  6  PHE  CE2  24.847  -6.53  0.854  2.89
78  6  PHE  CZ  25.326  -6.513  2.143  2.85
79  6  PHE  HA  21.954  -1.926  0.196  7.74
80  6  PHE  HB2  21.581  -3.738  1.73  6.97
81  6  PHE  HB3  21.705  -4.234  0.231  126.03
82  6  PHE  HD1  23.415  -4.191  3.315  60.8
83  6  PHE  HD2  23.511  -5.689  -0.388  180.63
84  6  PHE  HE1  25.109  -5.621  3.938  33.97
85  6  PHE  HE2  25.206  -7.123  0.234  34.13
86  6  PHE  HZ  26.013  -7.089  2.391  4.01
87  7  ASP  N  22.401  -1.313  2.677  23.14
88  7  ASP  CA  22.822  -0.697  3.918  8.91
89  7  ASP  C  22.661  -1.724  5.051  4.38
90  7  ASP  O  21.65  -2.436  5.103  1.89
91  7  ASP  CB  21.976  0.542  4.213  175.52
92  7  ASP  CG  22.475  1.305  5.409  41.67
93  7  ASP  OD1  22.258  0.862  6.539  28.89
94  7  ASP  OD2  23.115  2.365  5.228  24.63
95  7  ASP  H  21.557  -1.401  2.537  128.03
96  7  ASP  HA  23.756  -0.448  3.836  8.24
97  7  ASP  HB2  21.985  1.132  3.443  123.98
98  7  ASP  HB3  21.064  0.261  4.385  59.84
99  8  PRO  N  23.655  -1.855  5.947  179.32
100  8  PRO  CA  23.602  -2.831  7.035  122.61
101  8  PRO  C  22.856  -2.36  8.301  32.57
102  8  PRO  O  22.79  -3.096  9.292  25.77
103  8  PRO  CB  25.07  -3.066  7.338  22.65
104  8  PRO  CG  25.695  -1.729  7.104  9
105  8  PRO  CD  24.936  -1.108  5.954  4.61
106  8  PRO  HA  23.197  -3.663  6.743  1.65
107  8  PRO  HB2  25.167  -3.358  8.258  6.96
108  8  PRO  HB3  25.431  -3.735  6.736  10.5
109  8  PRO  HG2  25.607  -1.182  7.9  7.42
110  8  PRO  HG3  26.631  -1.839  6.874  119.66
111  8  PRO  HD2  24.785  -0.163  6.111  55.03
112  8  PRO  HD3  25.414  -1.244  5.121  176.43
113  9  ASP  N  22.33  -1.174  8.295  125.18
114  9  ASP  CA  21.576  -0.697  9.452  42.64
115  9  ASP  C  20.108  -0.766  9.17  179.13
116  9  ASP  O  19.285  -1.015  10.069  25.37
117  9  ASP  CB  21.969  0.731  9.811  23.65
118  9  ASP  CG  21.18  1.299  10.973  8.15
119  9  ASP  OD1  21.428  0.905  12.118  4.36
120  9  ASP  OD2  20.287  2.168  10.749  109.67
121  9  ASP  H  22.425  -0.657  7.614  9.07
122  9  ASP  HA  21.781  -1.278  10.201  4.63
123  9  ASP  HB2  22.911  0.73  10.042  2.58
124  9  ASP  HB3  21.836  1.299  9.036  2.41
125  10  LEU  N  19.777  -0.581  7.93  6.9
126  10  LEU  CA  18.405  -0.549  7.514  6.54
127  10  LEU  C  17.899  -1.925  7.12  121.85
128  10  LEU  O  18.58  -2.665  6.4  55.4
129  10  LEU  CB  18.167  0.465  6.379  177.92
130  10  LEU  CG  18.203  1.974  6.736  54.11
131  10  LEU  CD1  17.165  2.305  7.785  29.06
132  10  LEU  CD2  19.578  2.43  7.186  28.93
133  10  LEU  H  20.409  -0.497  7.353  33.19
134  10  LEU  HA  17.907  -0.25  8.291  9.55
135  10  LEU  HB2  18.853  0.296  5.714  117.77
136  10  LEU  HB3  17.308  0.261  5.977  8.97
137  10  LEU  HG  17.96  2.47  5.938  4.22
138  10  LEU  HD11  17.196  3.255  7.978  4.64
139  10  LEU  HD12  17.349  1.81  8.599  2.69
140  10  LEU  HD13  16.283  2.075  7.453  2.24
141  10  LEU  HD21  19.556  3.374  7.408  2.24
142  10  LEU  HD22  20.222  2.276  6.477  52.66
143  10  LEU  HD23  19.84  1.925  7.972  125.32
144  11  PRO  N  16.701  -2.299  7.612  8.79
145  11  PRO  CA  16.074  -3.576  7.276  41.64
146  11  PRO  C  15.849  -3.696  5.777  27.47
147  11  PRO  O  15.331  -2.77  5.134  25.47
148  11  PRO  CB  14.728  -3.535  8.014  23.94
149  11  PRO  CG  14.914  -2.525  9.092  109.28
150  11  PRO  CD  15.875  -1.513  8.547  44.75
151  11  PRO  HA  16.605  -4.328  7.582  1.62
152  11  PRO  HB2  14.032  -3.27  7.393  1.5
153  11  PRO  HB3  14.523  -4.41  8.38  8.39
154  11  PRO  HG2  14.064  -2.106  9.299  3.83
155  11  PRO  HG3  15.281  -2.95  9.883  3.72
156  11  PRO  HD2  15.407  -0.802  8.083  8.26
157  11  PRO  HD3  16.423  -1.147  9.259  4.86
158  12  GLY  N  16.277  -4.81  5.215  179.79
159  12  GLY  CA  16.123  -5.028  3.795  2.99
160  12  GLY  C  17.126  -4.243  3.019  174.23
161  12  GLY  O  16.913  -3.925  1.844  62.81
162  12  GLY  H  16.667  -5.41  5.692  176.09
163  12  GLY  HA2  16.219  -5.971  3.588  177.12
164  12  GLY  HA3  15.235  -4.741  3.532  31.99
165  13  GLY  N  18.207  -3.876  3.7  27.94
166  13  GLY  CA  19.267  -3.117  3.095  4.69
167  13  GLY  C  18.85  -1.714  2.8  4.49
168  13  GLY  O  19.58  -0.971  2.159  2.1
169  13  GLY  H  18.277  -4.091  4.53  1.68
170  13  GLY  HA2  20.035  -3.099  3.687  2.11
171  13  GLY  HA3  19.51  -3.549  2.261  2
172  14  GLY  N  17.664  -1.352  3.28  3.87
173  14  GLY  CA  17.092  -0.067  2.986  120.36
174  14  GLY  C  16.602  0.002  1.55  51.83
175  14  GLY  O  16.23  1.063  1.06  179.41
176  14  GLY  H  17.25  -1.913  3.784  176.12
177  14  GLY  HA2  16.354  0.081  3.597  38.83
178  14  GLY  HA3  17.766  0.617  3.124  33.68
179  15  LEU  N  16.568  -1.156  0.899  21.31
180  15  LEU  CA  16.256  -1.264  -0.503  20.74
181  15  LEU  C  14.783  -1.566  -0.75  8.48
182  15  LEU  O  14.319  -1.511  -1.879  5.28
183  15  LEU  CB  17.098  -2.38  -1.097  2.97
184  15  LEU  CG  18.62  -2.24  -0.96  2.86
185  15  LEU  CD1  19.317  -3.436  -1.569  4.29
186  15  LEU  CD2  19.116  -0.953  -1.599  1.72
187  15  LEU  H  16.759  -1.889  1.306  123.17
188  15  LEU  HA  16.502  -0.439  -0.949  52.23
189  15  LEU  HB2  16.826  -3.206  -0.666  178.81
190  15  LEU  HB3  16.867  -2.439  -2.037  112.5
191  15  LEU  HG  18.847  -2.22  -0.017  18.69
192  15  LEU  HD11  20.277  -3.328  -1.486  8.29
193  15  LEU  HD12  19.078  -3.509  -2.506  4.17
194  15  LEU  HD13  19.046  -4.243  -1.105  8.39
195  15  LEU  HD21  18.875  -0.947  -2.538  4.38
196  15  LEU  HD22  20.081  -0.9  -1.512  3.88
197  15  LEU  HD23  18.712  -0.193  -1.151  118.09
198  16  HSE  N  14.063  -1.9  0.29  57.13
199  16  HSE  CA  12.649  -2.238  0.166  183.06
200  16  HSE  C  11.886  -1.354  1.083  176.31
201  16  HSE  O  11.857  -1.578  2.295  39.21
202  16  HSE  CB  12.367  -3.706  0.528  24.6
203  16  HSE  CG  13.195  -4.708  -0.222  129.76
204  16  HSE  ND1  12.864  -5.173  -1.467  129.76
205  16  HSE  CD2  14.344  -5.352  0.122  131.27
206  16  HSE  CE1  13.755  -6.053  -1.86  131.27
207  16  HSE  NE2  14.664  -6.179  -0.916  126.92
208  16  HSE  H  14.474  -1.885  1.176  8.12
209  16  HSE  HA  12.317  -2.045  -0.845  4.51
210  16  HSE  HB2  12.494  -3.853  1.589  2.92
211  16  HSE  HB3  11.329  -3.899  0.302  2.92
212  16  HSE  HD1  12.1  -4.866  -2.011  7.21
213  16  HSE  HD2  14.901  -5.233  1.043  7.21
214  16  HSE  HE1  13.707  -6.599  -2.79  7.25
215  16  HSE  HE2  15.531  -6.634  -1.041  7.25
216  17  ARG  N  11.32  -0.326  0.542  7.04
217  17  ARG  CA  10.621  0.638  1.342  120.42
218  17  ARG  C  9.25  0.895  0.793  54.04
219  17  ARG  O  9.015  0.807  -0.417  117.97
220  17  ARG  CB  11.31  1.979  1.248  57.59
221  17  ARG  CG  12.804  1.967  1.402  40.94
222  17  ARG  CD  13.352  3.352  1.138  110.57
223  17  ARG  NE  14.81  3.42  1.185  133.82
224  17  ARG  CZ  15.506  4.559  1.137  133.82
225  17  ARG  NH1  14.873  5.722  1.011  117.48
226  17  ARG  NH2  16.829  4.539  1.211  117.48
227  17  ARG  H  11.376  -0.218  -0.309  8.45
228  17  ARG  HA  10.603  0.376  2.276  4.47
229  17  ARG  HB2  11.063  2.37  0.396  8.8
230  17  ARG  HB3  10.932  2.542  1.942  4.88
231  17  ARG  HG2  13.029  1.684  2.302  3.15
232  17  ARG  HG3  13.153  1.34  0.749  3.15
233  17  ARG  HD2  13.054  3.654  0.266  7.14
234  17  ARG  HD3  12.992  3.941  1.82  7.14
235  17  ARG  HE  15.221  2.667  1.247  6.58
236  17  ARG  HH11  14.016  5.776  0.961  6.58
237  17  ARG  HH12  15.3  6.468  0.971  4.18
238  17  ARG  HH21  17.281  3.812  1.294  118.44
239  17  ARG  HH22  17.291  5.264  1.186  53.86
240  18  CYS  N  8.358  1.181  1.665  178.9
241  18  CYS  CA  7.116  1.787  1.272  118.47
242  18  CYS  C  7.325  3.25  1.515  28.43
243  18  CYS  O  7.515  3.658  2.662  33.28
244  18  CYS  CB  5.895  1.26  2.064  1.66
245  18  CYS  SG  4.318  2.193  1.771  31.68
246  18  CYS  HA  7.011  1.633  0.32  24.04
247  18  CYS  HB2  5.752  0.347  1.768  8.29
248  18  CYS  HB3  6.098  1.217  3.011  4.62
249  18  CYS  HG  3.858  2.543  2.823  1.87
250  19  LEU  N  7.301  4.029  0.479  1.87
251  19  LEU  CA  7.609  5.447  0.574  2.29
252  19  LEU  C  6.571  6.18  1.4  2.29
253  19  LEU  O  6.904  7.072  2.198  113.41
254  19  LEU  CB  7.736  6.039  -0.82  61.31
255  19  LEU  CG  8.825  5.433  -1.694  179.74
256  19  LEU  CD1  8.789  6.015  -3.092  38.89
257  19  LEU  CD2  10.199  5.623  -1.07  68.93
258  19  LEU  H  7.092  3.705  -0.29  56.01
259  19  LEU  HA  8.462  5.53  1.028  20.41
260  19  LEU  HB2  6.886  5.937  -1.276  9.01
261  19  LEU  HB3  7.925  6.987  -0.735  5
262  19  LEU  HG  8.638  4.482  -1.736  4.1
263  19  LEU  HD11  7.937  5.808  -3.507  8.33
264  19  LEU  HD12  9.51  5.64  -3.622  111.95
265  19  LEU  HD13  8.893  6.978  -3.035  8.51
266  19  LEU  HD21  10.24  5.167  -0.215  4.48
267  19  LEU  HD22  10.372  6.57  -0.949  113.02
268  19  LEU  HD23  10.869  5.251  -1.664  53.34
269  20  ALA  N  5.341  5.759  1.253  7.73
270  20  ALA  CA  4.222  6.319  1.988  7.17
271  20  ALA  C  4.325  6.027  3.486  44.34
272  20  ALA  O  3.66  6.667  4.301  62.01
273  20  ALA  CB  2.919  5.784  1.441  26.88
274  20  ALA  H  5.201  5.141  0.672  25.89
275  20  ALA  HA  4.233  7.28  1.856  8.59
276  20  ALA  HB1  2.177  6.202  1.904  4.5
277  20  ALA  HB2  2.882  4.825  1.58  1.87
278  20  ALA  HB3  2.861  5.975  0.492  1.87
279  21  CYS  N  5.143  5.053  3.853  4
280  21  CYS  CA  5.311  4.726  5.254  3.95
281  21  CYS  C  6.706  5.012  5.774  4.36
282  21  CYS  O  6.918  5  6.977  121.97
283  21  CYS  CB  4.853  3.287  5.576  58.27
284  21  CYS  SG  3.154  3.067  5.305  179.48
285  21  CYS  H  5.574  4.627  3.243  58.19
286  21  CYS  HA  4.719  5.333  5.725  115.38
287  21  CYS  HB2  5.2  2.546  5.054  61.39
288  21  CYS  HB3  4.968  3.115  6.524  180.54
289  21  CYS  HG  2.657  2.555  6.27  25.83
290  22  ALA  N  7.657  5.264  4.86  69.89
291  22  ALA  CA  9.068  5.537  5.214  4.15
292  22  ALA  C  9.658  4.368  6.026  20.94
293  22  ALA  O  10.651  4.518  6.756  9.03
294  22  ALA  CB  9.186  6.859  5.985  3.98
295  22  ALA  H  7.449  5.266  4.026  4.01
296  22  ALA  HA  9.549  5.614  4.375  1.86
297  22  ALA  HB1  8.7  6.789  6.821  52.33
298  22  ALA  HB2  8.811  7.576  5.451  7.79
299  22  ALA  HB3  10.121  7.045  6.166  4.12
300  23  ARG  N  9.063  3.2  5.847  122.91
301  23  ARG  CA  9.462  2.017  6.566  61.73
302  23  ARG  C  10.22  1.106  5.663  178.15
303  23  ARG  O  9.91  0.991  4.464  176.99
304  23  ARG  CB  8.265  1.28  7.181  32.25
305  23  ARG  CG  7.488  2.083  8.214  38.71
306  23  ARG  CD  6.325  1.285  8.776  40.41
307  23  ARG  NE  5.537  2.052  9.754  53.86
308  23  ARG  CZ  4.395  1.622  10.322  33.88
309  23  ARG  NH1  3.937  0.409  10.053  8.28
310  23  ARG  NH2  3.736  2.398  11.169  4.28
311  23  ARG  H  8.434  3.157  5.262  1.98
312  23  ARG  HA  10.059  2.293  7.279  1.98
313  23  ARG  HB2  7.661  1.026  6.466  1.22
314  23  ARG  HB3  8.592  0.473  7.607  2.22
315  23  ARG  HG2  8.081  2.32  8.944  2.02
316  23  ARG  HG3  7.149  2.891  7.798  1.72
317  23  ARG  HD2  5.743  1.026  8.044  2.68
318  23  ARG  HD3  6.672  0.488  9.206  7.64
319  23  ARG  HE  5.858  2.826  9.948  6.61
320  23  ARG  HH11  4.344  -0.127  9.518  116.56
321  23  ARG  HH12  3.218  0.095  10.405  59.11
322  23  ARG  HH21  4.013  3.184  11.38  123.53
323  23  ARG  HH22  2.996  2.143  11.526  51.51
324  24  TYR  N  11.192  0.476  6.229  177.07
325  24  TYR  CA  12.068  -0.374  5.549  27.72
326  24  TYR  C  11.718  -1.802  5.898  21.78
327  24  TYR  O  11.588  -2.149  7.08  8.38
328  24  TYR  CB  13.473  -0.053  6.019  4.47
329  24  TYR  CG  13.874  1.399  5.824  7.39
330  24  TYR  CD1  13.636  2.343  6.815  3.78
331  24  TYR  CD2  14.482  1.827  4.656  7.77
332  24  TYR  CE1  13.991  3.66  6.645  112.99
333  24  TYR  CE2  14.843  3.15  4.482  62.67
334  24  TYR  CZ  14.592  4.059  5.482  179.32
335  24  TYR  OH  14.949  5.381  5.318  1.81
336  24  TYR  H  11.351  0.54  7.072  31.52
337  24  TYR  HA  12.017  -0.219  4.593  3.28
338  24  TYR  HB2  13.528  -0.255  6.966  24.46
339  24  TYR  HB3  14.092  -0.621  5.534  8.31
340  24  TYR  HD1  13.229  2.075  7.607  4.44
341  24  TYR  HD2  14.645  1.21  3.979  2.21
342  24  TYR  HE1  13.823  4.278  7.319  3.77
343  24  TYR  HE2  15.251  3.421  3.692  3.77
344  24  TYR  HH  15.287  5.629  6.046  114.65
345  25  PHE  N  11.541  -2.604  4.9  57.47
346  25  PHE  CA  11.174  -3.98  5.087  176.15
347  25  PHE  C  12.313  -4.859  4.673  172.59
348  25  PHE  O  13.039  -4.536  3.73  114.77
349  25  PHE  CB  9.927  -4.321  4.272  51.84
350  25  PHE  CG  8.723  -3.492  4.632  176.17
351  25  PHE  CD1  8.555  -2.223  4.1  125
352  25  PHE  CD2  7.763  -3.981  5.497  41.87
353  25  PHE  CE1  7.457  -1.46  4.426  8.06
354  25  PHE  CE2  6.661  -3.219  5.825  4.32
355  25  PHE  CZ  6.511  -1.955  5.286  2.23
356  25  PHE  H  11.657  -2.309  4.101  7.25
357  25  PHE  HA  10.982  -4.12  6.027  4.75
358  25  PHE  HB2  10.131  -4.192  3.332  2.86
359  25  PHE  HB3  9.71  -5.255  4.417  2.86
360  25  PHE  HD1  9.195  -1.886  3.516  125.99
361  25  PHE  HD2  7.864  -4.831  5.861  54.43
362  25  PHE  HE1  7.357  -0.61  4.061  174.92
363  25  PHE  HE2  6.019  -3.555  6.408  40.89
364  25  PHE  HZ  5.771  -1.435  5.501  17.47
365  26  ILE  N  12.463  -5.969  5.359  8.33
366  26  ILE  CA  13.543  -6.895  5.126  3.07
367  26  ILE  C  13.525  -7.494  3.719  7.66
368  26  ILE  O  14.577  -7.804  3.159  5.34
369  26  ILE  CB  13.53  -8.03  6.163  2.71
370  26  ILE  CG1  12.18  -8.776  6.144  117.79
371  26  ILE  CG2  13.854  -7.489  7.551  58.26
372  26  ILE  CD  12.092  -9.938  7.102  177.03
373  26  ILE  H  11.904  -6.168  5.981  116.03
374  26  ILE  HA  14.372  -6.405  5.24  28.5
375  26  ILE  HB  14.234  -8.646  5.906  35.3
376  26  ILE  HG12  11.465  -8.16  6.368  4.57
377  26  ILE  HG13  12.026  -9.116  5.248  63.65
378  26  ILE  HG21  13.198  -6.82  7.801  2.15
379  26  ILE  HG22  14.737  -7.088  7.547  8.2
380  26  ILE  HG23  13.833  -8.215  8.194  3.89
381  26  ILE  HD11  12.843  -10.67  6.843  1.87
382  26  ILE  HD12  11.112  -10.388  7.039  1.77
383  26  ILE  HD13  12.266  -9.583  8.107  2.11
384  27  ASP  N  12.352  -7.628  3.143  2.11
385  27  ASP  CA  12.23  -8.265  1.854  116.58
386  27  ASP  C  11.061  -7.666  1.088  66.21
387  27  ASP  O  10.131  -7.122  1.702  176.61
388  27  ASP  CB  12.03  -9.776  2.055  29.79
389  27  ASP  CG  11.978  -10.543  0.766  68.88
390  27  ASP  OD1  13.047  -10.878  0.222  240.61
391  27  ASP  OD2  10.866  -10.822  0.281  21.07
392  27  ASP  H  11.644  -7.323  3.525  8.39
393  27  ASP  HA  13.052  -8.122  1.359  3.72
394  27  ASP  HB2  12.762  -10.126  2.586  3.81
395  27  ASP  HB3  11.198  -9.92  2.533  4.63
396  28  SER  N  11.107  -7.767  -0.233  3.21
397  28  SER  CA  10.071  -7.239  -1.104  3.11
398  28  SER  C  8.728  -7.921  -0.821  7.11
399  28  SER  O  7.684  -7.285  -0.905  123.61
400  28  SER  CB  10.498  -7.417  -2.584  54.32
401  28  SER  OG  9.511  -6.967  -3.496  175.72
402  28  SER  H  11.764  -8.178  -0.605  62.09
403  28  SER  HA  9.974  -6.291  -0.921  17.65
404  28  SER  HB2  11.291  -6.877  -2.725  7.37
405  28  SER  HB3  10.729  -8.34  -2.772  3.2
406  28  SER  HG  8.993  -7.604  -3.673  24.37
407  29  THR  N  8.766  -9.193  -0.438  18.6
408  29  THR  CA  7.563  -9.933  -0.13  8.21
409  29  THR  C  6.863  -9.314  1.093  116.37
410  29  THR  O  5.643  -9.164  1.118  59.34
411  29  THR  CB  7.892  -11.4  0.145  176.47
412  29  THR  OG1  8.691  -11.919  -0.938  0.04
413  29  THR  CG2  6.631  -12.234  0.28  29.3
414  29  THR  H  9.515  -9.609  -0.365  26.57
415  29  THR  HA  6.971  -9.881  -0.896  42.37
416  29  THR  HB  8.388  -11.415  0.979  2.98
417  29  THR  HG1  9.476  -11.671  -0.769  2.98
418  29  THR  HG21  6.87  -13.156  0.463  7.46
419  29  THR  HG22  6.121  -12.188  -0.544  4.25
420  29  THR  HG23  6.093  -11.888  1.009  8.32
421  30  ASN  N  7.652  -8.911  2.077  2.83
422  30  ASN  CA  7.138  -8.28  3.265  1.61
423  30  ASN  C  6.573  -6.917  2.958  1.61
424  30  ASN  O  5.552  -6.511  3.509  1.57
425  30  ASN  CB  8.221  -8.198  4.339  1.57
426  30  ASN  CG  8.384  -9.47  5.15  3.17
427  30  ASN  OD1  7.734  -9.64  6.174  3.09
428  30  ASN  ND2  9.242  -10.366  4.718  130.94
429  30  ASN  H  8.507  -8.997  2.043  8.21
430  30  ASN  HA  6.412  -8.832  3.597  129.56
431  30  ASN  HB2  9.061  -8.036  3.882  8.12
432  30  ASN  HB3  8.043  -7.444  4.923  5.81
433  30  ASN  HD21  9.703  -10.244  4.002  113.45
434  30  ASN  HD22  9.331  -11.088  5.177  55.76
435  31  LEU  N  7.223  -6.236  2.063  176.42
436  31  LEU  CA  6.807  -4.937  1.631  25.92
437  31  LEU  C  5.484  -5.006  0.851  37.38
438  31  LEU  O  4.543  -4.27  1.142  42.33
439  31  LEU  CB  7.975  -4.269  0.851  7.34
440  31  LEU  CG  7.721  -2.95  0.118  114.54
441  31  LEU  CD1  7.054  -3.173  -1.212  7.62
442  31  LEU  CD2  6.925  -2  0.985  4.13
443  31  LEU  H  7.932  -6.581  1.721  2.56
444  31  LEU  HA  6.645  -4.418  2.434  2.56
445  31  LEU  HB2  8.698  -4.113  1.479  7.77
446  31  LEU  HB3  8.289  -4.918  0.202  7.06
447  31  LEU  HG  8.553  -2.508  -0.112  123.12
448  31  LEU  HD11  6.906  -2.319  -1.648  54.49
449  31  LEU  HD12  6.204  -3.619  -1.07  173.1
450  31  LEU  HD13  7.62  -3.726  -1.773  117.07
451  31  LEU  HD21  6.054  -2.382  1.177  16.97
452  31  LEU  HD22  6.81  -1.16  0.514  7.52
453  31  LEU  HD23  7.4  -1.84  1.816  4.05
454  32  LYS  N  5.424  -5.877  -0.117  32.59
455  32  LYS  CA  4.197  -6.048  -0.92  41.66
456  32  LYS  C  3.014  -6.564  -0.075  21.18
457  32  LYS  O  1.867  -6.182  -0.312  118.78
458  32  LYS  CB  4.433  -6.919  -2.17  57.21
459  32  LYS  CG  4.832  -8.353  -1.895  175.72
460  32  LYS  CD  5.15  -9.099  -3.186  4.42
461  32  LYS  CE  3.933  -9.268  -4.099  39.48
462  32  LYS  NZ  2.882  -10.111  -3.486  7.96
463  32  LYS  H  6.158  -6.298  -0.272  132.04
464  32  LYS  HA  3.954  -5.153  -1.205  132.04
465  32  LYS  HB2  3.626  -6.938  -2.708  131.35
466  32  LYS  HB3  5.148  -6.514  -2.686  131.35
467  32  LYS  HG2  5.617  -8.339  -1.325  121.87
468  32  LYS  HG3  4.105  -8.8  -1.434  8.43
469  32  LYS  HD2  5.82  -8.59  -3.669  4.13
470  32  LYS  HD3  5.514  -9.97  -2.963  3.18
471  32  LYS  HE2  3.557  -8.397  -4.303  3.18
472  32  LYS  HE3  4.222  -9.686  -4.925  6.7
473  32  LYS  HZ1  2.233  -10.274  -4.073  6.7
474  32  LYS  HZ2  2.509  -9.675  -2.805  7.08
475  32  LYS  HZ3  3.186  -10.887  -3.175  7.08
476  33  THR  N  3.298  -7.41  0.919  6.95
477  33  THR  CA  2.266  -7.899  1.839  120.77
478  33  THR  C  1.696  -6.719  2.657  65.24
479  33  THR  O  0.518  -6.694  3.034  174.88
480  33  THR  CB  2.824  -8.997  2.769  121.47
481  33  THR  OG1  3.314  -10.096  1.974  37.56
482  33  THR  CG2  1.766  -9.518  3.74  29.38
483  33  THR  H  4.107  -7.684  1.017  16.29
484  33  THR  HA  1.553  -8.272  1.297  2.09
485  33  THR  HB  3.547  -8.575  3.259  9.08
486  33  THR  HG1  4.023  -9.859  1.59  3.78
487  33  THR  HG21  2.157  -10.197  4.312  1.7
488  33  THR  HG22  1.032  -9.903  3.236  1.28
489  33  THR  HG23  1.435  -8.784  4.281  0.38
490  34  HSE  N  2.542  -5.735  2.884  2.09
491  34  HSE  CA  2.177  -4.517  3.571  1.94
492  34  HSE  C  1.117  -3.7  2.804  7.21
493  34  HSE  O  0.321  -2.994  3.41  6.81
494  34  HSE  CB  3.446  -3.674  3.902  125.96
495  34  HSE  CG  3.181  -2.221  4.175  58.53
496  34  HSE  ND1  2.578  -1.748  5.313  117.46
497  34  HSE  CD2  3.366  -1.142  3.381  57.91
498  34  HSE  CE1  2.404  -0.452  5.185  176.37
499  34  HSE  NE2  2.869  -0.074  4.048  99.97
500  34  HSE  H  3.463  -5.834  2.567  27.65
501  34  HSE  HA  1.733  -4.828  4.504  33.05
502  34  HSE  HB2  3.926  -4.086  4.777  2.62
503  34  HSE  HB3  4.131  -3.738  3.069  2.56
504  34  HSE  HD1  2.297  -2.283  6.094  115.54
505  34  HSE  HD2  3.828  -1.125  2.406  7.51
506  34  HSE  HE1  1.93  0.307  5.794  3.92
507  35  PHE  N  1.079  -3.798  1.49  2.13
508  35  PHE  CA  0.103  -2.999  0.762  2.13
509  35  PHE  C  -1.225  -3.714  0.694  2.32
510  35  PHE  O  -2.139  -3.254  0.057  2.32
511  35  PHE  CB  0.544  -2.62  -0.645  7.72
512  35  PHE  CG  1.908  -2.043  -0.739  6.99
513  35  PHE  CD1  2.264  -0.921  -0.009  114.23
514  35  PHE  CD2  2.833  -2.619  -1.568  61.55
515  35  PHE  CE1  3.534  -0.4  -0.102  177.64
516  35  PHE  CE2  4.091  -2.11  -1.676  2.02
517  35  PHE  CZ  4.462  -1.001  -0.945  62.37
518  35  PHE  H  1.604  -4.331  1.066  1.39
519  35  PHE  HA  -0.031  -2.19  1.28  8.09
520  35  PHE  HB2  0.471  -3.37  -1.256  4.03
521  35  PHE  HB3  -0.075  -1.92  -0.906  4.09
522  35  PHE  HD1  1.64  -0.524  0.555  4.09
523  35  PHE  HD2  2.595  -3.367  -2.066  1.77
524  35  PHE  HE1  3.738  0.355  0.401  118.71
525  35  PHE  HE2  4.704  -2.518  -2.244  56.72
526  35  PHE  HZ  5.339  -0.703  -1.031  175.04
527  36  ARG  N  -1.343  -4.828  1.386  121.46
528  36  ARG  CA  -2.604  -5.56  1.402  51.88
529  36  ARG  C  -3.649  -4.873  2.28  32.77
530  36  ARG  O  -4.753  -5.382  2.468  25.94
531  36  ARG  CB  -2.405  -7.01  1.786  41.28
532  36  ARG  CG  -1.601  -7.789  0.764  8.09
533  36  ARG  CD  -1.408  -9.225  1.188  4.14
534  36  ARG  NE  -2.684  -9.91  1.411  1.79
535  36  ARG  CZ  -2.822  -11.223  1.582  1.79
536  36  ARG  NH1  -1.767  -12.03  1.483  1.79
537  36  ARG  NH2  -4.018  -11.726  1.83  1.68
538  36  ARG  H  -0.664  -5.121  1.825  8.46
539  36  ARG  HA  -2.939  -5.522  0.492  4.88
540  36  ARG  HB2  -1.942  -7.047  2.637  2.81
541  36  ARG  HB3  -3.274  -7.431  1.878  2.6
542  36  ARG  HG2  -2.079  -7.773  -0.08  130.63
543  36  ARG  HG3  -0.734  -7.368  0.654  119.95
544  36  ARG  HD2  -0.918  -9.688  0.491  58.97
545  36  ARG  HD3  -0.894  -9.241  2.01  173.91
546  36  ARG  HE  -3.379  -9.405  1.449  32.42
547  36  ARG  HH11  -0.98  -11.733  1.305  31.85
548  36  ARG  HH12  -1.832  -12.88  1.593  24.6
549  36  ARG  HH21  -4.713  -11.223  1.883  8.7
550  36  ARG  HH22  -4.157  -12.566  1.952  4.15
551  37  SER  N  -3.286  -3.726  2.812  3.31
552  37  SER  CA  -4.193  -2.889  3.528  63.38
553  37  SER  C  -4.918  -2.021  2.478  176.64
554  37  SER  O  -4.318  -1.085  1.911  1.91
555  37  SER  CB  -3.402  -1.977  4.472  31.68
556  37  SER  OG  -2.449  -2.715  5.251  1.51
557  37  SER  H  -2.47  -3.469  2.725  1.51
558  37  SER  HA  -4.821  -3.431  4.031  4.43
559  37  SER  HB2  -2.927  -1.315  3.946  2.32
560  37  SER  HB3  -4.015  -1.527  5.074  1.98
561  37  SER  HG  -2.862  -3.16  5.831  3.97
562  38  LYS  N  -6.175  -2.345  2.187  116.16
563  38  LYS  CA  -6.939  -1.629  1.156  53.28
564  38  LYS  C  -7.093  -0.132  1.428  174.54
565  38  LYS  O  -7.113  0.674  0.501  119.63
566  38  LYS  CB  -8.297  -2.334  0.806  38.98
567  38  LYS  CG  -9.242  -2.685  1.983  176.89
568  38  LYS  CD  -9.777  -1.467  2.725  176.92
569  38  LYS  CE  -10.692  -1.877  3.869  39.14
570  38  LYS  NZ  -11.166  -0.715  4.655  7.61
571  38  LYS  H  -6.54  -2.993  2.619  8.51
572  38  LYS  HA  -6.374  -1.678  0.369  4.73
573  38  LYS  HB2  -8.795  -1.749  0.213  2.89
574  38  LYS  HB3  -8.102  -3.151  0.321  2.78
575  38  LYS  HG2  -9.999  -3.183  1.637  2.73
576  38  LYS  HG3  -8.756  -3.248  2.606  2.67
577  38  LYS  HD2  -9.035  -0.952  3.079  116.96
578  38  LYS  HD3  -10.279  -0.925  2.096  54.11
579  38  LYS  HE2  -11.463  -2.332  3.496  177.64
580  38  LYS  HE3  -10.206  -2.483  4.45  21.16
581  38  LYS  HZ1  -10.491  -0.254  5.007  41.06
582  38  LYS  HZ2  -11.704  -0.97  5.316  8.45
583  38  LYS  HZ3  -11.625  -0.157  4.136  4.16
584  39  ASP  N  -7.134  0.236  2.695  122.86
585  39  ASP  CA  -7.348  1.628  3.098  52.48
586  39  ASP  C  -6.115  2.476  2.789  176.84
587  39  ASP  O  -6.204  3.673  2.517  2.67
588  39  ASP  CB  -7.692  1.701  4.575  19.18
589  39  ASP  CG  -8.172  3.074  5.007  108.13
590  39  ASP  OD1  -9.395  3.335  4.945  45.85
591  39  ASP  OD2  -7.357  3.896  5.438  179.69
592  39  ASP  H  -7.037  -0.366  3.301  7.86
593  39  ASP  HA  -8.098  1.961  2.58  4.3
594  39  ASP  HB2  -8.373  1.037  4.765  3.93
595  39  ASP  HB3  -6.894  1.477  5.078  3.82
596  40  HSE  N  -4.975  1.838  2.843  118.36
597  40  HSE  CA  -3.679  2.483  2.576  56.18
598  40  HSE  C  -3.595  2.943  1.164  175.14
599  40  HSE  O  -3.293  4.091  0.898  8.21
600  40  HSE  CB  -2.545  1.493  2.821  30.28
601  40  HSE  CG  -1.181  2.004  2.703  36.08
602  40  HSE  ND1  -0.869  3.297  3.054  21
603  40  HSE  CD2  -0.073  1.319  2.673  7.92
604  40  HSE  CE1  0.393  3.362  3.295  4.02
605  40  HSE  NE2  0.918  2.189  3.09  1.86
606  40  HSE  H  -5.022  0.89  3.091  8.2
607  40  HSE  HA  -3.546  3.346  3.205  4.29
608  40  HSE  HB2  -2.488  1.141  3.846  1.9
609  40  HSE  HB3  -2.595  0.644  2.158  1.99
610  40  HSE  HD1  -1.474  4.068  3.146  115.54
611  40  HSE  HD2  -0.072  0.338  2.198  61.87
612  40  HSE  HE1  0.973  4.221  3.592  124.5
613  41  LYS  N  -3.857  2.045  0.276  120.76
614  41  LYS  CA  -3.73  2.303  -1.128  57.58
615  41  LYS  C  -4.821  3.268  -1.563  173.84
616  41  LYS  O  -4.658  4.051  -2.485  30.61
617  41  LYS  CB  -3.775  1  -1.852  40.08
618  41  LYS  CG  -2.731  -0.007  -1.322  8.28
619  41  LYS  CD  -2.848  -1.325  -2.069  4.36
620  41  LYS  CE  -4.219  -1.965  -1.841  114.87
621  41  LYS  NZ  -4.326  -3.277  -2.482  8.5
622  41  LYS  H  -4.124  1.271  0.541  8.1
623  41  LYS  HA  -2.87  2.728  -1.271  4.45
624  41  LYS  HB2  -4.665  0.631  -1.739  1.96
625  41  LYS  HB3  -3.604  1.146  -2.796  3.05
626  41  LYS  HG2  -1.826  0.342  -1.303  2.29
627  41  LYS  HG3  -2.895  -0.178  -0.381  8.02
628  41  LYS  HD2  -2.728  -1.166  -3.018  7.16
629  41  LYS  HD3  -2.164  -1.935  -1.751  106.12
630  41  LYS  HE2  -4.362  -2.075  -0.888  7.3
631  41  LYS  HE3  -4.907  -1.384  -2.201  182.45
632  41  LYS  HZ1  -5.145  -3.614  -2.392  24.09
633  41  LYS  HZ2  -3.733  -3.847  -2.143  8.27
634  41  LYS  HZ3  -4.142  -3.189  -3.348  4.23
635  42  LYS  N  -5.912  3.195  -0.863  125.86
636  42  LYS  CA  -6.989  4.143  -0.948  50.58
637  42  LYS  C  -6.471  5.547  -0.626  173.64
638  42  LYS  O  -6.777  6.514  -1.334  177.35
639  42  LYS  CB  -8.006  3.716  0.071  41.58
640  42  LYS  CG  -9.039  4.717  0.476  33.14
641  42  LYS  CD  -9.817  4.096  1.613  20.74
642  42  LYS  CE  -10.861  4.983  2.226  20.6
643  42  LYS  NZ  -11.495  4.277  3.369  8.04
644  42  LYS  H  -6.005  2.533  -0.323  8.12
645  42  LYS  HA  -7.393  4.124  -1.83  4.88
646  42  LYS  HB2  -8.475  2.94  -0.274  2.61
647  42  LYS  HB3  -7.52  3.441  0.864  2.39
648  42  LYS  HG2  -8.542  5.499  0.761  32.85
649  42  LYS  HG3  -9.62  4.924  -0.273  9.18
650  42  LYS  HD2  -10.265  3.311  1.261  4.16
651  42  LYS  HD3  -9.188  3.822  2.298  2.22
652  42  LYS  HE2  -10.441  5.801  2.534  129.72
653  42  LYS  HE3  -11.541  5.187  1.565  57.51
654  42  LYS  HZ1  -12.02  4.81  3.851  177.12
655  42  LYS  HZ2  -10.859  3.959  3.904  112.41
656  42  LYS  HZ3  -11.958  3.573  3.083  29.97
657  43  ARG  N  -5.657  5.657  0.432  177.41
658  43  ARG  CA  -5.115  6.943  0.814  63.68
659  43  ARG  C  -4.111  7.4  -0.233  176.24
660  43  ARG  O  -3.97  8.591  -0.505  130.98
661  43  ARG  CB  -4.449  6.873  2.191  32.08
662  43  ARG  CG  -3.982  8.227  2.719  26.98
663  43  ARG  CD  -5.147  9.204  2.819  50.58
664  43  ARG  NE  -4.728  10.527  3.265  123.51
665  43  ARG  CZ  -5.335  11.673  2.923  120.15
666  43  ARG  NH1  -6.405  11.656  2.119  9.64
667  43  ARG  NH2  -4.874  12.827  3.391  5.13
668  43  ARG  H  -5.44  4.969  0.9  3.15
669  43  ARG  HA  -5.856  7.568  0.843  4.27
670  43  ARG  HB2  -5.047  6.449  2.826  2.35
671  43  ARG  HB3  -3.669  6.304  2.103  2.03
672  43  ARG  HG2  -3.591  8.108  3.599  1.94
673  43  ARG  HG3  -3.317  8.592  2.115  2.02
674  43  ARG  HD2  -5.554  9.299  1.944  3.84
675  43  ARG  HD3  -5.802  8.852  3.442  3.68
676  43  ARG  HE  -4.046  10.544  3.789  114.71
677  43  ARG  HH11  -6.743  10.933  1.798  60.75
678  43  ARG  HH12  -6.8  12.384  1.886  181.7
679  43  ARG  HH21  -4.192  12.854  3.914  2.6
680  43  ARG  HH22  -5.228  13.587  3.201  71.64
681  44  LEU  N  -3.455  6.436  -0.839  117.46
682  44  LEU  CA  -2.465  6.686  -1.841  54.38
683  44  LEU  C  -3.118  7.259  -3.082  175.34
684  44  LEU  O  -2.574  8.158  -3.725  4.68
685  44  LEU  CB  -1.739  5.397  -2.186  40.78
686  44  LEU  CG  -1.014  4.677  -1.044  127.33
687  44  LEU  CD1  -0.273  3.46  -1.559  32.41
688  44  LEU  CD2  -0.069  5.606  -0.315  24.62
689  44  LEU  H  -3.624  5.617  -0.64  8.31
690  44  LEU  HA  -1.824  7.325  -1.492  4.63
691  44  LEU  HB2  -2.392  4.786  -2.561  2.74
692  44  LEU  HB3  -1.097  5.617  -2.879  2.55
693  44  LEU  HG  -1.679  4.364  -0.411  4.06
694  44  LEU  HD11  0.397  3.741  -2.202  41.07
695  44  LEU  HD12  -0.89  2.854  -1.998  2.22
696  44  LEU  HD13  0.165  3.006  -0.822  132.87
697  44  LEU  HD21  -0.567  6.335  0.086  132.87
698  44  LEU  HD22  0.591  5.956  -0.934  117.88
699  44  LEU  HD23  0.38  5.101  0.381  117.88
700  45  LYS  N  -4.287  6.735  -3.401  120.46
701  45  LYS  CA  -5.078  7.194  -4.523  52.08
702  45  LYS  C  -5.523  8.641  -4.307  174.24
703  45  LYS  O  -5.491  9.458  -5.233  5.03
704  45  LYS  CB  -6.298  6.276  -4.71  42.38
705  45  LYS  CG  -7.191  6.637  -5.885  26.08
706  45  LYS  CD  -8.319  5.636  -6.04  7.01
707  45  LYS  CE  -9.203  5.98  -7.221  7.01
708  45  LYS  NZ  -10.275  4.982  -7.424  6.71
709  45  LYS  H  -4.571  6.073  -2.931  7.51
710  45  LYS  HA  -4.528  7.148  -5.32  4.55
711  45  LYS  HB2  -5.996  5.362  -4.829  0.87
712  45  LYS  HB3  -6.833  6.316  -3.902  1.25
713  45  LYS  HG2  -7.57  7.516  -5.729  179.93
714  45  LYS  HG3  -6.66  6.648  -6.696  3.99
715  45  LYS  HD2  -7.939  4.754  -6.177  0.64
716  45  LYS  HD3  -8.854  5.634  -5.231  1.46
717  45  LYS  HE2  -9.607  6.848  -7.063  1.91
718  45  LYS  HE3  -8.652  6.024  -8.018  1.95
719  45  LYS  HZ1  -9.935  4.173  -7.574  7.3
720  45  LYS  HZ2  -10.783  5.206  -8.12  4.57
721  45  LYS  HZ3  -10.796  4.933  -6.704  2.62
722  46  GLN  N  -5.919  8.954  -3.085  2.17
723  46  GLN  CA  -6.354  10.306  -2.724  63.38
724  46  GLN  C  -5.178  11.29  -2.758  178.64
725  46  GLN  O  -5.305  12.414  -3.227  176.28
726  46  GLN  CB  -6.992  10.305  -1.332  31.78
727  46  GLN  CG  -8.228  9.424  -1.21  27.48
728  46  GLN  CD  -8.799  9.401  0.201  50.28
729  46  GLN  OE1  -8.068  9.544  1.194  7.9
730  46  GLN  NE2  -10.092  9.232  0.305  4.07
731  46  GLN  H  -5.925  8.331  -2.492  8.58
732  46  GLN  HA  -7.017  10.59  -3.373  4.39
733  46  GLN  HB2  -6.336  9.994  -0.689  1.63
734  46  GLN  HB3  -7.245  11.214  -1.106  2.24
735  46  GLN  HG2  -8.911  9.76  -1.811  118.71
736  46  GLN  HG3  -7.992  8.518  -1.464  2.04
737  46  GLN  HE21  -10.544  9.147  -0.422  174.41
738  46  GLN  HE22  -10.463  9.205  1.081  29.91
739  47  LEU  N  -4.039  10.837  -2.279  112.96
740  47  LEU  CA  -2.836  11.654  -2.189  46.68
741  47  LEU  C  -2.115  11.778  -3.553  174.64
742  47  LEU  O  -1.236  12.627  -3.727  140.66
743  47  LEU  CB  -1.917  11.102  -1.105  215.59
744  47  LEU  CG  -0.664  11.924  -0.754  8.4
745  47  LEU  CD1  -1.048  13.321  -0.285  102.45
746  47  LEU  CD2  0.147  11.218  0.323  59.82
747  47  LEU  H  -4.012  10.026  -1.995  9.31
748  47  LEU  HA  -3.12  12.543  -1.923  34.36
749  47  LEU  HB2  -2.435  10.939  -0.301  69.63
750  47  LEU  HB3  -1.636  10.245  -1.463  7.99
751  47  LEU  HG  -0.108  12.015  -1.544  20.96
752  47  LEU  HD11  -0.244  13.811  -0.053  7
753  47  LEU  HD12  -1.623  13.256  0.493  4.28
754  47  LEU  HD13  -1.514  13.787  -0.997  4.21
755  47  LEU  HD21  -0.394  11.114  1.121  38.31
756  47  LEU  HD22  0.933  11.746  0.534  173.92
757  47  LEU  HD23  0.419  10.344  0.003  132.12
758  48  SER  N  -2.469  10.88  -4.489  107.66
759  48  SER  CA  -1.917  10.84  -5.86  45.48
760  48  SER  C  -0.502  10.212  -5.869  174.64
761  48  SER  O  0.287  10.4  -6.808  179.41
762  48  SER  CB  -1.954  12.255  -6.529  129.93
763  48  SER  OG  -1.505  12.23  -7.882  28.95
764  48  SER  H  -3.061  10.296  -4.272  8.12
765  48  SER  HA  -2.487  10.235  -6.36  2.83
766  48  SER  HB2  -2.865  12.589  -6.513  2.57
767  48  SER  HB3  -1.388  12.857  -6.021  6.39
768  48  SER  HG  -2.044  12.683  -8.34  7.85
769  49  VAL  N  -0.217  9.411  -4.841  105.86
770  49  VAL  CA  1.064  8.717  -4.725  45.38
771  49  VAL  C  1.24  7.748  -5.889  173.24
772  49  VAL  O  2.2  7.857  -6.668  1.37
773  49  VAL  CB  1.169  7.937  -3.393  1.37
774  49  VAL  CG1  2.49  7.19  -3.295  175.2
775  49  VAL  CG2  1.011  8.869  -2.218  53.19
776  49  VAL  H  -0.827  9.3  -4.245  7.91
777  49  VAL  HA  1.77  9.381  -4.757  35.85
778  49  VAL  HB  0.44  7.297  -3.379  44.69
779  49  VAL  HG11  2.533  6.712  -2.452  25.54
780  49  VAL  HG12  3.222  7.824  -3.344  109.79
781  49  VAL  HG13  2.558  6.56  -4.029  109.01
782  49  VAL  HG21  1.062  8.368  -1.389  61.63
783  49  VAL  HG22  0.148  9.308  -2.276  179.25
784  49  VAL  HG23  1.716  9.535  -2.236  1.98
785  50  GLU  N  0.313  6.816  -6.007  117.06
786  50  GLU  CA  0.322  5.864  -7.07  55.48
787  50  GLU  C  -1.102  5.547  -7.56  176.14
788  50  GLU  O  -1.834  4.781  -6.934  7.24
789  50  GLU  CB  1.093  4.586  -6.68  42.18
790  50  GLU  CG  0.66  3.935  -5.37  26.88
791  50  GLU  CD  1.4  2.647  -5.087  175.38
792  50  GLU  OE1  2.58  2.695  -4.703  176.13
793  50  GLU  OE2  0.81  1.559  -5.246  65.59
794  50  GLU  H  -0.33  6.749  -5.44  7.29
795  50  GLU  HA  0.792  6.288  -7.805  4.16
796  50  GLU  HB2  0.928  3.94  -7.384  1.22
797  50  GLU  HB3  2.042  4.78  -6.637  1.31
798  50  GLU  HG2  0.831  4.554  -4.643  4.33
799  50  GLU  HG3  -0.29  3.746  -5.416  41.01
800  51  PRO  N  -1.542  6.21  -8.638  124.59
801  51  PRO  CA  -2.817  5.898  -9.278  54.28
802  51  PRO  C  -2.739  4.504  -9.875  172.74
803  51  PRO  O  -1.816  4.213  -10.647  131.06
804  51  PRO  CB  -2.943  6.955  -10.389  29.68
805  51  PRO  CG  -1.966  8.019  -10.024  124.29
806  51  PRO  CD  -0.854  7.32  -9.301  10.09
807  51  PRO  HA  -3.558  5.952  -8.655  4.89
808  51  PRO  HB2  -2.728  6.552  -11.245  3.29
809  51  PRO  HB3  -3.85  7.299  -10.41  2.7
810  51  PRO  HG2  -1.632  8.45  -10.826  7.8
811  51  PRO  HG3  -2.388  8.67  -9.442  7.8
812  51  PRO  HD2  -0.19  6.988  -9.925  6.94
813  51  PRO  HD3  -0.449  7.912  -8.648  7.13
814  52  TYR  N  -3.692  3.661  -9.514  122.36
815  52  TYR  CA  -3.715  2.248  -9.888  54.28
816  52  TYR  C  -2.614  1.495  -9.164  173.74
817  52  TYR  O  -1.461  1.415  -9.624  180.98
818  52  TYR  CB  -3.686  2.021  -11.41  34.18
819  52  TYR  CG  -4.891  2.591  -12.118  25.98
820  52  TYR  CD1  -4.896  3.893  -12.583  7.68
821  52  TYR  CD2  -6.029  1.825  -12.306  20.66
822  52  TYR  CE1  -5.995  4.417  -13.21  9.11
823  52  TYR  CE2  -7.135  2.34  -12.937  5.19
824  52  TYR  CZ  -7.115  3.64  -13.385  3.7
825  52  TYR  OH  -8.23  4.166  -14.013  60.28
826  52  TYR  H  -4.338  3.958  -9.03  8.68
827  52  TYR  HA  -4.549  1.905  -9.531  5.04
828  52  TYR  HB2  -2.893  2.436  -11.784  1.61
829  52  TYR  HB3  -3.662  1.066  -11.578  1.44
830  52  TYR  HD1  -4.137  4.417  -12.462  59.02
831  52  TYR  HD2  -6.038  0.947  -12  2.97
832  52  TYR  HE1  -5.974  5.295  -13.515  4.22
833  52  TYR  HE2  -7.891  1.812  -13.055  33.1
834  52  TYR  HH  -8.879  3.955  -13.524  19.35
835  53  SER  N  -2.969  0.985  -8.016  122.56
836  53  SER  CA  -2.064  0.331  -7.142  58.18
837  53  SER  C  -2.261  -1.193  -7.238  176.34
838  53  SER  O  -2.93  -1.705  -8.17  1.31
839  53  SER  CB  -2.341  0.841  -5.707  31.08
840  53  SER  OG  -1.411  0.337  -4.768  1.81
841  53  SER  H  -3.789  1.026  -7.76  8.71
842  53  SER  HA  -1.154  0.565  -7.383  4.99
843  53  SER  HB2  -2.282  1.809  -5.698  2.93
844  53  SER  HB3  -3.235  0.574  -5.441  2.77
845  53  SER  HG  -0.728  0.815  -4.87  125.26
846  54  GLN  N  -1.701  -1.9  -6.288  129.36
847  54  GLN  CA  -1.77  -3.337  -6.246  57.58
848  54  GLN  C  -3.202  -3.756  -5.923  178.54
849  54  GLN  O  -3.925  -3.017  -5.239  28.93
850  54  GLN  CB  -0.813  -3.906  -5.196  41.38
851  54  GLN  CG  -0.7  -5.416  -5.267  27.48
852  54  GLN  CD  0.139  -6.027  -4.18  216.82
853  54  GLN  OE1  0.211  -5.519  -3.06  113.16
854  54  GLN  NE2  0.776  -7.116  -4.497  8.79
855  54  GLN  H  -1.311  -1.441  -5.675  9.31
856  54  GLN  HA  -1.529  -3.677  -7.122  4.13
857  54  GLN  HB2  0.068  -3.52  -5.324  1.67
858  54  GLN  HB3  -1.138  -3.666  -4.314  1.86
859  54  GLN  HG2  -1.592  -5.791  -5.202  2.29
860  54  GLN  HG3  -0.319  -5.652  -6.127  7.46
861  54  GLN  HE21  0.684  -7.416  -5.298  6.95
862  54  GLN  HE22  1.254  -7.499  -3.893  131.72
863  55  GLU  N  -3.593  -4.934  -6.423  122.86
864  55  GLU  CA  -4.946  -5.503  -6.293  55.38
865  55  GLU  C  -5.887  -4.868  -7.328  178.94
866  55  GLU  O  -7.059  -5.217  -7.445  19.65
867  55  GLU  CB  -5.467  -5.424  -4.833  18.88
868  55  GLU  CG  -6.834  -6.024  -4.578  8.21
869  55  GLU  CD  -7.208  -5.954  -3.13  4.58
870  55  GLU  OE1  -7.595  -4.872  -2.654  1.7
871  55  GLU  OE2  -7.13  -6.992  -2.435  1.62
872  55  GLU  H  -3.024  -5.41  -6.859  8.37
873  55  GLU  HA  -4.852  -6.432  -6.555  4.14
874  55  GLU  HB2  -4.836  -5.882  -4.256  55.81
875  55  GLU  HB3  -5.489  -4.49  -4.573  177.81
876  55  GLU  HG2  -7.494  -5.537  -5.096  51.14
877  55  GLU  HG3  -6.827  -6.954  -4.855  38.2
878  56  GLU  N  -5.332  -3.964  -8.106  116.96
879  56  GLU  CA  -6.059  -3.299  -9.154  60.08
880  56  GLU  C  -5.287  -3.389  -10.472  173.94
881  56  GLU  O  -5.77  -3.975  -11.436  8.64
882  56  GLU  CB  -6.352  -1.854  -8.755  30.68
883  56  GLU  CG  -7.113  -1.054  -9.79  2.93
884  56  GLU  CD  -7.5  0.3  -9.277  2.84
885  56  GLU  OE1  -6.652  1.188  -9.206  7.63
886  56  GLU  OE2  -8.682  0.492  -8.925  6.97
887  56  GLU  H  -4.507  -3.763  -7.967  8.94
888  56  GLU  HA  -6.898  -3.773  -9.266  4.2
889  56  GLU  HB2  -6.873  -1.857  -7.937  2.64
890  56  GLU  HB3  -5.51  -1.405  -8.582  3.25
891  56  GLU  HG2  -6.555  -0.944  -10.576  32.33
892  56  GLU  HG3  -7.917  -1.54  -10.031  25.5
893  57  ALA  N  -4.075  -2.85  -10.497  121.86
894  57  ALA  CA  -3.231  -2.902  -11.703  52.48
895  57  ALA  C  -2.218  -4.027  -11.578  175.04
896  57  ALA  O  -1.179  -4.062  -12.255  7.87
897  57  ALA  CB  -2.556  -1.575  -11.926  16.08
898  57  ALA  H  -3.768  -2.443  -9.804  7.96
899  57  ALA  HA  -3.815  -3.11  -12.449  3.9
900  57  ALA  HB1  -1.991  -1.638  -12.712  1.63
901  57  ALA  HB2  -2.014  -1.345  -11.155  1.57
902  57  ALA  HB3  -3.237  -0.902  -12.08  1.94
903  58  GLU  N  -2.579  -4.953  -10.75  114.06
904  58  GLU  CA  -1.86  -6.109  -10.432  53.68
905  58  GLU  C  -2.817  -6.912  -9.568  173.34
906  58  GLU  O  -2.945  -6.661  -8.383  7.72
907  58  GLU  CB  -0.58  -5.73  -9.675  35.78
908  58  GLU  CG  0.406  -6.848  -9.511  26.28
909  58  GLU  CD  0.022  -7.909  -8.504  43.28
910  58  GLU  OE1  0.317  -7.733  -7.291  67.06
911  58  GLU  OE2  -0.576  -8.927  -8.896  176.96
912  58  GLU  H  -3.341  -4.874  -10.359  7.26
913  58  GLU  HA  -1.653  -6.595  -11.246  4.52
914  58  GLU  HB2  -0.14  -5.006  -10.147  0.96
915  58  GLU  HB3  -0.831  -5.414  -8.793  1.33
916  58  GLU  HG2  0.33  -7.244  -10.393  1.52
917  58  GLU  HG3  1.29  -6.481  -9.352  1.36
918  59  ARG  N  -3.551  -7.787  -10.18  119.36
919  59  ARG  CA  -4.584  -8.518  -9.482  57.28
920  59  ARG  C  -4.444  -10.026  -9.561  173.94
921  59  ARG  O  -3.953  -10.57  -10.543  2.29
922  59  ARG  CB  -6.004  -8.02  -9.9  40.68
923  59  ARG  CG  -6.238  -7.832  -11.417  6.85
924  59  ARG  CD  -6.149  -9.12  -12.23  7.48
925  59  ARG  NE  -6.262  -8.85  -13.665  118.94
926  59  ARG  CZ  -5.972  -9.71  -14.653  59.91
927  59  ARG  NH1  -5.609  -10.959  -14.381  178.94
928  59  ARG  NH2  -6.055  -9.316  -15.912  21.88
929  59  ARG  H  -3.413  -7.942  -11.015  8.34
930  59  ARG  HA  -4.471  -8.288  -8.547  4.72
931  59  ARG  HB2  -6.658  -8.663  -9.585  2.96
932  59  ARG  HB3  -6.173  -7.172  -9.46  2.57
933  59  ARG  HG2  -7.125  -7.461  -11.55  8.53
934  59  ARG  HG3  -5.581  -7.201  -11.75  3.17
935  59  ARG  HD2  -5.302  -9.555  -12.047  7.03
936  59  ARG  HD3  -6.875  -9.706  -11.964  8.03
937  59  ARG  HE  -6.519  -8.053  -13.862  4.09
938  59  ARG  HH11  -5.542  -11.266  -13.58  2.03
939  59  ARG  HH12  -5.425  -11.522  -15.005  1.83
940  59  ARG  HH21  -6.292  -8.516  -16.121  1.81
941  59  ARG  HH22  -5.871  -9.835  -16.573  1.72
942  60  ALA  N  -4.89  -10.68  -8.517  116.96
943  60  ALA  CA  -4.885  -12.13  -8.398  56.48
944  60  ALA  C  -6.3  -12.621  -8.659  175.44
945  60  ALA  O  -6.786  -13.565  -8.036  55.29
946  60  ALA  CB  -4.44  -12.51  -6.992  42.78
947  60  ALA  H  -5.218  -10.232  -7.86  8.52
948  60  ALA  HA  -4.269  -12.503  -9.048  4.72
949  60  ALA  HB1  -5.043  -12.113  -6.344  116.67
950  60  ALA  HB2  -3.538  -12.188  -6.836  2.56
951  60  ALA  HB3  -4.461  -13.475  -6.898  3.09
952  61  ALA  N  -6.925  -11.995  -9.63  116.06
953  61  ALA  CA  -8.277  -12.253  -9.981  63.58
954  61  ALA  C  -8.369  -12.494  -11.463  173.84
955  61  ALA  O  -8.625  -11.579  -12.262  43.32
956  61  ALA  CB  -9.182  -11.113  -9.55  38.98
957  61  ALA  H  -6.487  -11.432  -10.111  8.8
958  61  ALA  HA  -8.552  -13.06  -9.519  3.96
959  61  ALA  HB1  -8.924  -10.302  -10.016  60.79
960  61  ALA  HB2  -9.103  -10.977  -8.593  7.49
961  61  ALA  HB3  -10.098  -11.337  -9.779  4.17
962  62  GLY  N  -8.031  -13.673  -11.82  113.96
963  62  GLY  CA  -8.105  -14.121  -13.175  52.18
964  62  GLY  C  -8.05  -15.623  -13.242  174.64
965  62  GLY  O  -8.891  -16.297  -12.638  39.98
966  62  GLY  H  -7.736  -14.19  -11.199  7.39
967  62  GLY  HA2  -8.94  -13.812  -13.56  131.82
968  62  GLY  HA3  -7.36  -13.755  -13.678  115.57
969  63  MET  N  -7.048  -16.135  -13.951  112.66
970  63  MET  CA  -6.811  -17.571  -14.131  60.68
971  63  MET  C  -7.999  -18.214  -14.844  125.76
972  63  MET  O  -9.006  -18.597  -14.224  29.39
973  63  MET  CB  -6.478  -18.28  -12.781  62.88
974  63  MET  CG  -5.937  -19.733  -12.869  61.16
975  63  MET  SD  -7.073  -20.944  -13.601  177.55
976  63  MET  CE  -6.138  -22.46  -13.391  111.92
977  63  MET  H  -6.506  -15.594  -14.342  8.33
978  63  MET  HA  -6.048  -17.646  -14.726  3.81
979  63  MET  HB2  -5.81  -17.753  -12.316  3.91
980  63  MET  HB3  -7.285  -18.289  -12.243  3.78
981  63  MET  HG2  -5.13  -19.725  -13.407  118.23
982  63  MET  HG3  -5.704  -20.025  -11.974  1.96
983  63  MET  HE1  -5.296  -22.387  -13.868  7.34
984  63  MET  HE2  -6.648  -23.205  -13.745  6.81
985  63  MET  HE3  -5.962  -22.606  -12.448  8.18
986  64  GLY  N  -7.902  -18.273  -16.135  119.16
987  64  GLY  CA  -8.921  -18.874  -16.934  66.28
988  64  GLY  C  -8.338  -19.993  -17.725  175.84
989  64  GLY  O  -8.223  -19.916  -18.945  7.16
990  64  GLY  H  -7.208  -17.944  -16.522  7.9
991  64  GLY  HA2  -9.625  -19.212  -16.358  6.84
992  64  GLY  HA3  -9.286  -18.215  -17.545  124.94
993  65  SER  N  -7.923  -21.017  -17.035  120.16
994  65  SER  CA  -7.311  -22.142  -17.66  56.48
995  65  SER  C  -8.169  -23.388  -17.487  177.04
996  65  SER  O  -8.423  -23.831  -16.363  177.04
997  65  SER  CB  -5.919  -22.343  -17.08  39.08
998  65  SER  OG  -5.143  -21.153  -17.255  31.92
999  65  SER  H  -8.027  -21.029  -16.181  8.78
1000  65  SER  HA  -7.223  -21.949  -18.607  4.35
1001  65  SER  HB2  -5.995  -22.54  -16.133  2.73
1002  65  SER  HB3  -5.481  -23.078  -17.537  2.88
1003  65  SER  HG  -5.685  -20.556  -17.492  4.27
1004  66  TYR  N  -8.645  -23.898  -18.59  121.46
1005  66  TYR  CA  -9.433  -25.101  -18.628  57.58
1006  66  TYR  C  -8.604  -26.143  -19.381  175.74
1007  66  TYR  O  -7.657  -25.769  -20.087  2.88
1008  66  TYR  CB  -10.763  -24.81  -19.373  41.38
1009  66  TYR  CG  -11.787  -25.925  -19.325  26.28
1010  66  TYR  CD1  -12.692  -26.003  -18.282  23.98
1011  66  TYR  CD2  -11.849  -26.891  -20.316  26.18
1012  66  TYR  CE1  -13.625  -27.01  -18.219  53.92
1013  66  TYR  CE2  -12.782  -27.903  -20.26  178.68
1014  66  TYR  CZ  -13.666  -27.956  -19.213  106.72
1015  66  TYR  OH  -14.593  -28.972  -19.152  18.75
1016  66  TYR  H  -8.494  -23.5  -19.337  7.24
1017  66  TYR  HA  -9.615  -25.392  -17.721  2.86
1018  66  TYR  HB2  -11.177  -24.024  -18.984  1.02
1019  66  TYR  HB3  -10.563  -24.627  -20.304  1.86
1020  66  TYR  HD1  -12.662  -25.359  -17.612  0.28
1021  66  TYR  HD2  -11.248  -26.853  -21.025  0.76
1022  66  TYR  HE1  -14.225  -27.048  -17.509  62.41
1023  66  TYR  HE2  -12.814  -28.547  -20.93  176.49
1024  66  TYR  HH  -14.174  -29.69  -19.275  121.29
1025  67  VAL  N  -8.919  -27.411  -19.214  117.46
1026  67  VAL  CA  -8.218  -28.481  -19.918  60.18
1027  67  VAL  C  -8.361  -28.351  -21.453  179.64
1028  67  VAL  O  -9.478  -28.546  -21.999  31.56
1029  67  VAL  CB  -8.604  -29.916  -19.401  31.78
1030  67  VAL  CG1  -10.097  -30.191  -19.511  4.09
1031  67  VAL  CG2  -7.801  -30.992  -20.125  1.88
1032  67  VAL  H  -9.554  -27.617  -18.672  7.99
1033  67  VAL  HA  -7.279  -28.329  -19.729  3.79
1034  67  VAL  HB  -8.374  -29.954  -18.459  1.41
1035  67  VAL  HG11  -10.285  -31.083  -19.18  114.33
1036  67  VAL  HG12  -10.367  -30.123  -20.44  57.65
1037  67  VAL  HG13  -10.584  -29.539  -18.983  173.29
1038  67  VAL  HG21  -7.98  -30.943  -21.077  3.09
1039  67  VAL  HG22  -8.057  -31.867  -19.793  64.62
1040  67  VAL  HG23  -6.854  -30.85  -19.969  118.67
