1  1  ALA  N  -10.084  25.137  -14.542  121.24
2  1  ALA  CA  -10.178  26.409  -15.274  51.78
3  1  ALA  C  -11.588  26.688  -15.855  179.86
4  1  ALA  O  -11.77  27.631  -16.63  55.76
5  1  ALA  CB  -9.092  26.404  -16.36  19.38
6  1  ALA  H  -9.34  24.975  -14.082  30.39
7  1  ALA  HA  -9.988  27.138  -14.663  4.15
8  1  ALA  HB1  -9.078  27.259  -16.817  4.58
9  1  ALA  HB2  -8.222  26.255  -15.958  8.7
10  1  ALA  HB3  -9.271  25.702  -17.006  1.89
11  1  ALA  H2  -9.938  24.473  -15.117  3.94
12  1  ALA  H3  -9.412  25.178  -13.96  4.73
13  2  ASP  N  -12.592  25.881  -15.484  119.96
14  2  ASP  CA  -13.991  25.973  -15.947  54.43
15  2  ASP  C  -15.015  25.894  -14.787  175.79
16  2  ASP  O  -16.221  25.771  -15.014  53.69
17  2  ASP  CB  -14.245  24.872  -16.993  41.27
18  2  ASP  CG  -13.431  25.076  -18.282  126.18
19  2  ASP  OD1  -13.844  25.898  -19.136  42.99
20  2  ASP  OD2  -12.395  24.391  -18.466  174.03
21  2  ASP  H  -12.4  25.238  -14.946  8.47
22  2  ASP  HA  -14.134  26.832  -16.375  4.65
23  2  ASP  HB2  -14.04  24.008  -16.602  2.71
24  2  ASP  HB3  -15.186  24.865  -17.23  4.56
25  3  GLU  N  -14.55  25.979  -13.536  119.92
26  3  GLU  CA  -15.362  25.924  -12.308  57.28
27  3  GLU  C  -14.778  26.806  -11.185  175.99
28  3  GLU  O  -13.633  27.264  -11.247  2.02
29  3  GLU  CB  -15.481  24.458  -11.819  29.99
30  3  GLU  CG  -16.854  23.82  -12.087  36.08
31  3  GLU  CD  -18.028  24.455  -11.303  7.18
32  3  GLU  OE1  -17.81  25.36  -10.46  7.52
33  3  GLU  OE2  -19.192  24.05  -11.542  110.97
34  3  GLU  H  -13.705  26.097  -13.431  8.68
35  3  GLU  HA  -16.249  26.269  -12.497  4.2
36  3  GLU  HB2  -14.803  23.917  -12.252  1.88
37  3  GLU  HB3  -15.304  24.404  -10.867  1.82
38  3  GLU  HG2  -17.037  23.863  -13.039  2.06
39  3  GLU  HG3  -16.795  22.882  -11.848  2.01
40  4  PHE  N  -15.582  27.013  -10.14  118.9
41  4  PHE  CA  -15.274  27.785  -8.93  57.78
42  4  PHE  C  -15.73  27.063  -7.637  176.04
43  4  PHE  O  -15.436  27.52  -6.53  8.31
44  4  PHE  CB  -15.909  29.18  -9.08  39.54
45  4  PHE  CG  -15.463  30.211  -8.058  1.86
46  4  PHE  CD1  -14.16  30.743  -8.12  132.01
47  4  PHE  CD2  -16.349  30.655  -7.057  1.47
48  4  PHE  CE1  -13.744  31.708  -7.184  131.54
49  4  PHE  CE2  -15.933  31.62  -6.121  1.84
50  4  PHE  CZ  -14.631  32.146  -6.184  129.94
51  4  PHE  H  -16.36  26.648  -10.183  8.35
52  4  PHE  HA  -14.312  27.893  -8.864  4.68
53  4  PHE  HB2  -15.684  29.528  -9.957  3.28
54  4  PHE  HB3  -16.874  29.088  -9.048  3.04
55  4  PHE  HD1  -13.572  30.458  -8.782  7.28
56  4  PHE  HD2  -17.211  30.309  -7.01  126.12
57  4  PHE  HE1  -12.883  32.058  -7.227  7.38
58  4  PHE  HE2  -16.52  31.91  -5.46  176.22
59  4  PHE  HZ  -14.356  32.784  -5.566  7.33
60  5  GLY  N  -16.421  25.92  -7.758  108.62
61  5  GLY  CA  -16.906  25.098  -6.643  45.51
62  5  GLY  C  -17.125  23.625  -7.019  173.72
63  5  GLY  O  -16.846  23.202  -8.145  4.34
64  5  GLY  H  -16.6  25.635  -8.55  8.31
65  5  GLY  HA2  -16.27  25.127  -5.911  4.03
66  5  GLY  HA3  -17.747  25.461  -6.324  3.94
67  6  ASN  N  -17.616  22.834  -6.061  117.7
68  6  ASN  CA  -17.891  21.397  -6.205  53.32
69  6  ASN  C  -19.006  20.939  -5.233  175.62
70  6  ASN  O  -19.369  21.667  -4.302  42.25
71  6  ASN  CB  -16.564  20.638  -5.962  39.13
72  6  ASN  CG  -16.599  19.164  -6.346  4.58
73  6  ASN  OD1  -17.42  18.707  -7.131  5.22
74  6  ASN  ND2  -15.708  18.366  -5.804  113.23
75  6  ASN  H  -17.791  23.186  -5.296  8.44
76  6  ASN  HA  -18.196  21.222  -7.109  4.79
77  6  ASN  HB2  -15.854  21.048  -6.481  2.89
78  6  ASN  HB3  -16.327  20.714  -5.024  2.85
79  6  ASN  HD21  -15.126  18.675  -5.252  7.74
80  6  ASN  HD22  -15.722  17.533  -6.018  6.97
81  7  GLY  N  -19.533  19.725  -5.427  108.45
82  7  GLY  CA  -20.555  19.109  -4.569  45.52
83  7  GLY  C  -20.009  18.63  -3.213  173.7
84  7  GLY  O  -18.813  18.741  -2.926  33.97
85  7  GLY  H  -19.223  19.257  -6.079  8.55
86  7  GLY  HA2  -21.269  19.745  -4.406  4.01
87  7  GLY  HA3  -20.937  18.345  -5.029  6.8
88  8  ASP  N  -20.889  18.083  -2.369  119.31
89  8  ASP  CA  -20.555  17.585  -1.025  54.4
90  8  ASP  C  -21.364  16.327  -0.644  175.72
91  8  ASP  O  -22.555  16.217  -0.954  175.52
92  8  ASP  CB  -20.801  18.717  -0.012  41.67
93  8  ASP  CG  -20.415  18.308  1.419  28.89
94  8  ASP  OD1  -19.211  18.072  1.673  24.63
95  8  ASP  OD2  -21.314  18.223  2.29  128.03
96  8  ASP  H  -21.709  18.02  -2.619  8.24
97  8  ASP  HA  -19.614  17.351  -0.994  4.66
98  8  ASP  HB2  -20.276  19.492  -0.268  2.69
99  8  ASP  HB3  -21.736  18.973  -0.042  123.18
100  9  ALA  N  -20.709  15.388  0.044  122.61
101  9  ALA  CA  -21.26  14.122  0.541  52.55
102  9  ALA  C  -20.429  13.599  1.735  177.12
103  9  ALA  O  -19.304  14.058  1.963  9.05
104  9  ALA  CB  -21.265  13.102  -0.61  19.13
105  9  ALA  H  -19.886  15.539  0.242  8.25
106  9  ALA  HA  -22.171  14.262  0.843  4.33
107  9  ALA  HB1  -20.36  12.947  -0.922  6.96
108  9  ALA  HB2  -21.643  12.262  -0.306  10.5
109  9  ALA  HB3  -21.803  13.434  -1.346  7.42
110  10  LEU  N  -20.962  12.629  2.49  119.66
111  10  LEU  CA  -20.291  12.033  3.652  55.03
112  10  LEU  C  -20.718  10.568  3.873  176.43
113  10  LEU  O  -21.907  10.26  3.976  127.87
114  10  LEU  CB  -20.615  12.887  4.899  42.64
115  10  LEU  CG  -19.679  12.613  6.092  27.12
116  10  LEU  CD1  -18.34  13.335  5.926  25.37
117  10  LEU  CD2  -20.308  13.105  7.395  23.65
118  10  LEU  H  -21.741  12.327  2.286  8.15
119  10  LEU  HA  -19.334  12.049  3.496  4.36
120  10  LEU  HB2  -20.556  13.829  4.677  1.66
121  10  LEU  HB3  -21.531  12.709  5.163  1.57
122  10  LEU  HG  -19.516  11.66  6.172  1.66
123  10  LEU  HD11  -17.748  13.092  6.655  3.82
124  10  LEU  HD12  -17.924  13.092  5.084  1.66
125  10  LEU  HD13  -18.478  14.295  5.932  1.66
126  10  LEU  HD21  -19.708  12.931  8.137  1.3
127  10  LEU  HD22  -20.488  14.057  7.343  1.3
128  10  LEU  HD23  -21.14  12.632  7.554  2.23
129  11  ASP  N  -19.734  9.673  3.961  119.86
130  11  ASP  CA  -19.891  8.222  4.198  54.11
131  11  ASP  C  -18.841  7.658  5.19  175.08
132  11  ASP  O  -18.648  6.445  5.305  4.14
133  11  ASP  CB  -19.887  7.471  2.852  41.25
134  11  ASP  CG  -18.491  7.326  2.213  9.55
135  11  ASP  OD1  -17.753  8.335  2.106  117.77
136  11  ASP  OD2  -18.14  6.202  1.779  57.39
137  11  ASP  H  -18.934  9.959  3.83  8.38
138  11  ASP  HA  -20.757  8.076  4.611  4.64
139  11  ASP  HB2  -20.261  6.589  3.002  2.69
140  11  ASP  HB3  -20.477  7.926  2.23  2.64
141  12  LEU  N  -18.155  8.555  5.906  121.63
142  12  LEU  CA  -17.105  8.289  6.896  52.66
143  12  LEU  C  -17.656  7.69  8.211  125.32
144  12  LEU  O  -18.848  7.85  8.504  8.79
145  12  LEU  CB  -16.406  9.634  7.203  41.64
146  12  LEU  CG  -15.355  10.074  6.169  27.47
147  12  LEU  CD1  -15.94  10.395  4.791  25.47
148  12  LEU  CD2  -14.662  11.333  6.683  23.94
149  12  LEU  H  -18.363  9.38  5.78  7.96
150  12  LEU  HA  -16.462  7.666  6.523  4.69
151  12  LEU  HB2  -17.073  10.331  7.305  1.62
152  12  LEU  HB3  -15.956  9.564  8.059  1.5
153  12  LEU  HG  -14.693  9.372  6.076  1.66
154  12  LEU  HD11  -16.706  10.983  4.883  31.59
155  12  LEU  HD12  -15.275  10.831  4.236  1.79
156  12  LEU  HD13  -16.204  9.573  4.349  8.26
157  12  LEU  HD21  -15.314  12.041  6.799  4.86
158  12  LEU  HD22  -14.237  11.14  7.533  3.24
159  12  LEU  HD23  -13.978  11.616  6.057  2.99
160  13  PRO  N  -16.807  7.049  9.045  174.23
161  13  PRO  CA  -17.217  6.553  10.36  62.81
162  13  PRO  C  -17.556  7.725  11.3  176.09
163  13  PRO  O  -17.036  8.834  11.148  177.12
164  13  PRO  CB  -16.022  5.744  10.883  31.99
165  13  PRO  CG  -14.831  6.422  10.214  27.94
166  13  PRO  CD  -15.384  6.793  8.838  50.56
167  13  PRO  HA  -17.99  5.973  10.276  4.49
168  13  PRO  HB2  -15.95  5.769  11.85  2.1
169  13  PRO  HB3  -16.089  4.827  10.574  1.68
170  13  PRO  HG2  -14.599  7.23  10.698  2.11
171  13  PRO  HG3  -14.059  5.837  10.156  2
172  13  PRO  HD2  -14.91  7.565  8.492  3.87
173  13  PRO  HD3  -15.278  6.043  8.232  3.79
174  14  VAL  N  -18.412  7.472  12.296  119.45
175  14  VAL  CA  -18.842  8.461  13.3  62.19
176  14  VAL  C  -18.84  7.813  14.687  176.12
177  14  VAL  O  -19.661  6.942  14.984  176.42
178  14  VAL  CB  -20.23  9.057  12.968  33.68
179  14  VAL  CG1  -20.623  10.141  13.982  21.31
180  14  VAL  CG2  -20.27  9.706  11.577  20.74
181  14  VAL  H  -18.738  6.678  12.358  8.18
182  14  VAL  HA  -18.209  9.196  13.316  4.26
183  14  VAL  HB  -20.898  8.354  12.99  2.01
184  14  VAL  HG11  -20.697  9.762  14.872  8.92
185  14  VAL  HG12  -19.96  10.849  13.989  4.29
186  14  VAL  HG13  -21.486  10.516  13.745  1.72
187  14  VAL  HG21  -19.58  10.384  11.505  1.61
188  14  VAL  HG22  -20.131  9.035  10.891  2.06
189  14  VAL  HG23  -21.137  10.114  11.425  2.06
190  15  GLY  N  -17.896  8.231  15.531  112.5
191  15  GLY  CA  -17.715  7.74  16.9  44.17
192  15  GLY  C  -16.776  6.533  17.019  173.02
193  15  GLY  O  -16.439  5.864  16.037  9.11
194  15  GLY  H  -17.341  8.823  15.246  8.39
195  15  GLY  HA2  -17.349  8.461  17.436  4.38
196  15  GLY  HA3  -18.573  7.499  17.282  3.88
197  16  LYS  N  -16.351  6.25  18.257  117.9
198  16  LYS  CA  -15.426  5.158  18.609  59.85
199  16  LYS  C  -15.89  3.774  18.15  3.62
200  16  LYS  O  -15.073  2.994  17.666  176.31
201  16  LYS  CB  -15.154  5.23  20.122  32.74
202  16  LYS  CG  -14.214  4.125  20.626  24.6
203  16  LYS  CD  -13.759  4.408  22.063  29.41
204  16  LYS  CE  -12.929  3.224  22.562  42.1
205  16  LYS  NZ  -12.384  3.454  23.922  32.99
206  16  LYS  H  -16.628  6.759  18.893  8.39
207  16  LYS  HA  -14.589  5.314  18.145  3.81
208  16  LYS  HB2  -14.754  6.092  20.317  1.82
209  16  LYS  HB3  -15.992  5.168  20.606  1.88
210  16  LYS  HG2  -14.681  3.275  20.6  1.48
211  16  LYS  HG3  -13.434  4.071  20.052  1.43
212  16  LYS  HD2  -13.221  5.215  22.075  1.77
213  16  LYS  HD3  -14.535  4.526  22.633  1.73
214  16  LYS  HE2  -13.489  2.432  22.558  2.98
215  16  LYS  HE3  -12.195  3.093  21.942  64.09
216  16  LYS  HZ1  -11.591  3.855  23.884  8.31
217  16  LYS  HZ2  -12.916  4.011  24.368  9.46
218  16  LYS  HZ3  -12.295  2.698  24.383  4.65
219  17  ASP  N  -17.184  3.474  18.257  117.97
220  17  ASP  CA  -17.755  2.19  17.82  57.59
221  17  ASP  C  -17.563  1.958  16.311  178.32
222  17  ASP  O  -17.15  0.871  15.898  110.57
223  17  ASP  CB  -19.245  2.129  18.184  39.97
224  17  ASP  CG  -19.465  2.105  19.705  173.82
225  17  ASP  OD1  -19.365  1.014  20.315  37.14
226  17  ASP  OD2  -19.743  3.178  20.294  66.49
227  17  ASP  H  -17.707  4.065  18.598  8.45
228  17  ASP  HA  -17.3  1.469  18.283  4.47
229  17  ASP  HB2  -19.704  2.888  17.792  2.72
230  17  ASP  HB3  -19.627  1.325  17.798  2.63
231  18  ALA  N  -17.806  2.985  15.486  122.46
232  18  ALA  CA  -17.609  2.909  14.039  54.71
233  18  ALA  C  -16.122  2.769  13.681  180.53
234  18  ALA  O  -15.774  1.94  12.841  58.09
235  18  ALA  CB  -18.211  4.151  13.373  18.87
236  18  ALA  H  -18.062  3.733  15.823  8.29
237  18  ALA  HA  -18.071  2.127  13.699  4.18
238  18  ALA  HB1  -19.157  4.21  13.578  4.17
239  18  ALA  HB2  -17.76  4.949  13.691  23.43
240  18  ALA  HB3  -18.097  4.082  12.412  23.43
241  19  VAL  N  -15.238  3.541  14.327  118.47
242  19  VAL  CA  -13.784  3.464  14.09  66.74
243  19  VAL  C  -13.235  2.085  14.471  176.21
244  19  VAL  O  -12.518  1.479  13.678  1.66
245  19  VAL  CB  -13.038  4.594  14.826  31.68
246  19  VAL  CG1  -11.516  4.416  14.742  24.04
247  19  VAL  CG2  -13.386  5.955  14.21  22.96
248  19  VAL  H  -15.535  4.101  14.908  7.97
249  19  VAL  HA  -13.622  3.574  13.14  3.41
250  19  VAL  HB  -13.298  4.598  15.761  2.08
251  19  VAL  HG11  -11.061  5.222  15.032  8.68
252  19  VAL  HG12  -11.237  3.687  15.318  118.97
253  19  VAL  HG13  -11.258  4.217  13.828  60.59
254  19  VAL  HG21  -13.116  5.981  13.279  177.72
255  19  VAL  HG22  -14.341  6.117  14.266  1.76
256  19  VAL  HG23  -12.93  6.661  14.695  38.89
257  20  ASN  N  -13.602  1.541  15.637  117.1
258  20  ASN  CA  -13.177  0.199  16.048  56.01
259  20  ASN  C  -13.683  -0.87  15.061  178.36
260  20  ASN  O  -12.917  -1.75  14.666  130.59
261  20  ASN  CB  -13.65  -0.088  17.485  37.15
262  20  ASN  CG  -12.828  0.596  18.569  105.12
263  20  ASN  OD1  -11.736  1.113  18.363  8.33
264  20  ASN  ND2  -13.312  0.586  19.788  111.95
265  20  ASN  H  -14.122  1.986  16.158  8.51
266  20  ASN  HA  -12.208  0.154  16.026  4.48
267  20  ASN  HB2  -14.581  0.169  17.579  2.94
268  20  ASN  HB3  -13.591  -1.042  17.651  2.76
269  20  ASN  HD21  -14.067  0.208  19.952  7.73
270  20  ASN  HD22  -12.848  0.954  20.411  7.17
271  21  SER  N  -14.942  -0.778  14.617  115.56
272  21  SER  CA  -15.505  -1.712  13.627  62.01
273  21  SER  C  -14.757  -1.626  12.289  174.82
274  21  SER  O  -14.385  -2.653  11.723  178.52
275  21  SER  CB  -16.997  -1.438  13.395  62.76
276  21  SER  OG  -17.736  -1.586  14.598  41.09
277  21  SER  H  -15.439  -0.141  14.912  8.23
278  21  SER  HA  -15.413  -2.619  13.959  4.23
279  21  SER  HB2  -17.118  -0.54  13.048  4
280  21  SER  HB3  -17.333  -2.07  12.741  3.95
281  21  SER  HG  -17.599  -0.904  15.069  4.36
282  22  LEU  N  -14.468  -0.409  11.812  121.97
283  22  LEU  CA  -13.715  -0.152  10.58  58.27
284  22  LEU  C  -12.298  -0.743  10.645  179.48
285  22  LEU  O  -11.848  -1.347  9.67  58.19
286  22  LEU  CB  -13.703  1.37  10.336  42.29
287  22  LEU  CG  -13.073  1.817  9.006  26.41
288  22  LEU  CD1  -13.903  1.368  7.802  24.89
289  22  LEU  CD2  -13.001  3.343  8.974  25.83
290  22  LEU  H  -14.736  0.275  12.26  7.66
291  22  LEU  HA  -14.175  -0.595  9.85  4.15
292  22  LEU  HB2  -14.616  1.696  10.363  1.9
293  22  LEU  HB3  -13.217  1.793  11.061  1.76
294  22  LEU  HG  -12.173  1.462  8.93  1.82
295  22  LEU  HD11  -13.945  0.4  7.765  1.54
296  22  LEU  HD12  -14.803  1.723  7.87  1.86
297  22  LEU  HD13  -13.494  1.69  6.984  52.33
298  22  LEU  HD21  -12.589  3.639  8.147  7.79
299  22  LEU  HD22  -13.896  3.71  9.038  4.12
300  22  LEU  HD23  -12.468  3.664  9.718  40.98
301  23  ILE  N  -11.619  -0.612  11.791  118.36
302  23  ILE  CA  -10.291  -1.194  12.033  65.46
303  23  ILE  C  -10.367  -2.728  11.962  176.99
304  23  ILE  O  -9.58  -3.342  11.242  59.69
305  23  ILE  CB  -9.724  -0.71  13.393  38.71
306  23  ILE  CG1  -9.338  0.786  13.334  28.99
307  23  ILE  CG2  -8.494  -1.537  13.81  16.99
308  23  ILE  CD  -9.161  1.413  14.726  33.88
309  23  ILE  H  -11.993  -0.174  12.43  7.8
310  23  ILE  HA  -9.688  -0.901  11.332  3.64
311  23  ILE  HB  -10.408  -0.828  14.07  1.71
312  23  ILE  HG12  -8.516  0.892  12.83  0.14
313  23  ILE  HG13  -10.028  1.287  12.871  1.22
314  23  ILE  HG21  -8.743  -2.455  13.998  2.22
315  23  ILE  HG22  -7.844  -1.526  13.09  2.02
316  23  ILE  HG23  -8.093  -1.179  14.617  2.44
317  23  ILE  HD11  -9.054  2.491  14.629  2.44
318  23  ILE  HD12  -10.036  1.208  15.343  7.64
319  23  ILE  HD13  -8.271  1.021  15.216  6.61
320  24  ARG  N  -11.316  -3.357  12.674  116.56
321  24  ARG  CA  -11.495  -4.825  12.686  59.11
322  24  ARG  C  -11.837  -5.396  11.305  178.89
323  24  ARG  O  -11.282  -6.421  10.913  175.57
324  24  ARG  CB  -12.554  -5.232  13.732  30.4
325  24  ARG  CG  -11.963  -5.571  15.11  27.72
326  24  ARG  CD  -11.252  -4.4  15.804  43.43
327  24  ARG  NE  -10.68  -4.804  17.105  2.21
328  24  ARG  CZ  -11.29  -4.824  18.278  21.88
329  24  ARG  NH1  -12.544  -4.493  18.419  7.39
330  24  ARG  NH2  -10.643  -5.185  19.348  3.78
331  24  ARG  H  -11.847  -2.874  13.148  7.77
332  24  ARG  HA  -10.651  -5.239  12.925  4.09
333  24  ARG  HB2  -13.224  -4.537  13.822  2.01
334  24  ARG  HB3  -13.008  -6.032  13.423  1.77
335  24  ARG  HG2  -12.687  -5.877  15.678  1.81
336  24  ARG  HG3  -11.336  -6.303  15.007  1.72
337  24  ARG  HD2  -10.533  -4.083  15.236  3.28
338  24  ARG  HD3  -11.878  -3.67  15.931  3.03
339  24  ARG  HE  -9.854  -5.045  17.104  46.1
340  24  ARG  HH11  -13  -4.271  17.724  117.88
341  24  ARG  HH12  -12.92  -4.525  19.192  4.6
342  24  ARG  HH21  -9.816  -5.414  19.298  3.77
343  24  ARG  HH22  -11.039  -5.2  20.111  3.77
344  25  GLU  N  -12.718  -4.736  10.553  114.65
345  25  GLU  CA  -13.119  -5.15  9.197  57.47
346  25  GLU  C  -12.013  -4.96  8.135  176.15
347  25  GLU  O  -12.122  -5.504  7.033  172.59
348  25  GLU  CB  -14.394  -4.397  8.776  30.51
349  25  GLU  CG  -15.635  -4.908  9.523  36.61
350  25  GLU  CD  -16.909  -4.185  9.043  176.17
351  25  GLU  OE1  -17.528  -4.64  8.049  125
352  25  GLU  OE2  -17.313  -3.169  9.659  139.68
353  25  GLU  H  -13.08  -4.031  10.886  8.06
354  25  GLU  HA  -13.322  -6.099  9.208  4.32
355  25  GLU  HB2  -14.28  -3.446  8.932  2.23
356  25  GLU  HB3  -14.543  -4.531  7.827  2.1
357  25  GLU  HG2  -15.724  -5.861  9.365  2.52
358  25  GLU  HG3  -15.521  -4.784  10.478  2.44
359  26  ASN  N  -10.949  -4.209  8.448  118.15
360  26  ASN  CA  -9.824  -3.911  7.549  52.4
361  26  ASN  C  -8.457  -4.113  8.239  175.56
362  26  ASN  O  -7.515  -3.35  8.011  58.99
363  26  ASN  CB  -9.992  -2.486  6.996  40.89
364  26  ASN  CG  -11.27  -2.289  6.203  176.96
365  26  ASN  OD1  -11.346  -2.577  5.017  42.49
366  26  ASN  ND2  -12.308  -1.792  6.835  116.62
367  26  ASN  H  -10.937  -3.844  9.227  7.66
368  26  ASN  HA  -9.843  -4.53  6.803  5.34
369  26  ASN  HB2  -9.969  -1.86  7.736  2.71
370  26  ASN  HB3  -9.25  -2.278  6.407  2.22
371  26  ASN  HD21  -12.234  -1.606  7.671  7.41
372  26  ASN  HD22  -13.04  -1.676  6.398  8.23
373  27  SER  N  -8.343  -5.133  9.098  116.03
374  27  SER  CA  -7.134  -5.463  9.88  61.34
375  27  SER  C  -5.836  -5.615  9.065  174.54
376  27  SER  O  -4.737  -5.507  9.615  4.57
377  27  SER  CB  -7.385  -6.724  10.712  63.65
378  27  SER  OG  -7.684  -7.831  9.873  2.15
379  27  SER  H  -9.034  -5.63  9.224  8.12
380  27  SER  HA  -6.989  -4.736  10.505  4.9
381  27  SER  HB2  -6.598  -6.92  11.244  4.19
382  27  SER  HB3  -8.13  -6.564  11.312  4.17
383  27  SER  HG  -7.834  -8.5  10.359  0.9
384  28  HSE  N  -5.94  -5.838  7.751  118.72
385  28  HSE  CA  -4.82  -5.944  6.81  57.7
386  28  HSE  C  -4.184  -4.588  6.447  175.82
387  28  HSE  O  -3.026  -4.566  6.022  23.13
388  28  HSE  CB  -5.307  -6.673  5.544  29.79
389  28  HSE  CG  -6.41  -5.975  4.775  3.88
390  28  HSE  ND1  -7.648  -5.574  5.293  240.61
391  28  HSE  CD2  -6.376  -5.671  3.445  118.8
392  28  HSE  CE1  -8.322  -5.029  4.264  139.09
393  28  HSE  NE2  -7.58  -5.072  3.145  168.43
394  28  HSE  H  -6.871  -5.901  7.361  9.11
395  28  HSE  HA  -4.035  -6.549  7.264  4.63
396  28  HSE  HB2  -4.455  -6.817  4.878  3.21
397  28  HSE  HB3  -5.666  -7.663  5.827  3.11
398  28  HSE  HD2  -5.559  -5.872  2.763  7.11
399  28  HSE  HE1  -9.323  -4.617  4.324  8.13
400  28  HSE  HE2  -7.875  -4.734  2.235  57.89
401  29  ILE  N  -4.903  -3.469  6.626  111.1
402  29  ILE  CA  -4.452  -2.099  6.293  62.09
403  29  ILE  C  -4.648  -1.057  7.408  173.21
404  29  ILE  O  -3.964  -0.032  7.4  24.09
405  29  ILE  CB  -5.11  -1.598  4.985  40.88
406  29  ILE  CG1  -6.655  -1.638  5.054  24.37
407  29  ILE  CG2  -4.554  -2.373  3.78  18.6
408  29  ILE  CD  -7.368  -1.041  3.835  8.21
409  29  ILE  H  -5.703  -3.566  6.927  6.99
410  29  ILE  HA  -3.494  -2.12  6.14  4.45
411  29  ILE  HB  -4.842  -0.673  4.866  1.45
412  29  ILE  HG12  -6.952  -2.556  5.156  0.04
413  29  ILE  HG13  -6.947  -1.14  5.834  -0.35
414  29  ILE  HG21  -3.584  -2.361  3.796  1.64
415  29  ILE  HG22  -4.859  -3.294  3.801  1.64
416  29  ILE  HG23  -4.847  -1.959  2.953  2.98
417  29  ILE  HD11  -7.026  -0.021  3.666  2.98
418  29  ILE  HD12  -7.178  -1.645  2.949  7.46
419  29  ILE  HD13  -8.442  -1.025  4.021  4.25
420  30  PHE  N  -5.527  -1.311  8.377  120.54
421  30  PHE  CA  -5.802  -0.444  9.529  53.39
422  30  PHE  C  -5.57  -1.23  10.827  173.54
423  30  PHE  O  -5.777  -2.445  10.882  176.32
424  30  PHE  CB  -7.267  0.04  9.499  41.94
425  30  PHE  CG  -7.773  0.804  8.282  40.69
426  30  PHE  CD1  -6.914  1.525  7.428  132.5
427  30  PHE  CD2  -9.157  0.808  8.022  3.14
428  30  PHE  CE1  -7.427  2.177  6.292  130.94
429  30  PHE  CE2  -9.672  1.458  6.888  8.21
430  30  PHE  CZ  -8.804  2.132  6.014  129.56
431  30  PHE  H  -5.973  -2.045  8.339  8.12
432  30  PHE  HA  -5.213  0.327  9.529  5.81
433  30  PHE  HB2  -7.83  -0.743  9.604  3.37
434  30  PHE  HB3  -7.417  0.6  10.277  3.07
435  30  PHE  HD1  -6.003  1.578  7.608  7.63
436  30  PHE  HD2  -9.737  0.371  8.603  25.92
437  30  PHE  HE1  -6.855  2.643  5.725  7.41
438  30  PHE  HE2  -10.585  1.439  6.714  42.33
439  30  PHE  HZ  -9.144  2.553  5.258  7.34
440  31  SER  N  -5.163  -0.539  11.889  113.49
441  31  SER  CA  -4.931  -1.123  13.216  56.38
442  31  SER  C  -5.165  -0.1  14.332  174.11
443  31  SER  O  -5.297  1.103  14.09  6.82
444  31  SER  CB  -3.517  -1.712  13.308  67.4
445  31  SER  OG  -2.547  -0.687  13.364  2.29
446  31  SER  H  -5.031  0.306  11.798  8.47
447  31  SER  HA  -5.553  -1.854  13.355  4.92
448  31  SER  HB2  -3.446  -2.252  14.11  4.39
449  31  SER  HB3  -3.348  -2.283  12.542  4.1
450  31  SER  HG  -2.597  -0.255  12.646  117.07
451  32  ASP  N  -5.191  -0.582  15.575  117.78
452  32  ASP  CA  -5.379  0.225  16.787  57.33
453  32  ASP  C  -4.292  1.304  17.005  175.71
454  32  ASP  O  -4.487  2.211  17.816  32.59
455  32  ASP  CB  -5.429  -0.748  17.975  41.66
456  32  ASP  CG  -5.876  -0.075  19.28  21.18
457  32  ASP  OD1  -7.024  0.427  19.32  7.41
458  32  ASP  OD2  -5.108  -0.092  20.272  4.03
459  32  ASP  H  -5.086  -1.429  15.681  8.92
460  32  ASP  HA  -6.235  0.678  16.725  4.42
461  32  ASP  HB2  -6.057  -1.459  17.773  2.73
462  32  ASP  HB3  -4.554  -1.151  18.09  7.96
463  33  THR  N  -3.152  1.223  16.299  101.05
464  33  THR  CA  -2.024  2.165  16.447  60.99
465  33  THR  C  -1.281  2.517  15.139  175.69
466  33  THR  O  -0.232  3.16  15.177  117.07
467  33  THR  CB  -1.081  1.655  17.552  70.38
468  33  THR  OG1  -0.207  2.648  18.046  174.22
469  33  THR  CG2  -0.239  0.466  17.094  21.78
470  33  THR  H  -3.066  0.565  15.752  7.76
471  33  THR  HA  -2.396  2.998  16.776  5.03
472  33  THR  HB  -1.638  1.374  18.295  4.52
473  33  THR  HG1  -0.658  3.349  18.155  4.37
474  33  THR  HG21  -0.819  -0.237  16.761  3.88
475  33  THR  HG22  0.364  0.746  16.387  3.81
476  33  THR  HG23  0.277  0.128  17.843  2.18
477  34  GLN  N  -1.796  2.149  13.96  122.35
478  34  GLN  CA  -1.175  2.484  12.665  55.65
479  34  GLN  C  -2.151  2.339  11.483  173.14
480  34  GLN  O  -2.921  1.379  11.425  121.47
481  34  GLN  CB  0.045  1.558  12.439  32.42
482  34  GLN  CG  0.916  1.947  11.232  33.86
483  34  GLN  CD  2.114  1.013  11.049  4.27
484  34  GLN  OE1  2.013  -0.206  11.106  2.09
485  34  GLN  NE2  3.298  1.538  10.809  110.67
486  34  GLN  H  -2.533  1.707  13.948  7.77
487  34  GLN  HA  -0.877  3.406  12.702  5.07
488  34  GLN  HB2  0.613  1.574  13.225  2
489  34  GLN  HB3  -0.269  0.648  12.322  1.9
490  34  GLN  HG2  0.394  1.92  10.415  2.09
491  34  GLN  HG3  1.237  2.853  11.36  1.94
492  34  GLN  HE21  3.4  2.39  10.755  7.21
493  34  GLN  HE22  3.965  1.005  10.707  6.81
494  35  CYS  N  -2.049  3.24  10.503  125.96
495  35  CYS  CA  -2.799  3.199  9.239  58.53
496  35  CYS  C  -1.798  3.047  8.081  177.29
497  35  CYS  O  -0.995  3.951  7.835  27.74
498  35  CYS  CB  -3.624  4.485  9.071  31.32
499  35  CYS  SG  -4.544  4.585  7.509  99.97
500  35  CYS  H  -1.457  3.857  10.595  8.47
501  35  CYS  HA  -3.407  2.443  9.232  5.34
502  35  CYS  HB2  -4.253  4.563  9.806  2.62
503  35  CYS  HB3  -3.023  5.245  9.104  2.56
504  35  CYS  HG  -4.402  5.676  7.029  2.63
505  36  LYS  N  -1.831  1.918  7.359  126.1
506  36  LYS  CA  -0.917  1.642  6.231  59.43
507  36  LYS  C  -1.255  2.45  4.978  178.14
508  36  LYS  O  -0.344  2.901  4.288  175.52
509  36  LYS  CB  -0.923  0.148  5.879  32.91
510  36  LYS  CG  -0.543  -0.76  7.058  26.35
511  36  LYS  CD  -0.362  -2.191  6.545  29.46
512  36  LYS  CE  -0.299  -3.195  7.701  42.1
513  36  LYS  NZ  -0.372  -4.591  7.195  129.46
514  36  LYS  H  -2.413  1.319  7.564  9.35
515  36  LYS  HA  -0.013  1.887  6.482  4.27
516  36  LYS  HB2  -1.802  -0.103  5.554  2.02
517  36  LYS  HB3  -0.287  0.005  5.161  1.99
518  36  LYS  HG2  0.285  -0.454  7.461  1.39
519  36  LYS  HG3  -1.248  -0.74  7.724  1.59
520  36  LYS  HD2  -1.107  -2.416  5.966  1.75
521  36  LYS  HD3  0.456  -2.232  6.025  1.77
522  36  LYS  HE2  0.521  -3.055  8.199  2.98
523  36  LYS  HE3  -1.045  -3.028  8.299  1.77
524  36  LYS  HZ1  0.268  -4.737  6.594  1.86
525  36  LYS  HZ2  -0.27  -5.18  7.854  4.97
526  36  LYS  HZ3  -1.156  -4.751  6.805  120.07
527  37  VAL  N  -2.545  2.68  4.705  118.26
528  37  VAL  CA  -3.017  3.476  3.549  65.95
529  37  VAL  C  -2.395  4.875  3.551  177.67
530  37  VAL  O  -1.929  5.352  2.517  32.99
531  37  VAL  CB  -4.558  3.56  3.529  32.43
532  37  VAL  CG1  -5.085  4.528  2.467  21.9
533  37  VAL  CG2  -5.158  2.181  3.247  23.17
534  37  VAL  H  -3.126  2.341  5.24  7.71
535  37  VAL  HA  -2.729  3.041  2.731  3.59
536  37  VAL  HB  -4.874  3.863  4.395  2.06
537  37  VAL  HG11  -4.676  4.337  1.608  1.68
538  37  VAL  HG12  -6.048  4.437  2.392  1.68
539  37  VAL  HG13  -4.896  5.443  2.729  1.3
540  37  VAL  HG21  -6.125  2.242  3.198  1.3
541  37  VAL  HG22  -4.819  1.834  2.407  6.76
542  37  VAL  HG23  -4.926  1.569  3.963  130.63
543  38  CYS  N  -2.345  5.508  4.724  119.84
544  38  CYS  CA  -1.757  6.826  4.947  60.81
545  38  CYS  C  -0.309  6.749  5.48  175.12
546  38  CYS  O  0.293  7.785  5.766  32.42
547  38  CYS  CB  -2.697  7.56  5.902  30.98
548  38  CYS  SG  -4.391  7.694  5.262  121.17
549  38  CYS  H  -2.686  5.124  5.414  8.7
550  38  CYS  HA  -1.74  7.332  4.12  4.15
551  38  CYS  HB2  -2.715  7.094  6.753  3.31
552  38  CYS  HB3  -2.351  8.453  6.057  2.66
553  38  CYS  HG  -5.075  8.276  6.058  1.94
554  39  SER  N  0.237  5.529  5.616  113.36
555  39  SER  CA  1.566  5.179  6.15  58.77
556  39  SER  C  1.969  6.051  7.348  172.73
557  39  SER  O  3.005  6.723  7.347  42.97
558  39  SER  CB  2.62  5.175  5.032  61.27
559  39  SER  OG  2.401  4.102  4.127  4.93
560  39  SER  H  -0.255  4.864  5.383  7.81
561  39  SER  HA  1.491  4.277  6.5  3.97
562  39  SER  HB2  2.591  6.02  4.557  4.13
563  39  SER  HB3  3.503  5.068  5.419  4.05
564  39  SER  HG  1.575  4.02  3.998  7.42
565  40  ALA  N  1.105  6.054  8.366  119.56
566  40  ALA  CA  1.238  6.873  9.572  49.97
567  40  ALA  C  0.921  6.095  10.859  175.34
568  40  ALA  O  0.013  5.26  10.9  176.92
569  40  ALA  CB  0.311  8.088  9.425  21.56
570  40  ALA  H  0.412  5.551  8.287  7.61
571  40  ALA  HA  2.149  7.198  9.641  4.67
572  40  ALA  HB1  0.553  8.595  8.634  49.83
573  40  ALA  HB2  -0.61  7.795  9.347  4.46
574  40  ALA  HB3  0.396  8.662  10.203  2.33
575  41  VAL  N  1.67  6.4  11.922  123.32
576  41  VAL  CA  1.513  5.805  13.26  62.49
577  41  VAL  C  0.495  6.622  14.07  174.74
578  41  VAL  O  0.354  7.834  13.896  3.68
579  41  VAL  CB  2.88  5.716  13.978  32.49
580  41  VAL  CG1  2.798  5.054  15.361  21.16
581  41  VAL  CG2  3.877  4.885  13.155  21.16
582  41  VAL  H  2.269  7.01  11.828  8.45
583  41  VAL  HA  1.159  4.908  13.156  4.16
584  41  VAL  HB  3.239  6.61  14.087  1.94
585  41  VAL  HG11  2.413  4.167  15.286  31.7
586  41  VAL  HG12  3.686  4.98  15.744  113.25
587  41  VAL  HG13  2.261  5.59  15.966  53.75
588  41  VAL  HG21  3.531  3.989  13.019  8.95
589  41  VAL  HG22  4.04  5.301  12.294  4.45
590  41  VAL  HG23  4.725  4.829  13.622  2.27
591  42  LEU  N  -0.225  5.936  14.954  127.5
592  42  LEU  CA  -1.321  6.425  15.791  52.84
593  42  LEU  C  -0.993  6.101  17.26  176.41
594  42  LEU  O  -1.543  5.175  17.856  8.55
595  42  LEU  CB  -2.633  5.777  15.284  41.59
596  42  LEU  CG  -2.919  5.963  13.778  26.33
597  42  LEU  CD1  -4.107  5.112  13.332  26.24
598  42  LEU  CD2  -3.203  7.423  13.43  23.23
599  42  LEU  H  -0.057  5.095  15.014  8.21
600  42  LEU  HA  -1.397  7.389  15.711  4.71
601  42  LEU  HB2  -2.588  4.825  15.467  1.93
602  42  LEU  HB3  -3.378  6.133  15.793  0.84
603  42  LEU  HG  -2.157  5.665  13.257  1.18
604  42  LEU  HD11  -3.945  4.179  13.543  115.05
605  42  LEU  HD12  -4.921  5.399  13.774  4.82
606  42  LEU  HD13  -4.226  5.196  12.373  7.72
607  42  LEU  HD21  -3.377  7.495  12.478  4.67
608  42  LEU  HD22  -3.97  7.746  13.928  2.11
609  42  LEU  HD23  -2.433  7.975  13.639  1.94
610  43  ILE  N  -0.026  6.836  17.82  115.54
611  43  ILE  CA  0.545  6.658  19.17  61.87
612  43  ILE  C  -0.449  6.633  20.351  175.08
613  43  ILE  O  -0.08  6.195  21.444  62.99
614  43  ILE  CB  1.683  7.675  19.427  39.1
615  43  ILE  CG1  1.239  9.156  19.503  26.73
616  43  ILE  CG2  2.845  7.473  18.437  18.23
617  43  ILE  CD  0.861  9.867  18.194  26.62
618  43  ILE  H  0.333  7.448  17.335  8.28
619  43  ILE  HA  0.956  5.779  19.174  4.36
620  43  ILE  HB  2.045  7.462  20.301  2.18
621  43  ILE  HG12  0.484  9.224  20.108  1.35
622  43  ILE  HG13  1.969  9.658  19.899  1.31
623  43  ILE  HG21  3.165  6.559  18.491  1.94
624  43  ILE  HG22  2.569  7.654  17.525  3.8
625  43  ILE  HG23  3.576  8.068  18.667  3.66
626  43  ILE  HD11  0.653  10.915  18.411  122.07
627  43  ILE  HD12  1.682  9.823  17.479  54.19
628  43  ILE  HD13  -0.035  9.426  17.76  174.62
629  44  SER  N  -1.701  7.056  20.154  111.98
630  44  SER  CA  -2.773  7.014  21.156  56.09
631  44  SER  C  -4.146  6.916  20.483  173.89
632  44  SER  O  -4.313  7.294  19.319  24.09
633  44  SER  CB  -2.725  8.257  22.054  66.79
634  44  SER  OG  -3.523  8.052  23.21  8.58
635  44  SER  H  -1.916  7.325  19.366  7.49
636  44  SER  HA  -2.654  6.229  21.713  4.82
637  44  SER  HB2  -1.809  8.422  22.328  4.3
638  44  SER  HB3  -3.054  9.026  21.563  3.95
639  44  SER  HG  -3.459  8.732  23.699  173.45
640  45  GLU  N  -5.15  6.437  21.22  122.38
641  45  GLU  CA  -6.532  6.309  20.744  59.7
642  45  GLU  C  -7.115  7.646  20.264  178.04
643  45  GLU  O  -7.831  7.659  19.269  180.17
644  45  GLU  CB  -7.389  5.663  21.84  29.46
645  45  GLU  CG  -8.839  5.484  21.38  35.96
646  45  GLU  CD  -9.561  4.424  22.215  50.89
647  45  GLU  OE1  -10.019  4.736  23.34  176.62
648  45  GLU  OE2  -9.696  3.278  21.724  32.85
649  45  GLU  H  -4.977  6.221  22.034  9.18
650  45  GLU  HA  -6.554  5.712  19.98  4.16
651  45  GLU  HB2  -7.013  4.793  22.045  2.22
652  45  GLU  HB3  -7.37  6.208  22.642  2.1
653  45  GLU  HG2  -9.301  6.334  21.451  2.35
654  45  GLU  HG3  -8.848  5.214  20.448  2.29
655  46  SER  N  -6.782  8.779  20.889  112.41
656  46  SER  CA  -7.249  10.095  20.425  61.77
657  46  SER  C  -6.744  10.424  19.013  177.41
658  46  SER  O  -7.517  10.913  18.185  30.02
659  46  SER  CB  -6.868  11.191  21.421  62.21
660  46  SER  OG  -5.481  11.153  21.723  179.26
661  46  SER  H  -6.243  8.75  21.559  8.61
662  46  SER  HA  -8.218  10.074  20.381  4.2
663  46  SER  HB2  -7.108  12.054  21.048  4.22
664  46  SER  HB3  -7.378  11.054  22.235  3.93
665  46  SER  HG  -5.332  11.704  22.339  175.36
666  47  GLN  N  -5.487  10.085  18.689  121.39
667  47  GLN  CA  -4.953  10.239  17.33  59
668  47  GLN  C  -5.622  9.241  16.376  178.35
669  47  GLN  O  -5.979  9.624  15.263  7.72
670  47  GLN  CB  -3.422  10.074  17.283  28.88
671  47  GLN  CG  -2.67  11.348  17.697  34.35
672  47  GLN  CD  -2.701  11.605  19.2  174.46
673  47  GLN  OE1  -2.125  10.871  19.99  112.8
674  47  GLN  NE2  -3.354  12.653  19.655  111.2
675  47  GLN  H  -5.001  9.709  19.29  7.91
676  47  GLN  HA  -5.173  11.125  17.002  4.16
677  47  GLN  HB2  -3.141  9.324  17.83  2.17
678  47  GLN  HB3  -3.167  9.88  16.367  2.09
679  47  GLN  HG2  -1.743  11.262  17.425  2.6
680  47  GLN  HG3  -3.037  12.108  17.219  2.4
681  47  GLN  HE21  -3.761  13.187  19.118  7.51
682  47  GLN  HE22  -3.376  12.774  20.506  6.81
683  48  LYS  N  -5.841  7.984  16.798  121.29
684  48  LYS  CA  -6.526  6.967  15.976  60.01
685  48  LYS  C  -7.952  7.415  15.615  177.1
686  48  LYS  O  -8.337  7.383  14.448  127.33
687  48  LYS  CB  -6.437  5.575  16.668  32.41
688  48  LYS  CG  -7.777  4.937  17.078  24.62
689  48  LYS  CD  -7.657  3.617  17.851  30.43
690  48  LYS  CE  -9.09  3.206  18.206  41.77
691  48  LYS  NZ  -9.172  2.132  19.222  114.85
692  48  LYS  H  -5.579  7.774  17.59  8.37
693  48  LYS  HA  -6.057  6.91  15.129  4.06
694  48  LYS  HB2  -5.99  4.962  16.064  2.29
695  48  LYS  HB3  -5.883  5.647  17.461  2.22
696  48  LYS  HG2  -8.251  5.555  17.656  1.84
697  48  LYS  HG3  -8.31  4.783  16.282  1.19
698  48  LYS  HD2  -7.24  2.94  17.296  2.04
699  48  LYS  HD3  -7.134  3.747  18.657  1.77
700  48  LYS  HE2  -9.547  3.992  18.544  2.87
701  48  LYS  HE3  -9.524  2.915  17.389  2.76
702  48  LYS  HZ1  -9.892  1.63  19.074  7.41
703  48  LYS  HZ2  -8.455  1.604  19.21  7.41
704  48  LYS  HZ3  -9.252  2.465  20.043  126.87
705  49  LEU  N  -8.711  7.891  16.604  117.34
706  49  LEU  CA  -10.086  8.37  16.45  58.52
707  49  LEU  C  -10.156  9.582  15.515  176.4
708  49  LEU  O  -11.046  9.639  14.666  29.69
709  49  LEU  CB  -10.696  8.661  17.84  41.24
710  49  LEU  CG  -11.02  7.394  18.665  27.26
711  49  LEU  CD1  -11.521  7.752  20.063  25.44
712  49  LEU  CD2  -12.104  6.534  18.022  23.29
713  49  LEU  H  -8.363  7.896  17.39  8.53
714  49  LEU  HA  -10.605  7.677  16.013  3.99
715  49  LEU  HB2  -10.083  9.219  18.344  1.9
716  49  LEU  HB3  -11.518  9.162  17.722  1.46
717  49  LEU  HG  -10.224  6.847  18.757  1.91
718  49  LEU  HD11  -10.847  8.275  20.525  1.95
719  49  LEU  HD12  -12.342  8.265  20.003  120.07
720  49  LEU  HD13  -11.687  6.941  20.568  54.59
721  49  LEU  HD21  -11.788  6.172  17.179  174.32
722  49  LEU  HD22  -12.305  5.786  18.606  122.21
723  49  LEU  HD23  -12.904  7.061  17.873  39.79
724  50  ALA  N  -9.221  10.527  15.623  117.75
725  50  ALA  CA  -9.166  11.676  14.723  54.77
726  50  ALA  C  -8.739  11.282  13.299  180.08
727  50  ALA  O  -9.341  11.749  12.333  8.59
728  50  ALA  CB  -8.226  12.727  15.327  18.17
729  50  ALA  H  -8.619  10.452  16.233  7.9
730  50  ALA  HA  -10.056  12.053  14.643  4.07
731  50  ALA  HB1  -7.329  12.367  15.409  122.87
732  50  ALA  HB2  -8.203  13.51  14.755  61.29
733  50  ALA  HB3  -8.546  12.989  16.204  174.42
734  51  HSE  N  -7.729  10.418  13.147  114.43
735  51  HSE  CA  -7.23  9.983  11.841  60.75
736  51  HSE  C  -8.289  9.217  11.034  178.7
737  51  HSE  O  -8.561  9.586  9.894  8.25
738  51  HSE  CB  -5.959  9.141  12.033  29.91
739  51  HSE  CG  -5.257  8.813  10.737  3.16
740  51  HSE  ND1  -4.111  9.412  10.253  170.07
741  51  HSE  CD2  -5.654  7.894  9.802  126.18
742  51  HSE  CE1  -3.838  8.882  9.047  140.66
743  51  HSE  NE2  -4.76  7.961  8.73  215.59
744  51  HSE  H  -7.264  10.063  13.976  8.4
745  51  HSE  HA  -6.957  10.87  11.267  3.93
746  51  HSE  HB2  -5.262  9.697  12.661  3.08
747  51  HSE  HB3  -6.209  8.211  12.546  2.71
748  51  HSE  HD1  -3.579  10.144  10.707  34.36
749  51  HSE  HD2  -6.526  7.255  9.863  4.87
750  51  HSE  HE1  -3.018  9.176  8.395  7.99
751  52  TYR  N  -8.93  8.193  11.609  114.84
752  52  TYR  CA  -9.948  7.401  10.898  61.94
753  52  TYR  C  -11.23  8.185  10.55  175.37
754  52  TYR  O  -11.955  7.789  9.637  123.47
755  52  TYR  CB  -10.235  6.102  11.668  38.31
756  52  TYR  CG  -9.066  5.122  11.673  173.92
757  52  TYR  CD1  -8.566  4.622  10.455  132.12
758  52  TYR  CD2  -8.471  4.711  12.881  40.49
759  52  TYR  CE1  -7.459  3.753  10.439  117.93
760  52  TYR  CE2  -7.369  3.835  12.875  130.86
761  52  TYR  CZ  -6.857  3.356  11.651  130.86
762  52  TYR  OH  -5.8  2.503  11.642  129.93
763  52  TYR  H  -8.733  7.979  12.418  7.98
764  52  TYR  HA  -9.573  7.144  10.041  3.4
765  52  TYR  HB2  -10.484  6.328  12.578  2.83
766  52  TYR  HB3  -10.992  5.655  11.258  2.57
767  52  TYR  HD1  -8.968  4.87  9.654  6.39
768  52  TYR  HD2  -8.808  5.017  13.692  2.37
769  52  TYR  HE1  -7.121  3.432  9.634  6.41
770  52  TYR  HE2  -6.977  3.565  13.674  6.74
771  52  TYR  HH  -5.562  2.312  12.425  7.17
772  53  GLN  N  -11.493  9.316  11.22  112.89
773  53  GLN  CA  -12.633  10.209  10.942  56.41
774  53  GLN  C  -12.228  11.446  10.105  175.2
775  53  GLN  O  -13.089  12.235  9.708  53.19
776  53  GLN  CB  -13.3  10.632  12.264  30.52
777  53  GLN  CG  -13.905  9.441  13.026  35.85
778  53  GLN  CD  -14.561  9.863  14.337  44.69
779  53  GLN  OE1  -15.775  9.944  14.473  25.54
780  53  GLN  NE2  -13.78  10.141  15.357  109.79
781  53  GLN  H  -10.948  9.548  11.843  7.3
782  53  GLN  HA  -13.296  9.731  10.42  4.36
783  53  GLN  HB2  -12.646  11.079  12.823  2.42
784  53  GLN  HB3  -14.014  11.26  12.072  1.98
785  53  GLN  HG2  -14.571  9.009  12.469  2.53
786  53  GLN  HG3  -13.207  8.797  13.225  2.35
787  53  GLN  HE21  -12.929  10.076  15.253  6.93
788  53  GLN  HE22  -14.137  10.385  16.1  6.84
789  54  SER  N  -10.932  11.638  9.828  112.77
790  54  SER  CA  -10.408  12.761  9.038  58.93
791  54  SER  C  -10.829  12.705  7.566  175.38
792  54  SER  O  -10.842  11.644  6.932  176.13
793  54  SER  CB  -8.877  12.794  9.112  65.59
794  54  SER  OG  -8.371  13.865  8.329  43.99
795  54  SER  H  -10.365  11.073  10.142  7.35
796  54  SER  HA  -10.74  13.587  9.424  4.49
797  54  SER  HB2  -8.602  12.912  10.035  4.4
798  54  SER  HB3  -8.514  11.959  8.777  4.33
799  54  SER  HG  -7.573  14.002  8.554  3.45
800  55  ARG  N  -11.105  13.881  6.986  124.59
801  55  ARG  CA  -11.425  14.036  5.556  58.65
802  55  ARG  C  -10.226  13.664  4.675  175.22
803  55  ARG  O  -10.411  13.119  3.586  54.9
804  55  ARG  CB  -11.903  15.47  5.262  30.04
805  55  ARG  CG  -13.125  15.899  6.092  27.47
806  55  ARG  CD  -14.378  15.048  5.845  42.76
807  55  ARG  NE  -15.516  15.519  6.659  29.51
808  55  ARG  CZ  -15.806  15.196  7.909  8.57
809  55  ARG  NH1  -15.089  14.36  8.607  4.48
810  55  ARG  NH2  -16.845  15.717  8.494  2.68
811  55  ARG  H  -11.031  14.587  7.472  9.19
812  55  ARG  HA  -12.142  13.425  5.324  4.08
813  55  ARG  HB2  -11.178  16.089  5.443  1.95
814  55  ARG  HB3  -12.127  15.543  4.321  176.72
815  55  ARG  HG2  -12.896  15.848  7.033  1.79
816  55  ARG  HG3  -13.33  16.823  5.878  1.74
817  55  ARG  HD2  -14.613  15.104  4.906  3.3
818  55  ARG  HD3  -14.188  14.119  6.05  3.27
819  55  ARG  HE  -16.052  16.075  6.28  2.87
820  55  ARG  HH11  -14.4  13.981  8.258  7.68
821  55  ARG  HH12  -15.301  14.171  9.419  4.38
822  55  ARG  HH21  -17.341  16.281  8.075  3.12
823  55  ARG  HH22  -17.033  15.513  9.308  2.94
824  56  LYS  N  -8.996  13.905  5.152  112.87
825  56  LYS  CA  -7.752  13.552  4.443  60.28
826  56  LYS  C  -7.609  12.034  4.311  178.58
827  56  LYS  O  -7.342  11.544  3.215  68.1
828  56  LYS  CB  -6.53  14.153  5.167  32.47
829  56  LYS  CG  -6.522  15.69  5.259  26.3
830  56  LYS  CD  -6.515  16.378  3.883  29.44
831  56  LYS  CE  -6.239  17.887  3.98  42.3
832  56  LYS  NZ  -7.349  18.634  4.631  4.22
833  56  LYS  H  -8.939  14.255  5.936  4.06
834  56  LYS  HA  -7.786  13.9  3.538  4.07
835  56  LYS  HB2  -6.486  13.795  6.067  1.86
836  56  LYS  HB3  -5.725  13.872  4.704  1.79
837  56  LYS  HG2  -7.292  15.987  5.769  1.72
838  56  LYS  HG3  -5.723  15.954  5.742  1.57
839  56  LYS  HD2  -5.815  15.982  3.342  1.94
840  56  LYS  HD3  -7.363  16.234  3.434  1.81
841  56  LYS  HE2  -5.412  18.022  4.47  3.09
842  56  LYS  HE3  -6.103  18.228  3.082  27.79
843  56  LYS  HZ1  -8.105  18.569  4.166  8.28
844  56  LYS  HZ2  -7.511  18.312  5.445  4.36
845  56  LYS  HZ3  -7.149  19.496  4.723  0.99
846  57  HSE  N  -7.863  11.292  5.394  116.16
847  57  HSE  CA  -7.843  9.821  5.407  59.93
848  57  HSE  C  -8.867  9.252  4.422  175.44
849  57  HSE  O  -8.521  8.4  3.609  58.39
850  57  HSE  CB  -8.104  9.311  6.832  29.82
851  57  HSE  CG  -8.346  7.821  6.927  112.03
852  57  HSE  ND1  -7.362  6.835  7.038  216.82
853  57  HSE  CD2  -9.571  7.218  6.9  120.72
854  57  HSE  CE1  -8.016  5.665  7.076  140.15
855  57  HSE  NE2  -9.344  5.864  6.999  169.86
856  57  HSE  H  -8.115  11.777  6.242  7.32
857  57  HSE  HA  -6.861  9.461  5.092  4.14
858  57  HSE  HB2  -7.249  9.569  7.458  2.94
859  57  HSE  HB3  -8.98  9.816  7.237  1.91
860  57  HSE  HD2  -10.527  7.716  6.806  7.4
861  57  HSE  HE1  -7.541  4.696  7.163  7.94
862  57  HSE  HE2  -10.046  5.132  6.999  8.24
863  58  ALA  N  -10.108  9.751  4.443  119.82
864  58  ALA  CA  -11.162  9.305  3.529  55.42
865  58  ALA  C  -10.782  9.487  2.046  180.28
866  58  ALA  O  -10.958  8.567  1.244  58.65
867  58  ALA  CB  -12.447  10.052  3.88  18.64
868  58  ALA  H  -10.299  10.355  5.024  7.43
869  58  ALA  HA  -11.313  8.358  3.676  3.87
870  58  ALA  HB1  -12.656  9.898  4.815  1.7
871  58  ALA  HB2  -12.34  11.004  3.728  1.62
872  58  ALA  HB3  -13.175  9.719  3.332  2.05
873  59  ASN  N  -10.207  10.64  1.68  115.51
874  59  ASN  CA  -9.724  10.888  0.316  55.81
875  59  ASN  C  -8.573  9.926  -0.043  177.81
876  59  ASN  O  -8.58  9.341  -1.128  51.14
877  59  ASN  CB  -9.311  12.366  0.171  38.2
878  59  ASN  CG  -10.5  13.277  -0.08  123.51
879  59  ASN  OD1  -10.94  13.459  -1.206  67.39
880  59  ASN  ND2  -11.1  13.84  0.939  111.91
881  59  ASN  H  -10.088  11.244  2.281  8.64
882  59  ASN  HA  -10.44  10.7  -0.311  4.45
883  59  ASN  HB2  -8.823  12.663  0.955  2.93
884  59  ASN  HB3  -8.721  12.454  -0.594  2.84
885  59  ASN  HD21  -10.829  13.687  1.741  7.63
886  59  ASN  HD22  -11.771  14.355  0.786  6.97
887  60  LYS  N  -7.615  9.707  0.872  120.83
888  60  LYS  CA  -6.498  8.761  0.678  59.46
889  60  LYS  C  -7.008  7.331  0.462  2.2
890  60  LYS  O  -6.548  6.656  -0.456  7.47
891  60  LYS  CB  -5.512  8.852  1.862  32.33
892  60  LYS  CG  -4.046  8.996  1.431  25.5
893  60  LYS  CD  -3.496  7.767  0.696  29.48
894  60  LYS  CE  -1.991  7.943  0.468  42.36
895  60  LYS  NZ  -1.349  6.667  0.06  56.39
896  60  LYS  H  -7.664  10.132  1.618  7.87
897  60  LYS  HA  -6.037  9.017  -0.136  4.02
898  60  LYS  HB2  -5.718  9.63  2.404  2.1
899  60  LYS  HB3  -5.604  8.074  2.434  1.78
900  60  LYS  HG2  -3.955  9.778  0.864  1.63
901  60  LYS  HG3  -3.516  9.14  2.231  1.57
902  60  LYS  HD2  -3.655  6.98  1.241  1.94
903  60  LYS  HD3  -3.942  7.656  -0.158  1.81
904  60  LYS  HE2  -1.853  8.626  -0.206  3.09
905  60  LYS  HE3  -1.59  8.254  1.295  2.83
906  60  LYS  HZ1  -1.721  6.333  -0.676  7.72
907  60  LYS  HZ2  -0.481  6.781  -0.098  6.95
908  60  LYS  HZ3  -1.427  6.068  0.714  117.97
909  61  VAL  N  -7.992  6.886  1.252  119.95
910  61  VAL  CA  -8.646  5.571  1.105  67.06
911  61  VAL  C  -9.344  5.461  -0.25  176.96
912  61  VAL  O  -9.181  4.443  -0.921  27.79
913  61  VAL  CB  -9.618  5.294  2.271  32.15
914  61  VAL  CG1  -10.499  4.056  2.046  22.12
915  61  VAL  CG2  -8.836  5.046  3.566  24.05
916  61  VAL  H  -8.269  7.41  1.875  8.47
917  61  VAL  HA  -7.967  4.878  1.115  3.64
918  61  VAL  HB  -10.197  6.062  2.397  2.1
919  61  VAL  HG11  -9.947  3.281  1.858  3.97
920  61  VAL  HG12  -11.032  3.883  2.838  3.09
921  61  VAL  HG13  -11.108  4.204  1.305  2.29
922  61  VAL  HG21  -8.312  4.233  3.491  126.14
923  61  VAL  HG22  -8.239  5.786  3.757  6.85
924  61  VAL  HG23  -9.459  4.958  4.304  7.48
925  62  ARG  N  -10.074  6.493  -0.7  118.94
926  62  ARG  CA  -10.741  6.492  -2.017  59.91
927  62  ARG  C  -9.737  6.317  -3.165  178.94
928  62  ARG  O  -9.969  5.505  -4.062  21.88
929  62  ARG  CB  -11.566  7.776  -2.171  29.93
930  62  ARG  CG  -12.521  7.679  -3.371  27.69
931  62  ARG  CD  -13.408  8.921  -3.472  43.58
932  62  ARG  NE  -12.637  10.108  -3.9  8.43
933  62  ARG  CZ  -12.321  11.165  -3.174  8.53
934  62  ARG  NH1  -12.748  11.341  -1.958  3.17
935  62  ARG  NH2  -11.542  12.091  -3.648  1.89
936  62  ARG  H  -10.156  7.184  -0.195  8.03
937  62  ARG  HA  -11.355  5.742  -2.058  4.09
938  62  ARG  HB2  -12.094  7.907  -1.368  2.03
939  62  ARG  HB3  -10.975  8.537  -2.279  1.83
940  62  ARG  HG2  -12.02  7.576  -4.195  1.81
941  62  ARG  HG3  -13.093  6.904  -3.256  1.72
942  62  ARG  HD2  -14.104  8.745  -4.124  3.28
943  62  ARG  HD3  -13.83  9.062  -2.61  28.25
944  62  ARG  HE  -12.338  10.099  -4.706  114.27
945  62  ARG  HH11  -13.302  10.781  -1.612  55.29
946  62  ARG  HH12  -12.52  12.058  -1.542  177.02
947  62  ARG  HH21  -11.237  12.044  -4.451  1.95
948  62  ARG  HH22  -11.307  12.733  -3.127  38.79
949  63  ARG  N  -8.595  7.017  -3.108  116.67
950  63  ARG  CA  -7.502  6.89  -4.093  58.81
951  63  ARG  C  -6.867  5.499  -4.032  177.24
952  63  ARG  O  -6.731  4.844  -5.062  7.98
953  63  ARG  CB  -6.44  7.986  -3.869  30.29
954  63  ARG  CG  -6.918  9.417  -4.173  27.47
955  63  ARG  CD  -7.262  9.636  -5.652  43.32
956  63  ARG  NE  -7.56  11.057  -5.926  7.43
957  63  ARG  CZ  -7.937  11.576  -7.082  6.6
958  63  ARG  NH1  -8.111  10.846  -8.148  113.27
959  63  ARG  NH2  -8.153  12.855  -7.19  60.79
960  63  ARG  H  -8.496  7.554  -2.443  7.49
961  63  ARG  HA  -7.864  6.973  -4.989  4.17
962  63  ARG  HB2  -6.139  7.953  -2.948  1.97
963  63  ARG  HB3  -5.673  7.799  -4.432  1.81
964  63  ARG  HG2  -7.697  9.626  -3.635  1.74
965  63  ARG  HG3  -6.207  10.029  -3.926  39.98
966  63  ARG  HD2  -6.508  9.356  -6.194  3.24
967  63  ARG  HD3  -8.034  9.096  -5.88  131.82
968  63  ARG  HE  -7.461  11.61  -5.275  115.57
969  63  ARG  HH11  -7.969  9.999  -8.105  55.69
970  63  ARG  HH12  -8.356  11.204  -8.89  174.62
971  63  ARG  HH21  -8.035  13.374  -6.515  125.76
972  63  ARG  HH22  -8.394  13.192  -7.944  29.39
973  64  TYR  N  -6.528  5.018  -2.835  120.29
974  64  TYR  CA  -5.955  3.685  -2.622  61.16
975  64  TYR  C  -6.872  2.571  -3.154  177.55
976  64  TYR  O  -6.408  1.692  -3.878  111.92
977  64  TYR  CB  -5.651  3.504  -1.129  39.49
978  64  TYR  CG  -5.146  2.121  -0.766  4.18
979  64  TYR  CD1  -3.79  1.791  -0.959  133.6
980  64  TYR  CD2  -6.041  1.156  -0.266  0.61
981  64  TYR  CE1  -3.333  0.493  -0.66  118.23
982  64  TYR  CE2  -5.589  -0.145  0.03  1.96
983  64  TYR  CZ  -4.231  -0.481  -0.172  7.34
984  64  TYR  OH  -3.782  -1.738  0.093  6.81
985  64  TYR  H  -6.658  5.519  -2.148  8.18
986  64  TYR  HA  -5.12  3.627  -3.112  4.22
987  64  TYR  HB2  -4.984  4.159  -0.871  3.32
988  64  TYR  HB3  -6.453  3.687  -0.615  3.22
989  64  TYR  HD1  -3.198  2.426  -1.292  7.16
990  64  TYR  HD2  -6.935  1.377  -0.138  3.82
991  64  TYR  HE1  -2.441  0.266  -0.792  6.84
992  64  TYR  HE2  -6.181  -0.784  0.355  124.94
993  64  TYR  HH  -4.394  -2.248  0.358  138.17
994  65  MET  N  -8.175  2.625  -2.859  115.97
995  65  MET  CA  -9.167  1.657  -3.35  56.74
996  65  MET  C  -9.237  1.629  -4.886  177.04
997  65  MET  O  -9.346  0.551  -5.473  4.45
998  65  MET  CB  -10.549  1.967  -2.749  31.92
999  65  MET  CG  -10.63  1.496  -1.294  32.97
1000  65  MET  SD  -10.665  -0.312  -1.115  123.03
1001  65  MET  CE  -9.746  -0.479  0.435  17.09
1002  65  MET  H  -8.453  3.267  -2.359  8.7
1003  65  MET  HA  -8.9  0.772  -3.055  4.27
1004  65  MET  HB2  -10.722  2.92  -2.795  2.23
1005  65  MET  HB3  -11.236  1.508  -3.257  2.19
1006  65  MET  HG2  -9.87  1.85  -0.807  2.94
1007  65  MET  HG3  -11.435  1.858  -0.891  2.88
1008  65  MET  HE1  -9.708  -1.413  0.693  2.25
1009  65  MET  HE2  -8.845  -0.147  0.3  1.93
1010  65  MET  HE3  -10.181  0.033  1.134  3.03
1011  66  ALA  N  -9.129  2.789  -5.547  120.39
1012  66  ALA  CA  -9.107  2.882  -7.009  53.92
1013  66  ALA  C  -7.816  2.279  -7.61  178.68
1014  66  ALA  O  -7.87  1.615  -8.648  106.72
1015  66  ALA  CB  -9.284  4.351  -7.413  18.75
1016  66  ALA  H  -9.05  3.516  -5.094  7.62
1017  66  ALA  HA  -9.86  2.381  -7.36  4.27
1018  66  ALA  HB1  -8.537  4.883  -7.097  9.1
1019  66  ALA  HB2  -9.329  4.418  -8.38  4.28
1020  66  ALA  HB3  -10.107  4.7  -7.036  3.24
1021  67  ILE  N  -6.666  2.479  -6.953  115.6
1022  67  ILE  CA  -5.354  1.939  -7.36  62.41
1023  67  ILE  C  -5.291  0.412  -7.149  176.49
1024  67  ILE  O  -4.711  -0.304  -7.968  121.29
1025  67  ILE  CB  -4.228  2.678  -6.589  38.78
1026  67  ILE  CG1  -4.161  4.161  -7.032  27.83
1027  67  ILE  CG2  -2.849  2.019  -6.794  17.44
1028  67  ILE  CD  -3.349  5.061  -6.091  31.56
1029  67  ILE  H  -6.698  2.959  -6.24  7.73
1030  67  ILE  HA  -5.228  2.101  -8.308  4.09
1031  67  ILE  HB  -4.435  2.646  -5.642  1.88
1032  67  ILE  HG12  -3.786  4.215  -7.925  1.57
1033  67  ILE  HG13  -5.056  4.533  -7.075  1.25
1034  67  ILE  HG21  -2.845  1.117  -6.437  1.41
1035  67  ILE  HG22  -2.629  1.991  -7.738  114.33
1036  67  ILE  HG23  -2.161  2.514  -6.323  57.65
1037  67  ILE  HD11  -3.723  4.967  -5.071  173.29
1038  67  ILE  HD12  -2.293  4.795  -6.118  3.09
1039  67  ILE  HD13  -3.452  6.098  -6.409  64.62
1040  68  ASN  N  -5.899  -0.098  -6.072  118.67
1041  68  ASN  CA  -5.965  -1.511  -5.668  54.11
1042  68  ASN  C  -6.881  -2.387  -6.569  174.78
1043  68  ASN  O  -7.724  -3.144  -6.081  129.56
1044  68  ASN  CB  -6.355  -1.543  -4.174  39.03
1045  68  ASN  CG  -6.216  -2.918  -3.535  174.85
1046  68  ASN  OD1  -5.353  -3.716  -3.879  8.05
1047  68  ASN  ND2  -7.052  -3.239  -2.572  113.84
1048  68  ASN  H  -6.272  0.467  -5.541  8.06
1049  68  ASN  HA  -5.071  -1.877  -5.751  4.64
1050  68  ASN  HB2  -5.782  -0.94  -3.675  2.72
1051  68  ASN  HB3  -7.27  -1.236  -4.08  2.51
1052  68  ASN  HD21  -7.659  -2.683  -2.323  7.1
1053  68  ASN  HD22  -6.979  -4.015  -2.209  6.75
1054  69  GLN  N  -6.736  -2.269  -7.894  118.55
1055  69  GLN  CA  -7.518  -2.985  -8.919  56.3
1056  69  GLN  C  -6.647  -3.615  -10.033  176.08
1057  69  GLN  O  -7.179  -4.25  -10.948  176.28
1058  69  GLN  CB  -8.562  -2.028  -9.529  29.46
1059  69  GLN  CG  -9.566  -1.474  -8.505  33.98
1060  69  GLN  CD  -10.661  -0.656  -9.185  175.66
1061  69  GLN  OE1  -11.789  -1.099  -9.37  8.47
1062  69  GLN  NE2  -10.375  0.561  -9.596  112.24
1063  69  GLN  H  -6.148  -1.703  -8.165  8.16
1064  69  GLN  HA  -7.993  -3.72  -8.501  4.36
1065  69  GLN  HB2  -8.104  -1.288  -9.958  2.23
1066  69  GLN  HB3  -9.064  -2.506  -10.207  2.09
1067  69  GLN  HG2  -9.975  -2.21  -8.024  2.41
1068  69  GLN  HG3  -9.104  -0.908  -7.867  174.36
1069  69  GLN  HE21  -9.584  0.875  -9.471  7.52
1070  69  GLN  HE22  -10.989  1.021  -9.984  6.83
1071  70  GLY  N  -5.318  -3.463  -9.973  108.12
1072  70  GLY  CA  -4.367  -4.008  -10.951  45.38
1073  70  GLY  C  -2.904  -3.678  -10.625  174.08
1074  70  GLY  O  -2.61  -3.02  -9.625  4.53
1075  70  GLY  H  -4.986  -3.021  -9.314  8.32
1076  70  GLY  HA2  -4.46  -4.973  -10.988  4.03
1077  70  GLY  HA3  -4.571  -3.652  -11.83  5.21
1078  71  GLU  N  -1.98  -4.135  -11.473  119.48
1079  71  GLU  CA  -0.529  -3.921  -11.337  56.81
1080  71  GLU  C  0.176  -3.924  -12.712  176.06
1081  71  GLU  O  -0.329  -4.491  -13.686  57.28
1082  71  GLU  CB  0.043  -5.008  -10.399  30.46
1083  71  GLU  CG  1.519  -4.851  -10  36.37
1084  71  GLU  CD  1.808  -3.479  -9.361  177.35
1085  71  GLU  OE1  2.124  -2.524  -10.111  27.16
1086  71  GLU  OE2  1.711  -3.348  -8.116  33.49
1087  71  GLU  H  -2.242  -4.583  -12.159  8.35
1088  71  GLU  HA  -0.381  -3.053  -10.93  4.33
1089  71  GLU  HB2  -0.479  -5.008  -9.581  1.99
1090  71  GLU  HB3  -0.07  -5.875  -10.82  2.12
1091  71  GLU  HG2  1.741  -5.557  -9.373  2.31
1092  71  GLU  HG3  2.083  -4.983  -10.778  2.27
1093  72  ASP  N  1.348  -3.289  -12.794  119.53
1094  72  ASP  CA  2.191  -3.207  -13.998  54.41
1095  72  ASP  C  2.906  -4.549  -14.32  175.86
1096  72  ASP  O  2.752  -5.545  -13.605  176.79
1097  72  ASP  CB  3.189  -2.047  -13.814  41.27
1098  72  ASP  CG  3.51  -1.352  -15.145  40.93
1099  72  ASP  OD1  4.336  -1.883  -15.922  171.79
1100  72  ASP  OD2  2.942  -0.271  -15.423  21.29
1101  72  ASP  H  1.654  -2.928  -12.076  8.47
1102  72  ASP  HA  1.62  -2.993  -14.752  4.66
1103  72  ASP  HB2  2.812  -1.387  -13.211  2.75
1104  72  ASP  HB3  4.004  -2.378  -13.405  2.68
1105  73  SER  N  3.702  -4.597  -15.392  114.48
1106  73  SER  CA  4.462  -5.787  -15.81  58.46
1107  73  SER  C  5.552  -6.178  -14.798  173.88
1108  73  SER  O  6.243  -5.316  -14.249  105.72
1109  73  SER  CB  5.121  -5.544  -17.174  63.85
1110  73  SER  OG  4.135  -5.31  -18.171  172.45
1111  73  SER  H  3.809  -3.877  -15.851  8.15
1112  73  SER  HA  3.848  -6.532  -15.902  4.46
1113  73  SER  HB2  5.715  -4.78  -17.114  3.91
1114  73  SER  HB3  5.642  -6.324  -17.419  3.88
1115  73  SER  HG  4.523  -5.204  -18.908  8.55
1116  74  VAL  N  5.737  -7.487  -14.584  121.52
1117  74  VAL  CA  6.731  -8.095  -13.671  60.52
1118  74  VAL  C  7.339  -9.331  -14.367  123.9
1119  74  VAL  O  6.588  -10.082  -14.998  50.41
1120  74  VAL  CB  6.063  -8.506  -12.331  32.42
1121  74  VAL  CG1  7.071  -9.007  -11.286  21.31
1122  74  VAL  CG2  5.294  -7.355  -11.665  20.68
1123  74  VAL  H  5.235  -8.032  -15.02  8.08
1124  74  VAL  HA  7.431  -7.449  -13.487  4.43
1125  74  VAL  HB  5.431  -9.221  -12.504  2.16
1126  74  VAL  HG11  6.6  -9.283  -10.484  34.27
1127  74  VAL  HG12  7.561  -9.776  -11.617  34.26
1128  74  VAL  HG13  7.692  -8.3  -11.05  120.26
1129  74  VAL  HG21  4.955  -7.634  -10.8  54.57
1130  74  VAL  HG22  5.872  -6.585  -11.547  174.71
1131  74  VAL  HG23  4.533  -7.104  -12.212  4.14
1132  75  PRO  N  8.664  -9.59  -14.286  34.2
1133  75  PRO  CA  9.306  -10.726  -14.967  63.68
1134  75  PRO  C  8.873  -12.131  -14.504  176.5
1135  75  PRO  O  9.179  -13.101  -15.201  2.04
1136  75  PRO  CB  10.816  -10.514  -14.801  32.13
1137  75  PRO  CG  10.925  -9.659  -13.544  27.58
1138  75  PRO  CD  9.674  -8.788  -13.604  51.05
1139  75  PRO  HA  9.098  -10.667  -15.913  4.4
1140  75  PRO  HB2  11.305  -11.347  -14.708  2.34
1141  75  PRO  HB3  11.156  -10.012  -15.559  1.96
1142  75  PRO  HG2  10.896  -10.224  -12.756  2.08
1143  75  PRO  HG3  11.734  -9.124  -13.556  2.03
1144  75  PRO  HD2  9.406  -8.535  -12.707  3.9
1145  75  PRO  HD3  9.857  -7.994  -14.13  3.72
1146  76  ALA  N  8.147  -12.255  -13.385  122.46
1147  76  ALA  CA  7.604  -13.485  -12.78  52.72
1148  76  ALA  C  6.477  -14.18  -13.601  177.63
1149  76  ALA  O  5.505  -14.699  -13.045  2.96
1150  76  ALA  CB  7.139  -13.11  -11.361  19.29
1151  76  ALA  H  7.964  -11.524  -12.97  8.3
1152  76  ALA  HA  8.329  -14.125  -12.703  4.29
1153  76  ALA  HB1  7.851  -12.661  -10.879  55.96
1154  76  ALA  HB2  6.37  -12.521  -11.408  174.5
1155  76  ALA  HB3  6.893  -13.911  -10.873  7.57
1156  77  LYS  N  6.588  -14.16  -14.934  119.04
1157  77  LYS  CA  5.635  -14.684  -15.932  56.28
1158  77  LYS  C  5.222  -16.148  -15.716  177.73
1159  77  LYS  O  4.037  -16.47  -15.826  55.63
1160  77  LYS  CB  6.259  -14.526  -17.334  33.09
1161  77  LYS  CG  6.575  -13.066  -17.713  24.77
1162  77  LYS  CD  7.322  -12.94  -19.052  29.21
1163  77  LYS  CE  8.678  -13.668  -19.118  42.11
1164  77  LYS  NZ  9.68  -13.133  -18.154  175.49
1165  77  LYS  H  7.297  -13.778  -15.236  8.22
1166  77  LYS  HA  4.822  -14.156  -15.896  4.3
1167  77  LYS  HB2  7.073  -15.052  -17.363  1.8
1168  77  LYS  HB3  5.647  -14.888  -17.994  1.76
1169  77  LYS  HG2  5.74  -12.576  -17.776  1.48
1170  77  LYS  HG3  7.11  -12.643  -17.023  1.41
1171  77  LYS  HD2  6.752  -13.295  -19.752  1.77
1172  77  LYS  HD3  7.46  -11.999  -19.242  1.68
1173  77  LYS  HE2  8.539  -14.616  -18.965  3.02
1174  77  LYS  HE3  9.021  -13.576  -20.021  176.69
1175  77  LYS  HZ1  10.431  -13.61  -18.187  2.97
1176  77  LYS  HZ2  9.896  -12.292  -18.351  20.51
1177  77  LYS  HZ3  9.391  -13.163  -17.313  177.52
1178  78  LYS  N  6.194  -17.021  -15.42  120.85
1179  78  LYS  CA  6.039  -18.476  -15.203  56.55
1180  78  LYS  C  7.032  -18.997  -14.152  175.8
1181  78  LYS  O  8.031  -18.338  -13.855  54.47
1182  78  LYS  CB  6.251  -19.232  -16.536  33.27
1183  78  LYS  CG  5.165  -18.942  -17.588  24.68
1184  78  LYS  CD  5.278  -19.822  -18.842  29.11
1185  78  LYS  CE  6.551  -19.527  -19.647  42.06
1186  78  LYS  NZ  6.591  -20.309  -20.91  28.92
1187  78  LYS  H  6.989  -16.699  -15.356  8.18
1188  78  LYS  HA  5.146  -18.663  -14.873  4.33
1189  78  LYS  HB2  7.121  -18.999  -16.896  1.75
1190  78  LYS  HB3  6.246  -20.186  -16.358  1.71
1191  78  LYS  HG2  4.296  -19.099  -17.186  1.48
1192  78  LYS  HG3  5.214  -18.013  -17.862  1.41
1193  78  LYS  HD2  5.263  -20.756  -18.581  1.77
1194  78  LYS  HD3  4.504  -19.65  -19.4  1.68
1195  78  LYS  HE2  6.578  -18.578  -19.847  3.02
1196  78  LYS  HE3  7.326  -19.739  -19.103  1.7
1197  78  LYS  HZ1  7.331  -20.135  -21.372  2.94
1198  78  LYS  HZ2  6.574  -21.184  -20.751  2.89
1199  78  LYS  HZ3  5.898  -20.114  -21.433  123.45
1200  79  PHE  N  6.765  -20.189  -13.613  120.24
1201  79  PHE  CA  7.595  -20.874  -12.612  57.65
1202  79  PHE  C  7.396  -22.404  -12.648  174.93
1203  79  PHE  O  6.338  -22.887  -13.065  31.21
1204  79  PHE  CB  7.232  -20.325  -11.22  39.89
1205  79  PHE  CG  7.997  -20.964  -10.076  1.59
1206  79  PHE  CD1  9.385  -20.765  -9.963  131.77
1207  79  PHE  CD2  7.333  -21.79  -9.147  27.16
1208  79  PHE  CE1  10.099  -21.375  -8.919  131.54
1209  79  PHE  CE2  8.053  -22.407  -8.108  3.28
1210  79  PHE  CZ  9.438  -22.198  -7.992  129.89
1211  79  PHE  H  6.057  -20.599  -13.88  8.22
1212  79  PHE  HA  8.531  -20.688  -12.789  4.64
1213  79  PHE  HB2  7.405  -19.371  -11.202  3.14
1214  79  PHE  HB3  6.281  -20.449  -11.073  3.06
1215  79  PHE  HD1  9.832  -20.22  -10.57  7.3
1216  79  PHE  HD2  6.417  -21.934  -9.22  178.71
1217  79  PHE  HE1  11.015  -21.231  -8.841  7.37
1218  79  PHE  HE2  7.612  -22.952  -7.496  28.75
1219  79  PHE  HZ  9.915  -22.599  -7.301  7.33
1220  80  LYS  N  8.4  -23.162  -12.176  122.78
1221  80  LYS  CA  8.374  -24.637  -12.059  55.98
1222  80  LYS  C  9.329  -25.21  -10.997  175.03
1223  80  LYS  O  8.982  -26.197  -10.346  8.45
1224  80  LYS  CB  8.614  -25.297  -13.435  33.45
1225  80  LYS  CG  9.967  -24.962  -14.094  24.72
1226  80  LYS  CD  10.184  -25.697  -15.426  29.15
1227  80  LYS  CE  9.183  -25.269  -16.508  42.03
1228  80  LYS  NZ  9.455  -25.949  -17.802  2.28
1229  80  LYS  H  9.087  -22.742  -11.874  8.16
1230  80  LYS  HA  7.485  -24.897  -11.77  4.28
1231  80  LYS  HB2  8.551  -26.259  -13.328  1.8
1232  80  LYS  HB3  7.898  -25.026  -14.03  1.71
1233  80  LYS  HG2  10.027  -24.006  -14.249  1.41
1234  80  LYS  HG3  10.686  -25.221  -13.497  1.48
1235  80  LYS  HD2  11.083  -25.504  -15.734  1.77
1236  80  LYS  HD3  10.114  -26.653  -15.276  1.68
1237  80  LYS  HE2  8.285  -25.481  -16.209  3.02
1238  80  LYS  HE3  9.239  -24.307  -16.621  2.05
1239  80  LYS  HZ1  8.874  -25.695  -18.426  121.26
1240  80  LYS  HZ2  10.271  -25.759  -18.102  55.57
1241  80  LYS  HZ3  9.393  -26.833  -17.722  178.85
1242  81  ALA  N  10.507  -24.606  -10.812  124.83
1243  81  ALA  CA  11.537  -25.016  -9.849  52.1
1244  81  ALA  C  12.512  -23.86  -9.532  176.52
1245  81  ALA  O  12.583  -22.876  -10.274  175.9
1246  81  ALA  CB  12.303  -26.213  -10.436  19.53
1247  81  ALA  H  10.693  -23.923  -11.3  8.23
1248  81  ALA  HA  11.113  -25.288  -9.02  4.29
1249  81  ALA  HB1  12.978  -26.516  -9.808  8.38
1250  81  ALA  HB2  11.695  -26.949  -10.609  4.99
1251  81  ALA  HB3  12.736  -25.957  -11.265  2.99
1252  82  ALA  N  13.287  -23.998  -8.45  123.77
1253  82  ALA  CA  14.282  -23.021  -7.991  50.43
1254  82  ALA  C  15.557  -23.709  -7.442  123.34
1255  82  ALA  O  15.478  -24.84  -6.949  116.26
1256  82  ALA  CB  13.625  -22.151  -6.906  18.26
1257  82  ALA  H  13.21  -24.718  -7.986  8.31
1258  82  ALA  HA  14.533  -22.452  -8.735  4.61
1259  82  ALA  HB1  12.852  -21.689  -7.268  31.12
1260  82  ALA  HB2  13.342  -22.706  -6.162  21.29
1261  82  ALA  HB3  14.252  -21.487  -6.578  8.74
1262  83  PRO  N  16.732  -23.045  -7.489  5.21
1263  83  PRO  CA  18.004  -23.579  -6.984  63.28
1264  83  PRO  C  18.122  -23.585  -5.443  176.34
1265  83  PRO  O  19.087  -24.137  -4.908  23
1266  83  PRO  CB  19.077  -22.682  -7.614  32.17
1267  83  PRO  CG  18.376  -21.329  -7.708  27.59
1268  83  PRO  CD  16.942  -21.72  -8.059  50.55
1269  83  PRO  HA  18.129  -24.488  -7.299  4.41
1270  83  PRO  HB2  19.886  -22.632  -7.081  2.34
1271  83  PRO  HB3  19.282  -23.001  -8.507  1.95
1272  83  PRO  HG2  18.394  -20.894  -6.841  2.08
1273  83  PRO  HG3  18.771  -20.76  -8.387  2.03
1274  83  PRO  HD2  16.318  -21.076  -7.69  3.67
1275  83  PRO  HD3  16.845  -21.764  -9.023  3.82
1276  84  ALA  N  17.162  -22.989  -4.725  122.71
1277  84  ALA  CA  17.117  -22.903  -3.263  52.56
1278  84  ALA  C  15.675  -23.034  -2.727  177.37
1279  84  ALA  O  14.704  -22.791  -3.447  50.09
1280  84  ALA  CB  17.753  -21.572  -2.837  19.37
1281  84  ALA  H  16.508  -22.629  -5.152  8.37
1282  84  ALA  HA  17.637  -23.628  -2.882  4.32
1283  84  ALA  HB1  17.236  -20.828  -3.184  179.11
1284  84  ALA  HB2  17.782  -21.515  -1.869  123.19
1285  84  ALA  HB3  18.66  -21.516  -3.177  37.63
1286  85  GLU  N  15.537  -23.412  -1.452  118.75
1287  85  GLU  CA  14.244  -23.643  -0.779  56.61
1288  85  GLU  C  13.715  -22.437  0.029  176.1
1289  85  GLU  O  12.669  -22.54  0.677  54.83
1290  85  GLU  CB  14.363  -24.881  0.133  30.46
1291  85  GLU  CG  14.761  -26.179  -0.591  36.38
1292  85  GLU  CD  13.754  -26.59  -1.685  55.93
1293  85  GLU  OE1  12.555  -26.794  -1.374  178.84
1294  85  GLU  OE2  14.16  -26.738  -2.864  121.6
1295  85  GLU  H  16.251  -23.568  -1  8.38
1296  85  GLU  HA  13.568  -23.825  -1.45  4.34
1297  85  GLU  HB2  15.025  -24.699  0.819  2.05
1298  85  GLU  HB3  13.515  -25.034  0.579  1.98
1299  85  GLU  HG2  15.648  -26.074  -0.969  2.31
1300  85  GLU  HG3  14.818  -26.888  0.068  2.28
1301  86  ILE  N  14.414  -21.294  0.006  120.7
1302  86  ILE  CA  14.023  -20.073  0.737  61.1
1303  86  ILE  C  12.609  -19.625  0.329  175.9
1304  86  ILE  O  12.35  -19.377  -0.851  1.48
1305  86  ILE  CB  15.04  -18.922  0.533  38.91
1306  86  ILE  CG1  16.519  -19.315  0.759  27.41
1307  86  ILE  CG2  14.684  -17.732  1.447  17.7
1308  86  ILE  CD  16.839  -19.956  2.117  4.27
1309  86  ILE  H  15.128  -21.279  -0.473  8.21
1310  86  ILE  HA  14.008  -20.291  1.682  4.25
1311  86  ILE  HB  14.972  -18.619  -0.386  1.92
1312  86  ILE  HG12  16.789  -19.933  0.061  1.51
1313  86  ILE  HG13  17.067  -18.521  0.659  1.23
1314  86  ILE  HG21  13.815  -17.37  1.212  174.82
1315  86  ILE  HG22  14.67  -18.006  2.377  176.93
1316  86  ILE  HG23  15.339  -17.025  1.338  63
1317  86  ILE  HD11  17.905  -20.185  2.162  20.53
1318  86  ILE  HD12  16.597  -19.271  2.929  9.24
1319  86  ILE  HD13  16.28  -20.883  2.243  4.76
1320  87  SER  N  11.702  -19.522  1.307  118.87
1321  87  SER  CA  10.289  -19.134  1.111  58.18
1322  87  SER  C  9.752  -18.135  2.155  174.08
1323  87  SER  O  8.625  -17.658  2.023  4.05
1324  87  SER  CB  9.399  -20.389  1.114  64.03
1325  87  SER  OG  9.785  -21.314  0.108  175.23
1326  87  SER  H  11.951  -19.75  2.098  8.44
1327  87  SER  HA  10.192  -18.706  0.246  4.54
1328  87  SER  HB2  9.451  -20.817  1.983  3.93
1329  87  SER  HB3  8.479  -20.126  0.957  3.88
1330  87  SER  HG  10.537  -21.624  0.316  112.93
1331  88  ASP  N  10.541  -17.799  3.185  121.74
1332  88  ASP  CA  10.176  -16.882  4.285  54.78
1333  88  ASP  C  11.315  -15.896  4.652  176.51
1334  88  ASP  O  11.289  -15.262  5.711  2.8
1335  88  ASP  CB  9.741  -17.718  5.506  41.27
1336  88  ASP  CG  8.438  -18.498  5.263  25.92
1337  88  ASP  OD1  7.341  -17.903  5.405  102.47
1338  88  ASP  OD2  8.501  -19.717  4.969  45.44
1339  88  ASP  H  11.315  -18.172  3.231  8.44
1340  88  ASP  HA  9.423  -16.335  4.011  4.66
1341  88  ASP  HB2  10.456  -18.33  5.743  2.75
1342  88  ASP  HB3  9.6  -17.131  6.265  1.67
1343  89  GLY  N  12.326  -15.76  3.784  107.36
1344  89  GLY  CA  13.486  -14.877  3.976  45.62
1345  89  GLY  C  13.262  -13.426  3.525  174.18
1346  89  GLY  O  12.18  -13.049  3.069  175.31
1347  89  GLY  H  12.285  -16.207  3.05  8.35
1348  89  GLY  HA2  13.739  -14.869  4.912  3.99
1349  89  GLY  HA3  14.237  -15.235  3.477  4.39
1350  90  GLU  N  14.311  -12.608  3.647  119.04
1351  90  GLU  CA  14.325  -11.173  3.29  56.78
1352  90  GLU  C  15.483  -10.815  2.323  176
1353  90  GLU  O  15.808  -9.646  2.099  119.56
1354  90  GLU  CB  14.344  -10.35  4.593  30.45
1355  90  GLU  CG  13.789  -8.926  4.437  36.37
1356  90  GLU  CD  13.719  -8.215  5.802  1.76
1357  90  GLU  OE1  14.724  -7.591  6.222  20.51
1358  90  GLU  OE2  12.655  -8.268  6.468  1.46
1359  90  GLU  H  15.03  -12.934  3.988  8.24
1360  90  GLU  HA  13.5  -10.965  2.824  4.34
1361  90  GLU  HB2  13.793  -10.801  5.251  2.12
1362  90  GLU  HB3  15.25  -10.314  4.938  1.99
1363  90  GLU  HG2  14.348  -8.412  3.833  2.31
1364  90  GLU  HG3  12.903  -8.976  4.045  2.28
1365  91  ASP  N  16.125  -11.831  1.738  120.24
1366  91  ASP  CA  17.246  -11.701  0.801  54.39
1367  91  ASP  C  16.83  -11.115  -0.568  177.06
1368  91  ASP  O  15.701  -11.31  -1.036  119.51
1369  91  ASP  CB  17.899  -13.084  0.639  41.24
1370  91  ASP  CG  19.235  -12.986  -0.108  176.54
1371  91  ASP  OD1  20.278  -12.736  0.54  35.97
1372  91  ASP  OD2  19.224  -13.116  -1.353  30.65
1373  91  ASP  H  15.85  -12.626  1.915  8.4
1374  91  ASP  HA  17.901  -11.104  1.196  4.71
1375  91  ASP  HB2  18.056  -13.47  1.515  2.92
1376  91  ASP  HB3  17.297  -13.678  0.165  2.72
1377  92  ARG  N  17.761  -10.42  -1.241  123.55
1378  92  ARG  CA  17.559  -9.81  -2.573  57.7
1379  92  ARG  C  17.16  -10.824  -3.646  177.35
1380  92  ARG  O  16.447  -10.466  -4.579  176.15
1381  92  ARG  CB  18.808  -9.01  -3.004  30.29
1382  92  ARG  CG  19.324  -7.942  -2.013  27.41
1383  92  ARG  CD  18.462  -6.672  -1.863  43.36
1384  92  ARG  NE  17.078  -6.945  -1.433  171.6
1385  92  ARG  CZ  16.677  -7.464  -0.287  121.06
1386  92  ARG  NH1  17.443  -7.587  0.757  72.43
1387  92  ARG  NH2  15.476  -7.93  -0.173  7.51
1388  92  ARG  H  18.537  -10.342  -0.88  8.74
1389  92  ARG  HA  16.799  -9.209  -2.53  4.71
1390  92  ARG  HB2  19.529  -9.642  -3.154  1.92
1391  92  ARG  HB3  18.624  -8.576  -3.852  21.29
1392  92  ARG  HG2  19.462  -8.344  -1.141  1.74
1393  92  ARG  HG3  20.196  -7.656  -2.326  1.66
1394  92  ARG  HD2  18.889  -6.072  -1.231  3.21
1395  92  ARG  HD3  18.438  -6.221  -2.721  3.13
1396  92  ARG  HE  16.476  -6.846  -2.039  19.92
1397  92  ARG  HH11  18.24  -7.263  0.747  7.35
1398  92  ARG  HH12  17.138  -7.998  1.448  120.39
1399  92  ARG  HH21  14.995  -8.029  -0.879  55.02
1400  92  ARG  HH22  15.28  -8.372  0.538  177.44
1401  93  SER  N  17.558  -12.088  -3.497  112.65
1402  93  SER  CA  17.188  -13.193  -4.395  60.34
1403  93  SER  C  15.724  -13.656  -4.257  173.23
1404  93  SER  O  15.267  -14.47  -5.061  8.23
1405  93  SER  CB  18.128  -14.383  -4.175  63.79
1406  93  SER  OG  18.019  -14.905  -2.864  41.6
1407  93  SER  H  18.044  -12.274  -2.813  8.55
1408  93  SER  HA  17.307  -12.894  -5.31  4.39
1409  93  SER  HB2  17.903  -15.079  -4.812  3.98
1410  93  SER  HB3  19.043  -14.106  -4.338  4.08
1411  93  SER  HG  18.437  -14.38  -2.359  31.45
1412  94  LYS  N  14.973  -13.156  -3.262  117.75
1413  94  LYS  CA  13.569  -13.534  -3.002  57.06
1414  94  LYS  C  12.607  -12.354  -2.842  176.56
1415  94  LYS  O  11.413  -12.548  -3.062  175.02
1416  94  LYS  CB  13.506  -14.431  -1.752  34.99
1417  94  LYS  CG  14.147  -15.82  -1.923  25.36
1418  94  LYS  CD  13.482  -16.755  -2.95  29.33
1419  94  LYS  CE  11.978  -16.921  -2.694  42.01
1420  94  LYS  NZ  11.445  -18.175  -3.287  8.37
1421  94  LYS  H  15.352  -12.609  -2.717  7.9
1422  94  LYS  HA  13.221  -14.036  -3.756  4.68
1423  94  LYS  HB2  13.953  -13.976  -1.021  2.03
1424  94  LYS  HB3  12.58  -14.548  -1.488  1.92
1425  94  LYS  HG2  15.083  -15.718  -2.156  1.53
1426  94  LYS  HG3  14.115  -16.26  -1.059  1.45
1427  94  LYS  HD2  13.62  -16.417  -3.849  1.75
1428  94  LYS  HD3  13.918  -17.619  -2.885  1.75
1429  94  LYS  HE2  11.828  -16.94  -1.736  3.04
1430  94  LYS  HE3  11.512  -16.149  -3.052  61.72
1431  94  LYS  HZ1  11.711  -18.87  -2.798  177.1
1432  94  LYS  HZ2  10.555  -18.176  -3.277  2.93
1433  94  LYS  HZ3  11.706  -18.294  -4.129  32.37
1434  95  CYS  N  13.068  -11.154  -2.482  115.75
1435  95  CYS  CA  12.198  -9.978  -2.341  56.59
1436  95  CYS  C  12.892  -8.634  -2.62  171.47
1437  95  CYS  O  14.121  -8.528  -2.597  9.65
1438  95  CYS  CB  11.556  -10.005  -0.943  29.81
1439  95  CYS  SG  12.808  -9.754  0.343  2
1440  95  CYS  H  13.908  -11.06  -2.323  8.13
1441  95  CYS  HA  11.488  -10.045  -2.998  4.67
1442  95  CYS  HB2  10.881  -9.312  -0.875  2.78
1443  95  CYS  HB3  11.126  -10.863  -0.803  2.76
1444  95  CYS  HG  13.55  -10.629  -0.008  61.63
1445  96  CYS  N  12.087  -7.59  -2.83  123.82
1446  96  CYS  CA  12.532  -6.216  -3.071  55.45
1447  96  CYS  C  11.679  -5.221  -2.256  8.51
1448  96  CYS  O  10.512  -5.01  -2.601  128.12
1449  96  CYS  CB  12.441  -5.906  -4.569  31.83
1450  96  CYS  SG  12.876  -4.195  -4.965  104.3
1451  96  CYS  H  11.239  -7.731  -2.812  8.39
1452  96  CYS  HA  13.464  -6.13  -2.817  5.64
1453  96  CYS  HB2  13.038  -6.493  -5.058  3.09
1454  96  CYS  HB3  11.534  -6.069  -4.873  2.75
1455  96  CYS  HG  12.006  -3.704  -5.629  4.24
1456  97  PRO  N  12.215  -4.592  -1.188  4.24
1457  97  PRO  CA  11.464  -3.647  -0.353  63.9
1458  97  PRO  C  11.184  -2.291  -1.028  177.42
1459  97  PRO  O  10.259  -1.59  -0.612  173.68
1460  97  PRO  CB  12.304  -3.486  0.918  32.64
1461  97  PRO  CG  13.734  -3.706  0.428  27.11
1462  97  PRO  CD  13.568  -4.758  -0.667  51.96
1463  97  PRO  HA  10.607  -4.036  -0.118  4.66
1464  97  PRO  HB2  12.194  -2.615  1.33  2.42
1465  97  PRO  HB3  12.07  -4.185  1.548  2.17
1466  97  PRO  HG2  14.077  -2.885  0.042  2.22
1467  97  PRO  HG3  14.315  -4.017  1.139  2.2
1468  97  PRO  HD2  14.239  -4.622  -1.355  4.44
1469  97  PRO  HD3  13.656  -5.644  -0.282  4.19
1470  98  VAL  N  11.929  -1.915  -2.08  120.54
1471  98  VAL  CA  11.689  -0.665  -2.84  65.62
1472  98  VAL  C  10.322  -0.728  -3.534  177.3
1473  98  VAL  O  9.563  0.24  -3.515  3.89
1474  98  VAL  CB  12.786  -0.394  -3.892  33.24
1475  98  VAL  CG1  12.61  0.992  -4.527  22.49
1476  98  VAL  CG2  14.196  -0.444  -3.288  21.55
1477  98  VAL  H  12.565  -2.435  -2.334  8.13
1478  98  VAL  HA  11.678  0.079  -2.218  3.91
1479  98  VAL  HB  12.731  -1.063  -4.592  2.27
1480  98  VAL  HG11  11.739  1.076  -4.946  3.03
1481  98  VAL  HG12  12.703  1.681  -3.851  18.61
1482  98  VAL  HG13  13.288  1.125  -5.208  2.15
1483  98  VAL  HG21  14.85  -0.199  -3.961  121.8
1484  98  VAL  HG22  14.261  0.176  -2.545  54.89
1485  98  VAL  HG23  14.402  -1.34  -2.977  8.6
1486  99  CYS  N  9.995  -1.89  -4.102  119.73
1487  99  CYS  CA  8.724  -2.167  -4.774  60.32
1488  99  CYS  C  7.687  -2.853  -3.862  174.95
1489  99  CYS  O  6.502  -2.91  -4.189  42.8
1490  99  CYS  CB  9.028  -3.091  -5.954  30.98
1491  99  CYS  SG  10.295  -2.482  -7.097  119.79
1492  99  CYS  H  10.575  -2.524  -4.073  8.78
1493  99  CYS  HA  8.339  -1.342  -5.109  4.17
1494  99  CYS  HB2  9.314  -3.956  -5.621  3.3
1495  99  CYS  HB3  8.198  -3.225  -6.437  2.62
1496  99  CYS  HG  9.823  -2.367  -8.194  6.94
1497  100  ASN  N  8.157  -3.409  -2.742  115.96
1498  100  ASN  CA  7.421  -4.211  -1.761  53.92
1499  100  ASN  C  6.777  -5.45  -2.418  173.26
1500  100  ASN  O  5.563  -5.662  -2.364  7.17
1501  100  ASN  CB  6.478  -3.316  -0.932  36.77
1502  100  ASN  CG  5.853  -4.054  0.245  6.95
1503  100  ASN  OD1  6.436  -4.951  0.839  7.37
1504  100  ASN  ND2  4.647  -3.698  0.63  111.7
1505  100  ASN  H  9.009  -3.362  -2.636  8.1
1506  100  ASN  HA  8.091  -4.566  -1.156  4.27
1507  100  ASN  HB2  6.972  -2.559  -0.58  3.14
1508  100  ASN  HB3  5.773  -2.979  -1.506  2.66
1509  100  ASN  HD21  4.23  -3.067  0.221  7.49
1510  100  ASN  HD22  4.291  -4.113  1.293  6.72
1511  101  MET  N  7.625  -6.257  -3.068  114.25
1512  101  MET  CA  7.253  -7.479  -3.801  54.41
1513  101  MET  C  8.194  -8.659  -3.505  173.36
1514  101  MET  O  9.285  -8.486  -2.954  179.18
1515  101  MET  CB  7.249  -7.215  -5.32  38.03
1516  101  MET  CG  6.259  -6.133  -5.765  32.07
1517  101  MET  SD  5.861  -6.146  -7.539  8.63
1518  101  MET  CE  7.509  -6  -8.284  17.37
1519  101  MET  H  8.457  -6.04  -3.048  7.18
1520  101  MET  HA  6.36  -7.754  -3.54  4.62
1521  101  MET  HB2  8.142  -6.963  -5.602  1.57
1522  101  MET  HB3  7.01  -8.036  -5.778  1.13
1523  101  MET  HG2  5.429  -6.254  -5.278  2.28
1524  101  MET  HG3  6.621  -5.264  -5.532  179.28
1525  101  MET  HE1  7.417  -5.964  -9.249  162.2
1526  101  MET  HE2  7.943  -5.19  -7.972  17.88
1527  101  MET  HE3  8.05  -6.77  -8.048  54.55
1528  102  THR  N  7.775  -9.858  -3.916  113.39
1529  102  THR  CA  8.503  -11.131  -3.777  60.05
1530  102  THR  C  8.635  -11.847  -5.128  172.78
1531  102  THR  O  7.882  -11.576  -6.068  4.26
1532  102  THR  CB  7.828  -12.064  -2.754  70.72
1533  102  THR  OG1  6.488  -12.326  -3.124  35.48
1534  102  THR  CG2  7.807  -11.469  -1.345  21.58
1535  102  THR  H  7.012  -9.905  -4.309  8.02
1536  102  THR  HA  9.402  -10.953  -3.458  4.3
1537  102  THR  HB  8.318  -12.901  -2.725  4.02
1538  102  THR  HG1  6.175  -12.878  -2.573  1.89
1539  102  THR  HG21  7.255  -10.672  -1.32  2.21
1540  102  THR  HG22  7.452  -12.121  -0.721  2.24
1541  102  THR  HG23  8.71  -11.241  -1.074  118.64
1542  103  PHE  N  9.606  -12.759  -5.232  118.74
1543  103  PHE  CA  9.935  -13.515  -6.447  55.34
1544  103  PHE  C  10.054  -15.015  -6.149  7.8
1545  103  PHE  O  10.511  -15.419  -5.078  42.79
1546  103  PHE  CB  11.238  -12.963  -7.055  41.82
1547  103  PHE  CG  11.305  -11.446  -7.105  22.58
1548  103  PHE  CD1  10.452  -10.729  -7.965  131.81
1549  103  PHE  CD2  12.16  -10.748  -6.23  118.82
1550  103  PHE  CE1  10.434  -9.323  -7.93  130.21
1551  103  PHE  CE2  12.156  -9.343  -6.208  5.15
1552  103  PHE  CZ  11.279  -8.632  -7.044  129.15
1553  103  PHE  H  10.103  -12.896  -4.544  7.79
1554  103  PHE  HA  9.226  -13.396  -7.099  5.1
1555  103  PHE  HB2  11.989  -13.296  -6.539  3.17
1556  103  PHE  HB3  11.333  -13.309  -7.956  2.82
1557  103  PHE  HD1  9.875  -11.183  -8.536  6.88
1558  103  PHE  HD2  12.727  -11.214  -5.658  124.39
1559  103  PHE  HE1  9.858  -8.851  -8.488  6.8
1560  103  PHE  HE2  12.731  -8.887  -5.637  173.66
1561  103  PHE  HZ  11.26  -7.703  -7.016  5.74
1562  104  SER  N  9.64  -15.852  -7.1  61.21
1563  104  SER  CA  9.646  -17.316  -6.97  59.32
1564  104  SER  C  11.048  -17.943  -6.949  173.59
1565  104  SER  O  11.297  -18.859  -6.162  40.84
1566  104  SER  CB  8.823  -17.908  -8.117  63.45
1567  104  SER  OG  9.31  -17.436  -9.366  8.87
1568  104  SER  H  9.333  -15.53  -7.836  5.11
1569  104  SER  HA  9.206  -17.557  -6.14  4.43
1570  104  SER  HB2  8.864  -18.876  -8.077  4.1
1571  104  SER  HB3  7.898  -17.635  -8.015  3.97
1572  104  SER  HG  8.798  -17.712  -9.972  3.11
1573  105  SER  N  11.973  -17.441  -7.772  113.68
1574  105  SER  CA  13.349  -17.943  -7.923  55.61
1575  105  SER  C  14.368  -16.797  -8.062  175.09
1576  105  SER  O  14.013  -15.754  -8.624  7.01
1577  105  SER  CB  13.382  -18.819  -9.184  64.84
1578  105  SER  OG  14.689  -19.268  -9.496  121.95
1579  105  SER  H  11.731  -16.793  -8.282  7.41
1580  105  SER  HA  13.578  -18.495  -7.159  5.14
1581  105  SER  HB2  12.807  -19.588  -9.048  4.32
1582  105  SER  HB3  13.039  -18.309  -9.935  3.9
1583  105  SER  HG  14.644  -19.757  -10.178  30.3
1584  106  PRO  N  15.63  -16.96  -7.604  177.15
1585  106  PRO  CA  16.689  -15.956  -7.739  64.69
1586  106  PRO  C  16.827  -15.35  -9.139  178.02
1587  106  PRO  O  17.059  -14.15  -9.253  2.1
1588  106  PRO  CB  17.983  -16.658  -7.313  32.42
1589  106  PRO  CG  17.493  -17.698  -6.31  27.84
1590  106  PRO  CD  16.162  -18.131  -6.915  51.54
1591  106  PRO  HA  16.509  -15.233  -7.118  4.54
1592  106  PRO  HB2  18.385  -17.112  -8.07  2.52
1593  106  PRO  HB3  18.618  -16.04  -6.917  2.15
1594  106  PRO  HG2  18.114  -18.439  -6.226  2.24
1595  106  PRO  HG3  17.335  -17.288  -5.445  2.08
1596  106  PRO  HD2  16.327  -18.832  -7.565  4.07
1597  106  PRO  HD3  15.57  -18.444  -6.213  3.98
1598  107  VAL  N  16.653  -16.136  -10.209  116.63
1599  107  VAL  CA  16.755  -15.632  -11.594  65.44
1600  107  VAL  C  15.678  -14.581  -11.906  178.25
1601  107  VAL  O  15.95  -13.594  -12.592  1.75
1602  107  VAL  CB  16.713  -16.777  -12.627  32.28
1603  107  VAL  CG1  17.138  -16.259  -14.007  22.02
1604  107  VAL  CG2  17.66  -17.931  -12.26  20.97
1605  107  VAL  H  16.474  -16.967  -10.081  7.62
1606  107  VAL  HA  17.615  -15.191  -11.681  3.89
1607  107  VAL  HB  15.811  -17.128  -12.683  2
1608  107  VAL  HG11  16.503  -15.6  -14.329  2.12
1609  107  VAL  HG12  18.016  -15.85  -13.947  1.96
1610  107  VAL  HG13  17.165  -16.99  -14.644  8.26
1611  107  VAL  HG21  17.366  -18.366  -11.444  4.64
1612  107  VAL  HG22  17.659  -18.595  -12.967  3.01
1613  107  VAL  HG23  18.562  -17.595  -12.139  3.34
1614  108  VAL  N  14.469  -14.739  -11.353  120.49
1615  108  VAL  CA  13.369  -13.766  -11.494  65.4
1616  108  VAL  C  13.721  -12.477  -10.745  178.41
1617  108  VAL  O  13.518  -11.383  -11.272  4.08
1618  108  VAL  CB  12.036  -14.344  -10.977  32.27
1619  108  VAL  CG1  10.878  -13.355  -11.146  22.36
1620  108  VAL  CG2  11.656  -15.627  -11.729  21.96
1621  108  VAL  H  14.347  -15.415  -10.835  7.16
1622  108  VAL  HA  13.262  -13.543  -12.432  3.75
1623  108  VAL  HB  12.116  -14.553  -10.033  2.23
1624  108  VAL  HG11  11.037  -12.55  -10.629  17.86
1625  108  VAL  HG12  10.774  -13.12  -12.081  43.87
1626  108  VAL  HG13  10.061  -13.764  -10.82  26.02
1627  108  VAL  HG21  11.586  -15.448  -12.68  5.05
1628  108  VAL  HG22  12.322  -16.316  -11.582  3.33
1629  108  VAL  HG23  10.804  -15.959  -11.405  7.39
1630  109  ALA  N  14.303  -12.596  -9.547  122.03
1631  109  ALA  CA  14.759  -11.451  -8.762  54.8
1632  109  ALA  C  15.896  -10.692  -9.476  177.86
1633  109  ALA  O  15.853  -9.466  -9.575  117.63
1634  109  ALA  CB  15.185  -11.945  -7.379  19.53
1635  109  ALA  H  14.447  -13.386  -9.238  7.44
1636  109  ALA  HA  14.016  -10.838  -8.648  2.26
1637  109  ALA  HB1  15.993  -12.477  -7.442  44.45
1638  109  ALA  HB2  15.354  -11.174  -6.815  183.38
1639  109  ALA  HB3  14.48  -12.481  -6.983  40.95
1640  110  GLU  N  16.887  -11.406  -10.029  113.94
1641  110  GLU  CA  17.975  -10.801  -10.812  59.48
1642  110  GLU  C  17.413  -10.048  -12.026  179.16
1643  110  GLU  O  17.825  -8.918  -12.287  2.47
1644  110  GLU  CB  18.973  -11.865  -11.304  29.38
1645  110  GLU  CG  19.869  -12.427  -10.195  36.09
1646  110  GLU  CD  20.951  -13.355  -10.78  2.66
1647  110  GLU  OE1  20.66  -14.545  -11.054  2.99
1648  110  GLU  OE2  22.107  -12.902  -10.966  53.54
1649  110  GLU  H  16.874  -12.261  -9.937  7.91
1650  110  GLU  HA  18.45  -10.157  -10.264  4.08
1651  110  GLU  HB2  18.493  -12.592  -11.731  2.13
1652  110  GLU  HB3  19.549  -11.456  -11.968  30.68
1653  110  GLU  HG2  20.285  -11.688  -9.724  2.43
1654  110  GLU  HG3  19.328  -12.917  -9.556  2.38
1655  111  SER  N  16.439  -10.643  -12.729  110.75
1656  111  SER  CA  15.761  -10.03  -13.881  60.72
1657  111  SER  C  14.987  -8.768  -13.481  175.89
1658  111  SER  O  15.011  -7.771  -14.203  55.28
1659  111  SER  CB  14.795  -11.022  -14.543  63
1660  111  SER  OG  15.48  -12.17  -15.016  2.04
1661  111  SER  H  16.19  -11.428  -12.482  7.44
1662  111  SER  HA  16.427  -9.774  -14.539  4.22
1663  111  SER  HB2  14.11  -11.29  -13.91  3.96
1664  111  SER  HB3  14.363  -10.584  -15.293  3.93
1665  111  SER  HG  15.702  -12.632  -14.35  8.13
1666  112  HSE  N  14.321  -8.783  -12.321  120.25
1667  112  HSE  CA  13.579  -7.637  -11.796  60.03
1668  112  HSE  C  14.507  -6.448  -11.497  178.23
1669  112  HSE  O  14.25  -5.34  -11.97  1.78
1670  112  HSE  CB  12.811  -8.075  -10.536  27.91
1671  112  HSE  CG  12.282  -6.913  -9.74  9.02
1672  112  HSE  ND1  11.082  -6.271  -9.933  172.53
1673  112  HSE  CD2  12.957  -6.232  -8.761  127.14
1674  112  HSE  CE1  11.042  -5.216  -9.103  141.33
1675  112  HSE  NE2  12.165  -5.152  -8.368  214.36
1676  112  HSE  H  14.335  -9.634  -11.768  7.75
1677  112  HSE  HA  12.856  -7.299  -12.539  4.07
1678  112  HSE  HB2  11.983  -8.722  -10.824  2.88
1679  112  HSE  HB3  13.466  -8.65  -9.884  2.72
1680  112  HSE  HD1  10.363  -6.535  -10.593  128.5
1681  112  HSE  HD2  13.95  -6.461  -8.394  5.25
1682  112  HSE  HE1  10.229  -4.503  -9.047  8.46
1683  113  TYR  N  15.6  -6.674  -10.757  113.74
1684  113  TYR  CA  16.564  -5.632  -10.372  62.04
1685  113  TYR  C  17.274  -4.925  -11.549  175.05
1686  113  TYR  O  17.852  -3.855  -11.345  183.21
1687  113  TYR  CB  17.56  -6.194  -9.34  37.75
1688  113  TYR  CG  17.088  -6.071  -7.897  174.12
1689  113  TYR  CD1  17.081  -4.804  -7.279  133.17
1690  113  TYR  CD2  16.682  -7.204  -7.16  126.01
1691  113  TYR  CE1  16.678  -4.667  -5.936  118.4
1692  113  TYR  CE2  16.267  -7.07  -5.819  174.93
1693  113  TYR  CZ  16.269  -5.801  -5.201  2.16
1694  113  TYR  OH  15.896  -5.673  -3.898  30.95
1695  113  TYR  H  15.736  -7.473  -10.469  7.36
1696  113  TYR  HA  16.061  -4.931  -9.929  3.51
1697  113  TYR  HB2  17.762  -7.119  -9.549  3.06
1698  113  TYR  HB3  18.394  -5.704  -9.408  2.72
1699  113  TYR  HD1  17.347  -4.053  -7.759  6.5
1700  113  TYR  HD2  16.694  -8.046  -7.554  1.88
1701  113  TYR  HE1  16.684  -3.83  -5.531  7.07
1702  113  TYR  HE2  15.998  -7.815  -5.331  8.84
1703  113  TYR  HH  15.95  -4.875  -3.64  5.17
1704  114  ILE  N  17.215  -5.476  -12.771  107.19
1705  114  ILE  CA  17.808  -4.89  -13.995  60.48
1706  114  ILE  C  16.758  -4.48  -15.046  175.98
1707  114  ILE  O  17.123  -3.994  -16.119  116.66
1708  114  ILE  CB  18.912  -5.807  -14.586  38.46
1709  114  ILE  CG1  18.439  -7.187  -15.104  26.35
1710  114  ILE  CG2  20.019  -6.021  -13.537  18.19
1711  114  ILE  CD  17.759  -7.19  -16.478  176.29
1712  114  ILE  H  16.801  -6.226  -12.848  6.8
1713  114  ILE  HA  18.248  -4.06  -13.752  4.61
1714  114  ILE  HB  19.325  -5.337  -15.327  2.22
1715  114  ILE  HG12  19.209  -7.772  -15.173  1.35
1716  114  ILE  HG13  17.826  -7.581  -14.463  1.32
1717  114  ILE  HG21  19.695  -6.57  -12.806  0.12
1718  114  ILE  HG22  20.778  -6.465  -13.946  1.14
1719  114  ILE  HG23  20.316  -5.166  -13.187  0.41
1720  114  ILE  HD11  17.627  -8.221  -16.807  122.14
1721  114  ILE  HD12  16.776  -6.727  -16.424  57.4
1722  114  ILE  HD13  18.379  -6.664  -17.204  172.58
1723  115  GLY  N  15.463  -4.655  -14.752  109.14
1724  115  GLY  CA  14.348  -4.35  -15.657  44.7
1725  115  GLY  C  13.526  -3.118  -15.265  173.23
1726  115  GLY  O  13.667  -2.556  -14.174  19.02
1727  115  GLY  H  15.265  -4.976  -13.979  7.56
1728  115  GLY  HA2  14.676  -4.222  -16.561  4.33
1729  115  GLY  HA3  13.75  -5.114  -15.676  3.94
1730  116  LYS  N  12.639  -2.695  -16.176  115.59
1731  116  LYS  CA  11.764  -1.518  -16.009  59.38
1732  116  LYS  C  10.863  -1.584  -14.773  178.79
1733  116  LYS  O  10.562  -0.54  -14.204  3.85
1734  116  LYS  CB  10.916  -1.291  -17.277  32.91
1735  116  LYS  CG  11.715  -1.044  -18.571  25.36
1736  116  LYS  CD  12.605  0.209  -18.511  29.5
1737  116  LYS  CE  13.341  0.472  -19.835  41.97
1738  116  LYS  NZ  12.426  0.914  -20.922  58.34
1739  116  LYS  H  12.589  -3.134  -16.914  8.24
1740  116  LYS  HA  12.328  -0.742  -15.868  3.95
1741  116  LYS  HB2  10.346  -2.064  -17.415  1.89
1742  116  LYS  HB3  10.339  -0.525  -17.131  1.92
1743  116  LYS  HG2  12.266  -1.819  -18.765  1.65
1744  116  LYS  HG3  11.076  -0.946  -19.294  1.54
1745  116  LYS  HD2  12.07  0.983  -18.275  1.94
1746  116  LYS  HD3  13.278  0.084  -17.824  1.81
1747  116  LYS  HE2  14.008  1.159  -19.678  3.08
1748  116  LYS  HE3  13.81  -0.335  -20.098  26.17
1749  116  LYS  HZ1  11.792  0.309  -21.079  4.86
1750  116  LYS  HZ2  12.018  1.674  -20.703  3.31
1751  116  LYS  HZ3  12.864  1.06  -21.683  9.74
1752  117  THR  N  10.46  -2.778  -14.33  115.91
1753  117  THR  CA  9.619  -2.984  -13.132  66.96
1754  117  THR  C  10.21  -2.299  -11.894  174.68
1755  117  THR  O  9.497  -1.622  -11.152  7.28
1756  117  THR  CB  9.461  -4.486  -12.845  68.54
1757  117  THR  OG1  9.095  -5.186  -14.011  116.28
1758  117  THR  CG2  8.407  -4.781  -11.781  22.19
1759  117  THR  H  10.697  -3.475  -14.774  8.14
1760  117  THR  HA  8.74  -2.606  -13.293  3.89
1761  117  THR  HB  10.314  -4.839  -12.546  4.24
1762  117  THR  HG1  8.268  -5.083  -14.116  3.5
1763  117  THR  HG21  8.67  -4.396  -10.93  3.5
1764  117  THR  HG22  7.554  -4.401  -12.041  34.99
1765  117  THR  HG23  8.313  -5.741  -11.676  44.71
1766  118  HSE  N  11.525  -2.431  -11.685  120.05
1767  118  HSE  CA  12.228  -1.775  -10.58  60.67
1768  118  HSE  C  12.32  -0.259  -10.792  175.99
1769  118  HSE  O  12.013  0.512  -9.887  3.64
1770  118  HSE  CB  13.612  -2.41  -10.414  30.46
1771  118  HSE  CG  14.299  -1.995  -9.14  123.72
1772  118  HSE  ND1  13.878  -2.349  -7.856  217.44
1773  118  HSE  CD2  15.441  -1.255  -9.047  120.02
1774  118  HSE  CE1  14.781  -1.817  -7.017  140.56
1775  118  HSE  NE2  15.729  -1.154  -7.703  170.48
1776  118  HSE  H  12.073  -2.975  -12.341  8.34
1777  118  HSE  HA  11.674  -1.94  -9.655  4
1778  118  HSE  HB2  13.493  -3.492  -10.376  2.83
1779  118  HSE  HB3  14.243  -2.167  -11.27  1.96
1780  118  HSE  HD2  16.014  -0.852  -9.873  7.24
1781  118  HSE  HE1  14.762  -1.928  -5.94  8.44
1782  118  HSE  HE2  16.528  -0.685  -7.291  43.95
1783  119  ILE  N  12.693  0.183  -12  115.14
1784  119  ILE  CA  12.843  1.606  -12.369  64.78
1785  119  ILE  C  11.534  2.396  -12.207  178.09
1786  119  ILE  O  11.548  3.508  -11.672  8.62
1787  119  ILE  CB  13.473  1.739  -13.775  37.96
1788  119  ILE  CG1  14.863  1.053  -13.761  29.4
1789  119  ILE  CG2  13.594  3.218  -14.195  17.34
1790  119  ILE  CD  15.616  1.088  -15.097  174.02
1791  119  ILE  H  12.869  -0.41  -12.598  7.54
1792  119  ILE  HA  13.471  2.004  -11.746  3.55
1793  119  ILE  HB  12.904  1.287  -14.418  1.82
1794  119  ILE  HG12  15.413  1.459  -13.073  1.75
1795  119  ILE  HG13  14.754  0.117  -13.53  1.34
1796  119  ILE  HG21  12.721  3.641  -14.218  3.91
1797  119  ILE  HG22  14.165  3.697  -13.574  56.46
1798  119  ILE  HG23  13.964  3.287  -15.089  123.56
1799  119  ILE  HD11  16.504  0.46  -15.024  56.33
1800  119  ILE  HD12  14.977  0.705  -15.893  7.8
1801  119  ILE  HD13  15.932  2.104  -15.334  4.5
1802  120  LYS  N  10.39  1.812  -12.583  119.08
1803  120  LYS  CA  9.051  2.401  -12.381  59.57
1804  120  LYS  C  8.79  2.683  -10.896  178.6
1805  120  LYS  O  8.212  3.712  -10.546  44.1
1806  120  LYS  CB  7.988  1.451  -12.963  31.92
1807  120  LYS  CG  7.964  1.487  -14.501  24.93
1808  120  LYS  CD  7.192  0.296  -15.078  29.06
1809  120  LYS  CE  7.092  0.417  -16.603  42.03
1810  120  LYS  NZ  6.518  -0.81  -17.213  61.06
1811  120  LYS  H  10.441  1.03  -12.937  8.04
1812  120  LYS  HA  8.999  3.258  -12.833  4.04
1813  120  LYS  HB2  8.167  0.548  -12.656  1.99
1814  120  LYS  HB3  7.111  1.71  -12.64  1.94
1815  120  LYS  HG2  7.543  2.312  -14.789  1.56
1816  120  LYS  HG3  8.868  1.459  -14.85  1.41
1817  120  LYS  HD2  7.663  -0.519  -14.844  1.74
1818  120  LYS  HD3  6.301  0.276  -14.696  1.69
1819  120  LYS  HE2  6.534  1.182  -16.814  3
1820  120  LYS  HE3  7.975  0.585  -16.967  2.5
1821  120  LYS  HZ1  7.111  -1.473  -17.222  3.08
1822  120  LYS  HZ2  5.805  -1.095  -16.763  175.48
1823  120  LYS  HZ3  6.277  -0.675  -18.059  58.23
1824  121  ASN  N  9.273  1.801  -10.017  116.74
1825  121  ASN  CA  9.18  1.959  -8.567  55.25
1826  121  ASN  C  10.231  2.937  -8.006  176.14
1827  121  ASN  O  9.923  3.622  -7.033  4.08
1828  121  ASN  CB  9.24  0.582  -7.899  38.24
1829  121  ASN  CG  7.908  -0.143  -8.003  5.13
1830  121  ASN  OD1  7.013  0.054  -7.194  1.69
1831  121  ASN  ND2  7.713  -0.984  -8.993  115.67
1832  121  ASN  H  9.701  1.122  -10.326  7.98
1833  121  ASN  HA  8.316  2.345  -8.355  4.58
1834  121  ASN  HB2  9.946  0.05  -8.298  2.96
1835  121  ASN  HB3  9.44  0.691  -6.956  2.5
1836  121  ASN  HD21  8.325  -1.128  -9.58  7.95
1837  121  ASN  HD22  6.952  -1.382  -9.042  7.26
1838  122  LEU  N  11.422  3.081  -8.614  120.66
1839  122  LEU  CA  12.415  4.085  -8.182  57.53
1840  122  LEU  C  11.772  5.481  -8.195  178.68
1841  122  LEU  O  11.817  6.196  -7.195  4.82
1842  122  LEU  CB  13.669  4.113  -9.088  42.35
1843  122  LEU  CG  14.539  2.848  -9.161  26.35
1844  122  LEU  CD1  15.703  3.088  -10.127  24.13
1845  122  LEU  CD2  15.129  2.443  -7.818  25.37
1846  122  LEU  H  11.598  2.585  -9.295  8.18
1847  122  LEU  HA  12.683  3.895  -7.269  3.96
1848  122  LEU  HB2  13.395  4.34  -9.99  1.65
1849  122  LEU  HB3  14.234  4.838  -8.779  1.59
1850  122  LEU  HG  14.011  2.107  -9.497  1.49
1851  122  LEU  HD11  16.21  2.269  -10.24  3.99
1852  122  LEU  HD12  15.367  3.368  -10.993  3.1
1853  122  LEU  HD13  16.287  3.78  -9.779  3.46
1854  122  LEU  HD21  14.416  2.172  -7.219  34.51
1855  122  LEU  HD22  15.726  1.691  -7.956  56.27
1856  122  LEU  HD23  15.625  3.182  -7.432  3.94
1857  123  ARG  N  11.119  5.835  -9.313  116.79
1858  123  ARG  CA  10.394  7.108  -9.493  57.94
1859  123  ARG  C  9.209  7.242  -8.531  177.96
1860  123  ARG  O  8.952  8.339  -8.035  174.81
1861  123  ARG  CB  9.954  7.264  -10.962  30.19
1862  123  ARG  CG  11.027  7.895  -11.868  27.61
1863  123  ARG  CD  12.386  7.18  -11.842  43.31
1864  123  ARG  NE  13.27  7.649  -12.926  43.01
1865  123  ARG  CZ  14.124  8.659  -12.902  7.23
1866  123  ARG  NH1  14.292  9.439  -11.872  4.07
1867  123  ARG  NH2  14.851  8.914  -13.953  2.09
1868  123  ARG  H  11.112  5.264  -9.956  7.75
1869  123  ARG  HA  10.989  7.844  -9.28  4.18
1870  123  ARG  HB2  9.691  6.402  -11.32  1.97
1871  123  ARG  HB3  9.176  7.842  -10.998  1.18
1872  123  ARG  HG2  10.689  7.891  -12.777  1.82
1873  123  ARG  HG3  11.158  8.819  -11.604  1.75
1874  123  ARG  HD2  12.811  7.317  -10.981  3.24
1875  123  ARG  HD3  12.238  6.228  -11.958  3.01
1876  123  ARG  HE  13.236  7.206  -13.662  3.33
1877  123  ARG  HH11  13.833  9.335  -11.152  9.3
1878  123  ARG  HH12  14.866  10.079  -11.898  122.45
1879  123  ARG  HH21  14.778  8.429  -14.66  57.22
1880  123  ARG  HH22  15.407  9.57  -13.947  174.71
1881  124  LEU  N  8.514  6.143  -8.221  118
1882  124  LEU  CA  7.403  6.129  -7.259  56.47
1883  124  LEU  C  7.892  6.51  -5.848  177.86
1884  124  LEU  O  7.32  7.411  -5.231  172.49
1885  124  LEU  CB  6.707  4.75  -7.318  42.35
1886  124  LEU  CG  5.388  4.556  -6.541  26.94
1887  124  LEU  CD1  5.592  4.336  -5.04  25.32
1888  124  LEU  CD2  4.394  5.7  -6.748  23.2
1889  124  LEU  H  8.744  5.405  -8.598  7.82
1890  124  LEU  HA  6.765  6.804  -7.538  4.25
1891  124  LEU  HB2  6.509  4.568  -8.25  1.87
1892  124  LEU  HB3  7.328  4.068  -7.018  1.66
1893  124  LEU  HG  4.977  3.748  -6.887  1.83
1894  124  LEU  HD11  5.891  5.149  -4.603  53.51
1895  124  LEU  HD12  4.751  4.065  -4.641  175.47
1896  124  LEU  HD13  6.241  3.629  -4.898  116.33
1897  124  LEU  HD21  4.718  6.514  -6.331  36
1898  124  LEU  HD22  4.265  5.85  -7.698  24.81
1899  124  LEU  HD23  3.541  5.462  -6.351  124.83
1900  125  ARG  N  8.97  5.879  -5.351  116.96
1901  125  ARG  CA  9.561  6.189  -4.028  56.49
1902  125  ARG  C  10.209  7.582  -3.992  176.1
1903  125  ARG  O  10.099  8.289  -2.992  40.26
1904  125  ARG  CB  10.58  5.11  -3.61  30.73
1905  125  ARG  CG  10.046  3.665  -3.573  27.21
1906  125  ARG  CD  8.805  3.427  -2.706  43.43
1907  125  ARG  NE  9.105  3.485  -1.259  2.81
1908  125  ARG  CZ  9.334  2.46  -0.454  2.81
1909  125  ARG  NH1  9.357  1.232  -0.885  1.42
1910  125  ARG  NH2  9.55  2.651  0.816  2.62
1911  125  ARG  H  9.342  5.276  -5.838  7.7
1912  125  ARG  HA  8.85  6.215  -3.368  4.36
1913  125  ARG  HB2  11.331  5.135  -4.223  2.04
1914  125  ARG  HB3  10.917  5.331  -2.728  1.93
1915  125  ARG  HG2  9.828  3.386  -4.476  1.79
1916  125  ARG  HG3  10.755  3.083  -3.257  1.66
1917  125  ARG  HD2  8.122  4.079  -2.928  3.27
1918  125  ARG  HD3  8.447  2.556  -2.939  29.01
1919  125  ARG  HE  9.107  4.264  -0.894  50.62
1920  125  ARG  HH11  9.245  1.083  -1.725  27.16
1921  125  ARG  HH12  9.528  0.568  -0.365  43.01
1922  125  ARG  HH21  9.541  3.446  1.143  178.91
1923  125  ARG  HH22  9.691  1.98  1.335  4.9
1924  126  GLU  N  10.859  7.984  -5.085  119.42
1925  126  GLU  CA  11.501  9.297  -5.271  56.64
1926  126  GLU  C  10.484  10.457  -5.275  175.27
1927  126  GLU  O  10.769  11.539  -4.754  1.62
1928  126  GLU  CB  12.275  9.234  -6.599  30.4
1929  126  GLU  CG  12.956  10.528  -7.057  36.55
1930  126  GLU  CD  13.769  10.287  -8.346  175.45
1931  126  GLU  OE1  13.214  9.749  -9.337  0.79
1932  126  GLU  OE2  14.972  10.643  -8.384  30.01
1933  126  GLU  H  10.912  7.425  -5.736  7.97
1934  126  GLU  HA  12.132  9.455  -4.552  4.36
1935  126  GLU  HB2  12.959  8.551  -6.517  2.18
1936  126  GLU  HB3  11.654  8.965  -7.294  2.05
1937  126  GLU  HG2  12.283  11.206  -7.227  2.41
1938  126  GLU  HG3  13.535  10.844  -6.345  2.31
1939  127  GLN  N  9.298  10.232  -5.852  124.28
1940  127  GLN  CA  8.202  11.196  -5.97  57.48
1941  127  GLN  C  6.848  10.474  -5.89  180.96
1942  127  GLN  O  5.901  10.968  -5.263  7.87
1943  127  GLN  CB  8.363  11.953  -7.301  30.48
1944  127  GLN  CG  7.353  13.099  -7.454  34.47
1945  127  GLN  CD  7.591  13.925  -8.721  1.66
1946  127  GLN  OE1  7.762  13.41  -9.82  66.9
1947  127  GLN  NE2  7.61  15.24  -8.629  112.28
1948  127  GLN  H  9.177  9.463  -6.218  7.83
1949  127  GLN  HA  8.247  11.83  -5.237  4.2
1950  127  GLN  HB2  9.256  12.329  -7.339  2.19
1951  127  GLN  HB3  8.262  11.332  -8.039  2.01
1952  127  GLN  HG2  6.452  12.74  -7.49  2.38
1953  127  GLN  HG3  7.419  13.675  -6.677  55.59
1954  127  GLN  HE21  7.492  15.619  -7.866  7.55
1955  127  GLN  HE22  7.74  15.718  -9.332  6.83
