1  1  PRO  N  101.862  13.534  -7.912  123.47
2  1  PRO  CA  103.033  13.053  -8.696  62.62
3  1  PRO  C  103.918  12.104  -7.884  175.66
4  1  PRO  O  104.051  12.253  -6.667  55.76
5  1  PRO  CB  103.829  14.279  -9.135  32.32
6  1  PRO  CG  103.161  15.421  -8.444  26.35
7  1  PRO  CD  101.745  14.981  -8.161  49.31
8  1  PRO  H3  102.046  13.27  -7.115  2.15
9  1  PRO  HA  102.709  12.587  -9.483  4.45
10  1  PRO  HB2  104.754  14.186  -8.857  2.48
11  1  PRO  HB3  103.782  14.372  -10.099  2.12
12  1  PRO  HG2  103.624  15.62  -7.615  2.09
13  1  PRO  HG3  103.16  16.199  -9.023  2.1
14  1  PRO  HD2  101.4  15.437  -7.377  3.4
15  1  PRO  HD3  101.177  15.152  -8.929  3.44
16  1  PRO  H2  101.972  13.377  -7.074  2.57
17  2  GLY  N  104.52  11.131  -8.569  107.53
18  2  GLY  CA  105.386  10.17  -7.905  44.82
19  2  GLY  C  104.675  8.879  -7.564  172.44
20  2  GLY  O  103.784  8.437  -8.292  121.37
21  2  GLY  H  104.393  11.073  -9.418  8.85
22  2  GLY  HA2  106.136  9.965  -8.485  4.02
23  2  GLY  HA3  105.724  10.562  -7.084  4.02
24  3  LEU  N  105.08  8.274  -6.453  121.56
25  3  LEU  CA  104.492  7.021  -5.998  54.86
26  3  LEU  C  103.833  7.184  -4.629  176.8
27  3  LEU  O  104.085  8.159  -3.918  4.38
28  3  LEU  CB  105.551  5.916  -5.941  42.59
29  3  LEU  CG  107.009  6.381  -5.893  26.76
30  3  LEU  CD1  107.441  6.643  -4.458  24.88
31  3  LEU  CD2  107.912  5.346  -6.545  23.67
32  3  LEU  H  105.708  8.633  -5.988  8.25
33  3  LEU  HA  103.812  6.765  -6.641  4.41
34  3  LEU  HB2  105.382  5.387  -5.146  1.39
35  3  LEU  HB3  105.44  5.35  -6.721  1.48
36  3  LEU  HG  107.097  7.21  -6.389  1.55
37  3  LEU  HD11  107.322  5.837  -3.932  176.94
38  3  LEU  HD12  106.901  7.356  -4.083  8
39  3  LEU  HD13  108.375  6.904  -4.444  123.66
40  3  LEU  HD21  107.457  4.961  -7.31  54.55
41  3  LEU  HD22  108.117  4.647  -5.905  176.19
42  3  LEU  HD23  108.734  5.771  -6.835  119.4
43  4  GLN  N  102.994  6.215  -4.266  122.45
44  4  GLN  CA  102.299  6.241  -2.977  55.87
45  4  GLN  C  103.225  5.789  -1.852  173.85
46  4  GLN  O  103.926  4.784  -1.978  38.74
47  4  GLN  CB  101.037  5.363  -2.996  29.54
48  4  GLN  CG  101.127  4.138  -3.9  33.79
49  4  GLN  CD  100.546  4.379  -5.282  183.52
50  4  GLN  OE1  99.436  4.895  -5.421  2.67
51  4  GLN  NE2  101.293  4.003  -6.316  113.11
52  4  GLN  H  102.863  5.556  -4.802  8.86
53  4  GLN  HA  102.036  7.159  -2.806  4.18
54  4  GLN  HB2  100.863  5.055  -2.093  1.9
55  4  GLN  HB3  100.289  5.905  -3.291  2.06
56  4  GLN  HG2  102.059  3.887  -3.995  2.17
57  4  GLN  HG3  100.639  3.41  -3.483  2.29
58  4  GLN  HE21  102.059  3.646  -6.157  7.49
59  4  GLN  HE22  100.983  4.131  -7.108  6.86
60  5  ILE  N  103.225  6.544  -0.755  124.09
61  5  ILE  CA  104.069  6.229  0.392  58.53
62  5  ILE  C  103.278  5.51  1.485  176.01
63  5  ILE  O  102.135  5.869  1.776  119.29
64  5  ILE  CB  104.721  7.496  0.982  38.2
65  5  ILE  CG1  105.282  8.384  -0.135  27.2
66  5  ILE  CG2  105.82  7.112  1.958  17.91
67  5  ILE  CD  106.64  7.944  -0.644  32.79
68  5  ILE  H  102.717  7.237  -0.722  7.97
69  5  ILE  HA  104.78  5.645  0.083  4.77
70  5  ILE  HB  104.043  7.988  1.47  1.7
71  5  ILE  HG12  104.669  8.377  -0.886  1.26
72  5  ILE  HG13  105.369  9.29  0.199  1.38
73  5  ILE  HG21  106.462  6.54  1.508  2.11
74  5  ILE  HG22  105.434  6.636  2.71  2.11
75  5  ILE  HG23  106.267  7.913  2.275  2.63
76  5  ILE  HD11  106.955  8.599  -1.443  2.63
77  5  ILE  HD12  106.576  6.931  -1.013  4.59
78  5  ILE  HD13  107.358  7.989  0.163  1.8
79  6  TYR  N  103.895  4.487  2.079  123.88
80  6  TYR  CA  103.258  3.699  3.134  55.61
81  6  TYR  C  104.258  3.359  4.243  172.17
82  6  TYR  O  105.456  3.616  4.104  177.71
83  6  TYR  CB  102.692  2.408  2.539  41.56
84  6  TYR  CG  101.65  2.632  1.468  19.01
85  6  TYR  CD1  100.338  2.94  1.802  8.19
86  6  TYR  CD2  101.979  2.533  0.122  4.33
87  6  TYR  CE1  99.383  3.143  0.826  3.95
88  6  TYR  CE2  101.031  2.734  -0.859  3.86
89  6  TYR  CZ  99.734  3.04  -0.503  8.21
90  6  TYR  OH  98.785  3.244  -1.478  119.37
91  6  TYR  H  104.691  4.277  1.829  9.01
92  6  TYR  HA  102.533  4.223  3.51  5.07
93  6  TYR  HB2  103.417  1.9  2.144  2.33
94  6  TYR  HB3  102.285  1.886  3.248  3.13
95  6  TYR  HD1  100.104  3.01  2.699  7.04
96  6  TYR  HD2  102.854  2.329  -0.116  7.04
97  6  TYR  HE1  98.509  3.349  1.066  6.58
98  6  TYR  HE2  101.27  2.662  -1.755  6.58
99  6  TYR  HH  98.594  2.511  -1.841  2.12
100  7  PRO  N  103.782  2.759  5.361  4.29
101  7  PRO  CA  104.651  2.37  6.483  63.08
102  7  PRO  C  105.781  1.45  6.025  177.02
103  7  PRO  O  105.76  0.948  4.902  120.45
104  7  PRO  CB  103.706  1.628  7.434  33.2
105  7  PRO  CG  102.348  2.132  7.09  28.07
106  7  PRO  CD  102.372  2.405  5.614  51.22
107  7  PRO  HA  105.025  3.146  6.929  4.52
108  7  PRO  HB2  103.778  0.672  7.284  2.73
109  7  PRO  HB3  103.939  1.836  8.352  1.97
110  7  PRO  HG2  101.683  1.457  7.297  2.27
111  7  PRO  HG3  102.165  2.949  7.58  2.22
112  7  PRO  HD2  102.12  1.61  5.119  3.99
113  7  PRO  HD3  101.784  3.145  5.395  4.13
114  8  TYR  N  106.771  1.233  6.885  123.22
115  8  TYR  CA  107.894  0.385  6.538  61.14
116  8  TYR  C  107.513  -1.095  6.59  175.52
117  8  TYR  O  107.641  -1.806  5.594  43.24
118  8  TYR  CB  109.057  0.677  7.476  38.77
119  8  TYR  CG  110.055  -0.438  7.548  3.64
120  8  TYR  CD1  110.8  -0.795  6.437  118.98
121  8  TYR  CD2  110.238  -1.134  8.723  54.71
122  8  TYR  CE1  111.712  -1.824  6.494  175.02
123  8  TYR  CE2  111.148  -2.168  8.801  31.84
124  8  TYR  CZ  111.885  -2.51  7.685  45.52
125  8  TYR  OH  112.791  -3.538  7.764  4.47
126  8  TYR  H  106.755  1.601  7.662  8.31
127  8  TYR  HA  108.16  0.604  5.631  4.08
128  8  TYR  HB2  109.519  1.473  7.169  3.04
129  8  TYR  HB3  108.713  0.829  8.37  2.65
130  8  TYR  HD1  110.677  -0.326  5.643  6.9
131  8  TYR  HD2  109.731  -0.894  9.465  6.9
132  8  TYR  HE1  112.201  -2.048  5.735  6.64
133  8  TYR  HE2  111.263  -2.628  9.601  6.64
134  8  TYR  HH  113.555  -3.227  7.922  9.69
135  9  GLU  N  107.049  -1.548  7.758  113.99
136  9  GLU  CA  106.646  -2.948  7.951  60.45
137  9  GLU  C  105.629  -3.393  6.894  178.48
138  9  GLU  O  105.604  -4.561  6.503  9.09
139  9  GLU  CB  106.058  -3.145  9.351  28.65
140  9  GLU  CG  107.102  -3.129  10.457  37.59
141  9  GLU  CD  106.836  -4.173  11.525  1.69
142  9  GLU  OE1  107.28  -5.328  11.35  123.7
143  9  GLU  OE2  106.183  -3.837  12.535  70.05
144  9  GLU  H  106.987  -1.001  8.419  9.46
145  9  GLU  HA  107.439  -3.5  7.866  3.47
146  9  GLU  HB2  105.42  -2.435  9.524  1.96
147  9  GLU  HB3  105.597  -3.998  9.38  1.99
148  9  GLU  HG2  107.973  -3.302  10.067  2.28
149  9  GLU  HG3  107.101  -2.253  10.873  2.54
150  10  MET  N  104.799  -2.456  6.43  114.95
151  10  MET  CA  103.791  -2.754  5.412  57.37
152  10  MET  C  104.431  -2.908  4.028  177.27
153  10  MET  O  103.926  -3.649  3.183  129.54
154  10  MET  CB  102.732  -1.648  5.372  33.49
155  10  MET  CG  101.819  -1.633  6.588  32.62
156  10  MET  SD  100.18  -0.979  6.217  54.99
157  10  MET  CE  99.142  -2.331  6.768  16.94
158  10  MET  H  104.86  -1.653  6.733  7.41
159  10  MET  HA  103.363  -3.591  5.653  4.22
160  10  MET  HB2  103.178  -0.789  5.316  2.13
161  10  MET  HB3  102.183  -1.769  4.582  2.23
162  10  MET  HG2  101.723  -2.54  6.917  2.48
163  10  MET  HG3  102.225  -1.081  7.275  2.68
164  10  MET  HE1  99.11  -2.339  7.737  8.99
165  10  MET  HE2  99.508  -3.171  6.449  5.54
166  10  MET  HE3  98.246  -2.214  6.415  3.34
167  11  LEU  N  105.542  -2.199  3.804  119.11
168  11  LEU  CA  106.25  -2.248  2.524  55.73
169  11  LEU  C  107.418  -3.246  2.54  175.53
170  11  LEU  O  108.206  -3.291  1.594  7.06
171  11  LEU  CB  106.768  -0.854  2.157  43.01
172  11  LEU  CG  105.702  0.239  2.072  26.16
173  11  LEU  CD1  106.348  1.602  1.885  26.88
174  11  LEU  CD2  104.732  -0.05  0.941  22.5
175  11  LEU  H  105.849  -1.694  4.429  7.67
176  11  LEU  HA  105.615  -2.531  1.848  4.01
177  11  LEU  HB2  107.418  -0.59  2.827  1.84
178  11  LEU  HB3  107.213  -0.911  1.297  1.42
179  11  LEU  HG  105.198  0.257  2.901  1.65
180  11  LEU  HD11  106.993  1.557  1.162  8.72
181  11  LEU  HD12  106.797  1.863  2.704  4.28
182  11  LEU  HD13  105.666  2.257  1.668  1.59
183  11  LEU  HD21  104.879  -0.952  0.615  6.1
184  11  LEU  HD22  104.878  0.584  0.222  9.32
185  11  LEU  HD23  103.822  0.032  1.267  4.3
186  12  VAL  N  107.53  -4.05  3.604  114.06
187  12  VAL  CA  108.606  -5.04  3.702  64.28
188  12  VAL  C  108.438  -6.11  2.619  178.8
189  12  VAL  O  107.343  -6.283  2.08  178.22
190  12  VAL  CB  108.658  -5.691  5.102  32.62
191  12  VAL  CG1  109.931  -6.489  5.291  21.63
192  12  VAL  CG2  108.563  -4.637  6.183  21.19
193  12  VAL  H  106.954  -3.991  4.24  6.97
194  12  VAL  HA  109.445  -4.577  3.551  3.79
195  12  VAL  HB  107.901  -6.29  5.196  1.78
196  12  VAL  HG11  110.143  -6.528  6.237  4.18
197  12  VAL  HG12  110.656  -6.054  4.815  2.61
198  12  VAL  HG13  109.807  -7.388  4.948  2.61
199  12  VAL  HG21  108.389  -5.068  7.034  120.02
200  12  VAL  HG22  107.84  -4.025  5.972  55.14
201  12  VAL  HG23  109.399  -4.147  6.233  181.36
202  13  VAL  N  109.53  -6.792  2.265  119.15
203  13  VAL  CA  109.481  -7.793  1.199  64.08
204  13  VAL  C  109.206  -9.217  1.697  177.84
205  13  VAL  O  108.148  -9.774  1.41  4.17
206  13  VAL  CB  110.8  -7.79  0.394  32.32
207  13  VAL  CG1  110.759  -8.819  -0.727  21.44
208  13  VAL  CG2  111.081  -6.399  -0.157  20.89
209  13  VAL  H  110.281  -6.616  2.645  8.15
210  13  VAL  HA  108.768  -7.539  0.592  3.93
211  13  VAL  HB  111.523  -8.028  0.995  2.1
212  13  VAL  HG11  109.86  -8.867  -1.088  1.94
213  13  VAL  HG12  111.014  -9.687  -0.378  18.35
214  13  VAL  HG13  111.376  -8.559  -1.429  8.03
215  13  VAL  HG21  110.399  -6.164  -0.805  4.16
216  13  VAL  HG22  111.951  -6.39  -0.585  121.65
217  13  VAL  HG23  111.073  -5.756  0.569  127.1
218  14  THR  N  110.163  -9.814  2.409  114.16
219  14  THR  CA  110.011  -11.189  2.896  63.21
220  14  THR  C  109.754  -11.259  4.402  175.13
221  14  THR  O  108.892  -12.011  4.859  179.69
222  14  THR  CB  111.259  -12.004  2.543  69.24
223  14  THR  OG1  111.499  -11.975  1.146  17.37
224  14  THR  CG2  111.169  -13.456  2.96  22.06
225  14  THR  H  110.896  -9.393  2.567  7.86
226  14  THR  HA  109.251  -11.579  2.436  4.19
227  14  THR  HB  112.025  -11.613  2.991  4.2
228  14  THR  HG1  112.046  -11.363  0.969  2.94
229  14  THR  HG21  111.211  -13.517  3.927  115.15
230  14  THR  HG22  111.908  -13.95  2.572  55.62
231  14  THR  HG23  110.33  -13.83  2.649  178.57
232  15  ASN  N  110.536  -10.499  5.161  119.24
233  15  ASN  CA  110.441  -10.483  6.624  54.61
234  15  ASN  C  109.005  -10.296  7.125  175.73
235  15  ASN  O  108.612  -10.916  8.115  54.69
236  15  ASN  CB  111.345  -9.387  7.196  38.77
237  15  ASN  CG  112.798  -9.575  6.793  175.92
238  15  ASN  OD1  113.571  -10.22  7.501  4.37
239  15  ASN  ND2  113.177  -9.011  5.649  112.74
240  15  ASN  H  111.135  -10.014  4.779  8.27
241  15  ASN  HA  110.764  -11.341  6.942  4.59
242  15  ASN  HB2  111.045  -8.524  6.87  2.75
243  15  ASN  HB3  111.29  -9.403  8.164  2.98
244  15  ASN  HD21  112.592  -8.571  5.198  6.92
245  15  ASN  HD22  113.994  -9.108  5.4  7.4
246  16  LYS  N  108.23  -9.442  6.454  118.5
247  16  LYS  CA  106.846  -9.187  6.861  57.08
248  16  LYS  C  105.836  -9.667  5.807  177.27
249  16  LYS  O  104.73  -9.13  5.71  30.65
250  16  LYS  CB  106.652  -7.693  7.147  32.62
251  16  LYS  CG  106.712  -7.335  8.627  25
252  16  LYS  CD  108.001  -7.821  9.281  29.1
253  16  LYS  CE  109.232  -7.165  8.669  42.14
254  16  LYS  NZ  109.448  -5.786  9.19  1.66
255  16  LYS  H  108.549  -9.028  5.771  8.08
256  16  LYS  HA  106.687  -9.681  7.68  4.26
257  16  LYS  HB2  107.347  -7.195  6.689  1.82
258  16  LYS  HB3  105.788  -7.417  6.804  1.92
259  16  LYS  HG2  106.66  -6.371  8.719  1.55
260  16  LYS  HG3  105.957  -7.744  9.078  1.47
261  16  LYS  HD2  107.971  -7.609  10.227  1.66
262  16  LYS  HD3  108.067  -8.782  9.167  1.66
263  16  LYS  HE2  110.01  -7.706  8.877  2.97
264  16  LYS  HE3  109.118  -7.125  7.707  2.97
265  16  LYS  HZ1  109.735  -5.819  10.032  119.76
266  16  LYS  HZ2  108.686  -5.326  9.165  67.93
267  16  LYS  HZ3  110.054  -5.362  8.695  177.29
268  17  GLY  N  106.214  -10.686  5.028  106.93
269  17  GLY  CA  105.319  -11.217  4.008  45.52
270  17  GLY  C  106.042  -11.602  2.73  173.67
271  17  GLY  O  107.104  -12.224  2.775  26.2
272  17  GLY  H  106.992  -11.037  5.136  8.13
273  17  GLY  HA2  104.872  -12.002  4.362  3.94
274  17  GLY  HA3  104.651  -10.546  3.798  4
275  18  ARG  N  105.461  -11.234  1.588  118.59
276  18  ARG  CA  106.051  -11.538  0.285  56.73
277  18  ARG  C  105.764  -10.406  -0.706  176.24
278  18  ARG  O  106.658  -9.625  -1.036  108.86
279  18  ARG  CB  105.555  -12.897  -0.257  30.12
280  18  ARG  CG  104.108  -13.255  0.087  27.19
281  18  ARG  CD  103.906  -13.498  1.576  43.74
282  18  ARG  NE  103.102  -14.693  1.837  83.9
283  18  ARG  CZ  102.417  -14.904  2.964  179.23
284  18  ARG  NH1  102.434  -14.004  3.945  8.33
285  18  ARG  NH2  101.711  -16.02  3.111  32.27
286  18  ARG  H  104.718  -10.802  1.618  8.12
287  18  ARG  HA  107.011  -11.59  0.411  4.3
288  18  ARG  HB2  105.636  -12.89  -1.224  1.83
289  18  ARG  HB3  106.129  -13.595  0.095  1.92
290  18  ARG  HG2  103.526  -12.53  -0.19  1.62
291  18  ARG  HG3  103.866  -14.061  -0.396  1.62
292  18  ARG  HD2  104.773  -13.606  1.997  3.18
293  18  ARG  HD3  103.455  -12.728  1.956  3.18
294  18  ARG  HE  103.074  -15.292  1.221  7.46
295  18  ARG  HH11  102.888  -13.279  3.859  1.48
296  18  ARG  HH12  101.99  -14.148  4.667  2
297  18  ARG  HH21  101.696  -16.606  2.482  2
298  18  ARG  HH22  101.27  -16.158  3.836  2.99
299  19  THR  N  104.514  -10.309  -1.159  112.84
300  19  THR  CA  104.099  -9.272  -2.081  61.82
301  19  THR  C  102.784  -8.645  -1.594  173.22
302  19  THR  O  102.007  -8.068  -2.356  56.89
303  19  THR  CB  103.954  -9.886  -3.465  70.11
304  19  THR  OG1  105.202  -9.941  -4.132  61.26
305  19  THR  CG2  102.986  -9.157  -4.353  21.78
306  19  THR  H  103.92  -10.871  -0.893  7.95
307  19  THR  HA  104.787  -8.588  -2.095  4.31
308  19  THR  HB  103.626  -10.791  -3.35  4.18
309  19  THR  HG1  105.493  -9.162  -4.25  7.85
310  19  THR  HG21  102.088  -9.333  -4.031  4.26
311  19  THR  HG22  103.078  -9.469  -5.267  4.01
312  19  THR  HG23  103.164  -8.204  -4.309  4.01
313  20  LYS  N  102.551  -8.764  -0.3  122.58
314  20  LYS  CA  101.349  -8.238  0.342  55.77
315  20  LYS  C  101.375  -6.707  0.471  175.66
316  20  LYS  O  100.75  -6.138  1.369  180.24
317  20  LYS  CB  101.223  -8.871  1.719  33.06
318  20  LYS  CG  100.876  -10.359  1.696  24.56
319  20  LYS  CD  101.434  -11.066  0.464  29.41
320  20  LYS  CE  100.903  -12.486  0.346  26.24
321  20  LYS  NZ  101.047  -13.024  -1.036  22.43
322  20  LYS  H  103.13  -9.177  0.183  8.3
323  20  LYS  HA  100.587  -8.498  -0.199  4.32
324  20  LYS  HB2  102.076  -8.76  2.168  1.68
325  20  LYS  HB3  100.535  -8.406  2.22  1.81
326  20  LYS  HG2  101.245  -10.779  2.489  1.39
327  20  LYS  HG3  99.911  -10.454  1.701  1.39
328  20  LYS  HD2  101.177  -10.569  -0.328  1.64
329  20  LYS  HD3  102.402  -11.092  0.526  1.64
330  20  LYS  HE2  101.395  -13.055  0.959  117.96
331  20  LYS  HE3  99.964  -12.488  0.588  2.98
332  20  LYS  HZ1  101.642  -12.543  -1.491  7.84
333  20  LYS  HZ2  100.266  -12.989  -1.461  116.21
334  20  LYS  HZ3  101.321  -13.87  -1.01  64.5
335  21  LEU  N  102.104  -6.058  -0.427  124.4
336  21  LEU  CA  102.246  -4.618  -0.45  53.19
337  21  LEU  C  100.92  -3.89  -0.563  173.73
338  21  LEU  O  99.986  -4.364  -1.213  24.51
339  21  LEU  CB  103.064  -4.231  -1.674  41.69
340  21  LEU  CG  104.565  -4.189  -1.485  27.19
341  21  LEU  CD1  104.93  -3.533  -0.175  25.88
342  21  LEU  CD2  105.125  -5.576  -1.539  23.88
343  21  LEU  H  102.531  -6.508  -1.022  8.22
344  21  LEU  HA  102.713  -4.336  0.352  4.34
345  21  LEU  HB2  102.868  -4.871  -2.376  1.54
346  21  LEU  HB3  102.772  -3.355  -1.97  1.22
347  21  LEU  HG  104.955  -3.677  -2.211  1.63
348  21  LEU  HD11  104.619  -4.089  0.557  2.93
349  21  LEU  HD12  104.511  -2.66  -0.123  7.33
350  21  LEU  HD13  105.894  -3.438  -0.12  4.91
351  21  LEU  HD21  106.047  -5.537  -1.837  59.51
352  21  LEU  HD22  104.598  -6.106  -2.158  115.9
353  21  LEU  HD23  105.082  -5.965  -0.651  60.91
354  22  PRO  N  100.855  -2.69  0.037  176.49
355  22  PRO  CA  99.67  -1.831  -0.032  61.36
356  22  PRO  C  99.319  -1.513  -1.494  62.92
357  22  PRO  O  99.957  -2.029  -2.414  7.96
358  22  PRO  CB  100.102  -0.558  0.711  30.27
359  22  PRO  CG  101.272  -0.962  1.544  27.33
360  22  PRO  CD  101.957  -2.069  0.796  50.19
361  22  PRO  HA  98.906  -2.234  0.41  4.53
362  22  PRO  HB2  100.347  0.125  0.067  1.25
363  22  PRO  HB3  99.369  -0.241  1.262  2.06
364  22  PRO  HG2  101.872  -0.208  1.653  1.52
365  22  PRO  HG3  100.966  -1.28  2.408  1.03
366  22  PRO  HD2  102.638  -1.716  0.202  3.74
367  22  PRO  HD3  102.349  -2.706  1.413  2.86
368  23  PRO  N  98.304  -0.671  -1.746  36.26
369  23  PRO  CA  97.902  -0.326  -3.116  63.67
370  23  PRO  C  98.985  0.445  -3.884  178.32
371  23  PRO  O  99.205  1.63  -3.636  27.35
372  23  PRO  CB  96.656  0.553  -2.922  31.88
373  23  PRO  CG  96.217  0.317  -1.515  27.63
374  23  PRO  CD  97.462  -0.006  -0.741  50.34
375  23  PRO  HA  97.66  -1.119  -3.62  4.32
376  23  PRO  HB2  96.891  1.483  -3.065  2.32
377  23  PRO  HB3  95.971  0.287  -3.555  1.91
378  23  PRO  HG2  95.799  1.118  -1.161  2.12
379  23  PRO  HG3  95.598  -0.429  -1.484  2.03
380  23  PRO  HD2  97.882  0.806  -0.417  3.79
381  23  PRO  HD3  97.26  -0.605  -0.005  3.61
382  24  GLY  N  99.637  -0.231  -4.84  109.12
383  24  GLY  CA  100.662  0.418  -5.653  45.64
384  24  GLY  C  102.09  0.237  -5.147  173.98
385  24  GLY  O  102.855  1.201  -5.123  177.03
386  24  GLY  H  99.433  -1.053  -4.988  8.69
387  24  GLY  HA2  100.611  0.06  -6.553  3.78
388  24  GLY  HA3  100.466  1.367  -5.69  4.15
389  25  VAL  N  102.46  -0.985  -4.748  117.04
390  25  VAL  CA  103.814  -1.252  -4.254  61.48
391  25  VAL  C  104.385  -2.552  -4.806  174.31
392  25  VAL  O  103.706  -3.58  -4.854  4.62
393  25  VAL  CB  103.888  -1.29  -2.72  32.02
394  25  VAL  CG1  105.044  -0.442  -2.245  22.22
395  25  VAL  CG2  102.591  -0.839  -2.072  21.78
396  25  VAL  H  101.893  -1.631  -4.781  7.12
397  25  VAL  HA  104.39  -0.531  -4.553  3.85
398  25  VAL  HB  104.061  -2.205  -2.45  1.65
399  25  VAL  HG11  105.727  -0.42  -2.933  178.47
400  25  VAL  HG12  105.412  -0.825  -1.433  1.84
401  25  VAL  HG13  104.731  0.459  -2.071  46.99
402  25  VAL  HG21  102.064  -0.332  -2.709  8.13
403  25  VAL  HG22  102.792  -0.283  -1.303  4.01
404  25  VAL  HG23  102.092  -1.62  -1.785  2.1
405  26  ASP  N  105.652  -2.484  -5.213  127.25
406  26  ASP  CA  106.363  -3.633  -5.761  52.67
407  26  ASP  C  107.83  -3.605  -5.333  176.95
408  26  ASP  O  108.412  -2.533  -5.153  115.13
409  26  ASP  CB  106.26  -3.646  -7.289  41.41
410  26  ASP  CG  106.711  -4.966  -7.888  4.21
411  26  ASP  OD1  105.904  -5.919  -7.898  70.48
412  26  ASP  OD2  107.871  -5.046  -8.344  38.54
413  26  ASP  H  106.069  -1.735  -5.146  9.04
414  26  ASP  HA  105.949  -4.436  -5.408  4.7
415  26  ASP  HB2  105.337  -3.493  -7.546  2.66
416  26  ASP  HB3  106.817  -2.939  -7.65  3.13
417  27  ARG  N  108.419  -4.792  -5.171  124.95
418  27  ARG  CA  109.821  -4.921  -4.759  58.11
419  27  ARG  C  110.761  -4.079  -5.63  177.67
420  27  ARG  O  111.825  -3.663  -5.169  7.64
421  27  ARG  CB  110.253  -6.39  -4.808  29.98
422  27  ARG  CG  110.155  -7.1  -3.467  27.49
423  27  ARG  CD  108.735  -7.568  -3.176  42.87
424  27  ARG  NE  108.558  -8.993  -3.467  113.3
425  27  ARG  CZ  108.139  -9.481  -4.639  128.56
426  27  ARG  NH1  107.815  -8.665  -5.641  68.82
427  27  ARG  NH2  108.035  -10.795  -4.807  120.67
428  27  ARG  H  107.959  -5.505  -5.31  8.7
429  27  ARG  HA  109.888  -4.608  -3.843  3.84
430  27  ARG  HB2  109.693  -6.861  -5.445  1.85
431  27  ARG  HB3  111.174  -6.435  -5.108  1.91
432  27  ARG  HG2  110.743  -7.872  -3.478  1.61
433  27  ARG  HG3  110.434  -6.488  -2.768  1.78
434  27  ARG  HD2  108.545  -7.414  -2.237  3.18
435  27  ARG  HD3  108.116  -7.053  -3.717  3.25
436  27  ARG  HE  108.745  -9.548  -2.837  7.43
437  27  ARG  HH11  107.872  -7.813  -5.541  54.62
438  27  ARG  HH12  107.549  -8.992  -6.391  175.99
439  27  ARG  HH21  108.236  -11.328  -4.163  54.49
440  27  ARG  HH22  107.766  -11.112  -5.56  41.18
441  28  MET  N  110.366  -3.838  -6.885  115.23
442  28  MET  CA  111.175  -3.051  -7.82  55.63
443  28  MET  C  111.668  -1.744  -7.193  177.5
444  28  MET  O  112.824  -1.361  -7.383  8.34
445  28  MET  CB  110.372  -2.745  -9.088  31.96
446  28  MET  CG  110.4  -3.866  -10.113  32.76
447  28  MET  SD  109.164  -3.652  -11.409  2.68
448  28  MET  CE  110.154  -3.943  -12.873  17.38
449  28  MET  H  109.615  -4.158  -7.155  8.65
450  28  MET  HA  111.946  -3.587  -8.063  4.66
451  28  MET  HB2  109.448  -2.582  -8.841  2.25
452  28  MET  HB3  110.734  -1.946  -9.502  2.25
453  28  MET  HG2  111.278  -3.89  -10.524  2.8
454  28  MET  HG3  110.232  -4.707  -9.659  2.57
455  28  MET  HE1  110.953  -3.394  -12.837  22.82
456  28  MET  HE2  109.639  -3.713  -13.662  7.18
457  28  MET  HE3  110.406  -4.879  -12.913  3.93
458  29  ARG  N  110.792  -1.061  -6.451  120.75
459  29  ARG  CA  111.158  0.203  -5.809  53.56
460  29  ARG  C  110.531  0.341  -4.421  176.96
461  29  ARG  O  110.042  1.414  -4.059  32.19
462  29  ARG  CB  110.747  1.39  -6.69  31.14
463  29  ARG  CG  109.298  1.342  -7.156  27.06
464  29  ARG  CD  109.157  0.598  -8.476  43.49
465  29  ARG  NE  108.138  1.195  -9.34  114.13
466  29  ARG  CZ  107.968  0.876  -10.626  2.95
467  29  ARG  NH1  108.745  -0.036  -11.205  119.17
468  29  ARG  NH2  107.015  1.472  -11.335  54.64
469  29  ARG  H  109.995  -1.368  -6.349  7.97
470  29  ARG  HA  112.123  0.211  -5.71  5.01
471  29  ARG  HB2  110.875  2.209  -6.187  1.92
472  29  ARG  HB3  111.32  1.41  -7.473  1.62
473  29  ARG  HG2  108.765  0.891  -6.483  1.54
474  29  ARG  HG3  108.976  2.25  -7.27  1.54
475  29  ARG  HD2  110.01  0.618  -8.937  3.23
476  29  ARG  HD3  108.913  -0.322  -8.29  3.23
477  29  ARG  HE  107.62  1.786  -8.991  7.54
478  29  ARG  HH11  109.364  -0.427  -10.753  1.65
479  29  ARG  HH12  108.629  -0.235  -12.033  1.65
480  29  ARG  HH21  106.509  2.062  -10.966  1.34
481  29  ARG  HH22  106.904  1.269  -12.163  1.34
482  30  LEU  N  110.557  -0.739  -3.637  120.54
483  30  LEU  CA  109.999  -0.709  -2.289  58.82
484  30  LEU  C  110.768  0.276  -1.409  178.92
485  30  LEU  O  110.174  0.972  -0.585  2.79
486  30  LEU  CB  109.997  -2.109  -1.674  43.45
487  30  LEU  CG  108.715  -2.904  -1.923  26.59
488  30  LEU  CD1  108.835  -4.311  -1.362  25.43
489  30  LEU  CD2  107.524  -2.185  -1.317  24.84
490  30  LEU  H  110.915  -1.465  -3.928  8.64
491  30  LEU  HA  109.083  -0.398  -2.364  4.21
492  30  LEU  HB2  110.744  -2.606  -2.043  2.04
493  30  LEU  HB3  110.121  -2.024  -0.716  1.54
494  30  LEU  HG  108.562  -2.972  -2.879  2.08
495  30  LEU  HD11  109.419  -4.837  -1.93  22.33
496  30  LEU  HD12  107.958  -4.723  -1.331  25.62
497  30  LEU  HD13  109.205  -4.272  -0.466  8.56
498  30  LEU  HD21  106.706  -2.546  -1.692  4.35
499  30  LEU  HD22  107.582  -1.238  -1.518  1.09
500  30  LEU  HD23  107.524  -2.312  -0.355  1.09
501  31  GLU  N  112.088  0.357  -1.62  115.46
502  31  GLU  CA  112.942  1.288  -0.88  58.56
503  31  GLU  C  112.66  2.748  -1.285  177.15
504  31  GLU  O  113.282  3.669  -0.765  5.52
505  31  GLU  CB  114.423  0.954  -1.113  27.35
506  31  GLU  CG  114.992  1.485  -2.426  35.11
507  31  GLU  CD  114.222  1.013  -3.648  7.26
508  31  GLU  OE1  114.122  -0.216  -3.852  129.42
509  31  GLU  OE2  113.72  1.872  -4.4  53.51
510  31  GLU  H  112.445  -0.14  -2.224  10.45
511  31  GLU  HA  112.749  1.185  0.065  4.25
512  31  GLU  HB2  114.942  1.332  -0.386  1.89
513  31  GLU  HB3  114.529  -0.01  -1.105  2.05
514  31  GLU  HG2  114.97  2.455  -2.404  2.21
515  31  GLU  HG3  115.912  1.188  -2.507  2.31
516  32  ARG  N  111.713  2.957  -2.204  118.99
517  32  ARG  CA  111.354  4.297  -2.652  57.23
518  32  ARG  C  109.912  4.618  -2.264  175.42
519  32  ARG  O  109.466  5.761  -2.37  9.36
520  32  ARG  CB  111.524  4.395  -4.164  29.84
521  32  ARG  CG  112.201  5.676  -4.626  27.63
522  32  ARG  CD  111.188  6.695  -5.126  43.73
523  32  ARG  NE  111.818  7.77  -5.892  83.9
524  32  ARG  CZ  111.142  8.691  -6.584  4.4
525  32  ARG  NH1  109.812  8.677  -6.609  3.46
526  32  ARG  NH2  111.801  9.631  -7.254  3.46
527  32  ARG  H  111.287  2.289  -2.538  7.91
528  32  ARG  HA  111.948  4.931  -2.221  4.31
529  32  ARG  HB2  112.06  3.643  -4.461  1.83
530  32  ARG  HB3  110.649  4.342  -4.58  1.83
531  32  ARG  HG2  112.691  6.06  -3.882  1.64
532  32  ARG  HG3  112.816  5.465  -5.346  1.69
533  32  ARG  HD2  110.544  6.241  -5.692  3.18
534  32  ARG  HD3  110.73  7.079  -4.362  3.18
535  32  ARG  HE  112.677  7.804  -5.893  7.3
536  32  ARG  HH11  109.377  8.073  -6.178  33.73
537  32  ARG  HH12  109.384  9.274  -7.057  20.64
538  32  ARG  HH21  112.661  9.646  -7.241  21.76
539  32  ARG  HH22  111.368  10.225  -7.7  7.66
540  33  HSE  N  109.197  3.591  -1.806  115.29
541  33  HSE  CA  107.818  3.721  -1.388  56.12
542  33  HSE  C  107.728  4.089  0.096  171.24
543  33  HSE  O  106.648  4.401  0.598  7.42
544  33  HSE  CB  107.1  2.404  -1.666  29.25
545  33  HSE  CG  106.557  2.304  -3.059  8.34
546  33  HSE  ND1  105.536  3.101  -3.53  122.7
547  33  HSE  CD2  106.908  1.499  -4.09  1.19
548  33  HSE  CE1  105.282  2.79  -4.788  123.37
549  33  HSE  NE2  106.101  1.822  -5.152  54.62
550  33  HSE  H  109.614  2.711  -1.741  7.88
551  33  HSE  HA  107.358  4.507  -1.968  4.63
552  33  HSE  HB2  107.795  1.587  -1.525  3.35
553  33  HSE  HB3  106.287  2.296  -0.979  3.94
554  33  HSE  HD1  105.065  3.792  -3.018  135.77
555  33  HSE  HD2  107.679  0.742  -4.078  7.15
556  33  HSE  HE1  104.533  3.252  -5.415  8.07
557  33  HSE  HE2  106.187  1.466  -6.061  2.55
558  34  LEU  N  108.873  4.066  0.787  115.01
559  34  LEU  CA  108.934  4.41  2.193  53.12
560  34  LEU  C  109.014  5.919  2.366  178.43
561  34  LEU  O  109.639  6.615  1.562  5.08
562  34  LEU  CB  110.163  3.762  2.818  44.48
563  34  LEU  CG  110.156  2.239  2.792  26.61
564  34  LEU  CD1  111.448  1.695  2.21  26.75
565  34  LEU  CD2  109.94  1.715  4.186  24.62
566  34  LEU  H  109.604  3.84  0.393  6.81
567  34  LEU  HA  108.135  4.074  2.629  5.12
568  34  LEU  HB2  110.947  4.074  2.34  2.16
569  34  LEU  HB3  110.225  4.051  3.742  1.76
570  34  LEU  HG  109.422  1.931  2.238  2.04
571  34  LEU  HD11  112.095  2.414  2.133  175.94
572  34  LEU  HD12  111.271  1.325  1.331  120.97
573  34  LEU  HD13  111.8  1.003  2.791  39.62
574  34  LEU  HD21  109.199  2.191  4.592  176.83
575  34  LEU  HD22  110.745  1.86  4.707  17.76
576  34  LEU  HD23  109.738  0.767  4.145  42.59
577  35  SER  N  108.383  6.418  3.421  119.13
578  35  SER  CA  108.386  7.849  3.704  56.94
579  35  SER  C  109.755  8.292  4.208  173.19
580  35  SER  O  110.604  7.46  4.526  1.37
581  35  SER  CB  107.305  8.195  4.734  64.84
582  35  SER  OG  107.61  7.644  6.005  27.48
583  35  SER  H  107.968  5.883  3.951  10.14
584  35  SER  HA  108.193  8.316  2.876  4.35
585  35  SER  HB2  107.241  9.159  4.819  4.11
586  35  SER  HB3  106.454  7.838  4.435  4.49
587  35  SER  HG  107.194  6.921  6.104  3.17
588  36  ALA  N  109.965  9.605  4.279  123.7
589  36  ALA  CA  111.238  10.149  4.751  55.82
590  36  ALA  C  111.616  9.567  6.112  181.79
591  36  ALA  O  112.794  9.34  6.392  108.17
592  36  ALA  CB  111.181  11.669  4.817  17.96
593  36  ALA  H  109.337  10.143  4.044  9.06
594  36  ALA  HA  111.92  9.897  4.109  4.11
595  36  ALA  HB1  110.497  11.94  5.448  8.66
596  36  ALA  HB2  110.97  12.023  3.939  4.58
597  36  ALA  HB3  112.041  12.013  5.105  4.18
598  37  GLU  N  110.606  9.303  6.943  116.85
599  37  GLU  CA  110.833  8.717  8.265  60.1
600  37  GLU  C  111.228  7.254  8.114  180.03
601  37  GLU  O  112.264  6.825  8.618  175.83
602  37  GLU  CB  109.585  8.815  9.16  29.23
603  37  GLU  CG  108.47  9.692  8.609  37
604  37  GLU  CD  107.382  9.964  9.63  1.77
605  37  GLU  OE1  107.497  10.963  10.37  14.08
606  37  GLU  OE2  106.413  9.177  9.689  8.21
607  37  GLU  H  109.801  9.465  6.687  8.86
608  37  GLU  HA  111.565  9.198  8.683  4.11
609  37  GLU  HB2  109.225  7.923  9.289  2.11
610  37  GLU  HB3  109.852  9.171  10.022  1.98
611  37  GLU  HG2  108.849  10.539  8.327  2.44
612  37  GLU  HG3  108.074  9.244  7.845  2.33
613  38  ASP  N  110.384  6.5  7.409  121.2
614  38  ASP  CA  110.619  5.077  7.17  57.06
615  38  ASP  C  111.981  4.834  6.52  177.7
616  38  ASP  O  112.763  4.017  7.003  107.97
617  38  ASP  CB  109.515  4.493  6.281  40.82
618  38  ASP  CG  108.195  4.322  7.011  113.65
619  38  ASP  OD1  108.194  3.738  8.117  32.29
620  38  ASP  OD2  107.159  4.767  6.474  8.18
621  38  ASP  H  109.677  6.865  7.084  8.21
622  38  ASP  HA  110.599  4.627  8.029  4.61
623  38  ASP  HB2  109.371  5.085  5.526  3.1
624  38  ASP  HB3  109.8  3.624  5.957  2.43
625  39  PHE  N  112.256  5.534  5.416  120.98
626  39  PHE  CA  113.513  5.376  4.7  62.68
627  39  PHE  C  114.723  5.722  5.566  178.24
628  39  PHE  O  115.622  4.901  5.733  3.56
629  39  PHE  CB  113.517  6.238  3.442  39.5
630  39  PHE  CG  114.479  5.735  2.419  4.82
631  39  PHE  CD1  114.344  4.458  1.915  2.9
632  39  PHE  CD2  115.522  6.524  1.979  2.74
633  39  PHE  CE1  115.239  3.973  0.981  0.97
634  39  PHE  CE2  116.419  6.049  1.045  117.19
635  39  PHE  CZ  116.278  4.771  0.545  58.3
636  39  PHE  H  111.674  6.087  5.108  9.32
637  39  PHE  HA  113.581  4.445  4.436  3.72
638  39  PHE  HB2  112.63  6.238  3.049  3.12
639  39  PHE  HB3  113.77  7.145  3.675  3.42
640  39  PHE  HD1  113.641  3.927  2.213  7.38
641  39  PHE  HD2  115.615  7.385  2.318  7.38
642  39  PHE  HE1  115.142  3.111  0.645  6.53
643  39  PHE  HE2  117.118  6.588  0.753  6.53
644  39  PHE  HZ  116.882  4.449  -0.085  5.91
645  40  SER  N  114.751  6.939  6.104  111.21
646  40  SER  CA  115.869  7.376  6.939  61.9
647  40  SER  C  115.984  6.547  8.229  177.64
648  40  SER  O  117.003  6.606  8.917  8.05
649  40  SER  CB  115.728  8.862  7.284  63.09
650  40  SER  OG  116.985  9.432  7.607  4.17
651  40  SER  H  114.102  7.482  5.951  8.06
652  40  SER  HA  116.679  7.253  6.419  4.4
653  40  SER  HB2  115.359  9.335  6.522  3.98
654  40  SER  HB3  115.134  8.961  8.045  4
655  40  SER  HG  117.113  9.38  8.436  39.09
656  41  ARG  N  114.939  5.777  8.551  121.17
657  41  ARG  CA  114.933  4.944  9.752  59.43
658  41  ARG  C  115.453  3.535  9.452  177.73
659  41  ARG  O  116.214  2.968  10.237  8.46
660  41  ARG  CB  113.512  4.871  10.326  30.71
661  41  ARG  CG  113.366  3.936  11.517  27.63
662  41  ARG  CD  113.614  4.661  12.83  43.9
663  41  ARG  NE  113.271  3.834  13.989  112.63
664  41  ARG  CZ  113.106  4.311  15.226  4.89
665  41  ARG  NH1  113.252  5.61  15.476  2.75
666  41  ARG  NH2  112.794  3.484  16.218  2.75
667  41  ARG  H  114.248  5.77  8.039  7.83
668  41  ARG  HA  115.515  5.36  10.407  4.04
669  41  ARG  HB2  113.243  5.76  10.605  1.97
670  41  ARG  HB3  112.911  4.568  9.628  1.97
671  41  ARG  HG2  112.465  3.576  11.521  1.46
672  41  ARG  HG3  114.005  3.211  11.43  1.67
673  41  ARG  HD2  114.553  4.9  12.882  3.15
674  41  ARG  HD3  113.073  5.466  12.847  3.29
675  41  ARG  HE  113.171  2.99  13.857  7.21
676  41  ARG  HH11  113.455  6.153  14.84  31.25
677  41  ARG  HH12  113.144  5.908  16.275  36.2
678  41  ARG  HH21  112.699  2.643  16.063  1.96
679  41  ARG  HH22  112.687  3.788  17.015  2
680  42  VAL  N  115.027  2.975  8.318  116.68
681  42  VAL  CA  115.437  1.628  7.917  65.14
682  42  VAL  C  116.775  1.631  7.174  177.25
683  42  VAL  O  117.544  0.673  7.271  1.92
684  42  VAL  CB  114.383  0.96  7.001  32.32
685  42  VAL  CG1  114.673  -0.521  6.835  20.31
686  42  VAL  CG2  112.973  1.158  7.531  20.46
687  42  VAL  H  114.49  3.415  7.81  8.01
688  42  VAL  HA  115.524  1.09  8.72  3.3
689  42  VAL  HB  114.437  1.375  6.126  1.09
690  42  VAL  HG11  115.632  -0.663  6.817  55.98
691  42  VAL  HG12  114.283  -0.833  6.004  7.6
692  42  VAL  HG13  114.287  -1.012  7.577  3.8
693  42  VAL  HG21  112.741  0.419  8.115  41.27
694  42  VAL  HG22  112.354  1.187  6.785  125.44
695  42  VAL  HG23  112.924  1.991  8.026  135.46
696  43  PHE  N  117.034  2.691  6.409  113.72
697  43  PHE  CA  118.263  2.79  5.623  58.99
698  43  PHE  C  119.267  3.774  6.229  174.72
699  43  PHE  O  120.475  3.544  6.162  4.13
700  43  PHE  CB  117.93  3.212  4.189  39.65
701  43  PHE  CG  116.911  2.333  3.511  8.14
702  43  PHE  CD1  115.565  2.43  3.826  5.18
703  43  PHE  CD2  117.3  1.42  2.548  2.7
704  43  PHE  CE1  114.633  1.633  3.194  2.5
705  43  PHE  CE2  116.372  0.624  1.91  6.81
706  43  PHE  CZ  115.037  0.732  2.234  6.81
707  43  PHE  H  116.456  3.326  6.359  8.25
708  43  PHE  HA  118.67  1.91  5.6  4.52
709  43  PHE  HB2  117.579  4.116  4.2  2.42
710  43  PHE  HB3  118.742  3.19  3.658  2.98
711  43  PHE  HD1  115.288  3.038  4.473  6.25
712  43  PHE  HD2  118.201  1.345  2.328  6.25
713  43  PHE  HE1  113.733  1.707  3.415  6.43
714  43  PHE  HE2  116.647  0.014  1.263  6.43
715  43  PHE  HZ  114.409  0.2  1.801  6.58
716  44  ALA  N  118.763  4.878  6.798  119.07
717  44  ALA  CA  119.618  5.914  7.398  53.12
718  44  ALA  C  120.248  6.812  6.326  175.15
719  44  ALA  O  121.194  7.554  6.599  176.04
720  44  ALA  CB  120.702  5.284  8.259  16.65
721  44  ALA  H  117.911  4.992  6.8  8.02
722  44  ALA  HA  119.06  6.462  7.972  4.37
723  44  ALA  HB1  121.425  4.982  7.687  134.21
724  44  ALA  HB2  120.334  4.529  8.744  9.83
725  44  ALA  HB3  121.039  5.941  8.888  132.65
726  45  MET  N  119.712  6.735  5.11  110.38
727  45  MET  CA  120.194  7.524  3.978  54.5
728  45  MET  C  119.02  8.138  3.235  172.03
729  45  MET  O  117.884  7.672  3.346  5.59
730  45  MET  CB  121.043  6.658  3.043  34.96
731  45  MET  CG  120.811  5.163  3.202  29.39
732  45  MET  SD  120.909  4.283  1.641  6.97
733  45  MET  CE  119.888  5.338  0.624  16.65
734  45  MET  H  119.052  6.199  4.982  7.6
735  45  MET  HA  120.746  8.248  4.311  4.75
736  45  MET  HB2  120.844  6.903  2.126  2.15
737  45  MET  HB3  121.98  6.838  3.22  2.53
738  45  MET  HG2  121.483  4.804  3.802  2.7
739  45  MET  HG3  119.929  5.023  3.58  2.46
740  45  MET  HE1  119.082  5.571  1.111  1.26
741  45  MET  HE2  119.654  4.87  -0.193  70.13
742  45  MET  HE3  120.377  6.145  0.401  3.11
743  46  SER  N  119.301  9.201  2.499  113.35
744  46  SER  CA  118.277  9.914  1.751  56.34
745  46  SER  C  117.778  9.097  0.565  173.45
746  46  SER  O  118.553  8.391  -0.077  4.28
747  46  SER  CB  118.85  11.236  1.242  63.67
748  46  SER  OG  119.025  12.161  2.301  4.7
749  46  SER  H  120.111  9.489  2.474  8.72
750  46  SER  HA  117.536  10.098  2.349  4.93
751  46  SER  HB2  119.711  11.067  0.829  4
752  46  SER  HB3  118.245  11.618  0.587  4.41
753  46  SER  HG  118.337  12.638  2.374  175.61
754  47  PRO  N  116.473  9.196  0.243  29.35
755  47  PRO  CA  115.896  8.481  -0.898  65.43
756  47  PRO  C  116.726  8.712  -2.158  180.19
757  47  PRO  O  116.897  7.807  -2.978  133.95
758  47  PRO  CB  114.501  9.094  -1.038  31
759  47  PRO  CG  114.169  9.596  0.327  26.76
760  47  PRO  CD  115.474  10.018  0.949  50.05
761  47  PRO  HA  115.829  7.528  -0.728  3.55
762  47  PRO  HB2  114.525  9.815  -1.686  1.52
763  47  PRO  HB3  113.873  8.414  -1.327  1.52
764  47  PRO  HG2  113.568  10.354  0.261  0.58
765  47  PRO  HG3  113.763  8.886  0.848  1.75
766  47  PRO  HD2  115.632  10.963  0.798  3.55
767  47  PRO  HD3  115.475  9.82  1.899  3.72
768  48  GLU  N  117.275  9.926  -2.278  117.78
769  48  GLU  CA  118.13  10.279  -3.404  59.76
770  48  GLU  C  119.489  9.595  -3.256  179.55
771  48  GLU  O  120.091  9.176  -4.247  123.79
772  48  GLU  CB  118.303  11.801  -3.492  29.1
773  48  GLU  CG  119.286  12.374  -2.48  37.03
774  48  GLU  CD  119.425  13.88  -2.589  8.23
775  48  GLU  OE1  120.251  14.342  -3.405  45.67
776  48  GLU  OE2  118.709  14.597  -1.86  8.82
777  48  GLU  H  117.141  10.509  -1.66  8.44
778  48  GLU  HA  117.704  9.959  -4.215  3.94
779  48  GLU  HB2  118.618  12.028  -4.381  2.04
780  48  GLU  HB3  117.44  12.219  -3.345  1.86
781  48  GLU  HG2  118.975  12.157  -1.587  2.19
782  48  GLU  HG3  120.156  11.971  -2.628  2.28
783  49  GLU  N  119.957  9.471  -2.002  119.23
784  49  GLU  CA  121.232  8.82  -1.717  59.13
785  49  GLU  C  121.271  7.43  -2.362  180.04
786  49  GLU  O  122.169  7.143  -3.153  176.33
787  49  GLU  CB  121.497  8.725  -0.193  29.83
788  49  GLU  CG  122.448  9.794  0.321  37.16
789  49  GLU  CD  122.76  9.636  1.797  58.75
790  49  GLU  OE1  123.641  8.816  2.134  7.2
791  49  GLU  OE2  122.122  10.329  2.616  4.91
792  49  GLU  H  119.488  9.776  -1.349  7.7
793  49  GLU  HA  121.929  9.361  -2.12  3.86
794  49  GLU  HB2  120.666  8.806  0.3  2.23
795  49  GLU  HB3  121.89  7.859  0.001  2.11
796  49  GLU  HG2  123.278  9.739  -0.178  2.31
797  49  GLU  HG3  122.044  10.664  0.18  2.38
798  50  PHE  N  120.273  6.59  -2.039  121.35
799  50  PHE  CA  120.161  5.226  -2.594  61.1
800  50  PHE  C  120.465  5.199  -4.092  177.14
801  50  PHE  O  121.353  4.469  -4.536  50.59
802  50  PHE  CB  118.739  4.691  -2.35  40.52
803  50  PHE  CG  118.654  3.212  -2.086  24.49
804  50  PHE  CD1  118.683  2.306  -3.132  2.48
805  50  PHE  CD2  118.527  2.729  -0.792  41.83
806  50  PHE  CE1  118.59  0.947  -2.891  2
807  50  PHE  CE2  118.433  1.378  -0.547  8.29
808  50  PHE  CZ  118.465  0.484  -1.595  4.24
809  50  PHE  H  119.665  6.861  -1.495  8.45
810  50  PHE  HA  120.803  4.66  -2.138  4.19
811  50  PHE  HB2  118.36  5.147  -1.582  3.02
812  50  PHE  HB3  118.196  4.884  -3.13  3.14
813  50  PHE  HD1  118.767  2.618  -4.004  7.08
814  50  PHE  HD2  118.503  3.327  -0.08  7.08
815  50  PHE  HE1  118.611  0.346  -3.6  6.95
816  50  PHE  HE2  118.351  1.069  0.326  6.95
817  50  PHE  HZ  118.401  -0.429  -1.427  6.76
818  51  GLY  N  119.724  5.996  -4.865  100.61
819  51  GLY  CA  119.932  6.05  -6.304  46.1
820  51  GLY  C  121.355  6.439  -6.678  173.94
821  51  GLY  O  121.877  5.988  -7.698  61.34
822  51  GLY  H  119.115  6.484  -4.503  8.04
823  51  GLY  HA2  119.737  5.178  -6.681  3.75
824  51  GLY  HA3  119.32  6.699  -6.685  3.81
825  52  LYS  N  121.981  7.274  -5.846  116.01
826  52  LYS  CA  123.351  7.725  -6.083  56.5
827  52  LYS  C  124.384  6.82  -5.392  177.57
828  52  LYS  O  125.585  7.089  -5.461  3.98
829  52  LYS  CB  123.522  9.167  -5.597  33.34
830  52  LYS  CG  122.684  10.174  -6.369  25.44
831  52  LYS  CD  122.766  11.559  -5.747  29.39
832  52  LYS  CE  122.181  12.62  -6.665  42.14
833  52  LYS  NZ  122.802  13.955  -6.442  40.89
834  52  LYS  H  121.567  7.556  -5.147  7.03
835  52  LYS  HA  123.509  7.698  -7.04  4.18
836  52  LYS  HB2  123.266  9.215  -4.662  1.74
837  52  LYS  HB3  124.455  9.418  -5.685  1.96
838  52  LYS  HG2  123.01  10.221  -7.281  1.44
839  52  LYS  HG3  121.759  9.882  -6.367  1.64
840  52  LYS  HD2  122.272  11.558  -4.912  1.64
841  52  LYS  HD3  123.696  11.771  -5.573  1.64
842  52  LYS  HE2  122.331  12.354  -7.586  2.89
843  52  LYS  HE3  121.227  12.684  -6.5  2.89
844  52  LYS  HZ1  122.434  14.558  -6.983  9.51
845  52  LYS  HZ2  123.676  13.918  -6.606  4.81
846  52  LYS  HZ3  122.679  14.213  -5.599  2.63
847  53  LEU  N  123.923  5.747  -4.732  119.23
848  53  LEU  CA  124.805  4.826  -4.052  54.14
849  53  LEU  C  125.436  3.866  -5.071  176.99
850  53  LEU  O  125.772  4.272  -6.186  121.77
851  53  LEU  CB  124.001  4.08  -2.968  42.72
852  53  LEU  CG  123.475  4.95  -1.828  25.88
853  53  LEU  CD1  122.962  4.078  -0.704  26.31
854  53  LEU  CD2  124.552  5.902  -1.323  22.07
855  53  LEU  H  123.079  5.584  -4.707  7.25
856  53  LEU  HA  125.509  5.342  -3.629  4.08
857  53  LEU  HB2  123.242  3.652  -3.394  1.64
858  53  LEU  HB3  124.56  3.392  -2.574  0.89
859  53  LEU  HG  122.729  5.479  -2.152  1.82
860  53  LEU  HD11  123.621  3.398  -0.495  2.61
861  53  LEU  HD12  122.135  3.655  -0.983  2.61
862  53  LEU  HD13  122.799  4.625  0.081  113.97
863  53  LEU  HD21  124.275  6.284  -0.476  45.04
864  53  LEU  HD22  124.685  6.613  -1.97  174.47
865  53  LEU  HD23  125.383  5.416  -1.202  0.18
866  54  ALA  N  125.594  2.607  -4.691  122.99
867  54  ALA  CA  126.181  1.596  -5.57  51.94
868  54  ALA  C  125.299  0.352  -5.657  178.66
869  54  ALA  O  124.354  0.198  -4.89  119.82
870  54  ALA  CB  127.58  1.235  -5.096  19.14
871  54  ALA  H  125.333  2.378  -3.904  8.3
872  54  ALA  HA  126.257  1.984  -6.456  4.11
873  54  ALA  HB1  127.522  0.697  -4.291  41.71
874  54  ALA  HB2  128.077  2.046  -4.907  28.38
875  54  ALA  HB3  128.034  0.731  -5.789  17.98
876  55  LEU  N  125.615  -0.536  -6.596  123.78
877  55  LEU  CA  124.846  -1.77  -6.785  58.95
878  55  LEU  C  124.979  -2.724  -5.602  178.31
879  55  LEU  O  124.052  -3.473  -5.303  2.92
880  55  LEU  CB  125.295  -2.48  -8.056  41.41
881  55  LEU  CG  124.309  -3.518  -8.592  26.83
882  55  LEU  CD1  123.93  -3.209  -10.031  23.24
883  55  LEU  CD2  124.9  -4.915  -8.476  25.71
884  55  LEU  H  126.289  -0.382  -7.108  8.85
885  55  LEU  HA  123.912  -1.525  -6.874  3.73
886  55  LEU  HB2  125.443  -1.808  -8.739  1.59
887  55  LEU  HB3  126.136  -2.927  -7.872  1.92
888  55  LEU  HG  123.5  -3.489  -8.058  1.6
889  55  LEU  HD11  124.723  -3.234  -10.589  8.88
890  55  LEU  HD12  123.53  -2.326  -10.077  4.71
891  55  LEU  HD13  123.292  -3.868  -10.345  1.7
892  55  LEU  HD21  124.183  -5.568  -8.446  1.64
893  55  LEU  HD22  125.426  -4.975  -7.663  33.09
894  55  LEU  HD23  125.468  -5.092  -9.242  128.46
895  56  TRP  N  126.116  -2.68  -4.923  113.2
896  56  TRP  CA  126.355  -3.516  -3.775  59.43
897  56  TRP  C  125.752  -2.838  -2.557  178.2
898  56  TRP  O  125.25  -3.493  -1.644  4.42
899  56  TRP  CB  127.857  -3.708  -3.627  26.81
900  56  TRP  CG  128.576  -2.404  -3.675  113.86
901  56  TRP  CD1  129.186  -1.82  -4.731  59.53
902  56  TRP  CD2  128.679  -1.504  -2.61  174.29
903  56  TRP  NE1  129.705  -0.607  -4.354  130.1
904  56  TRP  CE2  129.407  -0.398  -3.033  70.74
905  56  TRP  CE3  128.225  -1.562  -1.332  175.13
906  56  TRP  CZ2  129.692  0.661  -2.175  21.76
907  56  TRP  CZ3  128.501  -0.511  -0.479  8.13
908  56  TRP  CH2  129.235  0.582  -0.906  5.5
909  56  TRP  H  126.732  -2.124  -5.147  8.16
910  56  TRP  HA  125.925  -4.374  -3.912  4.38
911  56  TRP  HB2  128.047  -4.132  -2.775  3.52
912  56  TRP  HB3  128.185  -4.264  -4.351  3.27
913  56  TRP  HD1  129.234  -2.198  -5.579  7.52
914  56  TRP  HE1  130.141  -0.071  -4.866  10.4
915  56  TRP  HE3  127.71  -2.292  -1.071  7.37
916  56  TRP  HZ2  130.182  1.406  -2.439  7.51
917  56  TRP  HZ3  128.207  -0.524  0.403  7.21
918  56  TRP  HH2  129.402  1.271  -0.304  7.27
919  57  LYS  N  125.786  -1.504  -2.582  124.22
920  57  LYS  CA  125.223  -0.696  -1.508  57.47
921  57  LYS  C  123.706  -0.815  -1.524  178.13
922  57  LYS  O  123.112  -1.316  -0.573  9.06
923  57  LYS  CB  125.641  0.769  -1.656  30.71
924  57  LYS  CG  125.717  1.516  -0.334  24.56
925  57  LYS  CD  126.55  2.781  -0.458  28.22
926  57  LYS  CE  126.52  3.598  0.824  41.99
927  57  LYS  NZ  127.471  3.071  1.843  31.57
928  57  LYS  H  126.14  -1.114  -3.262  6.01
929  57  LYS  HA  125.559  -1.04  -0.666  3.61
930  57  LYS  HB2  126.515  0.805  -2.075  0.23
931  57  LYS  HB3  124.998  1.222  -2.223  1.38
932  57  LYS  HG2  124.819  1.756  -0.057  0.77
933  57  LYS  HG3  126.121  0.936  0.331  1.03
934  57  LYS  HD2  127.468  2.534  -0.652  1.55
935  57  LYS  HD3  126.196  3.32  -1.183  1.4
936  57  LYS  HE2  126.761  4.514  0.615  2.7
937  57  LYS  HE3  125.622  3.573  1.189  2.81
938  57  LYS  HZ1  127.402  3.539  2.597  1.86
939  57  LYS  HZ2  128.307  3.133  1.543  38.39
940  57  LYS  HZ3  127.291  2.217  2.017  8.7
941  58  ARG  N  123.091  -0.382  -2.631  119.04
942  58  ARG  CA  121.639  -0.463  -2.799  60.6
943  58  ARG  C  121.147  -1.84  -2.398  179.52
944  58  ARG  O  120.15  -1.976  -1.688  2.08
945  58  ARG  CB  121.253  -0.174  -4.248  30.27
946  58  ARG  CG  121.635  1.222  -4.686  28.66
947  58  ARG  CD  121.28  1.481  -6.14  43.89
948  58  ARG  NE  122.37  1.104  -7.043  113.69
949  58  ARG  CZ  122.804  1.855  -8.061  56.15
950  58  ARG  NH1  122.238  3.029  -8.334  175.02
951  58  ARG  NH2  123.811  1.424  -8.814  18.09
952  58  ARG  H  123.566  -0.063  -3.273  7.87
953  58  ARG  HA  121.231  0.2  -2.221  3.38
954  58  ARG  HB2  121.701  -0.81  -4.827  1.75
955  58  ARG  HB3  120.293  -0.275  -4.347  1.46
956  58  ARG  HG2  121.167  1.863  -4.128  -0.1
957  58  ARG  HG3  122.593  1.325  -4.57  0.96
958  58  ARG  HD2  120.491  0.964  -6.366  3
959  58  ARG  HD3  121.093  2.427  -6.245  2.63
960  58  ARG  HE  122.753  0.348  -6.9  6.58
961  58  ARG  HH11  121.584  3.317  -7.856  1.27
962  58  ARG  HH12  122.528  3.502  -8.991  1.27
963  58  ARG  HH21  124.18  0.665  -8.647  1.94
964  58  ARG  HH22  124.093  1.904  -9.47  1.94
965  59  ASN  N  121.877  -2.858  -2.842  115.81
966  59  ASN  CA  121.535  -4.239  -2.509  55.76
967  59  ASN  C  121.564  -4.435  -0.991  177.81
968  59  ASN  O  120.53  -4.672  -0.377  32.99
969  59  ASN  CB  122.494  -5.219  -3.194  37.01
970  59  ASN  CG  121.905  -5.814  -4.46  170.72
971  59  ASN  OD1  121.464  -6.963  -4.47  58.44
972  59  ASN  ND2  121.895  -5.035  -5.538  109.21
973  59  ASN  H  122.571  -2.692  -3.322  8.53
974  59  ASN  HA  120.633  -4.404  -2.824  4.55
975  59  ASN  HB2  123.312  -4.753  -3.426  2.89
976  59  ASN  HB3  122.7  -5.942  -2.582  2.51
977  59  ASN  HD21  122.218  -4.241  -5.469  6.94
978  59  ASN  HD22  121.567  -5.353  -6.267  7.72
979  60  GLU  N  122.759  -4.319  -0.401  121.99
980  60  GLU  CA  122.96  -4.465  1.043  60.16
981  60  GLU  C  121.915  -3.694  1.853  180.47
982  60  GLU  O  121.473  -4.17  2.895  45.25
983  60  GLU  CB  124.362  -3.987  1.432  30.12
984  60  GLU  CG  125.444  -5.041  1.244  36.57
985  60  GLU  CD  126.756  -4.459  0.746  8.82
986  60  GLU  OE1  127.25  -3.488  1.36  4.18
987  60  GLU  OE2  127.29  -4.974  -0.259  3.67
988  60  GLU  H  123.444  -4.149  -0.892  7.93
989  60  GLU  HA  122.882  -5.408  1.257  4.05
990  60  GLU  HB2  124.591  -3.216  0.889  2.34
991  60  GLU  HB3  124.355  -3.724  2.366  2.34
992  60  GLU  HG2  125.605  -5.477  2.095  2.27
993  60  GLU  HG3  125.131  -5.697  0.601  2.55
994  61  LEU  N  121.518  -2.509  1.375  119.06
995  61  LEU  CA  120.514  -1.706  2.076  58.11
996  61  LEU  C  119.185  -2.419  2.047  182.05
997  61  LEU  O  118.661  -2.804  3.082  2.36
998  61  LEU  CB  120.372  -0.327  1.453  41.99
999  61  LEU  CG  121.677  0.407  1.272  27.2
1000  61  LEU  CD1  121.591  1.338  0.086  26.46
1001  61  LEU  CD2  122.057  1.162  2.537  22.63
1002  61  LEU  H  121.853  -2.218  0.639  8.4
1003  61  LEU  HA  120.8  -1.612  2.998  4.23
1004  61  LEU  HB2  119.949  -0.423  0.585  2.3
1005  61  LEU  HB3  119.801  0.21  2.025  1.76
1006  61  LEU  HG  122.364  -0.253  1.092  2
1007  61  LEU  HD11  122.423  1.305  -0.412  173.62
1008  61  LEU  HD12  121.431  2.242  0.399  31.97
1009  61  LEU  HD13  120.858  1.058  -0.485  34.61
1010  61  LEU  HD21  122.287  0.529  3.235  4.72
1011  61  LEU  HD22  121.308  1.705  2.828  2.93
1012  61  LEU  HD23  122.819  1.734  2.357  109.67
1013  62  LYS  N  118.682  -2.642  0.843  119.07
1014  62  LYS  CA  117.434  -3.382  0.652  61.34
1015  62  LYS  C  117.553  -4.757  1.32  178.77
1016  62  LYS  O  116.562  -5.359  1.72  2.07
1017  62  LYS  CB  117.163  -3.542  -0.846  31.88
1018  62  LYS  CG  116.336  -2.412  -1.442  2.04
1019  62  LYS  CD  116.236  -2.534  -2.954  28.42
1020  62  LYS  CE  114.99  -3.302  -3.372  43.12
1021  62  LYS  NZ  114.697  -3.14  -4.824  124.2
1022  62  LYS  H  119.128  -2.377  0.157  8.97
1023  62  LYS  HA  116.7  -2.896  1.059  4.04
1024  62  LYS  HB2  118.012  -3.572  -1.313  2.11
1025  62  LYS  HB3  116.691  -4.377  -0.994  1.85
1026  62  LYS  HG2  115.443  -2.443  -1.064  1.31
1027  62  LYS  HG3  116.755  -1.566  -1.221  1.41
1028  62  LYS  HD2  116.2  -1.645  -3.339  1.56
1029  62  LYS  HD3  117.019  -3  -3.285  1.56
1030  62  LYS  HE2  115.126  -4.243  -3.182  2.92
1031  62  LYS  HE3  114.235  -2.973  -2.859  3.11
1032  62  LYS  HZ1  115.18  -3.716  -5.3  1.11
1033  62  LYS  HZ2  114.897  -2.313  -5.085  51.69
1034  62  LYS  HZ3  113.834  -3.289  -4.981  3.79
1035  63  LYS  N  118.794  -5.235  1.435  120.98
1036  63  LYS  CA  119.093  -6.529  2.034  60.31
1037  63  LYS  C  119.125  -6.469  3.567  178.77
1038  63  LYS  O  118.822  -7.459  4.235  4.15
1039  63  LYS  CB  120.429  -7.032  1.474  32.32
1040  63  LYS  CG  120.3  -7.567  0.061  26.17
1041  63  LYS  CD  121.657  -7.76  -0.598  29.54
1042  63  LYS  CE  122.01  -9.234  -0.73  41.84
1043  63  LYS  NZ  122.464  -9.818  0.564  2
1044  63  LYS  H  119.448  -4.761  1.14  8.79
1045  63  LYS  HA  118.393  -7.144  1.764  4.23
1046  63  LYS  HB2  121.065  -6.3  1.456  1.94
1047  63  LYS  HB3  120.769  -7.74  2.043  2.01
1048  63  LYS  HG2  119.836  -8.418  0.089  1.31
1049  63  LYS  HG3  119.782  -6.933  -0.459  1.41
1050  63  LYS  HD2  121.635  -7.363  -1.483  1.56
1051  63  LYS  HD3  122.334  -7.32  -0.06  1.56
1052  63  LYS  HE2  121.226  -9.717  -1.035  2.45
1053  63  LYS  HE3  122.721  -9.326  -1.383  2.52
1054  63  LYS  HZ1  122.574  -10.697  0.481  1.97
1055  63  LYS  HZ2  121.859  -9.664  1.199  2.06
1056  63  LYS  HZ3  123.238  -9.454  0.811  122
1057  64  LYS  N  119.475  -5.305  4.115  120.91
1058  64  LYS  CA  119.529  -5.105  5.558  59.36
1059  64  LYS  C  118.227  -4.471  6.049  177.37
1060  64  LYS  O  117.798  -4.696  7.182  42.12
1061  64  LYS  CB  120.727  -4.22  5.927  32.19
1062  64  LYS  CG  120.698  -3.695  7.356  25.14
1063  64  LYS  CD  120.236  -2.244  7.411  29.24
1064  64  LYS  CE  119.009  -2.076  8.296  42.14
1065  64  LYS  NZ  119.146  -0.921  9.227  4.8
1066  64  LYS  H  119.664  -4.641  3.602  7.89
1067  64  LYS  HA  119.635  -5.976  5.972  4.13
1068  64  LYS  HB2  121.541  -4.735  5.811  2.02
1069  64  LYS  HB3  120.749  -3.46  5.325  2.08
1070  64  LYS  HG2  120.089  -4.239  7.88  1.65
1071  64  LYS  HG3  121.591  -3.754  7.73  1.55
1072  64  LYS  HD2  120.955  -1.698  7.765  1.76
1073  64  LYS  HD3  120.019  -1.95  6.513  1.76
1074  64  LYS  HE2  118.233  -1.933  7.731  3.04
1075  64  LYS  HE3  118.884  -2.886  8.815  3.04
1076  64  LYS  HZ1  120.006  -0.752  9.381  53.04
1077  64  LYS  HZ2  118.746  -1.102  10.001  27.48
1078  64  LYS  HZ3  118.77  -0.196  8.873  50.78
1079  65  ALA  N  117.607  -3.684  5.171  117.03
1080  65  ALA  CA  116.355  -3.004  5.463  51.58
1081  65  ALA  C  115.158  -3.962  5.416  176.18
1082  65  ALA  O  114.019  -3.529  5.565  4.61
1083  65  ALA  CB  116.161  -1.859  4.478  20.02
1084  65  ALA  H  117.959  -3.574  4.394  7.5
1085  65  ALA  HA  116.421  -2.626  6.354  4.37
1086  65  ALA  HB1  116.707  -2.016  3.692  2.54
1087  65  ALA  HB2  116.43  -1.025  4.894  174.83
1088  65  ALA  HB3  115.227  -1.807  4.22  65.64
1089  66  GLU  N  115.423  -5.262  5.21  114.16
1090  66  GLU  CA  114.37  -6.283  5.156  58.24
1091  66  GLU  C  113.527  -6.187  3.878  174.02
1092  66  GLU  O  112.451  -6.781  3.796  5.04
1093  66  GLU  CB  113.462  -6.181  6.391  26.9
1094  66  GLU  CG  114.206  -6.327  7.711  36.84
1095  66  GLU  CD  113.3  -6.751  8.852  2.36
1096  66  GLU  OE1  112.419  -5.955  9.24  2.36
1097  66  GLU  OE2  113.473  -7.878  9.361  2.12
1098  66  GLU  H  116.24  -5.511  5.108  8.04
1099  66  GLU  HA  114.808  -7.149  5.168  4.22
1100  66  GLU  HB2  113.02  -5.317  6.385  2.32
1101  66  GLU  HB3  112.788  -6.877  6.343  2.56
1102  66  GLU  HG2  114.901  -6.995  7.604  2.17
1103  66  GLU  HG3  114.61  -5.474  7.936  2.17
1104  67  LEU  N  114.017  -5.449  2.882  114.48
1105  67  LEU  CA  113.299  -5.291  1.621  52.84
1106  67  LEU  C  114.204  -5.333  0.391  173.28
1107  67  LEU  O  114.356  -4.339  -0.319  4.58
1108  67  LEU  CB  112.43  -4.02  1.627  43.89
1109  67  LEU  CG  112.638  -3.057  2.79  25.88
1110  67  LEU  CD1  113.497  -1.878  2.38  27.49
1111  67  LEU  CD2  111.291  -2.576  3.319  23.39
1112  67  LEU  H  114.776  -5.056  2.981  8.49
1113  67  LEU  HA  112.701  -6.052  1.559  4.77
1114  67  LEU  HB2  112.644  -3.527  0.819  2.1
1115  67  LEU  HB3  111.496  -4.28  1.602  1.44
1116  67  LEU  HG  113.089  -3.53  3.507  1.92
1117  67  LEU  HD11  114.417  -2.167  2.277  42.99
1118  67  LEU  HD12  113.448  -1.193  3.065  118.35
1119  67  LEU  HD13  113.173  -1.519  1.539  61.84
1120  67  LEU  HD21  111.392  -1.691  3.703  174.53
1121  67  LEU  HD22  110.973  -3.19  3.999  177.22
1122  67  LEU  HD23  110.65  -2.539  2.591  9.14
1123  68  PHE  N  114.776  -6.511  0.129  124.8
1124  68  PHE  CA  115.64  -6.706  -1.036  60.16
1125  68  PHE  C  115.035  -7.746  -1.984  179.89
1126  68  PHE  O  114.577  -8.803  -1.495  59.95
1127  68  PHE  CB  117.058  -7.116  -0.601  42.9
1128  68  PHE  CG  117.705  -8.155  -1.478  3.91
1129  68  PHE  CD1  118.308  -7.795  -2.672  119.25
1130  68  PHE  CD2  117.71  -9.49  -1.105  57.95
1131  68  PHE  CE1  118.904  -8.745  -3.478  177.51
1132  68  PHE  CE2  118.304  -10.445  -1.907  175.93
1133  68  PHE  CZ  118.902  -10.072  -3.095  41.56
1134  68  PHE  OXT  115.021  -7.491  -3.206  40.09
1135  68  PHE  H  114.622  -7.177  0.651  7.63
1136  68  PHE  HA  115.69  -5.86  -1.508  4.47
1137  68  PHE  HB2  117.626  -6.33  -0.616  2.75
1138  68  PHE  HB3  117.022  -7.466  0.303  2.88
1139  68  PHE  HD1  118.311  -6.902  -2.931  7.28
1140  68  PHE  HD2  117.307  -9.742  -0.306  7.28
1141  68  PHE  HE1  119.306  -8.492  -4.277  7.41
1142  68  PHE  HE2  118.302  -11.338  -1.647  7.41
1143  68  PHE  HZ  119.302  -10.713  -3.637  7.41
