1  1  THR  N  6.913  8.163  -5.438  125.26
2  1  THR  CA  7.017  6.709  -5.446  54.88
3  1  THR  C  5.758  6.071  -6.022  175.44
4  1  THR  O  4.936  5.503  -5.303  55.76
5  1  THR  CB  7.257  6.155  -4.029  41.61
6  1  THR  OG1  8.171  7  -3.321  27.38
7  1  THR  CG2  7.81  4.739  -4.088  21.68
8  1  THR  HA  7.775  6.466  -6  16.87
9  1  THR  HB  6.41  6.138  -3.556  8.25
10  1  THR  HG1  7.774  7.699  -3.076  8.8
11  1  THR  HG21  8.12  4.55  -4.988  4.44
12  1  THR  HG22  7.112  4.11  -3.847  4.28
13  1  THR  HG23  8.55  4.655  -3.466  1.52
14  1  THR  H  7.703  8.518  -5.643  1.52
15  1  THR  H2  6.308  8.421  -6.037  51.37
16  1  THR  H3  6.665  8.439  -4.629  173.62
17  2  PRO  N  5.601  6.165  -7.351  120.94
18  2  PRO  CA  4.444  5.601  -8.053  19.11
19  2  PRO  C  4.459  4.076  -8.064  174.42
20  2  PRO  O  5.303  3.444  -8.699  122.26
21  2  PRO  CB  4.592  6.147  -9.475  62.15
22  2  PRO  CG  6.05  6.413  -9.629  176.64
23  2  PRO  CD  6.541  6.828  -8.27  122.15
24  2  PRO  HA  3.609  5.913  -7.67  32.04
25  2  PRO  HB2  4.282  5.485  -10.112  8.01
26  2  PRO  HB3  4.072  6.96  -9.568  3.94
27  2  PRO  HG2  6.503  5.606  -9.92  39.43
28  2  PRO  HG3  6.188  7.129  -10.269  29.11
29  2  PRO  HD2  7.447  6.512  -8.126  4.04
30  2  PRO  HD3  6.497  7.792  -8.173  126.16
31  3  PRO  N  3.503  3.469  -7.344  54.76
32  3  PRO  CA  3.385  2.011  -7.256  53.03
33  3  PRO  C  2.93  1.386  -8.571  3.09
34  3  PRO  O  3.37  0.295  -8.936  41.92
35  3  PRO  CB  2.325  1.806  -6.171  60.93
36  3  PRO  CG  1.513  3.055  -6.194  4.14
37  3  PRO  CD  2.464  4.16  -6.562  7.28
38  3  PRO  HA  4.219  1.602  -6.977  4.41
39  3  PRO  HB2  1.787  1.028  -6.385  3.97
40  3  PRO  HB3  2.757  1.679  -5.312  3.75
41  3  PRO  HG2  0.81  2.98  -6.858  54.94
42  3  PRO  HG3  1.134  3.217  -5.316  175.64
43  3  PRO  HD2  2.014  4.83  -7.1  17.94
44  3  PRO  HD3  2.842  4.562  -5.764  32.46
45  4  HSE  N  2.047  2.084  -9.278  31.21
46  4  HSE  CA  1.533  1.597  -10.553  59.23
47  4  HSE  C  0.802  0.27  -10.373  171.92
48  4  HSE  O  1.416  -0.798  -10.389  0.89
49  4  HSE  CB  2.675  1.431  -11.557  27.73
50  4  HSE  CG  2.73  2.519  -12.586  22.93
51  4  HSE  ND1  3.105  3.813  -12.293  1.92
52  4  HSE  CD2  2.457  2.499  -13.911  1.92
53  4  HSE  CE1  3.059  4.542  -13.393  2.48
54  4  HSE  NE2  2.669  3.768  -14.39  2.48
55  4  HSE  H  1.735  2.946  -8.935  125.06
56  4  HSE  HA  0.836  2.329  -10.931  4.35
57  4  HSE  HB2  3.615  1.429  -11.026  2.15
58  4  HSE  HB3  2.557  0.49  -12.075  1.79
59  4  HSE  HD1  3.365  4.147  -11.409  18.53
60  4  HSE  HD2  2.132  1.643  -14.487  3.65
61  4  HSE  HE1  3.299  5.592  -13.467  2.27
62  5  THR  N  -0.514  0.344  -10.201  118.11
63  5  THR  CA  -1.329  -0.851  -10.017  50.03
64  5  THR  C  -2.328  -1.017  -11.156  171.82
65  5  THR  O  -3.523  -0.778  -10.985  4.31
66  5  THR  CB  -2.094  -0.807  -8.681  1.78
67  5  THR  OG1  -2.589  0.515  -8.442  2.17
68  5  THR  CG2  -1.197  -1.234  -7.529  8.2
69  5  THR  H  -0.893  1.116  -10.198  8.23
70  5  THR  HA  -0.736  -1.619  -10.004  4.47
71  5  THR  HB  -2.844  -1.42  -8.733  177.44
72  5  THR  HG1  -1.943  1.042  -8.34  60.44
73  5  THR  HG21  -0.874  -0.448  -7.062  18.95
74  5  THR  HG22  -0.443  -1.737  -7.875  58.34
75  5  THR  HG23  -1.702  -1.789  -6.914  176.84
76  6  GLU  N  -1.83  -1.428  -12.318  121.61
77  6  GLU  CA  -2.68  -1.626  -13.486  51.13
78  6  GLU  C  -3.315  -0.309  -13.926  173.52
79  6  GLU  O  -3.509  0.611  -13.132  4.83
80  6  GLU  CB  -3.772  -2.654  -13.181  37.63
81  6  GLU  CG  -3.243  -3.937  -12.561  22.43
82  6  GLU  CD  -3.442  -5.143  -13.457  17.73
83  6  GLU  OE1  -3.085  -5.06  -14.651  13.94
84  6  GLU  OE2  -3.954  -6.171  -12.966  9.24
85  6  GLU  H  -0.986  -1.581  -12.383  8.1
86  6  GLU  HA  -2.124  -1.96  -14.207  4.23
87  6  GLU  HB2  -4.412  -2.259  -12.568  1.54
88  6  GLU  HB3  -4.226  -2.881  -14.007  1.69
89  6  GLU  HG2  -2.294  -3.832  -12.389  56
90  6  GLU  HG3  -3.707  -4.092  -11.724  175.64
91  7  PRO  N  -3.647  -0.217  -15.222  108.28
92  7  PRO  CA  -4.265  0.981  -15.797  45.48
93  7  PRO  C  -5.697  1.184  -15.315  29.24
94  7  PRO  O  -6.366  0.233  -14.91  110.44
95  7  PRO  CB  -4.242  0.704  -17.303  8.28
96  7  PRO  CG  -4.223  -0.782  -17.414  4.23
97  7  PRO  CD  -3.446  -1.276  -16.225  116.42
98  7  PRO  HA  -3.745  1.777  -15.606  33.41
99  7  PRO  HB2  -5.035  1.081  -17.715  22.01
100  7  PRO  HB3  -3.448  1.099  -17.696  20.11
101  7  PRO  HG2  -5.13  -1.126  -17.392  39.04
102  7  PRO  HG3  -3.781  -1.044  -18.237  115.46
103  7  PRO  HD2  -3.805  -2.122  -15.913  61.29
104  7  PRO  HD3  -2.506  -1.367  -16.448  177.24
105  8  SER  N  -6.162  2.428  -15.362  2.71
106  8  SER  CA  -7.515  2.755  -14.926  57.98
107  8  SER  C  -7.961  4.096  -15.501  111.28
108  8  SER  O  -7.59  5.154  -14.995  56.52
109  8  SER  CB  -7.586  2.794  -13.398  63.98
110  8  SER  OG  -6.39  2.301  -12.819  60.44
111  8  SER  H  -5.651  3.056  -15.653  8
112  8  SER  HA  -8.109  2.061  -15.252  4.41
113  8  SER  HB2  -7.721  3.709  -13.106  3.72
114  8  SER  HB3  -8.328  2.245  -13.098  3.72
115  8  SER  HG  -6.359  2.522  -12.009  1.13
116  9  GLN  N  -8.76  4.041  -16.562  3.43
117  9  GLN  CA  -9.256  5.251  -17.208  59.98
118  9  GLN  C  -10.61  5.657  -16.635  54.41
119  9  GLN  O  -11.323  6.473  -17.218  178.34
120  9  GLN  CB  -9.372  5.038  -18.718  69.88
121  9  GLN  CG  -8.17  4.332  -19.327  42.5
122  9  GLN  CD  -8.302  4.142  -20.825  26.09
123  9  GLN  OE1  -8.07  3.051  -21.346  24.97
124  9  GLN  NE2  -8.678  5.205  -21.526  21.09
125  9  GLN  H  -8.988  3.274  -16.876  8.1
126  9  GLN  HA  -8.619  5.962  -17.037  4.48
127  9  GLN  HB2  -10.162  4.505  -18.9  1.67
128  9  GLN  HB3  -9.467  5.902  -19.149  1.67
129  9  GLN  HG2  -7.376  4.861  -19.151  1.13
130  9  GLN  HG3  -8.077  3.461  -18.91  60.7
131  9  GLN  HE21  -8.824  5.939  -21.102  177.07
132  9  GLN  HE22  -8.759  5.122  -22.378  69.84
133  10  VAL  N  -10.959  5.081  -15.488  33.34
134  10  VAL  CA  -12.227  5.383  -14.836  63.48
135  10  VAL  C  -12.049  5.525  -13.328  25.31
136  10  VAL  O  -11.182  4.886  -12.732  112.36
137  10  VAL  CB  -13.277  4.292  -15.117  30.78
138  10  VAL  CG1  -13.448  4.089  -16.615  173.94
139  10  VAL  CG2  -12.888  2.99  -14.435  125.44
140  10  VAL  H  -10.423  4.517  -15.122  70.42
141  10  VAL  HA  -12.556  6.222  -15.194  4.56
142  10  VAL  HB  -14.127  4.585  -14.752  1.61
143  10  VAL  HG11  -12.993  3.276  -16.884  41.38
144  10  VAL  HG12  -14.392  4.018  -16.827  0.32
145  10  VAL  HG13  -13.066  4.844  -17.089  8.72
146  10  VAL  HG21  -13.555  2.313  -14.627  4.46
147  10  VAL  HG22  -12.025  2.696  -14.767  9.37
148  10  VAL  HG23  -12.835  3.129  -13.477  4.83
149  11  VAL  N  -12.877  6.366  -12.716  1.38
150  11  VAL  CA  -12.813  6.591  -11.277  62.98
151  11  VAL  C  -14.174  6.377  -10.626  176.22
152  11  VAL  O  -15.207  6.75  -11.184  60.54
153  11  VAL  CB  -12.319  8.013  -10.953  32.18
154  11  VAL  CG1  -11.026  8.312  -11.696  52.83
155  11  VAL  CG2  -13.389  9.039  -11.295  28.87
156  11  VAL  H  -13.465  6.787  -13.181  9.68
157  11  VAL  HA  -12.182  5.957  -10.902  4.32
158  11  VAL  HB  -12.141  8.065  -10.001  26.6
159  11  VAL  HG11  -10.737  9.215  -11.491  2.22
160  11  VAL  HG12  -10.341  7.683  -11.42  2.06
161  11  VAL  HG13  -11.175  8.23  -12.651  119.36
162  11  VAL  HG21  -13.831  9.327  -10.481  57.68
163  11  VAL  HG22  -12.978  9.804  -11.728  177.94
164  11  VAL  HG23  -14.04  8.641  -11.894  2.02
165  12  LEU  N  -14.17  5.774  -9.443  118.66
166  12  LEU  CA  -15.405  5.51  -8.713  55.88
167  12  LEU  C  -15.535  6.436  -7.508  4.17
168  12  LEU  O  -14.687  6.429  -6.614  3.55
169  12  LEU  CB  -15.45  4.051  -8.257  29.68
170  12  LEU  CG  -16.291  3.761  -7.014  1.66
171  12  LEU  CD1  -17.72  4.241  -7.212  118.56
172  12  LEU  CD2  -16.266  2.275  -6.687  59.54
173  12  LEU  H  -13.421  5.534  -9.096  8.46
174  12  LEU  HA  -16.147  5.676  -9.316  4.63
175  12  LEU  HB2  -15.808  3.523  -8.988  3.11
176  12  LEU  HB3  -14.54  3.77  -8.073  3.11
177  12  LEU  HG  -15.917  4.242  -6.259  176.46
178  12  LEU  HD11  -17.795  4.687  -8.07  3.86
179  12  LEU  HD12  -17.955  4.861  -6.504  7.87
180  12  LEU  HD13  -18.323  3.481  -7.189  3.71
181  12  LEU  HD21  -16.057  1.772  -7.49  2.94
182  12  LEU  HD22  -17.134  2.004  -6.35  8.5
183  12  LEU  HD23  -15.59  2.104  -6.013  4.95
184  13  ILE  N  -16.601  7.228  -7.489  178.46
185  13  ILE  CA  -16.842  8.157  -6.391  61.58
186  13  ILE  C  -18.008  7.692  -5.525  173.67
187  13  ILE  O  -18.949  7.066  -6.013  172.56
188  13  ILE  CB  -17.137  9.577  -6.91  70.18
189  13  ILE  CG1  -18.378  9.569  -7.805  4.11
190  13  ILE  CG2  -15.936  10.125  -7.665  21.78
191  13  ILE  CD  -18.056  9.57  -9.283  53.99
192  13  ILE  H  -17.162  7.193  -8.14  8.04
193  13  ILE  HA  -16.04  8.191  -5.847  4.25
194  13  ILE  HB  -17.301  10.151  -6.146  4.03
195  13  ILE  HG12  -18.903  8.775  -7.615  32.32
196  13  ILE  HG13  -18.91  10.357  -7.615  35.51
197  13  ILE  HG21  -16.176  10.964  -8.088  57.93
198  13  ILE  HG22  -15.205  10.274  -7.045  174.14
199  13  ILE  HG23  -15.66  9.488  -8.342  9.27
200  13  ILE  HD11  -17.642  10.528  -9.562  4.08
201  13  ILE  HD12  -17.34  8.791  -9.497  2.06
202  13  ILE  HD13  -18.96  9.392  -9.848  2.01
203  14  THR  N  -17.94  8.004  -4.234  124
204  14  THR  CA  -18.989  7.62  -3.299  53.98
205  14  THR  C  -19.226  8.71  -2.26  122.66
206  14  THR  O  -18.634  9.786  -2.33  55.03
207  14  THR  CB  -18.643  6.304  -2.576  29.78
208  14  THR  OG1  -17.613  6.534  -1.607  27.71
209  14  THR  CG2  -18.186  5.246  -3.568  18.16
210  14  THR  H  -17.26  8.444  -3.945  8.33
211  14  THR  HA  -19.806  7.484  -3.804  4.43
212  14  THR  HB  -19.438  5.982  -2.123  7.91
213  14  THR  HG1  -17.443  5.817  -1.203  4.36
214  14  THR  HG21  -17.988  4.423  -3.095  1.85
215  14  THR  HG22  -17.389  5.555  -4.026  2.78
216  14  THR  HG23  -18.89  5.085  -4.216  3.82
217  15  ASN  N  -20.096  8.424  -1.296  69.74
218  15  ASN  CA  -20.411  9.381  -0.242  62.78
219  15  ASN  C  -20.985  10.667  -0.829  175.37
220  15  ASN  O  -20.67  11.765  -0.37  66.56
221  15  ASN  CB  -19.159  9.696  0.58  31.98
222  15  ASN  CG  -19.452  9.792  2.065  27.18
223  15  ASN  OD1  -18.981  8.975  2.856  37.78
224  15  ASN  ND2  -20.233  10.795  2.45  22.38
225  15  ASN  H  -20.482  7.655  -1.294  22.38
226  15  ASN  HA  -21.076  8.978  0.338  3.15
227  15  ASN  HB2  -18.503  8.995  0.443  1.7
228  15  ASN  HB3  -18.789  10.542  0.284  1.52
229  15  ASN  HD21  -20.531  11.333  1.849  2.05
230  15  ASN  HD22  -20.413  10.87  3.288  1.78
231  16  ILE  N  -21.829  10.522  -1.845  113.56
232  16  ILE  CA  -22.448  11.672  -2.493  56.68
233  16  ILE  C  -23.924  11.781  -2.126  172.97
234  16  ILE  O  -24.648  10.786  -2.123  3.71
235  16  ILE  CB  -22.316  11.593  -4.025  64.98
236  16  ILE  CG1  -22.758  10.216  -4.527  60.8
237  16  ILE  CG2  -20.884  11.882  -4.449  178.64
238  16  ILE  CD  -22.947  10.152  -6.026  53.97
239  16  ILE  H  -22.014  9.731  -2.127  7.08
240  16  ILE  HA  -21.989  12.47  -2.188  4.41
241  16  ILE  HB  -22.889  12.272  -4.415  8.25
242  16  ILE  HG12  -22.088  9.558  -4.282  8.35
243  16  ILE  HG13  -23.602  9.983  -4.109  3.92
244  16  ILE  HG21  -20.632  12.77  -4.151  106.9
245  16  ILE  HG22  -20.29  11.227  -4.05  45.7
246  16  ILE  HG23  -20.816  11.834  -5.415  37.24
247  16  ILE  HD11  -22.055  9.749  -6.485  26.57
248  16  ILE  HD12  -23.789  9.518  -6.257  35.51
249  16  ILE  HD13  -23.129  11.146  -6.409  8.8
250  17  ASN  N  -24.363  12.997  -1.819  116.06
251  17  ASN  CA  -25.754  13.236  -1.452  56.68
252  17  ASN  C  -26.679  13.008  -2.644  175.77
253  17  ASN  O  -26.644  13.736  -3.636  177.64
254  17  ASN  CB  -25.926  14.663  -0.925  30.68
255  17  ASN  CG  -26.535  14.697  0.464  34.98
256  17  ASN  OD1  -25.961  15.267  1.391  4.51
257  17  ASN  ND2  -27.703  14.083  0.612  8.93
258  17  ASN  H  -23.814  13.659  -1.837  8.35
259  17  ASN  HA  -25.989  12.61  -0.749  4.32
260  17  ASN  HB2  -25.058  15.095  -0.888  2.08
261  17  ASN  HB3  -26.504  15.158  -1.527  2.02
262  17  ASN  HD21  -28.053  13.702  -0.075  124.86
263  17  ASN  HD22  -28.069  14.09  1.39  66.97
264  18  PRO  N  -27.527  11.974  -2.545  120.96
265  18  PRO  CA  -28.478  11.626  -3.605  62.18
266  18  PRO  C  -29.595  12.655  -3.742  175.27
267  18  PRO  O  -30.396  12.593  -4.674  175.54
268  18  PRO  CB  -29.044  10.28  -3.146  32.58
269  18  PRO  CG  -28.879  10.285  -1.665  8.62
270  18  PRO  CD  -27.623  11.064  -1.391  3.79
271  18  PRO  HA  -28.034  11.517  -4.46  4.85
272  18  PRO  HB2  -29.978  10.216  -3.399  1.18
273  18  PRO  HB3  -28.543  9.558  -3.556  22.01
274  18  PRO  HG2  -29.642  10.717  -1.25  0.82
275  18  PRO  HG3  -28.788  9.375  -1.341  8.4
276  18  PRO  HD2  -27.707  11.562  -0.563  119.76
277  18  PRO  HD3  -26.857  10.47  -1.354  67.15
278  19  GLU  N  -29.641  13.6  -2.808  122.26
279  19  GLU  CA  -30.661  14.642  -2.827  59.88
280  19  GLU  C  -30.714  15.327  -4.189  173.07
281  19  GLU  O  -31.761  15.822  -4.607  176.32
282  19  GLU  CB  -30.384  15.676  -1.734  34.08
283  19  GLU  CG  -31.26  15.511  -0.503  32.56
284  19  GLU  CD  -31.653  16.839  0.115  117.33
285  19  GLU  OE1  -30.868  17.803  0.002  58.9
286  19  GLU  OE2  -32.748  16.914  0.712  172.98
287  19  GLU  H  -29.055  13.596  -2.178  8.97
288  19  GLU  HA  -31.518  14.222  -2.654  4.74
289  19  GLU  HB2  -29.456  15.601  -1.46  19.76
290  19  GLU  HB3  -30.534  16.563  -2.098  21.09
291  19  GLU  HG2  -32.067  15.037  -0.756  0.81
292  19  GLU  HG3  -30.775  14.993  0.158  4.56
293  20  VAL  N  -29.578  15.352  -4.878  125.81
294  20  VAL  CA  -29.494  15.975  -6.193  53.61
295  20  VAL  C  -29.629  14.938  -7.302  174.67
296  20  VAL  O  -29.012  13.873  -7.268  115.76
297  20  VAL  CB  -28.165  16.732  -6.372  44.08
298  20  VAL  CG1  -26.985  15.802  -6.138  177.04
299  20  VAL  CG2  -28.093  17.362  -7.755  8.63
300  20  VAL  H  -28.875  14.991  -4.54  8.97
301  20  VAL  HA  -30.221  16.613  -6.269  4.8
302  20  VAL  HB  -28.127  17.442  -5.712  174.75
303  20  VAL  HG11  -27.046  15.045  -6.741  53.34
304  20  VAL  HG12  -26.158  16.281  -6.301  32.81
305  20  VAL  HG13  -26.999  15.486  -5.221  21.05
306  20  VAL  HG21  -28.28  16.687  -8.426  21.6
307  20  VAL  HG22  -28.748  18.074  -7.821  9.44
308  20  VAL  HG23  -27.205  17.725  -7.9  4.08
309  21  PRO  N  -30.454  15.254  -8.311  126.61
310  21  PRO  CA  -30.688  14.363  -9.452  59.98
311  21  PRO  C  -29.466  14.247  -10.357  175.27
312  21  PRO  O  -28.701  15.199  -10.51  4.47
313  21  PRO  CB  -31.843  15.036  -10.196  39.88
314  21  PRO  CG  -31.745  16.476  -9.827  1.69
315  21  PRO  CD  -31.221  16.507  -8.417  2.2
316  21  PRO  HA  -30.96  13.478  -9.162  4.89
317  21  PRO  HB2  -31.734  14.907  -11.151  66.19
318  21  PRO  HB3  -32.686  14.653  -9.907  175.04
319  21  PRO  HG2  -31.13  16.929  -10.425  0.79
320  21  PRO  HG3  -32.622  16.887  -9.868  67.8
321  21  PRO  HD2  -30.646  17.277  -8.286  174.11
322  21  PRO  HD3  -31.955  16.517  -7.783  25.76
323  22  LYS  N  -29.29  13.074  -10.956  115.31
324  22  LYS  CA  -28.162  12.833  -11.848  60.18
325  22  LYS  C  -28.024  13.959  -12.867  173.47
326  22  LYS  O  -26.914  14.329  -13.249  4.27
327  22  LYS  CB  -28.335  11.495  -12.572  71.48
328  22  LYS  CG  -27.298  11.251  -13.655  1.75
329  22  LYS  CD  -27.565  9.954  -14.399  0.79
330  22  LYS  CE  -26.478  9.665  -15.424  118.96
331  22  LYS  NZ  -26.962  9.867  -16.818  62.16
332  22  LYS  H  -29.855  12.441  -10.815  8.93
333  22  LYS  HA  -27.357  12.799  -11.309  4.86
334  22  LYS  HB2  -28.271  10.778  -11.922  37.85
335  22  LYS  HB3  -29.214  11.473  -12.981  177.96
336  22  LYS  HG2  -27.323  11.986  -14.287  1.03
337  22  LYS  HG3  -26.42  11.204  -13.246  32.9
338  22  LYS  HD2  -27.596  9.224  -13.761  176.79
339  22  LYS  HD3  -28.418  10.021  -14.856  180.33
340  22  LYS  HE2  -25.729  10.26  -15.26  50.83
341  22  LYS  HE3  -26.188  8.745  -15.32  7
342  22  LYS  HZ1  -27.781  9.531  -16.909  3.41
343  22  LYS  HZ2  -26.419  9.458  -17.392  3.06
344  22  LYS  HZ3  -26.983  10.735  -17.012  3.06
345  23  GLU  N  -29.157  14.501  -13.302  113.91
346  23  GLU  CA  -29.161  15.586  -14.276  54.18
347  23  GLU  C  -28.271  16.736  -13.812  6.8
348  23  GLU  O  -27.409  17.208  -14.555  6.8
349  23  GLU  CB  -30.587  16.09  -14.506  38.98
350  23  GLU  CG  -30.94  16.269  -15.973  115.66
351  23  GLU  CD  -32.352  16.786  -16.174  62.93
352  23  GLU  OE1  -32.722  17.773  -15.505  178.64
353  23  GLU  OE2  -33.085  16.203  -16.999  63.72
354  23  GLU  H  -29.906  14.204  -13.002  8.59
355  23  GLU  HA  -28.811  15.237  -15.111  4.31
356  23  GLU  HB2  -31.209  15.456  -14.117  3.63
357  23  GLU  HB3  -30.69  16.946  -14.061  2.43
358  23  GLU  HG2  -30.32  16.902  -16.368  3.3
359  23  GLU  HG3  -30.856  15.412  -16.421  2.96
360  24  LYS  N  -28.487  17.183  -12.58  119.26
361  24  LYS  CA  -27.706  18.277  -12.015  60.78
362  24  LYS  C  -26.37  17.772  -11.478  175.87
363  24  LYS  O  -25.32  18.354  -11.751  1.69
364  24  LYS  CB  -28.49  18.966  -10.896  38.98
365  24  LYS  CG  -29.139  20.271  -11.322  0.98
366  24  LYS  CD  -30.582  20.063  -11.75  4.71
367  24  LYS  CE  -31.553  20.683  -10.757  118.06
368  24  LYS  NZ  -32.934  20.763  -11.308  61.62
369  24  LYS  H  -29.102  16.817  -12.103  7.39
370  24  LYS  HA  -27.536  18.919  -12.722  3.84
371  24  LYS  HB2  -29.186  18.365  -10.587  39.49
372  24  LYS  HB3  -27.886  19.153  -10.16  35.96
373  24  LYS  HG2  -29.119  20.891  -10.576  0.78
374  24  LYS  HG3  -28.64  20.643  -12.066  7.79
375  24  LYS  HD2  -30.716  20.474  -12.618  9.77
376  24  LYS  HD3  -30.758  19.111  -11.811  4.01
377  24  LYS  HE2  -31.565  20.142  -9.952  1.98
378  24  LYS  HE3  -31.247  21.578  -10.541  7.4
379  24  LYS  HZ1  -33.176  19.974  -11.641  3.95
380  24  LYS  HZ2  -32.97  21.371  -11.957  2.67
381  24  LYS  HZ3  -33.507  20.993  -10.667  2.67
382  25  LEU  N  -26.418  16.685  -10.715  127.9
383  25  LEU  CA  -25.211  16.1  -10.142  51.48
384  25  LEU  C  -24.156  15.863  -11.217  6.84
385  25  LEU  O  -23.05  16.397  -11.142  33.69
386  25  LEU  CB  -25.544  14.783  -9.439  39.18
387  25  LEU  CG  -24.381  13.807  -9.256  56.87
388  25  LEU  CD1  -24.389  13.223  -7.852  178.43
389  25  LEU  CD2  -24.446  12.699  -10.297  55.35
390  25  LEU  H  -27.179  16.317  -10.555  8.95
391  25  LEU  HA  -24.858  16.725  -9.49  4.5
392  25  LEU  HB2  -25.894  14.995  -8.56  2.85
393  25  LEU  HB3  -26.23  14.335  -9.959  2.71
394  25  LEU  HG  -23.545  14.284  -9.376  4.74
395  25  LEU  HD11  -24.526  13.934  -7.207  17.46
396  25  LEU  HD12  -23.54  12.787  -7.678  1.9
397  25  LEU  HD13  -25.107  12.575  -7.776  7.15
398  25  LEU  HD21  -25.212  12.844  -10.875  7.66
399  25  LEU  HD22  -24.535  11.842  -9.851  7.05
400  25  LEU  HD23  -23.634  12.705  -10.827  8.48
401  26  GLN  N  -24.507  15.061  -12.217  3.68
402  26  GLN  CA  -23.59  14.756  -13.309  63.58
403  26  GLN  C  -22.993  16.032  -13.891  0.85
404  26  GLN  O  -21.785  16.121  -14.109  180.3
405  26  GLN  CB  -24.313  13.97  -14.405  32.38
406  26  GLN  CG  -23.372  13.309  -15.4  26.98
407  26  GLN  CD  -23.889  13.374  -16.823  50.98
408  26  GLN  OE1  -24.197  14.451  -17.336  173.24
409  26  GLN  NE2  -23.988  12.219  -17.471  42.34
410  26  GLN  H  -25.294  14.714  -12.22  7.44
411  26  GLN  HA  -22.872  14.21  -12.951  4.36
412  26  GLN  HB2  -24.852  13.279  -13.991  2.02
413  26  GLN  HB3  -24.893  14.576  -14.892  1.93
414  26  GLN  HG2  -22.513  13.758  -15.362  1.83
415  26  GLN  HG3  -23.262  12.378  -15.152  1.83
416  26  GLN  HE21  -23.758  11.501  -17.057  43.53
417  26  GLN  HE22  -24.28  12.23  -18.28  31.09
418  27  ALA  N  -23.847  17.019  -14.143  27.73
419  27  ALA  CA  -23.403  18.291  -14.698  56.58
420  27  ALA  C  -22.24  18.864  -13.897  176.62
421  27  ALA  O  -21.301  19.428  -14.461  7.56
422  27  ALA  CB  -24.558  19.281  -14.738  29.48
423  27  ALA  H  -24.682  16.904  -13.972  8.11
424  27  ALA  HA  -23.11  18.134  -15.609  4.11
425  27  ALA  HB1  -24.489  19.825  -15.538  3.94
426  27  ALA  HB2  -25.399  18.797  -14.748  2
427  27  ALA  HB3  -24.522  19.852  -13.954  1.79
428  28  LEU  N  -22.307  18.718  -12.578  121.2
429  28  LEU  CA  -21.259  19.222  -11.698  60.28
430  28  LEU  C  -20.004  18.362  -11.798  3.18
431  28  LEU  O  -18.892  18.878  -11.922  3.18
432  28  LEU  CB  -21.754  19.257  -10.251  32.78
433  28  LEU  CG  -21.826  20.638  -9.599  106.43
434  28  LEU  CD1  -20.494  21.36  -9.729  116.99
435  28  LEU  CD2  -22.945  21.462  -10.219  59.09
436  28  LEU  H  -22.985  18.316  -12.234  7.1
437  28  LEU  HA  -21.043  20.125  -11.979  4.12
438  28  LEU  HB2  -22.644  18.872  -10.232  54.15
439  28  LEU  HB3  -21.156  18.708  -9.721  176.34
440  28  LEU  HG  -22.019  20.533  -8.654  57.32
441  28  LEU  HD11  -20.518  21.948  -10.5  33.7
442  28  LEU  HD12  -19.783  20.709  -9.84  35.49
443  28  LEU  HD13  -20.331  21.882  -8.928  7.9
444  28  LEU  HD21  -23.439  20.914  -10.849  4.23
445  28  LEU  HD22  -22.565  22.224  -10.684  2.17
446  28  LEU  HD23  -23.543  21.774  -9.522  9.79
447  29  LEU  N  -20.188  17.047  -11.745  4.6
448  29  LEU  CA  -19.07  16.114  -11.832  63.28
449  29  LEU  C  -18.247  16.366  -13.091  178.17
450  29  LEU  O  -17.028  16.19  -13.093  2
451  29  LEU  CB  -19.582  14.672  -11.824  32.68
452  29  LEU  CG  -20.523  14.3  -10.677  27.78
453  29  LEU  CD1  -20.675  12.79  -10.58  121.86
454  29  LEU  CD2  -20.013  14.872  -9.362  58.33
455  29  LEU  H  -20.986  16.738  -11.657  122.4
456  29  LEU  HA  -18.505  16.253  -11.056  4.29
457  29  LEU  HB2  -20.056  14.52  -12.657  2.4
458  29  LEU  HB3  -18.811  14.085  -11.78  1.78
459  29  LEU  HG  -21.399  14.679  -10.849  113.86
460  29  LEU  HD11  -19.839  12.399  -10.282  45.81
461  29  LEU  HD12  -20.909  12.432  -11.451  174.14
462  29  LEU  HD13  -21.377  12.576  -9.945  117.58
463  29  LEU  HD21  -20.592  14.585  -8.638  9.05
464  29  LEU  HD22  -20.011  15.841  -9.41  3.78
465  29  LEU  HD23  -19.111  14.555  -9.2  3.78
466  30  TYR  N  -18.92  16.78  -14.158  124.16
467  30  TYR  CA  -18.251  17.057  -15.424  60.68
468  30  TYR  C  -17.449  18.352  -15.345  177.67
469  30  TYR  O  -16.284  18.399  -15.738  176.75
470  30  TYR  CB  -19.274  17.146  -16.557  32.68
471  30  TYR  CG  -18.667  16.997  -17.934  24.88
472  30  TYR  CD1  -17.761  17.933  -18.42  8.26
473  30  TYR  CD2  -19  15.923  -18.75  3.93
474  30  TYR  CE1  -17.205  17.802  -19.677  1.89
475  30  TYR  CE2  -18.447  15.784  -20.008  1.7
476  30  TYR  CZ  -17.55  16.726  -20.467  27.39
477  30  TYR  OH  -16.999  16.591  -21.721  17.64
478  30  TYR  H  -19.772  16.886  -14.103  8.8
479  30  TYR  HA  -17.644  16.323  -15.606  3.7
480  30  TYR  HB2  -19.933  16.443  -16.446  1.83
481  30  TYR  HB3  -19.717  18.008  -16.517  1.71
482  30  TYR  HD1  -17.53  18.658  -17.885  25.25
483  30  TYR  HD2  -19.605  15.29  -18.438  1.63
484  30  TYR  HE1  -16.6  18.436  -19.987  1.36
485  30  TYR  HE2  -18.68  15.058  -20.541  2.96
486  30  TYR  HH  -17.418  17.076  -22.264  4.38
487  31  ALA  N  -18.083  19.402  -14.832  116.26
488  31  ALA  CA  -17.429  20.698  -14.697  59.68
489  31  ALA  C  -16.087  20.565  -13.985  178.97
490  31  ALA  O  -15.064  21.047  -14.473  57.63
491  31  ALA  CB  -18.331  21.669  -13.95  28.28
492  31  ALA  H  -18.898  19.314  -14.571  9.37
493  31  ALA  HA  -17.278  21.051  -15.588  4.05
494  31  ALA  HB1  -19.146  21.214  -13.687  60.57
495  31  ALA  HB2  -17.872  21.994  -13.16  1.94
496  31  ALA  HB3  -18.55  22.416  -14.528  1.94
497  32  LEU  N  -16.098  19.909  -12.83  119.36
498  32  LEU  CA  -14.881  19.713  -12.05  58.08
499  32  LEU  C  -13.906  18.797  -12.782  177.77
500  32  LEU  O  -12.704  19.055  -12.818  53
501  32  LEU  CB  -15.22  19.125  -10.679  32.48
502  32  LEU  CG  -16.389  19.777  -9.939  25.28
503  32  LEU  CD1  -16.739  18.983  -8.69  108.61
504  32  LEU  CD2  -16.057  21.218  -9.582  8.27
505  32  LEU  H  -16.841  19.592  -12.534  7.06
506  32  LEU  HA  -14.463  20.58  -11.928  4.2
507  32  LEU  HB2  -15.433  18.187  -10.802  1.78
508  32  LEU  HB3  -14.431  19.205  -10.12  1.78
509  32  LEU  HG  -17.168  19.781  -10.518  25.81
510  32  LEU  HD11  -15.993  18.411  -8.451  108.36
511  32  LEU  HD12  -17.523  18.439  -8.862  56.11
512  32  LEU  HD13  -16.924  19.594  -7.96  172.74
513  32  LEU  HD21  -16.688  21.54  -8.92  4.5
514  32  LEU  HD22  -16.114  21.77  -10.378  65.5
515  32  LEU  HD23  -15.158  21.263  -9.221  1.98
516  33  ALA  N  -14.434  17.727  -13.367  119.06
517  33  ALA  CA  -13.612  16.774  -14.102  58.38
518  33  ALA  C  -12.826  17.468  -15.21  178.17
519  33  ALA  O  -11.604  17.343  -15.289  5.17
520  33  ALA  CB  -14.478  15.665  -14.682  42.38
521  33  ALA  H  -15.282  17.594  -13.311  8.1
522  33  ALA  HA  -12.987  16.373  -13.478  3.87
523  33  ALA  HB1  -15.159  16.054  -15.253  35.94
524  33  ALA  HB2  -13.924  15.061  -15.201  1.69
525  33  ALA  HB3  -14.902  15.176  -13.959  1.53
526  34  SER  N  -13.536  18.199  -16.064  116.06
527  34  SER  CA  -12.905  18.909  -17.17  60.58
528  34  SER  C  -11.816  19.848  -16.662  176.97
529  34  SER  O  -10.815  20.08  -17.341  125.76
530  34  SER  CB  -13.95  19.701  -17.958  28.68
531  34  SER  OG  -13.574  19.829  -19.318  175.74
532  34  SER  H  -14.388  18.252  -15.962  8.52
533  34  SER  HA  -12.502  18.249  -17.755  3.51
534  34  SER  HB2  -14.803  19.241  -17.912  2.07
535  34  SER  HB3  -14.039  20.587  -17.573  2
536  34  SER  HG  -13.988  19.261  -19.778  7.96
537  35  SER  N  -12.018  20.386  -15.464  119.36
538  35  SER  CA  -11.056  21.304  -14.865  55.18
539  35  SER  C  -9.684  20.648  -14.742  181.37
540  35  SER  O  -8.661  21.33  -14.692  1.6
541  35  SER  CB  -11.542  21.758  -13.488  18.48
542  35  SER  OG  -11.354  23.152  -13.315  174.75
543  35  SER  H  -12.735  20.19  -15.032  7.39
544  35  SER  HA  -10.982  22.078  -15.445  4.1
545  35  SER  HB2  -12.487  21.557  -13.397  175.74
546  35  SER  HB3  -11.044  21.288  -12.801  59.21
547  35  SER  HG  -11.494  23.357  -12.512  37.51
548  36  GLN  N  -9.672  19.32  -14.694  119.16
549  36  GLN  CA  -8.426  18.571  -14.576  57.78
550  36  GLN  C  -8.121  17.815  -15.866  180.37
551  36  GLN  O  -7.246  18.209  -16.635  2.03
552  36  GLN  CB  -8.504  17.592  -13.404  42.48
553  36  GLN  CG  -8.602  18.273  -12.048  26.58
554  36  GLN  CD  -7.243  18.584  -11.452  3.43
555  36  GLN  OE1  -6.353  17.734  -11.429  3.03
556  36  GLN  NE2  -7.076  19.808  -10.965  41.51
557  36  GLN  H  -10.417  18.892  -14.734  8.44
558  36  GLN  HA  -7.712  19.207  -14.411  4.14
559  36  GLN  HB2  -9.285  17.028  -13.518  2.04
560  36  GLN  HB3  -7.709  17.036  -13.408  1.61
561  36  GLN  HG2  -9.092  19.104  -12.151  2.54
562  36  GLN  HG3  -9.082  17.689  -11.44  37.16
563  36  GLN  HE21  -7.737  20.356  -11.01  51.05
564  36  GLN  HE22  -6.314  20.008  -10.621  175.99
565  37  GLY  N  -8.85  16.727  -16.095  118.56
566  37  GLY  CA  -8.642  15.933  -17.291  57.58
567  37  GLY  C  -9.891  15.831  -18.144  178.87
568  37  GLY  O  -10.981  16.202  -17.708  173.91
569  37  GLY  H  -9.45  16.494  -15.525  8.53
570  37  GLY  HA2  -7.935  16.338  -17.817  4.44
571  37  GLY  HA3  -8.367  15.04  -17.03  4.67
572  38  ASP  N  -9.733  15.328  -19.363  119.36
573  38  ASP  CA  -10.858  15.178  -20.28  62.68
574  38  ASP  C  -11.754  14.019  -19.856  178.27
575  38  ASP  O  -11.275  13.007  -19.344  8.68
576  38  ASP  CB  -10.354  14.954  -21.706  38.18
577  38  ASP  CG  -9.651  16.173  -22.271  51.14
578  38  ASP  OD1  -10.275  17.255  -22.305  120.46
579  38  ASP  OD2  -8.478  16.046  -22.677  55.86
580  38  ASP  H  -8.949  15.083  -19.617  8.36
581  38  ASP  HA  -11.375  15.998  -20.253  3.53
582  38  ASP  HB2  -9.729  14.212  -21.71  2.98
583  38  ASP  HB3  -11.107  14.741  -22.279  2.98
584  39  ILE  N  -13.056  14.175  -20.072  120.86
585  39  ILE  CA  -14.018  13.141  -19.712  55.08
586  39  ILE  C  -14.559  12.438  -20.952  179.77
587  39  ILE  O  -14.939  13.084  -21.93  7.12
588  39  ILE  CB  -15.198  13.724  -18.911  18.18
589  39  ILE  CG1  -14.687  14.455  -17.668  2.91
590  39  ILE  CG2  -16.171  12.621  -18.522  3.01
591  39  ILE  CD  -14.52  15.945  -17.868  5.07
592  39  ILE  H  -13.337  14.903  -20.433  7.76
593  39  ILE  HA  -13.563  12.49  -19.155  3.91
594  39  ILE  HB  -15.668  14.355  -19.479  1.47
595  39  ILE  HG12  -15.314  14.32  -16.94  2.27
596  39  ILE  HG13  -13.824  14.089  -17.418  122.52
597  39  ILE  HG21  -16.285  12.617  -17.559  55.22
598  39  ILE  HG22  -17.028  12.781  -18.948  55.54
599  39  ILE  HG23  -15.821  11.764  -18.81  175.2
600  39  ILE  HD11  -14.639  16.184  -18.914  120.76
601  39  ILE  HD12  -15.265  16.472  -17.291  58.44
602  39  ILE  HD13  -13.534  16.244  -17.541  178.74
603  40  LEU  N  -14.593  11.111  -20.905  116.36
604  40  LEU  CA  -15.089  10.318  -22.024  57.38
605  40  LEU  C  -16.535  9.892  -21.791  178.87
606  40  LEU  O  -17.28  9.644  -22.739  30.51
607  40  LEU  CB  -14.209  9.084  -22.231  42.58
608  40  LEU  CG  -12.708  9.288  -22.026  25.78
609  40  LEU  CD1  -11.941  8.03  -22.404  24.73
610  40  LEU  CD2  -12.216  10.478  -22.837  23.73
611  40  LEU  H  -14.316  10.708  -20.198  7.45
612  40  LEU  HA  -15.05  10.87  -22.821  3.89
613  40  LEU  HB2  -14.504  8.401  -21.608  1.41
614  40  LEU  HB3  -14.346  8.771  -23.139  0.99
615  40  LEU  HG  -12.538  9.472  -21.089  1.16
616  40  LEU  HD11  -11.758  8.037  -23.356  60.64
617  40  LEU  HD12  -12.472  7.249  -22.182  176.44
618  40  LEU  HD13  -11.105  8.002  -21.913  30.54
619  40  LEU  HD21  -12.739  10.553  -23.651  39.33
620  40  LEU  HD22  -11.281  10.351  -23.063  61.46
621  40  LEU  HD23  -12.316  11.289  -22.314  13.71
622  41  ASP  N  -16.926  9.812  -20.524  119.46
623  41  ASP  CA  -18.284  9.419  -20.166  54.98
624  41  ASP  C  -18.464  9.407  -18.651  178.97
625  41  ASP  O  -17.718  8.74  -17.933  3.1
626  41  ASP  CB  -18.608  8.04  -20.742  18.78
627  41  ASP  CG  -19.806  7.399  -20.07  8.41
628  41  ASP  OD1  -20.899  8.002  -20.105  5.2
629  41  ASP  OD2  -19.651  6.294  -19.51  54.54
630  41  ASP  H  -16.364  9.996  -19.9  8.34
631  41  ASP  HA  -18.893  10.071  -20.547  3.91
632  41  ASP  HB2  -18.798  8.128  -21.689  55.14
633  41  ASP  HB3  -17.841  7.458  -20.623  50
634  42  ILE  N  -19.458  10.147  -18.172  111.56
635  42  ILE  CA  -19.735  10.221  -16.743  60.78
636  42  ILE  C  -20.955  9.383  -16.377  175.57
637  42  ILE  O  -22.082  9.709  -16.752  56.15
638  42  ILE  CB  -19.969  11.674  -16.289  62.48
639  42  ILE  CG1  -18.768  12.547  -16.659  8.4
640  42  ILE  CG2  -20.227  11.726  -14.791  3.98
641  42  ILE  CD  -18.907  13.986  -16.214  6.99
642  42  ILE  H  -19.949  10.594  -18.719  8.18
643  42  ILE  HA  -18.962  9.873  -16.271  4.4
644  42  ILE  HB  -20.757  12.011  -16.743  120.66
645  42  ILE  HG12  -17.971  12.182  -16.245  59.56
646  42  ILE  HG13  -18.658  12.542  -17.623  176.54
647  42  ILE  HG21  -19.432  11.438  -14.316  174.71
648  42  ILE  HG22  -20.446  12.635  -14.532  28.82
649  42  ILE  HG23  -20.966  11.139  -14.569  36.44
650  42  ILE  HD11  -18.129  14.58  -16.67  7.1
651  42  ILE  HD12  -19.872  14.364  -16.513  7.9
652  42  ILE  HD13  -18.816  14.04  -15.139  3.94
653  43  VAL  N  -20.724  8.302  -15.639  115.16
654  43  VAL  CA  -21.804  7.418  -15.218  60.48
655  43  VAL  C  -22.248  7.732  -13.793  175.17
656  43  VAL  O  -21.44  8.128  -12.953  34.79
657  43  VAL  CB  -21.383  5.939  -15.298  175.1
658  43  VAL  CG1  -22.539  5.032  -14.906  122.36
659  43  VAL  CG2  -20.881  5.603  -16.695  58.7
660  43  VAL  H  -19.917  8.119  -15.403  7.31
661  43  VAL  HA  -22.554  7.554  -15.818  4.25
662  43  VAL  HB  -20.657  5.793  -14.671  41.17
663  43  VAL  HG11  -22.429  4.747  -13.985  25.7
664  43  VAL  HG12  -23.375  5.515  -14.998  124.84
665  43  VAL  HG13  -22.55  4.254  -15.485  53.34
666  43  VAL  HG21  -19.948  5.856  -16.771  1.19
667  43  VAL  HG22  -20.971  4.65  -16.851  8.18
668  43  VAL  HG23  -21.403  6.089  -17.352  4.28
669  44  VAL  N  -23.538  7.551  -13.527  117.36
670  44  VAL  CA  -24.089  7.814  -12.204  54.68
671  44  VAL  C  -25.134  6.769  -11.827  175.77
672  44  VAL  O  -25.974  6.393  -12.645  8.51
673  44  VAL  CB  -24.729  9.213  -12.129  29.68
674  44  VAL  CG1  -25.325  9.455  -10.751  2.62
675  44  VAL  CG2  -23.705  10.285  -12.472  120.66
676  44  VAL  H  -24.059  7.273  -14.152  7.98
677  44  VAL  HA  -23.362  7.777  -11.563  4.4
678  44  VAL  HB  -25.445  9.256  -12.782  174.69
679  44  VAL  HG11  -25.715  10.342  -10.72  18.63
680  44  VAL  HG12  -26.011  8.792  -10.574  39.44
681  44  VAL  HG13  -24.628  9.386  -10.08  29.21
682  44  VAL  HG21  -24.131  11.156  -12.453  23.71
683  44  VAL  HG22  -22.984  10.263  -11.823  4.97
684  44  VAL  HG23  -23.347  10.119  -13.358  8.51
685  45  ASP  N  -25.076  6.305  -10.584  105.56
686  45  ASP  CA  -26.019  5.304  -10.097  45.18
687  45  ASP  C  -27.447  5.837  -10.139  170.57
688  45  ASP  O  -27.726  6.845  -10.79  2.64
689  45  ASP  CB  -25.659  4.885  -8.67  1.6
690  45  ASP  CG  -25.873  6.003  -7.668  9.31
691  45  ASP  OD1  -26.058  7.159  -8.1  116.76
692  45  ASP  OD2  -25.853  5.721  -6.451  109.56
693  45  ASP  H  -24.469  6.602  -10.052  7.44
694  45  ASP  HA  -25.957  4.529  -10.678  175.94
695  45  ASP  HB2  -26.213  4.132  -8.411  29.46
696  45  ASP  HB3  -24.726  4.621  -8.642  69.3
697  46  LEU  N  -28.349  5.154  -9.442  176.26
698  46  LEU  CA  -29.75  5.558  -9.401  54.98
699  46  LEU  C  -30.015  6.485  -8.219  175.77
700  46  LEU  O  -31.157  6.651  -7.791  7.92
701  46  LEU  CB  -30.654  4.327  -9.311  41.28
702  46  LEU  CG  -30.24  3.264  -8.292  2.18
703  46  LEU  CD1  -29.187  2.339  -8.884  2.11
704  46  LEU  CD2  -29.723  3.917  -7.019  2.18
705  46  LEU  H  -28.101  4.456  -9.005  8.22
706  46  LEU  HA  -29.947  6.035  -10.222  4.53
707  46  LEU  HB2  -31.546  4.629  -9.078  2.48
708  46  LEU  HB3  -30.674  3.909  -10.186  2.48
709  46  LEU  HG  -31.014  2.727  -8.061  1.7
710  46  LEU  HD11  -28.342  2.478  -8.428  177.1
711  46  LEU  HD12  -29.082  2.532  -9.829  116.86
712  46  LEU  HD13  -29.468  1.417  -8.772  57.73
713  46  LEU  HD21  -30.381  4.549  -6.69  178.14
714  46  LEU  HD22  -28.894  4.384  -7.208  55.04
715  46  LEU  HD23  -29.565  3.236  -6.347  29.23
716  47  SER  N  -28.952  7.088  -7.697  122.26
717  47  SER  CA  -29.069  7.997  -6.563  59.68
718  47  SER  C  -29.901  7.371  -5.448  176.07
719  47  SER  O  -30.93  7.914  -5.046  2.34
720  47  SER  CB  -29.7  9.319  -7.005  39.48
721  47  SER  OG  -29.952  10.161  -5.894  2.4
722  47  SER  H  -28.176  6.936  -8.035  8.4
723  47  SER  HA  -28.176  8.171  -6.227  3.87
724  47  SER  HB2  -29.098  9.775  -7.614  1.22
725  47  SER  HB3  -30.539  9.138  -7.456  112.66
726  47  SER  HG  -30.229  10.907  -6.164  55.49
727  48  ASP  N  -29.447  6.225  -4.952  125.36
728  48  ASP  CA  -30.147  5.524  -3.883  55.68
729  48  ASP  C  -30.234  6.391  -2.631  175.67
730  48  ASP  O  -29.92  7.581  -2.664  33.86
731  48  ASP  CB  -29.44  4.207  -3.558  41.78
732  48  ASP  CG  -30.353  3.007  -3.709  27.38
733  48  ASP  OD1  -31.556  3.134  -3.399  60.5
734  48  ASP  OD2  -29.865  1.94  -4.137  113.5
735  48  ASP  H  -28.722  5.889  -5.269  8.97
736  48  ASP  HA  -31.046  5.331  -4.192  4.28
737  48  ASP  HB2  -28.686  4.096  -4.158  1.3
738  48  ASP  HB3  -29.118  4.237  -2.643  1.3
739  49  ASP  N  -30.663  5.787  -1.528  115.16
740  49  ASP  CA  -30.792  6.504  -0.264  54.08
741  49  ASP  C  -29.695  6.087  0.711  173.77
742  49  ASP  O  -29.404  6.797  1.672  1.66
743  49  ASP  CB  -32.167  6.246  0.355  43.98
744  49  ASP  CG  -33.135  7.386  0.11  53.43
745  49  ASP  OD1  -33.505  7.609  -1.062  176.24
746  49  ASP  OD2  -33.523  8.055  1.09  3.66
747  49  ASP  H  -30.87  4.953  -1.56  7.31
748  49  ASP  HA  -30.702  7.452  -0.449  4.64
749  49  ASP  HB2  -32.541  5.438  -0.029  2.45
750  49  ASP  HB3  -32.066  6.128  1.313  2.05
751  50  ASN  N  -29.091  4.932  0.455  119.86
752  50  ASN  CA  -28.027  4.42  1.311  61.28
753  50  ASN  C  -26.745  4.198  0.513  173.67
754  50  ASN  O  -25.687  3.927  1.081  1.6
755  50  ASN  CB  -28.461  3.111  1.973  40.68
756  50  ASN  CG  -27.358  2.491  2.809  29.81
757  50  ASN  OD1  -26.858  1.411  2.494  14.32
758  50  ASN  ND2  -26.973  3.175  3.88  1.97
759  50  ASN  H  -29.333  4.474  -0.231  7.97
760  50  ASN  HA  -27.855  5.08  2.001  4.71
761  50  ASN  HB2  -29.221  3.283  2.55  1.92
762  50  ASN  HB3  -28.719  2.477  1.286  1.74
763  50  ASN  HD21  -27.362  3.924  4.046  65.32
764  50  ASN  HD22  -26.348  2.843  4.369  178.54
765  51  SER  N  -26.849  4.317  -0.807  127.46
766  51  SER  CA  -25.699  4.126  -1.684  61.18
767  51  SER  C  -25.123  5.469  -2.124  174.87
768  51  SER  O  -24.062  5.883  -1.661  41.34
769  51  SER  CB  -26.098  3.303  -2.91  35.18
770  51  SER  OG  -25.455  2.041  -2.908  123.46
771  51  SER  H  -27.613  4.508  -1.152  8.88
772  51  SER  HA  -25.021  3.643  -1.185  4.22
773  51  SER  HB2  -27.058  3.165  -2.906  2
774  51  SER  HB3  -25.844  3.782  -3.714  43.96
775  51  SER  HG  -24.664  2.129  -2.639  26.58
776  52  GLY  N  -25.833  6.145  -3.022  124.66
777  52  GLY  CA  -25.378  7.433  -3.51  61.28
778  52  GLY  C  -23.934  7.402  -3.97  174.07
779  52  GLY  O  -23.02  7.673  -3.191  9.36
780  52  GLY  H  -26.57  5.812  -3.315  8.73
781  52  GLY  HA2  -25.939  7.702  -4.254  116.86
782  52  GLY  HA3  -25.465  8.087  -2.799  57.9
783  53  LYS  N  -23.727  7.068  -5.24  125.66
784  53  LYS  CA  -22.384  7.001  -5.804  53.38
785  53  LYS  C  -22.415  7.226  -7.312  175.67
786  53  LYS  O  -23.479  7.426  -7.897  1.33
787  53  LYS  CB  -21.745  5.646  -5.493  42.68
788  53  LYS  CG  -22.552  4.462  -5.998  68.3
789  53  LYS  CD  -21.799  3.155  -5.817  32.2
790  53  LYS  CE  -22.676  2.091  -5.177  9.74
791  53  LYS  NZ  -21.876  0.939  -4.677  4.47
792  53  LYS  H  -24.402  6.888  -5.742  8.9
793  53  LYS  HA  -21.853  7.702  -5.394  4.8
794  53  LYS  HB2  -20.866  5.613  -5.903  2.75
795  53  LYS  HB3  -21.648  5.559  -4.532  2.4
796  53  LYS  HG2  -23.386  4.415  -5.505  8.72
797  53  LYS  HG3  -22.74  4.589  -6.941  24.2
798  53  LYS  HD2  -21.504  2.838  -6.685  29.16
799  53  LYS  HD3  -21.028  3.312  -5.25  41.89
800  53  LYS  HE2  -23.156  2.488  -4.433  177.2
801  53  LYS  HE3  -23.311  1.771  -5.837  8.66
802  53  LYS  HZ1  -22.051  0.796  -3.816  4.83
803  53  LYS  HZ2  -21.007  1.106  -4.769  118.06
804  53  LYS  HZ3  -22.078  0.204  -5.137  56.47
805  54  ALA  N  -21.242  7.191  -7.936  127.16
806  54  ALA  CA  -21.137  7.387  -9.376  53.78
807  54  ALA  C  -19.739  7.039  -9.877  176.77
808  54  ALA  O  -18.872  6.641  -9.099  27.67
809  54  ALA  CB  -21.488  8.822  -9.74  41.08
810  54  ALA  H  -20.528  7.047  -7.479  8.83
811  54  ALA  HA  -21.78  6.802  -9.806  4.7
812  54  ALA  HB1  -21.046  9.428  -9.125  4.2
813  54  ALA  HB2  -21.192  9.008  -10.645  1.76
814  54  ALA  HB3  -22.448  8.945  -9.682  1.52
815  55  TYR  N  -19.528  7.19  -11.18  115.66
816  55  TYR  CA  -18.236  6.888  -11.784  60.28
817  55  TYR  C  -17.922  7.865  -12.914  174.47
818  55  TYR  O  -18.725  8.053  -13.828  32.44
819  55  TYR  CB  -18.22  5.454  -12.316  63.88
820  55  TYR  CG  -19.029  4.489  -11.479  121.96
821  55  TYR  CD1  -20.392  4.326  -11.693  63.77
822  55  TYR  CD2  -18.43  3.74  -10.473  7.78
823  55  TYR  CE1  -21.135  3.446  -10.93  4.53
824  55  TYR  CE2  -19.164  2.857  -9.706  9.42
825  55  TYR  CZ  -20.516  2.714  -9.938  4.22
826  55  TYR  OH  -21.252  1.835  -9.176  9.25
827  55  TYR  H  -20.169  7.472  -11.68  8.41
828  55  TYR  HA  -17.557  6.976  -11.097  4.16
829  55  TYR  HB2  -18.584  5.445  -13.215  3.84
830  55  TYR  HB3  -17.305  5.134  -12.339  3.84
831  55  TYR  HD1  -20.806  4.82  -12.363  120.16
832  55  TYR  HD2  -17.518  3.839  -10.319  58.09
833  55  TYR  HE1  -22.047  3.349  -11.087  176.44
834  55  TYR  HE2  -18.747  2.363  -9.037  55.23
835  55  TYR  HH  -20.738  1.406  -8.668  7.1
836  56  ILE  N  -16.747  8.482  -12.843  122.06
837  56  ILE  CA  -16.325  9.438  -13.86  54.18
838  56  ILE  C  -15.204  8.866  -14.72  175.97
839  56  ILE  O  -14.09  8.648  -14.243  53.41
840  56  ILE  CB  -15.849  10.759  -13.227  41.58
841  56  ILE  CG1  -16.866  11.252  -12.197  49.91
842  56  ILE  CG2  -15.625  11.811  -14.304  39.99
843  56  ILE  CD  -16.473  12.554  -11.534  3.8
844  56  ILE  H  -16.224  8.313  -12.182  8.37
845  56  ILE  HA  -17.089  9.628  -14.427  4.62
846  56  ILE  HB  -15.002  10.595  -12.784  2.74
847  56  ILE  HG12  -17.722  11.387  -12.633  2.46
848  56  ILE  HG13  -16.964  10.582  -11.503  1.83
849  56  ILE  HG21  -16.416  12.366  -14.383  119.46
850  56  ILE  HG22  -14.865  12.363  -14.062  62.58
851  56  ILE  HG23  -15.45  11.374  -15.152  175.94
852  56  ILE  HD11  -16.902  12.599  -10.544  6.75
853  56  ILE  HD12  -15.397  12.613  -11.465  31.55
854  56  ILE  HD13  -16.841  13.383  -12.123  2.81
855  57  VAL  N  -15.505  8.626  -15.993  120.56
856  57  VAL  CA  -14.522  8.082  -16.922  55.78
857  57  VAL  C  -13.687  9.192  -17.551  176.17
858  57  VAL  O  -14.225  10.134  -18.133  3.84
859  57  VAL  CB  -15.197  7.266  -18.04  40.58
860  57  VAL  CG1  -14.156  6.517  -18.858  122.22
861  57  VAL  CG2  -16.22  6.305  -17.453  33.3
862  57  VAL  H  -16.299  8.797  -16.275  8.27
863  57  VAL  HA  -13.935  7.491  -16.425  4.29
864  57  VAL  HB  -15.661  7.881  -18.629  4.5
865  57  VAL  HG11  -13.269  6.8  -18.587  1.71
866  57  VAL  HG12  -14.253  5.563  -18.709  1.54
867  57  VAL  HG13  -14.284  6.712  -19.799  1.3
868  57  VAL  HG21  -16.669  5.834  -18.172  112.26
869  57  VAL  HG22  -15.77  5.665  -16.879  45.08
870  57  VAL  HG23  -16.872  6.802  -16.934  173.84
871  58  PHE  N  -12.369  9.075  -17.431  114.76
872  58  PHE  CA  -11.459  10.068  -17.987  54.38
873  58  PHE  C  -10.725  9.513  -19.204  175.07
874  58  PHE  O  -10.926  8.362  -19.591  113.7
875  58  PHE  CB  -10.449  10.515  -16.929  31.7
876  58  PHE  CG  -11.021  11.468  -15.918  8.58
877  58  PHE  CD1  -11.076  12.827  -16.182  3.31
878  58  PHE  CD2  -11.503  11.005  -14.705  62.54
879  58  PHE  CE1  -11.602  13.707  -15.254  9.59
880  58  PHE  CE2  -12.031  11.879  -13.774  114.86
881  58  PHE  CZ  -12.08  13.232  -14.048  56.52
882  58  PHE  H  -12.045  8.396  -17.014  8.39
883  58  PHE  HA  -11.987  10.833  -18.263  4.57
884  58  PHE  HB2  -10.123  9.736  -16.452  2.72
885  58  PHE  HB3  -9.704  10.956  -17.367  2.67
886  58  PHE  HD1  -10.754  13.148  -16.993  54.29
887  58  PHE  HD2  -11.47  10.095  -14.518  7.65
888  58  PHE  HE1  -11.634  14.617  -15.442  4.61
889  58  PHE  HE2  -12.351  11.557  -12.963  7.99
890  58  PHE  HZ  -12.435  13.822  -13.423  3.97
891  59  ALA  N  -9.875  10.34  -19.804  112.26
892  59  ALA  CA  -9.11  9.932  -20.975  58.08
893  59  ALA  C  -8.148  8.798  -20.636  173.97
894  59  ALA  O  -7.974  7.862  -21.417  4.32
895  59  ALA  CB  -8.348  11.118  -21.548  63.98
896  59  ALA  H  -9.772  11.135  -19.491  7.73
897  59  ALA  HA  -9.736  9.621  -21.648  4.41
898  59  ALA  HB1  -7.573  10.798  -22.036  175.09
899  59  ALA  HB2  -8.927  11.614  -22.148  3.72
900  59  ALA  HB3  -8.06  11.697  -20.825  3.72
901  60  THR  N  -7.524  8.887  -19.465  112.16
902  60  THR  CA  -6.579  7.87  -19.023  45.88
903  60  THR  C  -6.242  8.037  -17.546  172.27
904  60  THR  O  -6.593  9.044  -16.93  8.76
905  60  THR  CB  -5.276  7.919  -19.843  3.41
906  60  THR  OG1  -5.363  8.945  -20.839  3.91
907  60  THR  CG2  -5.007  6.579  -20.511  3.99
908  60  THR  H  -7.683  9.563  -18.957  9.04
909  60  THR  HA  -6.99  7.002  -19.156  7.29
910  60  THR  HB  -4.54  8.121  -19.244  57.29
911  60  THR  HG1  -4.658  8.952  -21.296  173.78
912  60  THR  HG21  -5.841  6.208  -20.839  2.57
913  60  THR  HG22  -4.612  5.971  -19.867  121.91
914  60  THR  HG23  -4.395  6.706  -21.253  54.07
915  61  GLN  N  -5.56  7.045  -16.983  118.36
916  61  GLN  CA  -5.176  7.084  -15.577  54.88
917  61  GLN  C  -4.448  8.383  -15.247  174.07
918  61  GLN  O  -4.51  8.87  -14.119  57.28
919  61  GLN  CB  -4.288  5.887  -15.235  36.78
920  61  GLN  CG  -4.51  5.345  -13.832  24.58
921  61  GLN  CD  -3.334  5.607  -12.913  29.58
922  61  GLN  OE1  -2.695  4.676  -12.422  3.66
923  61  GLN  NE2  -3.041  6.88  -12.674  1.8
924  61  GLN  H  -5.339  6.364  -17.459  8.02
925  61  GLN  HA  -5.986  7.037  -15.046  5.24
926  61  GLN  HB2  -4.467  5.174  -15.868  1.65
927  61  GLN  HB3  -3.359  6.154  -15.314  1.55
928  61  GLN  HG2  -5.298  5.767  -13.456  1.29
929  61  GLN  HG3  -4.654  4.387  -13.888  1.25
930  61  GLN  HE21  -3.527  7.484  -13.046  8.6
931  61  GLN  HE22  -2.379  7.055  -12.154  4.27
932  62  GLU  N  -3.758  8.937  -16.239  120.06
933  62  GLU  CA  -3.017  10.179  -16.052  50.58
934  62  GLU  C  -3.946  11.306  -15.61  174.17
935  62  GLU  O  -3.672  12.004  -14.634  58.2
936  62  GLU  CB  -2.301  10.571  -17.346  23.08
937  62  GLU  CG  -0.83  10.19  -17.368  28.24
938  62  GLU  CD  0.007  11.044  -16.436  28.93
939  62  GLU  OE1  -0.492  12.096  -15.985  35.54
940  62  GLU  OE2  1.162  10.659  -16.157  5.09
941  62  GLU  H  -3.748  8.554  -17.009  8.81
942  62  GLU  HA  -2.355  10.03  -15.359  5.1
943  62  GLU  HB2  -2.741  10.134  -18.092  7.79
944  62  GLU  HB3  -2.368  11.532  -17.462  3.51
945  62  GLU  HG2  -0.744  9.262  -17.099  2.02
946  62  GLU  HG3  -0.494  10.297  -18.272  1.83
947  63  SER  N  -5.045  11.478  -16.337  117.66
948  63  SER  CA  -6.013  12.522  -16.024  56.08
949  63  SER  C  -6.812  12.165  -14.774  175.47
950  63  SER  O  -7.003  12.997  -13.887  68.55
951  63  SER  CB  -6.962  12.739  -17.204  40.58
952  63  SER  OG  -6.532  13.823  -18.011  4.56
953  63  SER  H  -5.188  10.961  -17.01  9.02
954  63  SER  HA  -5.523  13.342  -15.858  5.54
955  63  SER  HB2  -6.987  11.936  -17.748  2.6
956  63  SER  HB3  -7.852  12.932  -16.87  2.49
957  63  SER  HG  -6.186  13.527  -18.717  57.16
958  64  ALA  N  -7.277  10.922  -14.712  119.96
959  64  ALA  CA  -8.054  10.453  -13.571  60.68
960  64  ALA  C  -7.319  10.715  -12.261  173.77
961  64  ALA  O  -7.848  11.369  -11.363  26.58
962  64  ALA  CB  -8.363  8.97  -13.717  39.88
963  64  ALA  H  -7.115  10.38  -15.36  8.93
964  64  ALA  HA  -8.895  10.936  -13.562  4.31
965  64  ALA  HB1  -7.954  8.482  -12.986  4.44
966  64  ALA  HB2  -9.324  8.837  -13.697  1.53
967  64  ALA  HB3  -8.008  8.647  -14.56  1.53
968  65  GLN  N  -6.097  10.201  -12.16  125.56
969  65  GLN  CA  -5.291  10.38  -10.958  61.48
970  65  GLN  C  -5.104  11.861  -10.643  175.67
971  65  GLN  O  -5.036  12.254  -9.479  58.92
972  65  GLN  CB  -3.928  9.707  -11.128  31.68
973  65  GLN  CG  -2.985  9.938  -9.959  4
974  65  GLN  CD  -1.941  10.997  -10.251  30.8
975  65  GLN  OE1  -2.122  11.838  -11.132  32.39
976  65  GLN  NE2  -0.838  10.962  -9.511  61.44
977  65  GLN  H  -5.775  9.752  -12.819  8.38
978  65  GLN  HA  -5.76  9.96  -10.22  4.34
979  65  GLN  HB2  -4.061  8.751  -11.228  3.3
980  65  GLN  HB3  -3.507  10.052  -11.931  1.72
981  65  GLN  HG2  -3.505  10.22  -9.19  0.8
982  65  GLN  HG3  -2.533  9.105  -9.753  4.44
983  65  GLN  HE21  -0.771  10.349  -8.912  29.18
984  65  GLN  HE22  -0.231  11.553  -9.659  120.56
985  66  ALA  N  -5.02  12.677  -11.689  126.16
986  66  ALA  CA  -4.842  14.114  -11.523  58.78
987  66  ALA  C  -6.047  14.74  -10.83  175.67
988  66  ALA  O  -5.898  15.541  -9.906  175.57
989  66  ALA  CB  -4.606  14.775  -12.873  41.68
990  66  ALA  H  -5.073  12.35  -12.482  9.1
991  66  ALA  HA  -4.054  14.258  -10.975  4.63
992  66  ALA  HB1  -5.417  14.726  -13.403  36.43
993  66  ALA  HB2  -4.363  15.704  -12.739  3.29
994  66  ALA  HB3  -3.888  14.316  -13.336  3.05
995  67  PHE  N  -7.242  14.371  -11.281  119.46
996  67  PHE  CA  -8.473  14.898  -10.704  54.78
997  67  PHE  C  -8.745  14.273  -9.339  177.67
998  67  PHE  O  -9.239  14.937  -8.427  4.03
999  67  PHE  CB  -9.653  14.635  -11.642  18.78
1000  67  PHE  CG  -10.988  14.952  -11.029  1.8
1001  67  PHE  CD1  -11.667  14.001  -10.285  111.46
1002  67  PHE  CD2  -11.563  16.202  -11.198  64.77
1003  67  PHE  CE1  -12.895  14.291  -9.721  175.94
1004  67  PHE  CE2  -12.79  16.497  -10.636  65.44
1005  67  PHE  CZ  -13.457  15.54  -9.895  68.9
1006  67  PHE  H  -7.289  13.808  -11.929  8.38
1007  67  PHE  HA  -8.364  15.856  -10.594  3.99
1008  67  PHE  HB2  -9.554  15.181  -12.437  7.8
1009  67  PHE  HB3  -9.655  13.698  -11.895  4.19
1010  67  PHE  HD1  -11.289  13.16  -10.165  3.96
1011  67  PHE  HD2  -11.115  16.847  -11.696  7.45
1012  67  PHE  HE1  -13.342  13.645  -9.223  7.49
1013  67  PHE  HE2  -13.166  17.339  -10.755  3.87
1014  67  PHE  HZ  -14.283  15.737  -9.517  7.97
1015  68  VAL  N  -8.419  12.992  -9.205  102.06
1016  68  VAL  CA  -8.627  12.276  -7.952  58.38
1017  68  VAL  C  -7.775  12.868  -6.834  174.17
1018  68  VAL  O  -8.237  13.018  -5.703  54.79
1019  68  VAL  CB  -8.294  10.779  -8.098  72.78
1020  68  VAL  CG1  -8.407  10.074  -6.755  4.1
1021  68  VAL  CG2  -9.206  10.13  -9.129  21.78
1022  68  VAL  H  -8.076  12.575  -9.874  7.73
1023  68  VAL  HA  -9.563  12.359  -7.711  4.78
1024  68  VAL  HB  -7.378  10.699  -8.408  4.62
1025  68  VAL  HG11  -7.534  10.042  -6.333  7.54
1026  68  VAL  HG12  -9.025  10.558  -6.185  4.18
1027  68  VAL  HG13  -8.732  9.17  -6.891  1.65
1028  68  VAL  HG21  -9.791  10.803  -9.511  1.6
1029  68  VAL  HG22  -8.668  9.733  -9.832  44.34
1030  68  VAL  HG23  -9.739  9.442  -8.701  29.44
1031  69  GLU  N  -6.53  13.201  -7.159  121.66
1032  69  GLU  CA  -5.614  13.776  -6.181  64.68
1033  69  GLU  C  -5.852  15.276  -6.028  177.57
1034  69  GLU  O  -5.539  15.862  -4.993  5.11
1035  69  GLU  CB  -4.164  13.518  -6.594  28.58
1036  69  GLU  CG  -3.669  14.447  -7.69  33.78
1037  69  GLU  CD  -2.857  15.607  -7.149  117.71
1038  69  GLU  OE1  -1.736  15.366  -6.653  62.26
1039  69  GLU  OE2  -3.341  16.756  -7.22  172.26
1040  69  GLU  H  -6.258  13.074  -7.965  9.08
1041  69  GLU  HA  -5.78  13.345  -5.328  3.83
1042  69  GLU  HB2  -3.593  13.63  -5.818  1.96
1043  69  GLU  HB3  -4.088  12.605  -6.912  1.82
1044  69  GLU  HG2  -3.114  13.939  -8.302  2.13
1045  69  GLU  HG3  -4.435  14.801  -8.169  2.13
1046  70  ALA  N  -6.407  15.889  -7.068  118.86
1047  70  ALA  CA  -6.689  17.319  -7.05  61.08
1048  70  ALA  C  -7.917  17.626  -6.2  179.87
1049  70  ALA  O  -8.084  18.745  -5.714  64.67
1050  70  ALA  CB  -6.883  17.837  -8.467  28.78
1051  70  ALA  H  -6.606  15.432  -7.769  9.03
1052  70  ALA  HA  -5.921  17.771  -6.667  3.92
1053  70  ALA  HB1  -7.613  17.358  -8.889  2.07
1054  70  ALA  HB2  -7.091  18.784  -8.44  2.01
1055  70  ALA  HB3  -6.069  17.699  -8.976  1.85
1056  71  PHE  N  -8.775  16.626  -6.025  116.66
1057  71  PHE  CA  -9.989  16.791  -5.234  62.38
1058  71  PHE  C  -10.055  15.754  -4.116  177.37
1059  71  PHE  O  -11.063  15.641  -3.42  27.44
1060  71  PHE  CB  -11.225  16.672  -6.129  62.88
1061  71  PHE  CG  -11.428  17.856  -7.03  51.41
1062  71  PHE  CD1  -10.515  18.146  -8.031  173.84
1063  71  PHE  CD2  -12.533  18.678  -6.877  53.77
1064  71  PHE  CE1  -10.7  19.235  -8.862  36.72
1065  71  PHE  CE2  -12.723  19.768  -7.705  1.14
1066  71  PHE  CZ  -11.805  20.046  -8.699  7.84
1067  71  PHE  H  -8.609  15.863  -6.387  7.89
1068  71  PHE  HA  -9.969  17.677  -4.839  4.03
1069  71  PHE  HB2  -11.137  15.884  -6.687  3.78
1070  71  PHE  HB3  -12.013  16.582  -5.57  3.45
1071  71  PHE  HD1  -9.771  17.6  -8.142  114.76
1072  71  PHE  HD2  -13.152  18.491  -6.208  56.85
1073  71  PHE  HE1  -10.081  19.42  -9.531  177.34
1074  71  PHE  HE2  -13.468  20.313  -7.594  173.7
1075  71  PHE  HZ  -11.932  20.779  -9.257  26.05
1076  72  GLN  N  -8.973  15  -3.953  123.46
1077  72  GLN  CA  -8.908  13.972  -2.921  55.08
1078  72  GLN  C  -9.382  14.517  -1.578  178.87
1079  72  GLN  O  -9.986  13.798  -0.783  8.53
1080  72  GLN  CB  -7.48  13.438  -2.792  18.78
1081  72  GLN  CG  -7.244  12.631  -1.525  3.97
1082  72  GLN  CD  -8.153  11.422  -1.425  2.15
1083  72  GLN  OE1  -8.276  10.644  -2.372  2.05
1084  72  GLN  NE2  -8.797  11.258  -0.276  2.28
1085  72  GLN  H  -8.295  15.121  -4.468  6.79
1086  72  GLN  HA  -9.493  13.245  -3.187  2.82
1087  72  GLN  HB2  -7.288  12.87  -3.555  52.38
1088  72  GLN  HB3  -6.865  14.188  -2.793  176.84
1089  72  GLN  HG2  -6.323  12.327  -1.516  123.3
1090  72  GLN  HG3  -7.402  13.203  -0.758  40.09
1091  72  GLN  HE21  -8.669  11.837  0.346  177.6
1092  72  GLN  HE22  -9.319  10.579  -0.195  24.96
1093  73  GLY  N  -9.105  15.794  -1.332  115.16
1094  73  GLY  CA  -9.51  16.414  -0.084  59.28
1095  73  GLY  C  -10.142  17.776  -0.292  177.97
1096  73  GLY  O  -9.589  18.795  0.124  3.05
1097  73  GLY  H  -8.68  16.255  -1.921  8.37
1098  73  GLY  HA2  -10.149  15.836  0.361  5.05
1099  73  GLY  HA3  -8.73  16.515  0.484  1.72
1100  74  TYR  N  -11.303  17.796  -0.938  120.96
1101  74  TYR  CA  -12.008  19.044  -1.204  55.08
1102  74  TYR  C  -13.501  18.896  -0.925  180.07
1103  74  TYR  O  -14.135  17.91  -1.303  50.02
1104  74  TYR  CB  -11.79  19.478  -2.654  18.18
1105  74  TYR  CG  -12.6  20.692  -3.051  115.46
1106  74  TYR  CD1  -13.913  20.563  -3.485  59.79
1107  74  TYR  CD2  -12.051  21.967  -2.991  171.54
1108  74  TYR  CE1  -14.657  21.669  -3.849  123.9
1109  74  TYR  CE2  -12.788  23.079  -3.352  61.64
1110  74  TYR  CZ  -14.089  22.925  -3.781  175.1
1111  74  TYR  OH  -14.827  24.029  -4.142  9.5
1112  74  TYR  H  -11.646  17.055  -1.207  7.75
1113  74  TYR  HA  -11.645  19.723  -0.614  4
1114  74  TYR  HB2  -10.853  19.691  -2.784  43.54
1115  74  TYR  HB3  -12.037  18.749  -3.244  1.89
1116  74  TYR  HD1  -14.293  19.715  -3.53  10.37
1117  74  TYR  HD2  -11.173  22.069  -2.702  4.27
1118  74  TYR  HE1  -15.535  21.566  -4.138  3.99
1119  74  TYR  HE2  -12.406  23.926  -3.306  3.7
1120  74  TYR  HH  -15.609  23.792  -4.337  37.24
1121  75  PRO  N  -14.077  19.9  -0.247  118.46
1122  75  PRO  CA  -15.502  19.907  0.098  62.28
1123  75  PRO  C  -16.393  20.091  -1.125  175.77
1124  75  PRO  O  -16.488  21.187  -1.678  3.71
1125  75  PRO  CB  -15.633  21.106  1.041  39.98
1126  75  PRO  CG  -14.506  22.006  0.667  3.17
1127  75  PRO  CD  -13.382  21.105  0.235  7.08
1128  75  PRO  HA  -15.76  19.097  0.565  3.99
1129  75  PRO  HB2  -16.492  21.535  0.903  3.05
1130  75  PRO  HB3  -15.558  20.808  1.961  2.75
1131  75  PRO  HG2  -14.774  22.585  -0.064  175.84
1132  75  PRO  HG3  -14.237  22.533  1.436  127.86
1133  75  PRO  HD2  -12.871  21.519  -0.478  7.03
1134  75  PRO  HD3  -12.808  20.895  0.988  34.67
1135  76  PHE  N  -17.046  19.012  -1.544  118.46
1136  76  PHE  CA  -17.93  19.054  -2.703  67.28
1137  76  PHE  C  -19.327  18.56  -2.34  177.27
1138  76  PHE  O  -19.483  17.496  -1.74  56.03
1139  76  PHE  CB  -17.356  18.207  -3.84  31.58
1140  76  PHE  CG  -18.337  17.946  -4.947  7.57
1141  76  PHE  CD1  -18.514  18.867  -5.966  4.95
1142  76  PHE  CD2  -19.083  16.778  -4.968  1.76
1143  76  PHE  CE1  -19.416  18.629  -6.986  1.51
1144  76  PHE  CE2  -19.986  16.535  -5.985  7.37
1145  76  PHE  CZ  -20.154  17.462  -6.995  4.48
1146  76  PHE  H  -16.944  18.27  -1.121  8.03
1147  76  PHE  HA  -17.991  19.977  -2.996  3.01
1148  76  PHE  HB2  -16.591  18.665  -4.223  177.2
1149  76  PHE  HB3  -17.07  17.351  -3.484  123.46
1150  76  PHE  HD1  -18.018  19.653  -5.961  52.21
1151  76  PHE  HD2  -18.973  16.153  -4.288  177.24
1152  76  PHE  HE1  -19.526  19.256  -7.664  1.95
1153  76  PHE  HE2  -20.482  15.748  -5.989  42.02
1154  76  PHE  HZ  -20.76  17.3  -7.681  62.03
1155  77  GLN  N  -20.339  19.339  -2.708  114.46
1156  77  GLN  CA  -21.723  18.981  -2.42  58.88
1157  77  GLN  C  -21.932  18.779  -0.923  178.57
1158  77  GLN  O  -22.852  18.078  -0.504  2.14
1159  77  GLN  CB  -22.111  17.71  -3.177  29.78
1160  77  GLN  CG  -23.055  17.96  -4.342  36.58
1161  77  GLN  CD  -22.691  19.2  -5.133  55.1
1162  77  GLN  OE1  -21.518  19.56  -5.24  176.64
1163  77  GLN  NE2  -23.696  19.862  -5.694  2.44
1164  77  GLN  H  -20.173  20.072  -3.125  7.66
1165  77  GLN  HA  -22.287  19.711  -2.719  3.82
1166  77  GLN  HB2  -21.306  17.293  -3.522  1.88
1167  77  GLN  HB3  -22.544  17.098  -2.561  1.88
1168  77  GLN  HG2  -23.026  17.194  -4.936  2.29
1169  77  GLN  HG3  -23.955  18.066  -3.995  2.14
1170  77  GLN  HE21  -24.493  19.559  -5.581  4.85
1171  77  GLN  HE22  -23.514  20.57  -6.147  2.28
1172  78  GLY  N  -21.072  19.399  -0.121  117.58
1173  78  GLY  CA  -21.18  19.275  1.321  53.88
1174  78  GLY  C  -19.84  19.406  2.017  179.87
1175  78  GLY  O  -19.555  20.426  2.642  124.36
1176  78  GLY  H  -20.446  19.879  -0.463  7.75
1177  78  GLY  HA2  -21.775  19.967  1.651  176.74
1178  78  GLY  HA3  -21.559  18.408  1.533  16.8
1179  79  ASN  N  -19.015  18.369  1.909  110.83
1180  79  ASN  CA  -17.698  18.372  2.534  58.58
1181  79  ASN  C  -16.981  17.046  2.299  174.87
1182  79  ASN  O  -15.896  16.992  1.72  134.28
1183  79  ASN  CB  -17.825  18.636  4.036  132.78
1184  79  ASN  CG  -16.741  17.942  4.839  132.78
1185  79  ASN  OD1  -15.563  17.988  4.482  174.77
1186  79  ASN  ND2  -17.135  17.295  5.929  121.76
1187  79  ASN  H  -19.264  17.68  1.459  7.64
1188  79  ASN  HA  -17.178  19.085  2.131  4.39
1189  79  ASN  HB2  -17.76  19.59  4.197  2.66
1190  79  ASN  HB3  -18.688  18.317  4.344  1.5
1191  79  ASN  HD21  -17.972  17.3  6.125  32.43
1192  79  ASN  HD22  -16.538  16.894  6.401  8.69
1193  80  PRO  N  -17.601  15.948  2.758  121.42
1194  80  PRO  CA  -17.041  14.602  2.608  58.08
1195  80  PRO  C  -17.058  14.125  1.159  7.72
1196  80  PRO  O  -18.045  13.553  0.694  113.16
1197  80  PRO  CB  -17.966  13.735  3.466  29.98
1198  80  PRO  CG  -19.257  14.478  3.5  34.08
1199  80  PRO  CD  -18.897  15.937  3.457  1.21
1200  80  PRO  HA  -16.136  14.552  2.953  3.85
1201  80  PRO  HB2  -18.069  12.863  3.055  2.31
1202  80  PRO  HB3  -17.591  13.637  4.355  2
1203  80  PRO  HG2  -19.795  14.241  2.729  2.46
1204  80  PRO  HG3  -19.733  14.273  4.32  1.87
1205  80  PRO  HD2  -19.564  16.437  2.96  40.83
1206  80  PRO  HD3  -18.807  16.291  4.356  20.5
1207  81  LEU  N  -15.96  14.363  0.451  7.42
1208  81  LEU  CA  -15.848  13.957  -0.946  46.48
1209  81  LEU  C  -14.738  12.926  -1.126  1.85
1210  81  LEU  O  -13.573  13.194  -0.829  8.95
1211  81  LEU  CB  -15.577  15.175  -1.831  4.03
1212  81  LEU  CG  -15.338  14.887  -3.314  3.96
1213  81  LEU  CD1  -16.638  14.493  -3.998  3.96
1214  81  LEU  CD2  -14.718  16.096  -3.999  2.85
1215  81  LEU  H  -15.298  14.766  0.824  8.58
1216  81  LEU  HA  -16.692  13.556  -1.208  175.25
1217  81  LEU  HB2  -16.342  15.767  -1.764  172.31
1218  81  LEU  HB3  -14.79  15.624  -1.484  31.68
1219  81  LEU  HG  -14.72  14.144  -3.397  27.1
1220  81  LEU  HD11  -16.563  13.588  -4.339  123.66
1221  81  LEU  HD12  -16.815  15.102  -4.732  58.01
1222  81  LEU  HD13  -17.366  14.539  -3.359  178.84
1223  81  LEU  HD21  -13.751  16.017  -3.98  6.74
1224  81  LEU  HD22  -14.985  16.903  -3.533  29.99
1225  81  LEU  HD23  -15.023  16.137  -4.919  44.88
1226  82  VAL  N  -15.106  11.747  -1.616  123.83
1227  82  VAL  CA  -14.141  10.677  -1.84  56.68
1228  82  VAL  C  -13.963  10.399  -3.328  1.57
1229  82  VAL  O  -14.938  10.319  -4.076  3.27
1230  82  VAL  CB  -14.571  9.377  -1.134  40.48
1231  82  VAL  CG1  -15.824  8.807  -1.781  7.08
1232  82  VAL  CG2  -13.44  8.36  -1.156  4.4
1233  82  VAL  H  -15.933  11.612  -1.807  8.22
1234  82  VAL  HA  -13.29  10.958  -1.468  4.5
1235  82  VAL  HB  -14.776  9.585  -0.209  2.42
1236  82  VAL  HG11  -16.26  9.498  -2.305  2.4
1237  82  VAL  HG12  -15.582  8.066  -2.358  60.21
1238  82  VAL  HG13  -16.43  8.495  -1.091  173.46
1239  82  VAL  HG21  -12.615  8.789  -0.881  56.57
1240  82  VAL  HG22  -13.646  7.635  -0.546  34.65
1241  82  VAL  HG23  -13.339  8.008  -2.054  27.12
1242  83  ILE  N  -12.712  10.252  -3.752  21.45
1243  83  ILE  CA  -12.407  9.982  -5.151  62.78
1244  83  ILE  C  -11.31  8.931  -5.281  121.06
1245  83  ILE  O  -10.217  9.086  -4.734  60.05
1246  83  ILE  CB  -11.967  11.26  -5.889  30.18
1247  83  ILE  CG1  -11.287  12.227  -4.917  4.01
1248  83  ILE  CG2  -13.162  11.924  -6.556  38.92
1249  83  ILE  CD  -12.251  13.157  -4.216  50.48
1250  83  ILE  H  -12.067  10.318  -3.186  133.78
1251  83  ILE  HA  -13.213  9.647  -5.574  3.98
1252  83  ILE  HB  -11.336  11.009  -6.581  7.84
1253  83  ILE  HG12  -10.816  11.718  -4.239  4.08
1254  83  ILE  HG13  -10.651  12.771  -5.407  2.85
1255  83  ILE  HG21  -13.907  11.946  -5.936  2.7
1256  83  ILE  HG22  -12.928  12.83  -6.81  1.86
1257  83  ILE  HG23  -13.414  11.421  -7.346  7.47
1258  83  ILE  HD11  -11.841  13.448  -3.26  8.17
1259  83  ILE  HD12  -12.412  14.035  -4.822  4.87
1260  83  ILE  HD13  -13.193  12.649  -4.062  -0.25
1261  84  THR  N  -11.607  7.86  -6.01  127.57
1262  84  THR  CA  -10.646  6.783  -6.213  58.58
1263  84  THR  C  -10.786  6.177  -7.605  173.97
1264  84  THR  O  -11.756  6.443  -8.315  58.92
1265  84  THR  CB  -10.82  5.67  -5.162  177.84
1266  84  THR  OG1  -12.205  5.336  -5.026  54.72
1267  84  THR  CG2  -10.263  6.106  -3.816  28.92
1268  84  THR  H  -12.386  7.802  -6.371  8.41
1269  84  THR  HA  -9.755  7.155  -6.12  4.68
1270  84  THR  HB  -10.333  4.886  -5.459  58.28
1271  84  THR  HG1  -12.675  6.008  -5.21  9.3
1272  84  THR  HG21  -9.294  6.093  -3.847  3.74
1273  84  THR  HG22  -10.574  5.5  -3.125  39.05
1274  84  THR  HG23  -10.566  7.006  -3.617  7.04
1275  85  PHE  N  -9.81  5.361  -7.991  123.89
1276  85  PHE  CA  -9.824  4.717  -9.299  55.78
1277  85  PHE  C  -10.758  3.51  -9.301  3.24
1278  85  PHE  O  -11.516  3.296  -8.355  3.31
1279  85  PHE  CB  -8.411  4.283  -9.693  26.38
1280  85  PHE  CG  -7.388  5.375  -9.553  32.98
1281  85  PHE  CD1  -7.125  6.234  -10.608  59.92
1282  85  PHE  CD2  -6.69  5.541  -8.368  118.76
1283  85  PHE  CE1  -6.185  7.24  -10.483  59.19
1284  85  PHE  CE2  -5.75  6.545  -8.237  178.64
1285  85  PHE  CZ  -5.496  7.395  -9.296  7.6
1286  85  PHE  H  -9.155  5.208  -7.455  9.06
1287  85  PHE  HA  -10.148  5.364  -9.945  3.39
1288  85  PHE  HB2  -8.136  3.545  -9.127  1.96
1289  85  PHE  HB3  -8.415  3.993  -10.619  1.5
1290  85  PHE  HD1  -7.588  6.13  -11.408  57.31
1291  85  PHE  HD2  -6.86  4.969  -7.654  177.04
1292  85  PHE  HE1  -6.016  7.81  -11.198  173.68
1293  85  PHE  HE2  -5.287  6.648  -7.437  39.47
1294  85  PHE  HZ  -4.864  8.071  -9.21  26.83
1295  86  SER  N  -10.697  2.724  -10.372  171.9
1296  86  SER  CA  -11.539  1.541  -10.501  44.98
1297  86  SER  C  -10.874  0.495  -11.39  173.77
1298  86  SER  O  -9.715  0.64  -11.775  6.88
1299  86  SER  CB  -12.905  1.921  -11.076  3.95
1300  86  SER  OG  -13.954  1.307  -10.348  2.25
1301  86  SER  H  -10.149  2.921  -11.005  8.04
1302  86  SER  HA  -11.663  1.166  -9.615  8.87
1303  86  SER  HB2  -13.015  2.884  -11.032  32.85
1304  86  SER  HB3  -12.955  1.632  -12.001  117.16
1305  86  SER  HG  -14.052  1.7  -9.612  61.53
1306  87  GLU  N  -11.617  -0.56  -11.71  117.71
1307  87  GLU  CA  -11.099  -1.632  -12.552  50.28
1308  87  GLU  C  -11.725  -1.581  -13.943  32.87
1309  87  GLU  O  -12.895  -1.228  -14.098  32.7
1310  87  GLU  CB  -11.37  -2.993  -11.908  41.08
1311  87  GLU  CG  -10.535  -3.255  -10.666  124.11
1312  87  GLU  CD  -10.635  -4.691  -10.188  7.49
1313  87  GLU  OE1  -11.307  -5.497  -10.865  3.23
1314  87  GLU  OE2  -10.041  -5.008  -9.136  38.75
1315  87  GLU  H  -12.422  -0.612  -11.413  7.5
1316  87  GLU  HA  -10.141  -1.508  -12.637  5.31
1317  87  GLU  HB2  -12.307  -3.042  -11.662  2.85
1318  87  GLU  HB3  -11.178  -3.688  -12.557  2.68
1319  87  GLU  HG2  -9.606  -3.06  -10.867  7.55
1320  87  GLU  HG3  -10.84  -2.669  -9.956  5.07
1321  88  THR  N  -10.938  -1.937  -14.953  9.19
1322  88  THR  CA  -11.413  -1.931  -16.331  61.88
1323  88  THR  C  -10.983  -3.196  -17.066  177.07
1324  88  THR  O  -10.11  -3.172  -17.934  46.6
1325  88  THR  CB  -10.892  -0.702  -17.1  31.58
1326  88  THR  OG1  -9.464  -0.641  -17.016  1.49
1327  88  THR  CG2  -11.493  0.579  -16.542  175.2
1328  88  THR  H  -10.128  -2.176  -14.789  7.79
1329  88  THR  HA  -12.382  -1.891  -16.314  4.28
1330  88  THR  HB  -11.151  -0.786  -18.031  62.97
1331  88  THR  HG1  -9.234  -0.56  -16.212  174.3
1332  88  THR  HG21  -11.34  1.306  -17.165  173.51
1333  88  THR  HG22  -11.076  0.788  -15.692  123.06
1334  88  THR  HG23  -12.447  0.46  -16.414  58.48
1335  89  PRO  N  -11.61  -4.328  -16.713  123.86
1336  89  PRO  CA  -11.309  -5.624  -17.329  56.28
1337  89  PRO  C  -11.778  -5.7  -18.778  176.97
1338  89  PRO  O  -12.407  -4.772  -19.285  35.77
1339  89  PRO  CB  -12.087  -6.618  -16.462  43.08
1340  89  PRO  CG  -13.202  -5.82  -15.88  25.88
1341  89  PRO  CD  -12.661  -4.43  -15.687  52.42
1342  89  PRO  HA  -10.362  -5.828  -17.286  4.21
1343  89  PRO  HB2  -12.419  -7.342  -17.016  2.14
1344  89  PRO  HB3  -11.506  -6.973  -15.771  1.06
1345  89  PRO  HG2  -13.954  -5.807  -16.493  1.95
1346  89  PRO  HG3  -13.468  -6.199  -15.028  2.3
1347  89  PRO  HD2  -13.357  -3.771  -15.837  0.69
1348  89  PRO  HD3  -12.286  -4.333  -14.798  53.63
1349  90  GLN  N  -11.468  -6.812  -19.438  123.06
1350  90  GLN  CA  -11.858  -7.007  -20.829  62.28
1351  90  GLN  C  -11.974  -8.492  -21.158  175.27
1352  90  GLN  O  -11.554  -8.936  -22.227  4.66
1353  90  GLN  CB  -10.845  -6.343  -21.763  31.88
1354  90  GLN  CG  -11.399  -6.044  -23.147  -0.02
1355  90  GLN  CD  -11.322  -4.571  -23.5  118.76
1356  90  GLN  OE1  -11.961  -3.734  -22.862  56.79
1357  90  GLN  NE2  -10.537  -4.247  -24.521  178.84
1358  90  GLN  H  -11.026  -7.43  -19.035  7.33
1359  90  GLN  HA  -12.725  -6.591  -20.957  4.23
1360  90  GLN  HB2  -10.553  -5.508  -21.365  32.17
1361  90  GLN  HB3  -10.08  -6.931  -21.864  56.4
1362  90  GLN  HG2  -10.891  -6.546  -23.803  0.69
1363  90  GLN  HG3  -12.328  -6.322  -23.178  0.96
1364  90  GLN  HE21  -10.118  -4.879  -24.926  8.04
1365  90  GLN  HE22  -10.477  -3.418  -24.741  3.94
1366  91  SER  N  -12.546  -9.256  -20.232  126.56
1367  91  SER  CA  -12.713  -10.692  -20.422  60.48
1368  91  SER  C  -14.049  -10.999  -21.091  175.87
1369  91  SER  O  -14.196  -12.016  -21.769  177.47
1370  91  SER  CB  -12.622  -11.419  -19.08  40.48
1371  91  SER  OG  -11.534  -12.327  -19.063  53.85
1372  91  SER  H  -12.822  -8.893  -19.502  9.24
1373  91  SER  HA  -11.996  -11.001  -20.998  5.11
1374  91  SER  HB2  -12.498  -10.769  -18.37  17.35
1375  91  SER  HB3  -13.443  -11.913  -18.926  3.76
1376  91  SER  HG  -10.813  -11.902  -19.138  1.15
1377  92  GLN  N  -15.019  -10.113  -20.895  119.89
1378  92  GLN  CA  -16.344  -10.29  -21.479  59.48
1379  92  GLN  C  -16.252  -10.491  -22.988  173.07
1380  92  GLN  O  -17.095  -11.156  -23.588  1.1
1381  92  GLN  CB  -17.228  -9.081  -21.166  71.78
1382  92  GLN  CG  -16.611  -7.754  -21.579  61.63
1383  92  GLN  CD  -17.566  -6.589  -21.41  111.2
1384  92  GLN  OE1  -18.741  -6.677  -21.769  43.51
1385  92  GLN  NE2  -17.067  -5.488  -20.861  172.39
1386  92  GLN  H  -14.863  -9.418  -20.413  9.07
1387  92  GLN  HA  -16.741  -11.081  -21.082  4.47
1388  92  GLN  HB2  -18.073  -9.182  -21.632  177.34
1389  92  GLN  HB3  -17.394  -9.054  -20.211  56.98
1390  92  GLN  HG2  -15.826  -7.591  -21.034  1.09
1391  92  GLN  HG3  -16.35  -7.809  -22.511  24.74
1392  92  GLN  HE21  -16.238  -5.49  -20.632  29.08
1393  92  GLN  HE22  -17.589  -4.813  -20.755  172.74
1394  93  VAL  N  -15.222  -9.91  -23.595  119.46
1395  93  VAL  CA  -15.019  -10.026  -25.034  58.68
1396  93  VAL  C  -14.03  -11.14  -25.362  176.27
1397  93  VAL  O  -14.13  -11.785  -26.405  7.34
1398  93  VAL  CB  -14.505  -8.705  -25.637  40.28
1399  93  VAL  CG1  -15.495  -7.579  -25.378  1.71
1400  93  VAL  CG2  -13.135  -8.36  -25.074  1.7
1401  93  VAL  H  -14.661  -9.455  -23.128  8.41
1402  93  VAL  HA  -15.874  -10.234  -25.442  4.97
1403  93  VAL  HB  -14.421  -8.82  -26.596  1.65
1404  93  VAL  HG11  -16.394  -7.89  -25.569  1.65
1405  93  VAL  HG12  -15.437  -7.304  -24.45  42.75
1406  93  VAL  HG13  -15.286  -6.826  -25.953  130.86
1407  93  VAL  HG21  -12.849  -7.502  -25.424  119.84
1408  93  VAL  HG22  -13.184  -8.315  -24.106  53.84
1409  93  VAL  HG23  -12.497  -9.044  -25.333  175.61
1410  94  ALA  N  -13.076  -11.36  -24.464  115.21
1411  94  ALA  CA  -12.071  -12.397  -24.656  56.98
1412  94  ALA  C  -12.721  -13.761  -24.858  177.54
1413  94  ALA  O  -12.359  -14.502  -25.772  4.81
1414  94  ALA  CB  -11.118  -12.435  -23.47  65.18
1415  94  ALA  H  -13.052  -10.879  -23.751  8.48
1416  94  ALA  HA  -11.557  -12.174  -25.448  4.53
1417  94  ALA  HB1  -10.756  -11.548  -23.318  176.37
1418  94  ALA  HB2  -11.597  -12.728  -22.679  3.66
1419  94  ALA  HB3  -10.393  -13.052  -23.657  3.45
1420  95  GLU  N  -13.681  -14.087  -23.998  4.1
1421  95  GLU  CA  -14.38  -15.364  -24.083  56.18
1422  95  GLU  C  -15.138  -15.483  -25.402  172.92
1423  95  GLU  O  -15.247  -16.569  -25.972  2.25
1424  95  GLU  CB  -15.35  -15.518  -22.91  31.18
1425  95  GLU  CG  -15.053  -16.72  -22.028  35.98
1426  95  GLU  CD  -16.201  -17.057  -21.096  126.76
1427  95  GLU  OE1  -16.905  -16.122  -20.66  9
1428  95  GLU  OE2  -16.394  -18.255  -20.801  6.73
1429  95  GLU  H  -13.895  -13.531  -23.377  8.61
1430  95  GLU  HA  -13.717  -16.07  -24.038  4.42
1431  95  GLU  HB2  -15.307  -14.719  -22.361  2
1432  95  GLU  HB3  -16.25  -15.612  -23.259  1.84
1433  95  GLU  HG2  -14.88  -17.487  -22.596  2.18
1434  95  GLU  HG3  -14.266  -16.529  -21.495  2.18
1435  96  ASP  N  -15.66  -14.36  -25.881  116.76
1436  96  ASP  CA  -16.407  -14.337  -27.134  60.58
1437  96  ASP  C  -16.568  -12.909  -27.645  5.75
1438  96  ASP  O  -17.686  -12.418  -27.803  3.26
1439  96  ASP  CB  -17.781  -14.982  -26.945  69.48
1440  96  ASP  CG  -18.51  -15.186  -28.258  4.06
1441  96  ASP  OD1  -17.837  -15.451  -29.276  7.94
1442  96  ASP  OD2  -19.754  -15.081  -28.267  4.29
1443  96  ASP  H  -15.554  -13.628  -25.443  8.34
1444  96  ASP  HA  -15.907  -14.848  -27.789  4.19
1445  96  ASP  HB2  -17.67  -15.846  -26.518  0.76
1446  96  ASP  HB3  -18.323  -14.413  -26.377  53.1
