1  1  ARG  N  -42.183  7.135  2.468  0
2  1  ARG  CA  -41.766  5.747  2.815  56.96
3  1  ARG  C  -41.441  5.681  4.319  173.62
4  1  ARG  O  -42.305  5.383  5.124  0
5  1  ARG  CB  -40.545  5.354  1.964  33.97
6  1  ARG  CG  -40.056  3.946  2.35  29.13
7  1  ARG  CD  -40.154  3.01  1.142  24.16
8  1  ARG  NE  -41.581  2.869  0.737  4.25
9  1  ARG  CZ  -41.883  2.315  -0.406  4.16
10  1  ARG  NH1  -41.288  1.214  -0.774  4.43
11  1  ARG  NH2  -42.782  2.861  -1.179  3.02
12  1  ARG  HA  -42.497  5.139  2.623  4.31
13  1  ARG  HB2  -40.796  5.364  1.027  1.9
14  1  ARG  HB3  -39.83  5.993  2.108  1.9
15  1  ARG  HG2  -39.133  3.996  2.644  1.46
16  1  ARG  HG3  -40.604  3.597  3.07  1.46
17  1  ARG  HD2  -39.643  3.378  0.404  1.68
18  1  ARG  HD3  -39.798  2.139  1.377  1.68
19  1  ARG  HE  -42.205  3.153  1.256  4.04
20  1  ARG  HH11  -40.695  0.855  -0.265  1.8
21  1  ARG  HH12  -41.486  0.848  -1.527  3.93
22  1  ARG  HH21  -43.174  3.587  -0.936  8.2
23  1  ARG  HH22  -42.981  2.495  -1.931  8.66
24  1  ARG  H  -42.372  7.18  1.6  4.67
25  1  ARG  H2  -42.904  7.355  2.94  2.75
26  1  ARG  H3  -41.522  7.7  2.657  2.65
27  2  SER  N  -40.217  5.958  4.71  4.73
28  2  SER  CA  -39.865  5.914  6.161  2.57
29  2  SER  C  -38.582  6.708  6.403  57.16
30  2  SER  O  -37.823  6.971  5.49  21.33
31  2  SER  CB  -39.666  4.462  6.611  8.18
32  2  SER  OG  -40.301  3.585  5.689  3.68
33  2  SER  H  -39.617  6.174  4.133  8.2
34  2  SER  HA  -40.584  6.312  6.676  4.47
35  2  SER  HB2  -38.718  4.257  6.645  2.26
36  2  SER  HB3  -40.049  4.347  7.495  2.26
37  2  SER  HG  -39.753  3.408  5.078  4.26
38  3  PHE  N  -38.337  7.084  7.631  2.12
39  3  PHE  CA  -37.104  7.855  7.95  2
40  3  PHE  C  -35.98  6.872  8.279  2.33
41  3  PHE  O  -35.909  6.337  9.367  2.33
42  3  PHE  CB  -37.363  8.764  9.155  3.91
43  3  PHE  CG  -38.472  9.732  8.823  8.66
44  3  PHE  CD1  -38.181  10.93  8.159  5.04
45  3  PHE  CD2  -39.793  9.433  9.179  2.97
46  3  PHE  CE1  -39.21  11.828  7.851  2.35
47  3  PHE  CE2  -40.822  10.331  8.871  8.43
48  3  PHE  CZ  -40.53  11.528  8.207  8.35
49  3  PHE  H  -38.888  6.881  8.259  8.72
50  3  PHE  HA  -36.85  8.394  7.184  5.23
51  3  PHE  HB2  -37.621  8.223  9.918  2.76
52  3  PHE  HB3  -36.556  9.259  9.366  2.94
53  3  PHE  HD1  -37.304  11.129  7.922  7.04
54  3  PHE  HD2  -39.986  8.637  9.62  7.04
55  3  PHE  HE1  -39.017  12.624  7.41  6.85
56  3  PHE  HE2  -41.699  10.131  9.108  6.85
57  3  PHE  HZ  -41.214  12.124  8.003  3.87
58  4  VAL  N  -35.108  6.629  7.34  2.19
59  4  VAL  CA  -33.983  5.673  7.581  8.05
60  4  VAL  C  -32.668  6.458  7.678  4.5
61  4  VAL  O  -32.373  7.31  6.862  3.91
62  4  VAL  CB  -33.942  4.599  6.448  3.87
63  4  VAL  CG1  -34.34  5.212  5.1  8.99
64  4  VAL  CG2  -32.543  3.966  6.315  8.83
65  4  VAL  H  -35.183  7.02  6.578  4.83
66  4  VAL  HA  -34.137  5.227  8.429  4.62
67  4  VAL  HB  -34.577  3.9  6.671  3.43
68  4  VAL  HG11  -33.769  5.972  4.907  2.48
69  4  VAL  HG12  -34.244  4.547  4.4  2.48
70  4  VAL  HG13  -35.264  5.505  5.141  6.68
71  4  VAL  HG21  -32.065  4.059  7.154  7.57
72  4  VAL  HG22  -32.634  3.025  6.096  5.17
73  4  VAL  HG23  -32.051  4.417  5.611  7.85
74  5  CYS  N  -31.883  6.161  8.681  4.46
75  5  CYS  CA  -30.58  6.86  8.869  1.72
76  5  CYS  C  -29.689  6.611  7.646  1.67
77  5  CYS  O  -29.657  5.522  7.105  1.38
78  5  CYS  CB  -29.906  6.309  10.131  1.38
79  5  CYS  SG  -28.368  7.208  10.46  2.96
80  5  CYS  H  -32.122  5.553  9.24  8.72
81  5  CYS  HA  -30.733  7.812  8.971  4.48
82  5  CYS  HB2  -30.506  6.414  10.886  2.76
83  5  CYS  HB3  -29.711  5.367  10.005  3.39
84  5  CYS  HG  -28.625  8.327  10.81  1.9
85  6  GLU  N  -28.973  7.617  7.208  3.14
86  6  GLU  CA  -28.087  7.451  6.016  3.14
87  6  GLU  C  -26.678  7.02  6.447  1.59
88  6  GLU  O  -25.719  7.224  5.724  8.22
89  6  GLU  CB  -28  8.78  5.263  5.21
90  6  GLU  CG  -29.368  9.119  4.666  3.15
91  6  GLU  CD  -29.19  10.087  3.495  3.15
92  6  GLU  OE1  -28.451  11.045  3.652  8.71
93  6  GLU  OE2  -29.795  9.854  2.462  3.48
94  6  GLU  H  -29.016  8.378  7.606  9.18
95  6  GLU  HA  -28.462  6.775  5.43  0.59
96  6  GLU  HB2  -27.731  9.482  5.875  1.63
97  6  GLU  HB3  -27.348  8.705  4.549  1.56
98  6  GLU  HG2  -29.794  8.306  4.353  3.69
99  6  GLU  HG3  -29.923  9.534  5.345  3.4
100  7  VAL  N  -26.538  6.43  7.61  1.65
101  7  VAL  CA  -25.188  5.993  8.072  1.68
102  7  VAL  C  -25.219  4.494  8.366  0.9
103  7  VAL  O  -24.334  3.756  7.975  0.92
104  7  VAL  CB  -24.802  6.763  9.339  6.95
105  7  VAL  CG1  -23.349  6.449  9.707  8.43
106  7  VAL  CG2  -24.954  8.273  9.097  6.99
107  7  VAL  H  -27.224  6.294  8.11  9.2
108  7  VAL  HA  -24.539  6.168  7.373  4.47
109  7  VAL  HB  -25.382  6.492  10.068  2.95
110  7  VAL  HG11  -23.235  5.489  9.788  1.25
111  7  VAL  HG12  -22.76  6.788  9.015  1.07
112  7  VAL  HG13  -23.132  6.872  10.553  1.42
113  7  VAL  HG21  -25.477  8.425  8.294  3.36
114  7  VAL  HG22  -25.407  8.675  9.855  3.62
115  7  VAL  HG23  -24.078  8.677  8.993  3.97
116  8  CYS  N  -26.241  4.04  9.04  9.09
117  8  CYS  CA  -26.355  2.582  9.353  4.74
118  8  CYS  C  -27.645  2.013  8.737  3.02
119  8  CYS  O  -28.061  0.917  9.056  2.99
120  8  CYS  CB  -26.346  2.345  10.877  1.77
121  8  CYS  SG  -27.339  3.594  11.741  7.95
122  8  CYS  H  -26.858  4.583  9.294  7.95
123  8  CYS  HA  -25.597  2.122  8.96  4.96
124  8  CYS  HB2  -26.71  1.466  11.065  3.3
125  8  CYS  HB3  -25.432  2.384  11.198  3.33
126  8  CYS  HG  -27.329  3.369  12.92  1.84
127  9  THR  N  -28.264  2.743  7.834  2.8
128  9  THR  CA  -29.511  2.256  7.155  11.54
129  9  THR  C  -30.54  1.701  8.158  4.94
130  9  THR  O  -31.11  0.645  7.945  2.84
131  9  THR  CB  -29.15  1.168  6.131  2.67
132  9  THR  OG1  -28.154  0.309  6.666  2.02
133  9  THR  CG2  -28.624  1.826  4.854  8.46
134  9  THR  H  -27.94  3.508  7.611  8.16
135  9  THR  HA  -29.915  3  6.681  4.84
136  9  THR  HB  -29.942  0.651  5.918  7.4
137  9  THR  HG1  -28.079  -0.352  6.153  5.03
138  9  THR  HG21  -28.03  2.556  5.088  8.37
139  9  THR  HG22  -28.138  1.17  4.33  4.43
140  9  THR  HG23  -29.369  2.168  4.336  1.89
141  10  ARG  N  -30.808  2.411  9.229  9.11
142  10  ARG  CA  -31.827  1.922  10.208  4.46
143  10  ARG  C  -33.197  2.493  9.823  2.17
144  10  ARG  O  -33.336  3.112  8.786  2.01
145  10  ARG  CB  -31.461  2.301  11.654  2.28
146  10  ARG  CG  -30.807  3.684  11.755  2.28
147  10  ARG  CD  -30.385  3.969  13.214  7.47
148  10  ARG  NE  -31.358  3.37  14.182  6.66
149  10  ARG  CZ  -30.936  2.901  15.326  4.36
150  10  ARG  NH1  -29.877  2.138  15.368  3.95
151  10  ARG  NH2  -31.574  3.19  16.427  8.36
152  10  ARG  H  -30.415  3.166  9.353  8.4
153  10  ARG  HA  -31.873  0.955  10.141  4.1
154  10  ARG  HB2  -32.264  2.296  12.197  1.24
155  10  ARG  HB3  -30.84  1.64  11.998  1.31
156  10  ARG  HG2  -30.016  3.704  11.194  1.7
157  10  ARG  HG3  -31.432  4.364  11.46  1.76
158  10  ARG  HD2  -29.507  3.59  13.375  3.12
159  10  ARG  HD3  -30.349  4.929  13.351  3.12
160  10  ARG  HE  -32.194  3.33  13.985  7.18
161  10  ARG  HH11  -29.458  1.944  14.643  2.14
162  10  ARG  HH12  -29.599  1.83  16.121  2.14
163  10  ARG  HH21  -32.274  3.689  16.4  1.3
164  10  ARG  HH22  -31.294  2.882  17.18  8.58
165  11  ALA  N  -34.215  2.271  10.622  4.82
166  11  ALA  CA  -35.573  2.787  10.254  2.89
167  11  ALA  C  -36.178  3.62  11.39  46.76
168  11  ALA  O  -35.9  3.408  12.553  1.76
169  11  ALA  CB  -36.494  1.604  9.952  7.8
170  11  ALA  H  -34.108  1.814  11.343  7.96
171  11  ALA  HA  -35.498  3.34  9.461  4.59
172  11  ALA  HB1  -36.101  1.057  9.254  3.52
173  11  ALA  HB2  -36.609  1.071  10.754  2.68
174  11  ALA  HB3  -37.357  1.934  9.657  2.89
175  12  PHE  N  -37.021  4.561  11.04  8.54
176  12  PHE  CA  -37.684  5.424  12.064  5.83
177  12  PHE  C  -39.053  5.851  11.536  2.96
178  12  PHE  O  -39.474  5.438  10.472  2.86
179  12  PHE  CB  -36.848  6.682  12.317  120.48
180  12  PHE  CG  -35.669  6.346  13.187  4.82
181  12  PHE  CD1  -34.527  5.784  12.614  4.54
182  12  PHE  CD2  -35.714  6.598  14.562  8.42
183  12  PHE  CE1  -33.428  5.472  13.415  4.32
184  12  PHE  CE2  -34.612  6.286  15.366  8.79
185  12  PHE  CZ  -33.467  5.722  14.792  3.61
186  12  PHE  H  -37.203  4.677  10.207  8.24
187  12  PHE  HA  -37.792  4.929  12.891  4.91
188  12  PHE  HB2  -36.534  7.037  11.471  3.02
189  12  PHE  HB3  -37.394  7.349  12.762  3.26
190  12  PHE  HD1  -34.499  5.619  11.699  7.33
191  12  PHE  HD2  -36.476  6.972  14.943  7.33
192  12  PHE  HE1  -32.671  5.093  13.03  6.81
193  12  PHE  HE2  -34.64  6.453  16.28  6.81
194  12  PHE  HZ  -32.733  5.514  15.324  6.13
195  13  ALA  N  -39.739  6.691  12.265  6.96
196  13  ALA  CA  -41.073  7.174  11.808  3.83
197  13  ALA  C  -41.249  8.643  12.213  3.96
198  13  ALA  O  -42.356  9.134  12.33  3.53
199  13  ALA  CB  -42.169  6.326  12.451  8.69
200  13  ALA  H  -39.413  6.976  13.008  8.91
201  13  ALA  HA  -41.13  7.098  10.843  4.78
202  13  ALA  HB1  -41.839  5.425  12.592  8.45
203  13  ALA  HB2  -42.422  6.715  13.303  4.49
204  13  ALA  HB3  -42.942  6.299  11.865  2
205  14  ARG  N  -40.161  9.346  12.423  1.7
206  14  ARG  CA  -40.247  10.783  12.816  1.52
207  14  ARG  C  -39.013  11.518  12.287  1.43
208  14  ARG  O  -37.99  10.915  12.023  3.02
209  14  ARG  CB  -40.288  10.896  14.343  3.02
210  14  ARG  CG  -41.664  10.462  14.855  2
211  14  ARG  CD  -42.73  11.442  14.359  7.38
212  14  ARG  NE  -43.759  11.633  15.419  4.07
213  14  ARG  CZ  -45.024  11.684  15.1  4.1
214  14  ARG  NH1  -45.476  12.677  14.384  1.51
215  14  ARG  NH2  -45.836  10.743  15.497  1.73
216  14  ARG  H  -39.388  8.98  12.33  7.12
217  14  ARG  HA  -41.049  11.177  12.438  4.7
218  14  ARG  HB2  -39.606  10.323  14.726  1.59
219  14  ARG  HB3  -40.123  11.816  14.604  2.14
220  14  ARG  HG2  -41.865  9.571  14.529  1.74
221  14  ARG  HG3  -41.66  10.458  15.825  1.74
222  14  ARG  HD2  -42.316  12.295  14.153  3.3
223  14  ARG  HD3  -43.151  11.085  13.561  3.3
224  14  ARG  HE  -43.521  11.709  16.242  8.52
225  14  ARG  HH11  -44.94  13.297  14.122  1.79
226  14  ARG  HH12  -46.309  12.711  14.173  2.84
227  14  ARG  HH21  -45.538  10.089  15.97  8.4
228  14  ARG  HH22  -46.669  10.777  15.287  5.11
229  15  GLN  N  -39.102  12.815  12.131  2.89
230  15  GLN  CA  -37.936  13.594  11.618  3.55
231  15  GLN  C  -37.073  14.06  12.793  2
232  15  GLN  O  -35.862  14.098  12.702  1.38
233  15  GLN  CB  -38.442  14.814  10.841  8.06
234  15  GLN  CG  -37.256  15.589  10.257  8.25
235  15  GLN  CD  -36.762  16.619  11.277  5.04
236  15  GLN  OE1  -37.53  17.113  12.078  2.84
237  15  GLN  NE2  -35.503  16.963  11.281  2.6
238  15  GLN  H  -39.836  13.22  12.324  8.51
239  15  GLN  HA  -37.406  13.032  11.031  6.79
240  15  GLN  HB2  -39.02  14.52  10.12  1.34
241  15  GLN  HB3  -38.941  15.393  11.437  1.34
242  15  GLN  HG2  -36.538  14.972  10.046  1.22
243  15  GLN  HG3  -37.536  16.048  9.45  1.52
244  15  GLN  HE21  -34.96  16.611  10.714  3.94
245  15  GLN  HE22  -35.218  17.54  11.851  4.12
246  16  GLU  N  -37.689  14.43  13.888  8.83
247  16  GLU  CA  -36.906  14.908  15.067  5.14
248  16  GLU  C  -36.17  13.727  15.697  2.53
249  16  GLU  O  -35.088  13.874  16.232  2.11
250  16  GLU  CB  -37.849  15.529  16.104  1.99
251  16  GLU  CG  -38.793  16.52  15.418  1.89
252  16  GLU  CD  -39.069  17.7  16.354  3.57
253  16  GLU  OE1  -38.198  18.545  16.481  3.55
254  16  GLU  OE2  -40.144  17.738  16.926  6.41
255  16  GLU  H  -38.548  14.405  13.926  8.66
256  16  GLU  HA  -36.26  15.571  14.776  4.12
257  16  GLU  HB2  -38.369  14.828  16.527  2.56
258  16  GLU  HB3  -37.328  15.994  16.777  2.67
259  16  GLU  HG2  -38.383  16.843  14.6  4.01
260  16  GLU  HG3  -39.629  16.075  15.208  61.64
261  17  HSE  N  -36.748  12.554  15.633  4.19
262  17  HSE  CA  -36.079  11.355  16.219  2.37
263  17  HSE  C  -34.8  11.076  15.43  1.86
264  17  HSE  O  -33.706  11.121  15.961  2.12
265  17  HSE  CB  -37.015  10.148  16.124  2.09
266  17  HSE  CG  -37.987  10.177  17.271  3.91
267  17  HSE  ND1  -39.011  11.108  17.349  3.76
268  17  HSE  CD2  -38.104  9.396  18.394  2.09
269  17  HSE  CE1  -39.693  10.866  18.483  2.61
270  17  HSE  NE2  -39.183  9.833  19.159  2.61
271  17  HSE  H  -37.619  12.464  15.192  6.88
272  17  HSE  HA  -35.833  11.545  17.253  3.97
273  17  HSE  HB2  -37.557  10.185  15.191  1.52
274  17  HSE  HB3  -36.433  9.239  16.168  1.94
275  17  HSE  HD1  -39.202  11.814  16.697  0.89
276  17  HSE  HD2  -37.458  8.569  18.647  1.14
277  17  HSE  HE1  -40.55  11.438  18.808  7.48
278  18  LEU  N  -34.936  10.804  14.158  4.59
279  18  LEU  CA  -33.746  10.538  13.305  2.16
280  18  LEU  C  -32.85  11.785  13.259  1.78
281  18  LEU  O  -31.686  11.707  12.925  2.24
282  18  LEU  CB  -34.226  10.212  11.886  2.24
283  18  LEU  CG  -33.353  9.122  11.258  7.42
284  18  LEU  CD1  -33.803  8.907  9.817  6.67
285  18  LEU  CD2  -31.884  9.551  11.263  2.89
286  18  LEU  H  -35.721  10.789  13.806  6.96
287  18  LEU  HA  -33.247  9.787  13.661  3.33
288  18  LEU  HB2  -35.144  9.902  11.924  1.48
289  18  LEU  HB3  -34.181  11.011  11.338  2.1
290  18  LEU  HG  -33.455  8.296  11.757  1.57
291  18  LEU  HD11  -33.904  9.767  9.38  9.5
292  18  LEU  HD12  -33.139  8.38  9.345  5.63
293  18  LEU  HD13  -34.653  8.44  9.813  2.62
294  18  LEU  HD21  -31.808  10.442  10.887  2.47
295  18  LEU  HD22  -31.554  9.557  12.175  2.77
296  18  LEU  HD23  -31.362  8.928  10.733  2.77
297  19  LYS  N  -33.392  12.934  13.582  2.99
298  19  LYS  CA  -32.592  14.187  13.554  2.65
299  19  LYS  C  -31.513  14.12  14.645  2.82
300  19  LYS  O  -30.334  14.235  14.369  8.92
301  19  LYS  CB  -33.558  15.37  13.784  4.47
302  19  LYS  CG  -32.805  16.667  14.116  4.2
303  19  LYS  CD  -31.767  16.977  13.032  7.38
304  19  LYS  CE  -32.479  17.351  11.732  4.92
305  19  LYS  NZ  -31.486  17.883  10.756  3.72
306  19  LYS  H  -34.22  12.97  13.812  8.12
307  19  LYS  HA  -32.169  14.279  12.686  3.61
308  19  LYS  HB2  -34.086  15.509  12.982  1.78
309  19  LYS  HB3  -34.152  15.152  14.519  1.69
310  19  LYS  HG2  -33.439  17.399  14.173  0.85
311  19  LYS  HG3  -32.361  16.56  14.972  1.6
312  19  LYS  HD2  -31.211  17.717  13.321  0.83
313  19  LYS  HD3  -31.212  16.196  12.882  0.86
314  19  LYS  HE2  -32.907  16.564  11.36  3.6
315  19  LYS  HE3  -33.15  18.028  11.913  3.52
316  19  LYS  HZ1  -30.866  18.352  11.19  27.44
317  19  LYS  HZ2  -31.101  17.206  10.325  7.36
318  19  LYS  HZ3  -31.9  18.41  10.17  4.28
319  20  ARG  N  -31.913  13.936  15.874  8.95
320  20  ARG  CA  -30.924  13.86  16.988  8.76
321  20  ARG  C  -30.037  12.622  16.809  4.76
322  20  ARG  O  -28.894  12.605  17.224  2.94
323  20  ARG  CB  -31.673  13.769  18.322  2.78
324  20  ARG  CG  -30.672  13.77  19.49  7.17
325  20  ARG  CD  -30.899  12.541  20.38  9.81
326  20  ARG  NE  -31.51  12.968  21.669  5.25
327  20  ARG  CZ  -32.565  12.351  22.126  3.35
328  20  ARG  NH1  -33.723  12.528  21.551  3.15
329  20  ARG  NH2  -32.462  11.56  23.158  8.73
330  20  ARG  H  -32.752  13.858  16.044  7.68
331  20  ARG  HA  -30.37  14.656  16.983  4.02
332  20  ARG  HB2  -32.266  14.532  18.407  1.82
333  20  ARG  HB3  -32.195  12.952  18.34  1.82
334  20  ARG  HG2  -29.766  13.752  19.143  1.66
335  20  ARG  HG3  -30.798  14.573  20.019  1.74
336  20  ARG  HD2  -31.491  11.916  19.932  3.17
337  20  ARG  HD3  -30.048  12.109  20.553  3.17
338  20  ARG  HE  -31.168  13.621  22.112  7.28
339  20  ARG  HH11  -33.792  13.05  20.871  4.37
340  20  ARG  HH12  -34.418  12.122  21.853  1.96
341  20  ARG  HH21  -31.699  11.444  23.537  2.26
342  20  ARG  HH22  -33.157  11.154  23.46  2.2
343  21  HSE  N  -30.559  11.588  16.197  2.2
344  21  HSE  CA  -29.753  10.347  15.991  6.86
345  21  HSE  C  -28.701  10.6  14.897  7.57
346  21  HSE  O  -27.665  9.962  14.869  6.69
347  21  HSE  CB  -30.697  9.199  15.579  8.82
348  21  HSE  CG  -29.909  7.979  15.165  7.58
349  21  HSE  ND1  -29.801  6.857  15.971  4.3
350  21  HSE  CD2  -29.183  7.697  14.033  2.67
351  21  HSE  CE1  -29.035  5.962  15.32  2.67
352  21  HSE  NE2  -28.632  6.424  14.134  8.65
353  21  HSE  H  -31.484  11.628  15.875  7.52
354  21  HSE  HA  -29.254  10.087  16.914  4.27
355  21  HSE  HB2  -31.332  8.944  16.415  2.78
356  21  HSE  HB3  -31.312  9.524  14.753  3.21
357  21  HSE  HD1  -30.207  6.738  16.855  0.42
358  21  HSE  HD2  -29.059  8.364  13.193  7.16
359  21  HSE  HE1  -28.779  4.987  15.711  7.97
360  22  TYR  N  -28.961  11.517  13.999  8.51
361  22  TYR  CA  -27.983  11.803  12.911  4.3
362  22  TYR  C  -26.816  12.622  13.472  1.99
363  22  TYR  O  -25.708  12.553  12.976  1.88
364  22  TYR  CB  -28.675  12.586  11.792  6.79
365  22  TYR  CG  -27.732  12.732  10.622  6.79
366  22  TYR  CD1  -27.471  11.636  9.791  4.67
367  22  TYR  CD2  -27.118  13.965  10.367  1.94
368  22  TYR  CE1  -26.596  11.771  8.706  8.53
369  22  TYR  CE2  -26.244  14.1  9.282  3.76
370  22  TYR  CZ  -25.982  13.004  8.452  7.8
371  22  TYR  OH  -25.12  13.137  7.383  8.16
372  22  TYR  H  -29.699  11.956  14.036  8.92
373  22  TYR  HA  -27.644  10.967  12.556  3.8
374  22  TYR  HB2  -29.47  12.108  11.508  1.07
375  22  TYR  HB3  -28.926  13.465  12.116  5.38
376  22  TYR  HD1  -27.878  10.817  9.96  2.87
377  22  TYR  HD2  -27.292  14.694  10.918  7.65
378  22  TYR  HE1  -26.422  11.043  8.154  4.1
379  22  TYR  HE2  -25.836  14.919  9.113  2.79
380  22  TYR  HH  -24.385  12.791  7.597  8.77
381  23  ARG  N  -27.058  13.391  14.506  4.52
382  23  ARG  CA  -25.964  14.21  15.107  1.84
383  23  ARG  C  -24.85  13.289  15.618  1.58
384  23  ARG  O  -23.706  13.689  15.725  4.28
385  23  ARG  CB  -26.521  15.032  16.272  2.36
386  23  ARG  CG  -25.803  16.381  16.335  2.36
387  23  ARG  CD  -26.145  17.083  17.65  2.51
388  23  ARG  NE  -25.093  16.783  18.661  2.62
389  23  ARG  CZ  -25.289  17.081  19.916  1.18
390  23  ARG  NH1  -25.976  16.276  20.678  1.18
391  23  ARG  NH2  -24.799  18.186  20.408  2.9
392  23  ARG  H  -27.849  13.422  14.843  8.2
393  23  ARG  HA  -25.603  14.808  14.434  3.81
394  23  ARG  HB2  -27.471  15.176  16.14  2.03
395  23  ARG  HB3  -26.379  14.552  17.103  2.21
396  23  ARG  HG2  -24.845  16.24  16.283  2.36
397  23  ARG  HG3  -26.089  16.935  15.592  2.56
398  23  ARG  HD2  -26.189  18.041  17.504  8.49
399  23  ARG  HD3  -27.003  16.766  17.973  5.58
400  23  ARG  HE  -24.356  16.413  18.417  1.98
401  23  ARG  HH11  -26.3  15.548  20.355  8.34
402  23  ARG  HH12  -26.106  16.473  21.505  4.79
403  23  ARG  HH21  -24.346  18.717  19.905  1.69
404  23  ARG  HH22  -24.928  18.382  21.235  1.21
405  24  SER  N  -25.176  12.057  15.932  1.61
406  24  SER  CA  -24.141  11.105  16.432  1.62
407  24  SER  C  -23.648  10.233  15.274  6.94
408  24  SER  O  -23.321  9.075  15.454  3.42
409  24  SER  CB  -24.748  10.217  17.518  9.38
410  24  SER  OG  -25.735  9.374  16.938  4.95
411  24  SER  H  -25.991  11.794  15.848  7.76
412  24  SER  HA  -23.395  11.604  16.8  4.14
413  24  SER  HB2  -24.054  9.669  17.917  1.88
414  24  SER  HB3  -25.149  10.775  18.203  1.82
415  24  SER  HG  -25.931  8.78  17.499  3.53
416  25  HSE  N  -23.593  10.783  14.087  7.09
417  25  HSE  CA  -23.121  9.998  12.909  10.29
418  25  HSE  C  -22.146  10.838  12.076  7.36
419  25  HSE  O  -21.948  10.581  10.903  7.43
420  25  HSE  CB  -24.318  9.625  12.036  9.13
421  25  HSE  CG  -24.878  8.301  12.474  4.12
422  25  HSE  ND1  -24.07  7.215  12.77  3.35
423  25  HSE  CD2  -26.168  7.87  12.659  2.74
424  25  HSE  CE1  -24.875  6.192  13.113  7.56
425  25  HSE  NE2  -26.165  6.538  13.062  6.66
426  25  HSE  H  -23.86  11.718  13.971  8.24
427  25  HSE  HA  -22.627  9.098  13.246  4.12
428  25  HSE  HB2  -25.08  10.386  12.129  4.99
429  25  HSE  HB3  -24.001  9.559  11.008  3.97
430  25  HSE  HD1  -23.091  7.195  12.737  0.68
431  25  HSE  HD2  -27.052  8.474  12.514  3.8
432  25  HSE  HE1  -24.522  5.211  13.394  8.38
433  26  THR  N  -21.542  11.839  12.667  4.45
434  26  THR  CA  -20.588  12.697  11.903  3.91
435  26  THR  C  -19.376  13.027  12.777  3.8
436  26  THR  O  -18.247  12.972  12.328  1.85
437  26  THR  CB  -21.285  13.996  11.49  9.45
438  26  THR  OG1  -21.551  14.776  12.647  5.11
439  26  THR  CG2  -22.599  13.672  10.778  2.81
440  26  THR  H  -21.7  12.005  13.496  7.32
441  26  THR  HA  -20.295  12.222  11.11  5.26
442  26  THR  HB  -20.711  14.494  10.888  4.45
443  26  THR  HG1  -20.924  15.328  12.738  7.88
444  26  THR  HG21  -22.432  13.037  10.064  4.59
445  26  THR  HG22  -23.223  13.286  11.412  3.24
446  26  THR  HG23  -22.976  14.486  10.408  2.85
447  27  ASN  N  -19.602  13.369  14.022  4.74
448  27  ASN  CA  -18.466  13.703  14.93  2.33
449  27  ASN  C  -18.014  12.451  15.694  2.56
450  27  ASN  O  -17.368  12.549  16.721  6.49
451  27  ASN  CB  -18.913  14.771  15.931  6.49
452  27  ASN  CG  -19.34  16.033  15.179  6.64
453  27  ASN  OD1  -20.494  16.185  14.829  6.64
454  27  ASN  ND2  -18.453  16.952  14.915  8.39
455  27  ASN  H  -20.409  13.401  14.318  8.14
456  27  ASN  HA  -17.725  14.045  14.406  4.26
457  27  ASN  HB2  -19.661  14.434  16.449  3.97
458  27  ASN  HB3  -18.177  14.985  16.526  4.04
459  27  ASN  HD21  -17.636  16.845  15.162  7.63
460  27  ASN  HD22  -18.685  17.665  14.493  4.15
461  28  GLU  N  -18.343  11.278  15.204  7.67
462  28  GLU  CA  -17.927  10.027  15.905  6.88
463  28  GLU  C  -16.511  9.651  15.468  8.54
464  28  GLU  O  -15.948  10.253  14.574  4.1
465  28  GLU  CB  -18.893  8.897  15.54  3.96
466  28  GLU  CG  -19.992  8.795  16.603  3.88
467  28  GLU  CD  -20.833  10.075  16.604  1.79
468  28  GLU  OE1  -20.959  10.683  15.553  1.4
469  28  GLU  OE2  -21.338  10.426  17.658  1.4
470  28  GLU  H  -18.798  11.225  14.476  8.48
471  28  GLU  HA  -17.944  10.172  16.864  1.71
472  28  GLU  HB2  -19.295  9.082  14.677  3
473  28  GLU  HB3  -18.408  8.058  15.499  9.42
474  28  GLU  HG2  -20.561  8.035  16.405  4.6
475  28  GLU  HG3  -19.586  8.676  17.476  1.99
476  29  LYS  N  -15.934  8.655  16.093  7.82
477  29  LYS  CA  -14.552  8.224  15.726  3.51
478  29  LYS  C  -14.522  7.791  14.243  2
479  29  LYS  O  -15.12  6.79  13.899  8.4
480  29  LYS  CB  -14.151  7.04  16.612  4.28
481  29  LYS  CG  -13.672  7.556  17.978  1.79
482  29  LYS  CD  -14.35  6.765  19.102  1.96
483  29  LYS  CE  -15.811  7.209  19.241  8.73
484  29  LYS  NZ  -16.703  6.191  18.614  7.49
485  29  LYS  H  -16.356  8.246  16.721  8.01
486  29  LYS  HA  -13.936  8.958  15.876  4.65
487  29  LYS  HB2  -14.916  6.456  16.732  2.72
488  29  LYS  HB3  -13.433  6.547  16.185  2.81
489  29  LYS  HG2  -12.71  7.446  18.043  29.48
490  29  LYS  HG3  -13.895  8.496  18.069  23.02
491  29  LYS  HD2  -14.319  5.818  18.894  26.7
492  29  LYS  HD3  -13.884  6.928  19.937  42.41
493  29  LYS  HE2  -16.032  7.296  20.181  8.07
494  29  LYS  HE3  -15.936  8.064  18.801  7.94
495  29  LYS  HZ1  -16.912  6.446  17.788  8.53
496  29  LYS  HZ2  -16.282  5.408  18.582  7.7
497  29  LYS  HZ3  -17.446  6.109  19.097  11.5
498  30  PRO  N  -13.841  8.548  13.386  4.34
499  30  PRO  CA  -13.765  8.221  11.948  2.08
500  30  PRO  C  -12.684  7.165  11.656  1.88
501  30  PRO  O  -12.347  6.93  10.509  1.62
502  30  PRO  CB  -13.381  9.551  11.297  1.5
503  30  PRO  CG  -12.698  10.399  12.396  3.07
504  30  PRO  CD  -13.104  9.785  13.748  3.07
505  30  PRO  HA  -14.628  7.929  11.615  4.2
506  30  PRO  HB2  -12.766  9.396  10.563  1.59
507  30  PRO  HB3  -14.175  10.008  10.978  1.59
508  30  PRO  HG2  -11.734  10.365  12.289  3.85
509  30  PRO  HG3  -13.006  11.317  12.348  3.37
510  30  PRO  HD2  -12.315  9.571  14.27  0.9
511  30  PRO  HD3  -13.683  10.39  14.238  8.54
512  31  TYR  N  -12.133  6.53  12.666  4.87
513  31  TYR  CA  -11.075  5.504  12.415  4.7
514  31  TYR  C  -11.457  4.172  13.096  4.7
515  31  TYR  O  -10.853  3.797  14.084  6.95
516  31  TYR  CB  -9.742  6.01  12.973  9.36
517  31  TYR  CG  -9.34  7.272  12.249  4.59
518  31  TYR  CD1  -8.821  7.198  10.951  3.72
519  31  TYR  CD2  -9.487  8.515  12.874  3.67
520  31  TYR  CE1  -8.448  8.368  10.278  2.41
521  31  TYR  CE2  -9.116  9.686  12.202  2.41
522  31  TYR  CZ  -8.595  9.612  10.904  4.02
523  31  TYR  OH  -8.228  10.766  10.241  122.57
524  31  TYR  H  -12.374  6.706  13.472  8.67
525  31  TYR  HA  -10.989  5.362  11.459  9.27
526  31  TYR  HB2  -9.838  6.198  13.92  8.77
527  31  TYR  HB3  -9.059  5.333  12.845  8.51
528  31  TYR  HD1  -8.723  6.372  10.535  5.31
529  31  TYR  HD2  -9.833  8.564  13.736  3.05
530  31  TYR  HE1  -8.103  8.319  9.416  2.72
531  31  TYR  HE2  -9.213  10.512  12.618  8.97
532  31  TYR  HH  -7.666  11.17  10.717  4.22
533  32  PRO  N  -12.445  3.48  12.553  1.69
534  32  PRO  CA  -12.889  2.189  13.112  1.69
535  32  PRO  C  -11.938  1.069  12.679  2.2
536  32  PRO  O  -11.812  0.771  11.507  2.32
537  32  PRO  CB  -14.276  1.985  12.499  2.34
538  32  PRO  CG  -14.317  2.842  11.213  6.81
539  32  PRO  CD  -13.212  3.905  11.354  9.3
540  32  PRO  HA  -12.954  2.236  14.079  4.56
541  32  PRO  HB2  -14.408  1.048  12.284  1.67
542  32  PRO  HB3  -14.961  2.286  13.116  3.1
543  32  PRO  HG2  -14.149  2.284  10.438  3.1
544  32  PRO  HG3  -15.18  3.276  11.129  6.97
545  32  PRO  HD2  -12.644  3.908  10.568  6.97
546  32  PRO  HD3  -13.602  4.781  11.499  6.86
547  33  CYS  N  -11.271  0.447  13.62  6.86
548  33  CYS  CA  -10.328  -0.657  13.27  7.04
549  33  CYS  C  -11.114  -1.819  12.657  3.58
550  33  CYS  O  -12.122  -2.243  13.188  110.11
551  33  CYS  CB  -9.61  -1.134  14.535  8.47
552  33  CYS  SG  -8.321  -2.326  14.09  5.72
553  33  CYS  H  -11.378  0.676  14.442  2.94
554  33  CYS  HA  -9.675  -0.334  12.63  2.72
555  33  CYS  HB2  -9.205  -0.375  14.984  4.59
556  33  CYS  HB3  -10.25  -1.557  15.129  4.06
557  33  CYS  HG  -7.431  -1.759  13.519  122.57
558  34  GLY  N  -10.656  -2.333  11.543  7.05
559  34  GLY  CA  -11.371  -3.469  10.888  2.93
560  34  GLY  C  -10.695  -4.789  11.263  8.92
561  34  GLY  O  -10.719  -5.742  10.508  4.45
562  34  GLY  H  -9.94  -2.015  11.187  7.71
563  34  GLY  HA2  -12.295  -3.482  11.184  4.05
564  34  GLY  HA3  -11.34  -3.357  9.925  8.27
565  35  LEU  N  -10.094  -4.849  12.425  4.63
566  35  LEU  CA  -9.411  -6.106  12.855  1.82
567  35  LEU  C  -9.934  -6.521  14.233  1.23
568  35  LEU  O  -10.202  -7.682  14.481  1.59
569  35  LEU  CB  -7.895  -5.872  12.937  2.3
570  35  LEU  CG  -7.402  -5.139  11.682  2.43
571  35  LEU  CD1  -5.904  -4.854  11.815  36.66
572  35  LEU  CD2  -7.648  -6.008  10.444  2.5
573  35  LEU  H  -10.09  -4.162  12.942  8.34
574  35  LEU  HA  -9.596  -6.81  12.214  4.42
575  35  LEU  HB2  -7.695  -5.337  13.721  1.67
576  35  LEU  HB3  -7.442  -6.727  13.007  1.67
577  35  LEU  HG  -7.881  -4.301  11.591  1.67
578  35  LEU  HD11  -5.434  -5.679  12.013  1.98
579  35  LEU  HD12  -5.571  -4.482  10.983  1.98
580  35  LEU  HD13  -5.76  -4.218  12.533  2.6
581  35  LEU  HD21  -7.742  -6.936  10.711  2.6
582  35  LEU  HD22  -8.46  -5.715  10.002  120.56
583  35  LEU  HD23  -6.901  -5.922  9.832  9
584  36  CYS  N  -10.079  -5.578  15.128  4.9
585  36  CYS  CA  -10.582  -5.9  16.497  2.6
586  36  CYS  C  -11.954  -5.249  16.738  2.76
587  36  CYS  O  -12.585  -5.481  17.752  1.98
588  36  CYS  CB  -9.582  -5.377  17.529  1
589  36  CYS  SG  -9.338  -3.595  17.307  2.27
590  36  CYS  H  -9.881  -4.766  14.927  7.58
591  36  CYS  HA  -10.664  -6.862  16.591  4.4
592  36  CYS  HB2  -9.918  -5.549  18.423  3.89
593  36  CYS  HB3  -8.735  -5.834  17.406  3.7
594  36  CYS  HG  -8.983  -3.376  16.182  1.72
595  37  ASN  N  -12.413  -4.426  15.822  2.01
596  37  ASN  CA  -13.738  -3.74  15.987  8.2
597  37  ASN  C  -13.613  -2.651  17.057  4.84
598  37  ASN  O  -14.378  -2.598  18.003  7.79
599  37  ASN  CB  -14.826  -4.749  16.389  4.01
600  37  ASN  CG  -16.205  -4.159  16.088  3.15
601  37  ASN  OD1  -16.674  -4.219  14.969  4.4
602  37  ASN  ND2  -16.88  -3.586  17.047  2.05
603  37  ASN  H  -11.942  -4.269  15.12  2.22
604  37  ASN  HA  -13.983  -3.326  15.145  2.23
605  37  ASN  HB2  -14.708  -5.57  15.886  2.23
606  37  ASN  HB3  -14.758  -4.939  17.338  3.67
607  37  ASN  HD21  -16.549  -3.543  17.839  8.18
608  37  ASN  HD22  -17.656  -3.252  16.887  4.71
609  38  ARG  N  -12.651  -1.778  16.902  2.9
610  38  ARG  CA  -12.457  -0.676  17.888  2.9
611  38  ARG  C  -12.659  0.666  17.18  7.15
612  38  ARG  O  -13.076  0.711  16.037  7.15
613  38  ARG  CB  -11.037  -0.749  18.457  6.81
614  38  ARG  CG  -11.029  -1.646  19.697  6.81
615  38  ARG  CD  -9.972  -1.145  20.684  8.71
616  38  ARG  NE  -9.761  -2.166  21.746  3.88
617  38  ARG  CZ  -8.55  -2.49  22.109  1.33
618  38  ARG  NH1  -7.65  -2.766  21.205  9.33
619  38  ARG  NH2  -8.238  -2.538  23.375  3.82
620  38  ARG  H  -12.13  -1.838  16.221  4.36
621  38  ARG  HA  -13.102  -0.765  18.607  7.92
622  38  ARG  HB2  -10.44  -1.117  17.787  3.44
623  38  ARG  HB3  -10.738  0.141  18.703  4.3
624  38  ARG  HG2  -11.903  -1.624  20.118  2.16
625  38  ARG  HG3  -10.819  -2.556  19.437  1.81
626  38  ARG  HD2  -9.138  -0.991  20.214  1.74
627  38  ARG  HD3  -10.275  -0.316  21.087  1.8
628  38  ARG  HE  -10.436  -2.544  22.122  3.5
629  38  ARG  HH11  -7.855  -2.734  20.37  3.33
630  38  ARG  HH12  -6.851  -2.978  21.443  1.43
631  38  ARG  HH21  -8.831  -2.356  23.971  8.37
632  38  ARG  HH22  -7.44  -2.75  23.614  3.78
633  39  ALA  N  -12.372  1.758  17.844  53.51
634  39  ALA  CA  -12.551  3.095  17.206  177.62
635  39  ALA  C  -11.485  4.064  17.724  8.63
636  39  ALA  O  -11.105  4.022  18.879  4.23
637  39  ALA  CB  -13.942  3.633  17.544  6.85
638  39  ALA  H  -12.081  1.704  18.651  4.15
639  39  ALA  HA  -12.466  3.006  16.244  4.34
640  39  ALA  HB1  -14.615  3.009  17.23  1.9
641  39  ALA  HB2  -14.023  3.741  18.505  7.94
642  39  ALA  HB3  -14.07  4.492  17.111  8.7
643  40  PHE  N  -11.004  4.937  16.875  4.59
644  40  PHE  CA  -9.963  5.917  17.304  1.28
645  40  PHE  C  -10.391  7.328  16.897  7.46
646  40  PHE  O  -11.358  7.51  16.183  3.82
647  40  PHE  CB  -8.631  5.575  16.632  2.14
648  40  PHE  CG  -8.15  4.231  17.122  2.14
649  40  PHE  CD1  -7.431  4.139  18.32  7.19
650  40  PHE  CD2  -8.423  3.076  16.38  4.48
651  40  PHE  CE1  -6.985  2.893  18.775  2.19
652  40  PHE  CE2  -7.977  1.83  16.834  1.91
653  40  PHE  CZ  -7.258  1.738  18.032  2.34
654  40  PHE  H  -11.29  4.947  16.064  2.34
655  40  PHE  HA  -9.858  5.876  18.267  8.61
656  40  PHE  HB2  -8.754  5.543  15.67  9.18
657  40  PHE  HB3  -7.973  6.253  16.852  5.29
658  40  PHE  HD1  -7.249  4.906  18.813  1.48
659  40  PHE  HD2  -8.9  3.137  15.584  1.66
660  40  PHE  HE1  -6.507  2.832  19.57  1.07
661  40  PHE  HE2  -8.158  1.063  16.341  1.16
662  40  PHE  HZ  -6.962  0.91  18.334  1.63
663  41  THR  N  -9.676  8.33  17.349  8.89
664  41  THR  CA  -10.039  9.734  16.996  5.61
665  41  THR  C  -9.021  10.296  16.001  2.88
666  41  THR  O  -9.344  11.136  15.181  2.71
667  41  THR  CB  -10.041  10.594  18.262  1.72
668  41  THR  OG1  -8.802  10.438  18.94  8.13
669  41  THR  CG2  -11.185  10.156  19.177  3.86
670  41  THR  H  -8.997  8.176  17.855  3.05
671  41  THR  HA  -10.922  9.748  16.595  3.18
672  41  THR  HB  -10.163  11.526  18.021  7.43
673  41  THR  HG1  -8.625  11.162  19.328  6.49
674  41  THR  HG21  -11.896  9.767  18.643  6.49
675  41  THR  HG22  -10.859  9.498  19.81  8.59
676  41  THR  HG23  -11.526  10.925  19.659  3.48
677  42  ARG  N  -7.794  9.842  16.07  1.48
678  42  ARG  CA  -6.749  10.351  15.132  9.22
679  42  ARG  C  -6.348  9.241  14.158  4.81
680  42  ARG  O  -6.513  8.068  14.439  2.99
681  42  ARG  CB  -5.521  10.796  15.93  2.7
682  42  ARG  CG  -5.916  11.922  16.888  7.07
683  42  ARG  CD  -4.743  12.89  17.049  7.07
684  42  ARG  NE  -5.23  14.169  17.639  7.18
685  42  ARG  CZ  -4.505  15.249  17.546  7.18
686  42  ARG  NH1  -3.24  15.216  17.865  7
687  42  ARG  NH2  -5.044  16.364  17.133  8.76
688  42  ARG  H  -7.589  9.251  16.66  4.31
689  42  ARG  HA  -7.101  11.106  14.634  1.47
690  42  ARG  HB2  -5.176  10.045  16.438  1.47
691  42  ARG  HB3  -4.838  11.117  15.321  1.7
692  42  ARG  HG2  -6.682  12.398  16.53  1.55
693  42  ARG  HG3  -6.144  11.546  17.753  9.68
694  42  ARG  HD2  -4.077  12.497  17.634  5.27
695  42  ARG  HD3  -4.346  13.065  16.181  3.31
696  42  ARG  HE  -5.99  14.194  18.041  3.04
697  42  ARG  HH11  -2.885  14.482  18.138  2.65
698  42  ARG  HH12  -2.762  15.928  17.803  40.95
699  42  ARG  HH21  -5.878  16.385  16.922  60.35
700  42  ARG  HH22  -4.566  17.076  17.072  7.18
701  43  ARG  N  -5.821  9.605  13.016  3.82
702  43  ARG  CA  -5.403  8.58  12.016  7.13
703  43  ARG  C  -4.079  7.95  12.454  4.34
704  43  ARG  O  -3.865  6.764  12.296  8.84
705  43  ARG  CB  -5.225  9.244  10.649  4.59
706  43  ARG  CG  -4.951  8.171  9.592  2.48
707  43  ARG  CD  -4.57  8.842  8.271  130.44
708  43  ARG  NE  -3.585  7.99  7.547  8.04
709  43  ARG  CZ  -2.405  8.465  7.254  3.74
710  43  ARG  NH1  -1.595  8.834  8.207  1.39
711  43  ARG  NH2  -2.036  8.567  6.007  1.54
712  43  ARG  H  -5.714  10.441  12.843  8.75
713  43  ARG  HA  -6.083  7.891  11.955  3.78
714  43  ARG  HB2  -6.032  9.729  10.417  7.66
715  43  ARG  HB3  -4.476  9.859  10.683  3.88
716  43  ARG  HG2  -4.222  7.603  9.888  2.32
717  43  ARG  HG3  -5.749  7.635  9.462  2.4
718  43  ARG  HD2  -5.364  8.953  7.725  2.53
719  43  ARG  HD3  -4.177  9.71  8.452  2.53
720  43  ARG  HE  -3.794  7.186  7.325  7.95
721  43  ARG  HH11  -1.838  8.766  9.029  7.4
722  43  ARG  HH12  -0.817  9.146  8.013  4.35
723  43  ARG  HH21  -2.57  8.323  5.378  2.65
724  43  ARG  HH22  -1.258  8.879  5.813  2.65
725  44  ASP  N  -3.191  8.74  13.007  1.94
726  44  ASP  CA  -1.877  8.196  13.463  1.4
727  44  ASP  C  -2.106  7.138  14.547  1.4
728  44  ASP  O  -1.32  6.226  14.711  7.92
729  44  ASP  CB  -1.025  9.333  14.034  7.75
730  44  ASP  CG  -1.817  10.071  15.116  4.6
731  44  ASP  OD1  -1.778  9.634  16.254  1.84
732  44  ASP  OD2  -2.45  11.062  14.787  1.94
733  44  ASP  H  -3.367  9.575  13.111  8.24
734  44  ASP  HA  -1.415  7.793  12.711  4.96
735  44  ASP  HB2  -0.214  8.967  14.42  1.75
736  44  ASP  HB3  -0.795  9.953  13.325  1.71
737  45  LEU  N  -3.182  7.256  15.285  3.01
738  45  LEU  CA  -3.476  6.264  16.359  3.01
739  45  LEU  C  -3.798  4.905  15.734  3.73
740  45  LEU  O  -3.251  3.888  16.117  7.21
741  45  LEU  CB  -4.682  6.741  17.17  4.28
742  45  LEU  CG  -4.204  7.599  18.343  2.78
743  45  LEU  CD1  -5.335  8.525  18.792  8.67
744  45  LEU  CD2  -3.799  6.689  19.505  4.71
745  45  LEU  H  -3.724  7.91  15.15  2.22
746  45  LEU  HA  -2.707  6.179  16.943  8.86
747  45  LEU  HB2  -5.263  7.268  16.6  4.75
748  45  LEU  HB3  -5.17  5.973  17.507  3.87
749  45  LEU  HG  -3.442  8.13  18.065  2.16
750  45  LEU  HD11  -5.898  8.741  18.032  1.93
751  45  LEU  HD12  -5.866  8.081  19.472  2.68
752  45  LEU  HD13  -4.958  9.341  19.157  3.32
753  45  LEU  HD21  -4.383  5.915  19.528  62.08
754  45  LEU  HD22  -2.881  6.399  19.384  7.97
755  45  LEU  HD23  -3.875  7.178  20.339  4.28
756  46  LEU  N  -4.693  4.883  14.779  8.59
757  46  LEU  CA  -5.077  3.598  14.117  5.14
758  46  LEU  C  -3.834  2.879  13.576  2.87
759  46  LEU  O  -3.742  1.667  13.626  3.41
760  46  LEU  CB  -6.033  3.893  12.956  7.22
761  46  LEU  CG  -7.036  2.743  12.803  8.33
762  46  LEU  CD1  -8.038  3.079  11.691  4.94
763  46  LEU  CD2  -6.289  1.454  12.444  3
764  46  LEU  H  -5.07  5.616  14.534  2.64
765  46  LEU  HA  -5.524  3.026  14.76  6.03
766  46  LEU  HB2  -6.511  4.717  13.136  8.41
767  46  LEU  HB3  -5.523  3.987  12.136  3.85
768  46  LEU  HG  -7.512  2.62  13.639  4.14
769  46  LEU  HD11  -8.024  4.033  11.516  127.9
770  46  LEU  HD12  -7.802  2.599  10.882  41.78
771  46  LEU  HD13  -8.929  2.817  11.972  8.66
772  46  LEU  HD21  -5.521  1.667  11.891  9.01
773  46  LEU  HD22  -5.992  1.015  13.257  4.44
774  46  LEU  HD23  -6.883  0.862  11.957  4.03
775  47  ILE  N  -2.884  3.618  13.061  4.53
776  47  ILE  CA  -1.649  2.977  12.516  6.94
777  47  ILE  C  -0.851  2.354  13.664  4.67
778  47  ILE  O  -0.445  1.212  13.596  3.05
779  47  ILE  CB  -0.792  4.029  11.806  2.89
780  47  ILE  CG1  -1.626  4.724  10.727  7
781  47  ILE  CG2  0.415  3.349  11.152  7
782  47  ILE  CD  -0.965  6.05  10.345  6.9
783  47  ILE  H  -2.971  4.473  13.036  6.9
784  47  ILE  HA  -1.898  2.285  11.884  7.15
785  47  ILE  HB  -0.483  4.684  12.451  3.18
786  47  ILE  HG12  -1.683  4.153  9.945  3.57
787  47  ILE  HG13  -2.518  4.896  11.067  8.37
788  47  ILE  HG21  0.126  2.539  10.704  4.64
789  47  ILE  HG22  0.815  3.952  10.505  3.28
790  47  ILE  HG23  1.068  3.126  11.834  3.28
791  47  ILE  HD11  -0.474  6.469  11.211  8.52
792  47  ILE  HD12  -0.236  5.877  9.567  4.72
793  47  ILE  HD13  -1.717  6.738  9.988  3.14
794  48  ARG  N  -0.63  3.097  14.716  2.75
795  48  ARG  CA  0.139  2.555  15.875  3.4
796  48  ARG  C  -0.63  1.393  16.522  3.74
797  48  ARG  O  -0.073  0.629  17.285  6.83
798  48  ARG  CB  0.344  3.668  16.909  3.18
799  48  ARG  CG  1.238  3.164  18.049  10.77
800  48  ARG  CD  0.378  2.836  19.275  4.62
801  48  ARG  NE  1.232  2.838  20.496  4.38
802  48  ARG  CZ  0.747  2.417  21.633  1.53
803  48  ARG  NH1  0.618  1.137  21.852  1.71
804  48  ARG  NH2  0.389  3.276  22.547  1.11
805  48  ARG  H  -0.929  3.903  14.741  2.47
806  48  ARG  HA  1.003  2.238  15.569  3.22
807  48  ARG  HB2  0.767  4.429  16.481  7.63
808  48  ARG  HB3  -0.517  3.937  17.266  4.58
809  48  ARG  HG2  1.71  2.366  17.764  3.13
810  48  ARG  HG3  1.88  3.852  18.283  2.28
811  48  ARG  HD2  -0.319  3.504  19.368  7.11
812  48  ARG  HD3  -0.025  1.961  19.164  7.11
813  48  ARG  HE  2.044  3.117  20.452  6.79
814  48  ARG  HH11  0.854  0.571  21.249  6.79
815  48  ARG  HH12  0.298  0.86  22.601  4.67
816  48  ARG  HH21  0.473  4.12  22.402  1.63
817  48  ARG  HH22  0.069  2.998  23.296  1.7
818  49  HSE  N  -1.903  1.259  16.231  1.12
819  49  HSE  CA  -2.705  0.155  16.839  1.12
820  49  HSE  C  -2.389  -1.17  16.123  3.3
821  49  HSE  O  -2.017  -2.142  16.749  3.85
822  49  HSE  CB  -4.201  0.504  16.703  4.72
823  49  HSE  CG  -5.067  -0.666  17.104  1.5
824  49  HSE  ND1  -4.827  -1.407  18.251  42.48
825  49  HSE  CD2  -6.163  -1.237  16.511  8.51
826  49  HSE  CE1  -5.76  -2.373  18.31  4.48
827  49  HSE  NE2  -6.6  -2.316  17.274  2.16
828  49  HSE  H  -2.336  1.89  15.621  2.06
829  49  HSE  HA  -2.452  0.065  17.885  2.44
830  49  HSE  HB2  -4.428  1.346  17.338  2.44
831  49  HSE  HB3  -4.411  0.767  15.677  3.76
832  49  HSE  HD1  -4.109  -1.253  18.9  3.3
833  49  HSE  HD2  -6.619  -0.9  15.591  7.92
834  49  HSE  HE1  -5.822  -3.108  19.1  4.86
835  50  ALA  N  -2.559  -1.219  14.826  2.99
836  50  ALA  CA  -2.292  -2.487  14.08  3.18
837  50  ALA  C  -0.789  -2.781  14.041  1.78
838  50  ALA  O  -0.349  -3.858  14.395  4.68
839  50  ALA  CB  -2.82  -2.353  12.649  2.55
840  50  ALA  H  -2.838  -0.523  14.404  1.85
841  50  ALA  HA  -2.75  -3.219  14.521  2.14
842  50  ALA  HB1  -2.62  -1.466  12.311  2.14
843  50  ALA  HB2  -2.395  -3.018  12.085  3.9
844  50  ALA  HB3  -3.78  -2.491  12.645  3.67
845  51  GLN  N  0.001  -1.835  13.602  175.22
846  51  GLN  CA  1.483  -2.049  13.517  108.98
847  51  GLN  C  2.048  -2.557  14.855  122.86
848  51  GLN  O  3.102  -3.163  14.894  9.15
849  51  GLN  CB  2.166  -0.724  13.16  4.59
850  51  GLN  CG  1.515  -0.111  11.91  1.98
851  51  GLN  CD  2.51  -0.116  10.746  8.32
852  51  GLN  OE1  2.233  -0.659  9.696  4.43
853  51  GLN  NE2  3.666  0.473  10.89  3.34
854  51  GLN  H  -0.335  -1.085  13.349  3.11
855  51  GLN  HA  1.672  -2.701  12.824  1.19
856  51  GLN  HB2  2.077  -0.108  13.904  1.19
857  51  GLN  HB3  3.107  -0.885  12.989  4.09
858  51  GLN  HG2  0.73  -0.625  11.664  2.63
859  51  GLN  HG3  1.252  0.803  12.102  2.78
860  51  GLN  HE21  3.863  0.857  11.634  39.14
861  51  GLN  HE22  4.231  0.475  10.242  19.28
862  52  LYS  N  1.369  -2.301  15.946  58.55
863  52  LYS  CA  1.884  -2.756  17.275  4.29
864  52  LYS  C  1.208  -4.063  17.7  8.6
865  52  LYS  O  1.761  -4.826  18.471  4.65
866  52  LYS  CB  1.595  -1.68  18.324  1.83
867  52  LYS  CG  2.6  -0.536  18.177  1.74
868  52  LYS  CD  2.969  0.008  19.561  1.46
869  52  LYS  CE  4.449  0.397  19.582  1.46
870  52  LYS  NZ  4.643  1.658  18.814  2.98
871  52  LYS  H  0.632  -1.86  15.902  2.98
872  52  LYS  HA  2.842  -2.894  17.217  2.24
873  52  LYS  HB2  0.696  -1.34  18.195  4.05
874  52  LYS  HB3  1.67  -2.065  19.211  43.92
875  52  LYS  HG2  3.399  -0.863  17.734  121.04
876  52  LYS  HG3  2.206  0.175  17.648  50.82
877  52  LYS  HD2  2.427  0.788  19.756  67.09
878  52  LYS  HD3  2.806  -0.674  20.231  8.47
879  52  LYS  HE2  4.734  0.53  20.499  7.96
880  52  LYS  HE3  4.975  -0.312  19.18  4.29
881  52  LYS  HZ1  3.907  1.837  18.347  2.1
882  52  LYS  HZ2  4.807  2.327  19.377  2.1
883  52  LYS  HZ3  5.332  1.565  18.258  2.17
884  53  ILE  N  0.016  -4.319  17.226  4.46
885  53  ILE  CA  -0.696  -5.57  17.628  2.31
886  53  ILE  C  -1.081  -6.387  16.387  1.95
887  53  ILE  O  -0.775  -7.562  16.299  2.03
888  53  ILE  CB  -1.953  -5.195  18.426  2.03
889  53  ILE  CG1  -1.545  -4.39  19.664  3.78
890  53  ILE  CG2  -2.688  -6.464  18.874  3.66
891  53  ILE  CD  -1.567  -2.895  19.342  4.12
892  53  ILE  H  -0.363  -3.76  16.694  4.44
893  53  ILE  HA  -0.111  -6.101  18.19  4.44
894  53  ILE  HB  -2.541  -4.661  17.87  7.65
895  53  ILE  HG12  -2.165  -4.573  20.387  45.4
896  53  ILE  HG13  -0.649  -4.646  19.935  3.14
897  53  ILE  HG21  -2.069  -7.047  19.34  8.23
898  53  ILE  HG22  -3.416  -6.223  19.468  4.44
899  53  ILE  HG23  -3.044  -6.922  18.097  3.9
900  53  ILE  HD11  -2.508  -2.639  18.878  3.85
901  53  ILE  HD12  -1.45  -2.328  20.253  3.18
902  53  ILE  HD13  -0.758  -2.659  18.668  3.27
903  54  HSE  N  -1.757  -5.786  15.438  117.35
904  54  HSE  CA  -2.164  -6.542  14.218  5.63
905  54  HSE  C  -0.952  -6.72  13.297  45.41
906  54  HSE  O  -0.336  -7.769  13.273  8.78
907  54  HSE  CB  -3.275  -5.778  13.487  4.11
908  54  HSE  CG  -4.49  -5.697  14.369  1.48
909  54  HSE  ND1  -5.227  -6.816  14.72  8.09
910  54  HSE  CD2  -5.109  -4.634  14.983  3.45
911  54  HSE  CE1  -6.236  -6.407  15.511  8.44
912  54  HSE  NE2  -6.211  -5.085  15.702  4.34
913  54  HSE  H  -1.999  -4.843  15.531  2.13
914  54  HSE  HA  -2.533  -7.515  14.509  1.95
915  54  HSE  HB2  -2.937  -4.781  13.253  2.31
916  54  HSE  HB3  -3.529  -6.297  12.575  2.31
917  54  HSE  HD1  -5.047  -7.739  14.443  127.68
918  54  HSE  HD2  -4.787  -3.605  14.916  3.18
919  54  HSE  HE1  -6.978  -7.066  15.938  3.49
920  55  SER  N  -0.602  -5.705  12.543  8.1
921  55  SER  CA  0.575  -5.812  11.626  3.7
922  55  SER  C  0.73  -4.509  10.835  8.82
923  55  SER  O  0.118  -3.505  11.149  4.47
924  55  SER  CB  0.371  -6.981  10.657  8.22
925  55  SER  OG  1.378  -7.959  10.886  8.23
926  55  SER  H  -1.051  -4.972  12.579  4.6
927  55  SER  HA  1.377  -5.969  12.148  2.73
928  55  SER  HB2  -0.5  -7.379  10.812  2.6
929  55  SER  HB3  0.42  -6.663  9.742  119.88
930  55  SER  HG  2.122  -7.61  10.714  114.16
931  56  GLY  N  1.543  -4.526  9.81  6.49
932  56  GLY  CA  1.747  -3.3  8.985  124.87
933  56  GLY  C  1.822  -3.69  7.508  7.16
934  56  GLY  O  0.843  -4.109  6.919  7.82
935  56  GLY  H  1.961  -5.251  9.609  4.84
936  56  GLY  HA2  1.006  -2.689  9.124  2.44
937  56  GLY  HA3  2.576  -2.869  9.245  8.19
938  57  ASN  N  2.978  -3.556  6.906  4.6
939  57  ASN  CA  3.132  -3.92  5.463  2.73
940  57  ASN  C  2.173  -3.08  4.611  2.73
941  57  ASN  O  1.549  -3.574  3.691  1.78
942  57  ASN  CB  2.818  -5.407  5.273  6.23
943  57  ASN  CG  3.703  -6.239  6.204  120.95
944  57  ASN  OD1  4.873  -6.431  5.938  59.67
945  57  ASN  ND2  3.19  -6.743  7.292  29.59
946  57  ASN  H  3.656  -3.259  7.345  118.74
947  57  ASN  HA  4.044  -3.746  5.184  33.61
948  57  ASN  HB2  1.885  -5.569  5.482  3.39
949  57  ASN  HB3  2.992  -5.66  4.353  8.98
950  57  ASN  HD21  2.362  -6.608  7.48  8.03
951  57  ASN  HD22  3.68  -7.211  7.821  4.34
952  58  LEU  N  2.055  -1.81  4.914  1.89
953  58  LEU  CA  1.14  -0.923  4.131  1.8
954  58  LEU  C  -0.296  -1.45  4.227  1.45
955  58  LEU  O  -0.763  -2.164  3.36  1.45
956  58  LEU  CB  1.576  -0.9  2.663  3.02
957  58  LEU  CG  0.742  0.128  1.898  3.02
958  58  LEU  CD1  1.401  1.505  2.006  8.01
959  58  LEU  CD2  0.655  -0.281  0.426  3.65
960  58  LEU  H  2.506  -1.483  5.569  1.28
961  58  LEU  HA  1.177  -0.024  4.492  1.52
962  58  LEU  HB2  2.514  -0.659  2.609  9.27
963  58  LEU  HB3  1.444  -1.777  2.271  4.28
964  58  LEU  HG  -0.15  0.168  2.277  2.54
965  58  LEU  HD11  1.6  1.696  2.936  2.59
966  58  LEU  HD12  2.224  1.509  1.493  118.69
967  58  LEU  HD13  0.799  2.181  1.657  4.06
968  58  LEU  HD21  0.239  -1.155  0.358  53.1
969  58  LEU  HD22  0.124  0.369  -0.06  54.77
970  58  LEU  HD23  1.547  -0.316  0.047  -0.38
971  59  GLY  N  -0.994  -1.099  5.278  46.11
972  59  GLY  CA  -2.4  -1.573  5.442  34.88
973  59  GLY  C  -2.695  -1.789  6.928  4.15
974  59  GLY  O  -1.829  -1.641  7.768  1.91
975  59  GLY  H  -0.64  -0.593  5.876  1.91
976  59  GLY  HA2  -3.008  -0.908  5.083  2.55
977  59  GLY  HA3  -2.518  -2.41  4.967  2.55
978  60  GLU  N  -3.915  -2.139  7.255  119.94
979  60  GLU  CA  -4.282  -2.369  8.686  1.42
980  60  GLU  C  -4.054  -1.087  9.49  1.77
981  60  GLU  O  -5.011  -0.357  9.691  40.54
982  60  GLU  CB  -3.421  -3.496  9.267  0.81
983  60  GLU  CG  -3.522  -4.731  8.37  116.34
984  60  GLU  CD  -2.588  -5.822  8.897  53.95
985  60  GLU  OE1  -1.401  -5.74  8.627  8.22
986  60  GLU  OE2  -3.075  -6.721  9.562  8.57
987  60  GLU  OXT  -2.925  -0.856  9.891  7.88
988  60  GLU  H  -4.509  -2.237  6.641  4.46
989  60  GLU  HA  -5.217  -2.619  8.742  2.76
990  60  GLU  HB2  -2.498  -3.203  9.313  2.65
991  60  GLU  HB3  -3.735  -3.718  10.157  119.54
992  60  GLU  HG2  -4.436  -5.055  8.351  51.6
993  60  GLU  HG3  -3.284  -4.501  7.458  121.16
