1  1  ASP  N  15.865  6.571  9.459  121.56
2  1  ASP  CA  14.469  6.893  9.143  53.68
3  1  ASP  C  13.701  5.6  8.877  174.05
4  1  ASP  O  14.242  4.678  8.262  55.76
5  1  ASP  CB  14.378  7.805  7.902  40.78
6  1  ASP  CG  14.897  7.151  6.649  31.59
7  1  ASP  OD1  16.113  6.974  6.531  19.76
8  1  ASP  OD2  14.105  6.828  5.754  3.7
9  1  ASP  H  16.188  7.149  10.054  8.58
10  1  ASP  H2  16.352  6.613  8.715  122.61
11  1  ASP  H3  15.944  5.747  9.786  60.66
12  1  ASP  HA  14.14  7.371  9.92  4.57
13  1  ASP  HB2  13.452  8.051  7.753  2.58
14  1  ASP  HB3  14.895  8.61  8.062  72.03
15  2  CYS  N  12.477  5.499  9.363  113.06
16  2  CYS  CA  11.643  4.351  9.112  56.28
17  2  CYS  C  10.206  4.705  9.442  172.76
18  2  CYS  O  9.944  5.717  10.109  5.07
19  2  CYS  CB  12.116  3.146  9.967  30.88
20  2  CYS  SG  12.311  3.527  11.722  119.13
21  2  CYS  H  12.118  6.086  9.879  7.92
22  2  CYS  HA  11.728  4.136  8.17  5.23
23  2  CYS  HB2  11.482  2.413  9.928  2.96
24  2  CYS  HB3  12.979  2.845  9.643  2.75
25  2  CYS  HG  11.214  3.711  12.172  62.72
26  3  CYS  N  9.298  3.935  8.945  116.94
27  3  CYS  CA  7.921  4.088  9.264  56.18
28  3  CYS  C  7.299  2.71  9.275  170.94
29  3  CYS  O  7.75  1.812  8.541  27.35
30  3  CYS  CB  7.229  5.009  8.244  30.88
31  3  CYS  SG  5.509  5.427  8.62  4.59
32  3  CYS  H  9.511  3.323  8.38  9.35
33  3  CYS  HA  7.855  4.475  10.151  4.93
34  3  CYS  HB2  7.716  5.847  8.203  3.01
35  3  CYS  HB3  7.248  4.585  7.372  2.96
36  3  CYS  HG  5.137  4.743  9.533  4.37
37  4  ILE  N  6.316  2.54  10.102  122.06
38  4  ILE  CA  5.619  1.297  10.256  59.88
39  4  ILE  C  4.249  1.462  9.635  176.64
40  4  ILE  O  3.498  2.361  10.014  177.31
41  4  ILE  CB  5.461  0.952  11.765  123.83
42  4  ILE  CG1  6.854  0.811  12.435  44.43
43  4  ILE  CG2  4.646  -0.368  11.952  18.08
44  4  ILE  CD  7.773  -0.34  11.788  19.41
45  4  ILE  H  6.051  3.201  10.585  8.44
46  4  ILE  HA  6.11  0.588  9.811  4.89
47  4  ILE  HB  5.028  1.741  12.127  1.79
48  4  ILE  HG12  7.244  1.698  12.386  1.55
49  4  ILE  HG13  6.689  0.651  13.377  1.15
50  4  ILE  HG21  4.501  -0.595  12.884  2.32
51  4  ILE  HG22  5.183  -1.083  11.577  118.28
52  4  ILE  HG23  3.798  -0.347  11.481  121.01
53  4  ILE  HD11  7.965  -0.148  10.739  60.89
54  4  ILE  HD12  7.27  -1.299  11.796  175.23
55  4  ILE  HD13  8.734  -0.486  12.273  7.84
56  5  ILE  N  3.939  0.635  8.67  120.35
57  5  ILE  CA  2.68  0.737  7.967  58.88
58  5  ILE  C  1.996  -0.63  8  173.79
59  5  ILE  O  2.654  -1.658  8.237  8.72
60  5  ILE  CB  2.885  1.222  6.477  4.8
61  5  ILE  CG1  3.586  0.022  5.653  2.27
62  5  ILE  CG2  3.722  2.659  6.464  17.88
63  5  ILE  CD  3.731  0.162  4.027  1.53
64  5  ILE  H  4.481  0.009  8.44  8.96
65  5  ILE  HA  2.075  1.335  8.433  5.29
66  5  ILE  HB  1.971  1.321  6.166  2.09
67  5  ILE  HG12  4.414  -0.194  6.11  1.1
68  5  ILE  HG13  3.05  -0.758  5.867  0.99
69  5  ILE  HG21  4.626  2.602  6.812  54.02
70  5  ILE  HG22  3.343  3.303  7.082  174.86
71  5  ILE  HG23  3.765  3.174  5.643  120.59
72  5  ILE  HD11  4.437  0.898  3.662  34.23
73  5  ILE  HD12  2.8  0.409  3.531  175.33
74  5  ILE  HD13  4.031  -0.766  3.552  54.35
75  6  ARG  N  0.709  -0.642  7.798  120.13
76  6  ARG  CA  -0.066  -1.863  7.824  55.28
77  6  ARG  C  -0.605  -2.137  6.427  176.12
78  6  ARG  O  -0.877  -1.211  5.684  121.54
79  6  ARG  CB  -1.236  -1.682  8.784  32.48
80  6  ARG  CG  -2.011  -2.965  9.081  27.78
81  6  ARG  CD  -3.387  -2.694  9.707  43.78
82  6  ARG  NE  -3.366  -1.948  10.988  42.98
83  6  ARG  CZ  -4.313  -1.087  11.371  1.89
84  6  ARG  NH1  -5.377  -0.859  10.598  8.06
85  6  ARG  NH2  -4.196  -0.463  12.533  4.17
86  6  ARG  H  0.286  0.094  7.661  8.99
87  6  ARG  HA  0.487  -2.599  8.129  5.27
88  6  ARG  HB2  -0.838  -1.319  9.591  2.15
89  6  ARG  HB3  -1.844  -1.018  8.422  1.68
90  6  ARG  HG2  -2.149  -3.422  8.237  1.58
91  6  ARG  HG3  -1.486  -3.539  9.661  1.41
92  6  ARG  HD2  -3.927  -2.204  9.067  2.91
93  6  ARG  HD3  -3.818  -3.549  9.861  2.62
94  6  ARG  HE  -2.716  -2.081  11.535  7.29
95  6  ARG  HH11  -5.49  -1.25  9.84  2.78
96  6  ARG  HH12  -5.993  -0.303  10.826  8.14
97  6  ARG  HH21  -3.521  -0.586  13.051  120.27
98  6  ARG  HH22  -4.793  0.08  12.831  54.24
99  7  VAL  N  -0.727  -3.401  6.063  120.17
100  7  VAL  CA  -1.252  -3.764  4.747  60.48
101  7  VAL  C  -2.349  -4.805  4.953  57.89
102  7  VAL  O  -2.186  -5.749  5.756  176.28
103  7  VAL  CB  -0.147  -4.39  3.775  35.18
104  7  VAL  CG1  -0.721  -4.674  2.308  120.39
105  7  VAL  CG2  1.151  -3.506  3.651  121.06
106  7  VAL  H  -0.51  -4.03  6.608  9.45
107  7  VAL  HA  -1.646  -2.959  4.377  5.33
108  7  VAL  HB  0.054  -5.208  4.257  1.91
109  7  VAL  HG11  -0.063  -5.144  1.772  1.75
110  7  VAL  HG12  -0.868  -3.851  1.817  1.22
111  7  VAL  HG13  -1.544  -5.187  2.291  8.29
112  7  VAL  HG21  1.864  -3.998  3.214  1.81
113  7  VAL  HG22  1.507  -3.143  4.477  3.19
114  7  VAL  HG23  0.978  -2.761  3.054  2.92
115  8  SER  N  -3.418  -4.64  4.248  128.13
116  8  SER  CA  -4.553  -5.508  4.296  120.52
117  8  SER  C  -5.057  -5.737  2.805  172.24
118  8  SER  O  -4.66  -4.986  1.9  176.36
119  8  SER  CB  -5.582  -4.822  5.273  65.08
120  8  SER  OG  -5.839  -3.502  4.863  111.05
121  8  SER  H  -3.492  -3.949  3.741  9.38
122  8  SER  HA  -4.29  -6.387  4.61  5.11
123  8  SER  HB2  -6.443  -5.264  5.328  3.42
124  8  SER  HB3  -5.258  -4.727  6.182  3.17
125  8  SER  HG  -5.327  -2.971  5.264  8.04
126  9  LEU  N  -5.848  -6.798  2.536  120.85
127  9  LEU  CA  -6.237  -7.123  1.146  54.18
128  9  LEU  C  -7.71  -6.871  0.88  177.67
129  9  LEU  O  -8.529  -6.956  1.775  174.74
130  9  LEU  CB  -5.995  -8.61  0.847  42.28
131  9  LEU  CG  -4.55  -9.133  0.883  27.18
132  9  LEU  CD1  -4.558  -10.753  1.186  23.78
133  9  LEU  CD2  -3.846  -8.747  -0.522  25.18
134  9  LEU  H  -6.172  -7.301  3.154  8.77
135  9  LEU  HA  -5.691  -6.604  0.536  4.71
136  9  LEU  HB2  -6.559  -9.162  1.411  1.57
137  9  LEU  HB3  -6.307  -8.656  -0.07  1.36
138  9  LEU  HG  -4.129  -8.643  1.607  1.06
139  9  LEU  HD11  -5.009  -11.316  0.538  4.05
140  9  LEU  HD12  -5.047  -10.94  2.003  181.38
141  9  LEU  HD13  -3.686  -11.144  1.351  118.79
142  9  LEU  HD21  -2.911  -8.985  -0.622  53.26
143  9  LEU  HD22  -3.894  -7.789  -0.667  175.66
144  9  LEU  HD23  -4.325  -9.096  -1.29  3.95
145  10  ASP  N  -8.038  -6.571  -0.369  122.67
146  10  ASP  CA  -9.454  -6.516  -0.813  55.78
147  10  ASP  C  -9.878  -7.941  -1.098  176.12
148  10  ASP  O  -10.957  -8.395  -0.736  114.56
149  10  ASP  CB  -9.581  -5.749  -2.141  41.28
150  10  ASP  CG  -11.017  -5.481  -2.538  177.01
151  10  ASP  OD1  -11.556  -4.421  -2.164  29.97
152  10  ASP  OD2  -11.621  -6.297  -3.27  35.64
153  10  ASP  H  -7.411  -6.365  -0.92  8.51
154  10  ASP  HA  -10.011  -6.111  -0.13  4.47
155  10  ASP  HB2  -9.094  -4.91  -2.146  2.78
156  10  ASP  HB3  -9.206  -6.319  -2.83  2.54
157  11  VAL  N  -8.936  -8.628  -1.716  115.46
158  11  VAL  CA  -9.029  -10.002  -2.229  61.98
159  11  VAL  C  -9.501  -11.05  -1.181  175.6
160  11  VAL  O  -10.166  -12.03  -1.531  3.93
161  11  VAL  CB  -7.629  -10.404  -2.851  32.98
162  11  VAL  CG1  -7.456  -11.953  -3.2  19.78
163  11  VAL  CG2  -7.373  -9.573  -4.104  21.48
164  11  VAL  H  -8.197  -8.209  -1.851  7.83
165  11  VAL  HA  -9.669  -9.909  -2.952  4.23
166  11  VAL  HB  -7.005  -10.088  -2.179  2.2
167  11  VAL  HG11  -7.625  -12.539  -2.446  123.55
168  11  VAL  HG12  -6.548  -12.135  -3.488  21.76
169  11  VAL  HG13  -8  -12.25  -3.946  8.25
170  11  VAL  HG21  -7.37  -8.631  -3.874  3.97
171  11  VAL  HG22  -8.068  -9.745  -4.758  4.22
172  11  VAL  HG23  -6.511  -9.816  -4.478  54.94
173  12  ASP  N  -9.198  -10.838  0.072  121.49
174  12  ASP  CA  -9.526  -11.827  1.092  54.68
175  12  ASP  C  -10.195  -11.215  2.317  176.12
176  12  ASP  O  -11.324  -11.57  2.632  3.08
177  12  ASP  CB  -8.307  -12.735  1.447  40.78
178  12  ASP  CG  -8.544  -13.637  2.641  177.89
179  12  ASP  OD1  -9.193  -14.69  2.49  1.35
180  12  ASP  OD2  -8.056  -13.329  3.741  41.47
181  12  ASP  H  -8.854  -10.083  0.297  8.2
182  12  ASP  HA  -10.204  -12.387  0.682  4.63
183  12  ASP  HB2  -8.188  -13.335  0.694  2.79
184  12  ASP  HB3  -7.468  -12.262  1.561  2.69
185  13  ASN  N  -9.544  -10.254  2.972  118.21
186  13  ASN  CA  -10.077  -9.633  4.175  53.18
187  13  ASN  C  -9.125  -8.52  4.557  174.6
188  13  ASN  O  -7.94  -8.56  4.15  1.54
189  13  ASN  CB  -10.192  -10.669  5.316  38.68
190  13  ASN  CG  -10.887  -10.135  6.553  177.84
191  13  ASN  OD1  -10.251  -9.598  7.438  2.09
192  13  ASN  ND2  -12.189  -10.282  6.619  112.7
193  13  ASN  H  -8.785  -9.926  2.737  8.28
194  13  ASN  HA  -10.949  -9.26  3.971  4.68
195  13  ASN  HB2  -10.692  -11.436  4.996  2.89
196  13  ASN  HB3  -9.299  -10.957  5.563  2.82
197  13  ASN  HD21  -12.602  -10.666  5.97  6.93
198  13  ASN  HD22  -12.607  -10  7.316  7.7
199  14  GLY  N  -9.605  -7.529  5.273  107.95
200  14  GLY  CA  -8.782  -6.418  5.605  45.88
201  14  GLY  C  -8.374  -6.38  7.06  174.05
202  14  GLY  O  -7.796  -7.343  7.576  38.81
203  14  GLY  H  -10.415  -7.534  5.563  8.46
204  14  GLY  HA2  -7.991  -6.486  5.048  3.96
205  14  GLY  HA3  -9.252  -5.599  5.381  3.91
206  15  ASN  N  -8.645  -5.231  7.684  117.24
207  15  ASN  CA  -8.38  -4.865  9.119  53.68
208  15  ASN  C  -6.905  -4.878  9.54  174.83
209  15  ASN  O  -6.435  -3.928  10.173  2.78
210  15  ASN  CB  -9.292  -5.559  10.184  39.18
211  15  ASN  CG  -9.14  -7.085  10.325  177.33
212  15  ASN  OD1  -8.301  -7.559  11.095  122.23
213  15  ASN  ND2  -9.946  -7.857  9.631  112.1
214  15  ASN  H  -8.993  -4.62  7.188  8.18
215  15  ASN  HA  -8.598  -3.92  9.125  4.61
216  15  ASN  HB2  -9.031  -5.179  11.038  2.8
217  15  ASN  HB3  -10.218  -5.312  10.032  119.22
218  15  ASN  HD21  -10.54  -7.533  9.1  6.92
219  15  ASN  HD22  -9.863  -8.708  9.719  7.6
220  16  MET  N  -6.198  -5.93  9.191  119.36
221  16  MET  CA  -4.823  -6.13  9.466  54.98
222  16  MET  C  -4.419  -7.462  8.883  175.35
223  16  MET  O  -5.112  -8.453  9.078  2.14
224  16  MET  CB  -4.486  -6.078  10.962  32.48
225  16  MET  CG  -2.985  -6.149  11.259  32.38
226  16  MET  SD  -2.581  -6.034  13.019  3.17
227  16  MET  CE  -3.3  -4.441  13.438  17.28
228  16  MET  H  -6.557  -6.562  8.731  8.2
229  16  MET  HA  -4.365  -5.426  8.98  4.62
230  16  MET  HB2  -4.868  -5.292  11.384  2.15
231  16  MET  HB3  -4.916  -6.862  11.339  2.08
232  16  MET  HG2  -2.603  -6.966  10.903  2.6
233  16  MET  HG3  -2.583  -5.396  10.798  2.55
234  16  MET  HE1  -4.262  -4.479  13.322  8.41
235  16  MET  HE2  -2.937  -3.763  12.846  4.68
236  16  MET  HE3  -3.09  -4.215  14.358  4.54
237  17  TYR  N  -3.358  -7.477  8.121  120.82
238  17  TYR  CA  -2.866  -8.716  7.572  58.18
239  17  TYR  C  -1.385  -8.835  7.904  176.07
240  17  TYR  O  -0.981  -9.756  8.585  2.08
241  17  TYR  CB  -3.115  -8.767  6.061  38.78
242  17  TYR  CG  -3.71  -10.073  5.556  3.89
243  17  TYR  CD1  -5.095  -10.228  5.495  133.08
244  17  TYR  CD2  -2.914  -11.149  5.142  133.08
245  17  TYR  CE1  -5.666  -11.394  5.047  118.48
246  17  TYR  CE2  -3.492  -12.324  4.693  118.48
247  17  TYR  CZ  -4.869  -12.437  4.648  30.12
248  17  TYR  OH  -5.451  -13.608  4.219  34.23
249  17  TYR  H  -2.952  -6.744  7.929  8.2
250  17  TYR  HA  -3.335  -9.442  8.012  4.69
251  17  TYR  HB2  -3.752  -8.065  5.854  2.87
252  17  TYR  HB3  -2.282  -8.584  5.599  2.83
253  17  TYR  HD1  -5.652  -9.531  5.756  6.98
254  17  TYR  HD2  -1.986  -11.099  5.162  3.76
255  17  TYR  HE1  -6.592  -11.476  5.014  6.88
256  17  TYR  HE2  -2.953  -13.03  4.419  2.51
257  17  TYR  HH  -6.193  -13.407  3.88  1.34
258  18  LYS  N  -0.581  -7.897  7.413  118.73
259  18  LYS  CA  0.836  -7.839  7.764  2.68
260  18  LYS  C  1.323  -6.409  7.748  113.87
261  18  LYS  O  0.671  -5.542  7.153  60.79
262  18  LYS  CB  1.711  -8.729  6.88  173.08
263  18  LYS  CG  1.794  -8.346  5.403  1.7
264  18  LYS  CD  2.707  -9.345  4.646  70.61
265  18  LYS  CE  2.224  -10.809  4.756  111.22
266  18  LYS  NZ  3.226  -11.778  4.24  21.55
267  18  LYS  H  -0.881  -7.294  6.878  8.37
268  18  LYS  HA  0.897  -8.146  8.682  4.75
269  18  LYS  HB2  2.611  -8.733  7.241  1.52
270  18  LYS  HB3  1.344  -9.624  6.949  1.29
271  18  LYS  HG2  0.9  -8.305  5.028  0.94
272  18  LYS  HG3  2.179  -7.458  5.333  0.57
273  18  LYS  HD2  2.716  -9.1  3.708  1.58
274  18  LYS  HD3  3.607  -9.28  5.002  1.07
275  18  LYS  HE2  2.019  -11.025  5.679  2.83
276  18  LYS  HE3  1.42  -10.92  4.225  2.7
277  18  LYS  HZ1  3.3  -11.698  3.357  133.07
278  18  LYS  HZ2  3.029  -12.628  4.416  41.61
279  18  LYS  HZ3  4.037  -11.624  4.572  118.37
280  19  SER  N  2.416  -6.165  8.409  119.25
281  19  SER  CA  2.995  -4.854  8.496  58.38
282  19  SER  C  4.337  -4.797  7.744  173.79
283  19  SER  O  5.085  -5.783  7.71  7.49
284  19  SER  CB  3.177  -4.486  9.956  64.08
285  19  SER  OG  1.945  -4.609  10.667  8.38
286  19  SER  H  2.832  -6.803  8.809  8.79
287  19  SER  HA  2.384  -4.222  8.086  5.44
288  19  SER  HB2  3.846  -5.06  10.361  3.76
289  19  SER  HB3  3.467  -3.561  9.988  3.72
290  19  SER  HG  1.885  -5.421  10.874  0.67
291  20  ILE  N  4.617  -3.669  7.11  122.44
292  20  ILE  CA  5.865  -3.501  6.347  58.88
293  20  ILE  C  6.568  -2.251  6.93  173.27
294  20  ILE  O  5.902  -1.27  7.284  129.56
295  20  ILE  CB  5.603  -3.273  4.767  41.28
296  20  ILE  CG1  4.421  -4.087  4.181  173.92
297  20  ILE  CG2  6.831  -3.554  3.842  18.98
298  20  ILE  CD  4.497  -5.65  4.206  31.84
299  20  ILE  H  4.076  -3.004  7.172  9.22
300  20  ILE  HA  6.484  -4.227  6.523  4.46
301  20  ILE  HB  5.342  -2.339  4.745  1.7
302  20  ILE  HG12  3.626  -3.718  4.596  1.21
303  20  ILE  HG13  4.364  -3.826  3.249  1.15
304  20  ILE  HG21  7.612  -2.989  3.951  5.01
305  20  ILE  HG22  6.509  -3.463  2.931  1.85
306  20  ILE  HG23  7.08  -4.49  3.899  1.9
307  20  ILE  HD11  5.433  -5.979  3.78  1.91
308  20  ILE  HD12  3.74  -6.023  3.525  116.1
309  20  ILE  HD13  4.327  -6.12  5.165  124.97
310  21  LEU  N  7.872  -2.318  7.106  126.92
311  21  LEU  CA  8.642  -1.194  7.535  54.68
312  21  LEU  C  9.202  -0.532  6.276  175.6
313  21  LEU  O  9.84  -1.191  5.455  4.27
314  21  LEU  CB  9.738  -1.673  8.557  42.78
315  21  LEU  CG  10.739  -0.603  9.134  27.78
316  21  LEU  CD1  11.563  -1.157  10.377  25.48
317  21  LEU  CD2  11.748  -0.215  8.062  56.96
318  21  LEU  H  8.321  -3.038  6.967  8.37
319  21  LEU  HA  8.036  -0.573  7.968  4.69
320  21  LEU  HB2  9.203  -2.042  9.277  1.72
321  21  LEU  HB3  10.233  -2.407  8.161  1.45
322  21  LEU  HG  10.191  0.174  9.327  1.38
323  21  LEU  HD11  12.051  -1.958  10.129  7.59
324  21  LEU  HD12  11.054  -1.356  11.178  4.08
325  21  LEU  HD13  12.24  -0.514  10.637  56.69
326  21  LEU  HD21  12.315  0.508  8.373  175.37
327  21  LEU  HD22  11.248  0.042  7.272  8.49
328  21  LEU  HD23  12.286  -0.99  7.837  41.34
329  22  VAL  N  8.945  0.736  6.124  127.78
330  22  VAL  CA  9.337  1.473  4.926  60.98
331  22  VAL  C  10.327  2.599  5.305  174.83
332  22  VAL  O  10.199  3.203  6.376  7.02
333  22  VAL  CB  8.026  2.047  4.206  33.98
334  22  VAL  CG1  7.241  2.964  5.208  126.57
335  22  VAL  CG2  8.312  2.89  2.882  21.48
336  22  VAL  H  8.54  1.153  6.758  9.27
337  22  VAL  HA  9.765  0.822  4.348  4.36
338  22  VAL  HB  7.551  1.228  3.995  2.16
339  22  VAL  HG11  6.969  2.513  6.022  7.11
340  22  VAL  HG12  6.47  3.393  4.805  29.9
341  22  VAL  HG13  7.846  3.678  5.462  7.37
342  22  VAL  HG21  7.478  3.233  2.525  29.24
343  22  VAL  HG22  8.74  2.433  2.141  8.21
344  22  VAL  HG23  8.828  3.681  3.103  4.68
345  23  THR  N  11.345  2.806  4.491  115.95
346  23  THR  CA  12.265  3.916  4.674  59.88
347  23  THR  C  11.897  4.99  3.624  176.9
348  23  THR  O  11.145  4.706  2.693  2.03
349  23  THR  CB  13.764  3.471  4.466  71.78
350  23  THR  OG1  13.847  2.813  3.183  1.42
351  23  THR  CG2  14.365  2.502  5.604  21.18
352  23  THR  H  11.497  2.296  3.815  8.89
353  23  THR  HA  12.127  4.319  5.546  5.03
354  23  THR  HB  14.27  4.296  4.396  4.51
355  23  THR  HG1  14.346  2.141  3.251  8.93
356  23  THR  HG21  13.829  1.704  5.733  9.2
357  23  THR  HG22  14.524  2.888  6.48  4.68
358  23  THR  HG23  15.229  2.169  5.316  2.9
359  24  SER  N  12.437  6.189  3.76  114.95
360  24  SER  CA  12.116  7.307  2.858  59.88
361  24  SER  C  12.679  7.07  1.438  173.79
362  24  SER  O  12.243  7.708  0.469  32.11
363  24  SER  CB  12.696  8.641  3.432  62.48
364  24  SER  OG  12.511  8.703  4.848  28.84
365  24  SER  H  12.967  6.35  4.418  8.13
366  24  SER  HA  11.147  7.346  2.837  3.34
367  24  SER  HB2  13.626  8.79  3.198  3.89
368  24  SER  HB3  12.257  9.426  3.069  3.06
369  24  SER  HG  12.987  8.097  5.181  27.51
370  25  GLN  N  13.631  6.162  1.325  117.21
371  25  GLN  CA  14.298  5.919  0.065  55.28
372  25  GLN  C  13.457  5.022  -0.836  176.12
373  25  GLN  O  13.532  5.116  -2.063  1.72
374  25  GLN  CB  15.705  5.321  0.316  29.88
375  25  GLN  CG  16.598  5.2  -0.922  34.08
376  25  GLN  CD  16.671  3.803  -1.556  180.68
377  25  GLN  OE1  17.68  3.445  -2.15  1.68
378  25  GLN  NE2  15.648  3.005  -1.426  112.6
379  25  GLN  H  13.84  5.708  2.025  7.57
380  25  GLN  HA  14.405  6.777  -0.375  4.34
381  25  GLN  HB2  16.171  5.859  0.975  2.23
382  25  GLN  HB3  15.587  4.429  0.677  1.77
383  25  GLN  HG2  16.232  5.799  -1.591  2.31
384  25  GLN  HG3  17.495  5.491  -0.694  29.93
385  25  GLN  HE21  14.952  3.262  -0.991  6.87
386  25  GLN  HE22  15.687  2.239  -1.814  7.48
387  26  ASP  N  12.67  4.154  -0.242  119.61
388  26  ASP  CA  11.89  3.21  -1.042  55.78
389  26  ASP  C  10.591  3.896  -1.434  176.64
390  26  ASP  O  9.818  4.329  -0.579  172.45
391  26  ASP  CB  11.658  1.881  -0.286  41.78
392  26  ASP  CG  11.423  0.695  -1.221  107.07
393  26  ASP  OD1  12.362  0.323  -1.977  109.86
394  26  ASP  OD2  10.339  0.077  -1.199  8.69
395  26  ASP  H  12.572  4.192  0.612  7.13
396  26  ASP  HA  12.401  3.05  -1.851  4.52
397  26  ASP  HB2  12.441  1.686  0.252  2.78
398  26  ASP  HB3  10.89  1.956  0.302  2.43
399  27  LYS  N  10.376  4.023  -2.716  124.13
400  27  LYS  CA  9.29  4.839  -3.236  54.68
401  27  LYS  C  7.953  4.125  -3.274  177.67
402  27  LYS  O  7.896  2.895  -3.27  62.3
403  27  LYS  CB  9.661  5.401  -4.612  34.48
404  27  LYS  CG  10.689  6.527  -4.551  26.18
405  27  LYS  CD  10.955  7.123  -5.903  29.18
406  27  LYS  CE  12.018  8.201  -5.805  41.68
407  27  LYS  NZ  11.718  9.21  -4.751  21.98
408  27  LYS  H  10.883  3.587  -3.257  9.04
409  27  LYS  HA  9.204  5.591  -2.629  5.14
410  27  LYS  HB2  10.062  4.666  -5.101  1.96
411  27  LYS  HB3  8.878  5.678  -5.113  1.86
412  27  LYS  HG2  10.34  7.245  -4  1.61
413  27  LYS  HG3  11.536  6.237  -4.177  1.33
414  27  LYS  HD2  11.265  6.419  -6.494  1.67
415  27  LYS  HD3  10.137  7.509  -6.253  7.08
416  27  LYS  HE2  12.87  7.781  -5.608  3.08
417  27  LYS  HE3  12.069  8.649  -6.664  6.64
418  27  LYS  HZ1  10.87  9.468  -4.829  63.66
419  27  LYS  HZ2  12.199  9.949  -4.869  43.33
420  27  LYS  HZ3  11.845  8.897  -3.927  50.64
421  28  ALA  N  6.87  4.92  -3.39  121.12
422  28  ALA  CA  5.493  4.368  -3.325  57.68
423  28  ALA  C  5.203  3.307  -4.391  8.11
424  28  ALA  O  4.683  2.282  -4.027  4.66
425  28  ALA  CB  4.315  5.438  -3.172  16.58
426  28  ALA  H  7.009  5.758  -3.526  8.24
427  28  ALA  HA  5.541  3.838  -2.514  3.85
428  28  ALA  HB1  4.192  5.981  -3.966  2.58
429  28  ALA  HB2  4.413  6.053  -2.429  60.59
430  28  ALA  HB3  3.465  4.991  -3.033  173.85
431  29  PRO  N  5.567  3.474  -5.713  1.75
432  29  PRO  CA  5.299  2.417  -6.701  66.58
433  29  PRO  C  6.049  1.13  -6.353  178.71
434  29  PRO  O  5.566  0.021  -6.617  123.4
435  29  PRO  CB  5.838  2.993  -8.013  30.88
436  29  PRO  CG  6.825  4.02  -7.582  176.36
437  29  PRO  CD  6.221  4.637  -6.362  50.98
438  29  PRO  HA  4.348  2.238  -6.762  4.29
439  29  PRO  HB2  6.258  2.286  -8.527  2.42
440  29  PRO  HB3  5.117  3.388  -8.527  1.88
441  29  PRO  HG2  7.671  3.596  -7.371  2.21
442  29  PRO  HG3  6.94  4.685  -8.279  2.08
443  29  PRO  HD2  6.898  5.044  -5.8  3.55
444  29  PRO  HD3  5.573  5.286  -6.677  1.74
445  30  ALA  N  7.22  1.274  -5.738  118.7
446  30  ALA  CA  7.973  0.088  -5.335  54.68
447  30  ALA  C  7.269  -0.549  -4.151  180.78
448  30  ALA  O  7.123  -1.731  -4.126  119.18
449  30  ALA  CB  9.501  0.362  -5.055  18.98
450  30  ALA  H  7.492  2.072  -5.569  7.26
451  30  ALA  HA  7.862  -0.558  -6.05  4.21
452  30  ALA  HB1  9.996  -0.455  -4.888  6.78
453  30  ALA  HB2  9.616  0.891  -4.25  118.86
454  30  ALA  HB3  9.938  0.836  -5.779  54.37
455  31  VAL  N  6.753  0.272  -3.233  119.6
456  31  VAL  CA  6  -0.22  -2.04  66.58
457  31  VAL  C  4.708  -0.888  -2.512  177.16
458  31  VAL  O  4.273  -1.888  -1.944  4.25
459  31  VAL  CB  5.681  0.889  -0.936  31.38
460  31  VAL  CG1  4.769  0.24  0.263  22.38
461  31  VAL  CG2  7.052  1.623  -0.378  2.33
462  31  VAL  H  6.85  1.116  -3.369  7.58
463  31  VAL  HA  6.523  -0.945  -1.664  3.42
464  31  VAL  HB  5.148  1.508  -1.459  1.99
465  31  VAL  HG11  4.444  0.853  0.941  129.66
466  31  VAL  HG12  5.207  -0.483  0.739  5.18
467  31  VAL  HG13  3.983  -0.192  -0.105  3.98
468  31  VAL  HG21  6.907  2.29  0.311  25.74
469  31  VAL  HG22  7.544  2.125  -1.046  123.68
470  31  VAL  HG23  7.719  1.024  -0.009  51.45
471  32  ILE  N  4.14  -0.328  -3.578  120.59
472  32  ILE  CA  2.92  -0.858  -4.23  66.48
473  32  ILE  C  3.219  -2.332  -4.546  20.37
474  32  ILE  O  2.51  -3.267  -4.109  7.44
475  32  ILE  CB  2.578  -0.115  -5.623  40.78
476  32  ILE  CG1  2.131  1.397  -5.482  7.28
477  32  ILE  CG2  1.482  -0.878  -6.417  18.58
478  32  ILE  CD  1.551  2.007  -6.818  3.92
479  32  ILE  H  4.565  0.366  -3.856  8.89
480  32  ILE  HA  2.171  -0.799  -3.616  3.31
481  32  ILE  HB  3.452  -0.147  -6.042  1.86
482  32  ILE  HG12  1.532  1.488  -4.724  0.85
483  32  ILE  HG13  2.87  1.986  -5.263  0.61
484  32  ILE  HG21  1.283  -0.425  -7.252  19.4
485  32  ILE  HG22  0.667  -0.825  -5.894  119.18
486  32  ILE  HG23  1.697  -1.809  -6.585  9
487  32  ILE  HD11  2.311  1.922  -7.583  15.91
488  32  ILE  HD12  1.31  3.059  -6.744  7.94
489  32  ILE  HD13  0.679  1.469  -7.172  53.65
490  33  ARG  N  4.338  -2.506  -5.211  119.6
491  33  ARG  CA  4.864  -3.798  -5.557  59.38
492  33  ARG  C  5.27  -4.624  -4.333  177.93
493  33  ARG  O  4.861  -5.741  -4.213  0.07
494  33  ARG  CB  6.004  -3.647  -6.544  31.98
495  33  ARG  CG  5.523  -3.899  -7.992  27.78
496  33  ARG  CD  6.319  -3.135  -9.059  44.78
497  33  ARG  NE  7.761  -3.161  -8.827  120.99
498  33  ARG  CZ  8.575  -2.106  -8.97  53.66
499  33  ARG  NH1  8.095  -0.941  -9.416  7.93
500  33  ARG  NH2  9.867  -2.231  -8.688  4.35
501  33  ARG  H  4.758  -1.791  -5.438  8.13
502  33  ARG  HA  4.137  -4.234  -6.029  4.05
503  33  ARG  HB2  6.405  -2.779  -6.383  2.18
504  33  ARG  HB3  6.705  -4.281  -6.325  1.93
505  33  ARG  HG2  5.529  -4.852  -8.172  1.56
506  33  ARG  HG3  4.599  -3.607  -8.033  4.42
507  33  ARG  HD2  6.147  -3.514  -9.935  3.48
508  33  ARG  HD3  5.982  -2.226  -9.093  3.14
509  33  ARG  HE  8.078  -3.92  -8.575  6.82
510  33  ARG  HH11  7.268  -0.838  -9.63  61.44
511  33  ARG  HH12  8.59  -0.243  -9.502  120.35
512  33  ARG  HH21  10.193  -2.979  -8.416  56.98
513  33  ARG  HH22  10.428  -1.584  -8.765  177.25
514  34  LYS  N  6.022  -4.022  -3.404  117.72
515  34  LYS  CA  6.544  -4.704  -2.185  59.88
516  34  LYS  C  5.443  -5.272  -1.343  179.49
517  34  LYS  O  5.549  -6.374  -0.839  5.03
518  34  LYS  CB  7.314  -3.749  -1.257  33.48
519  34  LYS  CG  8.472  -3.01  -1.876  26.38
520  34  LYS  CD  9.516  -3.934  -2.44  4.18
521  34  LYS  CE  10.642  -3.087  -3.123  41.68
522  34  LYS  NZ  11.418  -2.289  -2.134  2.66
523  34  LYS  H  6.227  -3.2  -3.554  7.54
524  34  LYS  HA  7.147  -5.414  -2.456  4.17
525  34  LYS  HB2  6.678  -3.105  -0.907  1.98
526  34  LYS  HB3  7.647  -4.268  -0.509  1.8
527  34  LYS  HG2  8.135  -2.454  -2.596  1.76
528  34  LYS  HG3  8.88  -2.444  -1.202  1.58
529  34  LYS  HD2  9.814  -4.431  -1.662  1.86
530  34  LYS  HD3  9.1  -4.554  -3.06  1.56
531  34  LYS  HE2  11.245  -3.56  -3.718  2.93
532  34  LYS  HE3  10.191  -2.433  -3.679  2.88
533  34  LYS  HZ1  10.864  -1.827  -1.613  9.24
534  34  LYS  HZ2  11.971  -1.699  -2.505  4.55
535  34  LYS  HZ3  11.89  -2.803  -1.581  2.46
536  35  ALA  N  4.407  -4.527  -1.171  121.19
537  35  ALA  CA  3.335  -4.963  -0.287  55.28
538  35  ALA  C  2.519  -6.063  -0.954  178.97
539  35  ALA  O  2.164  -7.045  -0.301  1.67
540  35  ALA  CB  2.462  -3.774  0.271  18.98
541  35  ALA  H  4.387  -3.786  -1.607  8.53
542  35  ALA  HA  3.793  -5.421  0.435  3.91
543  35  ALA  HB1  3.006  -3.088  0.688  125.41
544  35  ALA  HB2  1.823  -4.077  0.935  8.79
545  35  ALA  HB3  1.942  -3.351  -0.43  5.12
546  36  MET  N  2.246  -5.932  -2.241  117.93
547  36  MET  CA  1.587  -7.02  -2.949  59.88
548  36  MET  C  2.523  -8.234  -3.069  60.54
549  36  MET  O  2.085  -9.374  -2.956  175.32
550  36  MET  CB  0.885  -6.614  -4.269  8.57
551  36  MET  CG  1.773  -6.193  -5.474  122.01
552  36  MET  SD  0.806  -5.778  -6.95  6.42
553  36  MET  CE  -0.024  -7.328  -7.283  17.54
554  36  MET  H  2.442  -5.2  -2.647  9.09
555  36  MET  HA  0.919  -7.311  -2.308  3.47
556  36  MET  HB2  0.311  -7.353  -4.525  2.05
557  36  MET  HB3  0.309  -5.88  -4.004  2
558  36  MET  HG2  2.29  -5.393  -5.29  2.54
559  36  MET  HG3  2.375  -6.916  -5.711  1.51
560  36  MET  HE1  0.64  -8.024  -7.408  4.56
561  36  MET  HE2  -0.558  -7.239  -8.088  124.09
562  36  MET  HE3  -0.602  -7.558  -6.539  123.15
563  37  ASP  N  3.821  -7.954  -3.239  119.69
564  37  ASP  CA  4.924  -8.955  -3.256  57.28
565  37  ASP  C  4.868  -9.742  -1.987  179.75
566  37  ASP  O  4.898  -10.963  -1.983  122.54
567  37  ASP  CB  6.265  -8.214  -3.206  39.68
568  37  ASP  CG  7.501  -9.083  -3.317  175.92
569  37  ASP  OD1  7.964  -9.62  -2.284  31.27
570  37  ASP  OD2  8.068  -9.19  -4.408  8.74
571  37  ASP  H  4.047  -7.136  -3.376  8.16
572  37  ASP  HA  4.899  -9.517  -4.046  4.29
573  37  ASP  HB2  6.32  -7.426  -3.769  2.8
574  37  ASP  HB3  6.261  -7.872  -2.298  2.74
575  38  LYS  N  4.766  -9.007  -0.906  118.71
576  38  LYS  CA  4.72  -9.553  0.443  57.28
577  38  LYS  C  3.452  -10.324  0.708  176.9
578  38  LYS  O  3.358  -11.077  1.652  3.76
579  38  LYS  CB  4.923  -8.454  1.464  32.48
580  38  LYS  CG  6.156  -8.631  2.388  25.48
581  38  LYS  CD  7.438  -9.008  1.621  28.78
582  38  LYS  CE  7.851  -7.936  0.592  41.68
583  38  LYS  NZ  9.039  -8.345  -0.189  5.57
584  38  LYS  H  4.772  -8.157  -1.035  7.58
585  38  LYS  HA  5.475  -10.16  0.49  4.18
586  38  LYS  HB2  4.963  -7.616  0.977  1.73
587  38  LYS  HB3  4.125  -8.446  2.015  1.54
588  38  LYS  HG2  6.318  -7.77  2.805  1.52
589  38  LYS  HG3  5.986  -9.276  3.093  1.45
590  38  LYS  HD2  8.145  -9.15  2.27  1.71
591  38  LYS  HD3  7.312  -9.854  1.164  53.77
592  38  LYS  HE2  7.127  -7.839  -0.046  3.1
593  38  LYS  HE3  8.012  -7.071  1.001  3.06
594  38  LYS  HZ1  8.82  -8.8  -0.922  32.51
595  38  LYS  HZ2  9.535  -8.893  0.307  28.75
596  38  LYS  HZ3  9.531  -7.636  -0.406  24.21
597  39  HSE  N  2.469  -10.084  -0.091  116.63
598  39  HSE  CA  1.234  -10.859  -0.046  57.38
599  39  HSE  C  1.269  -11.98  -1.075  173.27
600  39  HSE  O  0.243  -12.552  -1.426  4.72
601  39  HSE  CB  -0.012  -9.982  -0.179  31.28
602  39  HSE  CG  -0.318  -9.21  1.073  2.38
603  39  HSE  ND1  -1.466  -9.391  1.8  122.27
604  39  HSE  CD2  0.365  -8.243  1.719  1.8
605  39  HSE  CE1  -1.483  -8.576  2.824  1.55
606  39  HSE  NE2  -0.385  -7.865  2.806  1.46
607  39  HSE  H  2.597  -9.354  -0.735  7.54
608  39  HSE  HA  1.23  -11.335  0.924  4.51
609  39  HSE  HB2  0.107  -9.287  -0.997  3.49
610  39  HSE  HB3  -0.859  -10.622  -0.383  2.64
611  39  HSE  HD2  1.333  -7.852  1.442  6.72
612  39  HSE  HE1  -2.278  -8.499  3.549  8.02
613  39  HSE  HE2  -0.338  -6.968  3.197  123.81
614  40  ASN  N  2.486  -12.256  -1.557  113.61
615  40  ASN  CA  2.83  -13.301  -2.472  54.68
616  40  ASN  C  2.424  -13.055  -3.898  40.61
617  40  ASN  O  2.671  -13.879  -4.751  42.39
618  40  ASN  CB  2.401  -14.66  -1.987  37.08
619  40  ASN  CG  3.143  -15.106  -0.743  178.88
620  40  ASN  OD1  4.311  -14.768  -0.557  8.7
621  40  ASN  ND2  2.488  -15.841  0.112  112.3
622  40  ASN  H  3.182  -11.813  -1.315  7.96
623  40  ASN  HA  3.8  -13.302  -2.479  4.62
624  40  ASN  HB2  1.441  -14.707  -1.855  3.23
625  40  ASN  HB3  2.686  -15.216  -2.729  2.93
626  40  ASN  HD21  1.67  -16.044  -0.061  6.81
627  40  ASN  HD22  2.894  -16.091  0.827  7.82
628  41  LEU  N  1.909  -11.888  -4.186  119.31
629  41  LEU  CA  1.429  -11.563  -5.536  53.18
630  41  LEU  C  2.572  -10.937  -6.327  177.93
631  41  LEU  O  2.404  -9.948  -7.04  2.06
632  41  LEU  CB  0.257  -10.597  -5.447  40.78
633  41  LEU  CG  -0.787  -10.897  -4.355  4.67
634  41  LEU  CD1  -1.856  -9.77  -4.304  26.38
635  41  LEU  CD2  -1.481  -12.217  -4.636  2.93
636  41  LEU  H  1.862  -11.286  -3.574  8.16
637  41  LEU  HA  1.175  -12.365  -6.019  4.78
638  41  LEU  HB2  0.62  -9.703  -5.351  1.38
639  41  LEU  HB3  -0.196  -10.626  -6.304  30.68
640  41  LEU  HG  -0.27  -10.999  -3.54  1.51
641  41  LEU  HD11  -2.546  -9.944  -3.645  118.93
642  41  LEU  HD12  -2.293  -9.722  -5.169  4.38
643  41  LEU  HD13  -1.465  -8.899  -4.132  4.2
644  41  LEU  HD21  -2.14  -12.388  -3.945  2.17
645  41  LEU  HD22  -0.821  -12.928  -4.644  0.96
646  41  LEU  HD23  -1.919  -12.162  -5.5  8.36
647  42  GLU  N  3.713  -11.578  -6.224  120.3
648  42  GLU  CA  4.955  -11.182  -6.866  59.38
649  42  GLU  C  4.829  -11.219  -8.381  177.67
650  42  GLU  O  5.539  -10.507  -9.096  2.49
651  42  GLU  CB  6.039  -12.16  -6.485  30.38
652  42  GLU  CG  6.287  -12.306  -5.008  36.98
653  42  GLU  CD  7.35  -13.328  -4.748  32.61
654  42  GLU  OE1  7.017  -14.529  -4.678  7.97
655  42  GLU  OE2  8.537  -12.953  -4.64  4.48
656  42  GLU  H  3.693  -12.302  -5.76  8.81
657  42  GLU  HA  5.218  -10.299  -6.562  4.07
658  42  GLU  HB2  5.791  -13.033  -6.827  2.06
659  42  GLU  HB3  6.866  -11.886  -6.912  1.99
660  42  GLU  HG2  6.572  -11.453  -4.646  2.32
661  42  GLU  HG3  5.467  -12.59  -4.575  55.43
662  43  GLU  N  3.931  -12.04  -8.853  115.16
663  43  GLU  CA  3.8  -12.296  -10.277  56.78
664  43  GLU  C  2.791  -11.384  -10.946  176.38
665  43  GLU  O  2.691  -11.35  -12.172  125.98
666  43  GLU  CB  3.462  -13.774  -10.563  29.38
667  43  GLU  CG  2.226  -14.318  -9.838  36.98
668  43  GLU  CD  2.441  -14.508  -8.37  178.93
669  43  GLU  OE1  3.115  -15.475  -7.965  57.14
670  43  GLU  OE2  1.971  -13.673  -7.607  175.87
671  43  GLU  H  3.395  -12.421  -8.299  8.68
672  43  GLU  HA  4.669  -12.109  -10.665  4.31
673  43  GLU  HB2  3.317  -13.879  -11.516  1.98
674  43  GLU  HB3  4.225  -14.314  -10.303  1.96
675  43  GLU  HG2  1.531  -13.644  -9.898  2.3
676  43  GLU  HG3  1.938  -15.155  -10.234  2.25
677  44  GLU  N  2.039  -10.678  -10.165  119.01
678  44  GLU  CA  1.043  -9.806  -10.699  55.28
679  44  GLU  C  1.541  -8.38  -10.728  174.83
680  44  GLU  O  2.337  -7.974  -9.878  104.9
681  44  GLU  CB  -0.203  -9.925  -9.884  31.98
682  44  GLU  CG  -0.626  -11.361  -9.726  37.28
683  44  GLU  CD  -1.942  -11.535  -9.035  121.5
684  44  GLU  OE1  -1.952  -11.683  -7.816  7.08
685  44  GLU  OE2  -2.988  -11.598  -9.715  3.62
686  44  GLU  H  2.117  -10.74  -9.311  7.43
687  44  GLU  HA  0.851  -10.092  -11.606  4.54
688  44  GLU  HB2  -0.062  -9.521  -9.014  1.81
689  44  GLU  HB3  -0.887  -9.442  -10.374  8.1
690  44  GLU  HG2  -0.622  -11.784  -10.599  2.37
691  44  GLU  HG3  0.059  -11.794  -9.193  2.27
692  45  GLU  N  1.091  -7.628  -11.698  120.36
693  45  GLU  CA  1.533  -6.283  -11.861  52.48
694  45  GLU  C  0.57  -5.276  -11.24  129.18
695  45  GLU  O  -0.654  -5.484  -11.223  54.17
696  45  GLU  CB  1.727  -5.936  -13.336  30.88
697  45  GLU  CG  2.954  -6.541  -14.014  35.68
698  45  GLU  CD  2.874  -8.028  -14.206  2.16
699  45  GLU  OE1  2.035  -8.484  -15.02  1.7
700  45  GLU  OE2  3.649  -8.762  -13.561  7.98
701  45  GLU  H  0.508  -7.928  -12.254  9.08
702  45  GLU  HA  2.399  -6.219  -11.428  4.91
703  45  GLU  HB2  0.948  -6.296  -13.788  2.31
704  45  GLU  HB3  1.746  -4.972  -13.438  1.91
705  45  GLU  HG2  3.066  -6.129  -14.885  2.35
706  45  GLU  HG3  3.726  -6.34  -13.462  3.18
707  46  PRO  N  1.119  -4.15  -10.743  62.2
708  46  PRO  CA  0.35  -2.991  -10.227  65.08
709  46  PRO  C  -0.564  -2.365  -11.296  178.19
710  46  PRO  O  -1.376  -1.469  -11.021  1.74
711  46  PRO  CB  1.433  -2.004  -9.804  32.48
712  46  PRO  CG  2.612  -2.839  -9.53  8.78
713  46  PRO  CD  2.572  -3.927  -10.557  51.28
714  46  PRO  HA  -0.203  -3.246  -9.472  4.48
715  46  PRO  HB2  1.639  -1.4  -10.534  2.24
716  46  PRO  HB3  1.152  -1.514  -9.016  2.04
717  46  PRO  HG2  3.418  -2.306  -9.622  1.93
718  46  PRO  HG3  2.566  -3.214  -8.636  33.5
719  46  PRO  HD2  2.992  -3.647  -11.385  3.99
720  46  PRO  HD3  3  -4.72  -10.199  4.05
721  47  GLU  N  -0.345  -2.761  -12.521  115.04
722  47  GLU  CA  -1.184  -2.356  -13.62  58.88
723  47  GLU  C  -2.629  -2.841  -13.38  176.9
724  47  GLU  O  -3.585  -2.213  -13.818  8.36
725  47  GLU  CB  -0.635  -2.929  -14.922  28.88
726  47  GLU  CG  0.801  -2.512  -15.211  37.08
727  47  GLU  CD  1.329  -3.08  -16.501  60.3
728  47  GLU  OE1  1.819  -4.223  -16.503  9.35
729  47  GLU  OE2  1.278  -2.38  -17.549  5.57
730  47  GLU  H  0.327  -3.281  -12.656  8.87
731  47  GLU  HA  -1.176  -1.387  -13.665  4.27
732  47  GLU  HB2  -0.666  -3.897  -14.874  2.08
733  47  GLU  HB3  -1.195  -2.626  -15.654  2.08
734  47  GLU  HG2  0.843  -1.544  -15.263  2.41
735  47  GLU  HG3  1.366  -2.814  -14.483  2.34
736  48  ASP  N  -2.758  -3.935  -12.646  117.54
737  48  ASP  CA  -4.052  -4.514  -12.326  55.28
738  48  ASP  C  -4.47  -4.076  -10.911  174.81
739  48  ASP  O  -5.531  -3.462  -10.705  41.36
740  48  ASP  CB  -3.925  -6.033  -12.359  41.28
741  48  ASP  CG  -5.215  -6.775  -12.368  5.43
742  48  ASP  OD1  -5.915  -6.78  -11.377  61.96
743  48  ASP  OD2  -5.516  -7.45  -13.377  2.31
744  48  ASP  H  -2.053  -4.325  -12.345  8
745  48  ASP  HA  -4.711  -4.229  -12.978  4.71
746  48  ASP  HB2  -3.435  -6.326  -13.143  2.96
747  48  ASP  HB3  -3.42  -6.318  -11.581  2.7
748  49  TYR  N  -3.61  -4.364  -9.944  119.3
749  49  TYR  CA  -3.885  -4.068  -8.54  58.38
750  49  TYR  C  -3.133  -2.813  -8.129  173.79
751  49  TYR  O  -2.09  -2.526  -8.64  21.1
752  49  TYR  CB  -3.428  -5.199  -7.626  43.88
753  49  TYR  CG  -3.969  -6.598  -7.917  4.21
754  49  TYR  CD1  -3.615  -7.272  -9.068  133.08
755  49  TYR  CD2  -4.794  -7.256  -7.006  133.08
756  49  TYR  CE1  -4.084  -8.548  -9.319  117.28
757  49  TYR  CE2  -5.245  -8.542  -7.247  117.28
758  49  TYR  CZ  -4.891  -9.172  -8.41  1.29
759  49  TYR  OH  -5.322  -10.455  -8.656  45.43
760  49  TYR  H  -2.855  -4.722  -10.146  8.09
761  49  TYR  HA  -4.838  -3.926  -8.426  5.03
762  49  TYR  HB2  -2.459  -5.209  -7.676  2.85
763  49  TYR  HB3  -3.692  -4.958  -6.724  2.74
764  49  TYR  HD1  -3.059  -6.834  -9.671  6.88
765  49  TYR  HD2  -5.059  -6.818  -6.23  1.18
766  49  TYR  HE1  -3.874  -8.995  -10.107  6.72
767  49  TYR  HE2  -5.783  -8.984  -6.63  111.1
768  49  TYR  HH  -4.633  -10.863  -8.909  50.67
769  50  GLU  N  -3.637  -2.132  -7.164  116.43
770  50  GLU  CA  -3.078  -0.857  -6.715  54.18
771  50  GLU  C  -3.303  -0.726  -5.193  173.02
772  50  GLU  O  -4.094  -1.487  -4.648  4
773  50  GLU  CB  -3.715  0.295  -7.553  33.98
774  50  GLU  CG  -5.172  0.228  -7.671  36.08
775  50  GLU  CD  -5.756  1.411  -8.365  6.4
776  50  GLU  OE1  -5.712  1.47  -9.603  5.13
777  50  GLU  OE2  -6.34  2.272  -7.664  3.25
778  50  GLU  H  -4.31  -2.48  -6.757  9.18
779  50  GLU  HA  -2.122  -0.891  -6.877  4.66
780  50  GLU  HB2  -3.603  1.199  -7.22  1.96
781  50  GLU  HB3  -3.375  0.245  -8.46  1.91
782  50  GLU  HG2  -5.334  -0.576  -8.188  2.14
783  50  GLU  HG3  -5.572  0.17  -6.789  2.07
784  51  LEU  N  -2.598  0.187  -4.509  123.34
785  51  LEU  CA  -2.681  0.311  -3.038  53.18
786  51  LEU  C  -3.377  1.629  -2.514  174.83
787  51  LEU  O  -3.261  2.687  -3.118  3.33
788  51  LEU  CB  -1.293  -0.119  -2.418  44.88
789  51  LEU  CG  -0.462  0.77  -1.408  27.18
790  51  LEU  CD1  0.712  -0.152  -0.704  25.73
791  51  LEU  CD2  0.202  2.002  -2.161  24.38
792  51  LEU  H  -2.046  0.705  -4.917  9.32
793  51  LEU  HA  -3.331  -0.373  -2.813  5.18
794  51  LEU  HB2  -1.495  -0.982  -2.024  1.85
795  51  LEU  HB3  -0.754  -0.306  -3.203  1.28
796  51  LEU  HG  -1.119  1.115  -0.783  1.54
797  51  LEU  HD11  1.356  0.306  -0.141  3.71
798  51  LEU  HD12  1.248  -0.649  -1.342  2.39
799  51  LEU  HD13  0.364  -0.867  -0.149  118.16
800  51  LEU  HD21  0.972  1.856  -2.732  4.13
801  51  LEU  HD22  0.427  2.72  -1.549  4.05
802  51  LEU  HD23  -0.477  2.412  -2.72  113.77
803  52  LEU  N  -4.177  1.496  -1.428  123.22
804  52  LEU  CA  -5.084  2.573  -0.899  53.18
805  52  LEU  C  -4.827  2.755  0.624  175.6
806  52  LEU  O  -4.697  1.775  1.307  60.75
807  52  LEU  CB  -6.549  2.011  -1.025  44.38
808  52  LEU  CG  -7.803  2.949  -1.195  28.28
809  52  LEU  CD1  -9.088  2.097  -1.246  25.78
810  52  LEU  CD2  -7.99  4.03  -0.092  26.58
811  52  LEU  H  -4.183  0.743  -1.012  9.06
812  52  LEU  HA  -4.991  3.362  -1.455  5.42
813  52  LEU  HB2  -6.553  1.436  -1.806  1.67
814  52  LEU  HB3  -6.702  1.447  -0.25  1.21
815  52  LEU  HG  -7.68  3.34  -2.074  1.6
816  52  LEU  HD11  -9.834  2.711  -1.331  4.68
817  52  LEU  HD12  -9.192  1.61  -0.413  18.2
818  52  LEU  HD13  -9.118  1.466  -1.982  8.01
819  52  LEU  HD21  -7.328  4.736  -0.019  4.51
820  52  LEU  HD22  -7.988  3.58  0.768  121.5
821  52  LEU  HD23  -8.868  4.438  -0.152  177.23
822  53  GLN  N  -4.766  3.982  1.128  124.79
823  53  GLN  CA  -4.735  4.239  2.556  54.68
824  53  GLN  C  -6.102  4.365  3.117  175.29
825  53  GLN  O  -6.943  5.112  2.617  179.01
826  53  GLN  CB  -3.99  5.493  2.95  29.88
827  53  GLN  CG  -2.576  5.222  3.313  8.55
828  53  GLN  CD  -1.87  6.294  4.179  178.18
829  53  GLN  OE1  -1.026  5.975  4.994  3.88
830  53  GLN  NE2  -2.186  7.559  4.037  106.1
831  53  GLN  H  -4.755  4.674  0.618  9.56
832  53  GLN  HA  -4.297  3.481  2.974  3.85
833  53  GLN  HB2  -4.041  6.067  2.17  1.94
834  53  GLN  HB3  -4.46  5.88  3.705  1.89
835  53  GLN  HG2  -2.55  4.34  3.716  1.45
836  53  GLN  HG3  -2.107  5.162  2.466  1.18
837  53  GLN  HE21  -2.801  7.819  3.495  7.09
838  53  GLN  HE22  -1.687  8.129  4.443  7.14
839  54  ILE  N  -6.29  3.719  4.181  127.76
840  54  ILE  CA  -7.502  3.74  4.883  61.48
841  54  ILE  C  -7.274  4.348  6.233  175.11
842  54  ILE  O  -6.294  3.967  6.961  114.42
843  54  ILE  CB  -8.203  2.353  4.929  61.55
844  54  ILE  CG1  -8.942  2.201  3.577  176.9
845  54  ILE  CG2  -9.193  2.193  6.165  17.78
846  54  ILE  CD  -8.18  1.513  2.494  61.69
847  54  ILE  HA  -8.092  4.335  4.394  3.98
848  54  ILE  HB  -7.483  1.703  4.917  1.8
849  54  ILE  HG12  -9.846  1.849  3.605  1.47
850  54  ILE  HG13  -9.046  3.11  3.254  0.97
851  54  ILE  HG21  -8.746  2.395  7.002  4.04
852  54  ILE  HG22  -9.564  1.303  6.272  4.17
853  54  ILE  HG23  -9.943  2.805  6.098  8.91
854  54  ILE  HD11  -7.888  0.533  2.843  4.55
855  54  ILE  HD12  -7.318  2.089  2.198  3.39
856  54  ILE  HD13  -8.835  1.391  1.647  2.92
857  55  LEU  N  -8.097  5.362  6.53  127.28
858  55  LEU  CA  -8.034  6.062  7.756  54.18
859  55  LEU  C  -9.167  5.56  8.622  177.16
860  55  LEU  O  -9.036  4.525  9.269  42.13
861  55  LEU  CB  -8.119  7.598  7.581  42.28
862  55  LEU  CG  -6.836  8.41  7.083  7.6
863  55  LEU  CD1  -6.353  8.019  5.562  4.24
864  55  LEU  CD2  -7.085  10.011  7.293  118.41
865  55  LEU  H  -8.74  5.591  6.007  8.21
866  55  LEU  HA  -7.188  5.83  8.17  4.51
867  55  LEU  HB2  -8.914  7.77  7.052  1.65
868  55  LEU  HB3  -8.335  7.905  8.476  1.56
869  55  LEU  HG  -6.167  8.117  7.722  1.47
870  55  LEU  HD11  -7.013  8.165  4.866  3.08
871  55  LEU  HD12  -6.079  7.092  5.477  8.24
872  55  LEU  HD13  -5.561  8.493  5.264  4.12
873  55  LEU  HD21  -7.27  10.234  8.219  1.42
874  55  LEU  HD22  -7.879  10.328  6.835  122.42
875  55  LEU  HD23  -6.362  10.6  7.025  120.07
876  56  SER  N  -10.309  6.228  8.586  112.67
877  56  SER  CA  -11.448  5.75  9.312  58.38
878  56  SER  C  -12.764  5.979  8.571  174.03
879  56  SER  O  -13.429  7.001  8.72  41.69
880  56  SER  CB  -11.497  6.285  10.732  64.08
881  56  SER  OG  -10.312  5.937  11.453  26.19
882  56  SER  H  -10.382  6.97  8.158  8.22
883  56  SER  HA  -11.33  4.788  9.362  4.42
884  56  SER  HB2  -11.619  7.247  10.721  4.03
885  56  SER  HB3  -12.261  5.843  11.134  3.98
886  56  SER  HG  -9.968  5.272  11.072  4.89
887  57  ASP  N  -13.046  5.027  7.725  118.11
888  57  ASP  CA  -14.295  4.853  6.921  55.78
889  57  ASP  C  -14.753  6.051  6.039  175.6
890  57  ASP  O  -15.769  5.977  5.361  172.23
891  57  ASP  CB  -15.431  4.293  7.81  39.68
892  57  ASP  CG  -16.688  3.909  7.052  57.17
893  57  ASP  OD1  -16.7  2.858  6.39  175.96
894  57  ASP  OD2  -17.689  4.65  7.101  110.35
895  57  ASP  H  -12.447  4.412  7.677  8.75
896  57  ASP  HA  -14.067  4.165  6.276  4.35
897  57  ASP  HB2  -15.111  3.502  8.271  2.71
898  57  ASP  HB3  -15.664  4.965  8.47  2.51
899  58  ASP  N  -13.985  7.078  5.949  113.37
900  58  ASP  CA  -14.445  8.238  5.176  54.58
901  58  ASP  C  -13.408  8.721  4.205  175.6
902  58  ASP  O  -13.499  8.431  3.013  4.01
903  58  ASP  CB  -14.96  9.372  6.069  40.68
904  58  ASP  CG  -15.536  10.52  5.263  177.25
905  58  ASP  OD1  -16.656  10.373  4.691  8.55
906  58  ASP  OD2  -14.896  11.58  5.179  57.22
907  58  ASP  H  -13.215  7.031  6.328  8.34
908  58  ASP  HA  -15.185  7.911  4.641  4.49
909  58  ASP  HB2  -15.657  9.027  6.649  2.8
910  58  ASP  HB3  -14.231  9.712  6.611  2.72
911  59  ARG  N  -12.42  9.435  4.699  119.31
912  59  ARG  CA  -11.327  9.88  3.859  56.08
913  59  ARG  C  -10.383  8.736  3.655  174.57
914  59  ARG  O  -9.637  8.357  4.561  4.45
915  59  ARG  CB  -10.591  11.1  4.45  32.48
916  59  ARG  CG  -11.377  12.397  4.376  27.78
917  59  ARG  CD  -11.393  12.959  2.955  43.58
918  59  ARG  NE  -10.059  13.442  2.54  115.59
919  59  ARG  CZ  -9.743  13.953  1.336  59.17
920  59  ARG  NH1  -10.628  13.965  0.35  177.14
921  59  ARG  NH2  -8.531  14.437  1.122  3.7
922  59  ARG  H  -12.43  9.632  5.536  7.35
923  59  ARG  HA  -11.712  10.122  3.002  4.52
924  59  ARG  HB2  -10.344  10.937  5.374  1.82
925  59  ARG  HB3  -9.78  11.226  3.932  1.65
926  59  ARG  HG2  -12.29  12.218  4.651  1.66
927  59  ARG  HG3  -10.974  13.047  4.973  1.56
928  59  ARG  HD2  -11.663  12.25  2.351  3.23
929  59  ARG  HD3  -12.024  13.694  2.907  3.17
930  59  ARG  HE  -9.447  13.418  3.144  7.23
931  59  ARG  HH11  -11.424  13.649  0.433  3.92
932  59  ARG  HH12  -10.426  14.294  -0.418  3.92
933  59  ARG  HH21  -7.937  14.438  1.744  2.98
934  59  ARG  HH22  -8.298  14.763  0.361  1.69
935  60  LYS  N  -10.476  8.118  2.512  120.69
936  60  LYS  CA  -9.618  7.035  2.21  54.18
937  60  LYS  C  -8.858  7.416  0.943  175.35
938  60  LYS  O  -9.461  7.813  -0.079  1.99
939  60  LYS  CB  -10.406  5.695  2.117  36.08
940  60  LYS  CG  -11.365  5.477  3.327  25.88
941  60  LYS  CD  -11.785  4.027  3.557  29.18
942  60  LYS  CE  -12.418  3.365  2.31  41.68
943  60  LYS  NZ  -13.684  4.011  1.906  3.34
944  60  LYS  H  -11.042  8.378  1.919  8.42
945  60  LYS  HA  -8.995  7.001  2.953  5.21
946  60  LYS  HB2  -10.925  5.696  1.298  1.66
947  60  LYS  HB3  -9.774  4.959  2.092  1.55
948  60  LYS  HG2  -10.946  5.792  4.143  1.3
949  60  LYS  HG3  -12.168  5.999  3.175  4.68
950  60  LYS  HD2  -10.992  3.56  3.865  1.54
951  60  LYS  HD3  -12.424  4.042  4.287  1.47
952  60  LYS  HE2  -11.792  3.459  1.575  2.95
953  60  LYS  HE3  -12.582  2.418  2.444  2.84
954  60  LYS  HZ1  -14.277  4.034  2.569  120.77
955  60  LYS  HZ2  -14.073  3.627  1.204  58.23
956  60  LYS  HZ3  -13.518  4.858  1.688  60.36
957  61  LEU  N  -7.561  7.321  1.013  125.39
958  61  LEU  CA  -6.679  7.917  0.017  53.18
959  61  LEU  C  -6.041  6.875  -0.854  175.09
960  61  LEU  O  -5.417  5.979  -0.36  27.71
961  61  LEU  CB  -5.556  8.669  0.735  45.38
962  61  LEU  CG  -5.985  9.673  1.827  27.48
963  61  LEU  CD1  -4.773  10.344  2.44  26.08
964  61  LEU  CD2  -6.99  10.712  1.307  23.98
965  61  LEU  H  -7.224  6.848  1.647  9.17
966  61  LEU  HA  -7.18  8.56  -0.509  4.69
967  61  LEU  HB2  -5.003  7.986  1.146  1.87
968  61  LEU  HB3  -5.002  9.116  0.077  1.37
969  61  LEU  HG  -6.408  9.167  2.538  1.45
970  61  LEU  HD11  -5.064  10.969  3.122  176.72
971  61  LEU  HD12  -4.283  10.818  1.75  117.29
972  61  LEU  HD13  -4.199  9.673  2.841  38.15
973  61  LEU  HD21  -7.77  10.262  0.947  117.32
974  61  LEU  HD22  -6.601  11.29  0.632  126.13
975  61  LEU  HD23  -7.276  11.261  2.054  55.43
976  62  LYS  N  -6.15  7.011  -2.132  127.99
977  62  LYS  CA  -5.506  6.065  -3.017  56.78
978  62  LYS  C  -4.062  6.469  -3.178  175.86
979  62  LYS  O  -3.765  7.66  -3.311  26.86
980  62  LYS  CB  -6.215  5.953  -4.372  32.48
981  62  LYS  CG  -7.437  5.007  -4.388  25.48
982  62  LYS  CD  -8.627  5.47  -3.52  29.18
983  62  LYS  CE  -9.113  6.856  -3.888  41.68
984  62  LYS  NZ  -10.255  7.288  -3.054  2.24
985  62  LYS  H  -6.545  7.709  -2.442  8.91
986  62  LYS  HA  -5.54  5.21  -2.561  4.45
987  62  LYS  HB2  -6.494  6.846  -4.628  1.78
988  62  LYS  HB3  -5.582  5.634  -5.034  1.71
989  62  LYS  HG2  -7.735  4.848  -5.297  1.32
990  62  LYS  HG3  -7.103  4.171  -4.026  1.22
991  62  LYS  HD2  -9.359  4.854  -3.676  1.7
992  62  LYS  HD3  -8.403  5.437  -2.577  1.59
993  62  LYS  HE2  -8.377  7.469  -3.734  3
994  62  LYS  HE3  -9.366  6.868  -4.824  2.96
995  62  LYS  HZ1  -10.606  8.031  -3.395  124.84
996  62  LYS  HZ2  -10.014  7.438  -2.211  1.92
997  62  LYS  HZ3  -10.885  6.659  -3.053  8.38
998  63  ILE  N  -3.17  5.518  -3.135  128.95
999  63  ILE  CA  -1.759  5.82  -3.153  55.38
1000  63  ILE  C  -1.179  5.447  -4.524  44.79
1001  63  ILE  O  -1.105  4.267  -4.884  173.47
1002  63  ILE  CB  -1.007  5.077  -1.998  39
1003  63  ILE  CG1  -1.705  5.326  -0.58  31.58
1004  63  ILE  CG2  0.568  5.401  -1.962  17.38
1005  63  ILE  CD  -1.792  6.852  0.023  59.79
1006  63  ILE  H  -3.39  4.687  -3.124  8.71
1007  63  ILE  HA  -1.657  6.781  -3.066  4.52
1008  63  ILE  HB  -1.162  4.145  -2.217  2.38
1009  63  ILE  HG12  -2.584  4.935  -0.704  1.97
1010  63  ILE  HG13  -1.251  4.711  0.017  1.34
1011  63  ILE  HG21  1.018  5.077  -2.757  0.6
1012  63  ILE  HG22  1.019  4.989  -1.208  2.99
1013  63  ILE  HG23  0.777  6.347  -1.909  3.05
1014  63  ILE  HD11  -0.846  7.359  0.156  7.3
1015  63  ILE  HD12  -2.214  6.874  1.022  126.12
1016  63  ILE  HD13  -2.44  7.525  -0.525  7.28
1017  64  PRO  N  -0.812  6.462  -5.322  61.6
1018  64  PRO  CA  -0.277  6.27  -6.654  63.48
1019  64  PRO  C  1.264  6.268  -6.679  176.64
1020  64  PRO  O  1.923  6.209  -5.637  61.94
1021  64  PRO  CB  -0.822  7.493  -7.359  32.48
1022  64  PRO  CG  -0.669  8.576  -6.343  28.49
1023  64  PRO  CD  -0.911  7.906  -4.999  51.48
1024  64  PRO  HA  -0.621  5.468  -7.078  4.35
1025  64  PRO  HB2  -0.334  7.656  -8.181  2.51
1026  64  PRO  HB3  -1.755  7.331  -7.571  1.96
1027  64  PRO  HG2  0.229  8.937  -6.399  2.16
1028  64  PRO  HG3  -1.317  9.281  -6.496  2.04
1029  64  PRO  HD2  -0.245  8.161  -4.342  3.33
1030  64  PRO  HD3  -1.801  8.122  -4.68  1.91
1031  65  GLU  N  1.825  6.396  -7.866  118.79
1032  65  GLU  CA  3.248  6.281  -8.038  59.38
1033  65  GLU  C  4.015  7.586  -7.783  176.38
1034  65  GLU  O  5.129  7.554  -7.28  56.54
1035  65  GLU  CB  3.576  5.754  -9.414  29.88
1036  65  GLU  CG  2.881  4.456  -9.766  36.78
1037  65  GLU  CD  3.326  3.931  -11.101  20.58
1038  65  GLU  OE1  4.335  3.22  -11.162  20.27
1039  65  GLU  OE2  2.678  4.231  -12.12  7.73
1040  65  GLU  H  1.335  6.542  -8.557  8.67
1041  65  GLU  HA  3.551  5.614  -7.402  4
1042  65  GLU  HB2  3.306  6.426  -10.059  2.12
1043  65  GLU  HB3  4.534  5.616  -9.48  2.06
1044  65  GLU  HG2  3.029  3.801  -9.066  2.44
1045  65  GLU  HG3  1.927  4.625  -9.808  2.38
1046  66  ASN  N  3.418  8.724  -8.09  113.96
1047  66  ASN  CA  4.129  10.015  -8.011  52.18
1048  66  ASN  C  4.164  10.562  -6.576  174.69
1049  66  ASN  O  4.848  11.545  -6.279  55.53
1050  66  ASN  CB  3.456  11.036  -8.954  38.68
1051  66  ASN  CG  4.184  12.38  -9.075  178.1
1052  66  ASN  OD1  3.548  13.423  -9.207  175.63
1053  66  ASN  ND2  5.489  12.373  -9.096  111.7
1054  66  ASN  H  2.599  8.735  -8.353  8.37
1055  66  ASN  HA  5.041  9.873  -8.31  4.91
1056  66  ASN  HB2  3.399  10.651  -9.843  2.9
1057  66  ASN  HB3  2.557  11.205  -8.632  23.46
1058  66  ASN  HD21  5.918  11.629  -9.047  6.91
1059  66  ASN  HD22  5.905  13.123  -9.154  7.62
1060  67  ALA  N  3.467  9.921  -5.689  120.58
1061  67  ALA  CA  3.412  10.417  -4.31  51.58
1062  67  ALA  C  4.464  9.693  -3.459  8.63
1063  67  ALA  O  4.683  8.5  -3.621  5.06
1064  67  ALA  CB  1.96  10.301  -3.685  21.08
1065  67  ALA  H  3.099  9.183  -5.932  7.71
1066  67  ALA  HA  3.684  11.346  -4.365  4.44
1067  67  ALA  HB1  1.264  10.661  -4.257  4.76
1068  67  ALA  HB2  1.879  10.764  -2.836  1.96
1069  67  ALA  HB3  1.741  9.375  -3.497  116.28
1070  68  ASN  N  5.154  10.428  -2.604  119.22
1071  68  ASN  CA  6.129  9.818  -1.689  53.68
1072  68  ASN  C  5.374  9.195  -0.546  175.35
1073  68  ASN  O  4.438  9.801  -0.048  108.9
1074  68  ASN  CB  7.104  10.856  -1.09  38.18
1075  68  ASN  CG  7.978  11.604  -2.088  175.52
1076  68  ASN  OD1  8.353  12.743  -1.846  7.83
1077  68  ASN  ND2  8.307  10.995  -3.194  112.1
1078  68  ASN  H  5.015  11.277  -2.59  8.79
1079  68  ASN  HA  6.627  9.136  -2.167  4.86
1080  68  ASN  HB2  6.598  11.518  -0.593  2.88
1081  68  ASN  HB3  7.677  10.4  -0.454  5.37
1082  68  ASN  HD21  8.036  10.196  -3.36  7.13
1083  68  ASN  HD22  8.807  11.415  -3.754  7.43
1084  69  VAL  N  5.795  8.021  -0.083  126.88
1085  69  VAL  CA  5.082  7.332  1.036  67.68
1086  69  VAL  C  5.108  8.202  2.28  174.83
1087  69  VAL  O  4.105  8.374  2.94  127.78
1088  69  VAL  CB  5.688  5.908  1.398  7.38
1089  69  VAL  CG1  5.012  5.309  2.71  21.18
1090  69  VAL  CG2  5.51  4.864  0.242  55.19
1091  69  VAL  H  6.49  7.664  -0.443  7.54
1092  69  VAL  HA  4.152  7.256  0.772  3.32
1093  69  VAL  HB  6.627  6.122  1.517  1.88
1094  69  VAL  HG11  5.413  4.464  2.968  24.27
1095  69  VAL  HG12  4.082  5.102  2.528  29.17
1096  69  VAL  HG13  5.033  5.915  3.467  41.01
1097  69  VAL  HG21  5.929  5.078  -0.606  4.76
1098  69  VAL  HG22  4.573  4.684  0.07  8.45
1099  69  VAL  HG23  5.857  4.01  0.543  4.97
1100  70  PHE  N  6.234  8.821  2.511  119.26
1101  70  PHE  CA  6.441  9.633  3.708  60.98
1102  70  PHE  C  5.551  10.854  3.741  176.12
1103  70  PHE  O  5.294  11.429  4.794  176.63
1104  70  PHE  CB  7.898  10.046  3.823  40.18
1105  70  PHE  CG  8.664  9.227  4.888  8.53
1106  70  PHE  CD1  8.891  7.846  4.706  3.01
1107  70  PHE  CD2  9.134  9.815  6.09  108.64
1108  70  PHE  CE1  9.549  7.101  5.655  133.08
1109  70  PHE  CE2  9.792  9.049  7.031  133.08
1110  70  PHE  CZ  10  7.695  6.814  178.63
1111  70  PHE  H  6.849  8.747  1.914  9.62
1112  70  PHE  HA  6.226  9.075  4.472  3.83
1113  70  PHE  HB2  8.286  9.951  2.939  2.87
1114  70  PHE  HB3  7.901  10.999  4.001  2.57
1115  70  PHE  HD1  8.608  7.38  3.952  6.41
1116  70  PHE  HD2  9.035  10.712  6.314  4.3
1117  70  PHE  HE1  9.683  6.194  5.498  6.98
1118  70  PHE  HE2  10.091  9.457  7.811  27.72
1119  70  PHE  HZ  10.444  7.18  7.448  7.1
1120  71  TYR  N  5.08  11.225  2.604  113.15
1121  71  TYR  CA  4.262  12.376  2.455  58.88
1122  71  TYR  C  2.794  11.993  2.269  176.38
1123  71  TYR  O  1.907  12.63  2.83  1.26
1124  71  TYR  CB  4.786  13.167  1.282  39.08
1125  71  TYR  CG  6.118  13.954  1.586  8.92
1126  71  TYR  CD1  7.417  13.34  1.521  133.08
1127  71  TYR  CD2  6.089  15.328  1.945  133.08
1128  71  TYR  CE1  8.554  14.062  1.792  118.28
1129  71  TYR  CE2  7.254  16.019  2.212  118.28
1130  71  TYR  CZ  8.469  15.386  2.132  117.69
1131  71  TYR  OH  9.623  16.088  2.389  61.37
1132  71  TYR  H  5.251  10.759  1.902  7.54
1133  71  TYR  HA  4.355  12.92  3.253  4.51
1134  71  TYR  HB2  4.93  12.452  0.643  3.33
1135  71  TYR  HB3  4.089  13.734  0.917  2.89
1136  71  TYR  HD1  7.592  12.452  1.306  7.24
1137  71  TYR  HD2  5.306  15.823  2.027  8.96
1138  71  TYR  HE1  9.386  13.648  1.745  7.03
1139  71  TYR  HE2  7.214  16.918  2.446  9.22
1140  71  TYR  HH  9.508  16.527  3.096  4.94
1141  72  ALA  N  2.543  10.94  1.51  121.27
1142  72  ALA  CA  1.175  10.502  1.214  53.18
1143  72  ALA  C  0.576  9.738  2.392  178.19
1144  72  ALA  O  -0.646  9.626  2.504  131.37
1145  72  ALA  CB  1.12  9.643  -0.095  20.48
1146  72  ALA  H  3.189  10.5  1.152  8.05
1147  72  ALA  HA  0.652  11.311  1.099  4.38
1148  72  ALA  HB1  1.605  8.816  0.051  20
1149  72  ALA  HB2  1.564  10.077  -0.84  9.44
1150  72  ALA  HB3  0.219  9.405  -0.364  5.39
1151  73  MET  N  1.412  9.202  3.269  114.86
1152  73  MET  CA  0.873  8.525  4.403  55.78
1153  73  MET  C  0.494  9.555  5.432  173.79
1154  73  MET  O  1.074  10.646  5.474  124.88
1155  73  MET  CB  1.775  7.405  4.929  56.76
1156  73  MET  CG  2.966  7.816  5.777  122.27
1157  73  MET  SD  2.537  7.953  7.522  25.15
1158  73  MET  CE  2.193  6.239  7.918  0.19
1159  73  MET  H  2.264  9.266  3.174  7.86
1160  73  MET  HA  0.046  8.144  4.069  4.23
1161  73  MET  HB2  1.228  6.789  5.441  2.2
1162  73  MET  HB3  2.062  6.946  4.124  1.86
1163  73  MET  HG2  3.676  7.162  5.679  2.62
1164  73  MET  HG3  3.277  8.683  5.472  5.01
1165  73  MET  HE1  2.98  5.71  7.715  1.57
1166  73  MET  HE2  1.438  5.919  7.4  1.51
1167  73  MET  HE3  1.993  6.164  8.864  1.71
1168  74  ASN  N  -0.454  9.231  6.245  120.37
1169  74  ASN  CA  -1.083  10.235  7.059  52.48
1170  74  ASN  C  -0.512  10.361  8.471  177.54
1171  74  ASN  O  -0.305  11.475  8.937  61.31
1172  74  ASN  CB  -2.605  10.016  7.075  38.68
1173  74  ASN  CG  -3.054  8.673  7.721  176.56
1174  74  ASN  OD1  -3.416  8.668  8.907  5.12
1175  74  ASN  ND2  -2.921  7.503  7.022  111.9
1176  74  ASN  H  -0.689  8.407  6.316  9.63
1177  74  ASN  HA  -0.927  11.082  6.613  4.76
1178  74  ASN  HB2  -2.935  10.725  7.648  2.71
1179  74  ASN  HB3  -3.007  10.188  6.209  2.55
1180  74  ASN  HD21  -2.592  7.383  6.236  7
1181  74  ASN  HD22  -3.234  6.807  7.419  7.29
1182  75  SER  N  -0.272  9.224  9.145  119.22
1183  75  SER  CA  0.19  9.169  10.581  59.88
1184  75  SER  C  -0.916  9.658  11.573  175.33
1185  75  SER  O  -1.111  9.067  12.63  176.15
1186  75  SER  CB  1.467  10.01  10.788  62.98
1187  75  SER  OG  2.479  9.692  9.841  71.21
1188  75  SER  H  -0.379  8.492  8.707  8.75
1189  75  SER  HA  0.376  8.255  10.849  4.42
1190  75  SER  HB2  1.26  10.956  10.727  4.04
1191  75  SER  HB3  1.795  9.795  11.675  3.92
1192  75  SER  HG  2.247  9.026  9.385  2.98
1193  76  THR  N  -1.625  10.711  11.184  113.18
1194  76  THR  CA  -2.633  11.399  11.967  61.48
1195  76  THR  C  -3.745  10.487  12.523  173.53
1196  76  THR  O  -4.139  10.634  13.68  2.33
1197  76  THR  CB  -3.253  12.513  11.091  69.18
1198  76  THR  OG1  -2.147  13.219  10.46  45.61
1199  76  THR  CG2  -4.084  13.522  11.952  21.68
1200  76  THR  H  -1.461  11.048  10.41  8.18
1201  76  THR  HA  -2.191  11.841  12.709  4.51
1202  76  THR  HB  -3.792  12.092  10.403  4.39
1203  76  THR  HG1  -1.561  13.35  11.048  3.81
1204  76  THR  HG21  -4.813  13.1  12.432  120.41
1205  76  THR  HG22  -4.434  14.268  11.439  55.96
1206  76  THR  HG23  -3.487  13.901  12.616  173.97
1207  77  ALA  N  -4.227  9.546  11.738  125.21
1208  77  ALA  CA  -5.338  8.711  12.225  51.08
1209  77  ALA  C  -5.053  7.195  12.191  175.6
1210  77  ALA  O  -4.807  6.6  13.248  42.41
1211  77  ALA  CB  -6.734  9.123  11.65  20.08
1212  77  ALA  H  -3.838  9.425  10.981  7.48
1213  77  ALA  HA  -5.347  8.913  13.174  4.44
1214  77  ALA  HB1  -7.42  8.57  12.055  118.57
1215  77  ALA  HB2  -6.84  9.125  10.686  8.09
1216  77  ALA  HB3  -6.918  10.026  11.952  4.12
1217  78  ASN  N  -5.046  6.564  11.026  115.65
1218  78  ASN  CA  -4.815  5.172  10.933  53.18
1219  78  ASN  C  -3.94  4.961  9.716  175.86
1220  78  ASN  O  -4.147  5.622  8.693  1.78
1221  78  ASN  CB  -6.157  4.464  10.757  38.68
1222  78  ASN  CG  -6.05  2.985  10.468  177.07
1223  78  ASN  OD1  -5.157  2.281  10.952  4.15
1224  78  ASN  ND2  -6.952  2.509  9.667  113.2
1225  78  ASN  H  -5.151  6.876  10.231  8.04
1226  78  ASN  HA  -4.405  4.896  11.768  4.49
1227  78  ASN  HB2  -6.671  4.572  11.573  2.75
1228  78  ASN  HB3  -6.642  4.887  10.032  2.7
1229  78  ASN  HD21  -7.548  3.053  9.369  6.91
1230  78  ASN  HD22  -6.901  1.683  9.433  7.64
1231  79  TYR  N  -2.959  4.122  9.814  124.41
1232  79  TYR  CA  -2.084  3.878  8.717  55.28
1233  79  TYR  C  -2.312  2.514  8.132  173.53
1234  79  TYR  O  -1.49  1.604  8.306  21.73
1235  79  TYR  CB  -0.6  4.138  9.095  35.58
1236  79  TYR  CG  -0.206  3.766  10.603  5.37
1237  79  TYR  CD1  -0.079  2.403  11.032  133.08
1238  79  TYR  CD2  0.032  4.768  11.62  133.08
1239  79  TYR  CE1  0.253  2.091  12.338  118.48
1240  79  TYR  CE2  0.362  4.406  12.903  118.48
1241  79  TYR  CZ  0.471  3.089  13.257  2.79
1242  79  TYR  OH  0.803  2.766  14.557  102.99
1243  79  TYR  H  -2.824  3.663  10.529  8.53
1244  79  TYR  HA  -2.334  4.522  8.036  4.75
1245  79  TYR  HB2  -0.068  3.623  8.468  3.54
1246  79  TYR  HB3  -0.408  5.059  8.859  3.19
1247  79  TYR  HD1  -0.216  1.663  10.486  7.16
1248  79  TYR  HD2  -0.008  5.693  11.533  7.18
1249  79  TYR  HE1  0.331  1.2  12.594  6.83
1250  79  TYR  HE2  0.51  5.069  13.538  20.01
1251  79  TYR  HH  0.332  3.25  15.056  8.66
1252  80  ASP  N  -3.446  2.343  7.473  120.52
1253  80  ASP  CA  -3.729  1.036  6.903  53.68
1254  80  ASP  C  -3.724  1.195  5.417  174.57
1255  80  ASP  O  -4.1  2.26  4.91  4.21
1256  80  ASP  CB  -5.09  0.492  7.388  42.78
1257  80  ASP  CG  -5.264  -1.024  7.236  5.06
1258  80  ASP  OD1  -4.621  -1.658  6.388  118.35
1259  80  ASP  OD2  -6.055  -1.607  8.032  54.93
1260  80  ASP  H  -3.994  2.992  7.337  7.78
1261  80  ASP  HA  -3.016  0.427  7.152  5.51
1262  80  ASP  HB2  -5.22  0.713  8.323  2.63
1263  80  ASP  HB3  -5.797  0.917  6.878  2.49
1264  81  PHE  N  -3.281  0.201  4.725  119.7
1265  81  PHE  CA  -3.228  0.246  3.303  55.78
1266  81  PHE  C  -3.844  -1.028  2.792  175.09
1267  81  PHE  O  -3.537  -2.113  3.271  8.74
1268  81  PHE  CB  -1.804  0.358  2.715  44.38
1269  81  PHE  CG  -0.948  1.573  3.056  130.23
1270  81  PHE  CD1  -0.516  1.782  4.335  133.08
1271  81  PHE  CD2  -0.506  2.445  2.063  133.08
1272  81  PHE  CE1  0.303  2.821  4.649  133.08
1273  81  PHE  CE2  0.348  3.495  2.373  133.08
1274  81  PHE  CZ  0.747  3.682  3.677  54.15
1275  81  PHE  H  -3.088  -0.539  5.118  9.49
1276  81  PHE  HA  -3.754  1.016  3.036  5.7
1277  81  PHE  HB2  -1.297  -0.424  2.982  3.06
1278  81  PHE  HB3  -1.924  0.339  1.753  2.9
1279  81  PHE  HD1  -0.803  1.214  5.013  42.65
1280  81  PHE  HD2  -0.802  2.341  1.188  7.17
1281  81  PHE  HE1  0.549  2.92  5.541  3.94
1282  81  PHE  HE2  0.66  4.068  1.71  6.96
1283  81  PHE  HZ  1.316  4.381  3.906  7.14
1284  82  VAL  N  -4.651  -0.903  1.817  118.49
1285  82  VAL  CA  -5.386  -1.988  1.257  59.38
1286  82  VAL  C  -4.985  -2.091  -0.196  173.79
1287  82  VAL  O  -4.851  -1.07  -0.866  7.27
1288  82  VAL  CB  -6.934  -1.688  1.399  36.08
1289  82  VAL  CG1  -7.848  -2.669  0.592  8.37
1290  82  VAL  CG2  -7.336  -1.785  2.858  21.18
1291  82  VAL  H  -4.739  -0.124  1.462  9.76
1292  82  VAL  HA  -5.168  -2.8  1.74  5.17
1293  82  VAL  HB  -7.014  -0.755  1.148  1.84
1294  82  VAL  HG11  -7.733  -3.572  0.927  34.8
1295  82  VAL  HG12  -7.66  -2.653  -0.36  19.9
1296  82  VAL  HG13  -8.784  -2.444  0.708  21.07
1297  82  VAL  HG21  -7.171  -2.687  3.173  9.11
1298  82  VAL  HG22  -8.278  -1.575  2.956  4.58
1299  82  VAL  HG23  -6.804  -1.166  3.381  1.63
1300  83  LEU  N  -4.752  -3.281  -0.684  125.39
1301  83  LEU  CA  -4.428  -3.435  -2.076  52.88
1302  83  LEU  C  -5.66  -4.004  -2.787  174.83
1303  83  LEU  O  -6.208  -5.058  -2.408  2.77
1304  83  LEU  CB  -3.128  -4.289  -2.246  43.88
1305  83  LEU  CG  -2.712  -4.722  -3.636  26.98
1306  83  LEU  CD1  -1.464  -3.802  -4.114  25.88
1307  83  LEU  CD2  -2.403  -6.304  -3.57  25.88
1308  83  LEU  H  -4.73  -3.967  -0.166  8.44
1309  83  LEU  HA  -4.289  -2.533  -2.405  5.2
1310  83  LEU  HB2  -2.408  -3.711  -1.95  1.55
1311  83  LEU  HB3  -3.054  -5.078  -1.687  1.19
1312  83  LEU  HG  -3.497  -4.567  -4.184  1.41
1313  83  LEU  HD11  -0.743  -3.799  -3.465  25.03
1314  83  LEU  HD12  -1.704  -2.865  -4.191  8.81
1315  83  LEU  HD13  -1.073  -4.041  -4.969  4.37
1316  83  LEU  HD21  -1.7  -6.512  -2.935  0.86
1317  83  LEU  HD22  -2.156  -6.752  -4.394  9.24
1318  83  LEU  HD23  -3.167  -6.791  -3.225  4.52
1319  84  LYS  N  -6.091  -3.252  -3.796  126.1
1320  84  LYS  CA  -7.372  -3.408  -4.467  54.18
1321  84  LYS  C  -7.115  -3.719  -5.936  174.57
1322  84  LYS  O  -6.159  -3.19  -6.512  112.39
1323  84  LYS  CB  -8.193  -2.053  -4.434  37.08
1324  84  LYS  CG  -7.867  -1.022  -3.304  24.48
1325  84  LYS  CD  -6.558  -0.299  -3.588  28.78
1326  84  LYS  CE  -6.693  0.991  -4.442  41.68
1327  84  LYS  NZ  -7.532  0.836  -5.653  175.65
1328  84  LYS  H  -5.558  -2.651  -4.103  9.04
1329  84  LYS  HA  -7.897  -4.106  -4.044  4.8
1330  84  LYS  HB2  -7.957  -1.61  -5.264  1.77
1331  84  LYS  HB3  -9.143  -2.249  -4.43  1.53
1332  84  LYS  HG2  -8.535  -0.321  -3.239  1.42
1333  84  LYS  HG3  -7.779  -1.487  -2.457  112.54
1334  84  LYS  HD2  -6.063  -0.144  -2.768  1.64
1335  84  LYS  HD3  -6.017  -0.93  -4.088  4.74
1336  84  LYS  HE2  -7.024  1.737  -3.918  2.99
1337  84  LYS  HE3  -5.798  1.227  -4.731  43.15
1338  84  LYS  HZ1  -7.324  1.474  -6.238  2.48
1339  84  LYS  HZ2  -8.391  0.941  -5.445  8.39
1340  84  LYS  HZ3  -7.421  0.043  -6.041  4.54
1341  85  LYS  N  -7.962  -4.516  -6.537  128.18
1342  85  LYS  CA  -7.845  -4.841  -7.949  57.28
1343  85  LYS  C  -8.721  -3.907  -8.74  177.16
1344  85  LYS  O  -9.926  -3.854  -8.519  122.78
1345  85  LYS  CB  -8.302  -6.276  -8.213  32.48
1346  85  LYS  CG  -8.304  -6.683  -9.688  25.88
1347  85  LYS  CD  -8.87  -8.097  -9.859  29.18
1348  85  LYS  CE  -8.977  -8.534  -11.33  42.08
1349  85  LYS  NZ  -7.663  -8.648  -11.984  8.29
1350  85  LYS  H  -8.634  -4.836  -6.107  9.02
1351  85  LYS  HA  -6.92  -4.743  -8.225  3.7
1352  85  LYS  HB2  -7.718  -6.877  -7.725  1.67
1353  85  LYS  HB3  -9.204  -6.376  -7.871  1.46
1354  85  LYS  HG2  -8.863  -6.036  -10.146  1.18
1355  85  LYS  HG3  -7.411  -6.639  -10.063  0.97
1356  85  LYS  HD2  -8.284  -8.719  -9.4  1.53
1357  85  LYS  HD3  -9.749  -8.132  -9.45  1.48
1358  85  LYS  HE2  -9.388  -9.413  -11.345  2.92
1359  85  LYS  HE3  -9.541  -7.934  -11.843  7.18
1360  85  LYS  HZ1  -7.062  -8.133  -11.577  108.15
1361  85  LYS  HZ2  -7.687  -8.372  -12.83  117.64
1362  85  LYS  HZ3  -7.358  -9.484  -11.986  175.86
1363  86  ARG  N  -8.136  -3.133  -9.604  125.96
1364  86  ARG  CA  -8.912  -2.292  -10.457  57.28
1365  86  ARG  C  -8.81  -2.739  -11.884  175.86
1366  86  ARG  O  -8.033  -2.191  -12.674  17.55
1367  86  ARG  CB  -8.532  -0.849  -10.302  30.88
1368  86  ARG  CG  -8.652  -0.397  -8.895  27.78
1369  86  ARG  CD  -9.216  1.001  -8.82  43.68
1370  86  ARG  NE  -8.546  1.93  -9.708  5.45
1371  86  ARG  CZ  -9.102  3.037  -10.179  1.96
1372  86  ARG  NH1  -10.306  3.421  -9.742  1.96
1373  86  ARG  NH2  -8.452  3.77  -11.063  8.24
1374  86  ARG  H  -7.279  -3.099  -9.666  8.58
1375  86  ARG  HA  -9.836  -2.398  -10.183  4.11
1376  86  ARG  HB2  -7.608  -0.738  -10.574  1.74
1377  86  ARG  HB3  -9.064  -0.254  -10.854  1.54
1378  86  ARG  HG2  -9.244  -1.023  -8.449  1.5
1379  86  ARG  HG3  -7.764  -0.462  -8.509  1.37
1380  86  ARG  HD2  -10.155  0.97  -9.061  3.17
1381  86  ARG  HD3  -9.131  1.324  -7.909  176.97
1382  86  ARG  HE  -7.748  1.702  -9.934  6.89
1383  86  ARG  HH11  -10.749  2.973  -9.157  46.05
1384  86  ARG  HH12  -10.681  4.138  -10.032  7.96
1385  86  ARG  HH21  -7.671  3.546  -11.346  4.12
1386  86  ARG  HH22  -8.783  4.49  -11.397  27.25
1387  87  THR  N  -9.556  -3.754  -12.184  120.16
1388  87  THR  CA  -9.642  -4.374  -13.45  62.88
1389  87  THR  C  -10.867  -5.28  -13.409  118.88
1390  87  THR  O  -11.906  -4.925  -13.985  58.21
1391  87  THR  CB  -8.346  -5.183  -13.85  71.18
1392  87  THR  OG1  -7.251  -4.261  -14.084  7.44
1393  87  THR  CG2  -8.564  -6.102  -15.118  22.08
1394  87  THR  OXT  -10.833  -6.278  -12.682  36.21
1395  87  THR  H  -10.093  -4.106  -11.612  7.76
1396  87  THR  HA  -9.774  -3.599  -14.018  4.12
1397  87  THR  HB  -8.111  -5.713  -13.072  4.21
1398  87  THR  HG1  -7.419  -3.573  -13.632  8.89
1399  87  THR  HG21  -9.301  -6.724  -15.015  4.25
1400  87  THR  HG22  -7.776  -6.622  -15.338  2.31
1401  87  THR  HG23  -8.744  -5.565  -15.905  58.13
