1  1  ASP  N  -13.296  -14.984  -6.355  119.37
2  1  ASP  CA  -14.13  -15.627  -5.347  52.11
3  1  ASP  C  -15.254  -14.702  -4.885  173.54
4  1  ASP  O  -15.468  -13.63  -5.451  55.76
5  1  ASP  CB  -13.275  -16.058  -4.154  19.61
6  1  ASP  CG  -11.838  -16.339  -4.549  31.04
7  1  ASP  OD1  -11.076  -15.369  -4.746  8.47
8  1  ASP  OD2  -11.474  -17.529  -4.665  16.96
9  1  ASP  HA  -14.525  -16.416  -5.75  4.09
10  1  ASP  HB2  -13.275  -15.355  -3.486  4.33
11  1  ASP  HB3  -13.65  -16.865  -3.769  64.53
12  1  ASP  H  -12.928  -15.605  -6.876  4.45
13  1  ASP  H2  -13.796  -14.439  -6.851  119.6
14  1  ASP  H3  -12.654  -14.515  -5.955  54.2
15  2  LYS  N  -15.972  -15.133  -3.853  175.34
16  2  LYS  CA  -17.081  -14.361  -3.304  176.88
17  2  LYS  C  -16.624  -12.975  -2.85  176.45
18  2  LYS  O  -15.663  -12.843  -2.092  179.98
19  2  LYS  CB  -17.718  -15.126  -2.132  1.79
20  2  LYS  CG  -19.236  -15.209  -2.198  126.69
21  2  LYS  CD  -19.771  -16.293  -1.275  54.33
22  2  LYS  CE  -21.274  -16.467  -1.422  4.65
23  2  LYS  NZ  -21.63  -17.215  -2.66  2.71
24  2  LYS  H  -15.778  -15.893  -3.5  32.03
25  2  LYS  HA  -17.742  -14.255  -4.006  119.86
26  2  LYS  HB2  -17.369  -16.031  -2.126  54.16
27  2  LYS  HB3  -17.475  -14.695  -1.298  175.62
28  2  LYS  HG2  -19.611  -14.355  -1.932  4.06
29  2  LYS  HG3  -19.503  -15.412  -3.108  41.27
30  2  LYS  HD2  -19.335  -17.132  -1.49  179.77
31  2  LYS  HD3  -19.57  -16.05  -0.358  9.69
32  2  LYS  HE2  -21.608  -16.956  -0.654  4.76
33  2  LYS  HE3  -21.689  -15.591  -1.453  8.38
34  2  LYS  HZ1  -20.892  -17.454  -3.096  4.58
35  2  LYS  HZ2  -22.091  -17.947  -2.453  62.28
36  2  LYS  HZ3  -22.126  -16.704  -3.194  2.6
37  3  CYS  N  -17.328  -11.945  -3.315  117.84
38  3  CYS  CA  -17.008  -10.566  -2.952  69.78
39  3  CYS  C  -18.279  -9.724  -2.823  174.27
40  3  CYS  O  -18.218  -8.549  -2.462  4.57
41  3  CYS  CB  -16.05  -9.945  -3.979  28.42
42  3  CYS  SG  -14.475  -9.377  -3.257  3.2
43  3  CYS  H  -17.993  -12.096  -3.839  8.57
44  3  CYS  HA  -16.566  -10.587  -2.089  124.49
45  3  CYS  HB2  -15.84  -10.607  -4.656  59.13
46  3  CYS  HB3  -16.473  -9.181  -4.402  175.55
47  4  LYS  N  -19.425  -10.331  -3.12  118.54
48  4  LYS  CA  -20.709  -9.641  -3.033  44.23
49  4  LYS  C  -21.455  -10.034  -1.764  176.37
50  4  LYS  O  -21.501  -11.21  -1.403  3.15
51  4  LYS  CB  -21.563  -9.961  -4.253  55.31
52  4  LYS  CG  -22.18  -11.344  -4.221  8.61
53  4  LYS  CD  -22.964  -11.601  -5.486  5.36
54  4  LYS  CE  -23.907  -12.782  -5.331  1.56
55  4  LYS  NZ  -24.807  -12.618  -4.157  64.7
56  4  LYS  H  -19.41  -11.155  -3.366  7.94
57  4  LYS  HA  -20.543  -8.686  -3.017  8.51
58  4  LYS  HB2  -22.281  -9.311  -4.311  125.79
59  4  LYS  HB3  -21.01  -9.894  -5.047  61.13
60  4  LYS  HG2  -21.475  -12.006  -4.142  50.84
61  4  LYS  HG3  -22.778  -11.408  -3.46  4.4
62  4  LYS  HD2  -23.479  -10.806  -5.693  41.13
63  4  LYS  HD3  -22.34  -11.782  -6.207  1.99
64  4  LYS  HE2  -24.447  -12.858  -6.133  2.07
65  4  LYS  HE3  -23.381  -13.589  -5.216  2.07
66  4  LYS  HZ1  -24.489  -13.074  -3.462  8.67
67  4  LYS  HZ2  -24.866  -11.758  -3.934  4.68
68  4  LYS  HZ3  -25.621  -12.921  -4.35  1.72
69  5  LYS  N  -22.037  -9.049  -1.085  121.14
70  5  LYS  CA  -22.777  -9.321  0.142  176.83
71  5  LYS  C  -23.898  -8.306  0.358  175.67
72  5  LYS  O  -23.676  -7.094  0.311  128.09
73  5  LYS  CB  -21.825  -9.335  1.336  53.13
74  5  LYS  CG  -21.715  -8.003  2.058  176.65
75  5  LYS  CD  -20.534  -7.994  3.022  57.73
76  5  LYS  CE  -20.862  -7.258  4.31  44.73
77  5  LYS  NZ  -21.524  -8.151  5.302  8.93
78  5  LYS  H  -21.974  -8.24  -1.371  9.04
79  5  LYS  HA  -23.174  -10.202  0.055  2.13
80  5  LYS  HB2  -22.13  -9.999  1.973  8.46
81  5  LYS  HB3  -20.94  -9.583  1.024  5.29
82  5  LYS  HG2  -21.597  -7.298  1.402  1.55
83  5  LYS  HG3  -22.534  -7.849  2.555  1.55
84  5  LYS  HD2  -20.297  -8.909  3.238  1.43
85  5  LYS  HD3  -19.781  -7.559  2.592  120.45
86  5  LYS  HE2  -20.039  -6.917  4.693  55.45
87  5  LYS  HE3  -21.455  -6.518  4.105  120.92
88  5  LYS  HZ1  -21.136  -8.952  5.298  56.78
89  5  LYS  HZ2  -21.457  -7.804  6.119  41.13
90  5  LYS  HZ3  -22.385  -8.249  5.101  179.67
91  6  VAL  N  -25.105  -8.816  0.593  127.64
92  6  VAL  CA  -26.266  -7.967  0.822  52.93
93  6  VAL  C  -26.117  -7.169  2.114  174.77
94  6  VAL  O  -25.714  -7.711  3.143  4.59
95  6  VAL  CB  -27.576  -8.8  0.859  2.9
96  6  VAL  CG1  -27.38  -10.11  0.121  2.75
97  6  VAL  CG2  -28.045  -9.068  2.286  120.74
98  6  VAL  H  -25.201  -9.67  0.614  8.78
99  6  VAL  HA  -26.325  -7.343  0.082  9.31
100  6  VAL  HB  -28.27  -8.3  0.401  5.11
101  6  VAL  HG11  -26.781  -9.97  -0.629  1.69
102  6  VAL  HG12  -26.994  -10.763  0.725  1.65
103  6  VAL  HG13  -28.237  -10.43  -0.201  1.79
104  6  VAL  HG21  -27.311  -9.43  2.806  42.35
105  6  VAL  HG22  -28.349  -8.239  2.688  4.59
106  6  VAL  HG23  -28.776  -9.706  2.272  8.12
107  7  TYR  N  -26.462  -5.89  2.059  130.04
108  7  TYR  CA  -26.381  -5.038  3.236  1.93
109  7  TYR  C  -27.408  -5.496  4.264  174.67
110  7  TYR  O  -28.593  -5.177  4.156  108.29
111  7  TYR  CB  -26.619  -3.571  2.855  45.83
112  7  TYR  CG  -26.449  -2.563  3.986  1.7
113  7  TYR  CD1  -26.02  -2.938  5.262  1.7
114  7  TYR  CD2  -26.717  -1.215  3.764  8.12
115  7  TYR  CE1  -25.87  -2.003  6.269  3.99
116  7  TYR  CE2  -26.568  -0.278  4.769  4.4
117  7  TYR  CZ  -26.145  -0.677  6.017  173.69
118  7  TYR  OH  -25.994  0.254  7.018  49.73
119  7  TYR  H  -26.751  -5.563  1.318  9.22
120  7  TYR  HA  -25.49  -5.135  3.607  55.02
121  7  TYR  HB2  -25.995  -3.327  2.153  180.6
122  7  TYR  HB3  -27.523  -3.481  2.515  9.18
123  7  TYR  HD1  -25.834  -3.832  5.44  18.16
124  7  TYR  HD2  -27.004  -0.945  2.921  8.18
125  7  TYR  HE1  -25.585  -2.27  7.113  4.23
126  7  TYR  HE2  -26.753  0.617  4.599  8.12
127  7  TYR  HH  -25.497  -0.058  7.619  122.01
128  8  GLU  N  -26.951  -6.259  5.248  130.64
129  8  GLU  CA  -27.831  -6.781  6.288  118.75
130  8  GLU  C  -28.458  -5.653  7.104  176.55
131  8  GLU  O  -28.596  -5.758  8.321  178.52
132  8  GLU  CB  -27.049  -7.708  7.214  0.93
133  8  GLU  CG  -26.013  -8.555  6.495  63.08
134  8  GLU  CD  -25.498  -9.698  7.347  4.37
135  8  GLU  OE1  -26.307  -10.301  8.083  28.8
136  8  GLU  OE2  -24.285  -9.989  7.281  31.78
137  8  GLU  H  -26.115  -6.461  5.268  8.97
138  8  GLU  HA  -28.534  -7.289  5.854  8.08
139  8  GLU  HB2  -26.594  -7.168  7.879  4.22
140  8  GLU  HB3  -27.673  -8.301  7.661  2.23
141  8  GLU  HG2  -26.415  -8.926  5.694  111.29
142  8  GLU  HG3  -25.264  -7.99  6.247  45.13
143  9  ASN  N  -28.835  -4.581  6.422  116.16
144  9  ASN  CA  -29.449  -3.427  7.071  117.37
145  9  ASN  C  -29.597  -2.279  6.074  173.87
146  9  ASN  O  -28.622  -1.606  5.74  4.23
147  9  ASN  CB  -28.612  -2.988  8.287  42.45
148  9  ASN  CG  -29.325  -3.232  9.606  123.89
149  9  ASN  OD1  -30.049  -2.368  10.101  52.53
150  9  ASN  ND2  -29.127  -4.414  10.179  44.09
151  9  ASN  H  -28.713  -4.565  5.571  9.25
152  9  ASN  HA  -30.332  -3.693  7.371  159.76
153  9  ASN  HB2  -27.78  -3.487  8.295  8.22
154  9  ASN  HB3  -28.412  -2.041  8.222  4.37
155  9  ASN  HD21  -28.612  -4.978  9.783  59.88
156  9  ASN  HD22  -29.522  -4.573  10.926  4.16
157  10  TYR  N  -30.825  -2.07  5.608  122.64
158  10  TYR  CA  -31.119  -1.014  4.643  107.19
159  10  TYR  C  -32.611  -1.003  4.307  174.01
160  10  TYR  O  -33.218  -2.062  4.142  1.64
161  10  TYR  CB  -30.316  -1.227  3.355  3.25
162  10  TYR  CG  -30.341  -0.041  2.42  8.3
163  10  TYR  CD1  -29.489  1.038  2.617  7.41
164  10  TYR  CD2  -31.215  0  1.341  60.14
165  10  TYR  CE1  -29.507  2.125  1.765  120.19
166  10  TYR  CE2  -31.237  1.084  0.484  56.43
167  10  TYR  CZ  -30.382  2.143  0.701  29
168  10  TYR  OH  -30.4  3.222  -0.149  117.49
169  10  TYR  H  -31.466  -2.575  5.879  7.51
170  10  TYR  HA  -30.865  -0.167  5.043  178.03
171  10  TYR  HB2  -29.389  -1.407  3.577  9.04
172  10  TYR  HB3  -30.681  -1.989  2.878  29.26
173  10  TYR  HD1  -28.899  1.023  3.335  35.89
174  10  TYR  HD2  -31.789  -0.717  1.197  8.23
175  10  TYR  HE1  -28.93  2.839  1.911  4.33
176  10  TYR  HE2  -31.828  1.096  -0.234  1.94
177  10  TYR  HH  -29.614  3.413  -0.377  1.98
178  11  PRO  N  -33.231  0.188  4.196  122.54
179  11  PRO  CA  -34.657  0.301  3.876  50.48
180  11  PRO  C  -34.938  0.07  2.395  176.57
181  11  PRO  O  -34.614  0.911  1.555  2.39
182  11  PRO  CB  -34.978  1.744  4.262  40.68
183  11  PRO  CG  -33.705  2.478  4.028  118.67
184  11  PRO  CD  -32.602  1.514  4.373  59.99
185  11  PRO  HA  -35.193  -0.308  4.408  179.42
186  11  PRO  HB2  -35.695  2.082  3.702  8.04
187  11  PRO  HB3  -35.241  1.782  5.195  110.39
188  11  PRO  HG2  -33.643  2.741  3.096  45.43
189  11  PRO  HG3  -33.662  3.258  4.603  43.62
190  11  PRO  HD2  -31.853  1.625  3.766  84.32
191  11  PRO  HD3  -32.317  1.642  5.291  8.52
192  12  VAL  N  -35.542  -1.071  2.074  123.84
193  12  VAL  CA  -35.861  -1.394  0.689  3.76
194  12  VAL  C  -36.69  -0.288  0.053  178.17
195  12  VAL  O  -37.904  -0.216  0.233  65.73
196  12  VAL  CB  -36.618  -2.725  0.568  2.05
197  12  VAL  CG1  -37.797  -2.769  1.53  2.05
198  12  VAL  CG2  -37.078  -2.945  -0.865  69.13
199  12  VAL  H  -35.749  -1.628  2.696  8.05
200  12  VAL  HA  -35.026  -1.476  0.202  3.29
201  12  VAL  HB  -36.004  -3.439  0.802  7.61
202  12  VAL  HG11  -37.572  -2.285  2.34  4
203  12  VAL  HG12  -38.57  -2.359  1.112  6.96
204  12  VAL  HG13  -37.999  -3.692  1.751  6.96
205  12  VAL  HG21  -36.339  -2.78  -1.471  6.96
206  12  VAL  HG22  -37.383  -3.86  -0.97  6.96
207  12  VAL  HG23  -37.805  -2.336  -1.068  118.5
208  13  SER  N  -36.011  0.57  -0.689  117.44
209  13  SER  CA  -36.646  1.687  -1.366  55.33
210  13  SER  C  -35.617  2.429  -2.2  177.37
211  13  SER  O  -34.549  1.891  -2.49  38.44
212  13  SER  CB  -37.276  2.642  -0.349  25.93
213  13  SER  OG  -36.298  3.499  0.215  18.81
214  13  SER  H  -35.162  0.464  -0.773  8.37
215  13  SER  HA  -37.338  1.336  -1.948  62.88
216  13  SER  HB2  -37.948  3.184  -0.791  176.95
217  13  SER  HB3  -37.69  2.129  0.363  7.18
218  13  SER  HG  -36.486  3.647  1.02  4
219  14  LYS  N  -35.946  3.665  -2.567  121.34
220  14  LYS  CA  -35.056  4.516  -3.363  2.03
221  14  LYS  C  -34.012  3.684  -4.097  178.37
222  14  LYS  O  -32.93  3.428  -3.57  33.85
223  14  LYS  CB  -34.364  5.544  -2.466  27.05
224  14  LYS  CG  -35.324  6.514  -1.797  43.05
225  14  LYS  CD  -34.619  7.365  -0.753  122.49
226  14  LYS  CE  -35.588  8.301  -0.048  55.43
227  14  LYS  NZ  -35.875  9.518  -0.86  62.75
228  14  LYS  H  -36.707  3.978  -2.317  7.87
229  14  LYS  HA  -35.599  4.982  -4.018  18.73
230  14  LYS  HB2  -33.874  5.076  -1.772  8.28
231  14  LYS  HB3  -33.739  6.057  -3.002  3.79
232  14  LYS  HG2  -35.705  7.097  -2.472  69.88
233  14  LYS  HG3  -36.032  6.009  -1.366  6.96
234  14  LYS  HD2  -34.212  6.781  -0.094  8.12
235  14  LYS  HD3  -33.932  7.893  -1.189  114.59
236  14  LYS  HE2  -36.419  7.827  0.112  58.73
237  14  LYS  HE3  -35.201  8.571  0.8  8.4
238  14  LYS  HZ1  -35.508  9.442  -1.667  3.21
239  14  LYS  HZ2  -36.754  9.624  -0.954  27.63
240  14  LYS  HZ3  -35.54  10.239  -0.459  2.87
241  15  CYS  N  -34.342  3.245  -5.304  115.64
242  15  CYS  CA  -33.427  2.424  -6.082  6.63
243  15  CYS  C  -33.909  2.279  -7.525  175.37
244  15  CYS  O  -34.69  1.383  -7.847  7.7
245  15  CYS  CB  -33.281  1.049  -5.414  4.07
246  15  CYS  SG  -31.649  0.761  -4.66  2.05
247  15  CYS  H  -35.116  3.438  -5.626  7.85
248  15  CYS  HA  -32.563  2.865  -6.085  178.44
249  15  CYS  HB2  -33.945  0.972  -4.711  25.65
250  15  CYS  HB3  -33.43  0.35  -6.07  32.87
251  16  GLN  N  -33.424  3.166  -8.383  115.54
252  16  GLN  CA  -33.783  3.154  -9.796  118.69
253  16  GLN  C  -32.632  3.697  -10.637  175.37
254  16  GLN  O  -32.816  4.07  -11.793  174.35
255  16  GLN  CB  -35.045  3.988  -10.037  8.14
256  16  GLN  CG  -36.334  3.242  -9.733  69.88
257  16  GLN  CD  -36.628  2.145  -10.739  1.92
258  16  GLN  OE1  -36.077  1.048  -10.658  1.92
259  16  GLN  NE2  -37.5  2.437  -11.697  1.79
260  16  GLN  H  -32.877  3.764  -8.096  7.36
261  16  GLN  HA  -33.955  2.235  -10.054  1.7
262  16  GLN  HB2  -35.011  4.778  -9.475  1.7
263  16  GLN  HB3  -35.066  4.264  -10.967  7.02
264  16  GLN  HG2  -36.263  2.842  -8.852  4.46
265  16  GLN  HG3  -37.07  3.874  -9.74  3.25
266  16  GLN  HE21  -37.851  3.222  -11.701  3.39
267  16  GLN  HE22  -37.683  1.831  -12.28  7.27
268  17  LEU  N  -31.446  3.732  -10.035  121.24
269  17  LEU  CA  -30.244  4.228  -10.7  57.81
270  17  LEU  C  -29  3.798  -9.924  176.07
271  17  LEU  O  -28.955  3.91  -8.7  62.04
272  17  LEU  CB  -30.279  5.764  -10.792  29.38
273  17  LEU  CG  -30.934  6.354  -12.044  27.12
274  17  LEU  CD1  -30.748  7.865  -12.066  42.94
275  17  LEU  CD2  -30.36  5.724  -13.308  84.28
276  17  LEU  H  -31.385  3.456  -9.223  7.3
277  17  LEU  HA  -30.21  3.848  -11.592  56.58
278  17  LEU  HB2  -30.759  6.099  -10.018  8.51
279  17  LEU  HB3  -29.369  6.096  -10.749  7.45
280  17  LEU  HG  -31.887  6.174  -12.018  8.02
281  17  LEU  HD11  -29.804  8.076  -11.988  8.32
282  17  LEU  HD12  -31.092  8.221  -12.9  1.83
283  17  LEU  HD13  -31.229  8.26  -11.322  1.55
284  17  LEU  HD21  -29.443  5.453  -13.147  1.49
285  17  LEU  HD22  -30.889  4.948  -13.551  3.17
286  17  LEU  HD23  -30.383  6.368  -14.033  3.07
287  18  ALA  N  -27.992  3.316  -10.644  127.84
288  18  ALA  CA  -26.747  2.882  -10.018  176.35
289  18  ALA  C  -26.119  4.016  -9.218  178.57
290  18  ALA  O  -25.096  4.573  -9.616  29.98
291  18  ALA  CB  -25.769  2.394  -11.072  175.89
292  18  ALA  H  -28.073  3.263  -11.499  8.52
293  18  ALA  HA  -26.948  2.144  -9.422  58.84
294  18  ALA  HB1  -26.246  1.888  -11.748  177.46
295  18  ALA  HB2  -25.336  3.158  -11.483  41.91
296  18  ALA  HB3  -25.1  1.829  -10.654  39.59
297  19  ASN  N  -26.735  4.363  -8.096  116.24
298  19  ASN  CA  -26.225  5.441  -7.26  29.25
299  19  ASN  C  -26.536  5.199  -5.787  174.67
300  19  ASN  O  -25.643  4.879  -5.004  4.23
301  19  ASN  CB  -26.818  6.774  -7.716  4.05
302  19  ASN  CG  -26.223  7.957  -6.977  3.97
303  19  ASN  OD1  -26.909  8.944  -6.708  117.59
304  19  ASN  ND2  -24.941  7.866  -6.645  58.43
305  19  ASN  H  -27.451  3.949  -7.861  9.06
306  19  ASN  HA  -25.262  5.473  -7.372  56.88
307  19  ASN  HB2  -26.647  6.884  -8.665  29.53
308  19  ASN  HB3  -27.776  6.764  -7.562  7.02
309  19  ASN  HD21  -24.515  7.151  -6.861  29.88
310  19  ASN  HD22  -24.581  8.526  -6.228  6.96
311  20  GLN  N  -27.797  5.353  -5.409  122.84
312  20  GLN  CA  -28.194  5.147  -4.023  7.85
313  20  GLN  C  -27.453  3.953  -3.43  175.97
314  20  GLN  O  -26.513  4.118  -2.652  1.98
315  20  GLN  CB  -29.705  4.932  -3.923  2.03
316  20  GLN  CG  -30.215  4.889  -2.491  38.62
317  20  GLN  CD  -30.493  6.269  -1.926  179.11
318  20  GLN  OE1  -31.609  6.778  -2.022  119.79
319  20  GLN  NE2  -29.474  6.88  -1.334  58.33
320  20  GLN  H  -28.389  5.579  -5.99  7.67
321  20  GLN  HA  -27.954  5.943  -3.524  4.47
322  20  GLN  HB2  -30.157  5.654  -4.387  31.53
323  20  GLN  HB3  -29.93  4.091  -4.35  1.63
324  20  GLN  HG2  -31.037  4.375  -2.468  128.01
325  20  GLN  HG3  -29.547  4.456  -1.937  55.33
326  20  GLN  HE21  -28.718  6.471  -1.301  178.91
327  20  GLN  HE22  -29.607  7.662  -1.002  8.26
328  21  CYS  N  -27.872  2.751  -3.808  119.04
329  21  CYS  CA  -27.234  1.534  -3.317  122.92
330  21  CYS  C  -25.757  1.506  -3.708  175.57
331  21  CYS  O  -24.895  1.164  -2.897  176.55
332  21  CYS  CB  -27.957  0.3  -3.868  119.54
333  21  CYS  SG  -29.197  -0.397  -2.73  32.48
334  21  CYS  H  -28.53  2.688  -4.359  8.43
335  21  CYS  HA  -27.301  1.533  -2.349  51.75
336  21  CYS  HB2  -28.412  0.542  -4.69  176.86
337  21  CYS  HB3  -27.309  -0.397  -4.057  27.43
338  22  ASN  N  -25.475  1.864  -4.957  118.84
339  22  ASN  CA  -24.107  1.879  -5.465  178.55
340  22  ASN  C  -23.202  2.731  -4.581  175.47
341  22  ASN  O  -22.416  2.204  -3.793  58.43
342  22  ASN  CB  -24.084  2.404  -6.902  8.08
343  22  ASN  CG  -22.84  1.978  -7.655  4.8
344  22  ASN  OD1  -22.302  0.893  -7.426  3.36
345  22  ASN  ND2  -22.373  2.832  -8.558  2.92
346  22  ASN  H  -26.118  2.092  -5.481  7.95
347  22  ASN  HA  -23.779  0.966  -5.46  6.55
348  22  ASN  HB2  -24.86  2.066  -7.376  108.58
349  22  ASN  HB3  -24.117  3.373  -6.886  116.02
350  22  ASN  HD21  -22.792  3.575  -8.671  61.88
351  22  ASN  HD22  -21.667  2.613  -8.998  174.55
352  23  TYR  N  -23.317  4.049  -4.714  117.94
353  23  TYR  CA  -22.504  4.967  -3.924  4.46
354  23  TYR  C  -22.51  4.55  -2.455  177.57
355  23  TYR  O  -21.484  4.616  -1.778  118.29
356  23  TYR  CB  -23.018  6.409  -4.091  7.22
357  23  TYR  CG  -23.125  7.19  -2.799  7.22
358  23  TYR  CD1  -22.037  7.303  -1.945  6.48
359  23  TYR  CD2  -24.314  7.81  -2.434  6.48
360  23  TYR  CE1  -22.128  8.012  -0.763  8.1
361  23  TYR  CE2  -24.413  8.521  -1.254  110.69
362  23  TYR  CZ  -23.318  8.62  -0.422  47.73
363  23  TYR  OH  -23.412  9.328  0.756  8.05
364  23  TYR  H  -23.882  4.366  -5.28  8.09
365  23  TYR  HA  -21.593  4.916  -4.254  7.74
366  23  TYR  HB2  -22.416  6.896  -4.676  3.99
367  23  TYR  HB3  -23.899  6.387  -4.496  3.85
368  23  TYR  HD1  -21.235  6.894  -2.178  45.84
369  23  TYR  HD2  -25.05  7.74  -2.998  56.43
370  23  TYR  HE1  -21.388  8.077  -0.203  56.68
371  23  TYR  HE2  -25.217  8.929  -1.024  176.35
372  23  TYR  HH  -23.942  8.937  1.278  39.93
373  24  ASP  N  -23.668  4.12  -1.968  119.64
374  24  ASP  CA  -23.792  3.695  -0.581  116.34
375  24  ASP  C  -22.758  2.631  -0.248  179.37
376  24  ASP  O  -21.878  2.856  0.578  7.22
377  24  ASP  CB  -25.202  3.17  -0.308  4.92
378  24  ASP  CG  -26.206  4.29  -0.117  1.42
379  24  ASP  OD1  -25.778  5.437  0.131  23.73
380  24  ASP  OD2  -27.422  4.019  -0.216  29.29
381  24  ASP  H  -24.357  4.091  -2.482  9.04
382  24  ASP  HA  -23.625  4.468  -0.019  14.45
383  24  ASP  HB2  -25.488  2.625  -1.058  61.93
384  24  ASP  HB3  -25.188  2.627  0.496  5.2
385  25  CYS  N  -22.851  1.479  -0.899  120.24
386  25  CYS  CA  -21.897  0.408  -0.651  32.43
387  25  CYS  C  -20.479  0.936  -0.825  177.27
388  25  CYS  O  -19.578  0.606  -0.053  0.96
389  25  CYS  CB  -22.141  -0.763  -1.609  4.66
390  25  CYS  SG  -23.718  -1.638  -1.337  2.13
391  25  CYS  H  -23.477  1.366  -1.478  9.28
392  25  CYS  HA  -22.014  0.105  0.263  58.58
393  25  CYS  HB2  -22.143  -0.433  -2.521  174.15
394  25  CYS  HB3  -21.424  -1.408  -1.508  116.05
395  26  LYS  N  -20.296  1.763  -1.848  119.84
396  26  LYS  CA  -18.998  2.354  -2.141  119.09
397  26  LYS  C  -18.481  3.208  -0.984  178.47
398  26  LYS  O  -17.467  3.892  -1.126  176.27
399  26  LYS  CB  -19.076  3.201  -3.412  8.23
400  26  LYS  CG  -17.716  3.496  -4.023  30.43
401  26  LYS  CD  -17.847  4.122  -5.402  27.09
402  26  LYS  CE  -16.484  4.451  -5.989  18.17
403  26  LYS  NZ  -16.594  5.054  -7.346  8.01
404  26  LYS  H  -20.966  1.959  -2.351  7.68
405  26  LYS  HA  -18.374  1.627  -2.291  8.19
406  26  LYS  HB2  -19.611  2.731  -4.07  5.13
407  26  LYS  HB3  -19.505  4.045  -3.2  2.14
408  26  LYS  HG2  -17.238  4.112  -3.446  2.14
409  26  LYS  HG3  -17.217  2.667  -4.098  2.2
410  26  LYS  HD2  -18.3  3.497  -5.989  2.2
411  26  LYS  HD3  -18.366  4.938  -5.33  59.45
412  26  LYS  HE2  -16.035  5.079  -5.402  173.86
413  26  LYS  HE3  -15.964  3.634  -6.047  127.29
414  26  LYS  HZ1  -17.415  4.934  -7.668  59.93
415  26  LYS  HZ2  -16.425  5.927  -7.308  124.32
416  26  LYS  HZ3  -16.011  4.671  -7.899  56.48
417  27  LEU  N  -19.17  3.187  0.156  119.74
418  27  LEU  CA  -18.732  3.991  1.296  56.08
419  27  LEU  C  -19.389  3.55  2.602  178.11
420  27  LEU  O  -18.746  3.536  3.651  7.58
421  27  LEU  CB  -19.035  5.471  1.037  9.42
422  27  LEU  CG  -18.065  6.461  1.687  4.4
423  27  LEU  CD1  -17.777  6.07  3.128  1.9
424  27  LEU  CD2  -16.775  6.545  0.884  4.18
425  27  LEU  H  -19.881  2.707  0.219  8.29
426  27  LEU  HA  -17.772  3.881  1.381  8.17
427  27  LEU  HB2  -19.024  5.62  0.079  120.39
428  27  LEU  HB3  -19.927  5.663  1.366  55.33
429  27  LEU  HG  -18.473  7.341  1.694  26.15
430  27  LEU  HD11  -18.608  5.85  3.577  18
431  27  LEU  HD12  -17.187  5.3  3.145  8.83
432  27  LEU  HD13  -17.35  6.812  3.584  4.21
433  27  LEU  HD21  -16.985  6.726  -0.046  8.33
434  27  LEU  HD22  -16.222  7.26  1.235  5.35
435  27  LEU  HD23  -16.297  5.704  0.95  4.04
436  28  ASP  N  -20.665  3.193  2.541  116.84
437  28  ASP  CA  -21.381  2.764  3.735  55.04
438  28  ASP  C  -20.814  1.451  4.26  177.97
439  28  ASP  O  -21  1.105  5.426  66.93
440  28  ASP  CB  -22.876  2.608  3.443  56.68
441  28  ASP  CG  -23.617  3.931  3.497  176.25
442  28  ASP  OD1  -23.006  4.967  3.16  4.13
443  28  ASP  OD2  -24.807  3.929  3.876  29.88
444  28  ASP  H  -21.077  3.22  1.786  9.01
445  28  ASP  HA  -21.262  3.448  4.412  9.14
446  28  ASP  HB2  -22.991  2.227  2.558  4.28
447  28  ASP  HB3  -23.267  2.012  4.101  3.72
448  29  LYS  N  -20.116  0.723  3.393  112.44
449  29  LYS  CA  -19.517  -0.554  3.771  179.51
450  29  LYS  C  -18.139  -0.72  3.134  176.17
451  29  LYS  O  -17.753  -1.823  2.744  62.18
452  29  LYS  CB  -20.427  -1.713  3.358  109.69
453  29  LYS  CG  -21.787  -1.699  4.043  47.43
454  29  LYS  CD  -21.713  -2.247  5.466  32.48
455  29  LYS  CE  -22.118  -3.711  5.529  7.83
456  29  LYS  NZ  -21.914  -4.284  6.887  8.73
457  29  LYS  H  -20.013  1.011  2.589  6.7
458  29  LYS  HA  -19.415  -0.561  4.736  3.77
459  29  LYS  HB2  -20.569  -1.672  2.399  121.19
460  29  LYS  HB3  -19.986  -2.549  3.575  56.83
461  29  LYS  HG2  -22.114  -0.786  4.072  121.43
462  29  LYS  HG3  -22.401  -2.244  3.525  58.41
463  29  LYS  HD2  -20.805  -2.161  5.795  178.45
464  29  LYS  HD3  -22.309  -1.733  6.033  8.47
465  29  LYS  HE2  -23.056  -3.785  5.293  41.69
466  29  LYS  HE3  -21.585  -4.21  4.891  26.61
467  29  LYS  HZ1  -21.058  -4.215  7.122  7.54
468  29  LYS  HZ2  -22.412  -3.847  7.481  4.46
469  29  LYS  HZ3  -22.146  -5.143  6.894  2.76
470  30  HSE  N  -17.401  0.381  3.034  113.54
471  30  HSE  CA  -16.064  0.356  2.447  119.69
472  30  HSE  C  -16.005  -0.596  1.256  173.97
473  30  HSE  O  -15.001  -1.277  1.045  52.38
474  30  HSE  CB  -15.033  -0.055  3.501  176.85
475  30  HSE  CG  -15.441  0.291  4.899  2.9
476  30  HSE  ND1  -15.47  -0.63  5.925  19.08
477  30  HSE  CD2  -15.843  1.466  5.439  56.55
478  30  HSE  CE1  -15.873  -0.037  7.034  124.17
479  30  HSE  NE2  -16.104  1.235  6.767  8.17
480  30  HSE  H  -17.762  1.23  3.366  7.01
481  30  HSE  HA  -15.835  1.355  2.105  1.89
482  30  HSE  HB2  -14.882  -1.124  3.455  1.75
483  30  HSE  HB3  -14.097  0.445  3.293  28.05
484  30  HSE  HD1  -15.234  -1.579  5.851  8.34
485  30  HSE  HD2  -15.938  2.409  4.921  4
486  30  HSE  HE1  -15.987  -0.51  7.999  118.72
487  30  HSE  HE2  -16.314  1.922  7.432  51.38
488  31  ALA  N  -17.083  -0.639  0.483  120.44
489  31  ALA  CA  -17.15  -1.51  -0.685  57.93
490  31  ALA  C  -16.559  -0.83  -1.913  174.65
491  31  ALA  O  -16.162  0.335  -1.857  29.16
492  31  ALA  CB  -18.588  -1.924  -0.952  41.33
493  31  ALA  H  -17.759  -0.143  0.674  7.61
494  31  ALA  HA  -16.637  -2.31  -0.492  178.02
495  31  ALA  HB1  -19.069  -1.99  -0.112  114.2
496  31  ALA  HB2  -19.015  -1.262  -1.517  8.39
497  31  ALA  HB3  -18.6  -2.784  -1.4  3.96
498  32  ARG  N  -16.508  -1.562  -3.023  121.54
499  32  ARG  CA  -15.97  -1.029  -4.27  1.55
500  32  ARG  C  -17.103  -0.53  -5.163  177.97
501  32  ARG  O  -16.945  0.433  -5.914  2.41
502  32  ARG  CB  -15.142  -2.109  -4.989  120.14
503  32  ARG  CG  -13.666  -1.757  -5.118  54.74
504  32  ARG  CD  -12.964  -1.753  -3.765  180.4
505  32  ARG  NE  -11.96  -0.696  -3.676  4.34
506  32  ARG  CZ  -10.722  -0.812  -4.145  18.04
507  32  ARG  NH1  -10.335  -1.936  -4.732  117.39
508  32  ARG  NH2  -9.87  0.197  -4.028  59.43
509  32  ARG  H  -16.802  -2.37  -3.007  8.3
510  32  ARG  HA  -15.394  -0.28  -4.053  63.09
511  32  ARG  HB2  -15.211  -2.937  -4.488  29.83
512  32  ARG  HB3  -15.497  -2.252  -5.88  176.95
513  32  ARG  HG2  -13.238  -2.409  -5.694  57.09
514  32  ARG  HG3  -13.589  -0.876  -5.516  31.68
515  32  ARG  HD2  -13.623  -1.616  -3.067  1.95
516  32  ARG  HD3  -12.53  -2.61  -3.632  41.42
517  32  ARG  HE  -12.191  0.041  -3.297  26.88
518  32  ARG  HH11  -10.885  -2.592  -4.811  7.76
519  32  ARG  HH12  -9.533  -2.009  -5.035  3.94
520  32  ARG  HH21  -10.119  0.927  -3.648  1.96
521  32  ARG  HH22  -9.068  0.12  -4.33  1.85
522  33  SER  N  -18.247  -1.196  -5.067  107.65
523  33  SER  CA  -19.419  -0.836  -5.852  1.52
524  33  SER  C  -20.618  -1.664  -5.41  172.66
525  33  SER  O  -20.457  -2.7  -4.773  110.57
526  33  SER  CB  -19.152  -1.054  -7.342  8.2
527  33  SER  OG  -18.598  -2.337  -7.579  119.42
528  33  SER  H  -18.299  -1.859  -4.522  7.94
529  33  SER  HA  -19.609  0.103  -5.697  176.25
530  33  SER  HB2  -19.985  -0.978  -7.833  0.84
531  33  SER  HB3  -18.529  -0.382  -7.659  120.19
532  33  SER  HG  -18.867  -2.87  -6.988  54.33
533  34  GLY  N  -21.817  -1.206  -5.746  107.24
534  34  GLY  CA  -23.014  -1.932  -5.364  174.96
535  34  GLY  C  -24.177  -1.659  -6.294  170.47
536  34  GLY  O  -24.041  -0.909  -7.261  8.05
537  34  GLY  H  -21.882  -0.474  -6.193  8.58
538  34  GLY  HA2  -22.821  -2.883  -5.374  55.68
539  34  GLY  HA3  -23.264  -1.672  -4.464  174.15
540  35  GLU  N  -25.323  -2.269  -6.009  118.94
541  35  GLU  CA  -26.506  -2.078  -6.846  121.59
542  35  GLU  C  -27.728  -2.767  -6.253  173.97
543  35  GLU  O  -27.613  -3.677  -5.432  1.92
544  35  GLU  CB  -26.236  -2.595  -8.268  1.55
545  35  GLU  CG  -26.735  -1.662  -9.361  19.03
546  35  GLU  CD  -28.211  -1.345  -9.228  8.1
547  35  GLU  OE1  -28.568  -0.55  -8.335  4.19
548  35  GLU  OE2  -29.009  -1.891  -10.019  2.97
549  35  GLU  H  -25.366  -2.786  -5.323  8.26
550  35  GLU  HA  -26.691  -1.127  -6.891  4.01
551  35  GLU  HB2  -25.279  -2.705  -8.38  116.59
552  35  GLU  HB3  -26.666  -3.457  -8.383  65.73
553  35  GLU  HG2  -26.235  -0.832  -9.316  174.75
554  35  GLU  HG3  -26.584  -2.083  -10.222  64.36
555  36  CYS  N  -28.896  -2.313  -6.682  120.94
556  36  CYS  CA  -30.16  -2.858  -6.215  179.95
557  36  CYS  C  -30.563  -4.059  -7.067  173.47
558  36  CYS  O  -31.11  -3.9  -8.157  8.06
559  36  CYS  CB  -31.231  -1.771  -6.28  3.63
560  36  CYS  SG  -30.572  -0.077  -6.161  2.18
561  36  CYS  H  -28.907  -1.672  -7.255  8.99
562  36  CYS  HA  -30.046  -3.144  -5.295  4.33
563  36  CYS  HB2  -31.701  -1.838  -7.126  3.91
564  36  CYS  HB3  -31.858  -1.896  -5.551  1.49
565  37  PHE  N  -30.27  -5.26  -6.573  120.94
566  37  PHE  CA  -30.584  -6.487  -7.307  54.85
567  37  PHE  C  -31.91  -7.099  -6.857  174.67
568  37  PHE  O  -32.204  -7.165  -5.662  57.53
569  37  PHE  CB  -29.452  -7.503  -7.135  177.51
570  37  PHE  CG  -28.354  -7.346  -8.147  125.52
571  37  PHE  CD1  -27.326  -6.441  -7.938  32.33
572  37  PHE  CD2  -28.349  -8.103  -9.308  27.23
573  37  PHE  CE1  -26.314  -6.294  -8.868  25.85
574  37  PHE  CE2  -27.341  -7.959  -10.241  38.18
575  37  PHE  CZ  -26.322  -7.053  -10.021  7.6
576  37  PHE  H  -29.876  -5.313  -5.811  9.04
577  37  PHE  HA  -30.655  -6.259  -8.247  4.2
578  37  PHE  HB2  -29.063  -7.398  -6.253  1.92
579  37  PHE  HB3  -29.811  -8.4  -7.22  1.96
580  37  PHE  HD1  -27.32  -5.928  -7.162  7.99
581  37  PHE  HD2  -29.035  -8.713  -9.457  7.63
582  37  PHE  HE1  -25.628  -5.684  -8.717  176.12
583  37  PHE  HE2  -27.348  -8.472  -11.017  3.45
584  37  PHE  HZ  -25.642  -6.955  -10.648  9.23
585  38  TYR  N  -32.692  -7.561  -7.834  121.54
586  38  TYR  CA  -33.982  -8.192  -7.569  106.28
587  38  TYR  C  -33.793  -9.669  -7.237  176.37
588  38  TYR  O  -32.683  -10.107  -6.938  172.73
589  38  TYR  CB  -34.901  -8.046  -8.781  113.49
590  38  TYR  CG  -35.394  -6.635  -9.006  59.63
591  38  TYR  CD1  -34.583  -5.685  -9.615  4.19
592  38  TYR  CD2  -36.673  -6.254  -8.618  3.89
593  38  TYR  CE1  -35.03  -4.396  -9.828  113.06
594  38  TYR  CE2  -37.128  -4.968  -8.831  58.52
595  38  TYR  CZ  -36.304  -4.043  -9.435  7.95
596  38  TYR  OH  -36.753  -2.76  -9.647  4.34
597  38  TYR  H  -32.421  -7.496  -8.648  8.62
598  38  TYR  HA  -34.389  -7.745  -6.81  4.08
599  38  TYR  HB2  -34.422  -8.323  -9.578  8.05
600  38  TYR  HB3  -35.677  -8.616  -8.661  109.59
601  38  TYR  HD1  -33.725  -5.927  -9.879  46.03
602  38  TYR  HD2  -37.227  -6.878  -8.208  7.85
603  38  TYR  HE1  -34.474  -3.772  -10.235  175.6
604  38  TYR  HE2  -37.986  -4.729  -8.565  7.96
605  38  TYR  HH  -37.564  -2.781  -9.866  4.07
606  39  ASP  N  -34.878  -10.439  -7.302  123.14
607  39  ASP  CA  -34.812  -11.868  -7.016  114.99
608  39  ASP  C  -36.072  -12.573  -7.465  178.17
609  39  ASP  O  -36.892  -12.991  -6.649  28
610  39  ASP  CB  -34.575  -12.116  -5.529  17.64
611  39  ASP  CG  -35.517  -11.311  -4.654  64.63
612  39  ASP  OD1  -36.002  -10.258  -5.12  8.13
613  39  ASP  OD2  -35.768  -11.732  -3.506  7.87
614  39  ASP  H  -35.632  -10.088  -7.522  8.59
615  39  ASP  HA  -34.073  -12.235  -7.525  3.25
616  39  ASP  HB2  -34.712  -13.057  -5.339  3.2
617  39  ASP  HB3  -33.663  -11.873  -5.305  27.98
618  40  GLU  N  -36.195  -12.711  -8.773  118.04
619  40  GLU  CA  -37.331  -13.367  -9.389  59.73
620  40  GLU  C  -38.579  -13.311  -8.503  177.07
621  40  GLU  O  -39.366  -14.256  -8.464  10.73
622  40  GLU  CB  -36.978  -14.821  -9.719  28.83
623  40  GLU  CG  -36.045  -15.468  -8.705  116.95
624  40  GLU  CD  -34.605  -15.018  -8.862  59.83
625  40  GLU  OE1  -34.246  -14.547  -9.962  1.92
626  40  GLU  OE2  -33.836  -15.135  -7.885  2.17
627  40  GLU  H  -35.573  -12.402  -9.28  9.05
628  40  GLU  HA  -37.512  -12.893  -10.216  4.08
629  40  GLU  HB2  -37.794  -15.344  -9.759  2.09
630  40  GLU  HB3  -36.546  -14.847  -10.587  2.09
631  40  GLU  HG2  -36.346  -15.236  -7.812  2.38
632  40  GLU  HG3  -36.084  -16.431  -8.817  2.38
633  41  LYS  N  -38.757  -12.196  -7.794  120.04
634  41  LYS  CA  -39.913  -12.028  -6.912  57.43
635  41  LYS  C  -40.41  -10.581  -6.903  175.07
636  41  LYS  O  -41.523  -10.308  -6.454  44.18
637  41  LYS  CB  -39.562  -12.47  -5.487  2.06
638  41  LYS  CG  -39.731  -13.967  -5.26  121.22
639  41  LYS  CD  -38.722  -14.507  -4.258  52.98
640  41  LYS  CE  -38.866  -13.836  -2.904  177.35
641  41  LYS  NZ  -37.732  -14.174  -2  8.38
642  41  LYS  H  -38.178  -11.563  -7.855  8.14
643  41  LYS  HA  -40.624  -12.596  -7.247  1.66
644  41  LYS  HB2  -38.639  -12.234  -5.305  1.23
645  41  LYS  HB3  -40.136  -12.001  -4.862  2.41
646  41  LYS  HG2  -40.626  -14.137  -4.926  1.98
647  41  LYS  HG3  -39.61  -14.427  -6.105  8.15
648  41  LYS  HD2  -38.864  -15.461  -4.152  2.04
649  41  LYS  HD3  -37.827  -14.348  -4.596  3.93
650  41  LYS  HE2  -38.892  -12.875  -3.032  3.91
651  41  LYS  HE3  -39.694  -14.131  -2.494  115.5
652  41  LYS  HZ1  -37.588  -15.052  -2.005  107.69
653  41  LYS  HZ2  -36.993  -13.759  -2.27  46.93
654  41  LYS  HZ3  -37.917  -13.918  -1.168  8.63
655  42  ARG  N  -39.582  -9.661  -7.396  113.44
656  42  ARG  CA  -39.937  -8.244  -7.441  8.11
657  42  ARG  C  -39.522  -7.535  -6.154  174.57
658  42  ARG  O  -40.265  -6.712  -5.62  3.7
659  42  ARG  CB  -41.437  -8.067  -7.67  121.89
660  42  ARG  CG  -41.796  -6.764  -8.373  59.13
661  42  ARG  CD  -41.857  -6.937  -9.882  58.08
662  42  ARG  NE  -40.697  -7.657  -10.399  175.35
663  42  ARG  CZ  -40.747  -8.477  -11.444  31.93
664  42  ARG  NH1  -41.897  -8.679  -12.075  27.98
665  42  ARG  NH2  -39.649  -9.093  -11.862  179.41
666  42  ARG  H  -38.814  -9.907  -7.695  8.3
667  42  ARG  HA  -39.459  -7.844  -8.184  29.34
668  42  ARG  HB2  -41.759  -8.806  -8.209  8.36
669  42  ARG  HB3  -41.887  -8.082  -6.811  4.02
670  42  ARG  HG2  -42.663  -6.463  -8.059  1.94
671  42  ARG  HG3  -41.124  -6.098  -8.16  1.96
672  42  ARG  HD2  -42.66  -7.432  -10.107  7.83
673  42  ARG  HD3  -41.894  -6.06  -10.295  4.14
674  42  ARG  HE  -39.943  -7.538  -10.002  2.41
675  42  ARG  HH11  -42.61  -8.281  -11.807  2.05
676  42  ARG  HH12  -41.929  -9.21  -12.751  2.41
677  42  ARG  HH21  -38.902  -8.963  -11.456  2.41
678  42  ARG  HH22  -39.684  -9.623  -12.538  119.98
679  43  ASN  N  -38.327  -7.856  -5.666  118.24
680  43  ASN  CA  -37.804  -7.249  -4.446  112.82
681  43  ASN  C  -36.317  -6.945  -4.607  174.47
682  43  ASN  O  -35.504  -7.857  -4.744  58.73
683  43  ASN  CB  -38.033  -8.18  -3.244  23.67
684  43  ASN  CG  -39.063  -9.254  -3.53  42.58
685  43  ASN  OD1  -38.722  -10.364  -3.939  28.43
686  43  ASN  ND2  -40.333  -8.93  -3.315  3.39
687  43  ASN  H  -37.848  -8.437  -6.082  8.73
688  43  ASN  HA  -38.278  -6.415  -4.299  7.86
689  43  ASN  HB2  -37.199  -8.617  -3.009  8.62
690  43  ASN  HB3  -38.34  -7.655  -2.488  7.65
691  43  ASN  HD21  -40.506  -8.138  -3.027  4.13
692  43  ASN  HD22  -40.936  -9.524  -3.47  2.13
693  44  LEU  N  -35.971  -5.661  -4.601  125.94
694  44  LEU  CA  -34.582  -5.246  -4.765  174.65
695  44  LEU  C  -33.847  -5.235  -3.434  175.17
696  44  LEU  O  -34.45  -5.067  -2.375  30.78
697  44  LEU  CB  -34.503  -3.864  -5.436  118.13
698  44  LEU  CG  -35.726  -2.969  -5.234  120.39
699  44  LEU  CD1  -35.355  -1.508  -5.448  54.93
700  44  LEU  CD2  -36.85  -3.381  -6.175  29.61
701  44  LEU  H  -36.58  -5.061  -4.509  8.45
702  44  LEU  HA  -34.151  -5.895  -5.343  18.33
703  44  LEU  HB2  -33.726  -3.398  -5.09  8.34
704  44  LEU  HB3  -34.382  -3.996  -6.389  3.93
705  44  LEU  HG  -36.044  -3.065  -4.323  1.89
706  44  LEU  HD11  -34.646  -1.262  -4.833  125.22
707  44  LEU  HD12  -35.049  -1.381  -6.36  56.08
708  44  LEU  HD13  -36.131  -0.949  -5.286  119.09
709  44  LEU  HD21  -36.786  -4.33  -6.364  59.63
710  44  LEU  HD22  -37.706  -3.191  -5.76  33.18
711  44  LEU  HD23  -36.776  -2.883  -7.004  2.95
712  45  GLN  N  -32.534  -5.427  -3.505  120.44
713  45  GLN  CA  -31.698  -5.45  -2.313  8.07
714  45  GLN  C  -30.339  -4.811  -2.58  174.27
715  45  GLN  O  -29.76  -4.973  -3.657  179.26
716  45  GLN  CB  -31.519  -6.888  -1.83  116.94
717  45  GLN  CG  -32.741  -7.439  -1.116  8.39
718  45  GLN  CD  -32.78  -8.954  -1.111  3.92
719  45  GLN  OE1  -31.748  -9.612  -0.991  2.05
720  45  GLN  NE2  -33.976  -9.515  -1.239  1.94
721  45  GLN  H  -32.169  -5.547  -4.275  8.44
722  45  GLN  HA  -32.15  -4.941  -1.622  121.42
723  45  GLN  HB2  -31.329  -7.454  -2.595  50.48
724  45  GLN  HB3  -30.768  -6.92  -1.217  174.75
725  45  GLN  HG2  -32.735  -7.126  -0.198  8.8
726  45  GLN  HG3  -33.536  -7.11  -1.563  22.68
727  45  GLN  HE21  -34.66  -9  -1.318  4.42
728  45  GLN  HE22  -34.024  -10.374  -1.237  3.34
729  46  CYS  N  -29.848  -4.082  -1.583  121.94
730  46  CYS  CA  -28.561  -3.4  -1.672  118.29
731  46  CYS  C  -27.398  -4.391  -1.653  171.57
732  46  CYS  O  -26.863  -4.716  -0.594  8.37
733  46  CYS  CB  -28.431  -2.389  -0.514  118.5
734  46  CYS  SG  -28.149  -0.653  -1.011  40.33
735  46  CYS  H  -30.306  -4.008  -0.859  9.17
736  46  CYS  HA  -28.54  -2.922  -2.516  26.94
737  46  CYS  HB2  -29.251  -2.406  0.004  123.92
738  46  CYS  HB3  -27.696  -2.649  0.062  8.02
739  47  ILE  N  -26.995  -4.853  -2.833  129.34
740  47  ILE  CA  -25.88  -5.782  -2.939  2.78
741  47  ILE  C  -24.568  -5.011  -3.027  175.37
742  47  ILE  O  -24.355  -4.236  -3.965  4.03
743  47  ILE  CB  -26.027  -6.72  -4.157  2.18
744  47  ILE  CG1  -27.13  -7.751  -3.883  1.87
745  47  ILE  CG2  -24.7  -7.408  -4.469  8.59
746  47  ILE  CD  -27.247  -8.83  -4.939  2.4
747  47  ILE  H  -27.391  -4.585  -3.548  8.73
748  47  ILE  HA  -25.868  -6.325  -2.135  0.86
749  47  ILE  HB  -26.277  -6.183  -4.925  128.12
750  47  ILE  HG12  -26.951  -8.187  -3.035  7.61
751  47  ILE  HG13  -27.983  -7.293  -3.831  3.71
752  47  ILE  HG21  -24.351  -7.821  -3.664  1.94
753  47  ILE  HG22  -24.835  -8.088  -5.148  31.78
754  47  ILE  HG23  -24.065  -6.752  -4.797  30.84
755  47  ILE  HD11  -26.971  -8.425  -5.901  32.27
756  47  ILE  HD12  -26.587  -9.648  -4.691  33.78
757  47  ILE  HD13  -28.265  -9.187  -4.977  17.21
758  48  CYS  N  -23.703  -5.212  -2.033  126.14
759  48  CYS  CA  -22.415  -4.523  -1.984  4.02
760  48  CYS  C  -21.287  -5.399  -2.521  172.17
761  48  CYS  O  -20.947  -6.427  -1.932  1.97
762  48  CYS  CB  -22.097  -4.092  -0.552  2.63
763  48  CYS  SG  -23.309  -2.936  0.17  2.52
764  48  CYS  H  -23.91  -5.754  -1.398  8.44
765  48  CYS  HA  -22.481  -3.731  -2.54  8.21
766  48  CYS  HB2  -22.066  -4.878  0.016  124.73
767  48  CYS  HB3  -21.23  -3.657  -0.539  117.14
768  49  ASP  N  -20.706  -4.972  -3.637  123.04
769  49  ASP  CA  -19.6  -5.691  -4.262  121.72
770  49  ASP  C  -18.267  -5.073  -3.863  175.67
771  49  ASP  O  -18.088  -3.853  -3.907  172.35
772  49  ASP  CB  -19.749  -5.69  -5.784  7.49
773  49  ASP  CG  -20.741  -6.73  -6.27  121.69
774  49  ASP  OD1  -21.884  -6.739  -5.769  56.13
775  49  ASP  OD2  -20.372  -7.537  -7.149  4.7
776  49  ASP  H  -20.985  -4.242  -3.997  8.74
777  49  ASP  HA  -19.616  -6.607  -3.943  39.93
778  49  ASP  HB2  -20.056  -4.817  -6.073  57.77
779  49  ASP  HB3  -18.887  -5.875  -6.189  177.08
780  50  TYR  N  -17.338  -5.928  -3.459  124.74
781  50  TYR  CA  -16.016  -5.488  -3.032  9.18
782  50  TYR  C  -14.977  -5.717  -4.127  175.37
783  50  TYR  O  -14.006  -4.967  -4.241  2.88
784  50  TYR  CB  -15.621  -6.238  -1.767  2.68
785  50  TYR  CG  -16.425  -5.841  -0.547  119.69
786  50  TYR  CD1  -17.786  -6.111  -0.471  51.73
787  50  TYR  CD2  -15.823  -5.203  0.528  4.1
788  50  TYR  CE1  -18.526  -5.757  0.64  2.13
789  50  TYR  CE2  -16.556  -4.843  1.644  2.1
790  50  TYR  CZ  -17.905  -5.122  1.696  7.38
791  50  TYR  OH  -18.636  -4.768  2.806  4.47
792  50  TYR  H  -17.523  -6.768  -3.439  9.5
793  50  TYR  HA  -16.06  -4.539  -2.835  128.62
794  50  TYR  HB2  -15.76  -7.186  -1.915  56.58
795  50  TYR  HB3  -14.684  -6.075  -1.577  107.49
796  50  TYR  HD1  -18.203  -6.536  -1.185  46.03
797  50  TYR  HD2  -14.913  -5.015  0.491  43.58
798  50  TYR  HE1  -19.436  -5.947  0.672  7.79
799  50  TYR  HE2  -16.136  -4.416  2.356  8.06
800  50  TYR  HH  -19.453  -4.752  2.612  4.08
801  51  CYS  N  -15.186  -6.754  -4.935  121.24
802  51  CYS  CA  -14.266  -7.076  -6.025  119.09
803  51  CYS  C  -14.768  -6.487  -7.339  175.31
804  51  CYS  O  -14.031  -5.799  -8.044  55.08
805  51  CYS  CB  -14.106  -8.592  -6.172  174.25
806  51  CYS  SG  -13.178  -9.386  -4.819  34.53
807  51  CYS  H  -15.882  -7.245  -4.815  9.48
808  51  CYS  HA  -13.403  -6.685  -5.817  56.21
809  51  CYS  HB2  -14.984  -9.002  -6.206  177.54
810  51  CYS  HB3  -13.636  -8.778  -7  2.82
811  52  GLU  N  -16.028  -6.764  -7.659  121.16
812  52  GLU  CA  -16.636  -6.265  -8.887  4.48
813  52  GLU  C  -15.893  -6.778  -10.113  1.72
814  52  GLU  O  -14.802  -6.306  -10.436  1.95
815  52  GLU  CB  -16.655  -4.735  -8.89  39.64
816  52  GLU  CG  -17.792  -4.144  -9.71  179.85
817  52  GLU  CD  -17.467  -2.766  -10.255  4.54
818  52  GLU  OE1  -16.496  -2.65  -11.031  2.84
819  52  GLU  OE2  -18.184  -1.805  -9.908  8.31
820  52  GLU  H  -16.497  -7.251  -7.128  8.13
821  52  GLU  HA  -17.549  -6.59  -8.918  2.98
822  52  GLU  HB2  -16.743  -4.421  -7.977  120.42
823  52  GLU  HB3  -15.817  -4.411  -9.256  54.18
824  52  GLU  HG2  -17.979  -4.735  -10.456  119.19
825  52  GLU  HG3  -18.579  -4.077  -9.147  53.53
826  53  TYR  N  -16.491  -7.746  -10.798  37.88
827  53  TYR  CA  -15.887  -8.318  -11.993  69.28
828  53  TYR  C  -15.885  -7.299  -13.128  42.53
829  53  TYR  O  -16.722  -6.373  -13.092  22.74
830  53  TYR  CB  -16.642  -9.589  -12.407  8.29
831  53  TYR  CG  -16.683  -9.834  -13.9  4.01
832  53  TYR  CD1  -17.677  -9.267  -14.689  7.88
833  53  TYR  CD2  -15.732  -10.634  -14.52  4.4
834  53  TYR  CE1  -17.719  -9.49  -16.052  7.18
835  53  TYR  CE2  -15.768  -10.862  -15.881  53.7
836  53  TYR  CZ  -16.763  -10.289  -16.643  173.84
837  53  TYR  OH  -16.801  -10.515  -18  116.9
838  53  TYR  OXT  -15.045  -7.434  -14.043  53.59
839  53  TYR  H  -17.255  -8.039  -10.532  7.65
840  53  TYR  HA  -14.969  -8.55  -11.78  57.05
841  53  TYR  HB2  -16.216  -10.357  -11.994  39.82
842  53  TYR  HB3  -17.557  -9.527  -12.091  4.44
843  53  TYR  HD1  -18.32  -8.728  -14.288  121.09
844  53  TYR  HD2  -15.061  -11.019  -14.004  63.53
845  53  TYR  HE1  -18.391  -9.103  -16.566  177.05
846  53  TYR  HE2  -15.124  -11.401  -16.279  4.72
847  53  TYR  HH  -17.564  -10.322  -18.294  31.13
