1  1  LYS  N  33.774  11.867  124.755  121.95
2  1  LYS  CA  34.598  12.445  125.928  51.16
3  1  LYS  C  34.494  11.473  127.101  174
4  1  LYS  O  33.416  10.908  127.341  0
5  1  LYS  CB  34.005  13.846  126.315  20.16
6  1  LYS  CG  34.224  14.363  127.723  8.35
7  1  LYS  CD  33.882  15.832  127.818  123.11
8  1  LYS  CE  33.99  16.457  129.174  16.87
9  1  LYS  NZ  35.247  17.161  129.505  4.26
10  1  LYS  H  33.879  12.381  124.036  124.57
11  1  LYS  H2  34.054  11.042  124.573  55.81
12  1  LYS  H3  32.913  11.844  124.979  4.41
13  1  LYS  HA  35.53  12.557  125.684  120.83
14  1  LYS  HB2  34.372  14.501  125.7  59.26
15  1  LYS  HB3  33.048  13.814  126.158  176.3
16  1  LYS  HG2  33.677  13.859  128.345  4.33
17  1  LYS  HG3  35.149  14.225  127.982  33.46
18  1  LYS  HD2  34.463  16.319  127.212  52.33
19  1  LYS  HD3  32.974  15.953  127.499  176.55
20  1  LYS  HE2  33.26  17.088  129.272  116.97
21  1  LYS  HE3  33.854  15.761  129.836  57.81
22  1  LYS  HZ1  35.337  17.208  130.389  7.68
23  1  LYS  HZ2  35.936  16.716  129.16  4.38
24  1  LYS  HZ3  35.225  17.983  129.165  2.25
25  2  ILE  N  35.619  11.14  127.729  123.07
26  2  ILE  CA  35.559  10.493  129.005  55.84
27  2  ILE  C  35.799  11.482  130.145  175.05
28  2  ILE  O  36.872  12.115  130.214  8.36
29  2  ILE  CB  36.54  9.338  129.034  29.61
30  2  ILE  CG1  36.452  8.514  127.685  33.96
31  2  ILE  CG2  36.321  8.572  130.352  1.8
32  2  ILE  CD  36.987  7.105  127.758  4.36
33  2  ILE  H  36.411  11.283  127.427  8.76
34  2  ILE  HA  34.666  10.138  129.138  2.07
35  2  ILE  HB  37.468  9.619  129.051  117.43
36  2  ILE  HG21  36.937  7.824  130.398  59.76
37  2  ILE  HG22  36.478  9.167  131.102  174.3
38  2  ILE  HG23  35.41  8.242  130.387  59.67
39  3  PHE  N  34.757  11.741  130.933  130.22
40  3  PHE  CA  34.829  12.639  132.085  52.27
41  3  PHE  C  35.646  11.909  133.15  177.14
42  3  PHE  O  35.78  10.695  133.176  7.85
43  3  PHE  CB  33.418  13.006  132.693  8.18
44  3  PHE  CG  32.639  14.08  131.969  4.81
45  3  PHE  CD1  31.955  13.798  130.733  1.76
46  3  PHE  CD2  32.513  15.34  132.507  2.03
47  3  PHE  CE1  31.142  14.784  130.127  120.68
48  3  PHE  CE2  31.815  16.31  131.911  8.42
49  3  PHE  CZ  31.098  16.051  130.709  117.53
50  3  PHE  H  33.979  11.396  130.812  8.8
51  3  PHE  HA  35.226  13.476  131.798  169.6
52  3  PHE  HB2  32.877  12.201  132.717  8.4
53  3  PHE  HB3  33.546  13.289  133.612  8.67
54  3  PHE  HD1  32.048  12.964  130.332  3.37
55  3  PHE  HD2  32.93  15.523  133.318  2.06
56  3  PHE  HE1  30.65  14.593  129.361  130.43
57  3  PHE  HE2  31.797  17.162  132.284  52.86
58  3  PHE  HZ  30.599  16.728  130.311  173.7
59  4  SER  N  36.253  12.679  134.015  126.25
60  4  SER  CA  36.788  12.204  135.304  43.46
61  4  SER  C  35.694  12.393  136.307  2.97
62  4  SER  O  34.787  13.248  136.116  3.06
63  4  SER  CB  38.056  13.051  135.716  29.26
64  4  SER  OG  37.733  14.365  136.012  7.3
65  4  SER  H  36.378  13.519  133.883  8.64
66  4  SER  HA  37.063  11.275  135.25  1.7
67  4  SER  HB2  38.48  12.642  136.487  1.02
68  4  SER  HB3  38.703  13.033  134.994  178.25
69  4  SER  HG  38.429  14.783  136.227  3.31
70  5  LYS  N  35.667  11.547  137.327  112.35
71  5  LYS  CA  34.758  11.718  138.441  63.06
72  5  LYS  C  34.487  13.186  138.909  175.56
73  5  LYS  O  33.358  13.682  138.886  173.64
74  5  LYS  CB  35.235  10.873  139.635  31.79
75  5  LYS  CG  34.332  10.948  140.887  121.03
76  5  LYS  CD  34.536  9.746  141.88  55.06
77  5  LYS  CE  35.667  9.815  142.753  175.1
78  5  LYS  NZ  35.651  8.547  143.598  1.79
79  5  LYS  H  36.177  10.858  137.39  7.76
80  5  LYS  HA  33.903  11.415  138.099  2.02
81  5  LYS  HB2  35.3  9.947  139.354  2.02
82  5  LYS  HB3  36.129  11.158  139.88  3.62
83  5  LYS  HG2  34.509  11.779  141.355  3.82
84  5  LYS  HG3  33.404  10.973  140.607  118.56
85  5  LYS  HD2  33.738  9.666  142.425  54.25
86  5  LYS  HD3  34.606  8.931  141.358  8.64
87  5  LYS  HE2  36.49  9.879  142.244  6.08
88  5  LYS  HE3  35.619  10.604  143.316  2.95
89  5  LYS  HZ1  36.482  8.244  143.694  33.47
90  5  LYS  HZ2  35.307  8.728  144.399  1.87
91  5  LYS  HZ3  35.154  7.928  143.195  2.04
92  6  CYS  N  35.534  13.886  139.335  122.72
93  6  CYS  CA  35.356  15.252  139.866  8.21
94  6  CYS  C  34.925  16.219  138.802  4.54
95  6  CYS  O  34.108  17.06  139.074  114.98
96  6  CYS  CB  36.632  15.719  140.596  55.26
97  6  CYS  SG  36.948  14.576  141.905  171.7
98  6  CYS  H  36.346  13.602  139.329  8.57
99  6  CYS  HA  34.636  15.228  140.515  42.26
100  6  CYS  HB2  37.383  15.751  139.983  4.21
101  6  CYS  HB3  36.515  16.615  140.947  3.29
102  7  GLU  N  35.339  16.022  137.562  112.94
103  7  GLU  CA  34.897  16.92  136.53  2.85
104  7  GLU  C  33.427  16.707  136.289  3.18
105  7  GLU  O  32.675  17.663  136.135  4.41
106  7  GLU  CB  35.79  16.846  135.264  8.4
107  7  GLU  CG  35.041  17.021  133.946  5.97
108  7  GLU  CD  35.841  16.548  132.743  3.11
109  7  GLU  OE1  36.343  15.391  132.719  2.71
110  7  GLU  OE2  35.934  17.313  131.755  39
111  7  GLU  H  35.863  15.389  137.307  8.6
112  7  GLU  HA  35.003  17.839  136.822  121.22
113  7  GLU  HB2  36.475  17.53  135.326  59.62
114  7  GLU  HB3  36.244  15.989  135.253  8.47
115  7  GLU  HG2  34.206  16.53  133.986  105.83
116  7  GLU  HG3  34.814  17.957  133.83  43.36
117  8  LEU  N  32.975  15.443  136.351  123.15
118  8  LEU  CA  31.571  15.125  136.204  4.67
119  8  LEU  C  30.796  15.651  137.345  7.37
120  8  LEU  O  29.73  16.324  137.178  4.21
121  8  LEU  CB  31.259  13.613  135.909  3.32
122  8  LEU  CG  29.751  13.368  135.763  112.68
123  8  LEU  CD1  29.142  14.135  134.528  58.36
124  8  LEU  CD2  29.437  11.959  135.685  172.8
125  8  LEU  H  33.481  14.76  136.479  7.67
126  8  LEU  HA  31.281  15.578  135.397  65.76
127  8  LEU  HB2  31.712  13.341  135.096  60.38
128  8  LEU  HB3  31.609  13.063  136.627  8.5
129  8  LEU  HG  29.341  13.724  136.567  4.82
130  8  LEU  HD11  28.191  13.954  134.472  4.09
131  8  LEU  HD12  29.284  15.088  134.637  2.18
132  8  LEU  HD13  29.576  13.835  133.714  2.18
133  8  LEU  HD21  28.478  11.846  135.594  128.28
134  8  LEU  HD22  29.883  11.57  134.916  54.76
135  8  LEU  HD23  29.739  11.515  136.493  176.4
136  9  ALA  N  31.328  15.448  138.524  119.69
137  9  ALA  CA  30.744  16.019  139.702  42.16
138  9  ALA  C  30.543  17.531  139.677  180.34
139  9  ALA  O  29.463  18.02  140.134  2.52
140  9  ALA  CB  31.531  15.662  140.86  118.1
141  9  ALA  H  32.034  14.978  138.663  8.58
142  9  ALA  HA  29.851  15.643  139.742  5.68
143  9  ALA  HB1  31.132  16.05  141.655  3.32
144  9  ALA  HB2  31.555  14.696  140.95  2.42
145  9  ALA  HB3  32.434  15.999  140.754  7.68
146  10  ARG  N  31.483  18.26  139.083  121
147  10  ARG  CA  31.312  19.723  138.983  110.88
148  10  ARG  C  30.154  20.118  137.981  60.26
149  10  ARG  O  29.259  20.928  138.309  175.4
150  10  ARG  CB  32.677  20.375  138.621  8.12
151  10  ARG  CG  33.605  20.526  139.779  67.86
152  10  ARG  CD  34.923  21.218  139.526  53.41
153  10  ARG  NE  35.807  20.392  138.683  176.46
154  10  ARG  CZ  36.716  19.576  139.155  9.97
155  10  ARG  NH1  36.88  19.398  140.485  4.84
156  10  ARG  NH2  37.474  18.903  138.286  4.88
157  10  ARG  H  32.207  17.948  138.739  8.5
158  10  ARG  HA  31.03  20.07  139.844  118.54
159  10  ARG  HB2  33.11  19.838  137.939  56.25
160  10  ARG  HB3  32.514  21.249  138.233  7.35
161  10  ARG  HG2  33.139  21.014  140.475  108.88
162  10  ARG  HG3  33.793  19.642  140.13  46.76
163  10  ARG  HD2  34.765  22.072  139.094  176.2
164  10  ARG  HD3  35.36  21.405  140.371  63.05
165  10  ARG  HE  35.72  20.45  137.829  7.83
166  10  ARG  HH11  36.382  19.825  141.041  4.38
167  10  ARG  HH12  37.483  18.858  140.775  3.75
168  10  ARG  HH21  37.359  19.011  137.441  130.58
169  10  ARG  HH22  38.078  18.361  138.572  60.86
170  11  LYS  N  30.167  19.51  136.824  116.04
171  11  LYS  CA  29.173  19.662  135.762  3.92
172  11  LYS  C  27.769  19.36  136.257  30.86
173  11  LYS  O  26.833  20.236  136.143  124.08
174  11  LYS  CB  29.562  18.762  134.584  58.44
175  11  LYS  CG  28.561  18.64  133.512  175.58
176  11  LYS  CD  28.413  20.029  132.803  7.93
177  11  LYS  CE  27.171  20.113  131.859  11.23
178  11  LYS  NZ  27.13  21.455  131.23  4.13
179  11  LYS  H  30.791  18.959  136.61  8.03
180  11  LYS  HA  29.163  20.586  135.468  1.64
181  11  LYS  HB2  30.385  19.101  134.198  3.91
182  11  LYS  HB3  29.754  17.875  134.926  3.93
183  11  LYS  HG2  28.834  17.963  132.873  3.01
184  11  LYS  HG3  27.709  18.357  133.878  2.89
185  11  LYS  HD2  28.346  20.723  133.477  115.72
186  11  LYS  HD3  29.215  20.209  132.288  61.32
187  11  LYS  HE2  27.222  19.425  131.177  117.74
188  11  LYS  HE3  26.357  19.954  132.362  58.72
189  11  LYS  HZ1  26.467  21.485  130.637  111.2
190  11  LYS  HZ2  26.995  22.073  131.856  120.48
191  11  LYS  HZ3  27.903  21.614  130.819  67.16
192  12  LEU  N  27.59  18.204  136.944  121.23
193  12  LEU  CA  26.265  17.87  137.501  64.79
194  12  LEU  C  25.812  18.845  138.631  67.66
195  12  LEU  O  24.615  19.236  138.715  4.31
196  12  LEU  CB  26.172  16.386  137.995  42.18
197  12  LEU  CG  26.439  15.393  136.862  10.73
198  12  LEU  CD1  26.254  13.919  137.418  3.68
199  12  LEU  CD2  25.581  15.649  135.617  4.26
200  12  LEU  H  28.205  17.622  137.091  7.78
201  12  LEU  HA  25.65  17.977  136.758  173.86
202  12  LEU  HB2  26.812  16.242  138.709  1.4
203  12  LEU  HB3  25.291  16.223  138.367  7.6
204  12  LEU  HG  27.353  15.515  136.562  118.68
205  12  LEU  HD11  26.421  13.281  136.707  58.66
206  12  LEU  HD12  26.88  13.765  138.143  176.2
207  12  LEU  HD13  25.348  13.808  137.745  64.31
208  12  LEU  HD21  25.794  14.991  134.936  29.06
209  12  LEU  HD22  24.642  15.58  135.851  56.13
210  12  LEU  HD23  25.764  16.538  135.275  32.66
211  13  LYS  N  26.704  19.161  139.526  117.45
212  13  LYS  CA  26.446  20.142  140.518  8.16
213  13  LYS  C  25.988  21.481  139.884  4.31
214  13  LYS  O  25.093  22.148  140.398  1.38
215  13  LYS  CB  27.712  20.447  141.281  6.3
216  13  LYS  CG  27.408  21.336  142.494  2.58
217  13  LYS  CD  28.642  21.474  143.409  1.8
218  13  LYS  CE  28.594  22.807  144.235  1.35
219  13  LYS  NZ  29.691  22.731  145.241  2.93
220  13  LYS  H  27.486  18.805  139.572  9.04
221  13  LYS  HA  25.752  19.784  141.094  117.44
222  13  LYS  HB2  28.126  19.62  141.575  30.98
223  13  LYS  HB3  28.348  20.891  140.699  27.29
224  13  LYS  HG2  27.126  22.214  142.192  28.2
225  13  LYS  HG3  26.67  20.959  142.997  19.08
226  13  LYS  HD2  28.684  20.717  144.014  7.55
227  13  LYS  HD3  29.449  21.453  142.872  128.44
228  13  LYS  HE2  28.712  23.575  143.655  118.83
229  13  LYS  HE3  27.734  22.91  144.671  59.66
230  13  LYS  HZ1  29.567  23.355  145.863  180
231  13  LYS  HZ2  29.689  21.927  145.623  21.87
232  13  LYS  HZ3  30.473  22.865  144.838  31.76
233  14  SER  N  26.636  21.871  138.804  121.75
234  14  SER  CA  26.358  23.177  138.166  1.82
235  14  SER  C  24.943  23.195  137.525  9.31
236  14  SER  O  24.387  24.253  137.156  4.41
237  14  SER  CB  27.446  23.492  137.13  7.42
238  14  SER  OG  27.164  22.837  135.881  3.87
239  14  SER  H  27.244  21.405  138.413  8.63
240  14  SER  HA  26.373  23.868  138.847  8.67
241  14  SER  HB2  27.5  24.451  136.993  104.35
242  14  SER  HB3  28.31  23.204  137.464  45.42
243  14  SER  HG  27.081  22.011  136.01  169.98
244  15  MET  N  24.422  21.994  137.309  115.76
245  15  MET  CA  23.179  21.75  136.541  2.78
246  15  MET  C  22.073  21.233  137.47  2.44
247  15  MET  O  21.145  20.664  136.995  2.32
248  15  MET  CB  23.407  20.71  135.41  2.39
249  15  MET  CG  24.32  21.097  134.169  3.93
250  15  MET  SD  23.798  22.647  133.293  119.63
251  15  MET  CE  22.362  22.097  132.545  66.36
252  15  MET  H  24.782  21.272  137.608  7.97
253  15  MET  HA  22.913  22.594  136.144  3.14
254  15  MET  HB2  23.789  19.917  135.817  31.26
255  15  MET  HB3  22.536  20.46  135.064  63.08
256  15  MET  HG2  25.235  21.203  134.474  117.56
257  15  MET  HG3  24.315  20.362  133.536  7.61
258  15  MET  HE1  21.965  22.821  132.036  3.49
259  15  MET  HE2  22.569  21.359  131.95  2
260  15  MET  HE3  21.737  21.799  133.224  43.1
261  16  GLY  N  22.206  21.481  138.771  117.91
262  16  GLY  CA  21.228  21.258  139.818  2.47
263  16  GLY  C  20.956  19.83  140.197  2.47
264  16  GLY  O  19.874  19.492  140.673  8.91
265  16  GLY  H  22.935  21.812  139.085  7.06
266  16  GLY  HA2  21.522  21.731  140.612  122.43
267  16  GLY  HA3  20.391  21.662  139.541  55.46
268  17  MET  N  21.959  18.972  140.038  106.28
269  17  MET  CA  21.717  17.531  140.29  40.97
270  17  MET  C  21.916  17.16  141.715  18.26
271  17  MET  O  21.473  16.105  142.087  8.37
272  17  MET  CB  22.629  16.62  139.501  3.88
273  17  MET  CG  22.484  16.755  138.074  0.95
274  17  MET  SD  20.886  16.224  137.531  42.84
275  17  MET  CE  21.257  14.416  137.078  31.16
276  17  MET  H  22.758  19.179  139.796  7.52
277  17  MET  HA  20.794  17.409  140.016  59.96
278  17  MET  HB2  23.549  16.806  139.744  179.1
279  17  MET  HB3  22.45  15.7  139.751  37.82
280  17  MET  HG2  22.622  17.681  137.82  31.46
281  17  MET  HG3  23.169  16.233  137.627  1.91
282  17  MET  HE1  20.447  13.99  136.756  9.23
283  17  MET  HE2  21.934  14.388  136.384  125.41
284  17  MET  HE3  21.579  13.945  137.863  126.12
285  18  ASP  N  22.689  17.933  142.478  112.79
286  18  ASP  CA  22.936  17.507  143.814  3.87
287  18  ASP  C  21.621  17.519  144.651  1.89
288  18  ASP  O  21.04  18.618  144.977  33.84
289  18  ASP  CB  24.031  18.353  144.442  36.32
290  18  ASP  CG  24.451  17.815  145.802  4.21
291  18  ASP  OD1  24.094  16.663  146.276  2.47
292  18  ASP  OD2  25.145  18.496  146.49  9.25
293  18  ASP  H  23.057  18.673  142.239  7.25
294  18  ASP  HA  23.251  16.59  143.801  2.12
295  18  ASP  HB2  24.8  18.376  143.852  2.12
296  18  ASP  HB3  23.719  19.267  144.538  121.72
297  19  GLY  N  21.146  16.348  145.021  117.93
298  19  GLY  CA  19.894  16.228  145.709  116.53
299  19  GLY  C  18.667  16.144  144.786  60.86
300  19  GLY  O  17.541  16.139  145.291  176.4
301  19  GLY  H  21.546  15.6  144.877  8.87
302  19  GLY  HA2  19.919  15.436  146.268  62.46
303  19  GLY  HA3  19.788  16.989  146.301  123.42
304  20  PHE  N  18.873  16.087  143.465  119.25
305  20  PHE  CA  17.804  16.191  142.514  4.22
306  20  PHE  C  16.952  14.947  142.778  4.03
307  20  PHE  O  17.43  13.79  142.741  66.25
308  20  PHE  CB  18.262  16.277  141.066  180.07
309  20  PHE  CG  17.137  16.356  140.066  124.03
310  20  PHE  CD1  16.617  17.625  139.685  66.16
311  20  PHE  CD2  16.525  15.226  139.561  176.6
312  20  PHE  CE1  15.548  17.731  138.829  4.84
313  20  PHE  CE2  15.471  15.33  138.627  37.66
314  20  PHE  CZ  14.974  16.59  138.273  2.56
315  20  PHE  H  19.649  15.986  143.109  8.6
316  20  PHE  HA  17.314  17.02  142.631  2.32
317  20  PHE  HB2  18.829  17.057  140.962  7.56
318  20  PHE  HB3  18.808  15.501  140.863  3.61
319  20  PHE  HD1  17.009  18.398  140.022  2.15
320  20  PHE  HD2  16.811  14.386  139.839  175.73
321  20  PHE  HE1  15.205  18.57  138.619  50.52
322  20  PHE  HE2  15.108  14.563  138.248  40.06
323  20  PHE  HZ  14.268  16.665  137.673  117.73
324  21  HSE  N  15.691  15.234  143.099  125.73
325  21  HSE  CA  14.736  14.223  143.427  177.5
326  21  HSE  C  15.176  13.341  144.627  9.74
327  21  HSE  O  14.833  12.123  144.703  30.16
328  21  HSE  CB  14.526  13.378  142.184  2.91
329  21  HSE  CG  13.175  12.748  142.059  117.02
330  21  HSE  ND1  12.033  13.482  141.763  52.62
331  21  HSE  CD2  12.795  11.443  142.07  4.67
332  21  HSE  CE1  11.005  12.655  141.656  7.43
333  21  HSE  NE2  11.431  11.414  141.849  4.58
334  22  GLY  N  15.875  13.94  145.6  128.12
335  22  GLY  CA  16.343  13.209  146.77  1.96
336  22  GLY  C  17.634  12.433  146.51  21.63
337  22  GLY  O  18.166  11.844  147.437  8.43
338  22  GLY  H  16.086  14.774  145.595  9.2
339  22  GLY  HA2  16.487  13.833  147.499  2.7
340  22  GLY  HA3  15.652  12.592  147.057  8.51
341  23  TYR  N  18.165  12.436  145.294  102.03
342  23  TYR  CA  19.455  11.695  145.03  4.48
343  23  TYR  C  20.673  12.597  145.152  123.62
344  23  TYR  O  20.751  13.709  144.512  50.22
345  23  TYR  CB  19.349  11.012  143.671  116.53
346  23  TYR  CG  18.381  9.864  143.68  58.76
347  23  TYR  CD1  18.727  8.655  144.312  177
348  23  TYR  CD2  17.135  9.963  143.165  8.01
349  23  TYR  CE1  17.881  7.557  144.308  32.36
350  23  TYR  CE2  16.227  8.877  143.211  44.93
351  23  TYR  CZ  16.586  7.692  143.725  118.9
352  23  TYR  OH  15.73  6.622  143.726  55.05
353  23  TYR  H  17.828  12.838  144.613  7.86
354  23  TYR  HA  19.586  11.016  145.71  7.66
355  23  TYR  HB2  19.07  11.661  143.007  4.08
356  23  TYR  HB3  20.225  10.691  143.404  1.95
357  23  TYR  HD1  19.547  8.591  144.745  1.85
358  23  TYR  HD2  16.868  10.762  142.772  39.8
359  23  TYR  HE1  18.152  6.748  144.678  49.72
360  23  TYR  HE2  15.366  8.988  142.878  4.31
361  23  TYR  HH  14.937  6.897  143.754  2.26
362  24  SER  N  21.657  12.206  146.011  119.07
363  24  SER  CA  22.779  13.048  146.251  8.05
364  24  SER  C  23.707  13.025  145.04  4.29
365  24  SER  O  23.609  12.098  144.172  3.05
366  24  SER  CB  23.57  12.561  147.482  2.53
367  24  SER  OG  24.16  11.283  147.105  114.53
368  24  SER  H  21.662  11.462  146.442  7.41
369  24  SER  HA  22.454  13.948  146.411  176.3
370  24  SER  HB2  24.257  13.201  147.728  60.86
371  24  SER  HB3  22.987  12.46  148.251  30.46
372  24  SER  HG  24.604  10.978  147.749  24.42
373  25  LEU  N  24.542  14.076  144.9  119.47
374  25  LEU  CA  25.525  14.163  143.831  8.57
375  25  LEU  C  26.35  12.892  143.676  34.21
376  25  LEU  O  26.558  12.391  142.528  4.4
377  25  LEU  CB  26.412  15.392  144.056  6.94
378  25  LEU  CG  27.453  15.754  142.987  7.1
379  25  LEU  CD1  26.881  16.124  141.715  3.97
380  25  LEU  CD2  28.317  16.891  143.566  1.12
381  25  LEU  H  24.544  14.753  145.43  8.97
382  25  LEU  HA  25.047  14.262  142.993  1.65
383  25  LEU  HB2  25.829  16.159  144.171  133.36
384  25  LEU  HB3  26.883  15.266  144.895  57.16
385  25  LEU  HG  27.986  14.968  142.79  174.82
386  25  LEU  HD11  27.592  16.339  141.091  44.78
387  25  LEU  HD12  26.359  15.384  141.367  33.58
388  25  LEU  HD13  26.308  16.898  141.831  117.05
389  25  LEU  HD21  28.99  17.149  142.917  122.22
390  25  LEU  HD22  27.754  17.655  143.768  9.3
391  25  LEU  HD23  28.752  16.586  144.378  116.93
392  26  ALA  N  26.751  12.329  144.82  121.28
393  26  ALA  CA  27.604  11.139  144.797  175.4
394  26  ALA  C  26.893  9.974  144.09  26.82
395  26  ALA  O  27.479  9.216  143.314  44.06
396  26  ALA  CB  28.135  10.748  146.186  9.27
397  26  ALA  H  26.545  12.615  145.605  8.78
398  26  ALA  HA  28.393  11.364  144.279  8.57
399  26  ALA  HB1  28.691  9.957  146.109  123.69
400  26  ALA  HB2  28.661  11.478  146.549  52.69
401  26  ALA  HB3  27.389  10.562  146.777  3.45
402  27  ASN  N  25.603  9.918  144.319  117.24
403  27  ASN  CA  24.8  8.873  143.741  5.21
404  27  ASN  C  24.791  8.995  142.228  3.21
405  27  ASN  O  24.896  7.999  141.522  2.81
406  27  ASN  CB  23.394  8.84  144.367  3.03
407  27  ASN  CG  23.306  7.964  145.541  3.03
408  27  ASN  OD1  23.147  6.759  145.427  52.74
409  27  ASN  ND2  23.396  8.56  146.72  176.35
410  27  ASN  H  25.171  10.478  144.808  9.13
411  27  ASN  HA  25.196  8.012  143.948  122.03
412  27  ASN  HB2  23.139  9.74  144.622  53.06
413  27  ASN  HB3  22.756  8.542  143.7  176.8
414  27  ASN  HD21  23.342  8.096  147.442  2.09
415  27  ASN  HD22  23.508  9.412  146.764  41.36
416  28  TRP  N  24.654  10.215  141.728  115.66
417  28  TRP  CA  24.559  10.462  140.278  18.52
418  28  TRP  C  25.893  10.172  139.568  7.41
419  28  TRP  O  25.924  9.561  138.469  8.8
420  28  TRP  CB  24.118  11.921  140.004  4.74
421  28  TRP  CG  22.804  12.219  140.362  3.41
422  28  TRP  CD1  22.361  12.998  141.399  2.87
423  28  TRP  CD2  21.612  11.772  139.666  117.63
424  28  TRP  NE1  20.974  13.037  141.398  55.76
425  28  TRP  CE2  20.499  12.301  140.351  177.5
426  28  TRP  CE3  21.38  10.985  138.517  50.85
427  28  TRP  CZ2  19.177  12.072  139.929  39.96
428  28  TRP  CZ3  20.052  10.816  138.077  1.49
429  28  TRP  CH2  18.982  11.336  138.796  1.95
430  28  TRP  H  24.613  10.926  142.21  7.78
431  28  TRP  HA  23.891  9.856  139.921  8.55
432  28  TRP  HB2  24.713  12.519  140.483  4.58
433  28  TRP  HB3  24.231  12.106  139.059  2.9
434  28  TRP  HD1  22.908  13.435  142.011  2.75
435  28  TRP  HE1  20.489  13.459  141.969  119.13
436  28  TRP  HE3  22.087  10.588  138.061  58.06
437  28  TRP  HZ2  18.456  12.412  140.408  178.7
438  28  TRP  HZ3  19.888  10.348  137.29  8.18
439  28  TRP  HH2  18.115  11.179  138.499  29.36
440  29  VAL  N  26.987  10.535  140.219  118.37
441  29  VAL  CA  28.295  10.305  139.664  127.51
442  29  VAL  C  28.691  8.787  139.666  57.85
443  29  VAL  O  29.195  8.244  138.67  56.52
444  29  VAL  CB  29.276  11.147  140.369  8.04
445  29  VAL  CG1  30.713  10.898  139.801  4.34
446  29  VAL  CG2  28.909  12.686  140.196  2.15
447  29  VAL  H  26.987  10.918  140.989  7.37
448  29  VAL  HA  28.284  10.56  138.728  4.67
449  29  VAL  HB  29.255  10.913  141.31  2.79
450  29  VAL  HG11  31.349  11.458  140.273  118.33
451  29  VAL  HG12  30.952  9.966  139.921  66.16
452  29  VAL  HG13  30.73  11.116  138.856  173.6
453  29  VAL  HG21  29.562  13.229  140.664  6.91
454  29  VAL  HG22  28.914  12.916  139.254  68.96
455  29  VAL  HG23  28.027  12.852  140.564  124.15
456  30  CYS  N  28.342  8.112  140.754  116.58
457  30  CYS  CA  28.497  6.665  140.882  8.16
458  30  CYS  C  27.689  5.944  139.796  3.95
459  30  CYS  O  28.214  5.053  139.117  4.27
460  30  CYS  CB  28.116  6.209  142.297  8.07
461  30  CYS  SG  28.5  4.457  142.6  4.53
462  30  CYS  H  28.003  8.486  141.45  8.26
463  30  CYS  HA  29.428  6.429  140.749  1.78
464  30  CYS  HB2  28.586  6.756  142.946  121.33
465  30  CYS  HB3  27.167  6.357  142.435  54.06
466  31  MET  N  26.466  6.407  139.519  120.37
467  31  MET  CA  25.704  5.79  138.488  172.53
468  31  MET  C  26.436  5.905  137.111  37.86
469  31  MET  O  26.463  4.917  136.364  133.12
470  31  MET  CB  24.301  6.428  138.378  133.12
471  31  MET  CG  23.507  5.881  137.256  117.42
472  31  MET  SD  23.68  6.848  135.709  8.3
473  31  MET  CE  22.719  8.195  136.155  5.33
474  31  MET  H  26.083  7.065  139.919  8.63
475  31  MET  HA  25.607  4.853  138.719  8.74
476  31  MET  HB2  23.82  6.286  139.208  4.36
477  31  MET  HB3  24.395  7.387  138.265  2.09
478  31  MET  HG2  23.781  4.965  137.09  2
479  31  MET  HG3  22.572  5.856  137.512  6.06
480  31  MET  HE1  22.698  8.834  135.425  61.86
481  31  MET  HE2  21.816  7.898  136.35  124.73
482  31  MET  HE3  23.098  8.616  136.942  58.96
483  32  ALA  N  27.026  7.068  136.798  119.14
484  32  ALA  CA  27.713  7.268  135.552  24.21
485  32  ALA  C  28.955  6.413  135.408  65.26
486  32  ALA  O  29.23  5.84  134.347  4.09
487  32  ALA  CB  28.086  8.672  135.405  8.72
488  32  ALA  H  27.029  7.755  137.315  8.22
489  32  ALA  HA  27.093  7  134.855  4.29
490  32  ALA  HB1  28.549  8.797  134.562  3.9
491  32  ALA  HB2  27.287  9.222  135.42  3.45
492  32  ALA  HB3  28.67  8.93  136.135  114.73
493  33  GLU  N  29.709  6.309  136.493  121.9
494  33  GLU  CA  30.901  5.476  136.589  175.6
495  33  GLU  C  30.541  4.101  136.174  176.33
496  33  GLU  O  31.213  3.53  135.323  40.66
497  33  GLU  CB  31.478  5.362  138.029  17.95
498  33  GLU  CG  32.723  4.46  138.116  2.22
499  33  GLU  CD  33.463  4.456  139.458  8.84
500  33  GLU  OE1  33.252  5.306  140.35  7.91
501  33  GLU  OE2  34.38  3.637  139.584  4.48
502  33  GLU  H  29.536  6.736  137.219  7.55
503  33  GLU  HA  31.571  5.894  136.026  4.36
504  33  GLU  HB2  31.705  6.248  138.351  122.83
505  33  GLU  HB3  30.792  5.013  138.619  52.06
506  33  GLU  HG2  32.455  3.55  137.913  176.8
507  33  GLU  HG3  33.346  4.733  137.425  8.31
508  34  TYR  N  29.512  3.533  136.799  119.92
509  34  TYR  CA  29.276  2.114  136.603  8.26
510  34  TYR  C  28.481  1.877  135.338  4.13
511  34  TYR  O  28.588  0.819  134.797  173.9
512  34  TYR  CB  28.684  1.451  137.851  68.49
513  34  TYR  CG  29.793  1.339  138.877  4.09
514  34  TYR  CD1  30.698  0.248  138.855  129.48
515  34  TYR  CD2  29.929  2.305  139.911  53.86
516  34  TYR  CE1  31.785  0.159  139.769  174.2
517  34  TYR  CE2  30.963  2.242  140.815  7.77
518  34  TYR  CZ  31.885  1.115  140.763  43.76
519  34  TYR  OH  32.962  1.01  141.668  3.09
520  34  TYR  H  28.96  3.936  137.321  8.75
521  34  TYR  HA  30.13  1.672  136.474  1.26
522  34  TYR  HB2  27.948  1.977  138.2  8.38
523  34  TYR  HB3  28.329  0.574  137.636  4.57
524  34  TYR  HD1  30.578  -0.427  138.227  1.63
525  34  TYR  HD2  29.307  2.993  139.977  1.07
526  34  TYR  HE1  32.412  -0.524  139.7  66.6
527  34  TYR  HE2  31.073  2.911  141.452  178.5
528  34  TYR  HH  32.924  1.639  142.223  132.22
529  35  GLU  N  27.681  2.847  134.878  112.98
530  35  GLU  CA  26.932  2.667  133.669  27.72
531  35  GLU  C  27.775  2.696  132.409  128.82
532  35  GLU  O  27.634  1.835  131.542  7.71
533  35  GLU  CB  25.722  3.645  133.554  124.18
534  35  GLU  CG  24.589  3.352  134.436  50.86
535  35  GLU  CD  23.77  2.16  134.011  177.7
536  35  GLU  OE1  23.91  1.729  132.869  2.23
537  35  GLU  OE2  23.057  1.619  134.847  38.46
538  35  GLU  H  27.57  3.608  135.262  7.66
539  35  GLU  HA  26.579  1.767  133.741  7.5
540  35  GLU  HB2  26.034  4.544  133.742  113.4
541  35  GLU  HB3  25.408  3.639  132.636  8.15
542  35  GLU  HG2  24.922  3.2  135.334  3.35
543  35  GLU  HG3  24.012  4.131  134.475  2.65
544  36  SER  N  28.7  3.652  132.328  119.02
545  36  SER  CA  29.374  3.963  131.095  6.95
546  36  SER  C  30.9  4.166  131.281  7.72
547  36  SER  O  31.6  4.489  130.319  120.68
548  36  SER  CB  28.802  5.235  130.565  63.36
549  36  SER  OG  29.179  6.357  131.4  175.6
550  36  SER  H  28.947  4.134  132.996  8.72
551  36  SER  HA  29.245  3.216  130.49  29.46
552  36  SER  HB2  29.114  5.382  129.659  8.26
553  36  SER  HB3  27.835  5.167  130.524  3.95
554  36  SER  HG  28.49  6.775  131.636  8
555  37  ASN  N  31.394  4.059  132.504  108.22
556  37  ASN  CA  32.781  4.392  132.843  0.52
557  37  ASN  C  33.012  5.853  132.405  36.22
558  37  ASN  O  34.068  6.285  131.954  122.19
559  37  ASN  CB  33.848  3.26  132.409  57.94
560  37  ASN  CG  35.316  3.494  132.983  178.73
561  37  ASN  OD1  36.338  3.176  132.294  2.76
562  37  ASN  ND2  35.429  4.066  134.23  29.05
563  37  ASN  H  30.931  3.787  133.176  7.98
564  37  ASN  HA  32.946  4.369  133.799  53.36
565  37  ASN  HB2  33.528  2.395  132.71  176.8
566  37  ASN  HB3  33.892  3.225  131.441  57.12
567  37  ASN  HD21  36.207  4.218  134.564  37.76
568  37  ASN  HD22  34.722  4.271  134.675  2.81
569  38  PHE  N  32.028  6.692  132.722  125.22
570  38  PHE  CA  32.132  8.178  132.403  111.1
571  38  PHE  C  32.261  8.574  130.884  7.95
572  38  PHE  O  32.605  9.699  130.562  4.39
573  38  PHE  CB  33.273  8.892  133.196  3.04
574  38  PHE  CG  33.215  8.704  134.68  2.54
575  38  PHE  CD1  34.258  8.096  135.37  6.51
576  38  PHE  CD2  32.135  9.147  135.402  7.1
577  38  PHE  CE1  34.157  7.886  136.745  117.28
578  38  PHE  CE2  32.074  8.958  136.747  54.46
579  38  PHE  CZ  33.136  8.376  137.394  176.2
580  38  PHE  H  31.298  6.458  133.112  8
581  38  PHE  HA  31.261  8.491  132.693  31.46
582  38  PHE  HB2  34.128  8.565  132.874  116.67
583  38  PHE  HB3  33.241  9.842  133.001  56.26
584  38  PHE  HD1  35.023  7.829  134.914  178.53
585  38  PHE  HD2  31.437  9.581  134.966  9
586  38  PHE  HE1  34.811  7.401  137.195  8.39
587  38  PHE  HE2  31.32  9.22  137.224  115.6
588  38  PHE  HZ  33.128  8.33  138.323  7.89
589  39  ASN  N  31.919  7.67  129.977  104.82
590  39  ASN  CA  32.15  7.844  128.502  2.09
591  39  ASN  C  30.886  8.3  127.797  1.92
592  39  ASN  O  29.877  7.557  127.818  6.73
593  39  ASN  CB  32.521  6.484  127.934  38.52
594  39  ASN  CG  32.951  6.533  126.445  122.92
595  39  ASN  OD1  32.979  7.581  125.799  61.02
596  39  ASN  ND2  33.277  5.355  125.917  7.45
597  39  ASN  H  31.542  6.924  130.179  7.15
598  39  ASN  HA  32.844  8.508  128.368  28.92
599  39  ASN  HB2  33.244  6.108  128.46  5.9
600  39  ASN  HB3  31.763  5.886  128.025  7.88
601  39  ASN  HD21  33.519  5.305  125.093  117.38
602  39  ASN  HD22  33.245  4.644  126.4  60.56
603  40  THR  N  30.925  9.481  127.144  118.05
604  40  THR  CA  29.75  10.041  126.444  119.8
605  40  THR  C  29.398  9.264  125.177  34.36
606  40  THR  O  28.259  9.33  124.736  58.1
607  40  THR  CB  29.886  11.53  125.996  176.63
608  40  THR  OG1  31.044  11.648  125.168  6.92
609  40  THR  CG2  30.064  12.36  127.139  4.68
610  40  THR  H  31.628  9.974  127.096  7.27
611  40  THR  HA  29.061  9.971  127.123  7.71
612  40  THR  HB  29.088  11.801  125.516  3.99
613  40  THR  HG1  30.847  11.437  124.379  1.15
614  40  THR  HG21  30.148  13.285  126.858  1.5
615  40  THR  HG22  29.298  12.27  127.727  3.3
616  40  THR  HG23  30.867  12.092  127.612  105.48
617  41  GLN  N  30.37  8.506  124.656  115.83
618  41  GLN  CA  30.087  7.568  123.549  56.06
619  41  GLN  C  29.702  6.139  123.871  175.6
620  41  GLN  O  29.665  5.307  122.983  9.94
621  41  GLN  CB  31.283  7.491  122.616  66.06
622  41  GLN  CG  31.212  8.6  121.655  39.32
623  41  GLN  CD  31.921  9.793  122.174  8.98
624  41  GLN  OE1  31.322  10.616  122.876  4.93
625  41  GLN  NE2  33.222  9.951  121.767  4.5
626  41  GLN  H  31.188  8.515  124.921  8.23
627  41  GLN  HA  29.289  7.964  123.167  7.69
628  41  GLN  HB2  32.108  7.54  123.124  124.33
629  41  GLN  HB3  31.288  6.642  122.148  55.56
630  41  GLN  HG2  31.604  8.327  120.811  179.3
631  41  GLN  HG3  30.284  8.821  121.478  64.02
632  41  GLN  HE21  33.596  9.35  121.279  18.86
633  41  GLN  HE22  33.664  10.651  122  9.17
634  42  ALA  N  29.503  5.806  125.133  114.57
635  42  ALA  CA  29.228  4.453  125.471  7.49
636  42  ALA  C  27.946  4.053  124.741  117.29
637  42  ALA  O  27.028  4.837  124.525  63.55
638  42  ALA  CB  29.087  4.365  126.951  115.43
639  42  ALA  H  29.525  6.353  125.796  7.6
640  42  ALA  HA  29.938  3.848  125.204  179
641  42  ALA  HB1  28.899  3.448  127.204  8.42
642  42  ALA  HB2  29.912  4.654  127.373  29.06
643  42  ALA  HB3  28.359  4.936  127.241  28.67
644  43  PHE  N  27.893  2.808  124.309  122.94
645  43  PHE  CA  26.813  2.34  123.475  45.87
646  43  PHE  C  26.725  0.852  123.787  117.77
647  43  PHE  O  27.776  0.149  123.768  8.56
648  43  PHE  CB  27.114  2.581  122.019  4.07
649  43  PHE  CG  26.11  2.001  121.141  2.14
650  43  PHE  CD1  25.053  2.737  120.713  2.05
651  43  PHE  CD2  26.155  0.657  120.86  3
652  43  PHE  CE1  24.078  2.156  119.947  1.02
653  43  PHE  CE2  25.133  0.063  120.094  120.53
654  43  PHE  CZ  24.151  0.777  119.655  56.66
655  43  PHE  H  28.484  2.211  124.492  7.04
656  43  PHE  HA  25.978  2.802  123.647  5.53
657  43  PHE  HB2  27.169  3.536  121.857  40.66
658  43  PHE  HB3  27.983  2.206  121.805  3.6
659  43  PHE  HD1  24.991  3.637  120.94  57.45
660  43  PHE  HD2  26.86  0.139  121.176  109.82
661  43  PHE  HE1  23.372  2.667  119.621  7.93
662  43  PHE  HE2  25.166  -0.847  119.904  4.55
663  43  PHE  HZ  23.486  0.379  119.142  3.17
664  44  ASN  N  25.565  0.381  124.19  120.42
665  44  ASN  CA  25.38  -1.059  124.541  120.93
666  44  ASN  C  24.154  -1.556  123.775  61.26
667  44  ASN  O  23.032  -1.115  123.984  177.2
668  44  ASN  CB  25.256  -1.225  126.049  7.6
669  44  ASN  CG  24.926  -2.682  126.522  41.16
670  44  ASN  OD1  24.653  -2.885  127.717  7.89
671  44  ASN  ND2  24.917  -3.652  125.621  4.85
672  44  ASN  H  24.856  0.861  124.275  8.28
673  44  ASN  HA  26.147  -1.594  124.284  3.36
674  44  ASN  HB2  26.087  -0.944  126.463  2.2
675  44  ASN  HB3  24.563  -0.628  126.372  2.35
676  44  ASN  HD21  24.717  -4.455  125.856  8.31
677  44  ASN  HD22  25.111  -3.479  124.801  4.3
678  45  GLY  N  24.389  -2.405  122.806  124.66
679  45  GLY  CA  23.313  -2.977  121.995  3.12
680  45  GLY  C  22.603  -4.142  122.644  19.03
681  45  GLY  O  22.995  -4.477  123.837  1.74
682  45  GLY  H  25.176  -2.675  122.589  7.88
683  45  GLY  HA2  22.664  -2.283  121.801  3.13
684  45  GLY  HA3  23.681  -3.267  121.146  7.79
685  46  ARG  N  21.486  -4.539  121.947  112.41
686  46  ARG  CA  20.613  -5.806  121.988  53.66
687  46  ARG  C  20.971  -7.078  122.744  177.4
688  46  ARG  O  21.099  -8.095  121.919  62.93
689  46  ARG  CB  20.364  -6.462  120.516  19.16
690  46  ARG  CG  19.257  -5.894  119.654  8.36
691  46  ARG  CD  18.317  -6.883  118.831  4.25
692  46  ARG  NE  17.862  -6.144  117.617  176.42
693  46  ARG  CZ  17.725  -6.658  116.368  2.72
694  46  ARG  NH1  17.892  -7.956  116.152  33.55
695  46  ARG  NH2  17.396  -5.879  115.318  114.33
696  46  ARG  H  21.17  -4.003  121.353  8.54
697  46  ARG  HA  19.9  -5.351  122.463  176.3
698  46  ARG  HB2  21.193  -6.392  120.017  3.95
699  46  ARG  HB3  20.187  -7.408  120.64  28.76
700  46  ARG  HG2  18.686  -5.361  120.229  4.71
701  46  ARG  HG3  19.666  -5.286  119.019  1.88
702  46  ARG  HD2  18.799  -7.687  118.583  2.29
703  46  ARG  HD3  17.558  -7.161  119.368  113
704  46  ARG  HE  17.668  -5.312  117.718  7.29
705  46  ARG  HH11  18.089  -8.479  116.806  4.21
706  46  ARG  HH12  17.804  -8.275  115.358  2.02
707  46  ARG  HH21  17.268  -5.036  115.431  176.07
708  46  ARG  HH22  17.314  -6.225  114.535  115.12
709  47  ASN  N  21.034  -7.167  124.139  120.4
710  47  ASN  CA  20.594  -6.155  125.249  6.85
711  47  ASN  C  19.702  -6.988  126.293  7.54
712  47  ASN  O  20.223  -7.781  127.137  116.43
713  47  ASN  CB  19.901  -4.808  124.717  59.16
714  47  ASN  CG  19.493  -3.686  125.86  176.6
715  47  ASN  OD1  20.222  -2.74  126.035  114.52
716  47  ASN  ND2  18.274  -3.77  126.47  40.16
717  47  ASN  H  21.361  -7.876  124.5  7.69
718  47  ASN  HA  21.381  -5.791  125.684  174.34
719  47  ASN  HB2  20.501  -4.389  124.081  3.76
720  47  ASN  HB3  19.098  -5.052  124.231  37.13
721  47  ASN  HD21  18.01  -3.14  126.993  1.74
722  47  ASN  HD22  17.77  -4.453  126.332  1.49
723  48  SER  N  18.379  -6.763  126.267  120.39
724  48  SER  CA  17.397  -7.822  126.531  6.87
725  48  SER  C  16.437  -7.974  125.34  4.54
726  48  SER  O  15.794  -9.016  125.266  3.47
727  48  SER  CB  16.581  -7.586  127.827  2.78
728  48  SER  OG  15.497  -8.52  127.962  8.05
729  48  SER  H  18.03  -5.996  126.097  7.93
730  48  SER  HA  17.905  -8.639  126.656  64.12
731  48  SER  HB2  17.168  -7.661  128.595  116.34
732  48  SER  HB3  16.229  -6.682  127.826  6.81
733  48  SER  HG  15.355  -8.893  127.223  121.53
734  49  ASN  N  16.355  -6.979  124.419  118.16
735  49  ASN  CA  15.179  -6.797  123.534  173.4
736  49  ASN  C  15.315  -6.875  122.007  55.59
737  49  ASN  O  14.616  -7.734  121.381  29.36
738  49  ASN  CB  14.532  -5.422  123.786  2.25
739  49  ASN  CG  14.944  -4.842  125.016  29.55
740  49  ASN  OD1  15  -5.528  126.029  36.13
741  49  ASN  ND2  15.203  -3.552  124.997  112
742  49  ASN  H  16.977  -6.398  124.295  8.93
743  49  ASN  HA  14.674  -7.584  123.791  4.26
744  49  ASN  HB2  14.759  -4.823  123.058  2.11
745  49  ASN  HB3  13.567  -5.517  123.784  2.24
746  49  ASN  HD21  15.426  -3.147  125.722  1.35
747  49  ASN  HD22  15.15  -3.114  124.259  120.1
748  50  GLY  N  16.195  -5.967  121.477  116.97
749  50  GLY  CA  16.077  -5.186  120.21  7.22
750  50  GLY  C  16.73  -3.751  120.346  115.33
751  50  GLY  O  17.634  -3.352  119.568  55.86
752  50  GLY  H  16.929  -5.784  121.886  8.09
753  50  GLY  HA2  16.508  -5.671  119.489  2.75
754  50  GLY  HA3  15.141  -5.095  119.971  42.96
755  51  SER  N  16.271  -2.985  121.338  107.25
756  51  SER  CA  16.783  -1.658  121.79  4.72
757  51  SER  C  18.272  -1.534  122.158  3.63
758  51  SER  O  19.057  -2.509  122.105  3.79
759  51  SER  CB  15.985  -1.206  123.037  123.37
760  51  SER  OG  16.444  -1.872  124.227  56.14
761  51  SER  H  15.598  -3.237  121.81  8
762  51  SER  HA  16.667  -1.108  121  5.54
763  51  SER  HB2  16.072  -0.246  123.148  3.13
764  51  SER  HB3  15.042  -1.392  122.904  26.95
765  51  SER  HG  16.86  -2.57  124.015  2.09
766  52  SER  N  18.663  -0.299  122.48  115.75
767  52  SER  CA  20.044  0.007  122.917  1.48
768  52  SER  C  20.126  1.119  123.929  8.72
769  52  SER  O  19.299  2.042  123.921  4.28
770  52  SER  CB  20.903  0.437  121.699  124.83
771  52  SER  OG  21.045  -0.542  120.659  53.66
772  52  SER  H  18.144  0.386  122.454  7.77
773  52  SER  HA  20.371  -0.808  123.328  32.18
774  52  SER  HB2  20.512  1.238  121.315  48.06
775  52  SER  HB3  21.787  0.677  122.017  59.72
776  52  SER  HG  21.762  -0.407  120.242  118.79
777  53  ASP  N  21.207  1.091  124.698  54.2
778  53  ASP  CA  21.499  2.107  125.683  9.2
779  53  ASP  C  22.6  3.089  125.205  5.56
780  53  ASP  O  23.697  2.7  124.752  1.78
781  53  ASP  CB  21.986  1.46  126.994  1.42
782  53  ASP  CG  21.035  0.49  127.572  4.4
783  53  ASP  OD1  19.789  0.597  127.385  4.61
784  53  ASP  OD2  21.508  -0.457  128.23  8.19
785  53  ASP  H  21.798  0.468  124.657  8.46
786  53  ASP  HA  20.674  2.598  125.822  2.83
787  53  ASP  HB2  22.831  1.012  126.829  2.45
788  53  ASP  HB3  22.157  2.159  127.645  119.92
789  54  TYR  N  22.337  4.372  125.293  121.83
790  54  TYR  CA  23.252  5.371  124.728  61.16
791  54  TYR  C  23.873  6.354  125.779  174.5
792  54  TYR  O  23.164  6.764  126.699  176.48
793  54  TYR  CB  22.457  6.196  123.735  39.86
794  54  TYR  CG  22.003  5.45  122.485  40.59
795  54  TYR  CD1  20.83  4.741  122.458  56.15
796  54  TYR  CD2  22.717  5.628  121.271  68.46
797  54  TYR  CE1  20.4  4.113  121.262  9.02
798  54  TYR  CE2  22.351  4.96  120.089  5.28
799  54  TYR  CZ  21.181  4.249  120.085  1.68
800  54  TYR  OH  20.844  3.607  118.953  4.2
801  54  TYR  H  21.638  4.698  125.673  7.95
802  54  TYR  HA  23.994  4.887  124.333  4.19
803  54  TYR  HB2  21.674  6.55  124.185  124.43
804  54  TYR  HB3  22.996  6.955  123.463  52.16
805  54  TYR  HD1  20.314  4.672  123.228  175.7
806  54  TYR  HD2  23.448  6.203  121.257  175.09
807  54  TYR  HE1  19.614  3.617  121.249  44.96
808  54  TYR  HE2  22.889  5  119.331  31.15
809  54  TYR  HH  20.1  3.888  118.682  46.22
810  55  GLY  N  25.147  6.711  125.62  118.67
811  55  GLY  CA  25.781  7.834  126.303  8.88
812  55  GLY  C  26.187  7.512  127.755  5.94
813  55  GLY  O  26.133  6.335  128.222  1.81
814  55  GLY  H  25.682  6.291  125.094  9.03
815  55  GLY  HA2  26.569  8.104  125.806  115.06
816  55  GLY  HA3  25.173  8.59  126.304  51.07
817  56  ILE  N  26.546  8.584  128.456  113.46
818  56  ILE  CA  27.107  8.541  129.771  110.26
819  56  ILE  C  26.144  7.94  130.817  38.24
820  56  ILE  O  26.598  7.288  131.774  35.42
821  56  ILE  CB  27.716  9.973  130.136  115.79
822  56  ILE  CG1  28.561  9.879  131.361  105.93
823  56  ILE  CG2  26.601  11.016  130.349  42.06
824  56  ILE  CD  29.346  11.06  131.546  175.7
825  56  ILE  H  26.46  9.384  128.153  9.03
826  56  ILE  HA  27.848  7.915  129.787  8.8
827  56  ILE  HB  28.265  10.261  129.39  4.34
828  56  ILE  HG21  26.997  11.874  130.569  1.93
829  56  ILE  HG22  26.078  11.101  129.537  115.98
830  56  ILE  HG23  26.025  10.731  131.076  58.76
831  57  PHE  N  24.839  8.08  130.599  124.51
832  57  PHE  CA  23.863  7.539  131.476  122.12
833  57  PHE  C  23.103  6.332  130.867  71.36
834  57  PHE  O  22.152  5.83  131.434  8.08
835  57  PHE  CB  22.843  8.6  131.85  4.29
836  57  PHE  CG  23.413  9.779  132.515  7.86
837  57  PHE  CD1  24.483  9.678  133.435  5.48
838  57  PHE  CD2  22.969  11.048  132.142  3.87
839  57  PHE  CE1  25.021  10.86  134.012  123.27
840  57  PHE  CE2  23.466  12.199  132.728  57.23
841  57  PHE  CZ  24.528  12.097  133.711  174.63
842  57  PHE  H  24.511  8.5  129.924  9.66
843  57  PHE  HA  24.348  7.231  132.258  8.37
844  57  PHE  HB2  22.381  8.887  131.047  62.06
845  57  PHE  HB3  22.178  8.203  132.434  176.5
846  57  PHE  HD1  24.831  8.846  133.66  127.3
847  57  PHE  HD2  22.32  11.123  131.48  32.36
848  57  PHE  HE1  25.729  10.789  134.611  172.23
849  57  PHE  HE2  23.122  13.031  132.494  47.32
850  57  PHE  HZ  24.865  12.857  134.127  5.66
851  58  GLN  N  23.594  5.839  129.734  117.21
852  58  GLN  CA  23.103  4.623  129.081  7.82
853  58  GLN  C  21.609  4.567  129.01  3.92
854  58  GLN  O  20.914  3.593  129.478  3.71
855  58  GLN  CB  23.696  3.369  129.742  121.32
856  58  GLN  CG  25.177  3.145  129.555  130.5
857  58  GLN  CD  25.5  2.686  128.122  112.18
858  58  GLN  OE1  25.501  1.451  127.826  62.46
859  58  GLN  NE2  25.704  3.665  127.201  172.2
860  58  GLN  H  24.242  6.212  129.309  8.92
861  58  GLN  HA  23.411  4.649  128.161  70.76
862  58  GLN  HB2  23.513  3.412  130.694  2
863  58  GLN  HB3  23.226  2.593  129.398  9.37
864  58  GLN  HG2  25.657  3.965  129.749  6.29
865  58  GLN  HG3  25.487  2.478  130.188  4.4
866  58  GLN  HE21  25.696  4.491  127.442  3.61
867  58  GLN  HE22  25.841  3.459  126.377  1.85
868  59  LEU  N  21.088  5.607  128.395  116.11
869  59  LEU  CA  19.636  5.788  128.234  1.43
870  59  LEU  C  19.096  4.93  127.04  102.26
871  59  LEU  O  19.625  5.017  125.901  129.98
872  59  LEU  CB  19.337  7.296  128.083  51.86
873  59  LEU  CG  19.843  8.182  129.287  174.8
874  59  LEU  CD1  19.851  9.647  128.829  2.78
875  59  LEU  CD2  19.047  8.045  130.578  43.06
876  59  LEU  H  21.559  6.24  128.052  8.23
877  59  LEU  HA  19.167  5.468  129.02  119.22
878  59  LEU  HB2  19.748  7.616  127.265  58.72
879  59  LEU  HB3  18.379  7.417  127.986  8.85
880  59  LEU  HG  20.73  7.861  129.513  3.26
881  59  LEU  HD11  20.159  10.212  129.555  1.64
882  59  LEU  HD12  20.445  9.745  128.069  1.1
883  59  LEU  HD13  18.953  9.911  128.574  177.56
884  59  LEU  HD21  19.429  8.623  131.257  7.17
885  59  LEU  HD22  18.125  8.3  130.418  8.22
886  59  LEU  HD23  19.079  7.125  130.882  7.99
887  60  ASN  N  18.061  4.127  127.34  119.57
888  60  ASN  CA  17.527  3.108  126.432  1.93
889  60  ASN  C  16.529  3.715  125.405  1.81
890  60  ASN  O  15.646  4.591  125.766  105.58
891  60  ASN  CB  16.807  2.024  127.243  47.86
892  60  ASN  CG  16.393  0.769  126.403  174.6
893  60  ASN  OD1  15.194  0.654  125.992  1.65
894  60  ASN  ND2  17.334  -0.233  126.244  8.05
895  60  ASN  H  17.646  4.164  128.092  7.78
896  60  ASN  HA  18.274  2.729  125.943  3.86
897  60  ASN  HB2  17.384  1.74  127.969  119.98
898  60  ASN  HB3  16.013  2.408  127.646  56.36
899  60  ASN  HD21  17.117  -0.969  125.855  176
900  60  ASN  HD22  18.136  -0.12  126.535  58.32
901  61  SER  N  16.594  3.164  124.194  118.3
902  61  SER  CA  15.871  3.689  123.037  31.93
903  61  SER  C  14.462  3.069  122.832  42.22
904  61  SER  O  13.823  3.286  121.809  111.15
905  61  SER  CB  16.705  3.385  121.814  58.94
906  61  SER  OG  16.797  1.997  121.571  9.15
907  61  SER  H  17.065  2.466  124.019  9.36
908  61  SER  HA  15.733  4.638  123.185  2.53
909  61  SER  HB2  16.316  3.823  121.041  2.36
910  61  SER  HB3  17.595  3.752  121.931  2.27
911  61  SER  HG  16.076  1.722  121.239  1.72
912  62  LYS  N  14.002  2.272  123.759  113.62
913  62  LYS  CA  12.641  1.787  123.684  46.56
914  62  LYS  C  11.77  2.755  124.453  173.8
915  62  LYS  O  10.606  2.919  124.091  6.06
916  62  LYS  CB  12.479  0.419  124.251  8.02
917  62  LYS  CG  10.998  -0.161  124.3  4.61
918  62  LYS  CD  10.804  -1.253  125.434  3.71
919  62  LYS  CE  11.409  -2.608  125.094  118.28
920  62  LYS  NZ  10.489  -3.545  124.394  54.46
921  62  LYS  H  14.452  1.997  124.438  8.03
922  62  LYS  HA  12.387  1.73  122.75  8.27
923  62  LYS  HB2  13.026  -0.191  123.732  32.86
924  62  LYS  HB3  12.834  0.421  125.154  3.86
925  62  LYS  HG2  10.374  0.567  124.448  121.42
926  62  LYS  HG3  10.779  -0.552  123.44  58.72
927  62  LYS  HD2  11.203  -0.927  126.256  8.66
928  62  LYS  HD3  9.856  -1.365  125.604  7.81
929  62  LYS  HE2  12.192  -2.468  124.539  4.62
930  62  LYS  HE3  11.714  -3.027  125.914  2.16
931  62  LYS  HZ1  10.913  -4.31  124.23  1.71
932  62  LYS  HZ2  9.779  -3.703  124.907  3.68
933  62  LYS  HZ3  10.224  -3.183  123.625  7.16
934  63  TRP  N  12.335  3.318  125.533  123.17
935  63  TRP  CA  11.667  4.217  126.479  53.36
936  63  TRP  C  11.955  5.694  126.313  175.3
937  63  TRP  O  11.029  6.472  126.294  2.06
938  63  TRP  CB  12.118  3.873  127.904  41.96
939  63  TRP  CG  11.821  2.46  128.18  2.3
940  63  TRP  CD1  12.711  1.434  128.317  121.9
941  63  TRP  CD2  10.505  1.887  128.257  63.22
942  63  TRP  NE1  12.012  0.256  128.51  8.85
943  63  TRP  CE2  10.663  0.504  128.468  4.24
944  63  TRP  CE3  9.198  2.42  128.178  2.69
945  63  TRP  CZ2  9.56  -0.382  128.6  1.29
946  63  TRP  CZ3  8.097  1.553  128.317  2.03
947  63  TRP  CH2  8.293  0.157  128.535  3.93
948  63  TRP  H  13.158  3.176  125.74  8.5
949  63  TRP  HA  10.723  4.078  126.304  8.35
950  63  TRP  HB2  13.068  4.04  128.003  0.94
951  63  TRP  HB3  11.662  4.441  128.545  2.15
952  63  TRP  HD1  13.637  1.514  128.286  1.97
953  63  TRP  HE1  12.369  -0.516  128.637  1.56
954  63  TRP  HE3  9.067  3.33  128.036  62.46
955  63  TRP  HZ2  9.689  -1.294  128.726  174.3
956  63  TRP  HZ3  7.233  1.894  128.266  175.54
957  63  TRP  HH2  7.554  -0.399  128.635  31.56
958  64  TRP  N  13.219  6.076  126.222  114.38
959  64  TRP  CA  13.673  7.441  126.503  32.89
960  64  TRP  C  13.975  8.24  125.309  4.3
961  64  TRP  O  13.871  9.426  125.332  2.06
962  64  TRP  CB  14.904  7.433  127.46  1.84
963  64  TRP  CG  14.531  6.725  128.685  4.59
964  64  TRP  CD1  14.944  5.483  129.077  2.63
965  64  TRP  CD2  13.531  7.114  129.611  2.73
966  64  TRP  NE1  14.299  5.112  130.231  30.02
967  64  TRP  CE2  13.449  6.106  130.601  108.08
968  64  TRP  CE3  12.737  8.229  129.734  45.36
969  64  TRP  CZ2  12.608  6.186  131.716  174.2
970  64  TRP  CZ3  11.918  8.334  130.875  172.52
971  64  TRP  CH2  11.833  7.308  131.821  7.36
972  64  TRP  H  13.854  5.544  125.991  7.11
973  64  TRP  HA  12.919  7.873  126.934  4.1
974  64  TRP  HB2  15.659  6.997  127.035  123.78
975  64  TRP  HB3  15.178  8.341  127.665  57.96
976  64  TRP  HD1  15.571  4.964  128.627  182.3
977  64  TRP  HE1  14.414  4.371  130.652  3.68
978  64  TRP  HE3  12.74  8.894  129.084  40.16
979  64  TRP  HZ2  12.577  5.51  132.354  3.17
980  64  TRP  HZ3  11.419  9.108  131.003  7.61
981  64  TRP  HH2  11.24  7.39  132.533  4.83
982  65  CYS  N  14.356  7.606  124.234  114.51
983  65  CYS  CA  14.747  8.345  123.054  4.2
984  65  CYS  C  14.38  7.533  121.803  1.95
985  65  CYS  O  13.931  6.387  121.923  1.45
986  65  CYS  CB  16.227  8.693  123.108  1.43
987  65  CYS  SG  17.346  7.249  123.305  58.52
988  65  CYS  H  14.398  6.75  124.159  7.21
989  65  CYS  HA  14.266  9.186  123.016  0.18
990  65  CYS  HB2  16.466  9.164  122.294  64.42
991  65  CYS  HB3  16.376  9.306  123.845  176.69
992  66  LYS  N  14.493  8.156  120.637  110.75
993  66  LYS  CA  14.11  7.497  119.362  115.38
994  66  LYS  C  15.342  7.081  118.573  60.96
995  66  LYS  O  16.269  7.876  118.393  174.8
996  66  LYS  CB  13.212  8.39  118.482  3.72
997  66  LYS  CG  12.546  7.648  117.256  61.36
998  66  LYS  CD  11.918  8.642  116.175  1.83
999  66  LYS  CE  11.035  9.795  116.774  9.49
1000  66  LYS  NZ  11.218  11.126  116.024  4.49
1001  66  LYS  H  14.787  8.959  120.548  7.48
1002  66  LYS  HA  13.599  6.709  119.605  3.92
1003  66  LYS  HB2  12.511  8.769  119.035  1.99
1004  66  LYS  HB3  13.741  9.131  118.148  114.18
1005  66  LYS  HG2  13.212  7.09  116.824  55.96
1006  66  LYS  HG3  11.85  7.057  117.584  173.2
1007  66  LYS  HD2  12.639  9.038  115.661  53.08
1008  66  LYS  HD3  11.378  8.127  115.556  62.46
1009  66  LYS  HE2  10.101  9.534  116.741  51.82
1010  66  LYS  HE3  11.262  9.92  117.709  7.61
1011  66  LYS  HZ1  11.319  11.787  116.612  4.76
1012  66  LYS  HZ2  11.939  11.078  115.505  4.02
1013  66  LYS  HZ3  10.501  11.284  115.521  3.59
1014  67  SER  N  15.338  5.828  118.12  121.81
1015  67  SER  CA  16.424  5.277  117.319  121.73
1016  67  SER  C  15.964  4.7  115.995  55.66
1017  67  SER  O  14.776  4.683  115.697  176
1018  67  SER  CB  17.134  4.163  118.068  4.86
1019  67  SER  OG  18.465  4.089  117.61  38.76
1020  67  SER  H  14.7  5.272  118.271  8.57
1021  67  SER  HA  17.015  6.026  117.147  116.34
1022  67  SER  HB2  17.116  4.334  119.023  41.92
1023  67  SER  HB3  16.681  3.318  117.923  8.3
1024  67  SER  HG  18.612  3.323  117.299  4.69
1025  68  ASN  N  16.94  4.189  115.247  124.77
1026  68  ASN  CA  16.831  3.924  113.797  2.94
1027  68  ASN  C  15.859  2.757  113.565  123.33
1028  68  ASN  O  14.774  2.932  112.967  52.06
1029  68  ASN  CB  18.24  3.61  113.182  177
1030  68  ASN  CG  18.681  4.64  112.061  40.61
1031  68  ASN  OD1  18.757  5.859  112.315  18.46
1032  68  ASN  ND2  18.966  4.132  110.838  8.06
1033  68  ASN  H  17.708  3.978  115.571  9.18
1034  68  ASN  HA  16.487  4.715  113.353  4.66
1035  68  ASN  HB2  18.902  3.61  113.891  71.18
1036  68  ASN  HB3  18.229  2.716  112.805  123.48
1037  68  ASN  HD21  19.21  4.656  110.201  118.63
1038  68  ASN  HD22  18.903  3.286  110.699  57.96
1039  69  SER  N  16.25  1.58  114.061  119.08
1040  69  SER  CA  15.546  0.337  113.748  127.24
1041  69  SER  C  14.572  -0.023  114.877  30.36
1042  69  SER  O  13.627  -0.791  114.65  175.26
1043  69  SER  CB  16.557  -0.814  113.488  21.62
1044  69  SER  OG  16.084  -2.053  114.012  26.53
1045  69  SER  H  16.926  1.482  114.584  8.55
1046  69  SER  HA  15.031  0.467  112.937  8.3
1047  69  SER  HB2  16.71  -0.902  112.534  4.34
1048  69  SER  HB3  17.41  -0.594  113.894  2.15
1049  69  SER  HG  16.647  -2.656  113.857  2.02
1050  70  HSE  N  14.815  0.559  116.063  112.41
1051  70  HSE  CA  14.103  0.239  117.289  1.59
1052  70  HSE  C  13.102  1.417  117.552  114.08
1053  70  HSE  O  13.523  2.459  118.039  50.96
1054  70  HSE  CB  15.08  -0.067  118.516  173.1
1055  70  HSE  CG  16.563  0.281  118.332  52.57
1056  70  HSE  ND1  17.319  -0.086  117.234  42.86
1057  70  HSE  CD2  17.44  0.904  119.169  49.82
1058  70  HSE  CE1  18.566  0.351  117.379  38.01
1059  70  HSE  NE2  18.667  0.954  118.545  114
1060  71  SER  N  11.817  1.293  117.163  117.97
1061  71  SER  CA  10.777  2.347  117.47  4.98
1062  71  SER  C  10.696  2.669  118.994  2.82
1063  71  SER  O  11.201  1.86  119.775  2.63
1064  71  SER  CB  9.372  1.938  116.955  7.17
1065  71  SER  OG  8.48  1.571  118.022  7.81
1066  71  SER  H  11.515  0.618  116.724  7.9
1067  71  SER  HA  11.063  3.147  117.001  57.06
1068  71  SER  HB2  8.987  2.674  116.455  176.1
1069  71  SER  HB3  9.46  1.193  116.34  28.32
1070  71  SER  HG  7.733  1.358  117.702  30.46
1071  72  SER  N  10.056  3.786  119.415  118.62
1072  72  SER  CA  10.148  4.263  120.837  8.39
1073  72  SER  C  9.049  5.137  121.509  122.02
1074  72  SER  O  8.553  6.042  120.916  67.87
1075  72  SER  CB  11.474  5.045  121.008  8.45
1076  72  SER  OG  11.743  5.32  122.378  3.95
1077  72  SER  H  9.569  4.28  118.906  8.51
1078  72  SER  HA  10.047  3.414  121.295  2.2
1079  72  SER  HB2  12.205  4.532  120.63  2.2
1080  72  SER  HB3  11.426  5.878  120.513  118.42
1081  72  SER  HG  12.415  5.821  122.437  114.48
1082  73  ALA  N  8.788  4.916  122.806  115.55
1083  73  ALA  CA  8.052  5.886  123.679  176.9
1084  73  ALA  C  8.573  7.338  123.652  30.22
1085  73  ALA  O  7.819  8.314  123.796  61.56
1086  73  ALA  CB  8.08  5.4  125.136  1.4
1087  73  ALA  H  9.029  4.2  123.216  8.2
1088  73  ALA  HA  7.155  5.91  123.31  4.12
1089  73  ALA  HB1  7.602  6.031  125.697  3.76
1090  73  ALA  HB2  7.656  4.53  125.195  3.52
1091  73  ALA  HB3  9  5.332  125.437  2.06
1092  74  ASN  N  9.885  7.469  123.5  126.95
1093  74  ASN  CA  10.535  8.761  123.358  61.26
1094  74  ASN  C  10.184  9.818  124.443  176.8
1095  74  ASN  O  10.049  10.997  124.133  116.93
1096  74  ASN  CB  10.26  9.325  121.974  32.76
1097  74  ASN  CG  11.224  10.423  121.599  176.5
1098  74  ASN  OD1  12.278  10.562  122.208  175.19
1099  74  ASN  ND2  10.854  11.236  120.599  39.53
1100  74  ASN  H  10.427  6.802  123.476  7.9
1101  74  ASN  HA  11.48  8.582  123.486  5.03
1102  74  ASN  HB2  10.316  8.611  121.32  3.98
1103  74  ASN  HB3  9.354  9.669  121.942  2.73
1104  74  ASN  HD21  11.365  11.886  120.362  2.92
1105  74  ASN  HD22  10.106  11.107  120.194  122.02
1106  75  ALA  N  10.06  9.381  125.698  113.51
1107  75  ALA  CA  9.789  10.256  126.86  3.51
1108  75  ALA  C  10.729  11.455  127.008  2.49
1109  75  ALA  O  10.353  12.442  127.645  2.33
1110  75  ALA  CB  9.844  9.444  128.107  7.51
1111  75  ALA  H  10.132  8.55  125.909  8.5
1112  75  ALA  HA  8.908  10.629  126.703  4.9
1113  75  ALA  HB1  9.667  10.013  128.872  0.61
1114  75  ALA  HB2  9.176  8.742  128.066  0.87
1115  75  ALA  HB3  10.725  9.047  128.197  112.33
1116  76  CYS  N  11.916  11.396  126.411  119.8
1117  76  CYS  CA  12.839  12.528  126.496  59.76
1118  76  CYS  C  12.788  13.393  125.247  177.4
1119  76  CYS  O  13.468  14.391  125.159  31.4
1120  76  CYS  CB  14.286  12.052  126.866  29.36
1121  76  CYS  SG  14.388  11.51  128.597  29.61
1122  76  CYS  H  12.204  10.723  125.959  8.52
1123  76  CYS  HA  12.547  13.101  127.222  4.61
1124  76  CYS  HB2  14.547  11.323  126.282  7.43
1125  76  CYS  HB3  14.914  12.776  126.715  8.62
1126  77  ASN  N  12.003  12.972  124.253  111.29
1127  77  ASN  CA  11.801  13.697  122.956  2.26
1128  77  ASN  C  13.04  14.112  122.228  1.95
1129  77  ASN  O  13.343  15.299  121.996  1.51
1130  77  ASN  CB  10.94  14.929  123.164  1.75
1131  77  ASN  CG  9.68  14.615  123.863  115.68
1132  77  ASN  OD1  8.745  14.089  123.26  59.06
1133  77  ASN  ND2  9.647  14.91  125.175  177.2
1134  77  ASN  H  11.555  12.24  124.3  8.98
1135  77  ASN  HA  11.369  13.035  122.393  28.46
1136  77  ASN  HB2  11.437  15.586  123.676  8.43
1137  77  ASN  HB3  10.74  15.331  122.304  123.37
1138  77  ASN  HD21  8.945  14.731  125.639  53.08
1139  77  ASN  HD22  10.328  15.278  125.55  178.29
1140  78  ILE  N  13.777  13.109  121.845  120.07
1141  78  ILE  CA  15.076  13.319  121.381  4.15
1142  78  ILE  C  15.557  12.108  120.632  2.23
1143  78  ILE  O  15.185  10.985  120.96  2.07
1144  78  ILE  CB  16.029  13.682  122.593  1.8
1145  78  ILE  CG1  17.277  14.319  122.046  1.83
1146  78  ILE  CG2  16.351  12.429  123.477  121.78
1147  78  ILE  CD  18.132  14.917  123.153  60.16
1148  78  ILE  H  13.523  12.287  121.852  7.94
1149  78  ILE  HA  15.086  14.067  120.764  61.72
1150  78  ILE  HB  15.579  14.31  123.179  41.16
1151  78  ILE  HG21  16.935  12.689  124.207  176.47
1152  78  ILE  HG22  15.527  12.066  123.837  38.32
1153  78  ILE  HG23  16.791  11.755  122.936  7.92
1154  79  MET  N  16.428  12.33  119.686  121.14
1155  79  MET  CA  17.009  11.22  118.939  131.72
1156  79  MET  C  18.18  10.7  119.781  117.42
1157  79  MET  O  19.049  11.477  120.221  8.09
1158  79  MET  CB  17.526  11.678  117.605  4.4
1159  79  MET  CG  16.397  12.209  116.689  2.96
1160  79  MET  SD  15.197  10.875  116.373  2.6
1161  79  MET  CE  13.938  11.417  117.307  174.59
1162  79  MET  H  16.705  13.11  119.451  9.27
1163  79  MET  HA  16.341  10.536  118.776  7.99
1164  79  MET  HB2  18.186  12.376  117.739  7.32
1165  79  MET  HB3  17.977  10.941  117.165  7.32
1166  79  MET  HG2  15.954  12.963  117.108  116.58
1167  79  MET  HG3  16.769  12.528  115.852  58.96
1168  79  MET  HE1  13.196  10.795  117.243  176.3
1169  79  MET  HE2  14.226  11.483  118.231  119.82
1170  79  MET  HE3  13.655  12.29  116.993  37.36
1171  80  CYS  N  18.124  9.426  120.096  122.94
1172  80  CYS  CA  19.252  8.77  120.782  8.3
1173  80  CYS  C  20.649  9.173  120.41  4.55
1174  80  CYS  O  21.545  9.245  121.268  7.84
1175  80  CYS  CB  19.124  7.29  120.582  3.69
1176  80  CYS  SG  17.682  6.617  121.292  1
1177  80  CYS  H  17.454  8.913  119.93  7.72
1178  80  CYS  HA  19.165  9.067  121.701  59.55
1179  80  CYS  HB2  19.128  7.097  119.631  177.52
1180  80  CYS  HB3  19.9  6.851  120.964  2.16
1181  81  SER  N  20.857  9.405  119.124  121.66
1182  81  SER  CA  22.07  9.935  118.563  25.54
1183  81  SER  C  22.602  11.153  119.331  2.38
1184  81  SER  O  23.842  11.327  119.462  41.9
1185  81  SER  CB  21.828  10.236  117.035  8.46
1186  81  SER  OG  22.241  11.523  116.595  65.56
1187  81  SER  H  20.257  9.247  118.528  8.6
1188  81  SER  HA  22.772  9.271  118.648  1.7
1189  81  SER  HB2  22.295  9.566  116.511  31.26
1190  81  SER  HB3  20.882  10.135  116.847  1.44
1191  81  SER  HG  22.08  11.604  115.775  53.02
1192  82  LYS  N  21.736  11.962  119.95  4.36
1193  82  LYS  CA  22.315  13.175  120.628  2.42
1194  82  LYS  C  23.139  12.845  121.911  1.69
1195  82  LYS  O  24.008  13.62  122.371  45.12
1196  82  LYS  CB  21.261  14.195  120.952  174.34
1197  82  LYS  CG  20.918  15.139  119.742  112.92
1198  82  LYS  CD  21.342  16.591  119.981  30.52
1199  82  LYS  CE  20.123  17.598  120.311  113.03
1200  82  LYS  NZ  20.452  18.897  121.067  58.26
1201  82  LYS  H  20.884  11.859  119.999  8.03
1202  82  LYS  HA  22.931  13.549  119.979  7.6
1203  82  LYS  HB2  20.454  13.738  121.237  32.06
1204  82  LYS  HB3  21.561  14.734  121.7  3.65
1205  82  LYS  HG2  21.356  14.806  118.943  1.19
1206  82  LYS  HG3  19.963  15.109  119.575  0.21
1207  82  LYS  HD2  21.974  16.615  120.716  1.3
1208  82  LYS  HD3  21.809  16.913  119.194  7.86
1209  82  LYS  HE2  19.701  17.84  119.472  4.07
1210  82  LYS  HE3  19.465  17.11  120.83  1.67
1211  82  LYS  HZ1  19.727  19.413  121.101  1.54
1212  82  LYS  HZ2  20.715  18.701  121.894  173.8
1213  82  LYS  HZ3  21.104  19.33  120.644  7.73
1214  83  PHE  N  22.861  11.684  122.452  63.55
1215  83  PHE  CA  23.443  11.247  123.713  115.16
1216  83  PHE  C  24.813  10.704  123.484  122.82
1217  83  PHE  O  25.496  10.374  124.442  55.42
1218  83  PHE  CB  22.58  10.13  124.337  52.06
1219  83  PHE  CG  21.232  10.606  124.847  63.28
1220  83  PHE  CD1  21.067  11.886  125.322  18.12
1221  83  PHE  CD2  20.131  9.702  124.851  107.83
1222  83  PHE  CE1  19.85  12.315  125.747  60.86
1223  83  PHE  CE2  18.876  10.122  125.243  176.6
1224  83  PHE  CZ  18.735  11.477  125.736  3.87
1225  83  PHE  H  22.323  11.113  122.099  39.66
1226  83  PHE  HA  23.482  12.011  124.31  120.32
1227  83  PHE  HB2  22.438  9.435  123.675  58.72
1228  83  PHE  HB3  23.07  9.727  125.071  1.56
1229  83  PHE  HD1  21.795  12.463  125.353  7.32
1230  83  PHE  HD2  20.259  8.82  124.587  4.64
1231  83  PHE  HE1  19.758  13.189  126.053  2.62
1232  83  PHE  HE2  18.143  9.552  125.192  54
1233  83  PHE  HZ  17.912  11.784  126.041  176.01
1234  84  LEU  N  25.24  10.592  122.217  121.39
1235  84  LEU  CA  26.615  10.17  121.924  120.93
1236  84  LEU  C  27.552  11.348  121.662  58.56
1237  84  LEU  O  28.731  11.148  121.393  177.2
1238  84  LEU  CB  26.637  9.169  120.754  2.19
1239  84  LEU  CG  25.954  7.807  120.959  29.36
1240  84  LEU  CD1  26.253  7.024  119.675  2.56
1241  84  LEU  CD2  26.386  6.953  122.181  7.59
1242  84  LEU  H  24.756  10.753  121.525  8.24
1243  84  LEU  HA  26.951  9.726  122.719  5.08
1244  84  LEU  HB2  26.223  9.597  119.988  7.19
1245  84  LEU  HB3  27.564  9.005  120.52  4.2
1246  84  LEU  HG  25.019  7.985  121.146  2.24
1247  84  LEU  HD11  25.849  6.144  119.731  17.42
1248  84  LEU  HD12  25.886  7.499  118.913  7.9
1249  84  LEU  HD13  27.213  6.933  119.567  4.17
1250  84  LEU  HD21  25.881  6.125  122.192  107.03
1251  84  LEU  HD22  27.333  6.753  122.118  44.46
1252  84  LEU  HD23  26.214  7.447  122.998  174.3
1253  85  ASP  N  27.06  12.554  121.878  113.4
1254  85  ASP  CA  27.794  13.797  121.709  8.64
1255  85  ASP  C  28.573  14.066  122.981  4.32
1256  85  ASP  O  28.272  13.512  124.001  3.65
1257  85  ASP  CB  26.842  14.983  121.554  120.93
1258  85  ASP  CG  26.049  14.95  120.281  54.26
1259  85  ASP  OD1  26.317  14.11  119.361  175.3
1260  85  ASP  OD2  25.111  15.782  120.117  8.74
1261  85  ASP  H  26.25  12.678  122.14  7.03
1262  85  ASP  HA  28.358  13.707  120.925  4.93
1263  85  ASP  HB2  26.231  14.999  122.307  3.05
1264  85  ASP  HB3  27.354  15.806  121.587  0.64
1265  86  ASP  N  29.552  14.948  122.892  119.36
1266  86  ASP  CA  30.433  15.277  123.995  4.32
1267  86  ASP  C  29.698  16.1  125.066  2.02
1268  86  ASP  O  29.892  15.855  126.244  1.07
1269  86  ASP  CB  31.709  15.993  123.444  31.82
1270  86  ASP  CG  32.308  15.216  122.262  2.69
1271  86  ASP  OD1  33.06  14.262  122.581  1.7
1272  86  ASP  OD2  31.917  15.403  121.048  116
1273  86  ASP  H  29.727  15.383  122.171  7.42
1274  86  ASP  HA  30.719  14.463  124.438  56.01
1275  86  ASP  HB2  31.483  16.893  123.162  174.6
1276  86  ASP  HB3  32.369  16.074  124.15  119.43
1277  87  ASN  N  28.82  17.021  124.64  114.3
1278  87  ASN  CA  28.024  17.793  125.589  177.5
1279  87  ASN  C  26.937  16.929  126.233  173.98
1280  87  ASN  O  26.074  16.404  125.487  42.16
1281  87  ASN  CB  27.312  18.931  124.883  5.61
1282  87  ASN  CG  26.617  19.885  125.86  34.23
1283  87  ASN  OD1  25.442  19.701  126.227  8.37
1284  87  ASN  ND2  27.33  20.911  126.252  8.13
1285  87  ASN  H  28.676  17.208  123.813  7.83
1286  87  ASN  HA  28.638  18.125  126.262  2.83
1287  87  ASN  HB2  27.952  19.428  124.351  2.69
1288  87  ASN  HB3  26.655  18.566  124.269  124.83
1289  87  ASN  HD21  26.989  21.493  126.786  58.66
1290  87  ASN  HD22  28.139  21.003  125.976  174.2
1291  88  ILE  N  26.852  16.977  127.584  115.48
1292  88  ILE  CA  25.864  16.174  128.304  39.16
1293  88  ILE  C  24.649  16.885  128.863  9.6
1294  88  ILE  O  23.906  16.29  129.641  3.99
1295  88  ILE  CB  26.552  15.319  129.402  41.66
1296  88  ILE  CG1  27.187  16.16  130.541  130.05
1297  88  ILE  CG2  27.579  14.434  128.751  55.34
1298  88  ILE  CD  27.34  15.343  131.753  174.85
1299  88  ILE  H  27.354  17.464  128.084  7.1
1300  88  ILE  HA  25.486  15.616  127.607  4.49
1301  88  ILE  HB  25.865  14.785  129.832  3.56
1302  88  ILE  HG21  28.017  13.894  129.428  2.7
1303  88  ILE  HG22  27.145  13.854  128.106  121.12
1304  88  ILE  HG23  28.239  14.982  128.299  9.37
1305  89  ASP  N  24.36  18.131  128.426  121.04
1306  89  ASP  CA  23.121  18.779  128.866  1.89
1307  89  ASP  C  21.872  17.975  128.513  1.68
1308  89  ASP  O  20.873  17.876  129.35  117.63
1309  89  ASP  CB  22.929  20.251  128.333  60.76
1310  89  ASP  CG  24.03  21.218  128.858  176.1
1311  89  ASP  OD1  24.952  20.786  129.613  59.7
1312  89  ASP  OD2  24.15  22.366  128.452  62.46
1313  89  ASP  H  24.852  18.596  127.895  9.17
1314  89  ASP  HA  23.226  18.818  129.83  8.53
1315  89  ASP  HB2  22.942  20.246  127.363  4.42
1316  89  ASP  HB3  22.057  20.579  128.603  3.94
1317  90  ASP  N  21.857  17.375  127.328  124.51
1318  90  ASP  CA  20.594  16.66  126.923  0.36
1319  90  ASP  C  20.445  15.433  127.807  113.63
1320  90  ASP  O  19.335  15.101  128.298  45.26
1321  90  ASP  CB  20.593  16.065  125.5  174.1
1322  90  ASP  CG  20.542  17.092  124.405  1.94
1323  90  ASP  OD1  20.006  18.193  124.665  8.88
1324  90  ASP  OD2  21.058  16.826  123.269  4.25
1325  90  ASP  H  22.505  17.355  126.763  8.4
1326  90  ASP  HA  19.9  17.334  126.991  121.13
1327  90  ASP  HB2  21.39  15.524  125.386  56.16
1328  90  ASP  HB3  19.831  15.471  125.409  175.4
1329  91  ASP  N  21.556  14.732  127.948  120.72
1330  91  ASP  CA  21.591  13.533  128.807  33.76
1331  91  ASP  C  21.074  13.859  130.244  3.97
1332  91  ASP  O  20.314  13.105  130.854  8.99
1333  91  ASP  CB  23.069  12.999  128.93  120.22
1334  91  ASP  CG  23.706  12.675  127.597  62.02
1335  91  ASP  OD1  24.026  13.579  126.781  8.05
1336  91  ASP  OD2  23.958  11.512  127.213  4.77
1337  91  ASP  H  22.301  14.922  127.563  8.48
1338  91  ASP  HA  21.02  12.864  128.399  1.57
1339  91  ASP  HB2  23.609  13.664  129.385  124.6
1340  91  ASP  HB3  23.073  12.203  129.484  53.41
1341  92  ILE  N  21.573  14.94  130.832  125.57
1342  92  ILE  CA  21.12  15.369  132.172  117.52
1343  92  ILE  C  19.604  15.674  132.244  38.58
1344  92  ILE  O  18.891  15.186  133.119  4.64
1345  92  ILE  CB  21.927  16.635  132.622  8.58
1346  92  ILE  CG1  23.44  16.346  132.703  4.03
1347  92  ILE  CG2  21.358  17.183  133.912  3.14
1348  92  ILE  CD  24.362  17.575  132.937  120.13
1349  92  ILE  H  22.174  15.445  130.481  10.12
1350  92  ILE  HA  21.285  14.623  132.77  172.5
1351  92  ILE  HB  21.829  17.325  131.948  4.79
1352  92  ILE  HG21  21.864  17.966  134.182  69.96
1353  92  ILE  HG22  20.429  17.429  133.778  2.93
1354  92  ILE  HG23  21.416  16.506  134.605  116.32
1355  93  ALA  N  19.123  16.427  131.272  117.77
1356  93  ALA  CA  17.683  16.705  131.141  5.18
1357  93  ALA  C  16.913  15.421  131.043  3.73
1358  93  ALA  O  15.905  15.304  131.694  29.22
1359  93  ALA  CB  17.419  17.622  129.904  36.12
1360  93  ALA  H  19.61  16.795  130.667  8.9
1361  93  ALA  HA  17.378  17.176  131.932  4.43
1362  93  ALA  HB1  16.468  17.798  129.828  127.43
1363  93  ALA  HB2  17.895  18.46  130.015  60.06
1364  93  ALA  HB3  17.73  17.178  129.1  172.9
1365  94  CYS  N  17.435  14.426  130.303  121.02
1366  94  CYS  CA  16.733  13.156  130.211  35.96
1367  94  CYS  C  16.828  12.333  131.512  32.29
1368  94  CYS  O  15.832  11.795  131.974  36.41
1369  94  CYS  CB  17.153  12.358  128.958  9.19
1370  94  CYS  SG  16.265  10.815  128.771  5.33
1371  94  CYS  H  18.172  14.473  129.863  7.68
1372  94  CYS  HA  15.791  13.36  130.101  8.38
1373  94  CYS  HB2  17.008  12.905  128.17  4.6
1374  94  CYS  HB3  18.104  12.173  129.004  2.1
1375  95  ALA  N  18.021  12.259  132.118  115.51
1376  95  ALA  CA  18.169  11.546  133.429  2.27
1377  95  ALA  C  17.264  12.126  134.535  2.21
1378  95  ALA  O  16.675  11.402  135.31  128.33
1379  95  ALA  CB  19.606  11.594  133.946  50.76
1380  95  ALA  H  18.747  12.601  131.808  8.11
1381  95  ALA  HA  17.905  10.632  133.241  59.22
1382  95  ALA  HB1  19.661  11.124  134.793  24.36
1383  95  ALA  HB2  20.196  11.171  133.303  8.95
1384  95  ALA  HB3  19.874  12.518  134.071  5.55
1385  96  LYS  N  17.136  13.433  134.52  124.45
1386  96  LYS  CA  16.194  14.132  135.411  62.71
1387  96  LYS  C  14.766  13.598  135.22  173.96
1388  96  LYS  O  13.966  13.446  136.172  122.03
1389  96  LYS  CB  16.28  15.643  135.192  53.26
1390  96  LYS  CG  17.486  16.314  135.785  174.8
1391  96  LYS  CD  17.482  17.808  135.369  1.88
1392  96  LYS  CE  18.435  18.641  136.178  45.96
1393  96  LYS  NZ  18.586  20.073  135.634  2.2
1394  96  LYS  H  17.584  13.952  134.001  8.7
1395  96  LYS  HA  16.441  13.957  136.333  29.56
1396  96  LYS  HB2  16.269  15.817  134.238  10.23
1397  96  LYS  HB3  15.484  16.054  135.565  5.81
1398  96  LYS  HG2  17.473  16.235  136.752  1.71
1399  96  LYS  HG3  18.297  15.881  135.476  1.3
1400  96  LYS  HD2  17.715  17.878  134.43  24.22
1401  96  LYS  HD3  16.585  18.164  135.467  27.22
1402  96  LYS  HE2  18.125  18.679  137.096  40.72
1403  96  LYS  HE3  19.304  18.211  136.19  2.21
1404  96  LYS  HZ1  19.342  20.429  135.94  8.8
1405  96  LYS  HZ2  18.607  20.052  134.744  3.75
1406  96  LYS  HZ3  17.896  20.567  135.903  128.89
1407  97  ARG  N  14.449  13.272  133.99  113.17
1408  97  ARG  CA  13.116  12.768  133.711  54.76
1409  97  ARG  C  12.995  11.282  134.076  172.6
1410  97  ARG  O  12.003  10.819  134.644  32.46
1411  97  ARG  CB  12.738  13.084  132.25  43.16
1412  97  ARG  CG  11.578  12.261  131.769  44.4
1413  97  ARG  CD  10.154  12.889  132.118  2.86
1414  97  ARG  NE  9.044  11.992  131.777  7.29
1415  97  ARG  CZ  8.764  10.87  132.442  9.33
1416  97  ARG  NH1  9.432  10.516  133.576  4.53
1417  97  ARG  NH2  7.771  10.109  132.002  2.29
1418  97  ARG  H  14.973  13.33  133.311  7.84
1419  97  ARG  HA  12.469  13.221  134.275  5.13
1420  97  ARG  HB2  12.518  14.025  132.172  2.21
1421  97  ARG  HB3  13.505  12.923  131.678  3.14
1422  97  ARG  HG2  11.647  12.151  130.808  3.36
1423  97  ARG  HG3  11.636  11.375  132.161  42.22
1424  97  ARG  HD2  10.119  13.096  133.065  26.97
1425  97  ARG  HD3  10.047  13.726  131.64  69.26
1426  97  ARG  HE  8.545  12.202  131.109  7.69
1427  97  ARG  HH11  10.056  11.022  133.884  106.83
1428  97  ARG  HH12  9.23  9.786  133.984  43.86
1429  97  ARG  HH21  7.326  10.344  131.304  170.7
1430  97  ARG  HH22  7.572  9.381  132.414  174.49
1431  98  VAL  N  14.028  10.508  133.795  117.78
1432  98  VAL  CA  14.018  9.085  134.119  5.33
1433  98  VAL  C  13.781  8.841  135.565  3.09
1434  98  VAL  O  12.987  7.989  135.915  121.93
1435  98  VAL  CB  15.415  8.442  133.796  55.36
1436  98  VAL  CG1  15.501  7.039  134.256  177.3
1437  98  VAL  CG2  15.676  8.464  132.414  5.11
1438  98  VAL  H  14.749  10.784  133.416  7.12
1439  98  VAL  HA  13.304  8.696  133.59  1.51
1440  98  VAL  HB  16.072  8.975  134.27  1.31
1441  98  VAL  HG11  16.375  6.68  134.038  1.41
1442  98  VAL  HG12  15.367  7.004  135.216  7.64
1443  98  VAL  HG13  14.817  6.511  133.815  5.06
1444  98  VAL  HG21  16.542  8.062  132.242  1.96
1445  98  VAL  HG22  14.989  7.963  131.947  1.45
1446  98  VAL  HG23  15.677  9.382  132.099  55.19
1447  99  VAL  N  14.493  9.571  136.438  122.82
1448  99  VAL  CA  14.437  9.351  137.855  24.48
1449  99  VAL  C  13.079  9.652  138.445  43.44
1450  99  VAL  O  12.757  9.167  139.558  4.19
1451  99  VAL  CB  15.53  10.161  138.595  10.41
1452  99  VAL  CG1  15.285  11.707  138.593  8.99
1453  99  VAL  CG2  15.7  9.665  139.961  107.83
1454  99  VAL  H  15.021  10.208  136.204  8.14
1455  99  VAL  HA  14.604  8.404  137.984  171.9
1456  99  VAL  HB  16.35  10.023  138.096  27.15
1457  99  VAL  HG11  16.004  12.149  139.071  8.12
1458  99  VAL  HG12  15.259  12.03  137.679  4.54
1459  99  VAL  HG13  14.44  11.902  139.028  3.9
1460  99  VAL  HG21  16.387  10.182  140.41  121.48
1461  99  VAL  HG22  14.863  9.752  140.444  52.16
1462  99  VAL  HG23  15.963  8.732  139.936  176.1
1463  100  LYS  N  12.286  10.443  137.692  112.91
1464  100  LYS  CA  10.897  10.751  138.047  42.56
1465  100  LYS  C  9.914  9.619  137.949  9.01
1466  100  LYS  O  8.759  9.702  138.48  5.11
1467  100  LYS  CB  10.372  11.931  137.204  1.66
1468  100  LYS  CG  11.158  13.182  137.395  8.97
1469  100  LYS  CD  10.448  14.373  136.803  5.2
1470  100  LYS  CE  11.442  15.514  136.415  3.86
1471  100  LYS  NZ  10.904  16.857  136.619  3.12
1472  100  LYS  H  12.547  10.813  136.961  7.27
1473  100  LYS  HA  10.949  10.97  138.99  58.16
1474  100  LYS  HB2  10.39  11.684  136.266  174.3
1475  100  LYS  HB3  9.445  12.099  137.435  125.37
1476  100  LYS  HG2  11.308  13.33  138.342  29.46
1477  100  LYS  HG3  12.03  13.085  136.981  58.72
1478  100  LYS  HD2  9.953  14.095  136.016  9.19
1479  100  LYS  HD3  9.8  14.712  137.441  4.51
1480  100  LYS  HE2  12.253  15.417  136.938  125.4
1481  100  LYS  HE3  11.691  15.412  135.483  8.72
1482  100  LYS  HZ1  11.513  17.46  136.381  3.86
1483  100  LYS  HZ2  10.173  16.963  136.122  2.33
1484  100  LYS  HZ3  10.697  16.967  137.478  1.08
1485  101  ASP  N  10.289  8.552  137.274  116.24
1486  101  ASP  CA  9.524  7.322  137.303  173.66
1487  101  ASP  C  9.546  6.602  138.625  8.46
1488  101  ASP  O  10.476  6.816  139.432  10.02
1489  101  ASP  CB  10.023  6.404  136.182  119.33
1490  101  ASP  CG  9.359  6.744  134.863  64.46
1491  101  ASP  OD1  8.703  7.829  134.809  178.6
1492  101  ASP  OD2  9.396  5.977  133.874  4.2
1493  101  ASP  H  10.995  8.518  136.785  6.96
1494  101  ASP  HA  8.595  7.566  137.168  31.36
1495  101  ASP  HB2  10.985  6.489  136.095  7.41
1496  101  ASP  HB3  9.84  5.479  136.411  7.34
1497  102  PRO  N  8.603  5.65  138.839  3.85
1498  102  PRO  CA  8.391  5.051  140.151  2.04
1499  102  PRO  C  9.593  4.275  140.756  1.34
1500  102  PRO  O  9.789  4.222  141.976  3.5
1501  102  PRO  CB  7.245  4.051  139.871  118.9
1502  102  PRO  CG  6.613  4.588  138.818  21.12
1503  102  PRO  CD  7.719  5.019  137.853  7.75
1504  102  PRO  HA  8.222  5.747  140.805  4.23
1505  102  PRO  HB2  7.585  3.165  139.67  108.63
1506  102  PRO  HB3  6.654  3.962  140.635  45.86
1507  102  PRO  HG2  6.018  3.944  138.402  174.2
1508  102  PRO  HG3  6.069  5.345  139.086  112.36
1509  102  PRO  HD2  8.134  4.273  137.393  8.92
1510  102  PRO  HD3  7.409  5.635  137.171  3.8
1511  103  ASN  N  10.4  3.708  139.887  3.58
1512  103  ASN  CA  11.656  2.989  140.239  116.33
1513  103  ASN  C  12.873  3.872  140.583  56.06
1514  103  ASN  O  13.883  3.357  140.979  176.2
1515  103  ASN  CB  12.075  2.111  139.005  26.02
1516  103  ASN  CG  11.773  0.675  139.198  37.36
1517  103  ASN  OD1  10.674  0.163  138.821  5.58
1518  103  ASN  ND2  12.718  -0.008  139.855  3.16
1519  103  ASN  H  10.246  3.719  139.041  3.62
1520  103  ASN  HA  11.442  2.489  141.043  1.51
1521  103  ASN  HB2  11.614  2.431  138.214  60.81
1522  103  ASN  HB3  13.025  2.219  138.843  175.63
1523  103  ASN  HD21  12.596  -0.838  140.043  119.41
1524  103  ASN  HD22  13.447  0.384  140.09  7.47
1525  104  GLY  N  12.776  5.187  140.417  112.6
1526  104  GLY  CA  13.802  6.126  140.859  3.14
1527  104  GLY  C  15.076  5.783  140.099  7.04
1528  104  GLY  O  15.069  5.327  138.886  178.34
1529  104  GLY  H  12.102  5.565  140.039  8.4
1530  104  GLY  HA2  13.531  7.04  140.68  8.39
1531  104  GLY  HA3  13.943  6.055  141.816  0.9
1532  105  MET  N  16.204  5.925  140.813  109.68
1533  105  MET  CA  17.472  5.531  140.229  2.67
1534  105  MET  C  17.621  4.025  139.934  65.26
1535  105  MET  O  18.59  3.662  139.273  179.1
1536  105  MET  CB  18.669  6.043  141.057  125.73
1537  105  MET  CG  18.903  7.514  140.842  32.16
1538  105  MET  SD  20.546  8.13  141.441  173.38
1539  105  MET  CE  21.497  7.759  140.075  117.26
1540  105  MET  H  16.247  6.239  141.613  8.29
1541  105  MET  HA  17.474  5.964  139.361  2.76
1542  105  MET  HB2  18.508  5.875  141.999  2.12
1543  105  MET  HB3  19.467  5.549  140.813  63.58
1544  105  MET  HG2  18.824  7.707  139.895  9.55
1545  105  MET  HG3  18.201  8.01  141.292  9.1
1546  105  MET  HE1  22.415  8.029  140.236  4.57
1547  105  MET  HE2  21.466  6.804  139.909  117.63
1548  105  MET  HE3  21.152  8.232  139.302  56.36
1549  106  SER  N  16.713  3.17  140.384  122.43
1550  106  SER  CA  16.786  1.732  140.129  4
1551  106  SER  C  16.559  1.399  138.677  29.76
1552  106  SER  O  16.816  0.251  138.233  4.32
1553  106  SER  CB  15.892  0.873  141.036  2.12
1554  106  SER  OG  16.329  0.951  142.419  1.92
1555  106  SER  H  16.03  3.407  140.85  7.34
1556  106  SER  HA  17.698  1.495  140.361  8.8
1557  106  SER  HB2  14.972  1.172  140.966  4.66
1558  106  SER  HB3  15.914  -0.05  140.738  2.28
1559  106  SER  HG  15.828  0.477  142.898  2.1
1560  107  ALA  N  16.199  2.416  137.894  112.57
1561  107  ALA  CA  16.168  2.308  136.441  56.33
1562  107  ALA  C  17.493  2.054  135.894  118.93
1563  107  ALA  O  17.591  1.53  134.781  53.26
1564  107  ALA  CB  15.586  3.631  135.853  177.1
1565  107  ALA  H  15.966  3.188  138.194  7.84
1566  107  ALA  HA  15.606  1.556  136.195  42.56
1567  107  ALA  HB1  15.56  3.571  134.885  2.14
1568  107  ALA  HB2  14.688  3.768  136.192  7.82
1569  107  ALA  HB3  16.148  4.377  136.116  112.3
1570  108  TRP  N  18.549  2.483  136.617  120.77
1571  108  TRP  CA  19.853  2.193  136.204  5.13
1572  108  TRP  C  20.329  0.954  136.931  3.27
1573  108  TRP  O  20.726  1.054  138.094  3.12
1574  108  TRP  CB  20.801  3.363  136.457  6.84
1575  108  TRP  CG  20.618  4.483  135.482  8.17
1576  108  TRP  CD1  20.974  4.518  134.185  122.03
1577  108  TRP  CD2  19.884  5.679  135.74  57.96
1578  108  TRP  NE1  20.576  5.7  133.624  174.9
1579  108  TRP  CE2  19.866  6.423  134.56  7.78
1580  108  TRP  CE3  19.23  6.201  136.886  37.36
1581  108  TRP  CZ2  19.245  7.679  134.475  26.04
1582  108  TRP  CZ3  18.641  7.447  136.819  60.78
1583  108  TRP  CH2  18.682  8.204  135.612  8.28
1584  108  TRP  H  18.491  2.94  137.343  6.66
1585  108  TRP  HA  19.85  2.036  135.247  3.29
1586  108  TRP  HB2  20.661  3.698  137.357  2.94
1587  108  TRP  HB3  21.717  3.047  136.411  55.89
1588  108  TRP  HD1  21.424  3.839  133.736  7.7
1589  108  TRP  HE1  20.741  5.952  132.818  5.34
1590  108  TRP  HE3  19.199  5.708  137.674  3.43
1591  108  TRP  HZ2  19.216  8.143  133.67  2.65
1592  108  TRP  HZ3  18.214  7.796  137.568  62.48
1593  108  TRP  HH2  18.324  9.062  135.594  32.94
1594  109  VAL  N  20.417  -0.189  136.229  117.86
1595  109  VAL  CA  20.917  -1.386  136.839  33.63
1596  109  VAL  C  22.312  -1.316  137.413  8.16
1597  109  VAL  O  22.59  -1.906  138.488  122.78
1598  109  VAL  CB  20.801  -2.622  135.934  55.86
1599  109  VAL  CG1  21.343  -3.789  136.728  178.4
1600  109  VAL  CG2  19.378  -2.833  135.617  58.01
1601  109  VAL  H  20.189  -0.272  135.404  7.98
1602  109  VAL  HA  20.32  -1.478  137.598  32.13
1603  109  VAL  HB  21.292  -2.52  135.104  56.42
1604  109  VAL  HG11  21.29  -4.597  136.194  180
1605  109  VAL  HG12  22.268  -3.618  136.964  8.3
1606  109  VAL  HG13  20.819  -3.902  137.537  3.43
1607  109  VAL  HG21  19.286  -3.611  135.045  1.34
1608  109  VAL  HG22  18.881  -2.975  136.438  0.59
1609  109  VAL  HG23  19.029  -2.052  135.159  4.19
1610  110  ALA  N  23.202  -0.567  136.779  126.95
1611  110  ALA  CA  24.559  -0.584  137.345  1.65
1612  110  ALA  C  24.673  0.207  138.649  1.55
1613  110  ALA  O  25.515  -0.094  139.481  118.68
1614  110  ALA  CB  25.544  -0.068  136.361  119.76
1615  110  ALA  H  23.07  -0.08  136.082  8.97
1616  110  ALA  HA  24.755  -1.511  137.551  118.18
1617  110  ALA  HB1  26.432  -0.087  136.751  58.86
1618  110  ALA  HB2  25.529  -0.624  135.566  179
1619  110  ALA  HB3  25.316  0.844  136.122  7.98
1620  111  TRP  N  23.774  1.168  138.849  119.2
1621  111  TRP  CA  23.634  1.93  140.098  122.84
1622  111  TRP  C  23.105  0.982  141.241  55.09
1623  111  TRP  O  23.623  0.949  142.378  176.47
1624  111  TRP  CB  22.624  3.111  139.917  7.21
1625  111  TRP  CG  22.332  3.846  141.261  4.04
1626  111  TRP  CD1  23.131  4.768  141.856  2.8
1627  111  TRP  CD2  21.236  3.648  142.142  2.52
1628  111  TRP  NE1  22.63  5.153  143.066  118.98
1629  111  TRP  CE2  21.435  4.516  143.251  54.66
1630  111  TRP  CE3  20.07  2.854  142.107  175.8
1631  111  TRP  CZ2  20.559  4.604  144.283  27.73
1632  111  TRP  CZ3  19.185  2.945  143.214  19.26
1633  111  TRP  CH2  19.475  3.802  144.28  8.12
1634  111  TRP  H  23.209  1.405  138.245  8.16
1635  111  TRP  HA  24.504  2.288  140.334  3.17
1636  111  TRP  HB2  22.981  3.744  139.275  8.22
1637  111  TRP  HB3  21.793  2.771  139.549  118.84
1638  111  TRP  HD1  23.919  5.096  141.486  118.53
1639  111  TRP  HE1  23.001  5.7  143.616  56.96
1640  111  TRP  HE3  19.888  2.293  141.388  179.3
1641  111  TRP  HZ2  20.703  5.205  144.978  32.41
1642  111  TRP  HZ3  18.409  2.432  143.23  42.26
1643  111  TRP  HH2  18.901  3.819  145.012  118.71
1644  112  VAL  N  22.049  0.24  140.926  116.31
1645  112  VAL  CA  21.518  -0.809  141.824  8.16
1646  112  VAL  C  22.65  -1.785  142.223  7.32
1647  112  VAL  O  22.826  -2.151  143.386  3.85
1648  112  VAL  CB  20.366  -1.571  141.147  1.88
1649  112  VAL  CG1  19.899  -2.781  142.047  1.11
1650  112  VAL  CG2  19.299  -0.665  140.816  3.42
1651  112  VAL  H  21.614  0.323  140.189  7.53
1652  112  VAL  HA  21.171  -0.386  142.625  5.17
1653  112  VAL  HB  20.675  -1.955  140.312  2.68
1654  112  VAL  HG11  19.173  -3.251  141.607  2.49
1655  112  VAL  HG12  20.642  -3.389  142.183  7.08
1656  112  VAL  HG13  19.594  -2.447  142.905  111.31
1657  112  VAL  HG21  18.578  -1.155  140.39  104.83
1658  112  VAL  HG22  18.969  -0.244  141.625  46.96
1659  112  VAL  HG23  19.629  0.016  140.209  175.4
1660  113  LYS  N  23.456  -2.194  141.254  122.85
1661  113  LYS  CA  24.494  -3.192  141.545  7.49
1662  113  LYS  C  25.72  -2.598  142.311  3.71
1663  113  LYS  O  26.348  -3.264  143.167  3.71
1664  113  LYS  CB  24.915  -3.895  140.246  121.93
1665  113  LYS  CG  23.878  -4.846  139.69  59.06
1666  113  LYS  CD  24.366  -5.782  138.493  179.2
1667  113  LYS  CE  25.092  -5.183  137.36  4.45
1668  113  LYS  NZ  25.124  -5.992  136.049  28.86
1669  113  LYS  H  23.427  -1.919  140.44  7.92
1670  113  LYS  HA  24.11  -3.848  142.148  176.68
1671  113  LYS  HB2  25.114  -3.222  139.576  136.48
1672  113  LYS  HB3  25.736  -4.386  140.407  31.71
1673  113  LYS  HG2  23.562  -5.411  140.412  7.6
1674  113  LYS  HG3  23.119  -4.326  139.383  4.2
1675  113  LYS  HD2  24.935  -6.469  138.874  2.14
1676  113  LYS  HD3  23.583  -6.229  138.134  2.02
1677  113  LYS  HE2  24.697  -4.317  137.171  7.27
1678  113  LYS  HE3  26.007  -5.022  137.638  3.77
1679  113  LYS  HZ1  25.585  -5.543  135.434  120.83
1680  113  LYS  HZ2  25.513  -6.779  136.195  57.46
1681  113  LYS  HZ3  24.292  -6.122  135.76  177.7
1682  114  HSE  N  26.082  -1.368  141.977  114
1683  114  HSE  CA  27.444  -0.802  142.286  42.06
1684  114  HSE  C  27.445  0.447  143.161  54.24
1685  114  HSE  O  28.466  0.823  143.691  177.92
1686  114  HSE  CB  28.248  -0.617  141  63.53
1687  114  HSE  CG  28.588  -1.913  140.356  7.59
1688  114  HSE  ND1  29.322  -2.867  141.02  3.93
1689  114  HSE  CD2  28.346  -2.402  139.101  1.55
1690  114  HSE  CE1  29.387  -3.95  140.253  1.38
1691  114  HSE  NE2  28.869  -3.669  139.063  171.95
1692  115  CYS  N  26.274  0.961  143.484  110.18
1693  115  CYS  CA  26.104  2.214  144.162  4.27
1694  115  CYS  C  25.113  2.187  145.27  1.59
1695  115  CYS  O  25.393  2.752  146.337  1.7
1696  115  CYS  CB  25.717  3.301  143.172  3.06
1697  115  CYS  SG  26.855  3.491  141.797  9.24
1698  115  CYS  H  25.53  0.569  143.304  7.31
1699  115  CYS  HA  26.964  2.403  144.568  61.86
1700  115  CYS  HB2  24.834  3.105  142.822  176
1701  115  CYS  HB3  25.654  4.146  143.644  54.75
1702  116  LYS  N  23.952  1.582  145.033  114.83
1703  116  LYS  CA  22.823  1.668  145.949  40.38
1704  116  LYS  C  23.199  1.09  147.298  41.18
1705  116  LYS  O  22.84  1.687  148.341  3.73
1706  116  LYS  CB  21.563  1.003  145.391  175.01
1707  116  LYS  CG  20.522  0.696  146.398  7.75
1708  116  LYS  CD  19.253  0.177  145.77  4.63
1709  116  LYS  CE  18.305  -0.397  146.88  7.51
1710  116  LYS  NZ  17.266  -1.426  146.436  8.14
1711  116  LYS  H  23.798  1.108  144.332  7.49
1712  116  LYS  HA  22.608  2.607  146.06  3.36
1713  116  LYS  HB2  21.179  1.583  144.715  3
1714  116  LYS  HB3  21.818  0.179  144.947  51.3
1715  116  LYS  HG2  20.864  0.038  147.023  4.1
1716  116  LYS  HG3  20.324  1.496  146.909  2.1
1717  116  LYS  HD2  18.806  0.89  145.288  40.89
1718  116  LYS  HD3  19.462  -0.514  145.123  121.12
1719  116  LYS  HE2  18.856  -0.802  147.568  114.53
1720  116  LYS  HE3  17.837  0.346  147.292  61.66
1721  116  LYS  HZ1  16.784  -1.684  147.139  174.9
1722  116  LYS  HZ2  16.729  -1.062  145.826  120.62
1723  116  LYS  HZ3  17.678  -2.132  146.084  62.96
1724  117  GLY  N  23.96  0.024  147.266  121.12
1725  117  GLY  CA  24.39  -0.728  148.474  8.16
1726  117  GLY  C  25.606  -0.187  149.228  3.87
1727  117  GLY  O  25.936  -0.672  150.318  4.02
1728  117  GLY  H  24.261  -0.31  146.533  6.72
1729  117  GLY  HA2  23.642  -0.762  149.091  123.99
1730  117  GLY  HA3  24.581  -1.642  148.209  120.43
1731  118  LYS  N  26.151  0.921  148.721  114.29
1732  118  LYS  CA  27.439  1.404  149.141  178.1
1733  118  LYS  C  27.319  2.634  150.036  28.19
1734  118  LYS  O  26.392  3.487  149.908  38.76
1735  118  LYS  CB  28.238  1.671  147.913  179.06
1736  118  LYS  CG  28.532  0.463  147.075  175.06
1737  118  LYS  CD  30.01  0.574  146.566  31.14
1738  118  LYS  CE  30.401  -0.205  145.243  8.47
1739  118  LYS  NZ  31.068  0.691  144.272  4.36
1740  118  LYS  H  25.772  1.407  148.121  8.67
1741  118  LYS  HA  27.888  0.738  149.685  7.68
1742  118  LYS  HB2  27.763  2.318  147.368  3.87
1743  118  LYS  HB3  29.078  2.081  148.172  2.97
1744  118  LYS  HG2  28.412  -0.347  147.595  26.83
1745  118  LYS  HG3  27.918  0.413  146.326  173.35
1746  118  LYS  HD2  30.207  1.514  146.427  172.06
1747  118  LYS  HD3  30.593  0.264  147.277  8.67
1748  118  LYS  HE2  30.989  -0.944  145.462  4.74
1749  118  LYS  HE3  29.604  -0.586  144.841  1.6
1750  118  LYS  HZ1  31.585  0.21  143.731  114.43
1751  118  LYS  HZ2  30.453  1.119  143.791  62.86
1752  118  LYS  HZ3  31.567  1.284  144.709  178
1753  119  ASP  N  28.294  2.737  150.91  119.2
1754  119  ASP  CA  28.577  3.951  151.652  38.56
1755  119  ASP  C  29.335  4.908  150.718  31.9
1756  119  ASP  O  30.578  4.746  150.423  24.84
1757  119  ASP  CB  29.346  3.623  152.967  2.24
1758  119  ASP  CG  29.546  4.907  153.88  4.72
1759  119  ASP  OD1  29.456  6.036  153.347  8.15
1760  119  ASP  OD2  29.827  4.884  155.08  4.01
1761  119  ASP  H  28.827  2.088  151.097  7.21
1762  119  ASP  HA  27.76  4.39  151.936  3.87
1763  119  ASP  HB2  28.86  2.947  153.464  2.68
1764  119  ASP  HB3  30.212  3.246  152.748  45.37
1765  120  LEU  N  28.633  5.928  150.252  118.91
1766  120  LEU  CA  29.251  6.905  149.3  65.19
1767  120  LEU  C  29.695  8.195  149.931  178.68
1768  120  LEU  O  29.994  9.181  149.231  8.77
1769  120  LEU  CB  28.313  7.252  148.146  32.39
1770  120  LEU  CG  27.936  6.061  147.259  124.63
1771  120  LEU  CD1  27.028  6.509  146.093  59.06
1772  120  LEU  CD2  29.086  5.256  146.691  181.1
1773  120  LEU  H  27.813  6.089  150.456  8.47
1774  120  LEU  HA  30.038  6.439  148.977  31.96
1775  120  LEU  HB2  27.502  7.641  148.508  1.85
1776  120  LEU  HB3  28.732  7.932  147.595  3.03
1777  120  LEU  HG  27.473  5.467  147.87  3.03
1778  120  LEU  HD11  26.802  5.741  145.545  29.63
1779  120  LEU  HD12  26.216  6.903  146.448  9.07
1780  120  LEU  HD13  27.495  7.165  145.552  3.98
1781  120  LEU  HD21  28.737  4.531  146.149  1.64
1782  120  LEU  HD22  29.644  5.83  146.143  1.23
1783  120  LEU  HD23  29.615  4.89  147.417  179.96
1784  121  SER  N  29.79  8.196  151.264  129.27
1785  121  SER  CA  30.099  9.411  151.96  119.07
1786  121  SER  C  31.473  9.991  151.564  55.09
1787  121  SER  O  31.674  11.215  151.702  176.09
1788  121  SER  CB  29.936  9.281  153.491  29.14
1789  121  SER  OG  30.972  8.517  153.984  33.72
1790  121  SER  H  29.678  7.506  151.765  8.79
1791  121  SER  HA  29.436  10.058  151.67  28.52
1792  121  SER  HB2  29.939  10.158  153.905  119.33
1793  121  SER  HB3  29.084  8.87  153.704  56.36
1794  121  SER  HG  30.777  7.703  153.915  177.4
1795  122  LYS  N  32.368  9.179  151.073  118.88
1796  122  LYS  CA  33.744  9.599  150.744  39.66
1797  122  LYS  C  34.035  9.563  149.287  1.8
1798  122  LYS  O  35.122  9.925  148.843  1.3
1799  122  LYS  CB  34.758  8.743  151.424  1.56
1800  122  LYS  CG  34.674  8.856  153.031  8.41
1801  122  LYS  CD  34.388  10.304  153.473  4.48
1802  122  LYS  CE  33.974  10.458  154.983  2.66
1803  122  LYS  NZ  32.709  9.824  155.48  54.92
1804  122  LYS  H  32.212  8.349  150.911  8.71
1805  122  LYS  HA  33.803  10.515  151.057  55.66
1806  122  LYS  HB2  34.628  7.819  151.159  175.5
1807  122  LYS  HB3  35.646  9  151.129  3.74
1808  122  LYS  HG2  33.976  8.27  153.363  30.86
1809  122  LYS  HG3  35.508  8.554  153.423  176.05
1810  122  LYS  HD2  35.179  10.842  153.31  8.09
1811  122  LYS  HD3  33.68  10.666  152.917  4.54
1812  122  LYS  HE2  34.703  10.108  155.519  2.47
1813  122  LYS  HE3  33.914  11.408  155.171  2.92
1814  122  LYS  HZ1  32.155  10.456  155.774  121.43
1815  122  LYS  HZ2  32.321  9.375  154.817  6.78
1816  122  LYS  HZ3  32.899  9.264  156.145  4.61
1817  123  TYR  N  33.013  9.213  148.512  119.07
1818  123  TYR  CA  33.202  8.966  147.091  1.37
1819  123  TYR  C  33.692  10.218  146.352  177.68
1820  123  TYR  O  34.55  10.078  145.488  119.51
1821  123  TYR  CB  31.889  8.404  146.545  121.82
1822  123  TYR  CG  31.867  8.11  145.046  58.27
1823  123  TYR  CD1  32.504  6.966  144.496  175.65
1824  123  TYR  CD2  31.186  8.941  144.2  3.72
1825  123  TYR  CE1  32.432  6.664  143.16  32.63
1826  123  TYR  CE2  31.194  8.697  142.859  51.47
1827  123  TYR  CZ  31.829  7.591  142.335  8.39
1828  123  TYR  OH  31.734  7.378  141.003  105.33
1829  123  TYR  H  32.205  9.114  148.79  8.66
1830  123  TYR  HA  33.906  8.315  146.946  174.5
1831  123  TYR  HB2  31.684  7.584  147.022  179.07
1832  123  TYR  HB3  31.179  9.034  146.745  7.51
1833  123  TYR  HD1  32.985  6.404  145.059  4.39
1834  123  TYR  HD2  30.719  9.67  144.539  3.86
1835  123  TYR  HE1  32.775  5.868  142.824  120.93
1836  123  TYR  HE2  30.762  9.289  142.286  52.66
1837  123  TYR  HH  32.275  6.777  140.776  176.9
1838  124  LEU  N  33.145  11.408  146.671  124.6
1839  124  LEU  CA  33.565  12.668  146.125  19.96
1840  124  LEU  C  34.541  13.526  147.013  7.69
1841  124  LEU  O  34.722  14.733  146.742  4.51
1842  124  LEU  CB  32.382  13.543  145.821  2.47
1843  124  LEU  CG  31.319  12.95  144.915  9.5
1844  124  LEU  CD1  30.131  13.956  144.673  5.65
1845  124  LEU  CD2  31.966  12.548  143.585  123.53
1846  124  LEU  H  32.498  11.483  147.233  7.59
1847  124  LEU  HA  34.056  12.401  145.332  174.6
1848  124  LEU  HB2  31.963  13.79  146.66  8.32
1849  124  LEU  HB3  32.706  14.362  145.414  32.96
1850  124  LEU  HG  30.943  12.168  145.348  8.72
1851  124  LEU  HD11  29.472  13.545  144.091  4.82
1852  124  LEU  HD12  29.718  14.179  145.522  173.74
1853  124  LEU  HD13  30.47  14.764  144.257  119.1
1854  124  LEU  HD21  31.293  12.168  142.999  8.58
1855  124  LEU  HD22  32.355  13.331  143.164  4.55
1856  124  LEU  HD23  32.66  11.891  143.748  2.06
1857  125  ALA  N  35.147  12.91  148.017  114.45
1858  125  ALA  CA  36.023  13.602  148.939  44.97
1859  125  ALA  C  37.306  14.136  148.219  56.33
1860  125  ALA  O  37.779  15.15  148.613  120.34
1861  125  ALA  CB  36.38  12.685  150.053  40.97
1862  125  ALA  H  35.059  12.071  148.182  9
1863  125  ALA  HA  35.557  14.375  149.295  5.21
1864  125  ALA  HB1  36.967  13.143  150.674  8.62
1865  125  ALA  HB2  35.574  12.408  150.515  3.38
1866  125  ALA  HB3  36.833  11.904  149.697  2.93
1867  126  SER  N  37.87  13.467  147.212  125.06
1868  126  SER  CA  39.005  14.018  146.522  59.46
1869  126  SER  C  38.618  15.24  145.674  177.4
1870  126  SER  O  39.492  16.086  145.331  173.16
1871  126  SER  CB  39.706  12.974  145.704  37.36
1872  126  SER  OG  38.934  12.802  144.547  69.25
1873  126  SER  H  37.605  12.701  146.924  7.35
1874  126  SER  HA  39.631  14.328  147.195  22.18
1875  126  SER  HB2  40.607  13.256  145.481  8.48
1876  126  SER  HB3  39.783  12.142  146.196  5.53
1877  126  SER  HG  39.292  12.223  144.055  2.05
1878  127  CYS  N  37.331  15.432  145.437  111.05
1879  127  CYS  CA  36.897  16.5  144.544  178.54
1880  127  CYS  C  36.934  17.885  145.202  31.23
1881  127  CYS  O  36.416  18.089  146.34  122.83
1882  127  CYS  CB  35.492  16.243  144.04  58.86
1883  127  CYS  SG  35.388  14.634  143.218  175.1
1884  127  CYS  H  36.696  14.962  145.778  8.56
1885  127  CYS  HA  37.527  16.499  143.807  34.46
1886  127  CYS  HB2  34.867  16.273  144.782  41.32
1887  127  CYS  HB3  35.232  16.944  143.422  9.28
1888  128  ASN  N  37.477  18.839  144.423  117.14
1889  128  ASN  CA  37.304  20.287  144.652  5.07
1890  128  ASN  C  36.053  20.762  143.964  2.46
1891  128  ASN  O  35.956  20.799  142.755  0.68
1892  128  ASN  CB  38.501  21.111  144.071  123.2
1893  128  ASN  CG  39.82  20.723  144.665  59.8
1894  128  ASN  OD1  40.049  20.87  145.861  176.95
1895  128  ASN  ND2  40.698  20.137  143.811  71.28
1896  128  ASN  H  37.963  18.659  143.737  7.68
1897  128  ASN  HA  37.255  20.422  145.611  107.63
1898  128  ASN  HB2  38.536  20.988  143.11  46.66
1899  128  ASN  HB3  38.345  22.055  144.23  174.7
1900  128  ASN  HD21  41.454  19.849  144.102  9.31
1901  128  ASN  HD22  40.498  20.054  142.979  8.92
1902  129  LEU  N  35.043  21.083  144.74  118.43
1903  129  LEU  CA  33.737  21.299  144.164  3.86
1904  129  LEU  C  33.273  22.697  144.597  114.23
1905  129  LEU  O  32.245  23.169  144.145  59.46
1906  129  LEU  CB  32.837  20.133  144.598  174
1907  129  LEU  CG  32.233  19.162  143.57  61.17
1908  129  LEU  CD1  33.21  18.6  142.67  63.76
1909  129  LEU  CD2  31.506  18.047  144.34  4.36
1910  129  LEU  OXT  33.887  23.475  145.342  7.89
1911  129  LEU  H  35.089  21.18  145.593  8.23
1912  129  LEU  HA  33.721  21.297  143.194  4.2
1913  129  LEU  HB2  33.35  19.598  145.224  4.07
1914  129  LEU  HB3  32.096  20.517  145.093  174.19
1915  129  LEU  HG  31.618  19.66  143.009  122.93
1916  129  LEU  HD11  32.77  17.999  142.049  56.16
1917  129  LEU  HD12  33.644  19.314  142.176  174.3
1918  129  LEU  HD13  33.874  18.109  143.179  172.37
1919  129  LEU  HD21  31.116  17.42  143.711  35.36
1920  129  LEU  HD22  32.138  17.581  144.909  29.61
1921  129  LEU  HD23  30.805  18.435  144.886  9.04
