1  1  SER  N  16.413  -7.053  9.924  121.56
2  1  SER  CA  16.221  -6.363  11.239  54.18
3  1  SER  C  17.154  -5.166  11.393  174.05
4  1  SER  O  16.935  -4.145  10.744  55.76
5  1  SER  CB  16.367  -7.348  12.423  32.18
6  1  SER  H  15.855  -7.744  9.867  29.88
7  1  SER  H2  16.246  -6.482  9.262  19.76
8  1  SER  H3  17.252  -7.343  9.861  4.04
9  1  SER  HA  15.313  -6.022  11.252  8.58
10  2  MET  N  18.175  -5.289  12.249  122.61
11  2  MET  CA  19.123  -4.2  12.54  56.63
12  2  MET  C  20.313  -4.259  11.582  4.15
13  2  MET  O  21.503  -4.261  11.956  2.47
14  2  MET  CB  19.57  -4.211  13.997  39.15
15  2  MET  CG  18.42  -4.245  14.988  176.72
16  2  MET  SD  17.555  -2.675  15.187  7.98
17  2  MET  CE  16.364  -3.195  16.409  4.8
18  2  MET  H  18.34  -6.014  12.682  3.86
19  2  MET  HA  18.664  -3.357  12.399  3.86
20  2  MET  HB2  20.138  -4.983  14.147  124.47
21  2  MET  HB3  20.11  -3.423  14.167  60.88
22  2  MET  HG2  17.783  -4.918  14.703  63.2
23  2  MET  HG3  18.761  -4.525  15.852  176.41
24  2  MET  HE1  15.792  -2.447  16.643  32.18
25  2  MET  HE2  15.823  -3.914  16.048  32.05
26  2  MET  HE3  16.828  -3.507  17.202  27.29
27  3  ASN  N  19.945  -4.378  10.323  50.75
28  3  ASN  CA  20.804  -4.047  9.226  58.78
29  3  ASN  C  20.381  -2.637  8.818  175.74
30  3  ASN  O  19.233  -2.417  8.396  2.23
31  3  ASN  CB  20.568  -5.053  8.107  63.46
32  3  ASN  CG  21.259  -4.681  6.823  1.98
33  3  ASN  OD1  22.031  -3.712  6.756  3.7
34  3  ASN  ND2  20.991  -5.466  5.775  3.82
35  3  ASN  H  19.169  -4.661  10.083  119.83
36  3  ASN  HA  21.749  -4.076  9.442  4.46
37  3  ASN  HB2  20.878  -5.926  8.394  3.86
38  3  ASN  HB3  19.615  -5.13  7.944  3.95
39  3  ASN  HD21  21.36  -5.308  5.014  30.16
40  3  ASN  HD22  20.45  -6.129  5.861  36.11
41  4  PRO  N  21.277  -1.655  9.008  118.39
42  4  PRO  CA  20.981  -0.274  8.639  59
43  4  PRO  C  20.507  -0.093  7.198  174.55
44  4  PRO  O  19.699  0.784  6.933  8.38
45  4  PRO  CB  22.317  0.434  8.845  63.44
46  4  PRO  CG  22.964  -0.335  9.922  1.81
47  4  PRO  CD  22.597  -1.769  9.661  1.86
48  4  PRO  HA  20.247  0.073  9.17  4.33
49  4  PRO  HB2  22.85  0.429  8.035  3.86
50  4  PRO  HB3  22.192  1.362  9.097  120.3
51  4  PRO  HG2  23.926  -0.212  9.91  57.32
52  4  PRO  HG3  22.652  -0.047  10.794  175.07
53  4  PRO  HD2  23.245  -2.208  9.088  44.72
54  4  PRO  HD3  22.549  -2.284  10.482  39.47
55  5  LYS  N  21.003  -0.92  6.286  119.95
56  5  LYS  CA  20.555  -0.877  4.885  54.2
57  5  LYS  C  19.11  -1.343  4.696  58.88
58  5  LYS  O  18.419  -0.92  3.781  131.27
59  5  LYS  CB  21.505  -1.684  3.995  31.81
60  5  LYS  CG  22.879  -1.03  3.847  32.58
61  5  LYS  CD  22.72  0.447  3.422  8.06
62  5  LYS  CE  24.039  1.12  3.009  17.68
63  5  LYS  NZ  23.843  2.595  2.881  2.84
64  5  LYS  H  21.6  -1.516  6.451  7.92
65  5  LYS  HA  20.576  0.055  4.617  4.35
66  5  LYS  HB2  21.613  -2.573  4.368  1.77
67  5  LYS  HB3  21.106  -1.791  3.117  1.89
68  5  LYS  HG2  23.362  -1.082  4.686  2.24
69  5  LYS  HG3  23.404  -1.509  3.187  2.44
70  5  LYS  HD2  22.096  0.496  2.681  122.14
71  5  LYS  HD3  22.328  0.946  4.156  55.87
72  5  LYS  HE2  24.726  0.934  3.668  175.8
73  5  LYS  HE3  24.348  0.753  2.166  129.38
74  5  LYS  HZ1  24.61  2.977  2.642  30.78
75  5  LYS  HZ2  23.225  2.76  2.263  26.74
76  5  LYS  HZ3  23.577  2.928  3.662  43.19
77  6  SER  N  18.646  -2.234  5.556  128.88
78  6  SER  CA  17.268  -2.651  5.469  50.53
79  6  SER  C  16.381  -1.579  6.121  4.87
80  6  SER  O  15.339  -1.186  5.581  3.11
81  6  SER  CB  17.087  -4.007  6.148  39.43
82  6  SER  OG  15.716  -4.323  6.228  1.55
83  6  SER  H  19.105  -2.601  6.184  7.99
84  6  SER  HA  17.008  -2.75  4.54  4.9
85  6  SER  HB2  17.557  -4.693  5.649  2.83
86  6  SER  HB3  17.475  -3.987  7.037  2.93
87  6  SER  HG  15.622  -5.07  6.601  3.04
88  7  LEU  N  16.798  -1.108  7.291  55.85
89  7  LEU  CA  16.022  -0.11  8.027  65.36
90  7  LEU  C  15.838  1.201  7.273  177.98
91  7  LEU  O  14.857  1.915  7.498  33.31
92  7  LEU  CB  16.659  0.176  9.384  32.07
93  7  LEU  CG  16.511  -1.032  10.306  27.55
94  7  LEU  CD1  17.345  -0.84  11.534  56.85
95  7  LEU  CD2  15.053  -1.33  10.667  176.6
96  7  LEU  H  17.527  -1.352  7.678  9.91
97  7  LEU  HA  15.141  -0.499  8.143  3.78
98  7  LEU  HB2  17.598  0.389  9.269  1.57
99  7  LEU  HB3  16.24  0.952  9.788  1.63
100  7  LEU  HG  16.83  -1.809  9.821  1.71
101  7  LEU  HD11  17.247  -1.61  12.116  129.25
102  7  LEU  HD12  18.276  -0.743  11.281  1.81
103  7  LEU  HD13  17.053  -0.042  12.002  120.56
104  7  LEU  HD21  15.016  -2.103  11.252  120.39
105  7  LEU  HD22  14.669  -0.563  11.12  122.33
106  7  LEU  HD23  14.55  -1.512  9.858  54.57
107  8  THR  N  16.797  1.527  6.399  116.27
108  8  THR  CA  16.762  2.801  5.693  58.67
109  8  THR  C  16.382  2.635  4.221  178.27
110  8  THR  O  16.418  3.609  3.484  3.36
111  8  THR  CB  18.095  3.592  5.821  31.83
112  8  THR  OG1  19.16  2.835  5.234  10.27
113  8  THR  CG2  18.404  3.896  7.326  7.65
114  8  THR  H  17.469  1.026  6.206  8.05
115  8  THR  HA  16.068  3.321  6.127  3.82
116  8  THR  HB  18.011  4.437  5.351  114.87
117  8  THR  HG1  19.346  2.182  5.729  113.81
118  8  THR  HG21  19.237  4.389  7.392  61.57
119  8  THR  HG22  17.684  4.425  7.704  174.84
120  8  THR  HG23  18.483  3.062  7.815  69.87
121  9  ASP  N  15.992  1.414  3.839  112.78
122  9  ASP  CA  15.531  1.118  2.484  60.15
123  9  ASP  C  14.289  1.968  2.201  176.19
124  9  ASP  O  13.295  1.855  2.916  8.34
125  9  ASP  CB  15.216  -0.374  2.392  62.8
126  9  ASP  CG  14.679  -0.804  1.037  4.5
127  9  ASP  OD1  14.507  0.031  0.132  7.82
128  9  ASP  OD2  14.403  -2.011  0.906  9.12
129  9  ASP  H  15.989  0.733  4.364  7.31
130  9  ASP  HA  16.21  1.33  1.824  4.41
131  9  ASP  HB2  16.021  -0.879  2.587  3.81
132  9  ASP  HB3  14.566  -0.602  3.075  3.87
133  10  PRO  N  14.333  2.83  1.163  115.86
134  10  PRO  CA  13.17  3.702  0.873  56.39
135  10  PRO  C  11.871  2.91  0.669  177.76
136  10  PRO  O  10.79  3.388  1.038  126.03
137  10  PRO  CB  13.557  4.449  -0.424  43.74
138  10  PRO  CG  14.909  3.938  -0.817  26.38
139  10  PRO  CD  15.467  3.048  0.241  8.23
140  10  PRO  HA  12.989  4.297  1.617  4.02
141  10  PRO  HB2  12.908  4.284  -1.125  1.38
142  10  PRO  HB3  13.579  5.408  -0.278  1.58
143  10  PRO  HG2  14.845  3.452  -1.654  1.86
144  10  PRO  HG3  15.51  4.684  -0.968  1.46
145  10  PRO  HD2  15.787  2.212  -0.132  0.79
146  10  PRO  HD3  16.218  3.463  0.694  173.54
147  11  LYS  N  11.971  1.711  0.086  99.5
148  11  LYS  CA  10.79  0.854  -0.107  59.43
149  11  LYS  C  10.136  0.454  1.214  172.63
150  11  LYS  O  8.914  0.33  1.316  7.39
151  11  LYS  CB  11.159  -0.405  -0.889  68.5
152  11  LYS  CG  11.608  -0.125  -2.316  34.27
153  11  LYS  CD  11.636  -1.425  -3.13  118.89
154  11  LYS  CE  12.658  -2.441  -2.628  59.25
155  11  LYS  NZ  14.025  -2.11  -3.124  2.32
156  11  LYS  H  12.708  1.375  -0.204  6.99
157  11  LYS  HA  10.149  1.379  -0.611  4.16
158  11  LYS  HB2  11.868  -0.872  -0.42  36.63
159  11  LYS  HB3  10.393  -1  -0.91  119.97
160  11  LYS  HG2  11.006  0.512  -2.732  0.85
161  11  LYS  HG3  12.489  0.28  -2.311  177.54
162  11  LYS  HD2  10.754  -1.829  -3.11  8.53
163  11  LYS  HD3  11.831  -1.213  -4.056  4.09
164  11  LYS  HE2  12.656  -2.455  -1.658  1.97
165  11  LYS  HE3  12.409  -3.33  -2.925  2.04
166  11  LYS  HZ1  14.605  -2.713  -2.821  2.26
167  11  LYS  HZ2  14.028  -2.117  -4.014  2.35
168  11  LYS  HZ3  14.259  -1.302  -2.834  8.28
169  12  LEU  N  10.975  0.247  2.229  115.37
170  12  LEU  CA  10.486  -0.181  3.523  51.86
171  12  LEU  C  10.041  1.026  4.333  176.43
172  12  LEU  O  9.021  0.971  4.997  1.59
173  12  LEU  CB  11.556  -0.978  4.266  42.19
174  12  LEU  CG  11.682  -2.475  3.951  6.76
175  12  LEU  CD1  12.57  -3.14  5.003  6.76
176  12  LEU  CD2  10.332  -3.204  3.871  7.01
177  12  LEU  H  11.827  0.35  2.182  6.96
178  12  LEU  HA  9.721  -0.763  3.394  4.67
179  12  LEU  HB2  12.414  -0.563  4.088  2.85
180  12  LEU  HB3  11.389  -0.887  5.217  2.96
181  12  LEU  HG  12.08  -2.544  3.069  2.41
182  12  LEU  HD11  12.651  -4.086  4.807  2.66
183  12  LEU  HD12  13.449  -2.731  4.99  39.74
184  12  LEU  HD13  12.173  -3.025  5.881  120.26
185  12  LEU  HD21  10.481  -4.141  3.67  51.4
186  12  LEU  HD22  9.871  -3.125  4.721  8.32
187  12  LEU  HD23  9.79  -2.806  3.172  7.81
188  13  LEU  N  10.79  2.128  4.279  3.92
189  13  LEU  CA  10.333  3.353  4.978  65.16
190  13  LEU  C  8.967  3.828  4.468  177.77
191  13  LEU  O  8.168  4.396  5.237  111.37
192  13  LEU  CB  11.354  4.497  4.886  32.53
193  13  LEU  CG  12.707  4.289  5.56  28.11
194  13  LEU  CD1  13.717  5.346  5.146  7.83
195  13  LEU  CD2  12.558  4.237  7.093  62.88
196  13  LEU  H  11.539  2.197  3.862  35.01
197  13  LEU  HA  10.244  3.106  5.912  3.8
198  13  LEU  HB2  11.513  4.682  3.947  1.71
199  13  LEU  HB3  10.949  5.292  5.267  59.7
200  13  LEU  HG  13.049  3.433  5.259  3.81
201  13  LEU  HD11  14.561  5.18  5.594  3.95
202  13  LEU  HD12  13.848  5.31  4.186  30.1
203  13  LEU  HD13  13.387  6.224  5.394  37.49
204  13  LEU  HD21  13.429  4.104  7.499  175.04
205  13  LEU  HD22  12.178  5.071  7.41  2.39
206  13  LEU  HD23  11.973  3.503  7.337  17.98
207  14  LYS  N  8.698  3.62  3.172  114.29
208  14  LYS  CA  7.411  4.024  2.596  58.58
209  14  LYS  C  6.335  2.944  2.792  179.15
210  14  LYS  O  5.199  3.104  2.348  2.15
211  14  LYS  CB  7.563  4.405  1.102  31.72
212  14  LYS  CG  7.918  5.861  0.928  25.11
213  14  LYS  CD  8.014  6.274  -0.536  28.94
214  14  LYS  CE  7.815  7.776  -0.705  41.79
215  14  LYS  NZ  8.178  8.196  -2.114  23.64
216  14  LYS  H  9.241  3.251  2.617  8.15
217  14  LYS  HA  7.114  4.813  3.075  3.96
218  14  LYS  HB2  8.25  3.854  0.696  1.73
219  14  LYS  HB3  6.735  4.216  0.634  1.84
220  14  LYS  HG2  7.25  6.408  1.371  1.45
221  14  LYS  HG3  8.765  6.038  1.366  3.76
222  14  LYS  HD2  8.881  6.019  -0.889  1.71
223  14  LYS  HD3  7.346  5.797  -1.053  0.71
224  14  LYS  HE2  6.892  8.01  -0.518  3
225  14  LYS  HE3  8.364  8.256  -0.066  32.38
226  14  LYS  HZ1  7.799  8.98  -2.297  3.17
227  14  LYS  HZ2  9.062  8.271  -2.183  114.34
228  14  LYS  HZ3  7.886  7.584  -2.691  55.12
229  15  ASN  N  6.671  1.867  3.502  117.26
230  15  ASN  CA  5.703  0.805  3.774  56.51
231  15  ASN  C  5.834  0.373  5.224  178.89
232  15  ASN  O  6.416  -0.662  5.524  51.68
233  15  ASN  CB  5.898  -0.392  2.833  42.45
234  15  ASN  CG  4.738  -1.381  2.895  27.15
235  15  ASN  OD1  3.984  -1.415  3.867  17.98
236  15  ASN  ND2  4.568  -2.167  1.83  6.72
237  15  ASN  H  7.453  1.733  3.834  7.44
238  15  ASN  HA  4.81  1.15  3.615  4.36
239  15  ASN  HB2  5.997  -0.071  1.923  1.56
240  15  ASN  HB3  6.722  -0.85  3.063  2.07
241  15  ASN  HD21  3.912  -2.723  1.806  114.47
242  15  ASN  HD22  5.114  -2.117  1.167  55.81
243  16  ILE  N  5.296  1.183  6.123  118.5
244  16  ILE  CA  5.548  0.942  7.547  57.34
245  16  ILE  C  5.095  -0.456  8.035  178.01
246  16  ILE  O  5.819  -1.105  8.809  35.5
247  16  ILE  CB  4.994  2.104  8.405  39.6
248  16  ILE  CG1  5.839  3.369  8.192  1.43
249  16  ILE  CG2  4.978  1.758  9.894  111.99
250  16  ILE  CD  7.356  3.194  8.469  7.21
251  16  ILE  H  4.796  1.86  5.944  8.23
252  16  ILE  HA  6.511  0.927  7.666  3.38
253  16  ILE  HB  4.08  2.261  8.119  1.9
254  16  ILE  HG21  4.625  2.509  10.397  2.72
255  16  ILE  HG22  4.417  0.98  10.04  2.25
256  16  ILE  HG23  5.881  1.566  10.191  7.81
257  17  PRO  N  3.918  -0.94  7.6  109.84
258  17  PRO  CA  3.601  -2.331  7.965  56.98
259  17  PRO  C  4.722  -3.342  7.609  175.45
260  17  PRO  O  5.047  -4.211  8.424  174.14
261  17  PRO  CB  2.313  -2.61  7.19  32.37
262  17  PRO  CG  1.66  -1.269  7.083  25.91
263  17  PRO  CD  2.798  -0.292  6.882  28.91
264  17  PRO  HA  3.508  -2.438  8.925  4.24
265  17  PRO  HB2  2.499  -2.986  6.315  1.74
266  17  PRO  HB3  1.747  -3.245  7.657  2.05
267  17  PRO  HG2  1.037  -1.24  6.34  1.55
268  17  PRO  HG3  1.155  -1.06  7.884  1.76
269  17  PRO  HD2  3  -0.163  5.942  1.82
270  17  PRO  HD3  2.592  0.581  7.25  117.97
271  18  MET  N  5.333  -3.209  6.427  121.14
272  18  MET  CA  6.435  -4.104  6.056  50.97
273  18  MET  C  7.754  -3.796  6.789  173.73
274  18  MET  O  8.528  -4.722  7.122  34.38
275  18  MET  CB  6.634  -4.161  4.548  38.48
276  18  MET  CG  5.44  -4.727  3.811  177.62
277  18  MET  SD  5.145  -6.441  4.271  3.76
278  18  MET  CE  3.818  -6.29  5.474  2.25
279  18  MET  H  5.129  -2.619  5.836  7.69
280  18  MET  HA  6.165  -4.986  6.355  5.01
281  18  MET  HB2  6.817  -3.268  4.218  2.59
282  18  MET  HB3  7.415  -4.702  4.351  3.2
283  18  MET  HG2  4.653  -4.196  4.009  1.34
284  18  MET  HG3  5.589  -4.667  2.854  1.3
285  18  MET  HE1  3.572  -7.171  5.797  1.68
286  18  MET  HE2  4.116  -5.745  6.219  1.58
287  18  MET  HE3  3.048  -5.873  5.056  3.53
288  19  TRP  N  8.003  -2.513  7.042  3.76
289  19  TRP  CA  9.104  -2.088  7.886  62.16
290  19  TRP  C  8.981  -2.741  9.263  175.26
291  19  TRP  O  9.928  -3.345  9.756  131.89
292  19  TRP  CB  9.144  -0.563  7.95  33.41
293  19  TRP  CG  10.374  0.012  8.583  117.59
294  19  TRP  CD1  11.507  0.434  7.941  7.69
295  19  TRP  CD2  10.597  0.245  9.979  4.08
296  19  TRP  NE1  12.416  0.93  8.846  40.98
297  19  TRP  CE2  11.884  0.826  10.106  26.98
298  19  TRP  CE3  9.823  0.055  11.134  3.87
299  19  TRP  CZ2  12.431  1.196  11.355  2.81
300  19  TRP  CZ3  10.363  0.404  12.351  3
301  19  TRP  CH2  11.65  0.973  12.459  6.87
302  19  TRP  H  7.533  -1.866  6.725  8.94
303  19  TRP  HA  9.95  -2.378  7.511  4.38
304  19  TRP  HB2  9.067  -0.213  7.049  1.3
305  19  TRP  HB3  8.368  -0.253  8.443  41.84
306  19  TRP  HD1  11.643  0.391  7.022  0.46
307  19  TRP  HE1  13.19  1.252  8.654  1.91
308  19  TRP  HE3  8.965  -0.299  11.078  41.53
309  19  TRP  HZ2  13.279  1.572  11.425  8.48
310  19  TRP  HZ3  9.866  0.261  13.124  110.78
311  19  TRP  HH2  11.976  1.202  13.299  128.27
312  20  LEU  N  7.783  -2.678  9.841  61.18
313  20  LEU  CA  7.55  -3.336  11.132  67.57
314  20  LEU  C  7.706  -4.871  11.034  180.34
315  20  LEU  O  8.267  -5.517  11.924  175.85
316  20  LEU  CB  6.167  -2.983  11.645  31.47
317  20  LEU  CG  5.951  -1.545  12.111  28.9
318  20  LEU  CD1  4.458  -1.299  12.371  9.27
319  20  LEU  CD2  6.798  -1.209  13.385  57.04
320  20  LEU  H  7.102  -2.268  9.512  177.31
321  20  LEU  HA  8.221  -3.015  11.754  4.39
322  20  LEU  HB2  5.526  -3.172  10.942  1.87
323  20  LEU  HB3  5.959  -3.575  12.385  2.52
324  20  LEU  HG  6.254  -0.954  11.404  58.76
325  20  LEU  HD11  4.327  -0.384  12.667  17.61
326  20  LEU  HD12  3.958  -1.449  11.553  132.42
327  20  LEU  HD13  4.144  -1.908  13.058  4.45
328  20  LEU  HD21  6.634  -0.29  13.65  2.23
329  20  LEU  HD22  6.544  -1.803  14.108  2.23
330  20  LEU  HD23  7.74  -1.325  13.187  2.56
331  21  LYS  N  7.195  -5.469  9.96  115.82
332  21  LYS  CA  7.314  -6.91  9.781  57.01
333  21  LYS  C  8.775  -7.37  9.72  179.4
334  21  LYS  O  9.094  -8.464  10.19  9.07
335  21  LYS  CB  6.585  -7.347  8.507  32.34
336  21  LYS  CG  6.489  -8.857  8.395  32.88
337  21  LYS  CD  5.816  -9.28  7.09  179.13
338  21  LYS  CE  5.512  -10.775  7.095  16.99
339  21  LYS  NZ  4.743  -11.154  5.876  7.57
340  21  LYS  H  6.779  -5.06  9.328  7.65
341  21  LYS  HA  6.905  -7.327  10.555  4.5
342  21  LYS  HB2  5.693  -6.966  8.499  2.06
343  21  LYS  HB3  7.051  -6.995  7.732  2.25
344  21  LYS  HG2  7.378  -9.243  8.442  2.51
345  21  LYS  HG3  5.987  -9.207  9.148  2.74
346  21  LYS  HD2  4.994  -8.779  6.968  42.73
347  21  LYS  HD3  6.393  -9.066  6.34  34.38
348  21  LYS  HE2  6.34  -11.279  7.132  22.58
349  21  LYS  HE3  5.004  -11.005  7.889  21.28
350  21  LYS  HZ1  4.573  -12.027  5.892  9.67
351  21  LYS  HZ2  3.976  -10.703  5.856  8.46
352  21  LYS  HZ3  5.22  -10.958  5.151  66.5
353  22  SER  N  9.653  -6.529  9.152  127.49
354  22  SER  CA  11.08  -6.866  9.01  63.25
355  22  SER  C  11.739  -7.013  10.376  180.36
356  22  SER  O  12.784  -7.667  10.521  9.2
357  22  SER  CB  11.824  -5.813  8.184  28.83
358  22  SER  OG  12.162  -4.692  8.98  4.64
359  22  SER  H  9.441  -5.756  8.841  8.84
360  22  SER  HA  11.132  -7.714  8.541  3.89
361  22  SER  HB2  12.629  -6.202  7.808  3.58
362  22  SER  HB3  11.27  -5.53  7.439  3.7
363  22  SER  HG  11.461  -4.289  9.209  39.88
364  23  LEU  N  11.123  -6.382  11.364  116.85
365  23  LEU  CA  11.596  -6.424  12.755  57.62
366  23  LEU  C  10.788  -7.379  13.623  181.17
367  23  LEU  O  11.037  -7.486  14.821  118.37
368  23  LEU  CB  11.561  -5.025  13.354  40.86
369  23  LEU  CG  12.613  -4.036  12.851  27.38
370  23  LEU  CD1  12.173  -2.645  13.249  26.98
371  23  LEU  CD2  13.999  -4.361  13.441  23.1
372  23  LEU  H  10.412  -5.911  11.253  9.65
373  23  LEU  HA  12.507  -6.757  12.737  3.92
374  23  LEU  HB2  10.684  -4.646  13.186  1.04
375  23  LEU  HB3  11.656  -5.105  14.316  2.09
376  23  LEU  HG  12.692  -4.097  11.886  2.27
377  23  LEU  HD11  12.826  -1.998  12.94  4.11
378  23  LEU  HD12  11.311  -2.451  12.848  1.85
379  23  LEU  HD13  12.099  -2.593  14.215  1.85
380  23  LEU  HD21  14.65  -3.723  13.109  1.39
381  23  LEU  HD22  13.959  -4.309  14.409  1.51
382  23  LEU  HD23  14.262  -5.257  13.177  1.71
383  24  ARG  N  9.822  -8.063  13.009  122.06
384  24  ARG  CA  8.857  -8.925  13.71  59.38
385  24  ARG  C  8.027  -8.147  14.719  180.39
386  24  ARG  O  7.757  -8.624  15.846  7.41
387  24  ARG  CB  9.539  -10.146  14.331  31.77
388  24  ARG  CG  10.396  -10.898  13.317  24.48
389  24  ARG  CD  10.875  -12.227  13.86  28.47
390  24  ARG  NE  11.501  -12.104  15.173  66.02
391  24  ARG  CZ  12.715  -11.607  15.409  177.32
392  24  ARG  NH1  13.482  -11.165  14.416  54.78
393  24  ARG  NH2  13.167  -11.557  16.655  38.61
394  24  ARG  H  9.704  -8.041  12.157  8.31
395  24  ARG  HA  8.235  -9.26  13.046  4.43
396  24  ARG  HB2  10.093  -9.863  15.075  1.96
397  24  ARG  HB3  8.865  -10.744  14.691  2.14
398  24  ARG  HG2  9.883  -11.046  12.507  1.07
399  24  ARG  HG3  11.161  -10.354  13.073  1.39
400  24  ARG  HD2  10.124  -12.838  13.919  1.24
401  24  ARG  HD3  11.509  -12.617  13.238  1.39
402  24  ARG  HE  11.048  -12.375  15.852  2.31
403  24  ARG  HH11  13.197  -11.197  13.605  121.25
404  24  ARG  HH12  14.263  -10.847  14.585  57.56
405  24  ARG  HH21  12.678  -11.844  17.302  173.39
406  24  ARG  HH22  13.949  -11.238  16.816  2.89
407  25  LEU  N  7.628  -6.945  14.295  117.73
408  25  LEU  CA  6.829  -6.044  15.108  61.82
409  25  LEU  C  5.536  -5.621  14.414  174.95
410  25  LEU  O  4.937  -4.622  14.79  177.07
411  25  LEU  CB  7.652  -4.81  15.493  62.17
412  25  LEU  CG  8.82  -5.107  16.429  37.26
413  25  LEU  CD1  9.743  -3.92  16.504  29.75
414  25  LEU  CD2  8.301  -5.488  17.805  17.34
415  25  LEU  H  7.819  -6.632  13.517  8.03
416  25  LEU  HA  6.577  -6.529  15.909  4.17
417  25  LEU  HB2  7.995  -4.397  14.685  3.85
418  25  LEU  HB3  7.067  -4.162  15.917  1.94
419  25  LEU  HG  9.326  -5.857  16.079  1.05
420  25  LEU  HD11  10.481  -4.121  17.101  1.76
421  25  LEU  HD12  10.088  -3.722  15.619  2.71
422  25  LEU  HD13  9.256  -3.152  16.84  116.27
423  25  LEU  HD21  9.049  -5.675  18.393  64.58
424  25  LEU  HD22  7.78  -4.755  18.169  178.04
425  25  LEU  HD23  7.742  -6.277  17.733  127.1
426  26  HSE  N  5.1  -6.421  13.436  119.42
427  26  HSE  CA  3.904  -6.095  12.658  54.05
428  26  HSE  C  2.613  -6.05  13.487  175.59
429  26  HSE  O  1.633  -5.407  13.084  179.54
430  26  HSE  CB  3.761  -6.97  11.389  44.4
431  26  HSE  CG  4.231  -8.389  11.541  25.74
432  26  HSE  ND1  5.409  -8.73  12.173  9.39
433  26  HSE  CD2  3.698  -9.553  11.096  23.27
434  26  HSE  CE1  5.568  -10.039  12.137  23.02
435  26  HSE  NE2  4.546  -10.563  11.483  8.1
436  27  LYS  N  2.61  -6.695  14.661  114.79
437  27  LYS  CA  1.396  -6.639  15.49  57.86
438  27  LYS  C  1.003  -5.221  15.913  177.37
439  27  LYS  O  -0.154  -4.975  16.258  120.58
440  27  LYS  CB  1.441  -7.607  16.683  26.07
441  27  LYS  CG  2.712  -7.582  17.502  28.47
442  27  LYS  CD  2.821  -8.889  18.314  43.2
443  27  LYS  CE  4.271  -9.28  18.594  31.58
444  27  LYS  NZ  4.36  -10.316  19.669  21.92
445  27  LYS  H  3.265  -7.149  14.984  8.34
446  27  LYS  HA  0.684  -6.947  14.908  4.44
447  27  LYS  HB2  0.694  -7.407  17.269  2.1
448  27  LYS  HB3  1.307  -8.509  16.352  2.23
449  27  LYS  HG2  3.482  -7.485  16.92  1.72
450  27  LYS  HG3  2.71  -6.817  18.099  1.77
451  27  LYS  HD2  2.348  -8.785  19.155  3.37
452  27  LYS  HD3  2.383  -9.606  17.829  54.88
453  27  LYS  HE2  4.679  -9.619  17.782  174.93
454  27  LYS  HE3  4.774  -8.494  18.858  7.33
455  27  LYS  HZ1  5.214  -10.524  19.811  120.08
456  27  LYS  HZ2  4.004  -9.997  20.42  7.39
457  27  LYS  HZ3  3.915  -11.045  19.417  179.63
458  28  TYR  N  1.958  -4.286  15.874  119.97
459  28  TYR  CA  1.698  -2.893  16.204  53.78
460  28  TYR  C  1.342  -2.053  14.986  176.05
461  28  TYR  O  1.201  -0.845  15.095  27.45
462  28  TYR  CB  2.9  -2.293  16.939  43.93
463  28  TYR  CG  3.332  -3.159  18.105  25.21
464  28  TYR  CD1  2.521  -3.291  19.231  26.35
465  28  TYR  CD2  4.51  -3.903  18.052  23.73
466  28  TYR  CE1  2.892  -4.125  20.298  1.92
467  28  TYR  CE2  4.899  -4.731  19.125  2
468  28  TYR  CZ  4.075  -4.831  20.251  1.76
469  28  TYR  OH  4.439  -5.643  21.31  2.53
470  28  TYR  H  2.774  -4.448  15.654  8.48
471  28  TYR  HA  0.922  -2.879  16.786  4.69
472  28  TYR  HB2  3.64  -2.19  16.32  1.4
473  28  TYR  HB3  2.674  -1.406  17.26  2.04
474  28  TYR  HD1  1.721  -2.819  19.276  0.59
475  28  TYR  HD2  5.049  -3.852  17.296  0.88
476  28  TYR  HE1  2.337  -4.201  21.04  179.16
477  28  TYR  HE2  5.697  -5.207  19.084  3.95
478  28  TYR  HH  5.177  -6.008  21.143  1.82
479  29  SER  N  1.18  -2.698  13.831  120.07
480  29  SER  CA  0.773  -1.976  12.631  58.66
481  29  SER  C  -0.572  -1.26  12.799  177.44
482  29  SER  O  -0.773  -0.171  12.248  50.84
483  29  SER  CB  0.778  -2.898  11.401  29.33
484  29  SER  OG  0.744  -2.128  10.203  52.14
485  29  SER  H  1.299  -3.543  13.723  9.71
486  29  SER  HA  1.433  -1.28  12.484  4.13
487  29  SER  HB2  1.571  -3.456  11.411  2.68
488  29  SER  HB3  0.012  -3.493  11.432  3.33
489  29  SER  HG  0.611  -2.636  9.547  0.94
490  30  ASP  N  -1.486  -1.861  13.558  124.51
491  30  ASP  CA  -2.806  -1.264  13.812  58.53
492  30  ASP  C  -2.745  0.201  14.279  177.25
493  30  ASP  O  -3.533  1.051  13.834  63.81
494  30  ASP  CB  -3.626  -2.133  14.801  31.39
495  30  ASP  CG  -2.972  -2.269  16.194  23.02
496  30  ASP  OD1  -1.787  -1.9  16.391  27.84
497  30  ASP  OD2  -3.657  -2.778  17.115  1.79
498  30  ASP  H  -1.364  -2.622  13.94  8.38
499  30  ASP  HA  -3.261  -1.248  12.956  4.04
500  30  ASP  HB2  -4.51  -1.746  14.903  0.99
501  30  ASP  HB3  -3.745  -3.017  14.42  1.67
502  31  ALA  N  -1.793  0.496  15.157  116.47
503  31  ALA  CA  -1.681  1.816  15.762  57.86
504  31  ALA  C  -0.673  2.707  15.06  175.15
505  31  ALA  O  -0.693  3.933  15.235  3.92
506  31  ALA  CB  -1.305  1.68  17.232  37.06
507  31  ALA  H  -1.194  -0.064  15.418  7.79
508  31  ALA  HA  -2.548  2.241  15.672  4.91
509  31  ALA  HB1  -1.232  2.561  17.63  59.65
510  31  ALA  HB2  -1.989  1.172  17.696  2.67
511  31  ALA  HB3  -0.454  1.22  17.307  3.38
512  32  LEU  N  0.221  2.097  14.281  115.88
513  32  LEU  CA  1.362  2.827  13.742  62.83
514  32  LEU  C  1.362  3.062  12.217  177
515  32  LEU  O  2.095  3.937  11.737  117.68
516  32  LEU  CB  2.681  2.165  14.184  63.23
517  32  LEU  CG  3.012  2.075  15.69  3.89
518  32  LEU  CD1  4.299  1.325  15.942  8.36
519  32  LEU  CD2  3.055  3.456  16.389  4.39
520  32  LEU  H  0.184  1.268  14.056  7.8
521  32  LEU  HA  1.278  3.716  14.121  3.96
522  32  LEU  HB2  2.688  1.262  13.829  4.06
523  32  LEU  HB3  3.406  2.644  13.754  7.08
524  32  LEU  HG  2.279  1.575  16.083  8.12
525  32  LEU  HD11  4.472  1.29  16.896  114.79
526  32  LEU  HD12  4.221  0.423  15.595  57.76
527  32  LEU  HD13  5.031  1.78  15.498  177.56
528  32  LEU  HD21  3.266  3.337  17.328  55.29
529  32  LEU  HD22  3.735  4.009  15.973  40.69
530  32  LEU  HD23  2.191  3.889  16.305  31.68
531  33  SER  N  0.536  2.314  11.481  120.79
532  33  SER  CA  0.596  2.289  9.995  57.49
533  33  SER  C  0.229  3.624  9.323  178.9
534  33  SER  O  0.6  3.866  8.153  4.29
535  33  SER  CB  -0.286  1.165  9.436  39.59
536  33  SER  OG  -1.649  1.558  9.428  2.79
537  33  SER  H  -0.073  1.808  11.816  8.82
538  33  SER  HA  1.527  2.124  9.779  4.43
539  33  SER  HB2  -0.003  0.942  8.535  2.7
540  33  SER  HB3  -0.178  0.365  9.973  2.77
541  33  SER  HG  -2.119  0.934  9.119  179.26
542  34  GLY  N  -0.55  4.44  10.041  121.54
543  34  GLY  CA  -0.936  5.793  9.599  54.47
544  34  GLY  C  0.154  6.85  9.718  179.45
545  34  GLY  O  0.08  7.931  9.095  118.61
546  34  GLY  H  -0.874  4.224  10.808  8.04
547  34  GLY  HA2  -1.221  5.746  8.673  176.84
548  34  GLY  HA3  -1.703  6.081  10.118  7.88
549  35  THR  N  1.163  6.558  10.544  112.39
550  35  THR  CA  2.207  7.524  10.849  54.35
551  35  THR  C  3.345  7.425  9.817  177.37
552  35  THR  O  3.939  6.348  9.677  2.24
553  35  THR  CB  2.755  7.263  12.258  42.37
554  35  THR  OG1  1.659  7.156  13.178  122.57
555  35  THR  CG2  3.665  8.403  12.703  54.97
556  35  THR  H  1.256  5.799  10.938  7.47
557  35  THR  HA  1.831  8.417  10.811  4.55
558  35  THR  HB  3.267  6.439  12.244  17.94
559  35  THR  HG1  1.955  7.012  13.951  7.88
560  35  THR  HG21  4.001  8.22  13.594  4.13
561  35  THR  HG22  4.41  8.482  12.087  60.41
562  35  THR  HG23  3.164  9.233  12.711  178.62
563  36  PRO  N  3.651  8.534  9.102  113.49
564  36  PRO  CA  4.707  8.419  8.081  60.75
565  36  PRO  C  6.056  8.251  8.76  175.68
566  36  PRO  O  6.216  8.686  9.912  175.49
567  36  PRO  CB  4.662  9.765  7.353  4.09
568  36  PRO  CG  4.156  10.713  8.374  26.8
569  36  PRO  CD  3.127  9.908  9.189  55.3
570  36  PRO  HA  4.58  7.662  7.487  4.18
571  36  PRO  HB2  5.54  10.024  7.033  4.11
572  36  PRO  HB3  4.077  9.731  6.58  2.8
573  36  PRO  HG2  4.875  11.038  8.939  2.96
574  36  PRO  HG3  3.747  11.489  7.961  8.11
575  36  PRO  HD2  3.074  10.216  10.107  116.2
576  36  PRO  HD3  2.235  9.978  8.814  57.48
577  37  TRP  N  7.029  7.665  8.07  110.14
578  37  TRP  CA  8.284  7.288  8.737  45.42
579  37  TRP  C  9.001  8.463  9.372  28.1
580  37  TRP  O  9.565  8.319  10.464  33.71
581  37  TRP  CB  9.229  6.532  7.792  178.04
582  37  TRP  CG  9.832  7.374  6.708  1.99
583  37  TRP  CD1  9.333  7.566  5.436  112.29
584  37  TRP  CD2  11.075  8.092  6.766  7.53
585  37  TRP  NE1  10.177  8.39  4.723  4
586  37  TRP  CE2  11.256  8.722  5.508  2.17
587  37  TRP  CE3  12.048  8.269  7.761  2.17
588  37  TRP  CZ2  12.377  9.506  5.217  2.52
589  37  TRP  CZ3  13.163  9.076  7.481  2.52
590  37  TRP  CH2  13.315  9.682  6.208  6.89
591  37  TRP  H  6.991  7.478  7.232  8.69
592  37  TRP  HA  8.024  6.691  9.456  114.21
593  37  TRP  HB2  9.945  6.139  8.316  56.25
594  37  TRP  HB3  8.741  5.8  7.383  175.54
595  37  TRP  HD1  8.545  7.195  5.109  2.26
596  37  TRP  HE1  10.049  8.655  3.915  30.92
597  37  TRP  HE3  11.956  7.859  8.591  35.97
598  37  TRP  HZ2  12.485  9.896  4.38  2.41
599  37  TRP  HZ3  13.808  9.214  8.137  4.04
600  37  TRP  HH2  14.063  10.208  6.04  116.99
601  38  ILE  N  8.943  9.621  8.704  7.16
602  38  ILE  CA  9.598  10.854  9.169  59.73
603  38  ILE  C  9.108  11.285  10.553  1.9
604  38  ILE  O  9.846  11.966  11.279  2.13
605  38  ILE  CB  9.411  12.053  8.166  70.43
606  38  ILE  CG1  7.92  12.342  7.898  2.3
607  38  ILE  CG2  10.138  11.779  6.869  20.94
608  38  ILE  CD  7.613  13.714  7.318  51.94
609  38  ILE  H  8.519  9.715  7.962  7.82
610  38  ILE  HA  10.541  10.635  9.221  4.7
611  38  ILE  HB  9.795  12.843  8.578  4.01
612  38  ILE  HG21  10.013  12.526  6.263  177.83
613  38  ILE  HG22  11.084  11.663  7.047  1.58
614  38  ILE  HG23  9.784  10.972  6.464  117.09
615  39  GLU  N  7.858  10.918  10.876  7.61
616  39  GLU  CA  7.226  11.192  12.173  62.25
617  39  GLU  C  7.42  9.997  13.116  180.05
618  39  GLU  O  7.776  10.168  14.303  2.91
619  39  GLU  CB  5.736  11.496  11.96  32.63
620  39  GLU  CG  4.928  11.742  13.235  27.47
621  39  GLU  CD  3.471  12.09  12.939  50.78
622  39  GLU  OE1  3.192  12.553  11.812  57.06
623  39  GLU  OE2  2.62  11.897  13.837  176.38
624  39  GLU  H  7.345  10.493  10.332  3.23
625  39  GLU  HA  7.643  11.966  12.584  4.49
626  39  GLU  HB2  5.659  12.278  11.391  1.82
627  39  GLU  HB3  5.336  10.755  11.48  2.39
628  39  GLU  HG2  4.962  10.951  13.795  1.86
629  39  GLU  HG3  5.335  12.464  13.739  2.02
630  40  LEU  N  7.175  8.797  12.584  123.16
631  40  LEU  CA  7.286  7.535  13.324  60.44
632  40  LEU  C  8.62  7.416  14.098  175.85
633  40  LEU  O  8.635  7.071  15.312  1.95
634  40  LEU  CB  7.14  6.34  12.364  26.84
635  40  LEU  CG  7.09  4.983  13.077  1.48
636  40  LEU  CD1  5.812  4.802  13.887  127.59
637  40  LEU  CD2  7.255  3.865  12.056  1.7
638  40  LEU  H  6.934  8.691  11.765  9.21
639  40  LEU  HA  6.567  7.528  13.976  3.9
640  40  LEU  HB2  6.331  6.452  11.841  2.77
641  40  LEU  HB3  7.883  6.342  11.741  3.38
642  40  LEU  HG  7.823  4.949  13.711  122.28
643  40  LEU  HD11  5.823  3.934  14.319  116.82
644  40  LEU  HD12  5.755  5.497  14.561  54.84
645  40  LEU  HD13  5.044  4.86  13.297  176.54
646  40  LEU  HD21  7.223  3.007  12.507  17.57
647  40  LEU  HD22  6.538  3.914  11.404  40.94
648  40  LEU  HD23  8.109  3.961  11.605  1.75
649  41  ILE  N  9.731  7.705  13.42  115
650  41  ILE  CA  11.049  7.412  14.016  63.48
651  41  ILE  C  11.394  8.294  15.206  175.19
652  41  ILE  O  12.317  7.963  15.967  4.63
653  41  ILE  CB  12.208  7.462  12.99  37.8
654  41  ILE  CG1  12.421  8.889  12.475  28.1
655  41  ILE  CG2  11.961  6.416  11.878  16.66
656  41  ILE  CD  13.491  9.01  11.399  54.31
657  41  ILE  H  9.752  8.06  12.637  5.77
658  41  ILE  HA  10.957  6.501  14.335  3.02
659  41  ILE  HB  13.044  7.22  13.417  0.49
660  41  ILE  HG21  12.687  6.448  11.236  26.85
661  41  ILE  HG22  11.916  5.53  12.271  25.2
662  41  ILE  HG23  11.124  6.613  11.429  22.86
663  42  TYR  N  10.664  9.389  15.362  117.07
664  42  TYR  CA  10.905  10.304  16.472  56.94
665  42  TYR  C  9.993  10.055  17.663  178.43
666  42  TYR  O  10.115  10.75  18.667  1.74
667  42  TYR  CB  10.822  11.754  16.028  31.43
668  42  TYR  CG  12.031  12.164  15.212  36.4
669  42  TYR  CD1  13.248  12.504  15.835  8.5
670  42  TYR  CD2  11.973  12.162  13.823  4.69
671  42  TYR  CE1  14.365  12.853  15.087  3.26
672  42  TYR  CE2  13.09  12.524  13.058  3.14
673  42  TYR  CZ  14.267  12.88  13.682  7.2
674  42  TYR  OH  15.366  13.218  12.917  7.2
675  42  TYR  H  10.024  9.622  14.837  6.99
676  42  TYR  HA  11.81  10.123  16.77  4.25
677  42  TYR  HB2  10.017  11.886  15.502  1.73
678  42  TYR  HB3  10.749  12.327  16.807  1.9
679  42  TYR  HD1  13.304  12.495  16.763  33.29
680  42  TYR  HD2  11.184  11.918  13.396  180.45
681  42  TYR  HE1  15.167  13.066  15.508  4.29
682  42  TYR  HE2  13.037  12.524  12.129  111.82
683  42  TYR  HH  15.968  13.53  13.413  8.63
684  43  LEU  N  9.094  9.069  17.562  122.06
685  43  LEU  CA  8.213  8.753  18.705  57.5
686  43  LEU  C  9.057  8.298  19.89  176.24
687  43  LEU  O  10.103  7.667  19.719  2.36
688  43  LEU  CB  7.203  7.664  18.364  43.2
689  43  LEU  CG  6.109  7.937  17.331  25.62
690  43  LEU  CD1  5.155  6.751  17.295  25.94
691  43  LEU  CD2  5.36  9.272  17.6  24.04
692  43  LEU  H  8.977  8.581  16.863  8.12
693  43  LEU  HA  7.721  9.559  18.927  3.49
694  43  LEU  HB2  7.703  6.891  18.058  1.2
695  43  LEU  HB3  6.763  7.408  19.19  1.47
696  43  LEU  HG  6.524  8.041  16.46  1.27
697  43  LEU  HD11  4.457  6.916  16.642  50.71
698  43  LEU  HD12  5.644  5.95  17.05  4.96
699  43  LEU  HD13  4.755  6.63  18.171  2.15
700  43  LEU  HD21  4.678  9.403  16.923  2.27
701  43  LEU  HD22  4.943  9.239  18.475  2.19
702  43  LEU  HD23  5.99  10.009  17.57  2.19
703  44  ASP  N  8.627  8.658  21.092  101.89
704  44  ASP  CA  9.379  8.254  22.277  62.34
705  44  ASP  C  8.743  7.053  23  174.45
706  44  ASP  O  7.679  6.555  22.607  55.07
707  44  ASP  CB  9.604  9.455  23.222  36.76
708  44  ASP  CG  8.317  10.051  23.748  28.98
709  44  ASP  OD1  7.253  9.415  23.606  40.3
710  44  ASP  OD2  8.373  11.158  24.323  7.76
711  44  ASP  H  7.921  9.124  21.244  6.88
712  44  ASP  HA  10.249  7.949  21.977  2.29
713  44  ASP  HB2  10.152  9.171  23.971  117.8
714  44  ASP  HB3  10.102  10.141  22.75  3.99
715  45  ASP  N  9.428  6.574  24.037  113.99
716  45  ASP  CA  9.009  5.407  24.777  58.49
717  45  ASP  C  7.577  5.568  25.302  176.36
718  45  ASP  O  6.756  4.631  25.179  5.28
719  45  ASP  CB  9.969  5.146  25.944  38.54
720  45  ASP  CG  9.526  3.968  26.781  2.77
721  45  ASP  OD1  9.637  2.819  26.294  6.74
722  45  ASP  OD2  9.042  4.196  27.928  64.8
723  45  ASP  H  10.156  6.928  24.327  6.61
724  45  ASP  HA  9.027  4.648  24.173  4.4
725  45  ASP  HB2  10.86  4.981  25.599  2.37
726  45  ASP  HB3  10.023  5.938  26.502  3.39
727  46  GLU  N  7.289  6.757  25.847  121.5
728  46  GLU  CA  6.005  7.024  26.499  56.12
729  46  GLU  C  4.887  6.987  25.46  175.43
730  46  GLU  O  3.819  6.414  25.701  116.88
731  46  GLU  CB  6.019  8.388  27.165  42.21
732  46  GLU  CG  4.673  8.78  27.709  26.58
733  46  GLU  CD  4.722  10.126  28.394  17.42
734  46  GLU  OE1  5.786  10.456  28.969  9.05
735  46  GLU  OE2  3.71  10.85  28.336  4.99
736  46  GLU  H  7.83  7.425  25.848  7.48
737  46  GLU  HA  5.854  6.344  27.174  4.29
738  46  GLU  HB2  6.667  8.385  27.887  1.28
739  46  GLU  HB3  6.311  9.054  26.524  2.06
740  46  GLU  HG2  4.026  8.807  26.987  6.64
741  46  GLU  HG3  4.368  8.107  28.338  5.43
742  47  THR  N  5.157  7.586  24.3  116.8
743  47  THR  CA  4.158  7.639  23.237  50.93
744  47  THR  C  3.89  6.237  22.671  62.12
745  47  THR  O  2.725  5.854  22.466  119.47
746  47  THR  CB  4.56  8.636  22.134  42.59
747  47  THR  OG1  4.72  9.939  22.7  26.75
748  47  THR  CG2  3.497  8.693  21.048  50.35
749  47  THR  H  5.906  7.964  24.111  7.46
750  47  THR  HA  3.329  7.964  23.621  4.81
751  47  THR  HB  5.396  8.339  21.742  2.03
752  47  THR  HG1  5.473  9.994  23.068  2.82
753  47  THR  HG21  3.767  9.325  20.363  1.66
754  47  THR  HG22  3.391  7.814  20.652  1.66
755  47  THR  HG23  2.654  8.977  21.435  3.52
756  48  LEU  N  4.962  5.462  22.44  118.2
757  48  LEU  CA  4.818  4.074  22.01  59.15
758  48  LEU  C  3.946  3.266  22.971  67.72
759  48  LEU  O  3.076  2.523  22.527  174.59
760  48  LEU  CB  6.18  3.405  21.821  43.14
761  48  LEU  CG  7.025  3.96  20.658  35.16
762  48  LEU  CD1  8.393  3.34  20.741  28.52
763  48  LEU  CD2  6.364  3.613  19.296  17.32
764  48  LEU  H  5.776  5.726  22.528  8.52
765  48  LEU  HA  4.368  4.091  21.151  4.09
766  48  LEU  HB2  6.687  3.497  22.643  2.6
767  48  LEU  HB3  6.041  2.456  21.678  2.69
768  48  LEU  HG  7.088  4.926  20.723  -1.23
769  48  LEU  HD11  8.945  3.675  20.017  0.58
770  48  LEU  HD12  8.801  3.569  21.591  2.71
771  48  LEU  HD13  8.316  2.376  20.669  7.81
772  48  LEU  HD21  6.905  3.968  18.574  7.61
773  48  LEU  HD22  6.296  2.65  19.205  126.57
774  48  LEU  HD23  5.477  4.005  19.257  49.78
775  49  GLU  N  4.171  3.411  24.288  116.05
776  49  GLU  CA  3.381  2.646  25.258  59.29
777  49  GLU  C  1.915  3.081  25.174  179.75
778  49  GLU  O  1.005  2.252  25.171  177.32
779  49  GLU  CB  3.89  2.838  26.69  29.45
780  49  GLU  CG  3.38  1.737  27.606  36.58
781  49  GLU  CD  3.882  1.842  29.049  28.82
782  49  GLU  OE1  4.793  2.652  29.322  50.4
783  49  GLU  OE2  3.349  1.101  29.899  4.04
784  49  GLU  H  4.762  3.934  24.63  8.47
785  49  GLU  HA  3.468  1.705  25.037  4.12
786  49  GLU  HB2  4.86  2.842  26.694  1.97
787  49  GLU  HB3  3.602  3.701  27.026  2.12
788  49  GLU  HG2  2.41  1.755  27.609  2.25
789  49  GLU  HG3  3.646  0.878  27.243  2.36
790  50  LYS  N  1.704  4.389  25.08  117.03
791  50  LYS  CA  0.359  4.952  25.014  67.27
792  50  LYS  C  -0.375  4.52  23.739  176.88
793  50  LYS  O  -1.615  4.502  23.695  40.91
794  50  LYS  CB  0.416  6.468  25.174  67.16
795  50  LYS  CG  0.695  6.888  26.627  119.97
796  50  LYS  CD  0.847  8.395  26.82  56.58
797  50  LYS  CE  0.942  8.737  28.299  117.04
798  50  LYS  NZ  1.197  10.197  28.564  137.82
799  50  LYS  H  2.334  4.974  25.053  8.45
800  50  LYS  HA  -0.161  4.598  25.752  4.19
801  50  LYS  HB2  1.108  6.827  24.597  4.45
802  50  LYS  HB3  -0.425  6.854  24.883  3.18
803  50  LYS  HG2  -0.028  6.571  27.19  1.29
804  50  LYS  HG3  1.505  6.449  26.931  105.26
805  50  LYS  HD2  1.641  8.707  26.359  6.9
806  50  LYS  HD3  0.09  8.855  26.424  7.99
807  50  LYS  HE2  0.117  8.476  28.737  120.78
808  50  LYS  HE3  1.654  8.214  28.699  2.64
809  50  LYS  HZ1  1.199  10.344  29.442  177.77
810  50  LYS  HZ2  1.986  10.427  28.223  7.29
811  50  LYS  HZ3  0.556  10.684  28.184  7.67
812  51  LYS  N  0.4  4.191  22.699  120.76
813  51  LYS  CA  -0.17  3.72  21.426  58.29
814  51  LYS  C  -0.372  2.204  21.379  178.89
815  51  LYS  O  -0.827  1.658  20.369  3.63
816  51  LYS  CB  0.677  4.22  20.241  42.05
817  51  LYS  CG  0.382  5.716  19.914  26.25
818  51  LYS  CD  1.247  6.304  18.798  119.4
819  51  LYS  CE  0.69  6.039  17.386  68.18
820  51  LYS  NZ  -0.69  6.597  17.137  2
821  51  LYS  H  1.259  4.233  22.709  8.65
822  51  LYS  HA  -1.059  4.102  21.355  3.8
823  51  LYS  HB2  1.619  4.113  20.448  0.92
824  51  LYS  HB3  0.494  3.675  19.459  2.17
825  51  LYS  HG2  -0.551  5.803  19.664  177.76
826  51  LYS  HG3  0.51  6.242  20.719  8.69
827  51  LYS  HD2  1.328  7.261  18.932  0.92
828  51  LYS  HD3  2.141  5.932  18.861  5.61
829  51  LYS  HE2  1.301  6.417  16.734  2.18
830  51  LYS  HE3  0.671  5.081  17.234  2.26
831  51  LYS  HZ1  -0.855  6.602  16.262  6.34
832  51  LYS  HZ2  -1.294  6.091  17.55  6.34
833  51  LYS  HZ3  -0.735  7.428  17.451  6.55
834  52  GLY  N  -0.056  1.51  22.469  119.73
835  52  GLY  CA  -0.32  0.079  22.537  59.95
836  52  GLY  C  0.883  -0.837  22.489  180.62
837  52  GLY  O  0.735  -2.061  22.47  53.58
838  52  GLY  H  0.308  1.846  23.172  8.12
839  52  GLY  HA2  -0.805  -0.101  23.358  4.47
840  52  GLY  HA3  -0.909  -0.156  21.803  35.48
841  53  VAL  N  2.084  -0.264  22.429  120.77
842  53  VAL  CA  3.262  -1.106  22.476  59.2
843  53  VAL  C  3.567  -1.32  23.965  179.17
844  53  VAL  O  4.386  -0.619  24.556  123.97
845  53  VAL  CB  4.464  -0.508  21.718  32.28
846  53  VAL  CG1  5.547  -1.59  21.591  5.53
847  53  VAL  CG2  4.02  0.03  20.327  115.25
848  53  VAL  H  2.231  0.581  22.363  8.12
849  53  VAL  HA  3.094  -1.948  22.024  4
850  53  VAL  HB  4.828  0.246  22.208  57.95
851  53  VAL  HG11  6.311  -1.229  21.115  39.6
852  53  VAL  HG12  5.823  -1.877  22.475  119.48
853  53  VAL  HG13  5.191  -2.348  21.102  110.75
854  53  VAL  HG21  4.787  0.402  19.864  47.59
855  53  VAL  HG22  3.647  -0.696  19.803  7.87
856  53  VAL  HG23  3.349  0.72  20.446  4.26
857  54  LEU  N  2.857  -2.269  24.563  116.46
858  54  LEU  CA  2.911  -2.465  26.009  57.2
859  54  LEU  C  4.183  -3.174  26.487  176.47
860  54  LEU  O  4.569  -3.049  27.671  60.25
861  54  LEU  CB  1.675  -3.255  26.46  174.84
862  54  LEU  CG  0.314  -2.714  26.021  25.4
863  54  LEU  CD1  -0.749  -3.625  26.617  63.02
864  54  LEU  CD2  0.087  -1.228  26.427  53.87
865  54  LEU  H  2.335  -2.813  24.149  8.05
866  54  LEU  HA  2.924  -1.583  26.411  4.2
867  54  LEU  HB2  1.76  -4.163  26.131  1.85
868  54  LEU  HB3  1.683  -3.303  27.429  2.02
869  54  LEU  HG  0.267  -2.716  25.052  1.25
870  54  LEU  HD11  -1.629  -3.309  26.357  119.04
871  54  LEU  HD12  -0.621  -4.529  26.29  55.65
872  54  LEU  HD13  -0.676  -3.618  27.584  175.89
873  54  LEU  HD21  -0.788  -0.94  26.124  8.11
874  54  LEU  HD22  0.139  -1.145  27.392  44.29
875  54  LEU  HD23  0.769  -0.673  26.018  29.53
876  55  ALA  N  4.793  -3.984  25.619  102.15
877  55  ALA  CA  5.982  -4.737  26.024  44.3
878  55  ALA  C  7.245  -3.856  25.989  175.03
879  55  ALA  O  7.623  -3.3  24.927  4.42
880  55  ALA  CB  6.17  -5.978  25.157  1.85
881  55  ALA  H  4.541  -4.11  24.807  7.64
882  55  ALA  HA  5.843  -5.025  26.94  1.74
883  55  ALA  HB1  6.962  -6.457  25.445  120
884  55  ALA  HB2  5.394  -6.554  25.244  59.26
885  55  ALA  HB3  6.273  -5.713  24.23  8.62
886  56  LEU  N  7.923  -3.772  27.135  121.93
887  56  LEU  CA  9.193  -3.052  27.244  60.07
888  56  LEU  C  10.181  -3.446  26.152  175.65
889  56  LEU  O  10.794  -2.565  25.549  120.05
890  56  LEU  CB  9.846  -3.329  28.601  27.18
891  56  LEU  CG  11.181  -2.641  28.899  176.94
892  56  LEU  CD1  11.117  -1.118  28.834  119.67
893  56  LEU  CD2  11.646  -3.096  30.265  39.33
894  56  LEU  H  7.659  -4.131  27.871  8.35
895  56  LEU  HA  8.983  -2.11  27.147  4.02
896  56  LEU  HB2  9.217  -3.073  29.293  8.85
897  56  LEU  HB3  9.979  -4.287  28.679  8.07
898  56  LEU  HG  11.811  -2.899  28.208  4.24
899  56  LEU  HD11  11.992  -0.748  29.032  1.45
900  56  LEU  HD12  10.844  -0.843  27.945  0.89
901  56  LEU  HD13  10.475  -0.793  29.484  1.54
902  56  LEU  HD21  12.492  -2.672  30.477  4.08
903  56  LEU  HD22  10.986  -2.848  30.931  7.38
904  56  LEU  HD23  11.758  -4.059  30.264  4.61
905  57  GLY  N  10.324  -4.753  25.911  123.83
906  57  GLY  CA  11.237  -5.275  24.869  57.27
907  57  GLY  C  10.937  -4.722  23.486  177.7
908  57  GLY  O  11.849  -4.323  22.728  1.64
909  57  GLY  H  9.899  -5.364  26.342  7.19
910  57  GLY  HA2  12.151  -5.056  25.108  3.12
911  57  GLY  HA3  11.174  -6.243  24.846  1.63
912  58  ALA  N  9.648  -4.671  23.179  119.82
913  58  ALA  CA  9.18  -4.208  21.877  51.39
914  58  ALA  C  9.47  -2.715  21.732  176.85
915  58  ALA  O  9.985  -2.284  20.697  2.81
916  58  ALA  CB  7.698  -4.512  21.717  18.8
917  58  ALA  H  9.019  -4.903  23.718  6.92
918  58  ALA  HA  9.652  -4.677  21.171  4.69
919  58  ALA  HB1  7.396  -4.201  20.849  1.64
920  58  ALA  HB2  7.555  -5.469  21.785  2.11
921  58  ALA  HB3  7.198  -4.06  22.414  2.45
922  59  ARG  N  9.191  -1.921  22.781  130.68
923  59  ARG  CA  9.49  -0.49  22.72  58.48
924  59  ARG  C  10.978  -0.282  22.534  179.61
925  59  ARG  O  11.38  0.589  21.754  1.65
926  59  ARG  CB  8.974  0.303  23.926  41.58
927  59  ARG  CG  7.482  0.196  24.107  27.29
928  59  ARG  CD  6.979  1.229  25.13  7.26
929  59  ARG  NE  7.586  1.057  26.459  2.19
930  59  ARG  CZ  7.127  0.222  27.388  27.29
931  59  ARG  NH1  6.065  -0.537  27.127  50.18
932  59  ARG  NH2  7.749  0.119  28.567  120.97
933  59  ARG  H  8.837  -2.189  23.518  8.58
934  59  ARG  HA  9.01  -0.139  21.954  3.8
935  59  ARG  HB2  9.416  -0.015  24.729  1.68
936  59  ARG  HB3  9.216  1.236  23.82  1.98
937  59  ARG  HG2  7.038  0.335  23.256  3.76
938  59  ARG  HG3  7.252  -0.698  24.404  3.9
939  59  ARG  HD2  7.172  2.122  24.804  0.93
940  59  ARG  HD3  6.015  1.158  25.208  57.63
941  59  ARG  HE  8.282  1.526  26.648  175.41
942  59  ARG  HH11  5.678  -0.487  26.36  1.49
943  59  ARG  HH12  5.766  -1.078  27.725  28.96
944  59  ARG  HH21  8.448  0.593  28.727  30.99
945  59  ARG  HH22  7.45  -0.422  29.165  115.77
946  60  ARG  N  11.793  -1.088  23.217  106.02
947  60  ARG  CA  13.251  -0.912  23.134  47.09
948  60  ARG  C  13.745  -1.242  21.73  176.64
949  60  ARG  O  14.644  -0.564  21.213  36.17
950  60  ARG  CB  13.962  -1.769  24.168  4.48
951  60  ARG  CG  13.76  -1.239  25.568  3.08
952  60  ARG  CD  14.223  -2.236  26.59  3.28
953  60  ARG  NE  14.518  -1.556  27.854  175.76
954  60  ARG  CZ  14.948  -2.176  28.948  7.08
955  60  ARG  NH1  15.076  -3.508  28.96  8.29
956  60  ARG  NH2  15.217  -1.449  30.035  118.55
957  60  ARG  H  11.532  -1.731  23.725  9.73
958  60  ARG  HA  13.457  0.017  23.324  176.02
959  60  ARG  HB2  13.632  -2.68  24.116  56.38
960  60  ARG  HB3  14.91  -1.799  23.967  42.67
961  60  ARG  HG2  14.248  -0.408  25.677  32.52
962  60  ARG  HG3  12.822  -1.037  25.709  38.78
963  60  ARG  HD2  13.539  -2.91  26.728  28.92
964  60  ARG  HD3  15.014  -2.696  26.269  7.85
965  60  ARG  HE  14.406  -0.704  27.89  4.96
966  60  ARG  HH11  14.88  -3.965  28.258  2.42
967  60  ARG  HH12  15.354  -3.907  29.669  2.78
968  60  ARG  HH21  15.111  -0.596  30.019  119.35
969  60  ARG  HH22  15.496  -1.834  30.752  60.6
970  61  LYS  N  13.155  -2.273  21.124  120.82
971  61  LYS  CA  13.594  -2.688  19.785  54.6
972  61  LYS  C  13.198  -1.627  18.754  178.89
973  61  LYS  O  13.999  -1.243  17.881  28.13
974  61  LYS  CB  13.002  -4.059  19.434  19.44
975  61  LYS  CG  13.492  -4.619  18.116  20.48
976  61  LYS  CD  12.998  -6.059  17.944  21.78
977  61  LYS  CE  13.566  -6.712  16.673  8.91
978  61  LYS  NZ  13.215  -8.172  16.631  3.42
979  61  LYS  H  12.513  -2.738  21.459  6.32
980  61  LYS  HA  14.56  -2.772  19.775  3.34
981  61  LYS  HB2  13.218  -4.686  20.142  1.75
982  61  LYS  HB3  12.035  -3.986  19.405  1.75
983  61  LYS  HG2  13.172  -4.069  17.383  1.36
984  61  LYS  HG3  14.461  -4.596  18.086  1.36
985  61  LYS  HD2  13.254  -6.583  18.719  2.97
986  61  LYS  HD3  12.029  -6.066  17.905  3.05
987  61  LYS  HE2  13.212  -6.266  15.888  42
988  61  LYS  HE3  14.53  -6.604  16.65  178.04
989  61  LYS  HZ1  13.906  -8.635  16.313  119.26
990  61  LYS  HZ2  13.022  -8.455  17.453  17.98
991  61  LYS  HZ3  12.509  -8.293  16.103  7.41
992  62  LEU  N  11.973  -1.123  18.878  116.54
993  62  LEU  CA  11.526  -0.02  18.005  61.52
994  62  LEU  C  12.429  1.197  18.158  178.05
995  62  LEU  O  12.924  1.722  17.169  178.92
996  62  LEU  CB  10.091  0.362  18.326  30.05
997  62  LEU  CG  9.004  -0.562  17.788  29.87
998  62  LEU  CD1  7.651  -0.094  18.28  28.98
999  62  LEU  CD2  9.019  -0.527  16.239  41.89
1000  62  LEU  H  11.389  -1.394  19.448  7.69
1001  62  LEU  HA  11.576  -0.328  17.087  3.53
1002  62  LEU  HB2  9.998  0.41  19.29  1.65
1003  62  LEU  HB3  9.93  1.254  17.98  1.97
1004  62  LEU  HG  9.169  -1.466  18.098  1.84
1005  62  LEU  HD11  6.96  -0.683  17.937  1.51
1006  62  LEU  HD12  7.636  -0.109  19.25  1.51
1007  62  LEU  HD13  7.488  0.81  17.969  1.71
1008  62  LEU  HD21  8.328  -1.114  15.895  1.71
1009  62  LEU  HD22  8.854  0.379  15.934  2.99
1010  62  LEU  HD23  9.885  -0.824  15.917  2.99
1011  63  LEU  N  12.695  1.613  19.397  116.09
1012  63  LEU  CA  13.495  2.818  19.621  59.26
1013  63  LEU  C  14.94  2.643  19.116  178.93
1014  63  LEU  O  15.54  3.611  18.627  119.2
1015  63  LEU  CB  13.465  3.218  21.111  30.12
1016  63  LEU  CG  12.075  3.704  21.54  26.88
1017  63  LEU  CD1  11.943  3.507  23.059  32.18
1018  63  LEU  CD2  11.815  5.15  21.133  32.31
1019  63  LEU  H  12.426  1.218  20.112  8.42
1020  63  LEU  HA  13.1  3.538  19.106  3.71
1021  63  LEU  HB2  13.725  2.458  21.656  1.67
1022  63  LEU  HB3  14.117  3.918  21.272  1.8
1023  63  LEU  HG  11.399  3.181  21.081  8.28
1024  63  LEU  HD11  11.068  3.809  23.35  4.16
1025  63  LEU  HD12  12.048  2.567  23.274  1.8
1026  63  LEU  HD13  12.63  4.02  23.513  1.99
1027  63  LEU  HD21  10.928  5.414  21.424  1.46
1028  63  LEU  HD22  12.475  5.727  21.548  1.46
1029  63  LEU  HD23  11.876  5.231  20.168  1.64
1030  64  LYS  N  15.463  1.414  19.184  120.46
1031  64  LYS  CA  16.799  1.111  18.628  59.75
1032  64  LYS  C  16.775  1.252  17.11  178.27
1033  64  LYS  O  17.651  1.91  16.54  8.68
1034  64  LYS  CB  17.277  -0.288  18.986  32.47
1035  64  LYS  CG  18.677  -0.598  18.458  114.27
1036  64  LYS  CD  19.079  -2.032  18.718  29.21
1037  64  LYS  CE  20.333  -2.409  17.931  53.88
1038  64  LYS  NZ  21.544  -1.819  18.566  176.14
1039  64  LYS  H  15.067  0.742  19.545  7.14
1040  64  LYS  HA  17.417  1.747  19.021  3.69
1041  64  LYS  HB2  17.272  -0.388  19.951  1.13
1042  64  LYS  HB3  16.652  -0.938  18.63  1.35
1043  64  LYS  HG2  18.708  -0.423  17.504  1.47
1044  64  LYS  HG3  19.318  -0.003  18.877  7.83
1045  64  LYS  HD2  19.24  -2.158  19.666  1.71
1046  64  LYS  HD3  18.351  -2.624  18.473  1.97
1047  64  LYS  HE2  20.419  -3.374  17.892  2.33
1048  64  LYS  HE3  20.255  -2.094  17.017  2.57
1049  64  LYS  HZ1  22.266  -2.047  18.098  2.81
1050  64  LYS  HZ2  21.469  -0.932  18.582  56.78
1051  64  LYS  HZ3  21.622  -2.125  19.398  170.34
1052  65  ALA  N  15.784  0.634  16.475  118.11
1053  65  ALA  CA  15.634  0.756  15.009  57.68
1054  65  ALA  C  15.462  2.232  14.611  177.08
1055  65  ALA  O  16.122  2.739  13.695  176.45
1056  65  ALA  CB  14.456  -0.048  14.545  41.3
1057  65  ALA  H  15.191  0.144  16.859  7.9
1058  65  ALA  HA  16.435  0.413  14.583  3.29
1059  65  ALA  HB1  14.364  0.037  13.583  57.72
1060  65  ALA  HB2  14.59  -0.981  14.775  0.57
1061  65  ALA  HB3  13.651  0.279  14.976  1.56
1062  66  PHE  N  14.568  2.932  15.307  115.36
1063  66  PHE  CA  14.352  4.352  15.061  58.27
1064  66  PHE  C  15.671  5.132  15.104  181.17
1065  66  PHE  O  15.943  5.957  14.249  2.16
1066  66  PHE  CB  13.427  4.956  16.112  40.92
1067  66  PHE  CG  11.998  4.504  16.038  27
1068  66  PHE  CD1  11.517  3.751  14.975  25.79
1069  66  PHE  CD2  11.098  4.894  17.048  23.37
1070  66  PHE  CE1  10.177  3.378  14.908  20.48
1071  66  PHE  CE2  9.763  4.51  16.986  7.84
1072  66  PHE  CZ  9.301  3.749  15.922  103.48
1073  66  PHE  H  14.075  2.599  15.928  8.22
1074  66  PHE  HA  13.952  4.421  14.18  3.69
1075  66  PHE  HB2  13.775  4.74  16.991  1.4
1076  66  PHE  HB3  13.451  5.922  16.027  1.69
1077  66  PHE  HD1  12.099  3.492  14.297  0.82
1078  66  PHE  HD2  11.398  5.411  17.76  0.97
1079  66  PHE  HE1  9.868  2.881  14.185  42.08
1080  66  PHE  HE2  9.177  4.765  17.661  121.67
1081  66  PHE  HZ  8.409  3.488  15.887  57.39
1082  67  GLY  N  16.47  4.888  16.145  121.29
1083  67  GLY  CA  17.752  5.582  16.306  59.24
1084  67  GLY  C  18.68  5.447  15.114  179.25
1085  67  GLY  O  19.339  6.42  14.702  4.22
1086  67  GLY  H  16.289  4.325  16.769  7.73
1087  67  GLY  HA2  17.582  6.523  16.467  4.54
1088  67  GLY  HA3  18.2  5.236  17.094  3.93
1089  68  ILE  N  18.726  4.241  14.56  122.95
1090  68  ILE  CA  19.548  3.984  13.353  55.24
1091  68  ILE  C  19.027  4.833  12.178  180.4
1092  68  ILE  O  19.812  5.471  11.436  114.44
1093  68  ILE  CB  19.565  2.477  13.013  18.77
1094  68  ILE  CG1  20.3  1.693  14.139  175.56
1095  68  ILE  CG2  20.194  2.224  11.621  21.28
1096  68  ILE  CD  20.129  0.207  14.126  42.78
1097  68  ILE  H  18.297  3.556  14.855  8.03
1098  68  ILE  HA  20.466  4.245  13.529  4.04
1099  68  ILE  HB  18.652  2.153  12.966  1.43
1100  68  ILE  HG21  20.192  1.272  11.433  119.26
1101  68  ILE  HG22  19.678  2.688  10.943  31.98
1102  68  ILE  HG23  21.107  2.553  11.613  21.5
1103  69  VAL  N  17.711  4.839  11.999  116.51
1104  69  VAL  CA  17.12  5.644  10.902  56.86
1105  69  VAL  C  17.371  7.155  11.126  178.75
1106  69  VAL  O  17.773  7.889  10.216  2.15
1107  69  VAL  CB  15.625  5.324  10.689  42.63
1108  69  VAL  CG1  15.025  6.202  9.564  28.84
1109  69  VAL  CG2  15.413  3.809  10.432  8.56
1110  69  VAL  H  17.147  4.402  12.479  9.71
1111  69  VAL  HA  17.57  5.395  10.079  4.46
1112  69  VAL  HB  15.145  5.542  11.503  2.05
1113  69  VAL  HG11  14.087  5.984  9.448  118.93
1114  69  VAL  HG12  15.112  7.138  9.803  60.6
1115  69  VAL  HG13  15.5  6.035  8.735  176.35
1116  69  VAL  HG21  14.468  3.632  10.301  1.64
1117  69  VAL  HG22  15.904  3.543  9.639  28.93
1118  69  VAL  HG23  15.734  3.303  11.195  55.37
1119  70  ILE  N  17.179  7.613  12.361  104.03
1120  70  ILE  CA  17.438  9.01  12.698  47.24
1121  70  ILE  C  18.869  9.431  12.348  176.97
1122  70  ILE  O  19.076  10.525  11.792  128.19
1123  70  ILE  CB  17.19  9.269  14.189  124.2
1124  70  ILE  CG1  15.694  9.182  14.481  114.08
1125  70  ILE  CG2  17.759  10.615  14.602  113.23
1126  70  ILE  CD  15.406  9.26  15.97  123.75
1127  70  ILE  H  16.9  7.132  13.017  8.09
1128  70  ILE  HA  16.823  9.54  12.168  4.25
1129  70  ILE  HB  17.645  8.591  14.712  3.21
1130  70  ILE  HG21  17.593  10.761  15.546  3.48
1131  70  ILE  HG22  18.715  10.627  14.437  7.38
1132  70  ILE  HG23  17.333  11.318  14.087  9.86
1133  71  ASP  N  19.832  8.565  12.672  122.83
1134  71  ASP  CA  21.242  8.856  12.406  64.7
1135  71  ASP  C  21.454  9.097  10.906  177.64
1136  71  ASP  O  22.073  10.082  10.506  6.91
1137  71  ASP  CB  22.103  7.682  12.86  37.72
1138  71  ASP  CG  23.581  7.921  12.663  57.62
1139  71  ASP  OD1  24.06  9.052  12.915  179.58
1140  71  ASP  OD2  24.267  6.952  12.285  67.3
1141  71  ASP  H  19.689  7.804  13.046  7.46
1142  71  ASP  HA  21.498  9.653  12.896  4
1143  71  ASP  HB2  21.932  7.506  13.798  178.19
1144  71  ASP  HB3  21.841  6.887  12.37  8.46
1145  72  TYR  N  20.942  8.191  10.08  119.13
1146  72  TYR  CA  21.065  8.356  8.618  67.56
1147  72  TYR  C  20.311  9.614  8.158  178.29
1148  72  TYR  O  20.83  10.425  7.383  2.78
1149  72  TYR  CB  20.573  7.088  7.918  31
1150  72  TYR  CG  21.646  6.003  7.864  59.2
1151  72  TYR  CD1  21.978  5.236  8.994  178.96
1152  72  TYR  CD2  22.364  5.784  6.698  25.18
1153  72  TYR  CE1  22.981  4.231  8.928  24.08
1154  72  TYR  CE2  23.362  4.809  6.623  27.48
1155  72  TYR  CZ  23.674  4.045  7.742  43.9
1156  72  TYR  OH  24.657  3.086  7.635  55.09
1157  72  TYR  H  20.525  7.482  10.331  7.88
1158  72  TYR  HA  21.996  8.483  8.376  3.38
1159  72  TYR  HB2  19.793  6.746  8.383  43.95
1160  72  TYR  HB3  20.292  7.307  7.016  8.11
1161  72  TYR  HD1  21.535  5.388  9.797  4.09
1162  72  TYR  HD2  22.176  6.299  5.947  1.89
1163  72  TYR  HE1  23.17  3.705  9.671  1.95
1164  72  TYR  HE2  23.818  4.671  5.824  1.69
1165  72  TYR  HH  24.978  3.099  6.859  2.04
1166  73  LYS  N  19.11  9.816  8.677  119.5
1167  73  LYS  CA  18.314  10.975  8.279  66.48
1168  73  LYS  C  19.04  12.282  8.58  177.63
1169  73  LYS  O  19.139  13.154  7.731  46.48
1170  73  LYS  CB  16.957  10.971  8.97  38.73
1171  73  LYS  CG  16.076  12.143  8.598  124.27
1172  73  LYS  CD  14.755  12.043  9.355  59.15
1173  73  LYS  CE  13.689  12.995  8.819  124.46
1174  73  LYS  NZ  14.141  14.369  8.462  55.21
1175  73  LYS  H  18.737  9.301  9.256  9.26
1176  73  LYS  HA  18.179  10.911  7.32  3.4
1177  73  LYS  HB2  16.494  10.147  8.75  18.23
1178  73  LYS  HB3  17.093  10.972  9.93  8.43
1179  73  LYS  HG2  16.522  12.977  8.814  0.98
1180  73  LYS  HG3  15.913  12.148  7.642  122.19
1181  73  LYS  HD2  14.425  11.132  9.301  119.59
1182  73  LYS  HD3  14.91  12.234  10.293  115.93
1183  73  LYS  HE2  13.291  12.592  8.031  118.28
1184  73  LYS  HE3  12.987  13.07  9.484  67.21
1185  73  LYS  HZ1  13.436  14.867  8.245  179.29
1186  73  LYS  HZ2  14.559  14.734  9.158  38
1187  73  LYS  HZ3  14.699  14.328  7.77  31.81
1188  74  GLU  N  19.555  12.409  9.8  118.09
1189  74  GLU  CA  20.17  13.657  10.208  57.52
1190  74  GLU  C  21.49  13.95  9.468  178.16
1191  74  GLU  O  21.908  15.105  9.381  3.48
1192  74  GLU  CB  20.241  13.728  11.744  41.79
1193  74  GLU  CG  18.813  13.704  12.325  5.36
1194  74  GLU  CD  18.702  14.03  13.817  114.03
1195  74  GLU  OE1  19.743  14.06  14.513  55.92
1196  74  GLU  OE2  17.556  14.245  14.299  174.88
1197  74  GLU  H  19.557  11.79  10.397  7.62
1198  74  GLU  HA  19.605  14.395  9.929  4.42
1199  74  GLU  HB2  20.754  12.98  12.089  2.94
1200  74  GLU  HB3  20.699  14.537  12.019  3.07
1201  74  GLU  HG2  18.269  14.337  11.83  178.41
1202  74  GLU  HG3  18.434  12.824  12.173  7.56
1203  75  ARG  N  22.109  12.91  8.917  118.21
1204  75  ARG  CA  23.284  13.066  8.042  62.42
1205  75  ARG  C  22.881  13.229  6.561  178.39
1206  75  ARG  O  23.754  13.291  5.685  8.91
1207  75  ARG  CB  24.227  11.873  8.207  37.95
1208  75  ARG  CG  24.725  11.683  9.635  4.44
1209  75  ARG  CD  25.522  10.41  9.766  2.65
1210  75  ARG  NE  26.098  10.252  11.114  2.75
1211  75  ARG  CZ  27.198  10.875  11.556  122.16
1212  75  ARG  NH1  27.861  11.721  10.783  61.83
1213  75  ARG  NH2  27.641  10.641  12.781  178.81
1214  75  ARG  H  21.865  12.094  9.035  8.24
1215  75  ARG  HA  23.744  13.877  8.31  3.99
1216  75  ARG  HB2  23.769  11.067  7.922  2.69
1217  75  ARG  HB3  24.99  11.989  7.619  3.27
1218  75  ARG  HG2  25.274  12.44  9.893  6.89
1219  75  ARG  HG3  23.97  11.66  10.244  6.89
1220  75  ARG  HD2  24.951  9.651  9.569  7.37
1221  75  ARG  HD3  26.235  10.407  9.109  7.37
1222  75  ARG  HE  25.697  9.719  11.658  8.67
1223  75  ARG  HH11  27.587  11.878  9.983  4.02
1224  75  ARG  HH12  28.566  12.114  11.081  3.2
1225  75  ARG  HH21  27.223  10.09  13.292  3.36
1226  75  ARG  HH22  28.347  11.04  13.066  7.09
1227  76  ASP  N  21.58  13.29  6.294  122.46
1228  76  ASP  CA  21.039  13.351  4.91  60.31
1229  76  ASP  C  21.464  12.131  4.051  181.06
1230  76  ASP  O  21.78  12.264  2.837  57.09
1231  76  ASP  CB  21.407  14.685  4.23  33.47
1232  76  ASP  CG  20.351  15.156  3.219  24.39
1233  76  ASP  OD1  19.287  14.5  3.037  179.19
1234  76  ASP  OD2  20.571  16.233  2.618  1.66
1235  76  ASP  H  20.974  13.298  6.904  9.33
1236  76  ASP  HA  20.072  13.309  4.981  4.17
1237  76  ASP  HB2  21.523  15.367  4.91  2.14
1238  76  ASP  HB3  22.259  14.587  3.778  2.39
1239  77  LEU  N  21.464  10.951  4.682  120.59
1240  77  LEU  CA  21.904  9.722  4.033  59.14
1241  77  LEU  C  20.747  8.757  3.829  179.06
1242  77  LEU  O  20.958  7.572  3.712  1.99
1243  77  LEU  CB  23.083  9.051  4.789  29.01
1244  77  LEU  CG  24.414  9.822  4.826  37.08
1245  77  LEU  CD1  25.384  9.15  5.764  177.46
1246  77  LEU  CD2  25.028  9.906  3.431  54.28
1247  77  LEU  H  21.208  10.846  5.496  9.32
1248  77  LEU  HA  22.238  9.968  3.156  4.16
1249  77  LEU  HB2  22.802  8.889  5.703  2.17
1250  77  LEU  HB3  23.247  8.185  4.385  2.31
1251  77  LEU  HG  24.232  10.72  5.144  54.5
1252  77  LEU  HD11  26.218  9.646  5.778  7.61
1253  77  LEU  HD12  25.007  9.127  6.658  9.03
1254  77  LEU  HD13  25.552  8.244  5.461  18.42
1255  77  LEU  HD21  25.865  10.395  3.474  7.8
1256  77  LEU  HD22  25.194  9.011  3.096  4.17
1257  77  LEU  HD23  24.416  10.366  2.835  7
1258  78  ILE  N  19.522  9.282  3.777  116.68
1259  78  ILE  CA  18.383  8.481  3.352  56.45
1260  78  ILE  C  18.006  8.938  1.951  174.74
1261  78  ILE  O  17.898  10.148  1.691  174.04
1262  78  ILE  CB  17.185  8.62  4.31  30.95
1263  78  ILE  CG1  17.582  8.046  5.672  8.73
1264  78  ILE  CG2  15.927  7.914  3.744  4.18
1265  78  ILE  CD  16.506  8.075  6.703  44
1266  78  ILE  H  19.334  10.095  3.983  7.6
1267  78  ILE  HA  18.626  7.542  3.359  4.31
1268  78  ILE  HB  16.956  9.557  4.409  171.94
1269  78  ILE  HG21  15.19  8.017  4.366  37.7
1270  78  ILE  HG22  15.688  8.312  2.892  8.12
1271  78  ILE  HG23  16.114  6.97  3.619  24.58
1272  79  ASP  N  17.808  7.971  1.056  118.51
1273  79  ASP  CA  17.538  8.302  -0.335  54.64
1274  79  ASP  C  16.309  9.202  -0.414  176.31
1275  79  ASP  O  15.303  8.965  0.266  120.18
1276  79  ASP  CB  17.358  7.045  -1.178  39.45
1277  79  ASP  CG  17.458  7.334  -2.662  178.04
1278  79  ASP  OD1  16.478  7.86  -3.218  1.86
1279  79  ASP  OD2  18.525  7.066  -3.249  38.38
1280  79  ASP  H  17.826  7.13  1.233  8.19
1281  79  ASP  HA  18.301  8.779  -0.698  4.62
1282  79  ASP  HB2  18.032  6.392  -0.931  2.42
1283  79  ASP  HB3  16.494  6.648  -0.985  3.24
1284  80  ARG  N  16.403  10.244  -1.233  114.66
1285  80  ARG  CA  15.304  11.211  -1.378  54.2
1286  80  ARG  C  13.985  10.552  -1.818  177.83
1287  80  ARG  O  12.903  11.085  -1.525  7.27
1288  80  ARG  CB  15.701  12.352  -2.333  43.46
1289  80  ARG  CG  14.677  13.499  -2.466  25.79
1290  80  ARG  CD  14.303  14.118  -1.106  62.7
1291  80  ARG  NE  15.447  14.229  -0.186  176.56
1292  80  ARG  CZ  15.464  14.934  0.937  29.98
1293  80  ARG  NH1  14.393  15.63  1.327  62.94
1294  80  ARG  NH2  16.559  14.936  1.678  34.8
1295  80  ARG  H  17.093  10.414  -1.717  8.52
1296  80  ARG  HA  15.143  11.587  -0.498  4.45
1297  80  ARG  HB2  16.544  12.726  -2.031  1.34
1298  80  ARG  HB3  15.857  11.976  -3.213  1.54
1299  80  ARG  HG2  15.042  14.189  -3.042  1.67
1300  80  ARG  HG3  13.875  13.164  -2.897  1.67
1301  80  ARG  HD2  13.925  15  -1.251  0.73
1302  80  ARG  HD3  13.612  13.578  -0.69  1.78
1303  80  ARG  HE  16.163  13.801  -0.394  118.61
1304  80  ARG  HH11  13.679  15.625  0.848  57.07
1305  80  ARG  HH12  14.417  16.083  2.058  179.55
1306  80  ARG  HH21  17.247  14.484  1.429  7.3
1307  80  ARG  HH22  16.583  15.389  2.409  40.19
1308  81  SER  N  14.067  9.392  -2.485  119.83
1309  81  SER  CA  12.874  8.635  -2.917  60.89
1310  81  SER  C  11.998  8.21  -1.737  176.82
1311  81  SER  O  10.818  7.937  -1.908  56.76
1312  81  SER  CB  13.259  7.392  -3.74  38.22
1313  81  SER  OG  14.009  6.478  -2.962  1
1314  81  SER  H  14.812  9.021  -2.7  7.49
1315  81  SER  HA  12.362  9.24  -3.476  4.3
1316  81  SER  HB2  12.457  6.958  -4.07  58.62
1317  81  SER  HB3  13.776  7.661  -4.516  9.24
1318  81  SER  HG  14.802  6.747  -2.9  4.52
1319  82  ALA  N  12.59  8.149  -0.551  130.69
1320  82  ALA  CA  11.839  7.759  0.666  55.82
1321  82  ALA  C  10.904  8.857  1.162  177.24
1322  82  ALA  O  9.94  8.573  1.897  3.9
1323  82  ALA  CB  12.822  7.374  1.783  43.61
1324  82  ALA  H  13.421  8.326  -0.417  9.36
1325  82  ALA  HA  11.286  6.999  0.426  4.41
1326  82  ALA  HB1  12.326  7.12  2.577  64.51
1327  82  ALA  HB2  13.368  6.628  1.491  2.56
1328  82  ALA  HB3  13.393  8.131  1.987  2.82
1329  83  TYR  N  11.183  10.103  0.79  123.46
1330  83  TYR  CA  10.453  11.241  1.369  58.09
1331  83  TYR  C  9.126  11.497  0.664  178.61
1332  83  TYR  O  8.277  12.219  1.215  7.91
1333  83  TYR  CB  11.297  12.519  1.401  29.03
1334  83  TYR  CG  12.486  12.49  2.33  26.31
1335  83  TYR  CD1  13.613  11.738  2.018  60.45
1336  83  TYR  CD2  12.49  13.234  3.513  174.65
1337  83  TYR  CE1  14.717  11.7  2.854  1.72
1338  83  TYR  CE2  13.6  13.206  4.372  33.96
1339  83  TYR  CZ  14.71  12.438  4.033  159.37
1340  83  TYR  H  11.783  10.315  0.211  8.75
1341  83  TYR  HA  10.259  10.99  2.286  4.33
1342  83  TYR  HB2  11.613  12.702  0.502  2.04
1343  83  TYR  HB3  10.725  13.259  1.656  1.65
1344  83  TYR  HD1  13.626  11.248  1.228  2.29
1345  83  TYR  HD2  11.75  13.753  3.733  3.19
1346  83  TYR  HE1  15.458  11.185  2.629  57.01
1347  83  TYR  HE2  13.594  13.697  5.162  29.18
