1  1  GLY  N  9.155  -27.492  -19.047  124.37
2  1  GLY  CA  10.335  -27.808  -18.264  43.78
3  1  GLY  C  10.017  -28.671  -17.059  173.91
4  1  GLY  O  8.851  -28.875  -16.723  55.76
5  1  GLY  H  9.227  -27.361  -19.924  31.19
6  1  GLY  HA2  10.97  -28.277  -18.827  3.86
7  1  GLY  HA3  10.738  -26.98  -17.958  3.86
8  1  GLY  H2  8.426  -27.72  -18.59  16.9
9  1  GLY  H3  9.137  -26.619  -19.218  4.33
10  2  SER  N  11.057  -29.182  -16.408  115.65
11  2  SER  CA  10.883  -30.034  -15.237  58.27
12  2  SER  C  9.852  -29.44  -14.282  174.42
13  2  SER  O  9.625  -28.23  -14.271  2.48
14  2  SER  CB  12.218  -30.221  -14.513  63.66
15  2  SER  OG  13.162  -30.873  -15.344  2.11
16  2  SER  H  11.852  -29.008  -16.686  2.11
17  2  SER  HA  10.566  -30.898  -15.542  4.49
18  2  SER  HB2  12.57  -29.353  -14.261  3.9
19  2  SER  HB3  12.079  -30.757  -13.717  3.91
20  2  SER  HG  13.278  -31.66  -15.074  121.81
21  3  SER  N  9.232  -30.3  -13.481  116.96
22  3  SER  CA  8.222  -29.862  -12.525  58.27
23  3  SER  C  8.865  -29.115  -11.36  173.69
24  3  SER  O  9.942  -29.479  -10.893  32.18
25  3  SER  CB  7.431  -31.063  -12.001  63.99
26  3  SER  OG  6.12  -30.683  -11.621  43.67
27  3  SER  H  9.429  -31.136  -13.531  8.32
28  3  SER  HA  7.615  -29.262  -12.986  4.47
29  3  SER  HB2  7.373  -31.737  -12.696  3.89
30  3  SER  HB3  7.885  -31.433  -11.228  3.94
31  3  SER  HG  5.655  -31.371  -11.492  4.31
32  4  GLY  N  8.193  -28.065  -10.897  116.83
33  4  GLY  CA  8.713  -27.281  -9.791  45.47
34  4  GLY  C  7.915  -26.015  -9.553  174.13
35  4  GLY  O  7.412  -25.403  -10.495  1.56
36  4  GLY  H  7.443  -27.85  -11.258  8.04
37  4  GLY  HA2  8.692  -27.822  -8.986  4
38  4  GLY  HA3  9.632  -27.039  -9.984  4
39  5  SER  N  7.797  -25.621  -8.289  115.23
40  5  SER  CA  7.049  -24.422  -7.928  58.3
41  5  SER  C  7.705  -23.176  -8.515  174.61
42  5  SER  O  8.897  -22.938  -8.32  3.91
43  5  SER  CB  6.953  -24.293  -6.407  63.98
44  5  SER  OG  8.239  -24.306  -5.812  124.96
45  5  SER  H  8.169  -26.086  -7.669  8.27
46  5  SER  HA  6.155  -24.507  -8.295  4.49
47  5  SER  HB2  6.512  -23.459  -6.182  3.89
48  5  SER  HB3  6.438  -25.036  -6.054  3.89
49  5  SER  HG  8.799  -23.982  -6.348  26.62
50  6  SER  N  6.917  -22.383  -9.235  117.35
51  6  SER  CA  7.421  -21.163  -9.854  58.41
52  6  SER  C  7.67  -20.084  -8.805  173.85
53  6  SER  O  6.813  -19.237  -8.553  5.13
54  6  SER  CB  6.43  -20.652  -10.903  63.89
55  6  SER  OG  6.465  -21.454  -12.07  1.08
56  6  SER  H  6.091  -22.597  -9.339  8.34
57  6  SER  HA  8.261  -21.375  -10.291  4.48
58  6  SER  HB2  5.533  -20.674  -10.534  3.88
59  6  SER  HB3  6.66  -19.741  -11.143  3.88
60  6  SER  HG  6.3  -22.252  -11.867  8.3
61  7  GLY  N  8.851  -20.122  -8.195  110.33
62  7  GLY  CA  9.193  -19.143  -7.179  45.37
63  7  GLY  C  8.272  -19.209  -5.977  173.56
64  7  GLY  O  7.321  -18.434  -5.872  59.22
65  7  GLY  H  9.416  -20.735  -8.407  8.49
66  7  GLY  HA2  10.104  -19.301  -6.886  3.98
67  7  GLY  HA3  9.136  -18.256  -7.568  3.98
68  8  ALA  N  8.552  -20.137  -5.069  123.88
69  8  ALA  CA  7.742  -20.301  -3.868  52.48
70  8  ALA  C  8.207  -19.363  -2.76  177.63
71  8  ALA  O  9.39  -19.038  -2.665  4.59
72  8  ALA  CB  7.787  -21.746  -3.394  19.6
73  8  ALA  H  9.228  -20.654  -5.192  8.18
74  8  ALA  HA  6.823  -20.087  -4.095  4.39
75  8  ALA  HB1  8.373  -21.814  -2.624  119.88
76  8  ALA  HB2  6.894  -22.033  -3.147  8.05
77  8  ALA  HB3  8.123  -22.31  -4.108  4.47
78  9  GLY  N  7.269  -18.931  -1.923  108.44
79  9  GLY  CA  7.603  -18.034  -0.832  45.3
80  9  GLY  C  6.711  -18.233  0.377  173.01
81  9  GLY  O  5.805  -19.068  0.358  1.78
82  9  GLY  H  6.456  -19.188  -2.032  8.27
83  9  GLY  HA2  8.524  -18.188  -0.571  4.09
84  9  GLY  HA3  7.512  -17.119  -1.141  3.78
85  10  ASP  N  6.966  -17.467  1.431  121.69
86  10  ASP  CA  6.179  -17.563  2.655  51.53
87  10  ASP  C  5.517  -16.229  2.982  175.04
88  10  ASP  O  6.108  -15.352  3.613  1.84
89  10  ASP  CB  7.063  -18.007  3.822  42.1
90  10  ASP  CG  8.183  -18.93  3.381  1.46
91  10  ASP  OD1  7.93  -20.145  3.24  3.14
92  10  ASP  OD2  9.311  -18.437  3.177  27.39
93  10  ASP  H  7.611  -16.9  1.391  8.3
94  10  ASP  HA  5.487  -18.228  2.513  5.08
95  10  ASP  HB2  7.457  -17.224  4.238  2.87
96  10  ASP  HB3  6.518  -18.475  4.473  2.56
97  11  PRO  N  4.26  -16.068  2.542  122.31
98  11  PRO  CA  3.491  -14.842  2.776  64.35
99  11  PRO  C  3.104  -14.671  4.241  177.75
100  11  PRO  O  2.891  -13.553  4.71  41.23
101  11  PRO  CB  2.242  -15.037  1.912  32.02
102  11  PRO  CG  2.096  -16.515  1.786  27.32
103  11  PRO  CD  3.493  -17.07  1.783  51.11
104  11  PRO  HA  3.973  -14.056  2.476  4.35
105  11  PRO  HB2  1.475  -14.641  2.355  2.47
106  11  PRO  HB3  2.374  -14.619  1.047  2.04
107  11  PRO  HG2  1.596  -16.863  2.541  2.15
108  11  PRO  HG3  1.647  -16.732  0.954  2.06
109  11  PRO  HD2  3.516  -17.932  2.227  4.03
110  11  PRO  HD3  3.826  -17.145  0.875  3.96
111  12  GLY  N  3.016  -15.786  4.959  106.7
112  12  GLY  CA  2.655  -15.736  6.364  45.88
113  12  GLY  C  3.658  -14.959  7.193  174.3
114  12  GLY  O  3.316  -14.415  8.244  4.18
115  12  GLY  H  3.175  -16.544  4.584  8.65
116  12  GLY  HA2  1.784  -15.317  6.449  4.11
117  12  GLY  HA3  2.603  -16.643  6.705  3.83
118  13  LEU  N  4.898  -14.907  6.722  119.22
119  13  LEU  CA  5.956  -14.191  7.428  54.41
120  13  LEU  C  6.138  -12.788  6.858  176.65
121  13  LEU  O  7.162  -12.142  7.084  176.38
122  13  LEU  CB  7.271  -14.965  7.337  42.8
123  13  LEU  CG  7.19  -16.464  7.631  27.03
124  13  LEU  CD1  8.578  -17.085  7.625  25.83
125  13  LEU  CD2  6.498  -16.71  8.964  22.76
126  13  LEU  H  5.084  -15.304  5.982  7.75
127  13  LEU  HA  5.695  -14.118  8.359  4.48
128  13  LEU  HB2  7.619  -14.857  6.438  1.57
129  13  LEU  HB3  7.891  -14.571  7.971  1.62
130  13  LEU  HG  6.666  -16.894  6.937  1.55
131  13  LEU  HD11  8.544  -17.955  8.053  176.51
132  13  LEU  HD12  9.192  -16.51  8.108  3.77
133  13  LEU  HD13  8.883  -17.186  6.71  8.11
134  13  LEU  HD21  6.372  -17.663  9.091  4.36
135  13  LEU  HD22  5.635  -16.267  8.967  1.78
136  13  LEU  HD23  7.047  -16.357  9.682  1.78
137  14  VAL  N  5.137  -12.32  6.118  122.73
138  14  VAL  CA  5.185  -10.992  5.518  62.52
139  14  VAL  C  4.064  -10.108  6.052  174.45
140  14  VAL  O  2.898  -10.501  6.057  3.15
141  14  VAL  CB  5.081  -11.066  3.983  32.61
142  14  VAL  CG1  5.036  -9.669  3.384  23.16
143  14  VAL  CG2  6.24  -11.865  3.408  23.25
144  14  VAL  H  4.444  -12.813  5.992  7.42
145  14  VAL  HA  6.038  -10.591  5.747  4.14
146  14  VAL  HB  4.255  -11.52  3.755  1.85
147  14  VAL  HG11  5.534  -9.059  3.95  55.87
148  14  VAL  HG12  5.43  -9.684  2.498  174.03
149  14  VAL  HG13  4.114  -9.373  3.323  7.23
150  14  VAL  HG21  6.127  -11.953  2.449  31.3
151  14  VAL  HG22  7.074  -11.406  3.595  121.62
152  14  VAL  HG23  6.259  -12.746  3.814  63.3
153  15  SER  N  4.425  -8.909  6.499  120.24
154  15  SER  CA  3.45  -7.968  7.038  56.51
155  15  SER  C  3.822  -6.534  6.677  171.61
156  15  SER  O  4.978  -6.238  6.376  7.95
157  15  SER  CB  3.354  -8.115  8.558  66.61
158  15  SER  OG  2.624  -9.277  8.913  3.13
159  15  SER  H  5.255  -8.684  6.473  8.09
160  15  SER  HA  2.588  -8.176  6.646  5.08
161  15  SER  HB2  4.247  -8.181  8.931  3.98
162  15  SER  HB3  2.906  -7.338  8.927  3.9
163  15  SER  HG  2.343  -9.201  9.701  2.99
164  16  ALA  N  2.833  -5.647  6.708  124.18
165  16  ALA  CA  3.055  -4.243  6.386  50.53
166  16  ALA  C  2.649  -3.342  7.548  175.41
167  16  ALA  O  1.656  -3.601  8.229  126.28
168  16  ALA  CB  2.289  -3.862  5.128  23.27
169  16  ALA  H  2.043  -5.908  6.925  8.79
170  16  ALA  HA  4.001  -4.122  6.211  5.62
171  16  ALA  HB1  2.486  -4.501  4.425  7.8
172  16  ALA  HB2  1.337  -3.868  5.314  4.22
173  16  ALA  HB3  2.558  -2.975  4.842  1.75
174  17  TYR  N  3.422  -2.285  7.769  117.13
175  17  TYR  CA  3.144  -1.348  8.851  56.51
176  17  TYR  C  3.25  0.094  8.363  173.24
177  17  TYR  O  4.137  0.433  7.58  120.72
178  17  TYR  CB  4.111  -1.577  10.013  39.29
179  17  TYR  CG  5.566  -1.425  9.63  4.82
180  17  TYR  CD1  6.176  -0.177  9.623  134.07
181  17  TYR  CD2  6.33  -2.53  9.275  134.07
182  17  TYR  CE1  7.504  -0.033  9.273  117.71
183  17  TYR  CE2  7.659  -2.396  8.925  117.71
184  17  TYR  CZ  8.242  -1.146  8.925  66.35
185  17  TYR  OH  9.566  -1.008  8.576  3.35
186  17  TYR  H  4.104  -2.151  7.263  8.69
187  17  TYR  HA  2.238  -1.508  9.158  4.72
188  17  TYR  HB2  3.92  -0.936  10.716  3.21
189  17  TYR  HB3  3.985  -2.475  10.358  2.92
190  17  TYR  HD1  5.676  0.572  9.857  6.85
191  17  TYR  HD2  5.934  -3.372  9.275  6.85
192  17  TYR  HE1  7.898  0.81  9.273  6.75
193  17  TYR  HE2  8.157  -3.146  8.69  6.75
194  17  TYR  HH  9.877  -1.757  8.357  2.97
195  18  GLY  N  2.339  0.94  8.833  109.42
196  18  GLY  CA  2.347  2.336  8.436  44.33
197  18  GLY  C  0.969  2.965  8.502  173.24
198  18  GLY  O  -0.052  2.277  8.512  3.73
199  18  GLY  H  1.74  0.653  9.379  8.64
200  18  GLY  HA2  2.944  2.826  9.023  4.18
201  18  GLY  HA3  2.677  2.4  7.526  4.93
202  19  PRO  N  0.928  4.305  8.549  56.96
203  19  PRO  CA  -0.329  5.056  8.616  65.49
204  19  PRO  C  -1.12  4.98  7.315  179.8
205  19  PRO  O  -2.306  5.306  7.278  40.09
206  19  PRO  CB  0.131  6.493  8.88  31.59
207  19  PRO  CG  1.513  6.555  8.329  27.87
208  19  PRO  CD  2.105  5.189  8.54  50.27
209  19  PRO  HA  -0.886  4.753  9.35  4.44
210  19  PRO  HB2  -0.461  7.112  8.425  2.43
211  19  PRO  HB3  0.121  6.669  9.834  2.25
212  19  PRO  HG2  1.482  6.766  7.383  2.16
213  19  PRO  HG3  2.029  7.223  8.808  2.41
214  19  PRO  HD2  2.703  4.963  7.811  3.76
215  19  PRO  HD3  2.574  5.15  9.388  3.94
216  20  GLY  N  -0.455  4.548  6.248  103.48
217  20  GLY  CA  -1.113  4.436  4.959  46.75
218  20  GLY  C  -2.076  3.267  4.898  173.83
219  20  GLY  O  -3.081  3.317  4.189  6.69
220  20  GLY  H  0.374  4.332  6.325  8.8
221  20  GLY  HA2  -1.602  5.255  4.785  4.46
222  20  GLY  HA3  -0.438  4.322  4.272  3.49
223  21  LEU  N  -1.768  2.211  5.642  118.54
224  21  LEU  CA  -2.613  1.022  5.67  55.64
225  21  LEU  C  -3.821  1.233  6.577  175.96
226  21  LEU  O  -4.91  0.729  6.303  8.77
227  21  LEU  CB  -1.809  -0.189  6.145  41.88
228  21  LEU  CG  -0.443  -0.389  5.487  26.07
229  21  LEU  CD1  0.463  -1.223  6.378  23.6
230  21  LEU  CD2  -0.601  -1.043  4.122  20.59
231  21  LEU  H  -1.054  2.227  6.12  7.46
232  21  LEU  HA  -2.926  0.859  4.766  3.78
233  21  LEU  HB2  -1.667  -0.095  7.1  1.31
234  21  LEU  HB3  -2.341  -0.983  5.976  1.11
235  21  LEU  HG  -0.023  0.476  5.359  0.59
236  21  LEU  HD11  0.295  -2.165  6.219  4.33
237  21  LEU  HD12  0.282  -1.016  7.308  2.35
238  21  LEU  HD13  1.39  -1.021  6.177  2.05
239  21  LEU  HD21  -1.392  -1.604  4.122  2.14
240  21  LEU  HD22  0.179  -1.587  3.932  2.38
241  21  LEU  HD23  -0.691  -0.357  3.442  3.67
242  22  GLU  N  -3.62  1.982  7.657  113
243  22  GLU  CA  -4.694  2.26  8.603  56.43
244  22  GLU  C  -5.442  3.533  8.218  177.69
245  22  GLU  O  -6.594  3.729  8.602  172.64
246  22  GLU  CB  -4.133  2.393  10.02  31.94
247  22  GLU  CG  -4.011  1.068  10.754  36.53
248  22  GLU  CD  -3.805  1.244  12.246  4.29
249  22  GLU  OE1  -3.146  2.228  12.643  3.31
250  22  GLU  OE2  -4.304  0.397  13.017  115.53
251  22  GLU  H  -2.838  2.309  7.801  7.39
252  22  GLU  HA  -5.314  1.514  8.579  4.68
253  22  GLU  HB2  -3.252  2.797  9.972  2.22
254  22  GLU  HB3  -4.717  2.972  10.534  2.1
255  22  GLU  HG2  -4.823  0.557  10.612  2.33
256  22  GLU  HG3  -3.255  0.58  10.392  2.33
257  23  GLY  N  -4.776  4.396  7.457  107.97
258  23  GLY  CA  -5.392  5.64  7.033  45.68
259  23  GLY  C  -4.773  6.851  7.703  171.58
260  23  GLY  O  -3.829  6.724  8.481  1.35
261  23  GLY  H  -3.971  4.213  7.215  7.82
262  23  GLY  HA2  -5.293  5.728  6.072  4.66
263  23  GLY  HA3  -6.337  5.611  7.25  4.01
264  24  GLY  N  -5.307  8.031  7.399  105.69
265  24  GLY  CA  -4.787  9.253  7.984  45.26
266  24  GLY  C  -5.646  10.46  7.664  171.44
267  24  GLY  O  -6.814  10.52  8.048  6.92
268  24  GLY  H  -5.967  8.067  6.849  7.71
269  24  GLY  HA2  -4.742  9.145  8.947  4.05
270  24  GLY  HA3  -3.892  9.407  7.644  4.05
271  25  THR  N  -5.066  11.427  6.959  118.19
272  25  THR  CA  -5.784  12.64  6.59  60.59
273  25  THR  C  -5.644  12.93  5.1  173.46
274  25  THR  O  -4.678  12.51  4.463  54.52
275  25  THR  CB  -5.28  13.857  7.388  72.13
276  25  THR  OG1  -5.48  13.641  8.79  5.14
277  25  THR  CG2  -6.002  15.124  6.957  21.36
278  25  THR  H  -4.246  11.334  6.717  9.14
279  25  THR  HA  -6.722  12.507  6.798  5.28
280  25  THR  HB  -4.332  13.967  7.218  3.69
281  25  THR  HG1  -4.867  14.02  9.222  56.09
282  25  THR  HG21  -5.734  15.86  7.529  171.99
283  25  THR  HG22  -6.96  14.991  7.03  111.67
284  25  THR  HG23  -5.773  15.33  6.037  32.57
285  26  THR  N  -6.614  13.653  4.549  116.3
286  26  THR  CA  -6.599  13.999  3.133  63.09
287  26  THR  C  -5.455  14.954  2.813  175.48
288  26  THR  O  -4.996  15.701  3.677  137.85
289  26  THR  CB  -7.928  14.645  2.699  68.77
290  26  THR  OG1  -8.269  15.713  3.59  8.8
291  26  THR  CG2  -9.049  13.616  2.68  23.45
292  26  THR  H  -7.267  13.921  5.04  8.27
293  26  THR  HA  -6.478  13.181  2.626  3.68
294  26  THR  HB  -7.82  15.002  1.804  3.84
295  26  THR  HG1  -8.381  16.42  3.15  7.13
296  26  THR  HG21  -9.892  14.06  2.499  8.02
297  26  THR  HG22  -9.095  13.172  3.541  43.3
298  26  THR  HG23  -8.874  12.961  1.987  104.93
299  27  GLY  N  -4.998  14.926  1.565  107.86
300  27  GLY  CA  -3.911  15.794  1.153  45.67
301  27  GLY  C  -2.647  15.563  1.957  172.67
302  27  GLY  O  -1.762  16.417  1.996  7.63
303  27  GLY  H  -5.353  14.385  0.998  8.71
304  27  GLY  HA2  -3.72  15.635  0.215  4
305  27  GLY  HA3  -4.188  16.717  1.265  3.42
306  28  VAL  N  -2.562  14.404  2.602  122.12
307  28  VAL  CA  -1.397  14.062  3.41  60.92
308  28  VAL  C  -0.718  12.8  2.89  175.07
309  28  VAL  O  -1.234  11.694  3.049  36.53
310  28  VAL  CB  -1.781  13.853  4.888  33.86
311  28  VAL  CG1  -0.576  13.39  5.692  21.29
312  28  VAL  CG2  -2.363  15.131  5.472  21.42
313  28  VAL  H  -3.21  13.841  2.541  7.82
314  28  VAL  HA  -0.77  14.801  3.36  4.19
315  28  VAL  HB  -2.459  13.161  4.932  1.92
316  28  VAL  HG11  -0.737  12.494  6.028  1.75
317  28  VAL  HG12  0.21  13.386  5.124  2.46
318  28  VAL  HG13  -0.433  13.994  6.438  2.54
319  28  VAL  HG21  -2.046  15.893  4.962  173.03
320  28  VAL  HG22  -3.331  15.095  5.431  2.33
321  28  VAL  HG23  -2.083  15.221  6.396  62.41
322  29  SER  N  0.443  12.974  2.267  122.33
323  29  SER  CA  1.193  11.85  1.719  59.1
324  29  SER  C  1.251  10.698  2.718  174.42
325  29  SER  O  1.949  10.773  3.729  27.95
326  29  SER  CB  2.61  12.288  1.345  63.52
327  29  SER  OG  3.235  12.967  2.421  21.18
328  29  SER  H  0.759  13.77  2.184  8.48
329  29  SER  HA  0.734  11.547  0.92  4.49
330  29  SER  HB2  3.138  11.506  1.119  3.58
331  29  SER  HB3  2.57  12.883  0.58  3.58
332  29  SER  HG  2.716  13.557  2.719  3.76
333  30  SER  N  0.512  9.632  2.427  122.88
334  30  SER  CA  0.476  8.465  3.3  57.97
335  30  SER  C  1.263  7.308  2.694  172.16
336  30  SER  O  1.057  6.942  1.537  177.93
337  30  SER  CB  -0.971  8.036  3.553  66.52
338  30  SER  OG  -1.741  9.112  4.058  114.65
339  30  SER  H  0.042  9.632  1.706  8.98
340  30  SER  HA  0.884  8.712  4.145  4.7
341  30  SER  HB2  -1.366  7.731  2.721  3.37
342  30  SER  HB3  -0.982  7.313  4.199  2.75
343  30  SER  HG  -1.335  9.471  4.7  4.39
344  31  GLU  N  2.167  6.736  3.484  119.68
345  31  GLU  CA  2.986  5.621  3.024  54.28
346  31  GLU  C  3.025  4.508  4.068  176.03
347  31  GLU  O  2.45  4.636  5.149  4.02
348  31  GLU  CB  4.407  6.096  2.717  35.14
349  31  GLU  CG  5.225  6.413  3.957  36.7
350  31  GLU  CD  6.715  6.243  3.733  6.85
351  31  GLU  OE1  7.335  7.154  3.146  7.62
352  31  GLU  OE2  7.261  5.198  4.145  119.03
353  31  GLU  H  2.271  7.032  4.285  8.34
354  31  GLU  HA  2.587  5.273  2.211  5.8
355  31  GLU  HB2  4.867  5.404  2.217  1.81
356  31  GLU  HB3  4.358  6.897  2.172  1.81
357  31  GLU  HG2  5.054  7.332  4.217  2.03
358  31  GLU  HG3  4.949  5.819  4.673  2.03
359  32  PHE  N  3.706  3.417  3.736  116.88
360  32  PHE  CA  3.82  2.28  4.643  57.05
361  32  PHE  C  4.937  1.34  4.199  170.54
362  32  PHE  O  5.219  1.213  3.008  4.78
363  32  PHE  CB  2.494  1.52  4.709  41.1
364  32  PHE  CG  2.011  1.038  3.371  1.67
365  32  PHE  CD1  2.428  -0.184  2.868  132.15
366  32  PHE  CD2  1.141  1.807  2.615  132.15
367  32  PHE  CE1  1.986  -0.63  1.637  130.4
368  32  PHE  CE2  0.695  1.366  1.384  130.4
369  32  PHE  CZ  1.119  0.146  0.893  128.87
370  32  PHE  H  4.089  3.38  2.967  8.64
371  32  PHE  HA  4.031  2.624  5.525  4.9
372  32  PHE  HB2  2.601  0.746  5.283  2.66
373  32  PHE  HB3  1.813  2.102  5.081  2.81
374  32  PHE  HD1  3.012  -0.707  3.368  6.56
375  32  PHE  HD2  0.856  2.629  2.944  6.56
376  32  PHE  HE1  2.273  -1.452  1.31  6.8
377  32  PHE  HE2  0.112  1.891  0.884  6.8
378  32  PHE  HZ  0.82  -0.153  0.065  6.71
379  33  ILE  N  5.568  0.684  5.167  120.47
380  33  ILE  CA  6.654  -0.245  4.877  58.9
381  33  ILE  C  6.169  -1.689  4.928  175.02
382  33  ILE  O  5.351  -2.052  5.774  1.95
383  33  ILE  CB  7.822  -0.071  5.866  40.94
384  33  ILE  CG1  8.572  1.231  5.58  28.67
385  33  ILE  CG2  8.766  -1.262  5.784  17.19
386  33  ILE  CD  9.697  1.507  6.553  3.53
387  33  ILE  H  5.331  0.81  5.984  8.87
388  33  ILE  HA  6.979  -0.055  3.983  4.74
389  33  ILE  HB  7.457  -0.037  6.764  1.02
390  33  ILE  HG12  8.952  1.19  4.689  1.06
391  33  ILE  HG13  7.948  1.972  5.627  1.41
392  33  ILE  HG21  9.61  -1.034  6.204  18.58
393  33  ILE  HG22  8.371  -2.019  6.243  8.81
394  33  ILE  HG23  8.919  -1.49  4.854  4.6
395  33  ILE  HD11  9.476  1.039  7.501  8.51
396  33  ILE  HD12  10.62  1.108  6.159  4.51
397  33  ILE  HD13  9.797  2.574  6.694  1.74
398  34  VAL  N  6.681  -2.512  4.018  124.08
399  34  VAL  CA  6.303  -3.919  3.961  61.69
400  34  VAL  C  7.477  -4.819  4.331  174.23
401  34  VAL  O  8.368  -5.06  3.518  3.88
402  34  VAL  CB  5.796  -4.307  2.559  32.66
403  34  VAL  CG1  5.417  -5.78  2.517  22.27
404  34  VAL  CG2  4.616  -3.434  2.159  21.52
405  34  VAL  H  7.25  -2.207  3.449  9.12
406  34  VAL  HA  5.584  -4.063  4.596  4.33
407  34  VAL  HB  6.514  -4.16  1.923  1.95
408  34  VAL  HG11  4.61  -5.921  3.036  34.42
409  34  VAL  HG12  5.263  -6.048  1.598  35.88
410  34  VAL  HG13  6.138  -6.31  2.891  59.88
411  34  VAL  HG21  4.73  -2.547  2.534  110.42
412  34  VAL  HG22  4.572  -3.372  1.192  118.57
413  34  VAL  HG23  3.795  -3.825  2.496  56.83
414  35  ASN  N  7.469  -5.314  5.565  127.32
415  35  ASN  CA  8.534  -6.188  6.044  52.31
416  35  ASN  C  8.448  -7.561  5.385  176.02
417  35  ASN  O  7.66  -8.413  5.797  2.08
418  35  ASN  CB  8.456  -6.334  7.565  39.16
419  35  ASN  CG  9.114  -7.609  8.058  132.62
420  35  ASN  OD1  8.436  -8.585  8.381  130.18
421  35  ASN  ND2  10.44  -7.605  8.118  111.17
422  35  ASN  H  6.821  -5.114  6.094  9.4
423  35  ASN  HA  9.382  -5.78  5.809  5.15
424  35  ASN  HB2  8.903  -5.58  7.98  3.48
425  35  ASN  HB3  7.525  -6.344  7.837  2.61
426  35  ASN  HD21  10.856  -6.891  7.879  6.74
427  35  ASN  HD22  10.836  -8.317  8.394  7.69
428  36  THR  N  9.266  -7.77  4.358  115.03
429  36  THR  CA  9.283  -9.039  3.641  60.51
430  36  THR  C  10.566  -9.813  3.923  176.11
431  36  THR  O  10.752  -10.926  3.431  6.7
432  36  THR  CB  9.148  -8.827  2.121  68.46
433  36  THR  OG1  10.145  -7.906  1.664  62.09
434  36  THR  CG2  7.765  -8.302  1.769  22.77
435  36  THR  H  9.797  -7.141  4.11  8.62
436  36  THR  HA  8.526  -9.564  3.944  4.29
437  36  THR  HB  9.278  -9.679  1.677  4.59
438  36  THR  HG1  10.647  -8.289  1.111  21.45
439  36  THR  HG21  7.177  -8.401  2.534  9.21
440  36  THR  HG22  7.409  -8.805  1.02  4.96
441  36  THR  HG23  7.827  -7.364  1.528  2.8
442  37  LEU  N  11.448  -9.217  4.717  124.38
443  37  LEU  CA  12.715  -9.851  5.066  58.19
444  37  LEU  C  12.483  -11.222  5.692  178.68
445  37  LEU  O  13.031  -12.225  5.235  21.1
446  37  LEU  CB  13.503  -8.964  6.031  42.41
447  37  LEU  CG  13.74  -7.523  5.577  26.56
448  37  LEU  CD1  14.315  -6.693  6.713  25.28
449  37  LEU  CD2  14.665  -7.49  4.369  23.16
450  37  LEU  H  11.269  -8.438  5.035  8.17
451  37  LEU  HA  13.226  -9.962  4.249  4.07
452  37  LEU  HB2  13.019  -8.934  6.871  1.85
453  37  LEU  HB3  14.369  -9.378  6.173  1.5
454  37  LEU  HG  12.893  -7.128  5.318  1.8
455  37  LEU  HD11  14.734  -7.28  7.362  4.85
456  37  LEU  HD12  13.603  -6.193  7.141  1.58
457  37  LEU  HD13  14.976  -6.076  6.361  0.97
458  37  LEU  HD21  14.964  -6.58  4.216  1.65
459  37  LEU  HD22  14.187  -7.809  3.587  17.73
460  37  LEU  HD23  15.433  -8.059  4.533  2.37
461  38  ASN  N  11.666  -11.259  6.739  114.75
462  38  ASN  CA  11.36  -12.508  7.427  53.2
463  38  ASN  C  11.003  -13.605  6.429  174.58
464  38  ASN  O  11.288  -14.781  6.655  1.25
465  38  ASN  CB  10.207  -12.303  8.411  39.19
466  38  ASN  CG  10.678  -11.776  9.753  62.34
467  38  ASN  OD1  10.142  -12.142  10.799  176.09
468  38  ASN  ND2  11.685  -10.911  9.728  113.66
469  38  ASN  H  11.309  -10.528  7.019  8.85
470  38  ASN  HA  12.151  -12.778  7.92  4.9
471  38  ASN  HB2  9.579  -11.666  8.037  3
472  38  ASN  HB3  9.756  -13.15  8.555  2.64
473  38  ASN  HD21  12.017  -10.694  8.965  7.62
474  38  ASN  HD22  11.97  -10.599  10.477  6.97
475  39  ALA  N  10.377  -13.212  5.325  121.52
476  39  ALA  CA  9.983  -14.161  4.291  52.45
477  39  ALA  C  11.205  -14.776  3.616  177.35
478  39  ALA  O  11.406  -15.989  3.66  7.07
479  39  ALA  CB  9.095  -13.48  3.26  22.05
480  39  ALA  H  10.201  -12.377  5.217  7.59
481  39  ALA  HA  9.469  -14.867  4.713  4.44
482  39  ALA  HB1  8.91  -12.571  3.544  61.43
483  39  ALA  HB2  9.548  -13.466  2.402  175.68
484  39  ALA  HB3  8.262  -13.969  3.178  129.48
485  40  GLY  N  12.018  -13.93  2.99  107.32
486  40  GLY  CA  13.21  -14.41  2.314  44.69
487  40  GLY  C  13.395  -13.779  0.949  173.91
488  40  GLY  O  14.372  -13.068  0.713  8.52
489  40  GLY  H  11.834  -13.09  2.988  8.22
490  40  GLY  HA2  13.984  -14.207  2.862  4.26
491  40  GLY  HA3  13.144  -15.372  2.208  3.9
492  41  SER  N  12.455  -14.039  0.046  117
493  41  SER  CA  12.521  -13.496  -1.306  58.61
494  41  SER  C  11.234  -13.784  -2.072  173.8
495  41  SER  O  10.517  -14.736  -1.766  123.02
496  41  SER  CB  13.717  -14.085  -2.056  63.8
497  41  SER  OG  14.204  -13.179  -3.031  175.97
498  41  SER  H  11.792  -14.542  0.264  8.53
499  41  SER  HA  12.635  -12.535  -1.235  4.56
500  41  SER  HB2  14.429  -14.278  -1.426  3.85
501  41  SER  HB3  13.446  -14.905  -2.499  3.85
502  41  SER  HG  13.579  -12.679  -3.286  42.39
503  42  GLY  N  10.947  -12.953  -3.069  110.36
504  42  GLY  CA  9.746  -13.135  -3.864  44.69
505  42  GLY  C  9.231  -11.832  -4.442  170.47
506  42  GLY  O  9.803  -10.769  -4.2  1.87
507  42  GLY  H  11.481  -12.302  -3.243  7.88
508  42  GLY  HA2  9.941  -13.746  -4.592  3.8
509  42  GLY  HA3  9.056  -13.523  -3.303  3.09
510  43  ALA  N  8.15  -11.913  -5.21  120.49
511  43  ALA  CA  7.558  -10.731  -5.824  51.4
512  43  ALA  C  6.479  -10.13  -4.93  176.58
513  43  ALA  O  5.927  -10.809  -4.063  2.94
514  43  ALA  CB  6.982  -11.078  -7.189  19.65
515  43  ALA  H  7.789  -12.682  -5.347  7.98
516  43  ALA  HA  8.262  -10.076  -5.951  4.34
517  43  ALA  HB1  6.099  -10.686  -7.276  118.64
518  43  ALA  HB2  7.562  -10.727  -7.883  54.97
519  43  ALA  HB3  6.918  -12.042  -7.278  175.52
520  44  LEU  N  6.183  -8.853  -5.146  125.77
521  44  LEU  CA  5.169  -8.159  -4.358  54.16
522  44  LEU  C  4.158  -7.463  -5.264  175.71
523  44  LEU  O  4.522  -6.89  -6.291  39.39
524  44  LEU  CB  5.827  -7.138  -3.43  44.23
525  44  LEU  CG  4.892  -6.11  -2.791  27.22
526  44  LEU  CD1  4.04  -6.762  -1.713  24.83
527  44  LEU  CD2  5.689  -4.949  -2.215  25.71
528  44  LEU  H  6.599  -8.423  -5.764  8.72
529  44  LEU  HA  4.705  -8.821  -3.822  4.89
530  44  LEU  HB2  6.265  -7.625  -2.715  1.57
531  44  LEU  HB3  6.493  -6.655  -3.944  1.06
532  44  LEU  HG  4.296  -5.758  -3.471  1.3
533  44  LEU  HD11  3.179  -7.007  -2.085  20.46
534  44  LEU  HD12  3.91  -6.137  -0.982  7.83
535  44  LEU  HD13  4.489  -7.556  -1.383  4.07
536  44  LEU  HD21  5.993  -5.177  -1.322  4.41
537  44  LEU  HD22  5.126  -4.16  -2.173  17.51
538  44  LEU  HD23  6.455  -4.77  -2.782  2.38
539  45  SER  N  2.888  -7.516  -4.875  121.9
540  45  SER  CA  1.824  -6.891  -5.653  56.72
541  45  SER  C  1.021  -5.92  -4.793  172.77
542  45  SER  O  0.255  -6.332  -3.922  174.54
543  45  SER  CB  0.898  -7.959  -6.237  64.61
544  45  SER  OG  1.397  -8.448  -7.47  4.06
545  45  SER  H  2.69  -7.93  -4.148  8.82
546  45  SER  HA  2.236  -6.399  -6.38  4.78
547  45  SER  HB2  0.825  -8.698  -5.613  3.61
548  45  SER  HB3  0.02  -7.574  -6.387  3.61
549  45  SER  HG  1.799  -7.831  -7.874  174.1
550  46  VAL  N  1.203  -4.627  -5.044  127.44
551  46  VAL  CA  0.495  -3.596  -4.295  60.77
552  46  VAL  C  -0.489  -2.847  -5.186  174.53
553  46  VAL  O  -0.208  -2.581  -6.355  27.22
554  46  VAL  CB  1.475  -2.586  -3.668  34.33
555  46  VAL  CG1  0.721  -1.543  -2.857  21.61
556  46  VAL  CG2  2.501  -3.304  -2.806  21.19
557  46  VAL  H  1.751  -4.394  -5.665  8.46
558  46  VAL  HA  0.005  -4.029  -3.579  5.16
559  46  VAL  HB  1.944  -2.131  -4.385  1.86
560  46  VAL  HG11  0.072  -1.1  -3.425  2.24
561  46  VAL  HG12  0.263  -1.976  -2.12  109.55
562  46  VAL  HG13  1.347  -0.888  -2.51  45.36
563  46  VAL  HG21  2.262  -3.207  -1.871  173.01
564  46  VAL  HG22  2.518  -4.246  -3.038  169.77
565  46  VAL  HG23  3.378  -2.919  -2.957  8.22
566  47  THR  N  -1.646  -2.508  -4.625  119.18
567  47  THR  CA  -2.674  -1.79  -5.369  60.3
568  47  THR  C  -3.624  -1.059  -4.427  172.58
569  47  THR  O  -3.739  -1.408  -3.252  44.93
570  47  THR  CB  -3.489  -2.743  -6.264  71.92
571  47  THR  OG1  -3.596  -4.028  -5.642  177.07
572  47  THR  CG2  -2.839  -2.888  -7.632  21.64
573  47  THR  H  -1.791  -2.719  -3.804  8.88
574  47  THR  HA  -2.233  -1.14  -5.938  4.55
575  47  THR  HB  -4.378  -2.372  -6.382  4.11
576  47  THR  HG1  -2.828  -4.323  -5.473  54.4
577  47  THR  HG21  -3.524  -2.875  -8.319  176.74
578  47  THR  HG22  -2.355  -3.728  -7.672  4.3
579  47  THR  HG23  -2.223  -2.153  -7.777  44.66
580  48  ILE  N  -4.303  -0.044  -4.95  122.31
581  48  ILE  CA  -5.245  0.734  -4.156  60.87
582  48  ILE  C  -6.57  0.911  -4.89  173.79
583  48  ILE  O  -6.617  0.886  -6.12  8.45
584  48  ILE  CB  -4.675  2.122  -3.807  40.16
585  48  ILE  CG1  -3.386  1.979  -2.996  27.57
586  48  ILE  CG2  -5.703  2.939  -3.039  17.04
587  48  ILE  CD  -2.61  3.27  -2.861  1.6
588  48  ILE  H  -4.185  0.158  -5.778  8.68
589  48  ILE  HA  -5.407  0.254  -3.329  5.03
590  48  ILE  HB  -4.478  2.587  -4.635  1.43
591  48  ILE  HG12  -3.604  1.669  -2.103  1.31
592  48  ILE  HG13  -2.811  1.328  -3.428  0.81
593  48  ILE  HG21  -6.157  2.368  -2.4  27.2
594  48  ILE  HG22  -5.256  3.659  -2.566  120.11
595  48  ILE  HG23  -6.35  3.311  -3.658  57.54
596  48  ILE  HD11  -3.18  3.973  -2.271  172.1
597  48  ILE  HD12  -1.665  3.075  -2.377  5.04
598  48  ILE  HD13  -2.432  3.687  -3.842  65.23
599  49  ASP  N  -7.643  1.092  -4.128  127.67
600  49  ASP  CA  -8.969  1.276  -4.706  52.91
601  49  ASP  C  -9.863  2.083  -3.77  174.85
602  49  ASP  O  -10.085  1.698  -2.623  3.65
603  49  ASP  CB  -9.612  -0.079  -5.003  44.89
604  49  ASP  CG  -10.628  -0.005  -6.127  178.41
605  49  ASP  OD1  -11.621  0.737  -5.979  124.71
606  49  ASP  OD2  -10.429  -0.689  -7.153  53.33
607  49  ASP  H  -7.554  1.101  -3.273  8.79
608  49  ASP  HA  -8.867  1.765  -5.538  5.23
609  49  ASP  HB2  -8.921  -0.71  -5.257  2.68
610  49  ASP  HB3  -10.06  -0.4  -4.205  2.51
611  50  GLY  N  -10.372  3.206  -4.267  110.95
612  50  GLY  CA  -11.234  4.05  -3.461  45.75
613  50  GLY  C  -12.173  4.891  -4.303  171.56
614  50  GLY  O  -12.387  4.626  -5.486  5.45
615  50  GLY  H  -10.186  3.432  -5.076  8.49
616  50  GLY  HA2  -11.76  3.488  -2.87  3.6
617  50  GLY  HA3  -10.682  4.641  -2.925  3.9
618  51  PRO  N  -12.754  5.932  -3.688  1.06
619  51  PRO  CA  -13.686  6.835  -4.37  64.2
620  51  PRO  C  -12.991  7.71  -5.407  175.9
621  51  PRO  O  -13.645  8.371  -6.214  121.56
622  51  PRO  CB  -14.244  7.694  -3.232  32.26
623  51  PRO  CG  -13.188  7.664  -2.182  26.88
624  51  PRO  CD  -12.546  6.308  -2.28  49.43
625  51  PRO  HA  -14.41  6.347  -4.793  4.32
626  51  PRO  HB2  -14.401  8.596  -3.553  2.23
627  51  PRO  HB3  -15.075  7.31  -2.911  1.86
628  51  PRO  HG2  -12.534  8.36  -2.352  1.56
629  51  PRO  HG3  -13.59  7.783  -1.307  1.8
630  51  PRO  HD2  -11.6  6.365  -2.073  2.94
631  51  PRO  HD3  -12.987  5.681  -1.686  1.78
632  52  SER  N  -11.662  7.71  -5.38  109.71
633  52  SER  CA  -10.879  8.507  -6.316  57.13
634  52  SER  C  -9.449  7.983  -6.412  172.7
635  52  SER  O  -8.73  7.921  -5.414  61.29
636  52  SER  CB  -10.869  9.975  -5.885  66.43
637  52  SER  OG  -12.171  10.53  -5.935  126.33
638  52  SER  H  -11.255  7.229  -4.795  7.12
639  52  SER  HA  -11.297  8.437  -7.189  4.62
640  52  SER  HB2  -10.535  10.041  -4.977  3.82
641  52  SER  HB3  -10.291  10.479  -6.479  3.82
642  52  SER  HG  -12.356  10.877  -5.193  5.04
643  53  LYS  N  -9.043  7.607  -7.62  122.8
644  53  LYS  CA  -7.699  7.09  -7.849  56.52
645  53  LYS  C  -6.671  7.861  -7.027  176.7
646  53  LYS  O  -6.846  9.048  -6.752  8.92
647  53  LYS  CB  -7.345  7.172  -9.335  32.19
648  53  LYS  CG  -7.957  6.06  -10.169  24.91
649  53  LYS  CD  -8.136  6.482  -11.617  29.28
650  53  LYS  CE  -8.708  5.353  -12.461  42.3
651  53  LYS  NZ  -7.638  4.483  -13.022  54.23
652  53  LYS  H  -9.586  7.672  -8.284  8.55
653  53  LYS  HA  -7.686  6.16  -7.572  4.46
654  53  LYS  HB2  -7.657  8.021  -9.684  1.83
655  53  LYS  HB3  -6.381  7.127  -9.429  1.83
656  53  LYS  HG2  -7.374  5.285  -10.138  1.52
657  53  LYS  HG3  -8.823  5.828  -9.798  1.45
658  53  LYS  HD2  -8.743  7.238  -11.653  1.74
659  53  LYS  HD3  -7.274  6.741  -11.98  1.74
660  53  LYS  HE2  -9.294  4.815  -11.906  3.04
661  53  LYS  HE3  -9.218  5.737  -13.191  3.04
662  53  LYS  HZ1  -7.194  4.083  -12.363  1.82
663  53  LYS  HZ2  -7.066  4.97  -13.499  2.15
664  53  LYS  HZ3  -7.995  3.86  -13.549  2.15
665  54  VAL  N  -5.599  7.179  -6.638  121.51
666  54  VAL  CA  -4.541  7.801  -5.85  60.38
667  54  VAL  C  -3.17  7.534  -6.461  175.1
668  54  VAL  O  -2.859  6.405  -6.841  21.52
669  54  VAL  CB  -4.551  7.292  -4.396  33.87
670  54  VAL  CG1  -5.8  7.77  -3.672  22.85
671  54  VAL  CG2  -4.453  5.775  -4.363  20.88
672  54  VAL  H  -5.526  6.351  -6.857  8.49
673  54  VAL  HA  -4.699  8.758  -5.839  4.5
674  54  VAL  HB  -3.777  7.657  -3.94  2.01
675  54  VAL  HG11  -5.787  7.448  -2.757  175.76
676  54  VAL  HG12  -5.824  8.74  -3.674  32.15
677  54  VAL  HG13  -6.587  7.427  -4.123  26.89
678  54  VAL  HG21  -5.2  5.415  -3.859  49.56
679  54  VAL  HG22  -4.478  5.429  -5.269  4.29
680  54  VAL  HG23  -3.62  5.513  -3.94  2.21
681  55  GLN  N  -2.355  8.579  -6.553  124.55
682  55  GLN  CA  -1.017  8.457  -7.118  55.32
683  55  GLN  C  -0.064  7.802  -6.124  174.74
684  55  GLN  O  0.416  8.446  -5.19  2.94
685  55  GLN  CB  -0.483  9.832  -7.524  29.29
686  55  GLN  CG  0.592  9.775  -8.597  33.82
687  55  GLN  CD  0.017  9.79  -10  57.18
688  55  GLN  OE1  -0.117  8.746  -10.639  172.8
689  55  GLN  NE2  -0.326  10.977  -10.487  112.75
690  55  GLN  H  -2.624  9.346  -6.272  8.37
691  55  GLN  HA  -1.077  7.897  -7.908  4.49
692  55  GLN  HB2  -1.22  10.367  -7.859  2
693  55  GLN  HB3  -0.109  10.265  -6.741  2.05
694  55  GLN  HG2  1.176  10.542  -8.494  2.34
695  55  GLN  HG3  1.106  8.96  -8.48  2.34
696  55  GLN  HE21  -0.206  11.669  -9.991  6.83
697  55  GLN  HE22  -0.653  11.011  -11.282  7.64
698  56  LEU  N  0.207  6.517  -6.33  126.91
699  56  LEU  CA  1.103  5.774  -5.452  54.64
700  56  LEU  C  2.483  5.62  -6.085  174.89
701  56  LEU  O  2.616  5.6  -7.309  31.38
702  56  LEU  CB  0.516  4.396  -5.139  45.53
703  56  LEU  CG  0.787  3.302  -6.172  27.08
704  56  LEU  CD1  2.166  2.697  -5.961  26.12
705  56  LEU  CD2  -0.286  2.225  -6.1  26.12
706  56  LEU  H  -0.155  6.114  -6.998  8.61
707  56  LEU  HA  1.193  6.274  -4.626  5.07
708  56  LEU  HB2  0.885  4.102  -4.291  1.5
709  56  LEU  HB3  -0.445  4.497  -5.056  1.5
710  56  LEU  HG  0.764  3.691  -7.06  1.56
711  56  LEU  HD11  2.588  2.544  -6.821  1.47
712  56  LEU  HD12  2.081  1.854  -5.488  1.73
713  56  LEU  HD13  2.709  3.308  -5.438  1.73
714  56  LEU  HD21  -0.167  1.705  -5.29  3.01
715  56  LEU  HD22  -0.211  1.642  -6.871  3.01
716  56  LEU  HD23  -1.162  2.641  -6.093  1.99
717  57  ASP  N  3.505  5.509  -5.244  124.01
718  57  ASP  CA  4.874  5.353  -5.721  53.54
719  57  ASP  C  5.61  4.284  -4.92  173.72
720  57  ASP  O  5.886  4.463  -3.733  51.31
721  57  ASP  CB  5.624  6.683  -5.629  44.71
722  57  ASP  CG  6.739  6.791  -6.65  30.41
723  57  ASP  OD1  7.244  5.737  -7.09  20.17
724  57  ASP  OD2  7.106  7.929  -7.009  8.59
725  57  ASP  H  3.355  5.529  -4.397  8.94
726  57  ASP  HA  4.836  5.076  -6.65  4.96
727  57  ASP  HB2  4.999  7.41  -5.779  2.62
728  57  ASP  HB3  6.008  6.77  -4.743  2.48
729  58  CYS  N  5.924  3.172  -5.575  122.72
730  58  CYS  CA  6.626  2.072  -4.923  57.13
731  58  CYS  C  8.136  2.271  -4.999  173.35
732  58  CYS  O  8.7  2.414  -6.084  2.15
733  58  CYS  CB  6.242  0.74  -5.57  28.79
734  58  CYS  SG  6.654  0.626  -7.326  36.27
735  58  CYS  H  5.707  3.097  -6.404  8.54
736  58  CYS  HA  6.359  2.059  -3.991  5.28
737  58  CYS  HB2  6.705  0.021  -5.112  2.81
738  58  CYS  HB3  5.285  0.609  -5.48  2.61
739  58  CYS  HG  5.663  0.873  -7.955  4.2
740  59  ARG  N  8.785  2.281  -3.839  125.5
741  59  ARG  CA  10.23  2.465  -3.773  54.38
742  59  ARG  C  10.886  1.343  -2.974  174.58
743  59  ARG  O  10.219  0.632  -2.223  2.21
744  59  ARG  CB  10.565  3.818  -3.142  33.65
745  59  ARG  CG  11.882  3.827  -2.384  26.9
746  59  ARG  CD  12.183  5.201  -1.806  43.5
747  59  ARG  NE  12.984  5.119  -0.588  41.75
748  59  ARG  CZ  13.733  6.117  -0.133  41.52
749  59  ARG  NH1  13.783  7.267  -0.791  28.09
750  59  ARG  NH2  14.434  5.966  0.984  17.54
751  59  ARG  H  8.342  2.176  -3.109  8.97
752  59  ARG  HA  10.574  2.446  -4.68  4.93
753  59  ARG  HB2  10.613  4.487  -3.843  1.9
754  59  ARG  HB3  9.857  4.058  -2.524  1.75
755  59  ARG  HG2  11.832  3.186  -1.658  1.49
756  59  ARG  HG3  12.596  3.576  -2.99  1.65
757  59  ARG  HD2  12.668  5.718  -2.468  3.13
758  59  ARG  HD3  11.344  5.644  -1.603  3.19
759  59  ARG  HE  12.965  4.381  -0.147  1.87
760  59  ARG  HH11  13.329  7.368  -1.514  3.15
761  59  ARG  HH12  14.268  7.912  -0.494  1.93
762  59  ARG  HH21  14.404  5.222  1.413  110.46
763  59  ARG  HH22  14.919  6.613  1.277  122
764  60  GLU  N  12.195  1.19  -3.143  121.48
765  60  GLU  CA  12.94  0.153  -2.438  57.34
766  60  GLU  C  13.387  0.643  -1.064  175.57
767  60  GLU  O  14.02  1.693  -0.943  71.3
768  60  GLU  CB  14.157  -0.279  -3.259  30.72
769  60  GLU  CG  13.807  -1.146  -4.456  37.28
770  60  GLU  CD  14.922  -1.201  -5.483  9.31
771  60  GLU  OE1  15.816  -2.062  -5.342  4.51
772  60  GLU  OE2  14.901  -0.382  -6.426  3.96
773  60  GLU  H  12.613  1.715  -3.681  8.7
774  60  GLU  HA  12.352  -0.61  -2.322  4.39
775  60  GLU  HB2  14.615  0.514  -3.58  1.91
776  60  GLU  HB3  14.759  -0.779  -2.686  1.91
777  60  GLU  HG2  13.627  -2.048  -4.147  2.11
778  60  GLU  HG3  13.012  -0.787  -4.881  2.28
779  61  CYS  N  13.054  -0.124  -0.032  118.73
780  61  CYS  CA  13.419  0.232  1.334  55.95
781  61  CYS  C  14.255  -0.87  1.978  173.09
782  61  CYS  O  14.155  -2.045  1.625  28.12
783  61  CYS  CB  12.164  0.49  2.169  28.98
784  61  CYS  SG  10.891  -0.783  2.002  4.92
785  61  CYS  H  12.611  -0.848  -0.172  8.31
786  61  CYS  HA  13.948  1.045  1.299  5.02
787  61  CYS  HB2  12.411  0.539  3.106  2.81
788  61  CYS  HB3  11.774  1.337  1.901  3.25
789  61  CYS  HG  9.954  -0.46  2.679  54.75
790  62  PRO  N  15.1  -0.484  2.945  174.02
791  62  PRO  CA  15.971  -1.423  3.657  66.66
792  62  PRO  C  15.189  -2.354  4.578  177.76
793  62  PRO  O  15.77  -3.19  5.269  24.54
794  62  PRO  CB  16.887  -0.509  4.474  31.72
795  62  PRO  CG  16.103  0.745  4.66  28.28
796  62  PRO  CD  15.272  0.901  3.417  50.7
797  62  PRO  HA  16.504  -1.952  3.043  4.18
798  62  PRO  HB2  17.093  -0.929  5.324  2.36
799  62  PRO  HB3  17.707  -0.345  3.983  1.83
800  62  PRO  HG2  15.532  0.664  5.44  2.16
801  62  PRO  HG3  16.706  1.499  4.758  1.93
802  62  PRO  HD2  14.415  1.302  3.631  3.68
803  62  PRO  HD3  15.744  1.435  2.758  3.77
804  63  GLU  N  13.868  -2.202  4.582  114.21
805  63  GLU  CA  13.007  -3.03  5.419  57.64
806  63  GLU  C  12.076  -3.884  4.565  174.16
807  63  GLU  O  11.256  -4.639  5.086  8.62
808  63  GLU  CB  12.187  -2.154  6.369  30.23
809  63  GLU  CG  13.024  -1.446  7.42  37.32
810  63  GLU  CD  13.194  -2.269  8.682  126.03
811  63  GLU  OE1  13.712  -3.401  8.587  54.25
812  63  GLU  OE2  12.809  -1.78  9.765  176.8
813  63  GLU  H  13.512  -1.601  4.08  8.52
814  63  GLU  HA  13.575  -3.615  5.943  4.23
815  63  GLU  HB2  11.719  -1.482  5.848  1.94
816  63  GLU  HB3  11.535  -2.711  6.823  2.1
817  63  GLU  HG2  13.902  -1.263  7.05  2.2
818  63  GLU  HG3  12.592  -0.609  7.652  2.31
819  64  GLY  N  12.208  -3.758  3.248  108.12
820  64  GLY  CA  11.372  -4.523  2.341  47.43
821  64  GLY  C  10.868  -3.693  1.178  172.6
822  64  GLY  O  11.627  -3.363  0.266  124.92
823  64  GLY  H  12.797  -3.216  2.933  7.53
824  64  GLY  HA2  11.886  -5.269  1.995  4.96
825  64  GLY  HA3  10.61  -4.867  2.833  3.35
826  65  HSE  N  9.582  -3.356  1.206  125.57
827  65  HSE  CA  8.977  -2.559  0.145  55.76
828  65  HSE  C  8.165  -1.406  0.726  172.95
829  65  HSE  O  7.378  -1.593  1.654  114.68
830  65  HSE  CB  8.083  -3.436  -0.733  34.79
831  65  HSE  CG  8.847  -4.347  -1.644  4.66
832  65  HSE  ND1  9.303  -3.96  -2.886  2.68
833  65  HSE  CD2  9.235  -5.635  -1.487  120.44
834  65  HSE  CE1  9.938  -4.969  -3.454  138.74
835  65  HSE  NE2  9.911  -5.998  -2.626  7.29
836  65  HSE  H  9.028  -3.648  1.959  8.93
837  65  HSE  HA  9.773  -2.153  -0.46  5.26
838  65  HSE  HB2  7.458  -4.049  -0.1  2.83
839  65  HSE  HB3  7.457  -2.803  -1.344  2.42
840  65  HSE  HD1  9.179  -3.076  -3.291  28.58
841  65  HSE  HD2  9.047  -6.261  -0.626  6.58
842  65  HSE  HE1  10.401  -4.957  -4.43  7.8
843  65  HSE  HE2  10.234  -6.899  -2.834  42.3
844  66  VAL  N  8.362  -0.213  0.174  121.97
845  66  VAL  CA  7.648  0.971  0.638  59.89
846  66  VAL  C  6.811  1.581  -0.481  174.22
847  66  VAL  O  7.188  1.531  -1.651  2.12
848  66  VAL  CB  8.62  2.037  1.177  33.78
849  66  VAL  CG1  9.448  2.626  0.045  21.53
850  66  VAL  CG2  7.858  3.128  1.914  20.26
851  66  VAL  H  8.924  -0.137  -0.472  9.46
852  66  VAL  HA  7.059  0.703  1.361  4.72
853  66  VAL  HB  9.224  1.61  1.805  1.92
854  66  VAL  HG11  10.125  1.987  -0.226  2.96
855  66  VAL  HG12  8.871  2.826  -0.708  1.56
856  66  VAL  HG13  9.877  3.441  0.348  0.71
857  66  VAL  HG21  8.191  3.197  2.822  54.36
858  66  VAL  HG22  7.984  3.975  1.459  117.44
859  66  VAL  HG23  6.913  2.908  1.931  52.31
860  67  VAL  N  5.671  2.157  -0.112  131.17
861  67  VAL  CA  4.78  2.779  -1.085  60.15
862  67  VAL  C  4.182  4.07  -0.536  173.88
863  67  VAL  O  3.638  4.095  0.569  129.91
864  67  VAL  CB  3.637  1.828  -1.487  32.39
865  67  VAL  CG1  2.693  2.512  -2.464  22.67
866  67  VAL  CG2  4.197  0.546  -2.083  21.31
867  67  VAL  H  5.454  2.164  0.72  8.84
868  67  VAL  HA  5.298  2.986  -1.878  4.68
869  67  VAL  HB  3.135  1.599  -0.689  0.01
870  67  VAL  HG11  3.209  3.013  -3.115  108.94
871  67  VAL  HG12  2.159  1.842  -2.919  45.4
872  67  VAL  HG13  2.109  3.117  -1.98  173.35
873  67  VAL  HG21  5.119  0.689  -2.348  1.88
874  67  VAL  HG22  4.157  -0.163  -1.422  8.81
875  67  VAL  HG23  3.674  0.294  -2.86  4.29
876  68  THR  N  4.287  5.142  -1.314  118.33
877  68  THR  CA  3.758  6.438  -0.907  59.62
878  68  THR  C  2.625  6.882  -1.824  173.78
879  68  THR  O  2.764  6.874  -3.048  173.43
880  68  THR  CB  4.856  7.518  -0.905  71.4
881  68  THR  OG1  5.999  7.053  -0.178  73.93
882  68  THR  CG2  4.344  8.809  -0.284  21.86
883  68  THR  H  4.678  5.069  -2.077  8.54
884  68  THR  HA  3.415  6.35  -0.004  5.42
885  68  THR  HB  5.115  7.697  -1.822  3.86
886  68  THR  HG1  6.032  6.214  -0.214  4.04
887  68  THR  HG21  4.324  8.717  0.681  126.28
888  68  THR  HG22  3.449  8.992  -0.61  53.22
889  68  THR  HG23  4.933  9.54  -0.527  176.96
890  69  TYR  N  1.504  7.271  -1.227  120.66
891  69  TYR  CA  0.346  7.718  -1.991  56.22
892  69  TYR  C  -0.277  8.959  -1.361  172.74
893  69  TYR  O  -0.025  9.274  -0.197  173.64
894  69  TYR  CB  -0.695  6.6  -2.08  41.51
895  69  TYR  CG  -1.514  6.434  -0.82  31.2
896  69  TYR  CD1  -2.585  7.276  -0.548  132.82
897  69  TYR  CD2  -1.216  5.435  0.099  132.82
898  69  TYR  CE1  -3.336  7.128  0.602  116.3
899  69  TYR  CE2  -1.962  5.279  1.251  116.3
900  69  TYR  CZ  -3.02  6.128  1.498  2.63
901  69  TYR  OH  -3.765  5.976  2.645  176.45
902  69  TYR  H  1.459  7.257  -0.368  8.89
903  69  TYR  HA  0.647  7.939  -2.886  5.33
904  69  TYR  HB2  -1.306  6.792  -2.809  2.79
905  69  TYR  HB3  -0.243  5.76  -2.256  2.59
906  69  TYR  HD1  -2.796  7.949  -1.154  6.42
907  69  TYR  HD2  -0.502  4.864  -0.071  6.42
908  69  TYR  HE1  -4.05  7.7  0.769  6.13
909  69  TYR  HE2  -1.749  4.605  1.855  6.13
910  69  TYR  HH  -3.447  5.35  3.105  4.63
911  70  THR  N  -1.095  9.663  -2.138  116.92
912  70  THR  CA  -1.755  10.87  -1.657  58.69
913  70  THR  C  -3.261  10.803  -1.889  172.46
914  70  THR  O  -3.734  10.661  -3.017  46.05
915  70  THR  CB  -1.197  12.128  -2.348  70.27
916  70  THR  OG1  0.175  12.318  -1.985  131.68
917  70  THR  CG2  -2.003  13.36  -1.964  20.45
918  70  THR  H  -1.237  9.398  -2.944  8.28
919  70  THR  HA  -1.586  10.945  -0.705  4.89
920  70  THR  HB  -1.255  12.006  -3.309  3.93
921  70  THR  HG1  0.217  12.711  -1.244  23.14
922  70  THR  HG21  -1.402  14.106  -1.812  22.3
923  70  THR  HG22  -2.505  13.179  -1.154  9.1
924  70  THR  HG23  -2.617  13.58  -2.682  4.53
925  71  PRO  N  -4.033  10.909  -0.798  0.06
926  71  PRO  CA  -5.497  10.864  -0.857  61.74
927  71  PRO  C  -6.089  12.105  -1.516  176.49
928  71  PRO  O  -5.65  13.225  -1.257  7.84
929  71  PRO  CB  -5.91  10.792  0.615  32.81
930  71  PRO  CG  -4.779  11.416  1.357  26.97
931  71  PRO  CD  -3.537  11.08  0.578  50.45
932  71  PRO  HA  -5.811  10.072  -1.321  4.49
933  71  PRO  HB2  -6.736  11.284  0.746  1.69
934  71  PRO  HB3  -6.035  9.866  0.875  1.4
935  71  PRO  HG2  -4.901  12.377  1.397  2.01
936  71  PRO  HG3  -4.726  11.044  2.251  1.69
937  71  PRO  HD2  -2.898  11.808  0.628  3.36
938  71  PRO  HD3  -3.143  10.258  0.908  4.29
939  72  MET  N  -7.088  11.899  -2.367  118.26
940  72  MET  CA  -7.741  13.003  -3.061  53.96
941  72  MET  C  -9.18  13.17  -2.584  174.34
942  72  MET  O  -9.88  14.09  -3.006  175.14
943  72  MET  CB  -7.717  12.768  -4.573  32.99
944  72  MET  CG  -6.319  12.558  -5.133  32.51
945  72  MET  SD  -6.223  12.896  -6.902  173.05
946  72  MET  CE  -7.499  11.805  -7.525  17.45
947  72  MET  H  -7.357  11.095  -2.513  8.51
948  72  MET  HA  -7.248  13.814  -2.861  4.81
949  72  MET  HB2  -8.247  11.981  -4.776  2.31
950  72  MET  HB3  -8.109  13.537  -5.016  1.92
951  72  MET  HG2  -5.705  13.15  -4.67  2.5
952  72  MET  HG3  -6.057  11.637  -4.978  2.73
953  72  MET  HE1  -7.119  11.21  -8.19  117.06
954  72  MET  HE2  -7.863  11.282  -6.794  56.27
955  72  MET  HE3  -8.206  12.332  -7.929  8.88
956  73  ALA  N  -9.614  12.276  -1.702  119.34
957  73  ALA  CA  -10.969  12.326  -1.167  49.55
958  73  ALA  C  -11.101  11.451  0.075  174.31
959  73  ALA  O  -10.498  10.383  0.178  6.43
960  73  ALA  CB  -11.972  11.897  -2.227  20.67
961  73  ALA  H  -9.082  11.653  -1.44  7.1
962  73  ALA  HA  -11.161  13.245  -0.925  4.79
963  73  ALA  HB1  -11.511  11.41  -2.928  31.96
964  73  ALA  HB2  -12.644  11.326  -1.824  122.02
965  73  ALA  HB3  -12.399  12.682  -2.604  50.54
966  74  PRO  N  -11.909  11.912  1.041  173.01
967  74  PRO  CA  -12.139  11.185  2.294  62.57
968  74  PRO  C  -12.953  9.913  2.085  174.34
969  74  PRO  O  -14.117  9.967  1.691  27.75
970  74  PRO  CB  -12.922  12.187  3.146  32.67
971  74  PRO  CG  -13.594  13.079  2.16  26.98
972  74  PRO  CD  -12.66  13.177  0.986  50.45
973  74  PRO  HA  -11.305  10.965  2.737  4.23
974  74  PRO  HB2  -13.567  11.713  3.694  2.32
975  74  PRO  HB3  -12.31  12.682  3.713  2.12
976  74  PRO  HG2  -14.44  12.691  1.887  2.19
977  74  PRO  HG3  -13.735  13.955  2.551  2
978  74  PRO  HD2  -13.162  13.246  0.159  3.67
979  74  PRO  HD3  -12.066  13.937  1.088  3.46
980  75  GLY  N  -12.332  8.768  2.351  105.37
981  75  GLY  CA  -13.015  7.498  2.187  44.23
982  75  GLY  C  -12.165  6.322  2.624  171.57
983  75  GLY  O  -11.174  6.493  3.333  3.84
984  75  GLY  H  -11.517  8.784  2.624  8.79
985  75  GLY  HA2  -13.83  7.51  2.713  4.47
986  75  GLY  HA3  -13.246  7.386  1.252  3.74
987  76  ASN  N  -12.553  5.123  2.202  118.78
988  76  ASN  CA  -11.821  3.913  2.556  52.49
989  76  ASN  C  -11.149  3.304  1.329  174.22
990  76  ASN  O  -11.818  2.777  0.44  4.52
991  76  ASN  CB  -12.762  2.89  3.196  39.51
992  76  ASN  CG  -13.991  2.625  2.347  1.25
993  76  ASN  OD1  -14.049  1.64  1.611  1.51
994  76  ASN  ND2  -14.979  3.506  2.445  113.6
995  76  ASN  H  -13.254  5.059  1.707  8.52
996  76  ASN  HA  -11.136  4.157  3.198  5.51
997  76  ASN  HB2  -12.288  2.053  3.316  2.62
998  76  ASN  HB3  -13.052  3.221  4.06  2.45
999  76  ASN  HD21  -14.877  4.174  2.977  6.86
1000  76  ASN  HD22  -15.687  3.377  1.974  7.58
1001  77  TYR  N  -9.824  3.38  1.288  123.3
1002  77  TYR  CA  -9.061  2.839  0.169  56.6
1003  77  TYR  C  -8.595  1.416  0.466  174.15
1004  77  TYR  O  -7.949  1.161  1.483  8.52
1005  77  TYR  CB  -7.855  3.73  -0.132  40.14
1006  77  TYR  CG  -8.23  5.125  -0.579  4.61
1007  77  TYR  CD1  -8.474  6.131  0.349  133.85
1008  77  TYR  CD2  -8.342  5.437  -1.928  133.85
1009  77  TYR  CE1  -8.817  7.407  -0.055  116.68
1010  77  TYR  CE2  -8.683  6.711  -2.34  116.68
1011  77  TYR  CZ  -8.92  7.692  -1.4  120.65
1012  77  TYR  OH  -9.262  8.961  -1.807  49.66
1013  77  TYR  H  -9.405  3.759  1.936  9.37
1014  77  TYR  HA  -9.642  2.822  -0.607  4.99
1015  77  TYR  HB2  -7.311  3.81  0.667  2.8
1016  77  TYR  HB3  -7.329  3.322  -0.837  2.46
1017  77  TYR  HD1  -8.403  5.936  1.255  7
1018  77  TYR  HD2  -8.182  4.773  -2.56  7
1019  77  TYR  HE1  -8.976  8.069  0.579  6.8
1020  77  TYR  HE2  -8.754  6.903  -3.247  6.8
1021  77  TYR  HH  -9.862  9.264  -1.303  132.58
1022  78  LEU  N  -8.927  0.494  -0.43  124.68
1023  78  LEU  CA  -8.542  -0.904  -0.268  53.42
1024  78  LEU  C  -7.111  -1.134  -0.742  176.37
1025  78  LEU  O  -6.835  -1.125  -1.942  32.63
1026  78  LEU  CB  -9.5  -1.811  -1.043  44.18
1027  78  LEU  CG  -9.673  -3.228  -0.496  27.52
1028  78  LEU  CD1  -8.326  -3.924  -0.382  24.96
1029  78  LEU  CD2  -10.375  -3.197  0.854  24.43
1030  78  LEU  H  -9.379  0.725  -1.124  9.06
1031  78  LEU  HA  -8.598  -1.12  0.676  5.23
1032  78  LEU  HB2  -10.372  -1.386  -1.048  1.65
1033  78  LEU  HB3  -9.17  -1.88  -1.953  1.49
1034  78  LEU  HG  -10.223  -3.74  -1.109  1.52
1035  78  LEU  HD11  -7.807  -3.511  0.326  106
1036  78  LEU  HD12  -7.848  -3.844  -1.222  44.46
1037  78  LEU  HD13  -8.463  -4.862  -0.178  171.57
1038  78  LEU  HD21  -9.752  -3.462  1.548  174.06
1039  78  LEU  HD22  -11.125  -3.812  0.842  8.91
1040  78  LEU  HD23  -10.696  -2.299  1.031  4.5
1041  79  ILE  N  -6.205  -1.342  0.208  128.67
1042  79  ILE  CA  -4.803  -1.578  -0.113  60.75
1043  79  ILE  C  -4.48  -3.068  -0.106  174.16
1044  79  ILE  O  -4.301  -3.669  0.953  175.85
1045  79  ILE  CB  -3.87  -0.857  0.878  39.61
1046  79  ILE  CG1  -4.132  0.65  0.855  27.55
1047  79  ILE  CG2  -2.415  -1.152  0.545  17.09
1048  79  ILE  CD  -3.409  1.406  1.949  1.19
1049  79  ILE  H  -6.452  -1.338  1.032  9.65
1050  79  ILE  HA  -4.636  -1.225  -1.001  4.68
1051  79  ILE  HB  -4.051  -1.198  1.768  1.84
1052  79  ILE  HG12  -3.842  1.011  0.002  1.42
1053  79  ILE  HG13  -5.083  0.807  0.963  0.59
1054  79  ILE  HG21  -2.31  -2.099  0.365  123.35
1055  79  ILE  HG22  -2.154  -0.643  -0.239  56.57
1056  79  ILE  HG23  -1.853  -0.901  1.295  174.45
1057  79  ILE  HD11  -2.531  0.853  2.248  174.4
1058  79  ILE  HD12  -3.117  2.378  1.582  40.57
1059  79  ILE  HD13  -4.066  1.524  2.799  29.94
1060  80  ALA  N  -4.407  -3.658  -1.295  130.79
1061  80  ALA  CA  -4.102  -5.077  -1.426  50.28
1062  80  ALA  C  -2.596  -5.317  -1.427  176.38
1063  80  ALA  O  -1.842  -4.582  -2.064  116.32
1064  80  ALA  CB  -4.729  -5.636  -2.694  20.79
1065  80  ALA  H  -4.541  -3.19  -2.004  9.1
1066  80  ALA  HA  -4.493  -5.538  -0.668  5.16
1067  80  ALA  HB1  -4.652  -6.603  -2.693  4.96
1068  80  ALA  HB2  -5.666  -5.386  -2.73  2.77
1069  80  ALA  HB3  -4.268  -5.277  -3.468  2.42
1070  81  ILE  N  -2.166  -6.349  -0.71  125.48
1071  81  ILE  CA  -0.75  -6.686  -0.629  61.02
1072  81  ILE  C  -0.537  -8.193  -0.713  173.15
1073  81  ILE  O  -1.02  -8.948  0.132  6.8
1074  81  ILE  CB  -0.12  -6.162  0.675  40.71
1075  81  ILE  CG1  -0.434  -4.675  0.858  27.41
1076  81  ILE  CG2  1.383  -6.394  0.668  18.76
1077  81  ILE  CD  0.001  -4.126  2.198  173.24
1078  81  ILE  H  -2.736  -6.831  -0.283  9.65
1079  81  ILE  HA  -0.299  -6.263  -1.377  4.91
1080  81  ILE  HB  -0.499  -6.66  1.416  1.78
1081  81  ILE  HG12  0.018  -4.167  0.166  1
1082  81  ILE  HG13  -1.391  -4.542  0.777  1.72
1083  81  ILE  HG21  1.676  -6.646  1.558  3.7
1084  81  ILE  HG22  1.597  -7.106  0.044  3.7
1085  81  ILE  HG23  1.835  -5.579  0.398  35.49
1086  81  ILE  HD11  0.794  -3.407  2.053  127.98
1087  81  ILE  HD12  -0.837  -3.646  2.681  60.74
1088  81  ILE  HD13  0.359  -4.935  2.819  174.51
1089  82  LYS  N  0.19  -8.626  -1.737  126.13
1090  82  LYS  CA  0.471  -10.044  -1.932  54.68
1091  82  LYS  C  1.971  -10.289  -2.056  175.05
1092  82  LYS  O  2.729  -9.389  -2.418  18.8
1093  82  LYS  CB  -0.247  -10.56  -3.181  36.1
1094  82  LYS  CG  -1.736  -10.26  -3.195  24.73
1095  82  LYS  CD  -2.495  -11.246  -4.067  29.59
1096  82  LYS  CE  -3.868  -10.713  -4.447  41.72
1097  82  LYS  NZ  -3.787  -9.698  -5.534  1.09
1098  82  LYS  H  0.504  -8.056  -2.299  8.78
1099  82  LYS  HA  0.139  -10.523  -1.157  4.97
1100  82  LYS  HB2  0.154  -10.15  -3.964  1.87
1101  82  LYS  HB3  -0.129  -11.521  -3.234  1.35
1102  82  LYS  HG2  -2.077  -10.316  -2.289  0.49
1103  82  LYS  HG3  -1.873  -9.364  -3.54  0.74
1104  82  LYS  HD2  -1.987  -11.408  -4.877  1.15
1105  82  LYS  HD3  -2.604  -12.078  -3.581  1.15
1106  82  LYS  HE2  -4.419  -11.453  -4.746  2.2
1107  82  LYS  HE3  -4.271  -10.306  -3.664  1.94
1108  82  LYS  HZ1  -2.939  -9.575  -5.775  101.86
1109  82  LYS  HZ2  -4.121  -8.922  -5.253  39.73
1110  82  LYS  HZ3  -4.251  -9.972  -6.242  29.64
1111  83  TYR  N  2.392  -11.513  -1.755  120.6
1112  83  TYR  CA  3.802  -11.876  -1.833  57
1113  83  TYR  C  3.967  -13.377  -2.046  175.2
1114  83  TYR  O  3.355  -14.186  -1.35  4.33
1115  83  TYR  CB  4.532  -11.447  -0.558  43.19
1116  83  TYR  CG  6.035  -11.393  -0.71  1.46
1117  83  TYR  CD1  6.657  -10.285  -1.272  132.22
1118  83  TYR  CD2  6.834  -12.45  -0.291  132.22
1119  83  TYR  CE1  8.03  -10.231  -1.413  118.17
1120  83  TYR  CE2  8.208  -12.405  -0.427  118.17
1121  83  TYR  CZ  8.801  -11.294  -0.989  27.09
1122  83  TYR  OH  10.169  -11.244  -1.127  43.73
1123  83  TYR  H  1.819  -12.105  -1.507  8.07
1124  83  TYR  HA  4.189  -11.407  -2.589  5.35
1125  83  TYR  HB2  4.226  -10.563  -0.3  2.62
1126  83  TYR  HB3  4.326  -12.076  0.151  2.48
1127  83  TYR  HD1  6.135  -9.57  -1.556  6.64
1128  83  TYR  HD2  6.431  -13.198  0.088  6.64
1129  83  TYR  HE1  8.431  -9.482  -1.791  6.57
1130  83  TYR  HE2  8.728  -13.121  -0.141  6.57
1131  83  TYR  HH  10.527  -11.247  -0.367  9.08
1132  84  GLY  N  4.801  -13.743  -3.016  114.41
1133  84  GLY  CA  5.033  -15.146  -3.305  45.77
1134  84  GLY  C  3.771  -15.978  -3.188  173.1
1135  84  GLY  O  3.737  -16.968  -2.458  1.59
1136  84  GLY  H  5.205  -13.138  -3.475  8.45
1137  84  GLY  HA2  5.381  -15.227  -4.207  3.77
1138  84  GLY  HA3  5.692  -15.489  -2.682  3.54
1139  85  GLY  N  2.729  -15.576  -3.91  107.51
1140  85  GLY  CA  1.473  -16.302  -3.868  44.35
1141  85  GLY  C  0.319  -15.496  -4.432  172.34
1142  85  GLY  O  0.262  -14.274  -4.295  174.5
1143  85  GLY  H  2.804  -14.877  -4.405  7.5
1144  85  GLY  HA2  1.566  -17.119  -4.383  3.63
1145  85  GLY  HA3  1.275  -16.531  -2.947  4.51
1146  86  PRO  N  -0.627  -16.187  -5.084  43.44
1147  86  PRO  CA  -1.802  -15.548  -5.684  63.33
1148  86  PRO  C  -2.773  -15.019  -4.635  176.2
1149  86  PRO  O  -3.685  -14.256  -4.95  117.27
1150  86  PRO  CB  -2.448  -16.679  -6.489  31.92
1151  86  PRO  CG  -2.003  -17.929  -5.811  26.29
1152  86  PRO  CD  -0.623  -17.646  -5.285  49.45
1153  86  PRO  HA  -1.549  -14.828  -6.282  4.38
1154  86  PRO  HB2  -3.413  -16.585  -6.465  2.06
1155  86  PRO  HB3  -2.138  -16.644  -7.407  2.06
1156  86  PRO  HG2  -2.606  -18.14  -5.081  1.82
1157  86  PRO  HG3  -1.977  -18.659  -6.45  1.99
1158  86  PRO  HD2  -0.478  -18.111  -4.446  3.48
1159  86  PRO  HD3  0.047  -17.904  -5.938  3.69
1160  87  GLN  N  -2.571  -15.43  -3.387  121.52
1161  87  GLN  CA  -3.43  -14.996  -2.292  56.01
1162  87  GLN  C  -2.826  -13.798  -1.567  175.4
1163  87  GLN  O  -1.7  -13.389  -1.853  174.46
1164  87  GLN  CB  -3.653  -16.144  -1.305  29.48
1165  87  GLN  CG  -4.705  -17.142  -1.762  33.98
1166  87  GLN  CD  -4.748  -18.383  -0.891  176.04
1167  87  GLN  OE1  -5.721  -18.618  -0.174  21.41
1168  87  GLN  NE2  -3.692  -19.185  -0.95  112.21
1169  87  GLN  H  -1.917  -15.964  -3.222  8.33
1170  87  GLN  HA  -4.284  -14.735  -2.669  4.37
1171  87  GLN  HB2  -2.816  -16.618  -1.183  2.1
1172  87  GLN  HB3  -3.935  -15.774  -0.454  2.1
1173  87  GLN  HG2  -5.575  -16.714  -1.733  2.38
1174  87  GLN  HG3  -4.506  -17.41  -2.673  2.38
1175  87  GLN  HE21  -3.043  -18.964  -1.47  7.62
1176  87  GLN  HE22  -3.693  -19.895  -0.464  6.94
1177  88  HSE  N  -3.582  -13.237  -0.628  122.44
1178  88  HSE  CA  -3.12  -12.085  0.138  57.79
1179  88  HSE  C  -2.216  -12.523  1.287  177.92
1180  88  HSE  O  -2.124  -13.711  1.598  6.94
1181  88  HSE  CB  -4.312  -11.298  0.683  33.64
1182  88  HSE  CG  -5.079  -10.565  -0.374  7.15
1183  88  HSE  ND1  -5.395  -9.226  -0.283  7.17
1184  88  HSE  CD2  -5.593  -10.992  -1.552  117.95
1185  88  HSE  CE1  -6.072  -8.861  -1.358  136.91
1186  88  HSE  NE2  -6.205  -9.915  -2.143  174.91
1187  88  HSE  H  -4.47  -13.608  -0.446  8.29
1188  88  HSE  HA  -2.554  -11.45  -0.527  4.48
1189  88  HSE  HB2  -4.991  -11.979  1.173  3.25
1190  88  HSE  HB3  -3.958  -10.572  1.4  2.88
1191  88  HSE  HD1  -5.16  -8.632  0.459  57.99
1192  88  HSE  HD2  -5.534  -11.995  -1.952  7.19
1193  88  HSE  HE1  -6.451  -7.871  -1.56  7.52
1194  88  HSE  HE2  -6.739  -9.942  -2.964  2.92
1195  89  ILE  N  -1.552  -11.557  1.912  115.49
1196  89  ILE  CA  -0.657  -11.843  3.025  61.07
1197  89  ILE  C  -1.391  -11.753  4.359  176.07
1198  89  ILE  O  -2.495  -11.213  4.436  174.8
1199  89  ILE  CB  0.543  -10.878  3.046  38.83
1200  89  ILE  CG1  0.071  -9.45  3.327  25.28
1201  89  ILE  CG2  1.298  -10.942  1.727  17.76
1202  89  ILE  CD  1.124  -8.583  3.981  4.7
1203  89  ILE  H  -1.653  -10.743  1.653  8.27
1204  89  ILE  HA  -0.32  -12.746  2.914  4.55
1205  89  ILE  HB  1.146  -11.158  3.752  2.24
1206  89  ILE  HG12  -0.184  -9.028  2.491  1.4
1207  89  ILE  HG13  -0.698  -9.481  3.917  1.4
1208  89  ILE  HG21  0.852  -10.382  1.072  119.69
1209  89  ILE  HG22  2.206  -10.626  1.858  54.71
1210  89  ILE  HG23  1.318  -11.858  1.41  176.43
1211  89  ILE  HD11  0.733  -8.172  4.9  2.26
1212  89  ILE  HD12  1.999  -9.178  4.195  34.83
1213  89  ILE  HD13  1.392  -7.776  3.313  24.58
1214  90  VAL  N  -0.77  -12.282  5.408  122.98
1215  90  VAL  CA  -1.363  -12.259  6.74  65.9
1216  90  VAL  C  -1.688  -10.833  7.171  176.54
1217  90  VAL  O  -0.792  -10.029  7.422  7.55
1218  90  VAL  CB  -0.426  -12.897  7.782  31.2
1219  90  VAL  CG1  0.935  -12.219  7.764  22.53
1220  90  VAL  CG2  -1.047  -12.828  9.169  21.02
1221  90  VAL  H  0.001  -12.647  5.298  8.42
1222  90  VAL  HA  -2.184  -12.775  6.711  3.65
1223  90  VAL  HB  -0.303  -13.831  7.55  2.13
1224  90  VAL  HG11  1.036  -11.72  6.939  1.7
1225  90  VAL  HG12  1.006  -11.615  8.52  3.07
1226  90  VAL  HG13  1.632  -12.891  7.821  3.07
1227  90  VAL  HG21  -0.344  -12.77  9.835  124.21
1228  90  VAL  HG22  -1.615  -12.044  9.23  54.01
1229  90  VAL  HG23  -1.578  -13.625  9.326  173.68
1230  91  GLY  N  -2.979  -10.526  7.256  115.88
1231  91  GLY  CA  -3.401  -9.197  7.658  44.6
1232  91  GLY  C  -4.095  -8.446  6.538  171.95
1233  91  GLY  O  -4.954  -7.601  6.788  29.63
1234  91  GLY  H  -3.568  -11.124  7.07  8.27
1235  91  GLY  HA2  -4.011  -9.275  8.408  4.12
1236  91  GLY  HA3  -2.621  -8.692  7.937  3.15
1237  92  SER  N  -3.72  -8.753  5.301  111.72
1238  92  SER  CA  -4.307  -8.096  4.139  54.78
1239  92  SER  C  -5.623  -8.762  3.746  1.59
1240  92  SER  O  -5.902  -9.905  4.108  8.61
1241  92  SER  CB  -3.333  -8.131  2.96  62.58
1242  92  SER  OG  -2.488  -6.993  2.962  2.82
1243  92  SER  H  -3.114  -9.351  5.183  7.34
1244  92  SER  HA  -4.483  -7.172  4.376  4.15
1245  92  SER  HB2  -2.784  -8.928  3.02  3.75
1246  92  SER  HB3  -3.835  -8.146  2.13  4.46
1247  92  SER  HG  -2.843  -6.38  2.511  21.19
1248  93  PRO  N  -6.452  -8.03  2.987  119.42
1249  93  PRO  CA  -6.131  -6.668  2.551  62.5
1250  93  PRO  C  -6.148  -5.671  3.704  175.49
1251  93  PRO  O  -6.486  -6.02  4.835  175.97
1252  93  PRO  CB  -7.242  -6.346  1.548  34.09
1253  93  PRO  CG  -8.381  -7.216  1.952  24.7
1254  93  PRO  CD  -7.767  -8.476  2.497  49.84
1255  93  PRO  HA  -5.27  -6.631  2.105  5.52
1256  93  PRO  HB2  -7.473  -5.406  1.61  1.97
1257  93  PRO  HB3  -6.94  -6.552  0.649  1.75
1258  93  PRO  HG2  -8.907  -6.774  2.637  1.84
1259  93  PRO  HG3  -8.932  -7.418  1.179  1.84
1260  93  PRO  HD2  -8.305  -8.829  3.223  3.26
1261  93  PRO  HD3  -7.668  -9.137  1.794  2.47
1262  94  PHE  N  -5.782  -4.427  3.41  123.64
1263  94  PHE  CA  -5.755  -3.379  4.423  57.43
1264  94  PHE  C  -6.628  -2.198  4.006  175
1265  94  PHE  O  -6.396  -1.575  2.971  6.56
1266  94  PHE  CB  -4.319  -2.907  4.661  40.96
1267  94  PHE  CG  -3.489  -3.886  5.441  6.54
1268  94  PHE  CD1  -3.564  -3.932  6.824  132.64
1269  94  PHE  CD2  -2.633  -4.761  4.791  132.64
1270  94  PHE  CE1  -2.801  -4.831  7.544  130.77
1271  94  PHE  CE2  -1.867  -5.663  5.506  130.77
1272  94  PHE  CZ  -1.952  -5.699  6.884  129.58
1273  94  PHE  H  -5.555  -4.237  2.603  9.42
1274  94  PHE  HA  -6.107  -3.752  5.246  4.45
1275  94  PHE  HB2  -3.886  -2.765  3.805  3.17
1276  94  PHE  HB3  -4.338  -2.071  5.153  2.77
1277  94  PHE  HD1  -4.137  -3.35  7.269  7.22
1278  94  PHE  HD2  -2.575  -4.738  3.863  7.22
1279  94  PHE  HE1  -2.86  -4.854  8.472  7.14
1280  94  PHE  HE2  -1.296  -6.245  5.058  7.14
1281  94  PHE  HZ  -1.437  -6.305  7.366  7.4
1282  95  LYS  N  -7.633  -1.897  4.821  123.43
1283  95  LYS  CA  -8.541  -0.791  4.541  55.85
1284  95  LYS  C  -8.035  0.502  5.17  174.04
1285  95  LYS  O  -7.98  0.628  6.393  8.17
1286  95  LYS  CB  -9.943  -1.111  5.064  33
1287  95  LYS  CG  -11.054  -0.437  4.276  25.04
1288  95  LYS  CD  -12.335  -1.254  4.31  29.51
1289  95  LYS  CE  -13.179  -1.018  3.067  41.83
1290  95  LYS  NZ  -14.618  -1.315  3.308  174.07
1291  95  LYS  H  -7.75  -2.365  5.533  8.71
1292  95  LYS  HA  -8.581  -0.676  3.579  4.94
1293  95  LYS  HB2  -10.08  -2.07  5.024  1.68
1294  95  LYS  HB3  -10.006  -0.82  5.987  1.8
1295  95  LYS  HG2  -11.228  0.436  4.661  1.2
1296  95  LYS  HG3  -10.769  -0.336  3.354  1.3
1297  95  LYS  HD2  -12.109  -2.196  4.36  1.62
1298  95  LYS  HD3  -12.849  -1.002  5.093  1.62
1299  95  LYS  HE2  -13.089  -0.09  2.8  2.88
1300  95  LYS  HE3  -12.853  -1.592  2.356  2.88
1301  95  LYS  HZ1  -14.698  -2.015  3.852  176.19
1302  95  LYS  HZ2  -15.025  -1.501  2.539  0.82
1303  95  LYS  HZ3  -15.017  -0.613  3.681  34.03
1304  96  ALA  N  -7.667  1.461  4.327  130.03
1305  96  ALA  CA  -7.168  2.746  4.802  50.48
1306  96  ALA  C  -8.269  3.801  4.788  175.95
1307  96  ALA  O  -8.754  4.195  3.727  1.97
1308  96  ALA  CB  -5.989  3.201  3.954  20.61
1309  96  ALA  H  -7.725  1.321  3.481  9.02
1310  96  ALA  HA  -6.857  2.628  5.713  4.48
1311  96  ALA  HB1  -6.233  3.165  3.016  3.18
1312  96  ALA  HB2  -5.751  4.11  4.193  2.41
1313  96  ALA  HB3  -5.232  2.616  4.114  125.65
1314  97  LYS  N  -8.662  4.255  5.974  124.1
1315  97  LYS  CA  -9.706  5.265  6.099  55.94
1316  97  LYS  C  -9.101  6.658  6.248  175.13
1317  97  LYS  O  -8.553  6.998  7.296  40.61
1318  97  LYS  CB  -10.602  4.956  7.301  33.83
1319  97  LYS  CG  -11.585  6.066  7.628  25.01
1320  97  LYS  CD  -11.916  6.099  9.111  29.4
1321  97  LYS  CE  -13.006  5.098  9.462  42.16
1322  97  LYS  NZ  -14.364  5.63  9.162  130.28
1323  97  LYS  H  -8.29  3.946  6.685  7.96
1324  97  LYS  HA  -10.242  5.242  5.291  4.96
1325  97  LYS  HB2  -11.105  4.148  7.116  1.92
1326  97  LYS  HB3  -10.041  4.807  8.078  1.85
1327  97  LYS  HG2  -11.196  6.918  7.375  1.46
1328  97  LYS  HG3  -12.402  5.921  7.126  1.3
1329  97  LYS  HD2  -11.117  5.882  9.617  1.75
1330  97  LYS  HD3  -12.218  6.99  9.347  1.75
1331  97  LYS  HE2  -12.863  4.288  8.947  3
1332  97  LYS  HE3  -12.948  4.894  10.409  3
1333  97  LYS  HZ1  -14.985  5.064  9.454  117.94
1334  97  LYS  HZ2  -14.464  5.738  8.284  62.24
1335  97  LYS  HZ3  -14.481  6.416  9.563  172.34
1336  98  VAL  N  -9.205  7.459  5.193  128.99
1337  98  VAL  CA  -8.671  8.816  5.207  60.75
1338  98  VAL  C  -9.772  9.838  5.466  176.85
1339  98  VAL  O  -10.833  9.797  4.842  21.04
1340  98  VAL  CB  -7.971  9.157  3.879  33.2
1341  98  VAL  CG1  -7.491  10.601  3.883  22.24
1342  98  VAL  CG2  -6.814  8.203  3.626  22.06
1343  98  VAL  H  -9.598  7.171  4.484  9.37
1344  98  VAL  HA  -8.016  8.872  5.92  4.81
1345  98  VAL  HB  -8.614  9.054  3.16  2.32
1346  98  VAL  HG11  -8.238  11.189  4.077  172.49
1347  98  VAL  HG12  -6.806  10.711  4.561  130.15
1348  98  VAL  HG13  -7.123  10.822  3.013  49.94
1349  98  VAL  HG21  -6.627  8.166  2.675  175.78
1350  98  VAL  HG22  -6.026  8.516  4.097  132.99
1351  98  VAL  HG23  -7.049  7.317  3.944  21.92
1352  99  THR  N  -9.514  10.756  6.392  120.76
1353  99  THR  CA  -10.483  11.789  6.735  60.01
1354  99  THR  C  -10.02  13.159  6.254  173.04
1355  99  THR  O  -8.866  13.333  5.862  174.68
1356  99  THR  CB  -10.729  11.847  8.255  71.3
1357  99  THR  OG1  -11.631  12.915  8.565  121.79
1358  99  THR  CG2  -9.421  12.046  9.007  21.4
1359  99  THR  H  -8.757  10.738  6.799  8.5
1360  99  THR  HA  -11.322  11.57  6.3  4.81
1361  99  THR  HB  -11.124  11.007  8.537  4.43
1362  99  THR  HG1  -12.33  12.833  8.107  24.58
1363  99  THR  HG21  -8.686  12.074  8.375  28.87
1364  99  THR  HG22  -9.289  11.311  9.626  42.28
1365  99  THR  HG23  -9.456  12.881  9.499  111.03
1366  100  GLY  N  -10.926  14.131  6.287  107.69
1367  100  GLY  CA  -10.59  15.474  5.852  44.1
1368  100  GLY  C  -11.315  15.87  4.581  171.66
1369  100  GLY  O  -11.899  15.037  3.889  1.85
1370  100  GLY  H  -11.72  13.959  6.569  8.34
1371  100  GLY  HA2  -10.825  16.099  6.555  3.97
1372  100  GLY  HA3  -9.634  15.523  5.695  4.66
1373  101  PRO  N  -11.283  17.172  4.258  1.67
1374  101  PRO  CA  -11.938  17.706  3.06  62.28
1375  101  PRO  C  -11.242  17.27  1.775  176.78
1376  101  PRO  O  -10.027  17.075  1.752  54.35
1377  101  PRO  CB  -11.825  19.222  3.241  32.27
1378  101  PRO  CG  -10.636  19.412  4.118  27.11
1379  101  PRO  CD  -10.605  18.221  5.037  49.45
1380  101  PRO  HA  -12.874  17.453  3.022  4.43
1381  101  PRO  HB2  -11.7  19.645  2.377  2.19
1382  101  PRO  HB3  -12.631  19.562  3.659  1.8
1383  101  PRO  HG2  -9.83  19.443  3.58  1.86
1384  101  PRO  HG3  -10.732  20.23  4.631  1.97
1385  101  PRO  HD2  -9.689  17.969  5.235  3.48
1386  101  PRO  HD3  -11.09  18.412  5.855  3.63
1387  102  ARG  N  -12.02  17.118  0.709  119.94
1388  102  ARG  CA  -11.478  16.704  -0.58  57.19
1389  102  ARG  C  -10.359  17.641  -1.025  175.98
1390  102  ARG  O  -10.561  18.849  -1.156  0.65
1391  102  ARG  CB  -12.584  16.675  -1.636  30.41
1392  102  ARG  CG  -13.46  15.435  -1.566  28.23
1393  102  ARG  CD  -14.789  15.651  -2.273  43.56
1394  102  ARG  NE  -14.625  15.779  -3.719  40.59
1395  102  ARG  CZ  -15.595  16.173  -4.536  44.8
1396  102  ARG  NH1  -16.792  16.477  -4.053  132.17
1397  102  ARG  NH2  -15.369  16.265  -5.841  132.17
1398  102  ARG  H  -12.864  17.267  0.78  8.58
1399  102  ARG  HA  -11.116  15.81  -0.478  4.31
1400  102  ARG  HB2  -13.15  17.454  -1.519  1.76
1401  102  ARG  HB3  -12.176  16.709  -2.515  1.89
1402  102  ARG  HG2  -12.996  14.696  -1.99  1.66
1403  102  ARG  HG3  -13.63  15.221  -0.635  1.66
1404  102  ARG  HD2  -15.368  14.895  -2.088  3.24
1405  102  ARG  HD3  -15.197  16.461  -1.929  3.24
1406  102  ARG  HE  -13.855  15.587  -4.051  4.68
1407  102  ARG  HH11  -16.941  16.418  -3.208  4.5
1408  102  ARG  HH12  -17.418  16.732  -4.584  7.1
1409  102  ARG  HH21  -14.594  16.07  -6.158  7.27
1410  102  ARG  HH22  -15.997  16.521  -6.37  123.81
1411  103  LEU  N  -9.179  17.077  -1.256  127.07
1412  103  LEU  CA  -8.027  17.861  -1.686  54.74
1413  103  LEU  C  -7.374  17.24  -2.917  177
1414  103  LEU  O  -6.777  16.166  -2.841  172.87
1415  103  LEU  CB  -7.005  17.967  -0.553  42.99
1416  103  LEU  CG  -7.309  19.003  0.53  26.85
1417  103  LEU  CD1  -6.54  18.686  1.803  25.26
1418  103  LEU  CD2  -6.975  20.403  0.038  22.79
1419  103  LEU  H  -9.091  16.228  -1.149  8.49
1420  103  LEU  HA  -8.341  18.75  -1.913  4.55
1421  103  LEU  HB2  -6.945  17.099  -0.125  1.77
1422  103  LEU  HB3  -6.148  18.191  -0.947  1.6
1423  103  LEU  HG  -8.256  18.975  0.739  1.65
1424  103  LEU  HD11  -7.117  18.817  2.572  1.84
1425  103  LEU  HD12  -5.771  19.273  1.871  1.48
1426  103  LEU  HD13  -6.239  17.764  1.778  1.56
1427  103  LEU  HD21  -6.045  20.435  -0.237  8.3
1428  103  LEU  HD22  -7.123  21.041  0.753  4.69
1429  103  LEU  HD23  -7.544  20.625  -0.716  2.68
1430  104  SER  N  -7.491  17.924  -4.051  115.49
1431  104  SER  CA  -6.914  17.439  -5.3  58.4
1432  104  SER  C  -6.01  18.496  -5.927  174.59
1433  104  SER  O  -6.463  19.581  -6.289  176.9
1434  104  SER  CB  -8.022  17.052  -6.281  64.05
1435  104  SER  OG  -8.751  18.192  -6.703  41.01
1436  104  SER  H  -7.919  18.67  -4.048  8.21
1437  104  SER  HA  -6.383  16.653  -5.097  4.52
1438  104  SER  HB2  -7.628  16.628  -7.059  3.87
1439  104  SER  HB3  -8.632  16.433  -5.849  8.46
1440  104  SER  HG  -8.942  18.117  -7.518  4.59
1441  105  GLY  N  -4.727  18.169  -6.051  110.85
1442  105  GLY  CA  -3.778  19.1  -6.634  44.46
1443  105  GLY  C  -3.353  18.695  -8.032  171.76
1444  105  GLY  O  -2.797  17.615  -8.231  59.81
1445  105  GLY  H  -4.459  17.397  -5.783  8.33
1446  105  GLY  HA2  -4.184  19.98  -6.672  4.1
1447  105  GLY  HA3  -2.991  19.14  -6.068  4.1
1448  106  SER  N  -3.616  19.563  -9.003  3.34
1449  106  SER  CA  -3.263  19.288  -10.391  54.99
1450  106  SER  C  -1.9  19.883  -10.733  173.99
1451  106  SER  O  -0.986  19.173  -11.149  3.9
1452  106  SER  CB  -4.328  19.851  -11.333  62.73
1453  106  SER  OG  -4.16  19.355  -12.649  126.3
1454  106  SER  H  -4.007  20.304  -8.809  120.98
1455  106  SER  HA  -3.22  18.325  -10.502  55.77
1456  106  SER  HB2  -5.207  19.595  -11.012  176.14
1457  106  SER  HB3  -4.261  20.818  -11.352  31.94
1458  106  SER  HG  -4.672  18.7  -12.77  32.43
1459  107  GLY  N  -1.772  21.194  -10.552  32.25
1460  107  GLY  CA  -0.519  21.865  -10.846  44.73
1461  107  GLY  C  -0.622  23.371  -10.71  17.04
1462  107  GLY  O  -1.694  23.921  -10.458  8.19
1463  107  GLY  H  -2.441  21.647  -10.258  4.46
1464  107  GLY  HA2  0.161  21.54  -10.235  4.14
1465  107  GLY  HA3  -0.254  21.649  -11.754  2.01
1466  108  PRO  N  0.515  24.063  -10.879  2.59
1467  108  PRO  CA  0.575  25.524  -10.777  63.38
1468  108  PRO  C  -0.133  26.215  -11.938  6.81
1469  108  PRO  O  -0.133  25.717  -13.063  7.7
1470  108  PRO  CB  2.076  25.821  -10.814  32.29
1471  108  PRO  CG  2.673  24.665  -11.538  27.23
1472  108  PRO  CD  1.829  23.472  -11.182  49.89
1473  108  PRO  HA  0.201  25.838  -9.939  4.47
1474  108  PRO  HB2  2.231  26.655  -11.285  2.29
1475  108  PRO  HB3  2.417  25.887  -9.908  1.98
1476  108  PRO  HG2  2.645  24.824  -12.494  2.01
1477  108  PRO  HG3  3.588  24.529  -11.245  2.01
1478  108  PRO  HD2  1.77  22.863  -11.934  3.62
1479  108  PRO  HD3  2.193  23.02  -10.404  3.62
1480  109  SER  N  -0.737  27.366  -11.656  32.05
1481  109  SER  CA  -1.452  28.124  -12.676  126.44
1482  109  SER  C  -0.671  29.374  -13.071  8.12
1483  109  SER  O  -0.371  29.587  -14.245  4.36
1484  109  SER  CB  -2.842  28.514  -12.171  1.86
1485  109  SER  OG  -3.645  29.018  -13.225  1.77
1486  109  SER  H  -0.706  27.67  -10.852  1.6
1487  109  SER  HA  -1.547  27.556  -13.456  1.6
1488  109  SER  HB2  -3.277  27.735  -11.792  3.16
1489  109  SER  HB3  -2.754  29.199  -11.49  3.16
1490  109  SER  HG  -4.235  28.453  -13.422  4.64
1491  110  SER  N  -0.347  30.198  -12.08  1.56
1492  110  SER  CA  0.395  31.43  -12.322  58.53
1493  110  SER  C  1.895  31.202  -12.159  173.78
1494  110  SER  O  2.322  30.246  -11.513  118.97
1495  110  SER  CB  -0.073  32.529  -11.365  64.13
1496  110  SER  OG  0.283  33.812  -11.85  58.35
1497  110  SER  H  -0.582  30.001  -11.276  174.37
1498  110  SER  HA  0.218  31.709  -13.234  4.48
1499  110  SER  HB2  -1.038  32.485  -11.273  3.88
1500  110  SER  HB3  0.342  32.396  -10.498  31.67
1501  110  SER  HG  0.528  34.296  -11.209  8.32
1502  111  GLY  N  2.69  32.089  -12.75  116.88
1503  111  GLY  CA  4.133  31.968  -12.659  46.29
1504  111  GLY  C  4.84  33.293  -12.866  178.82
1505  111  GLY  O  4.242  34.254  -13.35  27.58
1506  111  GLY  H  2.342  32.741  -13.19  8.05
1507  111  GLY  HA2  4.364  31.622  -11.783  3.79
1508  111  GLY  HA3  4.437  31.342  -13.334  3.75
