1  1  GLY  N  -1.564  12.941  14.961  124.37
2  1  GLY  CA  -1.452  12.578  16.362  43.48
3  1  GLY  C  -2.8  12.318  17.003  173.91
4  1  GLY  O  -3.762  11.963  16.321  55.76
5  1  GLY  H  -0.944  13.457  14.586  31.19
6  1  GLY  HA2  -0.909  11.777  16.436  3.77
7  1  GLY  HA3  -1.013  13.3  16.838  3.91
8  1  GLY  H2  -1.007  12.441  14.479  16.9
9  1  GLY  H3  -2.399  12.804  14.684  4.33
10  2  SER  N  -2.872  12.494  18.319  115.65
11  2  SER  CA  -4.112  12.271  19.053  58.27
12  2  SER  C  -4.68  10.888  18.751  174.42
13  2  SER  O  -5.892  10.718  18.618  2.48
14  2  SER  CB  -5.14  13.346  18.699  63.66
15  2  SER  OG  -5.793  13.045  17.478  2.11
16  2  SER  H  -2.169  12.743  18.747  2.11
17  2  SER  HA  -3.911  12.326  20  4.49
18  2  SER  HB2  -5.805  13.4  19.403  3.9
19  2  SER  HB3  -4.692  14.202  18.612  3.91
20  2  SER  HG  -6.611  12.917  17.621  121.81
21  3  SER  N  -3.796  9.901  18.645  116.96
22  3  SER  CA  -4.208  8.533  18.355  58.27
23  3  SER  C  -3.971  7.627  19.559  173.69
24  3  SER  O  -3.314  8.017  20.524  32.18
25  3  SER  CB  -3.448  7.995  17.141  63.99
26  3  SER  OG  -4.071  8.393  15.932  43.67
27  3  SER  H  -2.96  10.075  18.748  8.32
28  3  SER  HA  -5.157  8.544  18.154  4.47
29  3  SER  HB2  -2.541  8.338  17.153  3.89
30  3  SER  HB3  -3.428  7.026  17.179  3.94
31  3  SER  HG  -3.487  8.505  15.339  4.31
32  4  GLY  N  -4.513  6.414  19.496  116.83
33  4  GLY  CA  -4.35  5.471  20.587  46.08
34  4  GLY  C  -5.385  4.364  20.555  178.75
35  4  GLY  O  -6.583  4.628  20.456  1.56
36  4  GLY  H  -4.964  6.189  18.799  8.04
37  4  GLY  HA2  -3.466  5.076  20.53  3.7
38  4  GLY  HA3  -4.428  5.949  21.428  3.19
39  5  SER  N  -4.923  3.121  20.639  115.77
40  5  SER  CA  -5.817  1.969  20.614  57.96
41  5  SER  C  -5.528  1.032  21.783  173.67
42  5  SER  O  -4.392  0.93  22.245  3.91
43  5  SER  CB  -5.672  1.213  19.292  64.53
44  5  SER  OG  -5.843  2.083  18.186  124.96
45  5  SER  H  -4.075  2.993  20.707  53.31
46  5  SER  HA  -6.726  2.297  20.692  177.64
47  5  SER  HB2  -4.788  0.816  19.243  3.84
48  5  SER  HB3  -6.344  0.515  19.247  43.23
49  5  SER  HG  -6.365  1.731  17.63  26.62
50  6  SER  N  -6.566  0.349  22.256  23.2
51  6  SER  CA  -6.426  -0.577  23.373  58.6
52  6  SER  C  -6.271  -2.01  22.874  174.99
53  6  SER  O  -5.573  -2.82  23.484  5.13
54  6  SER  CB  -7.639  -0.477  24.301  63.96
55  6  SER  OG  -8.828  -0.852  23.628  1.08
56  6  SER  H  -7.339  0.459  21.895  1.25
57  6  SER  HA  -5.629  -0.33  23.867  4.46
58  6  SER  HB2  -7.511  -1.065  25.062  3.89
59  6  SER  HB3  -7.73  0.438  24.611  3.92
60  6  SER  HG  -8.642  -1.381  23.003  8.3
61  7  GLY  N  -6.928  -2.317  21.759  110.16
62  7  GLY  CA  -6.85  -3.652  21.196  45.18
63  7  GLY  C  -7.788  -3.841  20.02  173.92
64  7  GLY  O  -8.898  -3.309  20.011  59.22
65  7  GLY  H  -7.403  -1.715  21.369  8.5
66  7  GLY  HA2  -5.94  -3.816  20.902  3.98
67  7  GLY  HA3  -7.079  -4.296  21.885  3.98
68  8  SER  N  -7.341  -4.599  19.024  115.85
69  8  SER  CA  -8.146  -4.852  17.835  56.47
70  8  SER  C  -8.786  -6.236  17.896  172.85
71  8  SER  O  -8.207  -7.193  18.411  4.59
72  8  SER  CB  -7.285  -4.731  16.576  63.43
73  8  SER  OG  -7.095  -3.373  16.217  27.01
74  8  SER  H  -6.557  -4.947  19.082  8.17
75  8  SER  HA  -8.848  -4.183  17.804  4.51
76  8  SER  HB2  -6.419  -5.135  16.739  1.95
77  8  SER  HB3  -7.724  -5.19  15.843  2.32
78  8  SER  HG  -6.493  -3.32  15.633  2.04
79  9  PRO  N  -10.01  -6.345  17.358  2.04
80  9  PRO  CA  -10.756  -7.606  17.338  63.28
81  9  PRO  C  -10.14  -8.629  16.389  176.88
82  9  PRO  O  -9.069  -8.401  15.826  113.98
83  9  PRO  CB  -12.144  -7.189  16.848  32.16
84  9  PRO  CG  -11.911  -5.946  16.062  27.28
85  9  PRO  CD  -10.759  -5.245  16.728  50.77
86  9  PRO  HA  -10.827  -7.992  18.225  4.47
87  9  PRO  HB2  -12.519  -7.893  16.296  1.88
88  9  PRO  HB3  -12.724  -7.025  17.608  2.28
89  9  PRO  HG2  -11.685  -6.172  15.146  2
90  9  PRO  HG3  -12.703  -5.387  16.086  2
91  9  PRO  HD2  -10.214  -4.788  16.069  3.82
92  9  PRO  HD3  -11.082  -4.62  17.395  3.71
93  10  ILE  N  -10.824  -9.755  16.216  119.65
94  10  ILE  CA  -10.344  -10.811  15.334  61.09
95  10  ILE  C  -11.267  -10.986  14.133  3.98
96  10  ILE  O  -12.489  -10.935  14.264  108.61
97  10  ILE  CB  -10.227  -12.156  16.076  38.84
98  10  ILE  CG1  -9.24  -12.037  17.239  27.5
99  10  ILE  CG2  -9.795  -13.255  15.117  17.55
100  10  ILE  CD  -9.243  -13.237  18.16  32.87
101  10  ILE  H  -11.567  -9.863  16.635  8.17
102  10  ILE  HA  -9.462  -10.56  15.018  4.08
103  10  ILE  HB  -11.102  -12.387  16.425  1.79
104  10  ILE  HG12  -8.342  -11.935  16.886  1.17
105  10  ILE  HG13  -9.465  -11.255  17.767  1.46
106  10  ILE  HG21  -9.881  -14.117  15.553  4.28
107  10  ILE  HG22  -10.358  -13.234  14.327  1.68
108  10  ILE  HG23  -8.871  -13.114  14.859  1.68
109  10  ILE  HD11  -8.265  -13.356  18.6  1.29
110  10  ILE  HD12  -9.975  -13.091  18.94  1.29
111  10  ILE  HD13  -9.493  -14.124  17.594  1.65
112  11  ASN  N  -10.673  -11.192  12.962  122.32
113  11  ASN  CA  -11.442  -11.376  11.736  50.83
114  11  ASN  C  -11.273  -12.792  11.194  1.88
115  11  ASN  O  -10.188  -13.372  11.233  2
116  11  ASN  CB  -11.008  -10.358  10.68  39.1
117  11  ASN  CG  -11.436  -8.945  11.027  2.22
118  11  ASN  OD1  -10.654  -8.163  11.568  120.47
119  11  ASN  ND2  -12.684  -8.612  10.717  112.14
120  11  ASN  H  -9.814  -11.218  12.925  8.54
121  11  ASN  HA  -12.378  -11.231  11.947  4.99
122  11  ASN  HB2  -10.041  -10.374  10.602  2.75
123  11  ASN  HB3  -11.402  -10.597  9.826  2.9
124  11  ASN  HD21  -13.181  -9.204  10.34  6.96
125  11  ASN  HD22  -12.949  -7.816  10.904  7.71
126  12  PRO  N  -12.371  -13.362  10.675  118.04
127  12  PRO  CA  -12.369  -14.716  10.114  63.65
128  12  PRO  C  -11.588  -14.801  8.808  176.78
129  12  PRO  O  -10.703  -15.644  8.656  1.88
130  12  PRO  CB  -13.853  -15  9.869  32.03
131  12  PRO  CG  -14.474  -13.656  9.703  26.73
132  12  PRO  CD  -13.698  -12.728  10.596  50.73
133  12  PRO  HA  -12.014  -15.362  10.744  4.33
134  12  PRO  HB2  -13.954  -15.54  9.069  1.56
135  12  PRO  HB3  -14.226  -15.471  10.631  2.09
136  12  PRO  HG2  -14.403  -13.372  8.778  1.57
137  12  PRO  HG3  -15.404  -13.686  9.977  1.85
138  12  PRO  HD2  -13.637  -11.846  10.197  3.7
139  12  PRO  HD3  -14.11  -12.678  11.473  3.76
140  13  TYR  N  -11.92  -13.924  7.867  117.22
141  13  TYR  CA  -11.25  -13.902  6.572  57.9
142  13  TYR  C  -10.16  -12.835  6.541  176.35
143  13  TYR  O  -9.007  -13.117  6.215  32.95
144  13  TYR  CB  -12.263  -13.645  5.455  38.05
145  13  TYR  CG  -12.869  -12.261  5.493  28.96
146  13  TYR  CD1  -12.25  -11.192  4.855  132.98
147  13  TYR  CD2  -14.059  -12.02  6.168  132.98
148  13  TYR  CE1  -12.799  -9.925  4.888  117.97
149  13  TYR  CE2  -14.617  -10.757  6.205  117.97
150  13  TYR  CZ  -13.983  -9.713  5.564  1.79
151  13  TYR  OH  -14.534  -8.452  5.6  1.72
152  13  TYR  H  -12.546  -13.356  8.025  7.99
153  13  TYR  HA  -10.842  -14.771  6.433  4.57
154  13  TYR  HB2  -11.824  -13.754  4.597  2.88
155  13  TYR  HB3  -12.985  -14.289  5.528  3.06
156  13  TYR  HD1  -11.452  -11.338  4.4  6.95
157  13  TYR  HD2  -14.484  -12.725  6.6  6.95
158  13  TYR  HE1  -12.373  -9.221  4.456  6.7
159  13  TYR  HE2  -15.414  -10.613  6.661  6.7
160  13  TYR  HH  -15.301  -8.473  5.258  2.37
161  14  LYS  N  -10.534  -11.607  6.883  120.45
162  14  LYS  CA  -9.59  -10.495  6.897  57.74
163  14  LYS  C  -8.22  -10.951  7.389  176.74
164  14  LYS  O  -7.195  -10.382  7.015  121.81
165  14  LYS  CB  -10.113  -9.366  7.787  33.19
166  14  LYS  CG  -9.668  -7.984  7.341  24.52
167  14  LYS  CD  -10.557  -6.897  7.922  29.33
168  14  LYS  CE  -9.932  -5.52  7.761  42.18
169  14  LYS  NZ  -8.936  -5.235  8.83  27
170  14  LYS  H  -11.353  -11.464  7.103  7.73
171  14  LYS  HA  -9.503  -10.167  5.988  4.13
172  14  LYS  HB2  -11.083  -9.389  7.784  1.76
173  14  LYS  HB3  -9.797  -9.51  8.693  1.76
174  14  LYS  HG2  -8.757  -7.835  7.638  1.34
175  14  LYS  HG3  -9.707  -7.938  6.373  1.4
176  14  LYS  HD2  -11.411  -6.909  7.463  1.69
177  14  LYS  HD3  -10.693  -7.073  8.866  1.69
178  14  LYS  HE2  -9.491  -5.477  6.898  3
179  14  LYS  HE3  -10.635  -4.853  7.798  1.6
180  14  LYS  HZ1  -9.304  -4.731  9.464  30.81
181  14  LYS  HZ2  -8.237  -4.803  8.489  26.82
182  14  LYS  HZ3  -8.653  -5.995  9.196  42.97
183  15  ASP  N  -8.21  -11.981  8.228  118.73
184  15  ASP  CA  -6.966  -12.515  8.769  54.8
185  15  ASP  C  -5.902  -12.623  7.681  174.23
186  15  ASP  O  -4.781  -12.14  7.844  2.86
187  15  ASP  CB  -7.207  -13.886  9.402  40.57
188  15  ASP  CG  -7.63  -13.787  10.854  4.42
189  15  ASP  OD1  -7.362  -12.74  11.48  1.83
190  15  ASP  OD2  -8.229  -14.757  11.366  1.8
191  15  ASP  H  -8.956  -12.342  8.457  8.37
192  15  ASP  HA  -6.652  -11.903  9.453  4.62
193  15  ASP  HB2  -7.906  -14.345  8.91  2.75
194  15  ASP  HB3  -6.389  -14.405  9.355  2.56
195  16  HSE  N  -6.261  -13.261  6.571  123.13
196  16  HSE  CA  -5.337  -13.433  5.456  58.78
197  16  HSE  C  -4.694  -12.103  5.073  4.52
198  16  HSE  O  -3.548  -12.063  4.626  2.62
199  16  HSE  CB  -6.065  -14.027  4.25  30.71
200  16  HSE  CG  -6.759  -13.003  3.405  124.32
201  16  HSE  ND1  -7.923  -12.372  3.791  50.66
202  16  HSE  CD2  -6.445  -12.499  2.189  120.16
203  16  HSE  CE1  -8.297  -11.526  2.847  139.09
204  16  HSE  NE2  -7.416  -11.584  1.864  17.75
205  16  HSE  H  -7.168  -13.624  6.501  8.03
206  16  HSE  HA  -4.562  -14.116  5.769  4.42
207  16  HSE  HB2  -5.351  -14.543  3.625  3.12
208  16  HSE  HB3  -6.808  -14.73  4.597  2.96
209  16  HSE  HD1  -8.405  -12.524  4.63  8.28
210  16  HSE  HD2  -5.59  -12.767  1.584  6.91
211  16  HSE  HE1  -9.172  -10.895  2.875  7.8
212  16  HSE  HE2  -7.5  -11.122  1.005  178.66
213  17  MET  N  -5.44  -11.018  5.25  116.69
214  17  MET  CA  -4.942  -9.687  4.923  57.31
215  17  MET  C  -4.042  -9.155  6.034  27.62
216  17  MET  O  -2.837  -8.99  5.844  50.31
217  17  MET  CB  -6.109  -8.725  4.692  31.09
218  17  MET  CG  -6.557  -8.65  3.241  32.4
219  17  MET  SD  -5.218  -8.194  2.124  2.42
220  17  MET  CE  -4.848  -9.778  1.374  17.1
221  17  MET  H  -6.236  -11.101  5.566  8.05
222  17  MET  HA  -4.423  -9.755  4.106  4.16
223  17  MET  HB2  -6.863  -9.013  5.229  2
224  17  MET  HB3  -5.842  -7.836  4.973  2.17
225  17  MET  HG2  -6.9  -9.518  2.976  2.53
226  17  MET  HG3  -7.263  -7.989  3.168  2.7
227  17  MET  HE1  -3.945  -9.765  1.021  27
228  17  MET  HE2  -4.925  -10.477  2.042  28.42
229  17  MET  HE3  -5.474  -9.948  0.653  36.19
230  18  SER  N  -4.635  -8.888  7.193  118.25
231  18  SER  CA  -3.887  -8.371  8.334  61.93
232  18  SER  C  -2.497  -8.996  8.4  177.05
233  18  SER  O  -1.491  -8.292  8.494  9.45
234  18  SER  CB  -4.644  -8.646  9.634  62.46
235  18  SER  OG  -5.829  -7.872  9.708  2.05
236  18  SER  H  -5.481  -9.022  7.272  2.05
237  18  SER  HA  -3.794  -7.412  8.219  4.13
238  18  SER  HB2  -4.882  -9.585  9.675  3.97
239  18  SER  HB3  -4.078  -8.422  10.389  3.92
240  18  SER  HG  -6.089  -7.683  8.932  58.59
241  19  VAL  N  -2.448  -10.323  8.349  121.2
242  19  VAL  CA  -1.182  -11.045  8.402  65.67
243  19  VAL  C  -0.163  -10.436  7.446  178.02
244  19  VAL  O  0.918  -10.015  7.86  34.82
245  19  VAL  CB  -1.37  -12.534  8.055  31.77
246  19  VAL  CG1  -2.214  -12.687  6.799  22.14
247  19  VAL  CG2  -0.02  -13.215  7.887  21.79
248  19  VAL  H  -3.181  -10.768  8.283  7.57
249  19  VAL  HA  -0.84  -10.984  9.308  3.81
250  19  VAL  HB  -1.838  -12.961  8.789  2.17
251  19  VAL  HG11  -2.83  -11.941  6.731  2.46
252  19  VAL  HG12  -1.636  -12.704  6.02  2.36
253  19  VAL  HG13  -2.717  -13.515  6.847  2.51
254  19  VAL  HG21  0.409  -12.885  7.082  7.87
255  19  VAL  HG22  0.539  -13.02  8.656  7.08
256  19  VAL  HG23  -0.148  -14.174  7.815  116.27
257  20  LEU  N  -0.514  -10.392  6.165  119.02
258  20  LEU  CA  0.371  -9.834  5.149  58.37
259  20  LEU  C  0.827  -8.43  5.535  178.63
260  20  LEU  O  1.979  -8.056  5.311  41.08
261  20  LEU  CB  -0.337  -9.797  3.793  39.17
262  20  LEU  CG  -0.779  -11.149  3.231  26.65
263  20  LEU  CD1  -1.379  -10.979  1.843  24.67
264  20  LEU  CD2  0.392  -12.12  3.193  23.63
265  20  LEU  H  -1.281  -10.7  5.929  7.79
266  20  LEU  HA  1.15  -10.408  5.083  3.94
267  20  LEU  HB2  -1.126  -9.241  3.885  0.01
268  20  LEU  HB3  0.27  -9.392  3.153  0.84
269  20  LEU  HG  -1.463  -11.524  3.808  1.29
270  20  LEU  HD11  -1.818  -10.116  1.784  27.2
271  20  LEU  HD12  -2.027  -11.683  1.683  43.2
272  20  LEU  HD13  -0.674  -11.031  1.179  8.54
273  20  LEU  HD21  1.066  -11.789  2.58  3.55
274  20  LEU  HD22  0.082  -12.988  2.892  1.62
275  20  LEU  HD23  0.773  -12.201  4.081  116.19
276  21  LYS  N  -0.083  -7.657  6.117  116.24
277  21  LYS  CA  0.225  -6.296  6.539  60.7
278  21  LYS  C  1.181  -6.297  7.727  179.21
279  21  LYS  O  1.907  -5.33  7.953  29.9
280  21  LYS  CB  -1.06  -5.55  6.906  32.56
281  21  LYS  CG  -1.883  -5.127  5.701  26.67
282  21  LYS  CD  -2.739  -6.269  5.181  29.67
283  21  LYS  CE  -3.815  -5.77  4.228  42.1
284  21  LYS  NZ  -4.566  -4.617  4.794  59.64
285  21  LYS  H  -0.874  -7.968  6.25  8.07
286  21  LYS  HA  0.652  -5.843  5.795  4.05
287  21  LYS  HB2  -1.608  -6.127  7.461  1.96
288  21  LYS  HB3  -0.827  -4.754  7.41  1.99
289  21  LYS  HG2  -2.462  -4.392  5.957  1.53
290  21  LYS  HG3  -1.283  -4.837  4.996  1.82
291  21  LYS  HD2  -2.172  -6.901  4.711  1.74
292  21  LYS  HD3  -3.164  -6.711  5.932  3.22
293  21  LYS  HE2  -3.394  -5.496  3.398  2.98
294  21  LYS  HE3  -4.435  -6.495  4.051  7.64
295  21  LYS  HZ1  -4.627  -4.697  5.678  21.52
296  21  LYS  HZ2  -5.387  -4.588  4.451  8.21
297  21  LYS  HZ3  -4.148  -3.855  4.602  4.41
298  22  ALA  N  1.177  -7.39  8.483  121.39
299  22  ALA  CA  2.046  -7.519  9.646  54.99
300  22  ALA  C  3.487  -7.793  9.227  180.6
301  22  ALA  O  4.428  -7.298  9.847  180.23
302  22  ALA  CB  1.542  -8.623  10.563  17.97
303  22  ALA  H  0.649  -8.038  8.28  7.72
304  22  ALA  HA  2.015  -6.683  10.137  4.22
305  22  ALA  HB1  1.31  -9.401  10.033  4.09
306  22  ALA  HB2  2.238  -8.859  11.197  23.58
307  22  ALA  HB3  0.758  -8.312  11.042  69.76
308  23  TYR  N  3.651  -8.583  8.172  116.7
309  23  TYR  CA  4.977  -8.925  7.672  62.65
310  23  TYR  C  5.634  -7.722  7.002  178.97
311  23  TYR  O  6.779  -7.382  7.298  177.44
312  23  TYR  CB  4.888  -10.089  6.683  38.49
313  23  TYR  CG  4.512  -11.404  7.327  38.47
314  23  TYR  CD1  5.185  -11.867  8.451  133.33
315  23  TYR  CD2  3.485  -12.185  6.812  133.33
316  23  TYR  CE1  4.846  -13.068  9.043  118.17
317  23  TYR  CE2  3.138  -13.386  7.397  118.17
318  23  TYR  CZ  3.821  -13.824  8.513  3.58
319  23  TYR  OH  3.48  -15.021  9.098  -0.84
320  23  TYR  H  2.958  -8.902  7.775  8.04
321  23  TYR  HA  5.519  -9.197  8.429  4.29
322  23  TYR  HB2  4.218  -9.884  6.013  3.35
323  23  TYR  HB3  5.748  -10.204  6.25  3.17
324  23  TYR  HD1  5.875  -11.355  8.806  7.25
325  23  TYR  HD2  3.026  -11.887  6.06  7.25
326  23  TYR  HE1  5.307  -13.363  9.795  6.7
327  23  TYR  HE2  2.448  -13.896  7.04  6.7
328  23  TYR  HH  3.676  -15  9.915  116.52
329  24  TYR  N  4.899  -7.083  6.099  59.3
330  24  TYR  CA  5.409  -5.919  5.385  61.33
331  24  TYR  C  5.738  -4.786  6.353  175.59
332  24  TYR  O  6.8  -4.171  6.268  29.12
333  24  TYR  CB  4.388  -5.441  4.351  38.67
334  24  TYR  CG  4.979  -4.547  3.284  0.79
335  24  TYR  CD1  5.551  -3.324  3.613  133.37
336  24  TYR  CD2  4.966  -4.926  1.947  133.37
337  24  TYR  CE1  6.092  -2.505  2.641  118.34
338  24  TYR  CE2  5.505  -4.113  0.969  118.34
339  24  TYR  CZ  6.067  -2.904  1.321  2.09
340  24  TYR  OH  6.605  -2.09  0.35  2.09
341  24  TYR  H  4.104  -7.363  5.93  8.86
342  24  TYR  HA  6.221  -6.183  4.925  4.42
343  24  TYR  HB2  3.997  -6.212  3.91  3.25
344  24  TYR  HB3  3.689  -4.943  4.802  3.2
345  24  TYR  HD1  5.566  -3.058  4.504  7.1
346  24  TYR  HD2  4.586  -5.742  1.713  7.1
347  24  TYR  HE1  6.471  -1.689  2.878  6.87
348  24  TYR  HE2  5.489  -4.382  0.079  6.87
349  24  TYR  HH  6.564  -1.289  0.601  8.21
350  25  ALA  N  4.818  -4.518  7.274  115.01
351  25  ALA  CA  5.009  -3.463  8.26  53.93
352  25  ALA  C  6.397  -3.542  8.887  179.33
353  25  ALA  O  7  -2.52  9.214  8.45
354  25  ALA  CB  3.937  -3.545  9.337  18.47
355  25  ALA  H  4.092  -4.979  7.289  7.62
356  25  ALA  HA  4.917  -2.609  7.809  4.08
357  25  ALA  HB1  3.978  -2.752  9.895  4.17
358  25  ALA  HB2  3.063  -3.602  8.919  63.13
359  25  ALA  HB3  4.087  -4.333  9.882  2.37
360  26  MET  N  6.899  -4.762  9.051  113.85
361  26  MET  CA  8.217  -4.973  9.638  56.76
362  26  MET  C  9.306  -4.892  8.573  176.64
363  26  MET  O  10.322  -4.225  8.762  4.3
364  26  MET  CB  8.274  -6.332  10.34  33.68
365  26  MET  CG  7.271  -6.473  11.473  31.89
366  26  MET  SD  7.356  -8.084  12.279  62.05
367  26  MET  CE  6.888  -9.164  10.929  16.9
368  26  MET  H  6.436  -5.443  8.804  7.38
369  26  MET  HA  8.366  -4.274  10.293  4.35
370  26  MET  HB2  8.097  -7.028  9.688  2.16
371  26  MET  HB3  9.164  -6.459  10.705  2.16
372  26  MET  HG2  7.447  -5.786  12.134  2.69
373  26  MET  HG3  6.378  -6.352  11.114  2.54
374  26  MET  HE1  7.64  -9.274  10.327  131.21
375  26  MET  HE2  6.628  -10.029  11.283  129.42
376  26  MET  HE3  6.142  -8.773  10.448  9.02
377  27  ASN  N  9.086  -5.575  7.455  116.25
378  27  ASN  CA  10.05  -5.58  6.36  53.18
379  27  ASN  C  9.438  -4.988  5.094  173.43
380  27  ASN  O  8.327  -5.346  4.704  7.28
381  27  ASN  CB  10.536  -7.005  6.087  38.13
382  27  ASN  CG  9.676  -7.723  5.065  7.35
383  27  ASN  OD1  8.568  -8.163  5.368  7.35
384  27  ASN  ND2  10.186  -7.845  3.845  110.2
385  27  ASN  H  8.358  -6.026  7.374  7.87
386  27  ASN  HA  10.806  -5.034  6.627  4.56
387  27  ASN  HB2  11.446  -6.972  5.753  2.82
388  27  ASN  HB3  10.517  -7.511  6.914  2.82
389  27  ASN  HD21  10.967  -7.516  3.696  6.53
390  27  ASN  HD22  9.717  -8.248  3.247  7.62
391  28  MET  N  10.172  -4.082  4.457  120.52
392  28  MET  CA  9.702  -3.442  3.233  57.46
393  28  MET  C  9.782  -4.403  2.052  175.67
394  28  MET  O  8.794  -4.623  1.352  7.48
395  28  MET  CB  10.525  -2.186  2.941  33.83
396  28  MET  CG  10.599  -1.221  4.113  32.19
397  28  MET  SD  9.264  -0.01  4.1  176.79
398  28  MET  CE  8.105  -0.772  5.233  17.07
399  28  MET  H  10.943  -3.868  4.772  8.4
400  28  MET  HA  8.776  -3.187  3.368  4.06
401  28  MET  HB2  11.428  -2.452  2.708  1.89
402  28  MET  HB3  10.129  -1.72  2.188  1.89
403  28  MET  HG2  10.55  -1.729  4.938  2.34
404  28  MET  HG3  11.446  -0.751  4.074  1.82
405  28  MET  HE1  8.2  -0.372  6.112  4.2
406  28  MET  HE2  7.2  -0.634  4.911  2.35
407  28  MET  HE3  8.286  -1.723  5.289  2.28
408  29  GLU  N  10.963  -4.973  1.836  115.4
409  29  GLU  CA  11.17  -5.91  0.738  53.33
410  29  GLU  C  11.63  -7.268  1.261  172.44
411  29  GLU  O  12.793  -7.464  1.613  6.88
412  29  GLU  CB  12.201  -5.355  -0.247  30.8
413  29  GLU  CG  11.602  -4.443  -1.305  36.47
414  29  GLU  CD  12.619  -4.006  -2.342  172.39
415  29  GLU  OE1  13.458  -3.139  -2.022  116.62
416  29  GLU  OE2  12.575  -4.532  -3.474  39.46
417  29  GLU  H  11.621  -4.784  2.356  7.82
418  29  GLU  HA  10.323  -6.021  0.279  4.76
419  29  GLU  HB2  12.868  -4.853  0.247  1.81
420  29  GLU  HB3  12.635  -6.098  -0.696  2.04
421  29  GLU  HG2  10.885  -4.916  -1.755  2.17
422  29  GLU  HG3  11.244  -3.654  -0.87  2.17
423  30  PRO  N  10.695  -8.228  1.314  2.79
424  30  PRO  CA  10.979  -9.584  1.792  62.64
425  30  PRO  C  11.867  -10.365  0.828  177.12
426  30  PRO  O  12.096  -9.938  -0.303  2.1
427  30  PRO  CB  9.593  -10.227  1.881  31.95
428  30  PRO  CG  8.762  -9.473  0.902  26.66
429  30  PRO  CD  9.288  -8.064  0.91  50.64
430  30  PRO  HA  11.39  -9.573  2.671  4.47
431  30  PRO  HB2  9.654  -11.166  1.647  1.58
432  30  PRO  HB3  9.248  -10.135  2.783  1.76
433  30  PRO  HG2  8.856  -9.863  0.019  1.15
434  30  PRO  HG3  7.833  -9.486  1.179  0.67
435  30  PRO  HD2  9.225  -7.674  0.024  3.24
436  30  PRO  HD3  8.804  -7.525  1.555  3.24
437  31  ASN  N  12.363  -11.51  1.283  119.36
438  31  ASN  CA  13.226  -12.35  0.46  51.34
439  31  ASN  C  12.497  -13.618  0.026  175.57
440  31  ASN  O  11.563  -14.068  0.69  119.92
441  31  ASN  CB  14.497  -12.717  1.228  38.3
442  31  ASN  CG  14.22  -13.047  2.682  172.27
443  31  ASN  OD1  13.735  -14.132  3.003  121.18
444  31  ASN  ND2  14.528  -12.108  3.57  111.3
445  31  ASN  H  12.172  -11.763  2.082  8.91
446  31  ASN  HA  13.47  -11.843  -0.33  4.67
447  31  ASN  HB2  14.907  -13.491  0.812  2.95
448  31  ASN  HB3  15.116  -11.971  1.194  3.38
449  31  ASN  HD21  14.864  -11.371  3.282  6.97
450  31  ASN  HD22  14.381  -12.272  4.401  7.47
451  32  SER  N  12.931  -14.19  -1.093  111.32
452  32  SER  CA  12.318  -15.404  -1.618  62.66
453  32  SER  C  11.904  -16.338  -0.485  176.76
454  32  SER  O  10.858  -16.984  -0.548  25.71
455  32  SER  CB  13.286  -16.124  -2.559  62.71
456  32  SER  OG  14.553  -16.301  -1.949  22.65
457  32  SER  H  13.588  -13.834  -1.518  8.49
458  32  SER  HA  11.526  -15.147  -2.116  4.02
459  32  SER  HB2  12.925  -16.994  -2.788  3.92
460  32  SER  HB3  13.398  -15.598  -3.366  3.92
461  32  SER  HG  14.967  -16.92  -2.338  176.96
462  33  ASP  N  12.733  -16.404  0.551  121.44
463  33  ASP  CA  12.455  -17.258  1.7  57.49
464  33  ASP  C  11.175  -16.819  2.406  178.92
465  33  ASP  O  10.273  -17.624  2.632  51.05
466  33  ASP  CB  13.628  -17.229  2.681  40.91
467  33  ASP  CG  14.659  -18.3  2.382  1.51
468  33  ASP  OD1  14.272  -19.483  2.282  2.35
469  33  ASP  OD2  15.852  -17.955  2.249  0.53
470  33  ASP  H  13.451  -15.931  0.544  7.93
471  33  ASP  HA  12.337  -18.165  1.376  4.44
472  33  ASP  HB2  14.062  -16.363  2.63  2.75
473  33  ASP  HB3  13.294  -17.366  3.581  2.66
474  34  GLU  N  11.106  -15.537  2.752  120.61
475  34  GLU  CA  9.938  -14.992  3.434  59.08
476  34  GLU  C  8.7  -15.08  2.546  179.24
477  34  GLU  O  7.703  -15.706  2.911  42.43
478  34  GLU  CB  10.187  -13.538  3.837  29.89
479  34  GLU  CG  11.245  -13.378  4.916  36.89
480  34  GLU  CD  10.716  -13.692  6.302  22.26
481  34  GLU  OE1  10.148  -12.78  6.94  8.25
482  34  GLU  OE2  10.871  -14.847  6.749  4.41
483  34  GLU  H  11.766  -15.017  2.569  8.44
484  34  GLU  HA  9.787  -15.52  4.234  3.9
485  34  GLU  HB2  10.472  -13.041  3.054  2.14
486  34  GLU  HB3  9.357  -13.158  4.166  1.85
487  34  GLU  HG2  11.982  -13.979  4.723  2.45
488  34  GLU  HG3  11.565  -12.463  4.906  2.24
489  35  LEU  N  8.77  -14.45  1.379  118.54
490  35  LEU  CA  7.655  -14.456  0.438  58.15
491  35  LEU  C  6.915  -15.789  0.479  179.43
492  35  LEU  O  5.695  -15.829  0.645  119.38
493  35  LEU  CB  8.158  -14.182  -0.98  42.46
494  35  LEU  CG  8.191  -12.715  -1.41  27.08
495  35  LEU  CD1  8.728  -12.585  -2.827  25.62
496  35  LEU  CD2  6.804  -12.097  -1.304  24.81
497  35  LEU  H  9.49  -14.028  1.172  8.72
498  35  LEU  HA  7.042  -13.75  0.698  3.73
499  35  LEU  HB2  9.06  -14.532  -1.048  1.32
500  35  LEU  HB3  7.581  -14.66  -1.596  1.87
501  35  LEU  HG  8.784  -12.225  -0.819  1.44
502  35  LEU  HD11  9.158  -13.415  -3.087  2.68
503  35  LEU  HD12  9.373  -11.861  -2.863  2.61
504  35  LEU  HD13  7.995  -12.396  -3.434  115.17
505  35  LEU  HD21  6.802  -11.426  -0.603  59.61
506  35  LEU  HD22  6.158  -12.788  -1.091  178.58
507  35  LEU  HD23  6.569  -11.684  -2.15  57.68
508  36  LEU  N  7.66  -16.878  0.33  119.92
509  36  LEU  CA  7.075  -18.214  0.352  58.45
510  36  LEU  C  6.234  -18.42  1.608  179.02
511  36  LEU  O  5.019  -18.605  1.532  24.77
512  36  LEU  CB  8.175  -19.275  0.282  41.08
513  36  LEU  CG  7.703  -20.729  0.237  27.05
514  36  LEU  CD1  6.547  -20.885  -0.739  23.21
515  36  LEU  CD2  8.852  -21.651  -0.143  25.37
516  36  LEU  H  8.508  -16.795  0.217  7.65
517  36  LEU  HA  6.502  -18.301  -0.426  4.04
518  36  LEU  HB2  8.698  -19.108  -0.517  1.71
519  36  LEU  HB3  8.739  -19.169  1.064  2.02
520  36  LEU  HG  7.387  -20.987  1.117  1.61
521  36  LEU  HD11  5.801  -20.338  -0.447  177.93
522  36  LEU  HD12  6.274  -21.815  -0.771  1.72
523  36  LEU  HD13  6.83  -20.601  -1.622  28.61
524  36  LEU  HD21  9.382  -21.849  0.645  33.11
525  36  LEU  HD22  9.41  -21.216  -0.806  60.22
526  36  LEU  HD23  8.497  -22.476  -0.509  178.63
527  37  LYS  N  6.888  -18.383  2.764  117.9
528  37  LYS  CA  6.201  -18.561  4.038  60.38
529  37  LYS  C  4.981  -17.65  4.131  180.13
530  37  LYS  O  3.883  -18.099  4.461  2.12
531  37  LYS  CB  7.155  -18.273  5.2  1.92
532  37  LYS  CG  7.865  -19.51  5.723  25.76
533  37  LYS  CD  7.123  -20.124  6.898  29.41
534  37  LYS  CE  6.122  -21.173  6.438  42.1
535  37  LYS  NZ  5.274  -21.661  7.561  58.42
536  37  LYS  H  7.738  -18.25  2.76  7.7
537  37  LYS  HA  5.907  -19.484  4.092  3.87
538  37  LYS  HB2  7.826  -17.639  4.903  1.9
539  37  LYS  HB3  6.65  -17.88  5.929  1.94
540  37  LYS  HG2  7.923  -20.166  5.011  1.42
541  37  LYS  HG3  8.758  -19.262  6.01  1.64
542  37  LYS  HD2  7.764  -20.543  7.493  1.67
543  37  LYS  HD3  6.649  -19.423  7.373  1.7
544  37  LYS  HE2  5.551  -20.783  5.758  2.97
545  37  LYS  HE3  6.609  -21.923  6.061  1.24
546  37  LYS  HZ1  4.743  -22.318  7.28  1.37
547  37  LYS  HZ2  4.769  -20.998  7.873  6.71
548  37  LYS  HZ3  5.787  -21.968  8.22  2.28
549  38  ILE  N  5.181  -16.37  3.836  119.33
550  38  ILE  CA  4.096  -15.397  3.884  65.52
551  38  ILE  C  2.828  -15.957  3.25  177.17
552  38  ILE  O  1.74  -15.85  3.815  7.72
553  38  ILE  CB  4.481  -14.089  3.168  38.42
554  38  ILE  CG1  5.686  -13.442  3.854  28.6
555  38  ILE  CG2  3.3  -13.131  3.145  17.96
556  38  ILE  CD  6.36  -12.379  3.015  22.68
557  38  ILE  H  5.969  -16.109  3.611  8.41
558  38  ILE  HA  3.918  -15.194  4.816  3.3
559  38  ILE  HB  4.715  -14.302  2.251  1.6
560  38  ILE  HG12  5.397  -13.028  4.682  0.08
561  38  ILE  HG13  6.343  -14.127  4.052  1.54
562  38  ILE  HG21  3.467  -12.397  3.757  4.46
563  38  ILE  HG22  3.185  -12.782  2.247  2.75
564  38  ILE  HG23  2.496  -13.601  3.415  2.68
565  38  ILE  HD11  7.217  -12.806  2.514  122.95
566  38  ILE  HD12  5.664  -12.004  2.281  59.61
567  38  ILE  HD13  6.684  -11.569  3.652  179.53
568  39  SER  N  2.976  -16.555  2.072  118.14
569  39  SER  CA  1.842  -17.131  1.359  62.66
570  39  SER  C  1.424  -18.458  1.984  176.47
571  39  SER  O  0.306  -18.931  1.774  42.3
572  39  SER  CB  2.191  -17.337  -0.116  62.58
573  39  SER  OG  2.725  -18.63  -0.338  26.3
574  39  SER  H  3.76  -16.602  1.722  8.18
575  39  SER  HA  1.102  -16.508  1.425  4.05
576  39  SER  HB2  1.39  -17.233  -0.653  4.04
577  39  SER  HB3  2.848  -16.676  -0.385  4.25
578  39  SER  HG  3.101  -18.902  0.362  2.13
579  40  ILE  N  2.329  -19.053  2.754  120.78
580  40  ILE  CA  2.054  -20.325  3.411  64.34
581  40  ILE  C  1.216  -20.125  4.669  178.82
582  40  ILE  O  0.141  -20.707  4.81  3.02
583  40  ILE  CB  3.356  -21.057  3.787  38.48
584  40  ILE  CG1  3.972  -21.715  2.551  29.12
585  40  ILE  CG2  3.088  -22.094  4.867  17.06
586  40  ILE  CD  5.266  -22.445  2.836  59.99
587  40  ILE  H  3.095  -18.679  2.867  7.98
588  40  ILE  HA  1.559  -20.882  2.79  3.79
589  40  ILE  HB  3.98  -20.405  4.143  1.82
590  40  ILE  HG12  3.344  -22.357  2.185  1.15
591  40  ILE  HG13  4.154  -21.032  1.887  1.76
592  40  ILE  HG21  2.408  -22.714  4.559  42.28
593  40  ILE  HG22  3.905  -22.581  5.058  42.96
594  40  ILE  HG23  2.78  -21.65  5.673  27.01
595  40  ILE  HD11  5.631  -22.163  3.813  26.16
596  40  ILE  HD12  5.093  -23.51  2.808  23.28
597  40  ILE  HD13  6.001  -22.18  2.089  8.69
598  41  ALA  N  1.714  -19.295  5.58  121.64
599  41  ALA  CA  1.01  -19.014  6.824  55.3
600  41  ALA  C  -0.465  -18.726  6.567  180.26
601  41  ALA  O  -1.324  -19.046  7.389  1.86
602  41  ALA  CB  1.66  -17.844  7.546  18.68
603  41  ALA  H  2.47  -18.914  5.431  7.89
604  41  ALA  HA  1.082  -19.796  7.393  4.16
605  41  ALA  HB1  1.767  -17.103  6.929  8.24
606  41  ALA  HB2  1.099  -17.569  8.288  3.98
607  41  ALA  HB3  2.529  -18.113  7.882  3.22
608  42  VAL  N  -0.753  -18.118  5.42  107.81
609  42  VAL  CA  -2.125  -17.786  5.054  61.39
610  42  VAL  C  -2.741  -18.876  4.184  175.96
611  42  VAL  O  -3.946  -19.115  4.23  51.13
612  42  VAL  CB  -2.197  -16.443  4.303  32.67
613  42  VAL  CG1  -1.893  -15.288  5.245  22.01
614  42  VAL  CG2  -1.24  -16.444  3.12  20.61
615  42  VAL  H  -0.115  -17.916  4.88  8.27
616  42  VAL  HA  -2.642  -17.706  5.871  4.35
617  42  VAL  HB  -3.099  -16.331  3.965  2.25
618  42  VAL  HG11  -2.518  -14.565  5.079  8.71
619  42  VAL  HG12  -1.98  -15.588  6.163  8.5
620  42  VAL  HG13  -0.988  -14.974  5.09  4.08
621  42  VAL  HG21  -0.487  -15.865  3.315  1.86
622  42  VAL  HG22  -0.921  -17.346  2.962  2.21
623  42  VAL  HG23  -1.702  -16.121  2.331  2.06
624  43  GLY  N  -1.902  -19.536  3.39  109.51
625  43  GLY  CA  -2.382  -20.594  2.52  46.81
626  43  GLY  C  -2.535  -20.138  1.083  174.5
627  43  GLY  O  -2.989  -20.899  0.227  32.55
628  43  GLY  H  -1.067  -19.331  3.394  7.84
629  43  GLY  HA2  -1.755  -21.333  2.551  3.94
630  43  GLY  HA3  -3.244  -20.899  2.844  3.85
631  44  LEU  N  -2.156  -18.893  0.815  117.35
632  44  LEU  CA  -2.255  -18.335  -0.529  51.21
633  44  LEU  C  -1.031  -18.703  -1.362  173.46
634  44  LEU  O  0.04  -19.007  -0.836  175.69
635  44  LEU  CB  -2.402  -16.814  -0.462  45.13
636  44  LEU  CG  -3.794  -16.289  -0.109  26.17
637  44  LEU  CD1  -3.714  -14.853  0.384  25.55
638  44  LEU  CD2  -4.723  -16.393  -1.309  22.51
639  44  LEU  H  -1.845  -18.403  1.45  7.48
640  44  LEU  HA  -3.044  -18.711  -0.95  4.83
641  44  LEU  HB2  -1.782  -16.485  0.207  1.11
642  44  LEU  HB3  -2.16  -16.455  -1.33  1.11
643  44  LEU  HG  -4.164  -16.83  0.606  1.25
644  44  LEU  HD11  -4.501  -14.647  0.913  58.66
645  44  LEU  HD12  -3.67  -14.252  -0.376  177.93
646  44  LEU  HD13  -2.919  -14.742  0.928  4.21
647  44  LEU  HD21  -4.249  -16.118  -2.109  30.77
648  44  LEU  HD22  -5.49  -15.815  -1.174  35.73
649  44  LEU  HD23  -5.022  -17.31  -1.409  119.31
650  45  PRO  N  -1.191  -18.673  -2.694  57.14
651  45  PRO  CA  -0.109  -18.998  -3.628  62.78
652  45  PRO  C  0.987  -17.937  -3.637  178.41
653  45  PRO  O  0.734  -16.774  -3.947  4.22
654  45  PRO  CB  -0.815  -19.048  -4.985  32.66
655  45  PRO  CG  -2.01  -18.173  -4.823  28.04
656  45  PRO  CD  -2.439  -18.319  -3.39  50.69
657  45  PRO  HA  0.283  -19.864  -3.433  4.45
658  45  PRO  HB2  -0.22  -18.713  -5.674  1.92
659  45  PRO  HB3  -1.07  -19.962  -5.186  2.58
660  45  PRO  HG2  -1.772  -17.252  -5.011  2.02
661  45  PRO  HG3  -2.717  -18.468  -5.418  2.1
662  45  PRO  HD2  -2.797  -17.482  -3.056  3.24
663  45  PRO  HD3  -3.095  -19.028  -3.303  3.75
664  46  GLN  N  2.204  -18.348  -3.296  124.56
665  46  GLN  CA  3.338  -17.432  -3.266  60.14
666  46  GLN  C  3.313  -16.494  -4.468  177.83
667  46  GLN  O  3.667  -15.321  -4.359  4.07
668  46  GLN  CB  4.652  -18.214  -3.241  28.41
669  46  GLN  CG  5.86  -17.363  -2.884  33.84
670  46  GLN  CD  7.165  -18.126  -2.996  3.19
671  46  GLN  OE1  7.194  -19.265  -3.463  4.16
672  46  GLN  NE2  8.256  -17.501  -2.566  110.03
673  46  GLN  H  2.326  -19.174  -3.089  9.2
674  46  GLN  HA  3.272  -16.903  -2.456  4.01
675  46  GLN  HB2  4.579  -18.927  -2.588  2.12
676  46  GLN  HB3  4.802  -18.601  -4.118  2.12
677  46  GLN  HG2  5.895  -16.603  -3.485  2.32
678  46  GLN  HG3  5.761  -17.048  -1.972  2.32
679  46  GLN  HE21  8.169  -16.706  -2.249  6.76
680  46  GLN  HE22  9.008  -17.915  -2.618  7.27
681  47  GLU  N  2.893  -17.02  -5.614  116.77
682  47  GLU  CA  2.823  -16.229  -6.837  60.07
683  47  GLU  C  1.988  -14.97  -6.624  178.97
684  47  GLU  O  2.367  -13.88  -7.054  2.23
685  47  GLU  CB  2.23  -17.061  -7.976  28.78
686  47  GLU  CG  3.127  -18.2  -8.429  36.43
687  47  GLU  CD  4.567  -17.766  -8.626  1.65
688  47  GLU  OE1  4.824  -16.961  -9.545  1.71
689  47  GLU  OE2  5.436  -18.232  -7.859  3.03
690  47  GLU  H  2.657  -17.847  -5.635  9.62
691  47  GLU  HA  3.727  -15.969  -7.075  4.04
692  47  GLU  HB2  1.385  -17.436  -7.682  2.06
693  47  GLU  HB3  2.068  -16.48  -8.736  2.06
694  47  GLU  HG2  3.104  -18.901  -7.759  2.4
695  47  GLU  HG3  2.79  -18.547  -9.27  2.37
696  48  PHE  N  0.85  -15.128  -5.957  118
697  48  PHE  CA  -0.041  -14.005  -5.687  60.74
698  48  PHE  C  0.607  -13.017  -4.722  177.63
699  48  PHE  O  0.739  -11.831  -5.025  32.23
700  48  PHE  CB  -1.366  -14.505  -5.11  39.23
701  48  PHE  CG  -2.325  -13.401  -4.765  15.86
702  48  PHE  CD1  -2.979  -12.697  -5.763  131.65
703  48  PHE  CD2  -2.572  -13.068  -3.443  131.65
704  48  PHE  CE1  -3.86  -11.68  -5.449  131.45
705  48  PHE  CE2  -3.453  -12.052  -3.123  131.45
706  48  PHE  CZ  -4.099  -11.358  -4.127  129.99
707  48  PHE  H  0.633  -15.912  -5.678  7.19
708  48  PHE  HA  -0.213  -13.554  -6.528  4.38
709  48  PHE  HB2  -1.798  -15.082  -5.759  3.19
710  48  PHE  HB3  -1.189  -15.011  -4.301  3.31
711  48  PHE  HD1  -2.82  -12.913  -6.653  7.1
712  48  PHE  HD2  -2.138  -13.535  -2.766  7.1
713  48  PHE  HE1  -4.294  -11.214  -6.127  7.16
714  48  PHE  HE2  -3.611  -11.838  -2.232  7.16
715  48  PHE  HZ  -4.692  -10.674  -3.913  7.23
716  49  VAL  N  1.009  -13.514  -3.557  119.34
717  49  VAL  CA  1.644  -12.677  -2.546  67.28
718  49  VAL  C  2.75  -11.823  -3.155  177.42
719  49  VAL  O  2.886  -10.642  -2.835  4.38
720  49  VAL  CB  2.235  -13.525  -1.405  31.88
721  49  VAL  CG1  3.217  -12.704  -0.582  22.72
722  49  VAL  CG2  1.126  -14.082  -0.525  24.04
723  49  VAL  H  0.893  -14.351  -3.396  7.76
724  49  VAL  HA  0.966  -12.093  -2.172  3.51
725  49  VAL  HB  2.716  -14.27  -1.797  2.21
726  49  VAL  HG11  3.977  -12.462  -1.134  59.05
727  49  VAL  HG12  2.778  -11.9  -0.262  177.78
728  49  VAL  HG13  3.522  -13.229  0.174  2.6
729  49  VAL  HG21  1.041  -13.536  0.272  29
730  49  VAL  HG22  0.289  -14.07  -1.015  27.76
731  49  VAL  HG23  1.34  -14.994  -0.273  41.65
732  50  LYS  N  3.539  -12.428  -4.036  118.38
733  50  LYS  CA  4.634  -11.724  -4.694  60.31
734  50  LYS  C  4.158  -10.394  -5.269  178.7
735  50  LYS  O  4.652  -9.332  -4.892  57.51
736  50  LYS  CB  5.229  -12.589  -5.806  32.86
737  50  LYS  CG  6.159  -11.83  -6.737  24.72
738  50  LYS  CD  7.52  -11.603  -6.102  29.62
739  50  LYS  CE  7.521  -10.371  -5.21  42.18
740  50  LYS  NZ  8.876  -9.762  -5.106  1.68
741  50  LYS  H  3.4  -13.256  -4.224  8.75
742  50  LYS  HA  5.319  -11.55  -4.029  4.02
743  50  LYS  HB2  5.729  -13.316  -5.404  1.92
744  50  LYS  HB3  4.506  -12.96  -6.335  1.98
745  50  LYS  HG2  6.275  -12.34  -7.554  1.41
746  50  LYS  HG3  5.762  -10.97  -6.945  1.49
747  50  LYS  HD2  7.752  -12.377  -5.566  1.67
748  50  LYS  HD3  8.18  -11.485  -6.803  1.71
749  50  LYS  HE2  6.909  -9.717  -5.581  3
750  50  LYS  HE3  7.221  -10.627  -4.324  59.23
751  50  LYS  HZ1  8.925  -9.036  -5.619  179.14
752  50  LYS  HZ2  9.494  -10.344  -5.372  59.85
753  50  LYS  HZ3  9.043  -9.53  -4.263  29.82
754  51  GLU  N  3.194  -10.461  -6.183  117.54
755  51  GLU  CA  2.652  -9.261  -6.809  59.29
756  51  GLU  C  2.167  -8.269  -5.756  177.9
757  51  GLU  O  2.434  -7.071  -5.847  4.39
758  51  GLU  CB  1.501  -9.625  -7.75  29.48
759  51  GLU  CG  1.952  -10.333  -9.017  36.37
760  51  GLU  CD  0.985  -10.139  -10.169  8.38
761  51  GLU  OE1  0.791  -8.981  -10.593  4.24
762  51  GLU  OE2  0.422  -11.146  -10.646  1.84
763  51  GLU  H  2.884  -11.23  -6.41  7.64
764  51  GLU  HA  3.362  -8.848  -7.325  4.11
765  51  GLU  HB2  0.884  -10.207  -7.279  2.06
766  51  GLU  HB3  1.036  -8.812  -8.004  2.13
767  51  GLU  HG2  2.819  -9.984  -9.279  2.25
768  51  GLU  HG3  2.029  -11.282  -8.833  2.4
769  52  TRP  N  1.454  -8.777  -4.758  120.6
770  52  TRP  CA  0.931  -7.936  -3.687  62.72
771  52  TRP  C  2.03  -7.058  -3.099  179.82
772  52  TRP  O  1.827  -5.866  -2.866  8.93
773  52  TRP  CB  0.311  -8.801  -2.588  28.84
774  52  TRP  CG  -0.365  -8.003  -1.515  59.23
775  52  TRP  CD1  -1.589  -7.4  -1.589  126.9
776  52  TRP  CD2  0.145  -7.72  -0.207  2.14
777  52  TRP  NE1  -1.869  -6.759  -0.407  128.82
778  52  TRP  CE2  -0.822  -6.941  0.458  37.57
779  52  TRP  CE3  1.323  -8.05  0.467  121.09
780  52  TRP  CZ2  -0.644  -6.488  1.762  113.6
781  52  TRP  CZ3  1.499  -7.599  1.761  121.11
782  52  TRP  CH2  0.519  -6.826  2.398  122.65
783  52  TRP  H  1.296  -9.622  -4.742  8.4
784  52  TRP  HA  0.243  -7.366  -4.065  3.79
785  52  TRP  HB2  -0.35  -9.391  -2.983  2.76
786  52  TRP  HB3  1.007  -9.334  -2.172  3.4
787  52  TRP  HD1  -2.141  -7.425  -2.337  7
788  52  TRP  HE1  -2.587  -6.317  -0.237  9.76
789  52  TRP  HE3  1.983  -8.562  0.059  6.73
790  52  TRP  HZ2  -1.286  -5.974  2.197  7.04
791  52  TRP  HZ3  2.278  -7.81  2.223  5.9
792  52  TRP  HH2  0.674  -6.541  3.27  6.35
793  53  PHE  N  3.194  -7.653  -2.861  116.51
794  53  PHE  CA  4.325  -6.924  -2.3  63.45
795  53  PHE  C  4.891  -5.933  -3.313  179.41
796  53  PHE  O  5.259  -4.813  -2.963  8.45
797  53  PHE  CB  5.418  -7.898  -1.857  39.52
798  53  PHE  CG  5.279  -8.347  -0.43  1.94
799  53  PHE  CD1  5.852  -7.616  0.599  132.69
800  53  PHE  CD2  4.576  -9.499  -0.117  132.69
801  53  PHE  CE1  5.726  -8.026  1.913  131.63
802  53  PHE  CE2  4.446  -9.913  1.195  131.63
803  53  PHE  CZ  5.022  -9.176  2.211  129.51
804  53  PHE  H  3.283  -8.489  -3.043  8.6
805  53  PHE  HA  4.008  -6.432  -1.526  3.9
806  53  PHE  HB2  5.388  -8.687  -2.42  3.3
807  53  PHE  HB3  6.283  -7.47  -1.952  3.4
808  53  PHE  HD1  6.326  -6.841  0.399  7.87
809  53  PHE  HD2  4.189  -9.997  -0.801  7.87
810  53  PHE  HE1  6.115  -7.528  2.595  7.55
811  53  PHE  HE2  3.972  -10.688  1.393  7.55
812  53  PHE  HZ  4.936  -9.453  3.095  7.32
813  54  GLU  N  4.958  -6.357  -4.572  119.06
814  54  GLU  CA  5.481  -5.508  -5.636  59.71
815  54  GLU  C  4.672  -4.22  -5.751  179.65
816  54  GLU  O  5.234  -3.131  -5.869  4.56
817  54  GLU  CB  5.462  -6.256  -6.971  29.48
818  54  GLU  CG  6.318  -7.512  -6.978  36.46
819  54  GLU  CD  6.878  -7.828  -8.35  113.71
820  54  GLU  OE1  6.149  -8.43  -9.166  61.74
821  54  GLU  OE2  8.047  -7.473  -8.61  175.6
822  54  GLU  H  4.688  -7.151  -4.763  8.37
823  54  GLU  HA  6.398  -5.283  -5.414  4.07
824  54  GLU  HB2  4.548  -6.508  -7.175  2.09
825  54  GLU  HB3  5.787  -5.662  -7.666  2.25
826  54  GLU  HG2  7.057  -7.388  -6.363  2.38
827  54  GLU  HG3  5.775  -8.26  -6.684  2.49
828  55  GLN  N  3.35  -4.352  -5.715  116.54
829  55  GLN  CA  2.464  -3.199  -5.817  57.81
830  55  GLN  C  2.848  -2.126  -4.803  178.02
831  55  GLN  O  2.987  -0.953  -5.149  63
832  55  GLN  CB  1.011  -3.625  -5.6  28.11
833  55  GLN  CG  0.357  -4.211  -6.841  34.09
834  55  GLN  CD  -0.911  -4.98  -6.525  28.58
835  55  GLN  OE1  -1.754  -4.519  -5.755  2.04
836  55  GLN  NE2  -1.052  -6.159  -7.119  111.77
837  55  GLN  H  3.01  -5.137  -5.631  8.28
838  55  GLN  HA  2.555  -2.831  -6.71  3.98
839  55  GLN  HB2  0.982  -4.292  -4.897  1.93
840  55  GLN  HB3  0.496  -2.851  -5.323  1.93
841  55  GLN  HG2  0.137  -3.488  -7.449  2.34
842  55  GLN  HG3  0.986  -4.812  -7.27  2.48
843  55  GLN  HE21  -0.426  -6.425  -7.646  7.45
844  55  GLN  HE22  -1.763  -6.615  -6.956  6.66
845  56  ARG  N  3.018  -2.537  -3.55  117.97
846  56  ARG  CA  3.385  -1.611  -2.486  57.31
847  56  ARG  C  4.469  -0.645  -2.955  177.78
848  56  ARG  O  4.427  0.548  -2.653  7.16
849  56  ARG  CB  3.87  -2.38  -1.256  29.6
850  56  ARG  CG  2.83  -3.329  -0.682  25.66
851  56  ARG  CD  1.727  -2.573  0.044  42.31
852  56  ARG  NE  0.481  -3.334  0.089  5.72
853  56  ARG  CZ  -0.712  -2.779  0.27  6.39
854  56  ARG  NH1  -0.82  -1.466  0.421  118.16
855  56  ARG  NH2  -1.8  -3.538  0.299  63.37
856  56  ARG  H  2.908  -3.369  -3.363  7.41
857  56  ARG  HA  2.595  -1.102  -2.248  3.73
858  56  ARG  HB2  4.652  -2.899  -1.499  1.03
859  56  ARG  HB3  4.115  -1.744  -0.566  1.38
860  56  ARG  HG2  2.435  -3.839  -1.406  0.55
861  56  ARG  HG3  3.264  -3.931  -0.057  0.55
862  56  ARG  HD2  2.019  -2.392  0.951  1.82
863  56  ARG  HD3  1.569  -1.735  -0.418  1.61
864  56  ARG  HE  0.532  -4.187  -0.008  130.02
865  56  ARG  HH11  -0.116  -0.972  0.401  9.11
866  56  ARG  HH12  -1.594  -1.109  0.536  3.88
867  56  ARG  HH21  -1.733  -4.39  0.201  3.35
868  56  ARG  HH22  -2.572  -3.178  0.416  3.53
869  57  LYS  N  5.44  -1.168  -3.695  7.9
870  57  LYS  CA  6.536  -0.354  -4.208  58.49
871  57  LYS  C  6.007  0.8  -5.053  7.45
872  57  LYS  O  6.524  1.916  -4.991  7.45
873  57  LYS  CB  7.491  -1.213  -5.04  32.69
874  57  LYS  CG  8.093  -2.375  -4.268  25.26
875  57  LYS  CD  9.385  -2.858  -4.906  29.57
876  57  LYS  CE  9.118  -3.889  -5.993  42.21
877  57  LYS  NZ  10.346  -4.2  -6.775  8.27
878  57  LYS  H  5.422  -2.008  -3.877  7.47
879  57  LYS  HA  7.018  0.009  -3.448  4.21
880  57  LYS  HB2  7.008  -1.571  -5.801  1.96
881  57  LYS  HB3  8.216  -0.654  -5.361  1.96
882  57  LYS  HG2  8.279  -2.087  -3.36  1.49
883  57  LYS  HG3  7.456  -3.106  -4.253  1.64
884  57  LYS  HD2  9.846  -2.1  -5.299  1.76
885  57  LYS  HD3  9.943  -3.259  -4.221  1.76
886  57  LYS  HE2  8.794  -4.703  -5.578  2.98
887  57  LYS  HE3  8.441  -3.54  -6.593  2.98
888  57  LYS  HZ1  10.96  -3.569  -6.644  7.82
889  57  LYS  HZ2  10.154  -4.237  -7.643  28.91
890  57  LYS  HZ3  10.681  -4.984  -6.52  35.97
891  58  VAL  N  4.972  0.525  -5.841  60.87
892  58  VAL  CA  4.372  1.542  -6.696  64.05
893  58  VAL  C  3.978  2.775  -5.891  177.42
894  58  VAL  O  4.267  3.905  -6.286  8.07
895  58  VAL  CB  3.127  0.999  -7.424  32.16
896  58  VAL  CG1  2.507  2.078  -8.299  21.07
897  58  VAL  CG2  3.486  -0.228  -8.249  21.38
898  58  VAL  H  4.649  -0.272  -5.846  7.56
899  58  VAL  HA  5.027  1.798  -7.364  3.87
900  58  VAL  HB  2.474  0.737  -6.757  2.02
901  58  VAL  HG11  2.186  2.803  -7.74  56.58
902  58  VAL  HG12  3.174  2.416  -8.917  178.85
903  58  VAL  HG13  1.765  1.702  -8.798  1.5
904  58  VAL  HG21  2.687  -0.754  -8.408  27.95
905  58  VAL  HG22  3.862  0.052  -9.098  23.94
906  58  VAL  HG23  4.137  -0.763  -7.767  40.83
907  59  TYR  N  3.318  2.551  -4.761  120.33
908  59  TYR  CA  2.883  3.645  -3.9  59.15
909  59  TYR  C  4.065  4.247  -3.145  176.69
910  59  TYR  O  4.204  5.467  -3.063  7.59
911  59  TYR  CB  1.828  3.152  -2.908  38.42
912  59  TYR  CG  0.982  2.016  -3.438  3.49
913  59  TYR  CD1  0.23  2.166  -4.596  133.02
914  59  TYR  CD2  0.936  0.793  -2.78  133.02
915  59  TYR  CE1  -0.545  1.131  -5.083  118.2
916  59  TYR  CE2  0.166  -0.248  -3.261  118.2
917  59  TYR  CZ  -0.573  -0.074  -4.413  2.05
918  59  TYR  OH  -1.343  -1.107  -4.895  2.46
919  59  TYR  H  3.142  1.741  -4.531  7.87
920  59  TYR  HA  2.489  4.33  -4.463  4.38
921  59  TYR  HB2  2.27  2.843  -2.102  2.9
922  59  TYR  HB3  1.235  3.887  -2.684  2.99
923  59  TYR  HD1  0.252  2.979  -5.046  7.03
924  59  TYR  HD2  1.435  0.679  -2.004  7.03
925  59  TYR  HE1  -1.043  1.248  -5.86  6.74
926  59  TYR  HE2  0.145  -1.061  -2.809  6.74
927  59  TYR  HH  -1.837  -0.824  -5.512  1.7
928  60  GLN  N  4.912  3.382  -2.598  119.38
929  60  GLN  CA  6.082  3.828  -1.85  56.86
930  60  GLN  C  6.939  4.769  -2.691  176.44
931  60  GLN  O  7.54  5.709  -2.171  65.7
932  60  GLN  CB  6.914  2.626  -1.4  29.04
933  60  GLN  CG  6.514  2.086  -0.037  33.55
934  60  GLN  CD  6.875  3.028  1.094  67.96
935  60  GLN  OE1  7.928  2.893  1.718  8.09
936  60  GLN  NE2  6.001  3.991  1.365  112.2
937  60  GLN  H  4.767  2.539  -2.687  8.07
938  60  GLN  HA  5.769  4.307  -1.067  4.1
939  60  GLN  HB2  6.814  1.914  -2.051  1.97
940  60  GLN  HB3  7.847  2.889  -1.36  1.97
941  60  GLN  HG2  5.554  1.944  -0.027  2.19
942  60  GLN  HG3  6.966  1.24  0.108  2.19
943  60  GLN  HE21  5.283  4.031  0.893  6.85
944  60  GLN  HE22  6.184  4.538  2.003  7.43
945  61  TYR  N  6.991  4.509  -3.993  118.5
946  61  TYR  CA  7.778  5.331  -4.905  58.48
947  61  TYR  C  6.966  6.524  -5.399  176.57
948  61  TYR  O  7.504  7.613  -5.603  116.99
949  61  TYR  CB  8.254  4.496  -6.095  58.13
950  61  TYR  CG  9.64  3.92  -5.914  177.47
951  61  TYR  CD1  10.766  4.628  -6.318  133.17
952  61  TYR  CD2  9.825  2.668  -5.341  133.17
953  61  TYR  CE1  12.034  4.106  -6.156  118.23
954  61  TYR  CE2  11.09  2.139  -5.173  118.23
955  61  TYR  CZ  12.191  2.861  -5.582  41.98
956  61  TYR  OH  13.453  2.337  -5.419  31.97
957  61  TYR  H  6.552  3.838  -4.305  8
958  61  TYR  HA  8.552  5.657  -4.42  4.54
959  61  TYR  HB2  7.64  3.757  -6.231  2.98
960  61  TYR  HB3  8.263  5.052  -6.89  3.14
961  61  TYR  HD1  10.658  5.467  -6.704  7.16
962  61  TYR  HD2  9.08  2.183  -5.066  7.16
963  61  TYR  HE1  12.777  4.593  -6.432  6.82
964  61  TYR  HE2  11.196  1.299  -4.787  6.82
965  61  TYR  HH  13.66  2.356  -4.605  2.95
966  62  SER  N  5.668  6.311  -5.589  2.95
967  62  SER  CA  4.781  7.368  -6.063  28.55
968  62  SER  C  4.314  8.244  -4.905  119.52
969  62  SER  O  4.213  7.787  -3.767  60.01
970  62  SER  CB  3.572  6.764  -6.78  118.46
971  62  SER  OG  3.074  7.647  -7.771  57.32
972  62  SER  H  5.344  5.53  -5.431  8.07
973  62  SER  HA  5.279  7.916  -6.689  4.37
974  62  SER  HB2  3.834  5.932  -7.205  3.88
975  62  SER  HB3  2.869  6.591  -6.134  3.85
976  62  SER  HG  3.299  8.434  -7.583  29.01
977  63  ASN  N  4.031  9.508  -5.204  41.9
978  63  ASN  CA  3.575  10.45  -4.189  50.86
979  63  ASN  C  2.243  10.006  -3.593  7.51
980  63  ASN  O  1.309  9.665  -4.32  4.18
981  63  ASN  CB  3.437  11.851  -4.788  38.96
982  63  ASN  CG  4.717  12.326  -5.45  1.85
983  63  ASN  OD1  5.618  12.84  -4.786  1.35
984  63  ASN  ND2  4.802  12.155  -6.764  112.91
985  63  ASN  H  4.12  9.777  -6.016  1.55
986  63  ASN  HA  4.241  10.473  -3.484  4.74
987  63  ASN  HB2  2.733  11.843  -5.456  2.72
988  63  ASN  HB3  3.204  12.478  -4.085  2.83
989  63  ASN  HD21  4.138  11.789  -7.17  7.5
990  63  ASN  HD22  5.519  12.416  -7.161  6.84
991  64  SER  N  2.161  10.014  -2.267  23.15
992  64  SER  CA  0.944  9.609  -1.573  58.83
993  64  SER  C  -0.078  10.742  -1.564  174.72
994  64  SER  O  -1.269  10.519  -1.786  176.45
995  64  SER  CB  1.266  9.186  -0.139  63.76
996  64  SER  OG  0.283  8.298  0.364  32.17
997  64  SER  H  2.844  10.262  -1.806  21.01
998  64  SER  HA  0.568  8.852  -2.049  4.41
999  64  SER  HB2  2.128  8.741  -0.121  3.87
1000  64  SER  HB3  1.296  9.972  0.428  3.87
1001  64  SER  HG  -0.482  8.591  0.177  2.2
1002  65  ARG  N  0.395  11.956  -1.306  121.38
1003  65  ARG  CA  -0.476  13.124  -1.266  56.22
1004  65  ARG  C  -1.49  13.085  -2.406  176.42
1005  65  ARG  O  -2.698  13.157  -2.179  28.23
1006  65  ARG  CB  0.351  14.408  -1.349  57.6
1007  65  ARG  CG  -0.398  15.646  -0.885  27.06
1008  65  ARG  CD  -0.574  15.657  0.625  43.35
1009  65  ARG  NE  -1.47  16.724  1.064  53.77
1010  65  ARG  CZ  -1.101  17.996  1.169  175.26
1011  65  ARG  NH1  0.138  18.357  0.867  120.07
1012  65  ARG  NH2  -1.974  18.909  1.575  38.72
1013  65  ARG  H  1.236  12.056  -1.158  8.26
1014  65  ARG  HA  -0.954  13.111  -0.422  4.41
1015  65  ARG  HB2  1.142  14.307  -0.797  1.78
1016  65  ARG  HB3  0.624  14.545  -2.27  1.91
1017  65  ARG  HG2  0.103  16.434  -1.147  1.62
1018  65  ARG  HG3  -1.272  15.662  -1.305  1.62
1019  65  ARG  HD2  -0.943  14.804  0.901  3.16
1020  65  ARG  HD3  0.294  15.784  1.039  3.16
1021  65  ARG  HE  -2.278  16.509  1.264  6.96
1022  65  ARG  HH11  0.705  17.767  0.603  122.85
1023  65  ARG  HH12  0.374  19.181  0.934  53.13
1024  65  ARG  HH21  -2.779  18.677  1.771  177.97
1025  65  ARG  HH22  -1.735  19.732  1.643  120.7
1026  66  SER  N  -0.99  12.97  -3.632  18.86
1027  66  SER  CA  -1.851  12.925  -4.808  8.22
1028  66  SER  C  -2.766  11.705  -4.766  4.29
1029  66  SER  O  -2.361  10.626  -4.337  39.36
1030  66  SER  CB  -1.006  12.899  -6.084  2.12
1031  66  SER  OG  -0.252  11.703  -6.172  132.21
1032  66  SER  H  -0.137  12.923  -3.735  8.25
1033  66  SER  HA  -2.397  13.727  -4.808  4.51
1034  66  SER  HB2  -1.59  12.958  -6.856  3.88
1035  66  SER  HB3  -0.396  13.653  -6.08  3.88
1036  66  SER  HG  -0.742  11.048  -5.98  9.03
1037  67  GLY  N  -4.005  11.886  -5.214  36.22
1038  67  GLY  CA  -4.959  10.793  -5.219  3.43
1039  67  GLY  C  -4.3  9.449  -5.457  3.26
1040  67  GLY  O  -4.049  9.05  -6.595  7.78
1041  67  GLY  H  -4.239  12.661  -5.503  8.2
1042  67  GLY  HA2  -5.415  10.771  -4.363  4.11
1043  67  GLY  HA3  -5.612  10.95  -5.919  2.04
1044  68  PRO  N  -4.008  8.727  -4.366  2.09
1045  68  PRO  CA  -3.369  7.409  -4.436  2.3
1046  68  PRO  C  -4.297  6.345  -5.012  2.36
1047  68  PRO  O  -5.414  6.644  -5.435  178.67
1048  68  PRO  CB  -3.039  7.097  -2.974  26.99
1049  68  PRO  CG  -4.025  7.888  -2.186  28.38
1050  68  PRO  CD  -4.28  9.14  -2.979  33.66
1051  68  PRO  HA  -2.55  7.438  -4.955  7.75
1052  68  PRO  HB2  -3.139  6.145  -2.815  36.22
1053  68  PRO  HB3  -2.128  7.369  -2.78  111.2
1054  68  PRO  HG2  -4.846  7.382  -2.081  2
1055  68  PRO  HG3  -3.652  8.11  -1.319  3.96
1056  68  PRO  HD2  -5.202  9.425  -2.877  3.61
1057  68  PRO  HD3  -3.673  9.845  -2.703  4.3
1058  69  SER  N  -3.828  5.102  -5.025  2.05
1059  69  SER  CA  -4.615  3.993  -5.553  2.1
1060  69  SER  C  -5.872  3.774  -4.718  2.32
1061  69  SER  O  -6.983  3.735  -5.246  2.32
1062  69  SER  CB  -3.777  2.713  -5.58  119.03
1063  69  SER  OG  -4.207  1.844  -6.614  55.3
1064  69  SER  H  -3.04  4.948  -4.717  177.38
1065  69  SER  HA  -4.876  4.218  -6.459  4.48
1066  69  SER  HB2  -2.846  2.941  -5.73  3.87
1067  69  SER  HB3  -3.865  2.254  -4.73  3.87
1068  69  SER  HG  -3.647  1.225  -6.711  21.57
1069  70  SER  N  -5.689  3.631  -3.409  8.13
1070  70  SER  CA  -6.807  3.412  -2.499  4.28
1071  70  SER  C  -6.58  4.134  -1.175  4.23
1072  70  SER  O  -5.457  4.205  -0.678  2.52
1073  70  SER  CB  -7.003  1.915  -2.249  2.71
1074  70  SER  OG  -5.85  1.342  -1.658  7.54
1075  70  SER  H  -4.891  3.666  -3.091  8.3
1076  70  SER  HA  -7.606  3.769  -2.918  4.47
1077  70  SER  HB2  -7.758  1.785  -1.654  3.87
1078  70  SER  HB3  -7.176  1.469  -3.093  3.87
1079  70  SER  HG  -5.722  1.685  -0.902  120.19
1080  71  GLY  N  -7.657  4.671  -0.609  32.71
1081  71  GLY  CA  -7.555  5.382  0.652  24.58
1082  71  GLY  C  -7.592  6.887  0.474  28.88
1083  71  GLY  O  -8.227  7.596  1.254  42.07
1084  71  GLY  H  -8.421  4.595  -0.997  8.04
1085  71  GLY  HA2  -8.292  5.115  1.223  8.2
1086  71  GLY  HA3  -6.72  5.139  1.082  4.33
