1  1  GLY  N  -36.542  -15.806  1.678  124.37
2  1  GLY  CA  -35.801  -15.805  0.431  43.48
3  1  GLY  C  -36.444  -16.679  -0.627  173.91
4  1  GLY  O  -36.369  -17.906  -0.559  55.76
5  1  GLY  H  -36.251  -15.324  2.367  31.19
6  1  GLY  HA2  -35.748  -14.896  0.098  3.77
7  1  GLY  HA3  -34.903  -16.13  0.601  3.91
8  1  GLY  H2  -37.382  -16.056  1.524  16.9
9  1  GLY  H3  -36.163  -16.375  2.248  4.33
10  2  SER  N  -37.081  -16.047  -1.608  115.65
11  2  SER  CA  -37.745  -16.776  -2.682  58.27
12  2  SER  C  -36.76  -17.122  -3.794  174.42
13  2  SER  O  -36.416  -16.276  -4.62  2.48
14  2  SER  CB  -38.901  -15.949  -3.249  63.66
15  2  SER  OG  -39.833  -15.613  -2.235  2.11
16  2  SER  H  -37.103  -15.187  -1.608  2.11
17  2  SER  HA  -38.098  -17.599  -2.31  4.49
18  2  SER  HB2  -38.551  -15.131  -3.636  3.9
19  2  SER  HB3  -39.356  -16.462  -3.935  3.91
20  2  SER  HG  -40.501  -15.239  -2.582  121.81
21  3  SER  N  -36.309  -18.373  -3.809  116.96
22  3  SER  CA  -35.36  -18.831  -4.816  58.27
23  3  SER  C  -34.199  -17.851  -4.956  173.69
24  3  SER  O  -33.772  -17.531  -6.064  32.18
25  3  SER  CB  -36.06  -19.006  -6.165  63.99
26  3  SER  OG  -35.439  -20.02  -6.935  43.67
27  3  SER  H  -36.583  -18.924  -3.208  8.32
28  3  SER  HA  -35.012  -19.689  -4.529  4.47
29  3  SER  HB2  -36.987  -19.249  -6.017  3.89
30  3  SER  HB3  -36.021  -18.171  -6.658  3.94
31  3  SER  HG  -34.607  -19.988  -6.823  4.31
32  4  GLY  N  -33.694  -17.377  -3.821  116.83
33  4  GLY  CA  -32.587  -16.438  -3.838  46.08
34  4  GLY  C  -31.591  -16.696  -2.725  178.75
35  4  GLY  O  -30.39  -16.807  -2.971  1.56
36  4  GLY  H  -34.028  -17.632  -3.071  8.04
37  4  GLY  HA2  -32.13  -16.506  -4.691  3.7
38  4  GLY  HA3  -32.939  -15.539  -3.741  3.19
39  5  SER  N  -32.09  -16.789  -1.496  115.77
40  5  SER  CA  -31.235  -17.03  -0.34  57.96
41  5  SER  C  -29.908  -16.289  -0.482  173.67
42  5  SER  O  -28.838  -16.871  -0.307  3.91
43  5  SER  CB  -30.979  -18.529  -0.172  64.53
44  5  SER  OG  -32.147  -19.199  0.27  124.96
45  5  SER  H  -32.938  -16.703  -1.38  53.31
46  5  SER  HA  -31.696  -16.698  0.446  177.64
47  5  SER  HB2  -30.705  -18.906  -1.023  3.84
48  5  SER  HB3  -30.275  -18.663  0.482  43.23
49  5  SER  HG  -32.065  -20.024  0.135  26.62
50  6  SER  N  -29.988  -15.001  -0.8  113.74
51  6  SER  CA  -28.795  -14.18  -0.97  59.76
52  6  SER  C  -28.405  -13.511  0.344  174.7
53  6  SER  O  -29.089  -13.658  1.356  5.13
54  6  SER  CB  -29.03  -13.119  -2.046  62.94
55  6  SER  OG  -29.205  -13.714  -3.32  1.08
56  6  SER  H  -30.763  -14.644  -0.911  7.61
57  6  SER  HA  -28.072  -14.761  -1.252  4.39
58  6  SER  HB2  -29.826  -12.609  -1.827  4.03
59  6  SER  HB3  -28.265  -12.524  -2.082  3.91
60  6  SER  HG  -28.469  -14.011  -3.595  8.3
61  7  GLY  N  -27.299  -12.774  0.32  110.34
62  7  GLY  CA  -26.835  -12.092  1.515  45.4
63  7  GLY  C  -27.922  -11.261  2.166  173.58
64  7  GLY  O  -29.04  -11.179  1.657  59.22
65  7  GLY  H  -26.855  -12.702  -0.413  8.34
66  7  GLY  HA2  -26.521  -12.754  2.151  3.9
67  7  GLY  HA3  -26.097  -11.51  1.276  3.9
68  8  TRP  N  -27.596  -10.644  3.296  120.84
69  8  TRP  CA  -28.554  -9.816  4.02  57.15
70  8  TRP  C  -27.878  -8.575  4.593  175.78
71  8  TRP  O  -27.097  -8.666  5.541  4.59
72  8  TRP  CB  -29.209  -10.621  5.143  29.42
73  8  TRP  CG  -30.483  -10.012  5.646  33.36
74  8  TRP  CD1  -30.611  -8.863  6.373  126.84
75  8  TRP  CD2  -31.808  -10.521  5.459  121.67
76  8  TRP  NE1  -31.936  -8.628  6.65  129.26
77  8  TRP  CE2  -32.691  -9.63  6.099  8.19
78  8  TRP  CE3  -32.335  -11.642  4.811  120.76
79  8  TRP  CZ2  -34.069  -9.828  6.111  114.51
80  8  TRP  CZ3  -33.703  -11.837  4.824  121.96
81  8  TRP  CH2  -34.557  -10.933  5.469  124.59
82  8  TRP  H  -26.8  -10.735  3.609  7.93
83  8  TRP  HA  -29.238  -9.537  3.392  4.64
84  8  TRP  HB2  -29.41  -11.513  4.819  3.21
85  8  TRP  HB3  -28.592  -10.683  5.889  3.21
86  8  TRP  HD1  -29.898  -8.328  6.638  7.17
87  8  TRP  HE1  -32.241  -7.959  7.096  10.09
88  8  TRP  HE3  -31.781  -12.252  4.379  7.55
89  8  TRP  HZ2  -34.648  -9.236  6.535  7.46
90  8  TRP  HZ3  -34.069  -12.578  4.398  7.09
91  8  TRP  HH2  -35.472  -11.098  5.456  7.18
92  9  ILE  N  -28.183  -7.419  4.014  122.73
93  9  ILE  CA  -27.605  -6.161  4.47  61.02
94  9  ILE  C  -27.704  -6.027  5.985  175.44
95  9  ILE  O  -28.696  -5.52  6.511  1.84
96  9  ILE  CB  -28.297  -4.953  3.812  38.77
97  9  ILE  CG1  -28.203  -5.05  2.288  27.07
98  9  ILE  CG2  -27.676  -3.654  4.305  17.21
99  9  ILE  CD  -29.155  -4.124  1.564  2.31
100  9  ILE  H  -28.735  -7.413  3.355  7.87
101  9  ILE  HA  -26.669  -6.153  4.215  4.01
102  9  ILE  HB  -29.231  -4.958  4.074  1.69
103  9  ILE  HG12  -27.301  -4.827  2.01  1.29
104  9  ILE  HG13  -28.406  -5.959  2.017  1
105  9  ILE  HG21  -26.981  -3.853  4.952  50.4
106  9  ILE  HG22  -27.291  -3.176  3.554  4.44
107  9  ILE  HG23  -28.359  -3.106  4.722  1.91
108  9  ILE  HD11  -29.932  -4.705  1.09  2.29
109  9  ILE  HD12  -29.597  -3.437  2.27  2.04
110  9  ILE  HD13  -28.613  -3.568  0.812  4
111  10  LEU  N  -26.671  -6.484  6.683  126.11
112  10  LEU  CA  -26.64  -6.414  8.14  54.95
113  10  LEU  C  -26.319  -4.999  8.611  176.58
114  10  LEU  O  -26.044  -4.113  7.802  56.51
115  10  LEU  CB  -25.606  -7.395  8.696  42.22
116  10  LEU  CG  -25.994  -8.874  8.656  26.9
117  10  LEU  CD1  -24.776  -9.752  8.899  24.75
118  10  LEU  CD2  -27.079  -9.168  9.682  23.75
119  10  LEU  H  -26.002  -6.83  6.267  8.08
120  10  LEU  HA  -27.518  -6.662  8.469  4.25
121  10  LEU  HB2  -24.79  -7.289  8.183  1.55
122  10  LEU  HB3  -25.438  -7.156  9.621  1.55
123  10  LEU  HG  -26.346  -9.086  7.777  1.58
124  10  LEU  HD11  -25.027  -10.684  8.806  1.64
125  10  LEU  HD12  -24.438  -9.596  9.795  1.57
126  10  LEU  HD13  -24.087  -9.536  8.251  118.04
127  10  LEU  HD21  -27.774  -9.706  9.272  63.65
128  10  LEU  HD22  -27.461  -8.334  9.997  176.78
129  10  LEU  HD23  -26.694  -9.652  10.43  1.88
130  11  ALA  N  -26.355  -4.795  9.923  125.23
131  11  ALA  CA  -26.065  -3.489  10.502  52.4
132  11  ALA  C  -24.847  -2.854  9.84  177.36
133  11  ALA  O  -23.836  -3.519  9.61  58.78
134  11  ALA  CB  -25.847  -3.614  12.003  177.54
135  11  ALA  H  -26.553  -5.45  10.444  8.22
136  11  ALA  HA  -26.836  -2.919  10.356  4.31
137  11  ALA  HB1  -25.485  -2.782  12.346  25.25
138  11  ALA  HB2  -26.693  -3.803  12.438  29.25
139  11  ALA  HB3  -25.223  -4.336  12.18  41.84
140  12  SER  N  -24.95  -1.565  9.534  114.79
141  12  SER  CA  -23.858  -0.841  8.893  58.19
142  12  SER  C  -23.529  0.436  9.661  174.56
143  12  SER  O  -24.351  0.947  10.422  1.85
144  12  SER  CB  -24.223  -0.501  7.447  63.82
145  12  SER  OG  -23.109  0.031  6.752  1.47
146  12  SER  H  -25.68  -1.148  9.716  8.25
147  12  SER  HA  -23.078  -1.418  8.895  4.46
148  12  SER  HB2  -24.52  -1.305  6.993  3.87
149  12  SER  HB3  -24.937  0.155  7.443  2.92
150  12  SER  HG  -22.911  -0.474  6.111  1.79
151  13  THR  N  -22.319  0.947  9.455  1.72
152  13  THR  CA  -21.879  2.163  10.127  61.64
153  13  THR  C  -22.4  3.405  9.413  174.47
154  13  THR  O  -22.848  3.335  8.268  116.6
155  13  THR  CB  -20.342  2.237  10.205  69.7
156  13  THR  OG1  -19.784  2.22  8.886  176.52
157  13  THR  CG2  -19.785  1.074  11.012  21.55
158  13  THR  H  -21.784  0.549  8.912  8.17
159  13  THR  HA  -22.229  2.149  11.031  4.47
160  13  THR  HB  -20.094  3.066  10.643  4.3
161  13  THR  HG1  -19.158  2.778  8.841  111.75
162  13  THR  HG21  -18.816  1.092  10.979  8.08
163  13  THR  HG22  -20.106  0.238  10.638  4.6
164  13  THR  HG23  -20.078  1.15  11.934  2.84
165  14  THR  N  -22.34  4.544  10.097  115.52
166  14  THR  CA  -22.807  5.802  9.529  61.8
167  14  THR  C  -21.683  6.83  9.472  174.31
168  14  THR  O  -21.761  7.807  8.728  120.99
169  14  THR  CB  -23.979  6.384  10.341  69.66
170  14  THR  OG1  -25.002  5.395  10.504  177.69
171  14  THR  CG2  -24.558  7.611  9.651  21.63
172  14  THR  H  -22.018  4.536  10.894  8.17
173  14  THR  HA  -23.119  5.626  8.627  4.37
174  14  THR  HB  -23.65  6.646  11.215  4.22
175  14  THR  HG1  -24.683  4.724  10.895  24.58
176  14  THR  HG21  -24.7  7.417  8.711  7.95
177  14  THR  HG22  -23.94  8.353  9.739  4.1
178  14  THR  HG23  -25.404  7.844  10.064  1.63
179  15  GLU  N  -20.638  6.602  10.262  123.44
180  15  GLU  CA  -19.498  7.511  10.3  56.55
181  15  GLU  C  -18.362  6.923  11.132  176.19
182  15  GLU  O  -18.59  6.115  12.031  176
183  15  GLU  CB  -19.916  8.866  10.874  30.36
184  15  GLU  CG  -20.511  8.779  12.27  36.2
185  15  GLU  CD  -20.295  10.044  13.076  29.21
186  15  GLU  OE1  -20.974  11.053  12.791  42.04
187  15  GLU  OE2  -19.447  10.026  13.993  118.29
188  15  GLU  H  -20.635  5.903  10.763  8.37
189  15  GLU  HA  -19.187  7.637  9.39  4.33
190  15  GLU  HB2  -19.138  9.444  10.91  1.99
191  15  GLU  HB3  -20.577  9.264  10.286  1.88
192  15  GLU  HG2  -21.465  8.62  12.193  2.21
193  15  GLU  HG3  -20.098  8.037  12.74  2.21
194  16  GLY  N  -17.136  7.335  10.824  109.58
195  16  GLY  CA  -15.982  6.839  11.551  44.69
196  16  GLY  C  -14.956  6.194  10.64  173.51
197  16  GLY  O  -15.11  5.041  10.238  1.5
198  16  GLY  H  -17.029  7.902  10.186  8.36
199  16  GLY  HA2  -15.565  7.579  12.019  4.03
200  16  GLY  HA3  -16.279  6.183  12.2  3.87
201  17  ALA  N  -13.906  6.94  10.311  55.12
202  17  ALA  CA  -12.851  6.434  9.442  50.38
203  17  ALA  C  -11.615  7.325  9.503  174.56
204  17  ALA  O  -11.702  8.534  9.723  33.83
205  17  ALA  CB  -13.354  6.324  8.011  17.41
206  17  ALA  H  -13.847  7.74  10.62  8.08
207  17  ALA  HA  -12.612  5.545  9.747  4.24
208  17  ALA  HB1  -13.088  5.468  7.64  176.72
209  17  ALA  HB2  -14.321  6.393  8.002  8.55
210  17  ALA  HB3  -12.973  7.039  7.478  62.43
211  18  PRO  N  -10.436  6.717  9.306  1.18
212  18  PRO  CA  -9.16  7.438  9.334  63.11
213  18  PRO  C  -8.992  8.367  8.137  176.28
214  18  PRO  O  -8.473  7.966  7.095  3.87
215  18  PRO  CB  -8.119  6.316  9.29  31.6
216  18  PRO  CG  -8.815  5.178  8.628  27.23
217  18  PRO  CD  -10.258  5.28  9.039  49.58
218  18  PRO  HA  -9.055  7.946  10.154  4.48
219  18  PRO  HB2  -7.349  6.608  8.778  2.3
220  18  PRO  HB3  -7.846  6.088  10.192  1.91
221  18  PRO  HG2  -8.733  5.256  7.665  1.83
222  18  PRO  HG3  -8.438  4.338  8.933  1.83
223  18  PRO  HD2  -10.838  4.987  8.318  3.87
224  18  PRO  HD3  -10.42  4.757  9.84  3.24
225  19  SER  N  -9.434  9.611  8.293  114.02
226  19  SER  CA  -9.336  10.597  7.223  58.38
227  19  SER  C  -7.919  11.155  7.127  173.66
228  19  SER  O  -7.724  12.361  6.97  1.55
229  19  SER  CB  -10.331  11.735  7.457  64.26
230  19  SER  OG  -11.593  11.435  6.887  118.25
231  19  SER  H  -9.789  9.839  9.042  8.83
232  19  SER  HA  -9.554  10.153  6.389  4.46
233  19  SER  HB2  -10.442  11.873  8.411  3.96
234  19  SER  HB3  -9.99  12.547  7.051  3.83
235  19  SER  HG  -12.061  12.132  6.86  3.25
236  20  VAL  N  -6.933  10.27  7.223  116.72
237  20  VAL  CA  -5.534  10.672  7.147  60.18
238  20  VAL  C  -4.661  9.531  6.638  174.44
239  20  VAL  O  -5.037  8.362  6.723  174.72
240  20  VAL  CB  -5.007  11.135  8.518  34.64
241  20  VAL  CG1  -5.559  12.509  8.867  21.88
242  20  VAL  CG2  -5.362  10.12  9.595  19.83
243  20  VAL  H  -7.125  9.439  7.333  7.46
244  20  VAL  HA  -5.469  11.417  6.529  4.47
245  20  VAL  HB  -4.04  11.2  8.468  2.08
246  20  VAL  HG11  -5.573  13.062  8.07  0.85
247  20  VAL  HG12  -6.46  12.417  9.215  119.42
248  20  VAL  HG13  -4.993  12.923  9.537  1.41
249  20  VAL  HG21  -4.885  10.336  10.412  66.37
250  20  VAL  HG22  -6.317  10.146  9.762  176.72
251  20  VAL  HG23  -5.11  9.232  9.298  4.22
252  21  ALA  N  -3.492  9.878  6.109  127.12
253  21  ALA  CA  -2.563  8.883  5.588  49.99
254  21  ALA  C  -1.318  8.782  6.463  174.58
255  21  ALA  O  -1.066  9.626  7.324  117.46
256  21  ALA  CB  -2.178  9.219  4.155  18.34
257  21  ALA  H  -3.278  10.71  6.075  8.41
258  21  ALA  HA  -3.014  8.024  5.585  4.83
259  21  ALA  HB1  -2.504  10.105  3.933  32.27
260  21  ALA  HB2  -1.212  9.197  4.067  26.26
261  21  ALA  HB3  -2.573  8.568  3.554  29.64
262  22  PRO  N  -0.521  7.727  6.24  42.03
263  22  PRO  CA  0.712  7.492  6.999  63.67
264  22  PRO  C  1.799  8.508  6.668  173.01
265  22  PRO  O  1.872  9.012  5.546  4.05
266  22  PRO  CB  1.138  6.09  6.558  32.35
267  22  PRO  CG  0.535  5.918  5.206  28.38
268  22  PRO  CD  -0.76  6.683  5.23  50.17
269  22  PRO  HA  0.548  7.496  7.955  4.26
270  22  PRO  HB2  2.106  6.04  6.524  2.29
271  22  PRO  HB3  0.797  5.432  7.184  1.43
272  22  PRO  HG2  1.129  6.283  4.531  1.62
273  22  PRO  HG3  0.367  4.978  5.037  1.56
274  22  PRO  HD2  -0.938  7.076  4.361  4.07
275  22  PRO  HD3  -1.49  6.104  5.499  3.69
276  23  LEU  N  2.644  8.805  7.649  119.18
277  23  LEU  CA  3.729  9.762  7.462  53.99
278  23  LEU  C  5.041  9.044  7.162  175.86
279  23  LEU  O  5.073  7.823  7.018  180.55
280  23  LEU  CB  3.886  10.636  8.707  45.51
281  23  LEU  CG  2.61  10.896  9.509  27.55
282  23  LEU  CD1  2.438  9.845  10.595  23.86
283  23  LEU  CD2  2.637  12.292  10.115  25.92
284  23  LEU  H  2.549  8.425  8.415  7.76
285  23  LEU  HA  3.501  10.326  6.707  4.59
286  23  LEU  HB2  4.523  10.203  9.296  1.58
287  23  LEU  HB3  4.24  11.494  8.424  1.58
288  23  LEU  HG  1.845  10.84  8.915  1.73
289  23  LEU  HD11  3.224  9.277  10.623  178.66
290  23  LEU  HD12  1.656  9.305  10.401  37.91
291  23  LEU  HD13  2.324  10.282  11.453  38.32
292  23  LEU  HD21  3.255  12.307  10.863  61.85
293  23  LEU  HD22  1.748  12.526  10.426  133.25
294  23  LEU  HD23  2.924  12.931  9.444  133.25
295  24  ASN  N  6.122  9.812  7.071  116.04
296  24  ASN  CA  7.438  9.25  6.79  53.66
297  24  ASN  C  7.356  8.198  5.687  173.54
298  24  ASN  O  8.124  7.236  5.674  29.7
299  24  ASN  CB  8.032  8.631  8.057  37.43
300  24  ASN  CG  8.825  9.634  8.873  4.24
301  24  ASN  OD1  10.003  9.425  9.16  3.35
302  24  ASN  ND2  8.179  10.731  9.251  112.42
303  24  ASN  H  6.044  10.662  7.18  8.81
304  24  ASN  HA  8.013  9.972  6.492  4.3
305  24  ASN  HB2  7.313  8.287  8.61  2.94
306  24  ASN  HB3  8.622  7.902  7.809  2.57
307  24  ASN  HD21  7.356  10.819  9.019  7.19
308  24  ASN  HD22  8.607  11.315  9.714  6.91
309  25  VAL  N  6.419  8.389  4.764  61.32
310  25  VAL  CA  6.237  7.458  3.656  63.7
311  25  VAL  C  7.466  7.429  2.755  20.96
312  25  VAL  O  7.739  8.384  2.027  38.72
313  25  VAL  CB  5.003  7.826  2.811  31.34
314  25  VAL  CG1  4.995  7.042  1.508  20.81
315  25  VAL  CG2  3.725  7.579  3.599  20.81
316  25  VAL  H  5.908  9.078  4.821  8.05
317  25  VAL  HA  6.098  6.573  4.028  4.64
318  25  VAL  HB  5.051  8.771  2.596  2.03
319  25  VAL  HG11  5.053  6.093  1.701  66.48
320  25  VAL  HG12  4.174  7.225  1.025  8.86
321  25  VAL  HG13  5.754  7.309  0.967  4.3
322  25  VAL  HG21  3.542  6.627  3.627  3.11
323  25  VAL  HG22  3.833  7.914  4.503  3.19
324  25  VAL  HG23  2.987  8.039  3.17  7.03
325  26  THR  N  8.206  6.326  2.808  120.63
326  26  THR  CA  9.408  6.172  1.997  60.32
327  26  THR  C  9.434  4.814  1.306  6.8
328  26  THR  O  9.079  3.796  1.901  131.14
329  26  THR  CB  10.683  6.328  2.847  72.19
330  26  THR  OG1  10.507  5.687  4.116  53.84
331  26  THR  CG2  11.017  7.797  3.057  21.36
332  26  THR  H  7.97  5.689  3.335  9.32
333  26  THR  HA  9.404  6.869  1.322  4.64
334  26  THR  HB  11.42  5.906  2.379  4.05
335  26  THR  HG1  11.062  5.997  4.665  4.05
336  26  THR  HG21  10.367  8.194  3.657  7.13
337  26  THR  HG22  10.995  8.259  2.204  7.13
338  26  THR  HG23  11.903  7.874  3.444  7.25
339  27  VAL  N  9.857  4.804  0.046  116.48
340  27  VAL  CA  9.932  3.569  -0.726  60.28
341  27  VAL  C  11.285  3.433  -1.415  177.49
342  27  VAL  O  11.665  4.271  -2.232  60.52
343  27  VAL  CB  8.818  3.503  -1.788  42.87
344  27  VAL  CG1  8.938  2.229  -2.609  21.56
345  27  VAL  CG2  7.45  3.597  -1.13  22.04
346  27  VAL  H  10.094  5.544  -0.323  8.25
347  27  VAL  HA  9.813  2.825  -0.114  4.96
348  27  VAL  HB  8.921  4.261  -2.385  1.69
349  27  VAL  HG11  8.427  1.522  -2.185  1.67
350  27  VAL  HG12  8.596  2.387  -3.503  1.85
351  27  VAL  HG13  9.87  1.966  -2.662  1.74
352  27  VAL  HG21  7.537  3.432  -0.178  40.46
353  27  VAL  HG22  7.082  4.483  -1.272  32.22
354  27  VAL  HG23  6.857  2.936  -1.521  26.79
355  28  PHE  N  12.009  2.37  -1.08  123.16
356  28  PHE  CA  13.321  2.123  -1.666  56.24
357  28  PHE  C  13.269  0.951  -2.641  178.73
358  28  PHE  O  12.61  -0.057  -2.384  115.74
359  28  PHE  CB  14.349  1.842  -0.568  42.65
360  28  PHE  CG  14.919  3.086  0.052  172.86
361  28  PHE  CD1  14.133  3.9  0.853  132.24
362  28  PHE  CD2  16.24  3.442  -0.166  132.24
363  28  PHE  CE1  14.655  5.045  1.425  131.12
364  28  PHE  CE2  16.767  4.585  0.404  131.12
365  28  PHE  CZ  15.973  5.388  1.199  110.43
366  28  PHE  H  11.696  1.815  -0.503  8.81
367  28  PHE  HA  13.585  2.921  -2.15  4.88
368  28  PHE  HB2  13.928  1.325  0.136  3.13
369  28  PHE  HB3  15.083  1.332  -0.944  2.96
370  28  PHE  HD1  13.245  3.669  1.004  7.22
371  28  PHE  HD2  16.776  2.903  -0.702  7.22
372  28  PHE  HE1  14.117  5.583  1.96  7.3
373  28  PHE  HE2  17.655  4.815  0.251  7.3
374  28  PHE  HZ  16.326  6.158  1.584  177.03
375  29  LEU  N  13.968  1.091  -3.763  27.05
376  29  LEU  CA  14.002  0.045  -4.779  54.53
377  29  LEU  C  15.416  -0.5  -4.952  8.28
378  29  LEU  O  16.277  0.155  -5.537  3.9
379  29  LEU  CB  13.484  0.585  -6.113  4.12
380  29  LEU  CG  13.938  -0.169  -7.363  27.03
381  29  LEU  CD1  13.264  -1.53  -7.439  26.78
382  29  LEU  CD2  13.641  0.646  -8.614  23.47
383  29  LEU  H  14.411  1.816  -3.894  8.76
384  29  LEU  HA  13.424  -0.675  -4.483  4.57
385  29  LEU  HB2  12.515  0.562  -6.087  1.95
386  29  LEU  HB3  13.781  1.505  -6.196  1.3
387  29  LEU  HG  14.896  -0.312  -7.318  1.56
388  29  LEU  HD11  12.408  -1.493  -6.985  133.62
389  29  LEU  HD12  13.828  -2.194  -7.012  119.78
390  29  LEU  HD13  13.128  -1.771  -8.369  111.65
391  29  LEU  HD21  14.354  0.518  -9.259  7.73
392  29  LEU  HD22  13.579  1.585  -8.38  4.62
393  29  LEU  HD23  12.801  0.352  -8.999  2.06
394  30  ASN  N  15.647  -1.705  -4.44  1.82
395  30  ASN  CA  16.956  -2.339  -4.54  52.24
396  30  ASN  C  17.217  -2.829  -5.961  2.25
397  30  ASN  O  16.409  -3.561  -6.533  6.8
398  30  ASN  CB  17.055  -3.509  -3.558  38.29
399  30  ASN  CG  17.372  -3.054  -2.147  3.86
400  30  ASN  OD1  18.318  -2.298  -1.924  62.5
401  30  ASN  ND2  16.581  -3.515  -1.185  113.37
402  30  ASN  H  15.009  -2.121  -4.041  8.86
403  30  ASN  HA  17.626  -1.677  -4.309  4.83
404  30  ASN  HB2  16.21  -3.984  -3.544  3.08
405  30  ASN  HB3  17.756  -4.112  -3.852  2.9
406  30  ASN  HD21  15.937  -4.04  -1.406  7.79
407  30  ASN  HD22  16.74  -3.27  -0.376  7.21
408  31  GLU  N  18.35  -2.422  -6.524  123.01
409  31  GLU  CA  18.716  -2.82  -7.878  59.58
410  31  GLU  C  19.331  -4.216  -7.887  0.85
411  31  GLU  O  19.199  -4.958  -8.86  3.15
412  31  GLU  CB  19.698  -1.813  -8.481  29.74
413  31  GLU  CG  19.084  -0.451  -8.753  36.89
414  31  GLU  CD  19.962  0.421  -9.63  56.92
415  31  GLU  OE1  21.039  0.841  -9.159  174.19
416  31  GLU  OE2  19.571  0.682  -10.787  1.57
417  31  GLU  H  18.879  -1.91  -6.079  8.95
418  31  GLU  HA  17.907  -2.831  -8.414  4.13
419  31  GLU  HB2  20.441  -1.696  -7.869  2.13
420  31  GLU  HB3  20.034  -2.169  -9.319  2.08
421  31  GLU  HG2  18.231  -0.577  -9.197  2.36
422  31  GLU  HG3  18.942  0.002  -7.907  2.32
423  32  SER  N  20.005  -4.566  -6.796  114.07
424  32  SER  CA  20.645  -5.871  -6.679  58.49
425  32  SER  C  19.647  -6.926  -6.211  55.98
426  32  SER  O  19.781  -8.108  -6.53  180.55
427  32  SER  CB  21.823  -5.8  -5.705  178.68
428  32  SER  OG  21.376  -5.565  -4.381  17.86
429  32  SER  H  20.067  -4.009  -6.144  8.92
430  32  SER  HA  20.975  -6.121  -7.556  4.57
431  32  SER  HB2  22.309  -6.639  -5.727  7.87
432  32  SER  HB3  22.414  -5.077  -5.969  16.85
433  32  SER  HG  21.273  -4.74  -4.262  8.28
434  33  SER  N  18.647  -6.49  -5.453  117.85
435  33  SER  CA  17.627  -7.395  -4.937  58.29
436  33  SER  C  16.27  -7.102  -5.569  179.34
437  33  SER  O  15.876  -5.944  -5.712  2.56
438  33  SER  CB  17.531  -7.275  -3.415  63.43
439  33  SER  OG  18.703  -7.768  -2.789  36.72
440  33  SER  H  18.601  -5.653  -5.26  8.34
441  33  SER  HA  17.889  -8.3  -5.166  4.46
442  33  SER  HB2  17.416  -6.343  -3.173  3.88
443  33  SER  HB3  16.769  -7.787  -3.101  3.88
444  33  SER  HG  19.379  -7.436  -3.16  4.01
445  34  ASP  N  15.558  -8.159  -5.945  1.89
446  34  ASP  CA  14.244  -8.016  -6.561  58.26
447  34  ASP  C  13.171  -7.78  -5.503  2.29
448  34  ASP  O  12.126  -8.429  -5.509  3.63
449  34  ASP  CB  13.904  -9.262  -7.381  120.24
450  34  ASP  CG  13.97  -10.533  -6.558  59.34
451  34  ASP  OD1  15.094  -10.981  -6.249  179.27
452  34  ASP  OD2  12.899  -11.08  -6.223  118.57
453  34  ASP  H  15.881  -8.947  -5.822  29.76
454  34  ASP  HA  14.274  -7.248  -7.152  37.48
455  34  ASP  HB2  13.006  -9.173  -7.736  23.79
456  34  ASP  HB3  14.532  -9.338  -8.117  22.36
457  35  ASN  N  13.438  -6.847  -4.594  115.67
458  35  ASN  CA  12.496  -6.526  -3.529  52.42
459  35  ASN  C  12.384  -5.017  -3.337  172.28
460  35  ASN  O  13.318  -4.272  -3.635  1.86
461  35  ASN  CB  12.931  -7.187  -2.219  42.7
462  35  ASN  CG  14.147  -6.517  -1.61  2.28
463  35  ASN  OD1  14.152  -5.308  -1.375  2.54
464  35  ASN  ND2  15.187  -7.301  -1.351  112.39
465  35  ASN  H  14.185  -6.422  -4.636  7.91
466  35  ASN  HA  11.627  -6.874  -3.784  5.29
467  35  ASN  HB2  12.203  -7.137  -1.58  2.41
468  35  ASN  HB3  13.145  -8.118  -2.387  2.41
469  35  ASN  HD21  15.122  -8.138  -1.539  7.09
470  35  ASN  HD22  15.889  -6.944  -1.005  6.71
471  36  VAL  N  11.235  -4.573  -2.837  119.13
472  36  VAL  CA  11.002  -3.152  -2.604  61.12
473  36  VAL  C  10.763  -2.87  -1.125  173.67
474  36  VAL  O  9.782  -3.335  -0.544  1.15
475  36  VAL  CB  9.795  -2.642  -3.414  33.57
476  36  VAL  CG1  9.599  -1.149  -3.197  21.71
477  36  VAL  CG2  9.975  -2.955  -4.892  22.16
478  36  VAL  H  10.615  -5.137  -2.645  9.3
479  36  VAL  HA  11.79  -2.667  -2.894  4.57
480  36  VAL  HB  9  -3.101  -3.101  1.93
481  36  VAL  HG11  10.461  -0.729  -3.05  2.39
482  36  VAL  HG12  9.178  -0.761  -3.98  2.52
483  36  VAL  HG13  9.034  -1.007  -2.421  112.56
484  36  VAL  HG21  10.453  -3.793  -4.988  62
485  36  VAL  HG22  9.105  -3.029  -5.316  176.31
486  36  VAL  HG23  10.481  -2.243  -5.314  170.58
487  37  ASP  N  11.666  -2.106  -0.521  127.3
488  37  ASP  CA  11.554  -1.759  0.891  53.76
489  37  ASP  C  10.509  -0.668  1.101  174.87
490  37  ASP  O  10.527  0.361  0.424  4.12
491  37  ASP  CB  12.907  -1.299  1.434  43.46
492  37  ASP  CG  13.074  -1.608  2.909  3.95
493  37  ASP  OD1  12.696  -2.723  3.328  4.1
494  37  ASP  OD2  13.584  -0.737  3.644  120.03
495  37  ASP  H  12.333  -1.807  -0.975  9.12
496  37  ASP  HA  11.275  -2.555  1.371  5.19
497  37  ASP  HB2  13.615  -1.747  0.945  2.53
498  37  ASP  HB3  12.99  -0.341  1.31  2.37
499  38  ILE  N  9.599  -0.9  2.041  25.49
500  38  ILE  CA  8.547  0.064  2.34  60.08
501  38  ILE  C  8.473  0.351  3.836  42.01
502  38  ILE  O  8.193  -0.541  4.637  31.55
503  38  ILE  CB  7.173  -0.435  1.856  41.46
504  38  ILE  CG1  7.283  -1.005  0.44  28.1
505  38  ILE  CG2  6.154  0.693  1.902  18.83
506  38  ILE  CD  6.226  -2.039  0.121  1.97
507  38  ILE  H  9.632  -1.636  2.485  9.01
508  38  ILE  HA  8.755  0.888  1.872  5.06
509  38  ILE  HB  6.875  -1.135  2.457  1.75
510  38  ILE  HG12  7.195  -0.282  -0.201  1.65
511  38  ILE  HG13  8.152  -1.424  0.334  0.87
512  38  ILE  HG21  5.627  0.686  1.088  2.93
513  38  ILE  HG22  5.569  0.57  2.666  51.74
514  38  ILE  HG23  6.615  1.543  1.981  175.49
515  38  ILE  HD11  5.345  -1.85  0.717  7.86
516  38  ILE  HD12  5.971  -1.983  -0.926  121.46
517  38  ILE  HD13  6.607  -3.024  0.347  65.73
518  39  ARG  N  8.725  1.602  4.206  177.98
519  39  ARG  CA  8.687  2.008  5.606  54.94
520  39  ARG  C  7.912  3.312  5.773  174.04
521  39  ARG  O  8.187  4.3  5.092  28.3
522  39  ARG  CB  10.107  2.172  6.151  34.18
523  39  ARG  CG  10.167  2.303  7.664  27.52
524  39  ARG  CD  10.023  3.752  8.103  43.79
525  39  ARG  NE  10.075  3.891  9.556  3.28
526  39  ARG  CZ  9.915  5.047  10.19  1.67
527  39  ARG  NH1  9.694  6.159  9.502  -0.04
528  39  ARG  NH2  9.976  5.093  11.515  1.51
529  39  ARG  H  8.916  2.187  3.605  9.02
530  39  ARG  HA  8.236  1.31  6.106  5.02
531  39  ARG  HB2  10.632  1.399  5.892  1.84
532  39  ARG  HB3  10.501  2.967  5.76  1.73
533  39  ARG  HG2  9.446  1.784  8.054  1.51
534  39  ARG  HG3  11.02  1.963  7.976  1.51
535  39  ARG  HD2  10.744  4.27  7.711  3.07
536  39  ARG  HD3  9.172  4.091  7.784  2.97
537  39  ARG  HE  10.217  3.181  10.02  179.1
538  39  ARG  HH11  9.653  6.131  8.643  130.08
539  39  ARG  HH12  9.59  6.906  9.915  17.12
540  39  ARG  HH21  10.119  4.374  11.964  8.44
541  39  ARG  HH22  9.873  5.842  11.924  3.86
542  40  TRP  N  6.944  3.306  6.682  115.91
543  40  TRP  CA  6.13  4.489  6.938  56.87
544  40  TRP  C  5.964  4.721  8.436  172.88
545  40  TRP  O  6.49  3.966  9.253  7.3
546  40  TRP  CB  4.758  4.341  6.277  31.27
547  40  TRP  CG  4.013  3.119  6.721  178.81
548  40  TRP  CD1  3.02  3.059  7.657  124.6
549  40  TRP  CD2  4.204  1.78  6.25  40.75
550  40  TRP  NE1  2.582  1.764  7.795  124.09
551  40  TRP  CE2  3.291  0.961  6.942  176.91
552  40  TRP  CE3  5.055  1.195  5.308  121.66
553  40  TRP  CZ2  3.209  -0.412  6.722  113.1
554  40  TRP  CZ3  4.972  -0.167  5.091  120.34
555  40  TRP  CH2  4.054  -0.958  5.795  123.67
556  40  TRP  H  6.794  2.588  7.131  7.41
557  40  TRP  HA  6.586  5.253  6.551  4.99
558  40  TRP  HB2  4.216  5.116  6.493  3.36
559  40  TRP  HB3  4.875  4.289  5.315  2.86
560  40  TRP  HD1  2.698  3.794  8.127  6.37
561  40  TRP  HE1  1.961  1.502  8.329  6.48
562  40  TRP  HE3  5.67  1.706  4.833  6.83
563  40  TRP  HZ2  2.604  -0.948  7.182  6.52
564  40  TRP  HZ3  5.532  -0.572  4.468  6.43
565  40  TRP  HH2  4.028  -1.871  5.621  6.57
566  41  MET  N  5.229  5.771  8.79  117.52
567  41  MET  CA  4.994  6.101  10.19  53.65
568  41  MET  C  3.505  6.047  10.518  175.08
569  41  MET  O  2.659  6.126  9.628  60.85
570  41  MET  CB  5.548  7.491  10.509  35.42
571  41  MET  CG  6.998  7.478  10.964  32.09
572  41  MET  SD  7.171  7.101  12.719  31.71
573  41  MET  CE  7.329  8.748  13.405  17.11
574  41  MET  H  4.884  6.268  8.178  8.84
575  41  MET  HA  5.458  5.445  10.733  4.74
576  41  MET  HB2  5.484  8.043  9.714  2.08
577  41  MET  HB3  5.012  7.888  11.213  1.84
578  41  MET  HG2  7.479  6.807  10.455  2.6
579  41  MET  HG3  7.386  8.35  10.793  2.6
580  41  MET  HE1  6.644  9.322  13.029  1.48
581  41  MET  HE2  7.225  8.708  14.369  2.98
582  41  MET  HE3  8.204  9.105  13.189  4.48
583  42  LYS  N  3.191  5.912  11.803  38.48
584  42  LYS  CA  1.805  5.848  12.249  54.5
585  42  LYS  C  1.186  7.241  12.304  173.73
586  42  LYS  O  1.796  8.199  12.778  173.83
587  42  LYS  CB  1.722  5.187  13.627  32.92
588  42  LYS  CG  0.299  4.922  14.09  23.53
589  42  LYS  CD  0.269  4.324  15.486  29.72
590  42  LYS  CE  0.657  2.854  15.471  42.1
591  42  LYS  NZ  1.206  2.411  16.783  111.88
592  42  LYS  H  3.822  5.861  12.385  8.47
593  42  LYS  HA  1.311  5.31  11.611  4.69
594  42  LYS  HB2  2.195  4.341  13.597  1.94
595  42  LYS  HB3  2.15  5.765  14.278  1.82
596  42  LYS  HG2  -0.191  5.759  14.096  1.68
597  42  LYS  HG3  -0.123  4.303  13.473  1.6
598  42  LYS  HD2  0.893  4.807  16.05  1.8
599  42  LYS  HD3  -0.627  4.41  15.847  1.71
600  42  LYS  HE2  -0.129  2.326  15.263  3.05
601  42  LYS  HE3  1.33  2.717  14.786  3.05
602  42  LYS  HZ1  1.955  2.856  16.966  45.86
603  42  LYS  HZ2  1.389  1.54  16.76  26.13
604  42  LYS  HZ3  0.615  2.564  17.431  26.19
605  43  PRO  N  -0.055  7.358  11.808  23.25
606  43  PRO  CA  -0.784  8.629  11.791  60.58
607  43  PRO  C  -1.194  9.082  13.189  5
608  43  PRO  O  -1.226  8.297  14.137  1.21
609  43  PRO  CB  -2.022  8.317  10.946  30.76
610  43  PRO  CG  -2.218  6.848  11.091  26.76
611  43  PRO  CD  -0.842  6.257  11.228  50.47
612  43  PRO  HA  -0.268  9.33  11.364  4.74
613  43  PRO  HB2  -2.782  8.813  11.288  2.19
614  43  PRO  HB3  -1.857  8.564  10.023  1.82
615  43  PRO  HG2  -2.745  6.662  11.884  2.05
616  43  PRO  HG3  -2.659  6.495  10.302  1.79
617  43  PRO  HD2  -0.86  5.492  11.824  4.1
618  43  PRO  HD3  -0.494  6.005  10.358  3.92
619  44  PRO  N  -1.515  10.377  13.322  177.83
620  44  PRO  CA  -1.929  10.963  14.6  62.66
621  44  PRO  C  -3.305  10.475  15.042  176.07
622  44  PRO  O  -3.846  10.937  16.047  27.97
623  44  PRO  CB  -1.963  12.465  14.308  31.03
624  44  PRO  CG  -2.191  12.56  12.839  27.48
625  44  PRO  CD  -1.499  11.37  12.234  50.23
626  44  PRO  HA  -1.283  10.783  15.3  4.57
627  44  PRO  HB2  -2.686  12.877  14.807  2.21
628  44  PRO  HB3  -1.117  12.866  14.562  1.98
629  44  PRO  HG2  -3.142  12.529  12.65  2.07
630  44  PRO  HG3  -1.805  13.382  12.499  2.07
631  44  PRO  HD2  -1.991  11.047  11.463  3.73
632  44  PRO  HD3  -0.589  11.597  11.987  3.55
633  45  THR  N  -3.867  9.538  14.286  114.33
634  45  THR  CA  -5.179  8.988  14.599  61.21
635  45  THR  C  -5.22  8.436  16.02  174.32
636  45  THR  O  -5.059  7.235  16.235  27.14
637  45  THR  CB  -5.57  7.869  13.615  23.5
638  45  THR  OG1  -4.526  6.89  13.547  25.37
639  45  THR  CG2  -5.831  8.435  12.228  21.8
640  45  THR  H  -3.445  9.25  13.594  8.09
641  45  THR  HA  -5.83  9.703  14.521  4.39
642  45  THR  HB  -6.381  7.444  13.935  4.33
643  45  THR  HG1  -4.753  6.276  13.021  1.51
644  45  THR  HG21  -5.018  8.835  11.882  6.87
645  45  THR  HG22  -6.526  9.109  12.28  126.64
646  45  THR  HG23  -6.117  7.722  11.636  122.83
647  46  LYS  N  -5.436  9.321  16.987  123.12
648  46  LYS  CA  -5.499  8.923  18.388  55.17
649  46  LYS  C  -6.698  9.563  19.081  177.71
650  46  LYS  O  -6.921  9.353  20.273  113.9
651  46  LYS  CB  -4.209  9.318  19.111  33.61
652  46  LYS  CG  -3.997  10.819  19.2  24.76
653  46  LYS  CD  -4.716  11.414  20.399  28.96
654  46  LYS  CE  -4.257  12.838  20.674  42.03
655  46  LYS  NZ  -3.047  12.873  21.54  4.61
656  46  LYS  H  -5.541  10.149  16.781  8.79
657  46  LYS  HA  -5.597  7.959  18.42  4.53
658  46  LYS  HB2  -4.233  8.96  20.012  1.93
659  46  LYS  HB3  -3.456  8.931  18.638  1.74
660  46  LYS  HG2  -3.047  10.999  19.283  1.43
661  46  LYS  HG3  -4.336  11.234  18.391  1.43
662  46  LYS  HD2  -5.67  11.421  20.224  1.67
663  46  LYS  HD3  -4.533  10.867  21.179  1.67
664  46  LYS  HE2  -4.053  13.269  19.829  2.96
665  46  LYS  HE3  -4.976  13.317  21.115  2.96
666  46  LYS  HZ1  -2.576  12.125  21.439  32.11
667  46  LYS  HZ2  -3.285  12.949  22.394  21.37
668  46  LYS  HZ3  -2.533  13.566  21.322  22.55
669  47  GLN  N  -7.467  10.341  18.326  7.1
670  47  GLN  CA  -8.644  11.009  18.869  58.56
671  47  GLN  C  -9.857  10.086  18.837  177.31
672  47  GLN  O  -9.748  8.915  18.475  4.62
673  47  GLN  CB  -8.939  12.287  18.082  28.56
674  47  GLN  CG  -7.828  13.321  18.161  33.74
675  47  GLN  CD  -7.893  14.334  17.035  16.61
676  47  GLN  OE1  -8.161  15.514  17.261  117.73
677  47  GLN  NE2  -7.646  13.877  15.812  66.48
678  47  GLN  H  -7.266  10.453  17.497  119.83
679  47  GLN  HA  -8.454  11.244  19.791  4.04
680  47  GLN  HB2  -9.075  12.055  17.15  2.08
681  47  GLN  HB3  -9.752  12.687  18.43  2.08
682  47  GLN  HG2  -7.9  13.792  19.006  2.4
683  47  GLN  HG3  -6.974  12.863  18.118  2.4
684  47  GLN  HE21  -7.465  13.041  15.72  24.22
685  47  GLN  HE22  -7.677  14.433  15.157  7.43
686  48  GLN  N  -11.012  10.621  19.219  116.62
687  48  GLN  CA  -12.246  9.844  19.234  57.12
688  48  GLN  C  -12.273  8.841  18.086  175.49
689  48  GLN  O  -12.84  7.756  18.209  2.99
690  48  GLN  CB  -13.459  10.772  19.146  28.26
691  48  GLN  CG  -14.763  10.111  19.564  33.66
692  48  GLN  CD  -15.046  10.265  21.045  178.92
693  48  GLN  OE1  -14.384  11.038  21.738  8.4
694  48  GLN  NE2  -16.035  9.529  21.539  112.54
695  48  GLN  H  -11.032  11.446  19.462  8.66
696  48  GLN  HA  -12.281  9.359  20.073  4.18
697  48  GLN  HB2  -13.309  11.539  19.72  2.1
698  48  GLN  HB3  -13.553  11.075  18.23  2.04
699  48  GLN  HG2  -15.491  10.514  19.066  2.37
700  48  GLN  HG3  -14.714  9.165  19.355  2.37
701  48  GLN  HE21  -16.459  9.007  21.003  7.67
702  48  GLN  HE22  -16.214  9.599  22.377  6.83
703  49  ASP  N  -11.656  9.212  16.969  120.15
704  49  ASP  CA  -11.608  8.345  15.798  55.17
705  49  ASP  C  -11.527  6.879  16.21  176.55
706  49  ASP  O  -12.351  6.062  15.8  1.96
707  49  ASP  CB  -10.411  8.707  14.917  1.49
708  49  ASP  CG  -10.705  9.867  13.987  1.39
709  49  ASP  OD1  -10.791  11.013  14.476  1.65
710  49  ASP  OD2  -10.849  9.629  12.77  174.1
711  49  ASP  H  -11.276  9.983  16.937  7.79
712  49  ASP  HA  -12.424  8.482  15.291  4.53
713  49  ASP  HB2  -9.663  8.951  15.484  2.81
714  49  ASP  HB3  -10.167  7.936  14.381  2.72
715  50  GLY  N  -10.528  6.552  17.025  106.16
716  50  GLY  CA  -10.358  5.184  17.478  44.57
717  50  GLY  C  -8.901  4.769  17.533  172.79
718  50  GLY  O  -8.081  5.441  18.158  178.68
719  50  GLY  H  -9.979  7.161  17.284  7.86
720  50  GLY  HA2  -10.743  5.097  18.364  3.95
721  50  GLY  HA3  -10.829  4.592  16.871  3.95
722  51  GLU  N  -8.579  3.658  16.879  119.6
723  51  GLU  CA  -7.211  3.153  16.859  56.18
724  51  GLU  C  -6.883  2.524  15.507  176.21
725  51  GLU  O  -7.771  2.286  14.688  7.9
726  51  GLU  CB  -7.006  2.126  17.974  30.57
727  51  GLU  CG  -7.704  0.801  17.718  35.94
728  51  GLU  CD  -7.281  -0.28  18.694  1.87
729  51  GLU  OE1  -7.245  0  19.91  1.45
730  51  GLU  OE2  -6.986  -1.405  18.24  1.58
731  51  GLU  H  -9.191  3.225  16.458  8.29
732  51  GLU  HA  -6.614  3.903  17.007  4.17
733  51  GLU  HB2  -6.056  1.957  18.073  1.9
734  51  GLU  HB3  -7.348  2.494  18.804  2.92
735  51  GLU  HG2  -8.662  0.932  17.797  2.29
736  51  GLU  HG3  -7.492  0.507  16.818  2.2
737  52  LEU  N  -5.601  2.259  15.281  124.08
738  52  LEU  CA  -5.153  1.658  14.029  56.11
739  52  LEU  C  -5.009  0.147  14.172  177.15
740  52  LEU  O  -4.35  -0.341  15.091  178.37
741  52  LEU  CB  -3.821  2.271  13.594  42.27
742  52  LEU  CG  -3.081  1.541  12.473  27.56
743  52  LEU  CD1  -2.252  2.52  11.656  25.26
744  52  LEU  CD2  -2.2  0.44  13.044  24.86
745  52  LEU  H  -5.02  2.445  15.887  8.44
746  52  LEU  HA  -5.823  1.846  13.353  4.26
747  52  LEU  HB2  -3.995  3.177  13.295  1.65
748  52  LEU  HB3  -3.239  2.294  14.369  1.5
749  52  LEU  HG  -3.729  1.131  11.879  1.58
750  52  LEU  HD11  -1.975  2.097  10.828  120.64
751  52  LEU  HD12  -1.467  2.78  12.163  122.77
752  52  LEU  HD13  -2.784  3.307  11.457  8.06
753  52  LEU  HD21  -2.331  0.387  14.004  4.09
754  52  LEU  HD22  -1.27  0.639  12.855  3.43
755  52  LEU  HD23  -2.438  -0.408  12.637  3.19
756  53  VAL  N  -5.627  -0.591  13.255  118.12
757  53  VAL  CA  -5.564  -2.048  13.276  61.29
758  53  VAL  C  -4.648  -2.574  12.177  175.44
759  53  VAL  O  -4.113  -3.678  12.276  7.09
760  53  VAL  CB  -6.962  -2.672  13.107  32.89
761  53  VAL  CG1  -7.875  -2.255  14.249  21.01
762  53  VAL  CG2  -7.56  -2.281  11.764  19.29
763  53  VAL  H  -6.074  -0.2  12.633  8.97
764  53  VAL  HA  -5.211  -2.32  14.137  4.36
765  53  VAL  HB  -6.87  -3.637  13.129  2.06
766  53  VAL  HG11  -8.005  -3.006  14.849  39.05
767  53  VAL  HG12  -7.471  -1.518  14.734  7.78
768  53  VAL  HG13  -8.732  -1.975  13.892  132.17
769  53  VAL  HG21  -6.879  -1.86  11.217  132.17
770  53  VAL  HG22  -7.891  -3.074  11.313  131.4
771  53  VAL  HG23  -8.292  -1.661  11.904  131.4
772  54  GLY  N  -4.469  -1.775  11.129  107.61
773  54  GLY  CA  -3.617  -2.178  10.026  45.2
774  54  GLY  C  -3.464  -1.088  8.984  169.27
775  54  GLY  O  -3.977  0.018  9.152  3.17
776  54  GLY  H  -4.866  -1.012  11.108  7.42
777  54  GLY  HA2  -2.74  -2.405  10.374  4.48
778  54  GLY  HA3  -4  -2.963  9.604  3.58
779  55  TYR  N  -2.755  -1.4  7.904  113.45
780  55  TYR  CA  -2.532  -0.437  6.832  56.48
781  55  TYR  C  -3.019  -0.987  5.495  174.31
782  55  TYR  O  -3.45  -2.137  5.405  117.74
783  55  TYR  CB  -1.048  -0.08  6.739  42.25
784  55  TYR  CG  -0.512  0.611  7.972  179.66
785  55  TYR  CD1  -0.124  -0.119  9.089  133.81
786  55  TYR  CD2  -0.395  1.995  8.021  133.81
787  55  TYR  CE1  0.365  0.509  10.218  117.62
788  55  TYR  CE2  0.094  2.631  9.146  117.62
789  55  TYR  CZ  0.473  1.883  10.242  4.73
790  55  TYR  OH  0.959  2.513  11.364  120.73
791  55  TYR  H  -2.418  -2.188  7.836  8.64
792  55  TYR  HA  -3.036  0.365  7.043  5.28
793  55  TYR  HB2  -0.534  -0.892  6.607  2.4
794  55  TYR  HB3  -0.911  0.511  5.982  2.29
795  55  TYR  HD1  -0.198  -1.046  9.07  6.93
796  55  TYR  HD2  -0.652  2.496  7.281  6.93
797  55  TYR  HE1  0.621  0.005  10.957  6.86
798  55  TYR  HE2  0.166  3.558  9.162  6.86
799  55  TYR  HH  0.556  3.242  11.473  179.17
800  56  ARG  N  -2.947  -0.158  4.46  121.75
801  56  ARG  CA  -3.381  -0.56  3.127  54.44
802  56  ARG  C  -2.378  -0.108  2.069  173.85
803  56  ARG  O  -2.239  1.086  1.802  29.13
804  56  ARG  CB  -4.761  0.023  2.819  33.12
805  56  ARG  CG  -5.378  -0.515  1.538  27.56
806  56  ARG  CD  -6.097  -1.833  1.778  43.7
807  56  ARG  NE  -7.496  -1.635  2.147  83.72
808  56  ARG  CZ  -8.409  -1.132  1.323  1.65
809  56  ARG  NH1  -8.073  -0.78  0.09  1.8
810  56  ARG  NH2  -9.663  -0.982  1.733  1.3
811  56  ARG  H  -2.637  0.635  4.578  9.22
812  56  ARG  HA  -3.438  -1.528  3.112  5.06
813  56  ARG  HB2  -5.359  -0.184  3.554  1.57
814  56  ARG  HB3  -4.682  0.986  2.737  1.57
815  56  ARG  HG2  -6.016  0.133  1.199  1.58
816  56  ARG  HG3  -4.675  -0.653  0.884  1.44
817  56  ARG  HD2  -6.058  -2.361  0.965  3.23
818  56  ARG  HD3  -5.646  -2.308  2.493  2.99
819  56  ARG  HE  -7.733  -1.857  2.943  8.1
820  56  ARG  HH11  -7.262  -0.877  -0.178  57
821  56  ARG  HH12  -8.667  -0.457  -0.442  179.17
822  56  ARG  HH21  -9.884  -1.21  2.532  4.25
823  56  ARG  HH22  -10.253  -0.657  1.199  31.09
824  57  ILE  N  -1.682  -1.07  1.472  123.84
825  57  ILE  CA  -0.694  -0.77  0.444  60.23
826  57  ILE  C  -1.187  -1.198  -0.934  175.48
827  57  ILE  O  -1.649  -2.324  -1.117  7.76
828  57  ILE  CB  0.649  -1.466  0.735  39.8
829  57  ILE  CG1  1.105  -1.165  2.164  27.07
830  57  ILE  CG2  1.704  -1.021  -0.267  17.15
831  57  ILE  CD  2.407  -1.84  2.538  26.09
832  57  ILE  H  -1.819  -1.888  1.698  9.34
833  57  ILE  HA  -0.547  0.189  0.44  4.54
834  57  ILE  HB  0.523  -2.423  0.637  1.83
835  57  ILE  HG12  1.226  -0.208  2.266  1.24
836  57  ILE  HG13  0.423  -1.468  2.784  0.45
837  57  ILE  HG21  2.065  -0.162  0.003  57.84
838  57  ILE  HG22  2.418  -1.677  -0.297  177.83
839  57  ILE  HG23  1.302  -0.941  -1.146  4.13
840  57  ILE  HD11  2.809  -1.378  3.428  28.24
841  57  ILE  HD12  2.229  -2.888  2.724  34.12
842  57  ILE  HD13  3.113  -1.732  1.727  2.33
843  58  SER  N  -1.084  -0.292  -1.901  122.89
844  58  SER  CA  -1.521  -0.574  -3.263  55.85
845  58  SER  C  -0.425  -0.233  -4.268  173.46
846  58  SER  O  -0.114  0.938  -4.491  4.17
847  58  SER  CB  -2.79  0.216  -3.588  63.34
848  58  SER  OG  -3.214  -0.024  -4.919  2.33
849  58  SER  H  -0.753  0.48  -1.718  9.33
850  58  SER  HA  -1.716  -1.522  -3.322  5.27
851  58  SER  HB2  -3.499  -0.051  -2.982  3.49
852  58  SER  HB3  -2.613  1.164  -3.482  3.41
853  58  SER  HG  -3.085  -0.831  -5.112  119.47
854  59  HSE  N  0.159  -1.264  -4.87  125.59
855  59  HSE  CA  1.221  -1.074  -5.852  53.3
856  59  HSE  C  0.82  -1.654  -7.205  172.53
857  59  HSE  O  0.665  -2.866  -7.352  18.72
858  59  HSE  CB  2.515  -1.729  -5.367  32.59
859  59  HSE  CG  2.363  -3.181  -5.034  4.29
860  59  HSE  ND1  2.879  -4.191  -5.818  8.19
861  59  HSE  CD2  1.751  -3.791  -3.992  115.7
862  59  HSE  CE1  2.588  -5.36  -5.274  137.89
863  59  HSE  NE2  1.905  -5.144  -4.165  105.58
864  59  HSE  H  -0.132  -2.173  -4.65  8.86
865  59  HSE  HA  1.384  -0.013  -5.963  5.42
866  59  HSE  HB2  3.265  -1.643  -6.14  2.68
867  59  HSE  HB3  2.859  -1.218  -4.48  2.53
868  59  HSE  HD1  3.381  -4.07  -6.65  3.94
869  59  HSE  HD2  1.236  -3.304  -3.176  6.75
870  59  HSE  HE1  2.863  -6.326  -5.668  7.74
871  59  HSE  HE2  1.492  -5.84  -3.613  55.82
872  60  VAL  N  0.652  -0.779  -8.192  123.83
873  60  VAL  CA  0.269  -1.204  -9.533  60.39
874  60  VAL  C  1.433  -1.064  -10.507  175.56
875  60  VAL  O  2.2  -0.103  -10.44  33.78
876  60  VAL  CB  -0.927  -0.389  -10.06  8.38
877  60  VAL  CG1  -1.405  -0.943  -11.394  21.3
878  60  VAL  CG2  -2.057  -0.383  -9.041  21.1
879  60  VAL  H  0.773  0.058  -8.036  8.42
880  60  VAL  HA  0.006  -2.137  -9.489  4.95
881  60  VAL  HB  -0.636  0.526  -10.197  1.74
882  60  VAL  HG11  -1.934  -0.27  -11.851  2.14
883  60  VAL  HG12  -0.638  -1.179  -11.939  2.33
884  60  VAL  HG13  -1.948  -1.732  -11.24  2.33
885  60  VAL  HG21  -1.912  -1.092  -8.394  7.48
886  60  VAL  HG22  -2.075  0.472  -8.583  6.83
887  60  VAL  HG23  -2.903  -0.525  -9.494  119.2
888  61  TRP  N  1.559  -2.028  -11.412  131.5
889  61  TRP  CA  2.631  -2.012  -12.401  55.36
890  61  TRP  C  2.092  -1.653  -13.782  175.49
891  61  TRP  O  1.231  -2.348  -14.32  38.82
892  61  TRP  CB  3.328  -3.372  -12.45  30
893  61  TRP  CG  3.784  -3.855  -11.107  17.5
894  61  TRP  CD1  3  -4.351  -10.105  128.88
895  61  TRP  CD2  5.13  -3.885  -10.618  7.83
896  61  TRP  NE1  3.777  -4.688  -9.023  144.36
897  61  TRP  CE2  5.087  -4.412  -9.313  1.8
898  61  TRP  CE3  6.366  -3.519  -11.157  121.76
899  61  TRP  CZ2  6.234  -4.581  -8.541  115.92
900  61  TRP  CZ3  7.503  -3.687  -10.39  120.43
901  61  TRP  CH2  7.431  -4.214  -9.093  122.59
902  61  TRP  H  0.995  -2.678  -11.415  9.47
903  61  TRP  HA  3.274  -1.338  -12.132  5.2
904  61  TRP  HB2  2.715  -4.031  -12.813  2.98
905  61  TRP  HB3  4.106  -3.308  -13.026  2.92
906  61  TRP  HD1  2.076  -4.442  -10.158  7.26
907  61  TRP  HE1  3.487  -5.02  -8.284  14.39
908  61  TRP  HE3  6.431  -3.168  -12.016  7.19
909  61  TRP  HZ2  6.2  -4.93  -7.679  7.44
910  61  TRP  HZ3  8.333  -3.448  -10.734  7.44
911  61  TRP  HH2  8.218  -4.311  -8.608  6.95
912  62  GLN  N  2.604  -0.565  -14.348  122.05
913  62  GLN  CA  2.173  -0.115  -15.666  54.76
914  62  GLN  C  3.335  -0.128  -16.653  174.37
915  62  GLN  O  4.29  0.636  -16.513  3.82
916  62  GLN  CB  1.578  1.291  -15.579  32.42
917  62  GLN  CG  0.083  1.303  -15.302  34.37
918  62  GLN  CD  -0.587  2.581  -15.768  120.47
919  62  GLN  OE1  -0.097  3.257  -16.674  59.45
920  62  GLN  NE2  -1.713  2.918  -15.152  112.58
921  62  GLN  H  3.205  -0.116  -13.927  8.85
922  62  GLN  HA  1.49  -0.727  -15.98  5.39
923  62  GLN  HB2  2.023  1.775  -14.866  2.08
924  62  GLN  HB3  1.734  1.75  -16.419  1.87
925  62  GLN  HG2  -0.326  0.553  -15.762  2.31
926  62  GLN  HG3  -0.058  1.21  -14.347  2.17
927  62  GLN  HE21  -2.002  2.404  -14.526  7.48
928  62  GLN  HE22  -2.112  3.639  -15.399  6.84
929  63  SER  N  3.248  -1.001  -17.652  120.1
930  63  SER  CA  4.295  -1.116  -18.66  56.89
931  63  SER  C  3.711  -1  -20.065  174.01
932  63  SER  O  2.51  -1.179  -20.267  2.53
933  63  SER  CB  5.032  -2.449  -18.511  65.16
934  63  SER  OG  5.521  -2.904  -19.761  6.89
935  63  SER  H  2.558  -1.512  -17.702  8.79
936  63  SER  HA  4.923  -0.39  -18.522  4.8
937  63  SER  HB2  5.781  -2.336  -17.905  4.09
938  63  SER  HB3  4.423  -3.114  -18.153  3.74
939  63  SER  HG  6.239  -2.507  -19.942  31.82
940  64  ALA  N  4.57  -0.698  -21.033  126.86
941  64  ALA  CA  4.141  -0.559  -22.419  54.22
942  64  ALA  C  3.624  -1.884  -22.969  177.84
943  64  ALA  O  4.403  -2.781  -23.289  4.39
944  64  ALA  CB  5.287  -0.04  -23.276  17.48
945  64  ALA  H  5.399  -0.583  -20.836  8.95
946  64  ALA  HA  3.425  0.094  -22.447  4.19
947  64  ALA  HB1  5.872  0.51  -22.733  2.37
948  64  ALA  HB2  5.787  -0.79  -23.634  6.84
949  64  ALA  HB3  4.93  0.489  -24.006  7.54
950  65  GLY  N  2.304  -2  -23.076  107.87
951  65  GLY  CA  1.705  -3.219  -23.587  45.55
952  65  GLY  C  1.315  -4.181  -22.482  173.64
953  65  GLY  O  0.589  -5.147  -22.719  179.36
954  65  GLY  H  1.802  -1.343  -22.839  8.63
955  65  GLY  HA2  0.913  -2.99  -24.098  4.01
956  65  GLY  HA3  2.341  -3.658  -24.173  3.91
957  66  ILE  N  1.8  -3.918  -21.273  121.39
958  66  ILE  CA  1.497  -4.768  -20.128  60.29
959  66  ILE  C  1.154  -3.934  -18.899  174.55
960  66  ILE  O  1.979  -3.163  -18.409  8.58
961  66  ILE  CB  2.678  -5.698  -19.79  40.41
962  66  ILE  CG1  2.762  -6.841  -20.803  27.4
963  66  ILE  CG2  2.534  -6.244  -18.377  17.22
964  66  ILE  CD  1.472  -7.619  -20.944  1.59
965  66  ILE  H  2.303  -3.229  -21.163  8
966  66  ILE  HA  0.732  -5.318  -20.358  4.45
967  66  ILE  HB  3.496  -5.178  -19.83  1.86
968  66  ILE  HG12  2.988  -6.479  -21.674  1.49
969  66  ILE  HG13  3.455  -7.46  -20.525  1.14
970  66  ILE  HG21  1.661  -6.655  -18.277  118.46
971  66  ILE  HG22  3.223  -6.907  -18.215  121.45
972  66  ILE  HG23  2.625  -5.519  -17.739  54.95
973  66  ILE  HD11  0.945  -7.617  -20.002  115.79
974  66  ILE  HD12  0.856  -7.162  -21.703  66.45
975  66  ILE  HD13  1.696  -8.638  -21.228  175.67
976  67  SER  N  -0.07  -4.094  -18.405  121.38
977  67  SER  CA  -0.524  -3.353  -17.234  56.99
978  67  SER  C  -1.117  -4.297  -16.191  173.52
979  67  SER  O  -2.183  -4.876  -16.396  21.45
980  67  SER  CB  -1.562  -2.305  -17.638  64.65
981  67  SER  OG  -2.806  -2.91  -17.945  4.01
982  67  SER  H  -0.607  -4.646  -18.788  8.45
983  67  SER  HA  0.245  -2.905  -16.849  5.4
984  67  SER  HB2  -1.691  -1.681  -16.906  3.73
985  67  SER  HB3  -1.246  -1.826  -18.42  3.68
986  67  SER  HG  -2.754  -3.293  -18.691  24.73
987  68  LYS  N  -0.417  -4.446  -15.072  124.97
988  68  LYS  CA  -0.872  -5.317  -13.995  55.18
989  68  LYS  C  -1.129  -4.518  -12.721  173.75
990  68  LYS  O  -0.616  -3.412  -12.557  7.84
991  68  LYS  CB  0.164  -6.41  -13.723  35.84
992  68  LYS  CG  0.123  -7.549  -14.728  24.52
993  68  LYS  CD  0.577  -8.858  -14.105  29.46
994  68  LYS  CE  0.25  -10.044  -14.999  41.73
995  68  LYS  NZ  -1.218  -10.208  -15.189  128.71
996  68  LYS  H  0.322  -4.016  -14.98  8.97
997  68  LYS  HA  -1.702  -5.731  -14.277  4.71
998  68  LYS  HB2  1.049  -6.014  -13.746  1.75
999  68  LYS  HB3  0.005  -6.778  -12.84  1.65
1000  68  LYS  HG2  -0.786  -7.654  -15.049  1.3
1001  68  LYS  HG3  0.708  -7.334  -15.472  1.3
1002  68  LYS  HD2  1.537  -8.826  -13.967  1.53
1003  68  LYS  HD3  0.13  -8.974  -13.252  1.47
1004  68  LYS  HE2  0.667  -9.907  -15.864  2.82
1005  68  LYS  HE3  0.607  -10.849  -14.592  2.82
1006  68  LYS  HZ1  -1.401  -11.041  -15.445  9.52
1007  68  LYS  HZ2  -1.51  -9.645  -15.814  7.2
1008  68  LYS  HZ3  -1.646  -10.04  -14.427  7.26
1009  69  GLU  N  -1.925  -5.087  -11.821  125.69
1010  69  GLU  CA  -2.248  -4.427  -10.562  55.48
1011  69  GLU  C  -2.093  -5.39  -9.387  174.07
1012  69  GLU  O  -2.549  -6.533  -9.442  63.67
1013  69  GLU  CB  -3.676  -3.878  -10.6  30.36
1014  69  GLU  CG  -4.17  -3.374  -9.255  35.86
1015  69  GLU  CD  -5.684  -3.319  -9.172  39
1016  69  GLU  OE1  -6.319  -4.394  -9.222  3.32
1017  69  GLU  OE2  -6.232  -2.204  -9.059  132.51
1018  69  GLU  H  -2.258  -5.863  -11.986  8.77
1019  69  GLU  HA  -1.63  -3.689  -10.444  4.78
1020  69  GLU  HB2  -3.711  -3.144  -11.233  1.92
1021  69  GLU  HB3  -4.273  -4.581  -10.9  1.92
1022  69  GLU  HG2  -3.844  -3.967  -8.56  2.06
1023  69  GLU  HG3  -3.82  -2.481  -9.108  2.01
1024  70  LEU  N  -1.447  -4.92  -8.326  127.5
1025  70  LEU  CA  -1.23  -5.738  -7.138  54.18
1026  70  LEU  C  -1.75  -5.032  -5.889  175.22
1027  70  LEU  O  -1.894  -3.809  -5.869  6.77
1028  70  LEU  CB  0.257  -6.055  -6.977  6.77
1029  70  LEU  CG  0.759  -7.307  -7.698  28.02
1030  70  LEU  CD1  0.044  -8.544  -7.177  25.94
1031  70  LEU  CD2  0.566  -7.17  -9.201  24.16
1032  70  LEU  H  -1.149  -4.114  -8.339  8.46
1033  70  LEU  HA  -1.72  -6.567  -7.255  4.67
1034  70  LEU  HB2  0.76  -5.297  -7.313  1.14
1035  70  LEU  HB3  0.436  -6.165  -6.03  0.52
1036  70  LEU  HG  1.707  -7.415  -7.525  1.4
1037  70  LEU  HD11  0.695  -9.167  -6.818  33.58
1038  70  LEU  HD12  -0.44  -8.967  -7.903  1.83
1039  70  LEU  HD13  -0.58  -8.288  -6.48  1.69
1040  70  LEU  HD21  1.126  -7.817  -9.658  111.64
1041  70  LEU  HD22  0.814  -6.274  -9.478  7.98
1042  70  LEU  HD23  -0.364  -7.333  -9.424  4.04
1043  71  LEU  N  -2.027  -5.81  -4.849  121.92
1044  71  LEU  CA  -2.529  -5.26  -3.594  53.63
1045  71  LEU  C  -1.998  -6.05  -2.403  175.96
1046  71  LEU  O  -2.269  -7.243  -2.267  2.51
1047  71  LEU  CB  -4.058  -5.268  -3.586  45.91
1048  71  LEU  CG  -4.73  -4.216  -2.703  27.07
1049  71  LEU  CD1  -4.199  -4.295  -1.28  24.6
1050  71  LEU  CD2  -4.518  -2.823  -3.277  24.35
1051  71  LEU  H  -1.909  -6.659  -4.916  8.24
1052  71  LEU  HA  -2.217  -4.344  -3.526  5.54
1053  71  LEU  HB2  -4.361  -5.128  -4.497  1.51
1054  71  LEU  HB3  -4.348  -6.142  -3.282  1.51
1055  71  LEU  HG  -5.684  -4.387  -2.675  1.47
1056  71  LEU  HD11  -4.727  -3.719  -0.705  113.09
1057  71  LEU  HD12  -3.273  -4.007  -1.265  7.86
1058  71  LEU  HD13  -4.257  -5.21  -0.964  4.37
1059  71  LEU  HD21  -3.702  -2.445  -2.913  2.48
1060  71  LEU  HD22  -5.269  -2.257  -3.039  2.67
1061  71  LEU  HD23  -4.447  -2.879  -4.243  7.51
1062  72  GLU  N  -1.243  -5.376  -1.541  124.24
1063  72  GLU  CA  -0.676  -6.016  -0.36  54
1064  72  GLU  C  -1.545  -5.759  0.868  174.84
1065  72  GLU  O  -2.247  -4.752  0.944  179.6
1066  72  GLU  CB  0.744  -5.507  -0.108  32.78
1067  72  GLU  CG  1.593  -6.455  0.722  35.14
1068  72  GLU  CD  1.25  -6.403  2.199  23.09
1069  72  GLU  OE1  0.534  -5.467  2.61  40.56
1070  72  GLU  OE2  1.699  -7.301  2.943  89.04
1071  72  GLU  H  -1.085  -4.543  -1.683  9.38
1072  72  GLU  HA  -0.644  -6.971  -0.525  4.92
1073  72  GLU  HB2  1.184  -5.372  -0.962  2.12
1074  72  GLU  HB3  0.694  -4.657  0.357  1.93
1075  72  GLU  HG2  1.453  -7.36  0.403  2.23
1076  72  GLU  HG3  2.527  -6.215  0.612  2.19
1077  73  GLU  N  -1.492  -6.679  1.827  124.98
1078  73  GLU  CA  -2.275  -6.552  3.05  55.55
1079  73  GLU  C  -1.376  -6.62  4.281  175.63
1080  73  GLU  O  -0.77  -7.654  4.566  2.4
1081  73  GLU  CB  -3.336  -7.653  3.119  2.06
1082  73  GLU  CG  -4.201  -7.743  1.874  36.54
1083  73  GLU  CD  -5.484  -8.517  2.109  7.55
1084  73  GLU  OE1  -6.062  -8.386  3.208  6.86
1085  73  GLU  OE2  -5.908  -9.254  1.195  8.2
1086  73  GLU  H  -0.984  -7.365  1.723  8.94
1087  73  GLU  HA  -2.717  -5.689  3.033  5.12
1088  73  GLU  HB2  -2.893  -8.507  3.246  2.07
1089  73  GLU  HB3  -3.913  -7.482  3.88  1.94
1090  73  GLU  HG2  -4.43  -6.845  1.588  2.26
1091  73  GLU  HG3  -3.696  -8.185  1.174  2.1
1092  74  VAL  N  -1.293  -5.51  5.008  120.29
1093  74  VAL  CA  -0.468  -5.442  6.209  60
1094  74  VAL  C  -1.285  -4.98  7.411  175.74
1095  74  VAL  O  -2.142  -4.106  7.293  1.57
1096  74  VAL  CB  0.726  -4.489  6.016  35.43
1097  74  VAL  CG1  1.921  -5.238  5.446  21.65
1098  74  VAL  CG2  0.338  -3.324  5.118  20.63
1099  74  VAL  H  -1.737  -4.815  4.764  8.71
1100  74  VAL  HA  -0.123  -6.331  6.386  4.76
1101  74  VAL  HB  0.976  -4.134  6.884  2.36
1102  74  VAL  HG11  2.357  -4.688  4.777  1.52
1103  74  VAL  HG12  2.546  -5.44  6.159  2.23
1104  74  VAL  HG13  1.619  -6.064  5.037  2.88
1105  74  VAL  HG21  -0.431  -2.868  5.494  3.04
1106  74  VAL  HG22  1.081  -2.704  5.053  177.06
1107  74  VAL  HG23  0.117  -3.656  4.234  65.28
1108  75  GLY  N  -1.012  -5.574  8.568  110.28
1109  75  GLY  CA  -1.729  -5.21  9.776  45.26
1110  75  GLY  C  -0.979  -4.192  10.612  173.98
1111  75  GLY  O  0.08  -3.711  10.211  118
1112  75  GLY  H  -0.403  -6.18  8.599  8.7
1113  75  GLY  HA2  -2.591  -4.841  9.529  4.56
1114  75  GLY  HA3  -1.871  -6.008  10.308  4.09
1115  76  GLN  N  -1.531  -3.861  11.775  116.09
1116  76  GLN  CA  -0.908  -2.891  12.667  57.42
1117  76  GLN  C  0.498  -3.336  13.058  175.65
1118  76  GLN  O  1.452  -2.566  12.963  16.91
1119  76  GLN  CB  -1.762  -2.697  13.921  28.74
1120  76  GLN  CG  -2.019  -3.985  14.687  32.82
1121  76  GLN  CD  -3.025  -3.807  15.807  2.23
1122  76  GLN  OE1  -4.199  -4.148  15.663  2.17
1123  76  GLN  NE2  -2.569  -3.27  16.933  111.72
1124  76  GLN  H  -2.274  -4.228  12.007  8.37
1125  76  GLN  HA  -0.847  -2.047  12.194  4.12
1126  76  GLN  HB2  -1.311  -2.075  14.514  2.13
1127  76  GLN  HB3  -2.618  -2.322  13.661  1.78
1128  76  GLN  HG2  -2.358  -4.652  14.07  2.36
1129  76  GLN  HG3  -1.182  -4.294  15.067  2.3
1130  76  GLN  HE21  -1.738  -3.053  16.971  7.54
1131  76  GLN  HE22  -3.121  -3.158  17.583  6.89
1132  77  ASN  N  0.617  -4.584  13.5  117.96
1133  77  ASN  CA  1.906  -5.131  13.907  53.46
1134  77  ASN  C  2.764  -5.465  12.69  175.27
1135  77  ASN  O  2.812  -6.611  12.247  41.96
1136  77  ASN  CB  1.704  -6.384  14.762  38.25
1137  77  ASN  CG  2.898  -6.675  15.651  7.3
1138  77  ASN  OD1  3.512  -5.762  16.204  4.09
1139  77  ASN  ND2  3.233  -7.952  15.792  113.43
1140  77  ASN  H  -0.083  -5.081  13.547  8.68
1141  77  ASN  HA  2.362  -4.458  14.436  4.82
1142  77  ASN  HB2  0.925  -6.261  15.327  2.94
1143  77  ASN  HB3  1.561  -7.147  14.18  2.84
1144  77  ASN  HD21  2.765  -8.543  15.379  7.68
1145  77  ASN  HD22  3.906  -8.142  16.292  7.01
1146  78  GLY  N  3.44  -4.453  12.155  109.66
1147  78  GLY  CA  4.288  -4.659  10.995  45.7
1148  78  GLY  C  5.215  -3.488  10.738  172.86
1149  78  GLY  O  6.435  -3.647  10.711  175.56
1150  78  GLY  H  3.373  -3.669  12.502  8.2
1151  78  GLY  HA2  4.821  -5.457  11.134  4.03
1152  78  GLY  HA3  3.725  -4.789  10.216  3.9
1153  79  SER  N  4.635  -2.307  10.548  111.43
1154  79  SER  CA  5.417  -1.104  10.287  56.37
1155  79  SER  C  6.495  -1.374  9.241  170.75
1156  79  SER  O  7.546  -0.734  9.238  127.04
1157  79  SER  CB  6.06  -0.598  11.579  62.91
1158  79  SER  OG  6.776  0.604  11.355  130.8
1159  79  SER  H  3.777  -2.252  10.578  8.26
1160  79  SER  HA  4.814  -0.425  9.946  3.04
1161  79  SER  HB2  5.368  -0.431  12.238  3.33
1162  79  SER  HB3  6.673  -1.269  11.918  3.11
1163  79  SER  HG  7.031  0.92  12.09  124.69
1164  80  ARG  N  6.225  -2.327  8.354  117.42
1165  80  ARG  CA  7.172  -2.683  7.304  53.99
1166  80  ARG  C  6.523  -3.61  6.28  174.39
1167  80  ARG  O  5.765  -4.511  6.636  3.36
1168  80  ARG  CB  8.406  -3.356  7.907  33.45
1169  80  ARG  CG  9.214  -4.159  6.902  25.81
1170  80  ARG  CD  10.609  -4.466  7.425  43.86
1171  80  ARG  NE  10.636  -5.684  8.23  7.53
1172  80  ARG  CZ  10.323  -5.72  9.52  7.12
1173  80  ARG  NH1  9.962  -4.61  10.149  7.31
1174  80  ARG  NH2  10.372  -6.868  10.184  4.29
1175  80  ARG  H  5.474  -2.744  8.401  6.68
1176  80  ARG  HA  7.444  -1.866  6.858  4.87
1177  80  ARG  HB2  8.983  -2.673  8.283  1.57
1178  80  ARG  HB3  8.121  -3.954  8.616  1.57
1179  80  ARG  HG2  8.756  -4.995  6.724  1.41
1180  80  ARG  HG3  9.29  -3.65  6.08  1.36
1181  80  ARG  HD2  11.208  -4.574  6.67  2.94
1182  80  ARG  HD3  10.907  -3.721  7.97  2.81
1183  80  ARG  HE  10.868  -6.414  7.839  8.24
1184  80  ARG  HH11  9.929  -3.865  9.721  3.78
1185  80  ARG  HH12  9.759  -4.636  10.984  1.74
1186  80  ARG  HH21  10.606  -7.59  9.779  1.74
1187  80  ARG  HH22  10.17  -6.889  11.02  1.22
1188  81  ALA  N  6.828  -3.381  5.007  123.88
1189  81  ALA  CA  6.277  -4.196  3.931  51.66
1190  81  ALA  C  7.297  -4.396  2.816  174.25
1191  81  ALA  O  8.198  -3.578  2.631  2.78
1192  81  ALA  CB  5.01  -3.557  3.381  22.75
1193  81  ALA  H  7.364  -2.737  4.813  9.38
1194  81  ALA  HA  6.042  -5.061  4.301  4.69
1195  81  ALA  HB1  5.107  -3.418  2.426  4.3
1196  81  ALA  HB2  4.254  -4.142  3.548  119.87
1197  81  ALA  HB3  4.863  -2.704  3.818  56.95
1198  82  ARG  N  7.15  -5.49  2.075  121.87
1199  82  ARG  CA  8.061  -5.799  0.979  54.77
1200  82  ARG  C  7.305  -6.399  -0.202  175.16
1201  82  ARG  O  6.323  -7.12  -0.022  24.81
1202  82  ARG  CB  9.148  -6.767  1.449  32.87
1203  82  ARG  CG  10.304  -6.905  0.472  26.99
1204  82  ARG  CD  11.586  -7.314  1.181  43.48
1205  82  ARG  NE  11.682  -8.762  1.346  7.71
1206  82  ARG  CZ  12.656  -9.362  2.02  4.15
1207  82  ARG  NH1  13.613  -8.642  2.59  1.84
1208  82  ARG  NH2  12.674  -10.685  2.127  1.84
1209  82  ARG  H  6.503  -6.029  2.247  8.46
1210  82  ARG  HA  8.478  -4.97  0.696  5.43
1211  82  ARG  HB2  9.502  -6.454  2.296  1.72
1212  82  ARG  HB3  8.752  -7.643  1.576  1.65
1213  82  ARG  HG2  10.081  -7.581  -0.187  1.44
1214  82  ARG  HG3  10.446  -6.053  0.03  1.44
1215  82  ARG  HD2  12.343  -7.007  0.658  3.04
1216  82  ARG  HD3  11.606  -6.895  2.056  2.99
1217  82  ARG  HE  11.07  -9.246  0.983  3.87
1218  82  ARG  HH11  13.603  -7.785  2.523  3.87
1219  82  ARG  HH12  14.242  -9.033  3.027  27.05
1220  82  ARG  HH21  12.055  -11.154  1.758  43.32
1221  82  ARG  HH22  13.306  -11.072  2.563  119
1222  83  ILE  N  7.77  -6.098  -1.41  122.03
1223  83  ILE  CA  7.139  -6.608  -2.621  58.75
1224  83  ILE  C  8.178  -7.146  -3.598  174.98
1225  83  ILE  O  9.202  -6.509  -3.845  4.47
1226  83  ILE  CB  6.305  -5.52  -3.323  41.34
1227  83  ILE  CG1  5.729  -4.545  -2.294  26.37
1228  83  ILE  CG2  5.191  -6.153  -4.143  16.53
1229  83  ILE  CD  4.778  -3.53  -2.889  8.43
1230  83  ILE  H  8.46  -5.59  -1.479  8.82
1231  83  ILE  HA  6.544  -7.33  -2.365  4.59
1232  83  ILE  HB  6.887  -5.035  -3.928  1.62
1233  83  ILE  HG12  5.246  -5.045  -1.618  1.24
1234  83  ILE  HG13  6.458  -4.061  -1.875  0.84
1235  83  ILE  HG21  4.952  -5.561  -4.874  4.1
1236  83  ILE  HG22  5.496  -7.001  -4.502  2.27
1237  83  ILE  HG23  4.416  -6.299  -3.578  1.99
1238  83  ILE  HD11  4.169  -3.104  -2.106  8.21
1239  83  ILE  HD12  5.342  -2.749  -3.375  1.88
1240  83  ILE  HD13  4.141  -4.017  -3.614  1.78
1241  84  SER  N  7.907  -8.324  -4.152  121.21
1242  84  SER  CA  8.82  -8.949  -5.102  58.2
1243  84  SER  C  8.57  -8.434  -6.516  174.39
1244  84  SER  O  7.507  -8.663  -7.094  1.97
1245  84  SER  CB  8.663  -10.471  -5.066  63.34
1246  84  SER  OG  8.791  -10.966  -3.744  1.97
1247  84  SER  H  7.176  -8.727  -3.944  8.78
1248  84  SER  HA  9.725  -8.719  -4.841  4.54
1249  84  SER  HB2  7.787  -10.712  -5.406  3.78
1250  84  SER  HB3  9.348  -10.877  -5.62  3.66
1251  84  SER  HG  9.437  -10.586  -3.364  2.38
1252  85  VAL  N  9.557  -7.736  -7.068  122.51
1253  85  VAL  CA  9.447  -7.189  -8.415  63.99
1254  85  VAL  C  8.634  -8.11  -9.318  176.69
1255  85  VAL  O  9.107  -9.171  -9.725  26.99
1256  85  VAL  CB  10.834  -6.963  -9.045  31.69
1257  85  VAL  CG1  10.696  -6.419  -10.459  21.39
1258  85  VAL  CG2  11.665  -6.026  -8.182  22.79
1259  85  VAL  H  10.28  -7.605  -6.62  7.79
1260  85  VAL  HA  8.997  -6.332  -8.354  3.56
1261  85  VAL  HB  11.29  -7.818  -9.093  1.52
1262  85  VAL  HG11  9.854  -5.945  -10.542  1.9
1263  85  VAL  HG12  11.429  -5.812  -10.645  1.16
1264  85  VAL  HG13  10.716  -7.154  -11.092  8.3
1265  85  VAL  HG21  12.38  -5.646  -8.716  57.79
1266  85  VAL  HG22  11.101  -5.313  -7.843  175.6
1267  85  VAL  HG23  12.043  -6.52  -7.438  8.03
1268  86  GLN  N  7.409  -7.697  -9.627  125.45
1269  86  GLN  CA  6.53  -8.486  -10.482  55.45
1270  86  GLN  C  6.758  -8.152  -11.952  174.55
1271  86  GLN  O  6.502  -8.973  -12.833  4.17
1272  86  GLN  CB  5.067  -8.239  -10.111  28.38
1273  86  GLN  CG  4.763  -8.477  -8.641  32.33
1274  86  GLN  CD  4.522  -9.94  -8.323  3.85
1275  86  GLN  OE1  4.414  -10.772  -9.224  3.9
1276  86  GLN  NE2  4.438  -10.261  -7.038  115.74
1277  86  GLN  H  7.128  -6.947  -9.315  4.28
1278  86  GLN  HA  6.738  -9.423  -10.338  3.39
1279  86  GLN  HB2  4.841  -7.32  -10.324  1.25
1280  86  GLN  HB3  4.507  -8.832  -10.636  -0.57
1281  86  GLN  HG2  5.515  -8.166  -8.113  1.69
1282  86  GLN  HG3  3.97  -7.972  -8.4  1.45
1283  86  GLN  HE21  4.521  -9.633  -6.456  7.48
1284  86  GLN  HE22  4.301  -11.085  -6.832  6.83
1285  87  VAL  N  7.24  -6.941  -12.211  116.38
1286  87  VAL  CA  7.503  -6.498  -13.575  60.73
1287  87  VAL  C  8.722  -5.583  -13.631  171.89
1288  87  VAL  O  8.928  -4.752  -12.747  3.83
1289  87  VAL  CB  6.29  -5.756  -14.168  35.15
1290  87  VAL  CG1  6.706  -4.936  -15.38  21.11
1291  87  VAL  CG2  5.19  -6.74  -14.532  20.82
1292  87  VAL  H  7.401  -6.405  -11.558  5.95
1293  87  VAL  HA  7.675  -7.284  -14.117  3.95
1294  87  VAL  HB  5.945  -5.148  -13.495  1.84
1295  87  VAL  HG11  7.247  -5.484  -15.97  120.19
1296  87  VAL  HG12  5.915  -4.634  -15.853  8.46
1297  87  VAL  HG13  7.222  -4.168  -15.089  4.48
1298  87  VAL  HG21  5.565  -7.463  -15.059  3.91
1299  87  VAL  HG22  4.797  -7.101  -13.722  3.91
1300  87  VAL  HG23  4.505  -6.285  -15.047  108.13
1301  88  HSE  N  9.527  -5.742  -14.677  120.3
1302  88  HSE  CA  10.726  -4.93  -14.849  56.5
1303  88  HSE  C  10.56  -3.958  -16.013  175.26
1304  88  HSE  O  9.786  -4.206  -16.936  72.61
1305  88  HSE  CB  11.944  -5.823  -15.084  31.11
1306  88  HSE  CG  12.446  -6.492  -13.841  4.18
1307  88  HSE  ND1  12.172  -7.807  -13.531  4.07
1308  88  HSE  CD2  13.21  -6.019  -12.829  119.4
1309  88  HSE  CE1  12.744  -8.114  -12.381  137.29
1310  88  HSE  NE2  13.381  -7.046  -11.934  6.28
1311  88  HSE  H  9.309  -6.422  -15.348  8
1312  88  HSE  HA  10.876  -4.363  -13.942  4.34
1313  88  HSE  HB2  11.684  -6.596  -15.793  3.28
1314  88  HSE  HB3  12.748  -5.226  -15.489  2.82
1315  88  HSE  HD1  11.636  -8.423  -14.072  4.46
1316  88  HSE  HD2  13.611  -5.019  -12.74  7.09
1317  88  HSE  HE1  12.7  -9.074  -11.889  8.02
1318  88  HSE  HE2  13.818  -6.974  -11.06  2.02
1319  89  ASN  N  11.294  -2.85  -15.962  120.44
1320  89  ASN  CA  11.227  -1.84  -17.012  54.04
1321  89  ASN  C  9.826  -1.245  -17.107  174.4
1322  89  ASN  O  9.332  -0.964  -18.198  3.69
1323  89  ASN  CB  11.628  -2.447  -18.358  36.99
1324  89  ASN  CG  11.911  -1.39  -19.408  1.38
1325  89  ASN  OD1  11.414  -0.267  -19.323  125.54
1326  89  ASN  ND2  12.712  -1.746  -20.406  110.95
1327  89  ASN  H  11.82  -2.726  -15.293  7.71
1328  89  ASN  HA  11.853  -1.134  -16.785  4.48
1329  89  ASN  HB2  12.428  -2.983  -18.24  3.61
1330  89  ASN  HB3  10.909  -3.014  -18.679  2.4
1331  89  ASN  HD21  13.026  -2.547  -20.409  7.72
1332  89  ASN  HD22  12.888  -1.163  -21.013  6.92
1333  90  ALA  N  9.19  -1.057  -15.955  120.55
1334  90  ALA  CA  7.847  -0.493  -15.907  50.64
1335  90  ALA  C  7.719  0.526  -14.78  175.19
1336  90  ALA  O  8.517  0.534  -13.841  56.18
1337  90  ALA  CB  6.816  -1.599  -15.74  24.4
1338  90  ALA  H  9.581  -1.271  -15.22  7.87
1339  90  ALA  HA  7.678  -0.049  -16.753  5.09
1340  90  ALA  HB1  5.96  -1.296  -16.082  28.45
1341  90  ALA  HB2  7.102  -2.384  -16.232  132.62
1342  90  ALA  HB3  6.728  -1.82  -14.8  132.62
1343  91  THR  N  6.711  1.387  -14.878  110.24
1344  91  THR  CA  6.48  2.412  -13.868  60.81
1345  91  THR  C  5.424  1.966  -12.863  173.2
1346  91  THR  O  4.244  1.855  -13.196  9.67
1347  91  THR  CB  6.034  3.741  -14.507  70.73
1348  91  THR  OG1  5.151  3.484  -15.605  2.78
1349  91  THR  CG2  7.235  4.538  -14.992  21.71
1350  91  THR  H  6.183  1.338  -15.555  8.63
1351  91  THR  HA  7.316  2.565  -13.4  5.04
1352  91  THR  HB  5.564  4.263  -13.838  3.93
1353  91  THR  HG1  5.002  4.2  -16.018  6.78
1354  91  THR  HG21  7.968  4.432  -14.365  6.59
1355  91  THR  HG22  6.997  5.476  -15.054  116.91
1356  91  THR  HG23  7.507  4.214  -15.865  55.83
1357  92  CYS  N  5.856  1.711  -11.632  124.87
1358  92  CYS  CA  4.947  1.276  -10.578  56.53
1359  92  CYS  C  4.663  2.413  -9.602  173.29
1360  92  CYS  O  5.566  3.157  -9.218  43.01
1361  92  CYS  CB  5.536  0.08  -9.829  27.8
1362  92  CYS  SG  4.366  -0.753  -8.731  132.06
1363  92  CYS  H  6.692  1.805  -11.453  8.73
1364  92  CYS  HA  4.114  1.008  -10.996  4.54
1365  92  CYS  HB2  5.851  -0.573  -10.474  1.88
1366  92  CYS  HB3  6.285  0.381  -9.291  0.87
1367  92  CYS  HG  3.793  0.088  -8.095  5.67
1368  93  THR  N  3.401  2.544  -9.204  125.07
1369  93  THR  CA  2.997  3.591  -8.275  61.76
1370  93  THR  C  2.631  3.009  -6.915  174.49
1371  93  THR  O  1.671  2.248  -6.792  7.05
1372  93  THR  CB  1.798  4.392  -8.818  69.39
1373  93  THR  OG1  1.98  4.663  -10.212  7.34
1374  93  THR  CG2  1.632  5.7  -8.059  22.04
1375  93  THR  H  2.809  1.996  -9.503  8.85
1376  93  THR  HA  3.744  4.199  -8.166  4.92
1377  93  THR  HB  0.994  3.862  -8.701  3.74
1378  93  THR  HG1  1.297  5.046  -10.515  66.65
1379  93  THR  HG21  0.716  6.007  -8.141  45.17
1380  93  THR  HG22  2.232  6.366  -8.429  28.5
1381  93  THR  HG23  1.843  5.559  -7.123  26.13
1382  94  VAL  N  3.401  3.371  -5.894  129.62
1383  94  VAL  CA  3.156  2.885  -4.541  61.09
1384  94  VAL  C  2.252  3.84  -3.77  175.06
1385  94  VAL  O  2.313  5.056  -3.956  1.86
1386  94  VAL  CB  4.473  2.702  -3.763  35.06
1387  94  VAL  CG1  4.209  2.06  -2.41  21.33
1388  94  VAL  CG2  5.459  1.873  -4.573  22.14
1389  94  VAL  H  4.06  3.905  -6.034  9.35
1390  94  VAL  HA  2.719  2.022  -4.607  5.07
1391  94  VAL  HB  4.863  3.578  -3.613  1.71
1392  94  VAL  HG11  4.911  1.42  -2.214  175.78
1393  94  VAL  HG12  4.195  2.746  -1.724  26.93
1394  94  VAL  HG13  3.353  1.604  -2.43  126.4
1395  94  VAL  HG21  6.283  1.771  -4.072  55.93
1396  94  VAL  HG22  5.078  0.998  -4.749  175.64
1397  94  VAL  HG23  5.643  2.32  -5.414  4.04
1398  95  ARG  N  1.414  3.282  -2.903  125.7
1399  95  ARG  CA  0.495  4.084  -2.103  55.18
1400  95  ARG  C  0.081  3.336  -0.839  173.46
1401  95  ARG  O  -0.361  2.188  -0.902  1.66
1402  95  ARG  CB  -0.744  4.448  -2.923  35.86
1403  95  ARG  CG  -0.506  5.572  -3.918  27.29
1404  95  ARG  CD  -1.815  6.093  -4.492  43.87
1405  95  ARG  NE  -2.424  7.106  -3.633  83.62
1406  95  ARG  CZ  -3.523  7.778  -3.956  2.3
1407  95  ARG  NH1  -4.13  7.547  -5.112  2.21
1408  95  ARG  NH2  -4.017  8.685  -3.122  2.21
1409  95  ARG  H  1.412  2.427  -2.812  8.9
1410  95  ARG  HA  0.956  4.898  -1.848  4.46
1411  95  ARG  HB2  -1.036  3.664  -3.414  2.07
1412  95  ARG  HB3  -1.449  4.723  -2.317  1.37
1413  95  ARG  HG2  -0.05  6.3  -3.468  1.64
1414  95  ARG  HG3  0.046  5.24  -4.643  1.39
1415  95  ARG  HD2  -1.64  6.483  -5.363  2.94
1416  95  ARG  HD3  -2.431  5.35  -4.588  2.81
1417  95  ARG  HE  -2.044  7.27  -2.879  7.02
1418  95  ARG  HH11  -3.813  6.959  -5.654  4.72
1419  95  ARG  HH12  -4.842  7.983  -5.318  2.73
1420  95  ARG  HH21  -3.625  8.837  -2.372  2.63
1421  95  ARG  HH22  -4.729  9.12  -3.332  121.07
1422  96  ILE  N  0.226  3.994  0.306  120.9
1423  96  ILE  CA  -0.134  3.393  1.584  59.72
1424  96  ILE  C  -1.237  4.187  2.274  173.53
1425  96  ILE  O  -1.314  5.408  2.14  177.21
1426  96  ILE  CB  1.082  3.299  2.524  40.63
1427  96  ILE  CG1  2.291  2.736  1.775  27.32
1428  96  ILE  CG2  0.751  2.435  3.732  16.45
1429  96  ILE  CD  3.495  2.502  2.661  29.29
1430  96  ILE  H  0.539  4.795  0.293  9.08
1431  96  ILE  HA  -0.456  2.495  1.411  5.26
1432  96  ILE  HB  1.292  4.192  2.84  1.07
1433  96  ILE  HG12  2.049  1.888  1.372  1.07
1434  96  ILE  HG13  2.55  3.359  1.078  0.61
1435  96  ILE  HG21  -0.012  2.809  4.199  1.91
1436  96  ILE  HG22  0.539  1.535  3.438  1.58
1437  96  ILE  HG23  1.514  2.409  4.33  1.51
1438  96  ILE  HD11  3.555  3.286  3.402  1.75
1439  96  ILE  HD12  3.401  1.546  3.153  1.75
1440  96  ILE  HD13  4.392  2.51  2.058  3.02
1441  97  ALA  N  -2.088  3.486  3.016  129.6
1442  97  ALA  CA  -3.185  4.127  3.732  50.22
1443  97  ALA  C  -3.396  3.487  5.1  176.25
1444  97  ALA  O  -3.016  2.338  5.323  178.6
1445  97  ALA  CB  -4.464  4.056  2.911  113.36
1446  97  ALA  H  -1.989  2.634  3.077  8.81
1447  97  ALA  HA  -2.957  5.062  3.854  4.62
1448  97  ALA  HB1  -4.247  4.134  1.969  4.21
1449  97  ALA  HB2  -4.905  3.207  3.072  31.47
1450  97  ALA  HB3  -5.054  4.782  3.168  36.28
1451  98  ALA  N  -4.003  4.238  6.012  123.43
1452  98  ALA  CA  -4.266  3.743  7.358  51.07
1453  98  ALA  C  -5.6  3.008  7.421  174.74
1454  98  ALA  O  -6.593  3.45  6.843  8.09
1455  98  ALA  CB  -4.245  4.891  8.356  4.28
1456  98  ALA  H  -4.249  5.035  5.803  9.4
1457  98  ALA  HA  -3.556  3.126  7.594  4.48
1458  98  ALA  HB1  -3.358  4.966  8.742  2.26
1459  98  ALA  HB2  -4.472  5.718  7.902  2.21
1460  98  ALA  HB3  -4.891  4.719  9.059  115.39
1461  99  VAL  N  -5.617  1.882  8.128  119.93
1462  99  VAL  CA  -6.83  1.085  8.267  61.48
1463  99  VAL  C  -7.214  0.921  9.734  175.65
1464  99  VAL  O  -6.367  0.634  10.581  32.62
1465  99  VAL  CB  -6.662  -0.308  7.633  33.97
1466  99  VAL  CG1  -7.737  -1.259  8.139  21.33
1467  99  VAL  CG2  -6.698  -0.21  6.115  21.3
1468  99  VAL  H  -4.895  1.617  8.512  8.11
1469  99  VAL  HA  -7.547  1.547  7.804  4.47
1470  99  VAL  HB  -5.797  -0.661  7.894  1.39
1471  99  VAL  HG11  -7.6  -1.426  9.085  7.48
1472  99  VAL  HG12  -8.611  -0.861  8.003  4.4
1473  99  VAL  HG13  -7.683  -2.096  7.652  1.5
1474  99  VAL  HG21  -7.345  -0.843  5.766  1.5
1475  99  VAL  HG22  -6.953  0.689  5.855  0.85
1476  99  VAL  HG23  -5.82  -0.413  5.756  0.74
1477  100  THR  N  -8.498  1.104  10.028  116.81
1478  100  THR  CA  -8.995  0.976  11.392  59.44
1479  100  THR  C  -10.169  0.007  11.461  176.04
1480  100  THR  O  -10.54  -0.606  10.46  116.47
1481  100  THR  CB  -9.434  2.339  11.959  66.47
1482  100  THR  OG1  -10.541  2.849  11.206  177.31
1483  100  THR  CG2  -8.286  3.337  11.922  21.83
1484  100  THR  H  -9.047  1.302  9.397  8.7
1485  100  THR  HA  -8.273  0.636  11.943  5.1
1486  100  THR  HB  -9.71  2.217  12.881  4.58
1487  100  THR  HG1  -10.493  2.572  10.415  8.49
1488  100  THR  HG21  -7.481  2.916  12.262  43.27
1489  100  THR  HG22  -8.507  4.104  12.473  27.65
1490  100  THR  HG23  -8.139  3.626  11.008  24.36
1491  101  ARG  N  -10.751  -0.126  12.648  25.18
1492  101  ARG  CA  -11.884  -1.022  12.847  59.02
1493  101  ARG  C  -13.145  -0.455  12.202  176.95
1494  101  ARG  O  -14.208  -1.073  12.245  1.69
1495  101  ARG  CB  -12.122  -1.253  14.341  29.5
1496  101  ARG  CG  -11.275  -2.371  14.927  28.3
1497  101  ARG  CD  -11.927  -2.977  16.16  43.05
1498  101  ARG  NE  -13.147  -3.709  15.83  177.68
1499  101  ARG  CZ  -13.787  -4.496  16.688  33.23
1500  101  ARG  NH1  -13.325  -4.651  17.921  30.34
1501  101  ARG  NH2  -14.891  -5.129  16.314  28.5
1502  101  ARG  H  -10.452  0.326  13.316  9.24
1503  101  ARG  HA  -11.671  -1.87  12.427  4.03
1504  101  ARG  HB2  -11.919  -0.435  14.821  1.87
1505  101  ARG  HB3  -13.056  -1.476  14.478  1.79
1506  101  ARG  HG2  -11.164  -3.065  14.259  1.79
1507  101  ARG  HG3  -10.407  -2.013  15.171  1.65
1508  101  ARG  HD2  -11.298  -3.586  16.578  3.19
1509  101  ARG  HD3  -12.146  -2.263  16.778  3.19
1510  101  ARG  HE  -13.462  -3.621  15.035  133.14
1511  101  ARG  HH11  -12.61  -4.241  18.167  117.63
1512  101  ARG  HH12  -13.741  -5.16  18.475  117.63
1513  101  ARG  HH21  -15.193  -5.03  15.515  3.2
1514  101  ARG  HH22  -15.304  -5.639  16.87  3.15
1515  102  GLY  N  -13.019  0.726  11.605  103.97
1516  102  GLY  CA  -14.156  1.357  10.96  44.99
1517  102  GLY  C  -14.102  1.243  9.449  173.46
1518  102  GLY  O  -15.055  0.784  8.82  2.49
1519  102  GLY  H  -12.254  1.118  11.602  8.08
1520  102  GLY  HA2  -14.97  0.936  11.278  4.07
1521  102  GLY  HA3  -14.171  2.296  11.202  3.54
1522  103  GLY  N  -12.984  1.663  8.865  107.62
1523  103  GLY  CA  -12.832  1.599  7.423  44.38
1524  103  GLY  C  -11.4  1.824  6.98  170.6
1525  103  GLY  O  -10.467  1.664  7.767  54.44
1526  103  GLY  H  -12.346  1.975  9.35  7.4
1527  103  GLY  HA2  -13.122  0.726  7.115  4.42
1528  103  GLY  HA3  -13.395  2.278  7.018  3.75
1529  104  VAL  N  -11.224  2.195  5.716  120.07
1530  104  VAL  CA  -9.895  2.442  5.17  61.88
1531  104  VAL  C  -9.715  3.912  4.806  176.41
1532  104  VAL  O  -10.465  4.459  3.999  9.04
1533  104  VAL  CB  -9.633  1.579  3.921  32.93
1534  104  VAL  CG1  -10.537  2.008  2.776  21.71
1535  104  VAL  CG2  -8.169  1.663  3.515  21.06
1536  104  VAL  H  -11.911  2.292  5.208  8.26
1537  104  VAL  HA  -9.243  2.203  5.847  4.24
1538  104  VAL  HB  -9.836  0.656  4.139  1.85
1539  104  VAL  HG11  -11.443  2.12  3.105  2.04
1540  104  VAL  HG12  -10.219  2.848  2.409  30.03
1541  104  VAL  HG13  -10.528  1.328  2.085  35.56
1542  104  VAL  HG21  -7.659  2.077  4.228  4.09
1543  104  VAL  HG22  -7.828  0.77  3.35  125.38
1544  104  VAL  HG23  -8.086  2.194  2.707  52.99
1545  105  GLY  N  -8.713  4.546  5.408  175.68
1546  105  GLY  CA  -8.452  5.947  5.134  45.2
1547  105  GLY  C  -7.911  6.174  3.736  169.63
1548  105  GLY  O  -7.643  5.231  2.991  27.45
1549  105  GLY  H  -8.216  4.119  5.965  8.84
1550  105  GLY  HA2  -9.277  6.446  5.236  4.2
1551  105  GLY  HA3  -7.804  6.276  5.777  3.86
1552  106  PRO  N  -7.745  7.451  3.362  5.61
1553  106  PRO  CA  -7.232  7.828  2.041  61.99
1554  106  PRO  C  -5.756  7.484  1.872  177.49
1555  106  PRO  O  -4.955  7.678  2.786  1.25
1556  106  PRO  CB  -7.435  9.345  2.002  32.01
1557  106  PRO  CG  -7.432  9.765  3.431  27.03
1558  106  PRO  CD  -8.043  8.625  4.199  49.35
1559  106  PRO  HA  -7.744  7.413  1.329  4.4
1560  106  PRO  HB2  -6.709  9.758  1.508  2.25
1561  106  PRO  HB3  -8.281  9.55  1.574  1.75
1562  106  PRO  HG2  -6.522  9.92  3.728  1.84
1563  106  PRO  HG3  -7.966  10.568  3.54  1.62
1564  106  PRO  HD2  -7.628  8.542  5.072  3.44
1565  106  PRO  HD3  -9.001  8.751  4.288  3.15
1566  107  PHE  N  -5.404  6.972  0.697  118.67
1567  107  PHE  CA  -4.024  6.6  0.408  58.17
1568  107  PHE  C  -3.126  7.833  0.366  177.78
1569  107  PHE  O  -3.576  8.931  0.039  31.87
1570  107  PHE  CB  -3.943  5.85  -0.923  40.51
1571  107  PHE  CG  -4.513  4.462  -0.864  28.64
1572  107  PHE  CD1  -5.88  4.264  -0.757  131.73
1573  107  PHE  CD2  -3.681  3.355  -0.916  131.73
1574  107  PHE  CE1  -6.407  2.987  -0.702  131.87
1575  107  PHE  CE2  -4.202  2.076  -0.862  131.87
1576  107  PHE  CZ  -5.567  1.892  -0.755  129.26
1577  107  PHE  H  -6.005  6.857  0.093  8.63
1578  107  PHE  HA  -3.718  6.016  1.12  4.53
1579  107  PHE  HB2  -4.436  6.345  -1.596  3.01
1580  107  PHE  HB3  -3.013  5.782  -1.192  2.86
1581  107  PHE  HD1  -6.447  5  -0.722  7.12
1582  107  PHE  HD2  -2.762  3.478  -0.987  7.12
1583  107  PHE  HE1  -7.326  2.866  -0.63  7.04
1584  107  PHE  HE2  -3.635  1.34  -0.898  7.04
1585  107  PHE  HZ  -5.919  1.032  -0.718  7.01
1586  108  SER  N  -1.853  7.643  0.698  116.27
1587  108  SER  CA  -0.892  8.74  0.703  58.16
1588  108  SER  C  -0.547  9.165  -0.721  173.23
1589  108  SER  O  -1.121  8.662  -1.688  4.54
1590  108  SER  CB  0.38  8.328  1.446  64.76
1591  108  SER  OG  0.941  7.153  0.886  1.89
1592  108  SER  H  -1.591  6.854  0.919  9.16
1593  108  SER  HA  -1.298  9.491  1.164  4.12
1594  108  SER  HB2  1.032  9.044  1.389  4.32
1595  108  SER  HB3  0.167  8.159  2.377  3.99
1596  108  SER  HG  0.801  6.503  1.4  127.1
1597  109  ASP  N  0.394  10.095  -0.843  122.7
1598  109  ASP  CA  0.817  10.589  -2.148  53.62
1599  109  ASP  C  1.361  9.453  -3.008  175
1600  109  ASP  O  2.078  8.571  -2.535  18.44
1601  109  ASP  CB  1.881  11.676  -1.985  38.82
1602  109  ASP  CG  2.687  11.891  -3.251  4.02
1603  109  ASP  OD1  2.25  12.69  -4.105  175.57
1604  109  ASP  OD2  3.757  11.26  -3.386  8.02
1605  109  ASP  H  0.762  10.413  -0.134  8.71
1606  109  ASP  HA  0.041  10.97  -2.588  4.73
1607  109  ASP  HB2  1.447  12.512  -1.752  2.79
1608  109  ASP  HB3  2.488  11.422  -1.273  2.59
1609  110  PRO  N  1.013  9.472  -4.303  4.51
1610  110  PRO  CA  1.455  8.45  -5.257  62.98
1611  110  PRO  C  2.947  8.542  -5.556  176.12
1612  110  PRO  O  3.445  9.593  -5.962  4.33
1613  110  PRO  CB  0.638  8.76  -6.514  33
1614  110  PRO  CG  0.313  10.21  -6.406  27.38
1615  110  PRO  CD  0.162  10.493  -4.937  50.46
1616  110  PRO  HA  1.244  7.556  -4.945  4.4
1617  110  PRO  HB2  1.17  8.573  -7.303  1.77
1618  110  PRO  HB3  -0.166  8.217  -6.523  1.67
1619  110  PRO  HG2  1.036  10.739  -6.778  2.06
1620  110  PRO  HG3  -0.517  10.398  -6.871  1.97
1621  110  PRO  HD2  0.478  11.386  -4.729  3.81
1622  110  PRO  HD3  -0.763  10.388  -4.665  3.64
1623  111  VAL  N  3.657  7.437  -5.353  120.79
1624  111  VAL  CA  5.092  7.393  -5.602  61.61
1625  111  VAL  C  5.408  6.592  -6.86  173.44
1626  111  VAL  O  5.253  5.37  -6.887  4.63
1627  111  VAL  CB  5.85  6.777  -4.411  34.58
1628  111  VAL  CG1  7.181  6.199  -4.867  21.88
1629  111  VAL  CG2  6.057  7.815  -3.318  21.09
1630  111  VAL  H  3.259  6.73  -5.068  8.09
1631  111  VAL  HA  5.404  8.304  -5.723  4.28
1632  111  VAL  HB  5.314  6.055  -4.048  1.76
1633  111  VAL  HG11  7.495  6.686  -5.645  176.8
1634  111  VAL  HG12  7.831  6.278  -4.151  54.9
1635  111  VAL  HG13  7.065  5.264  -5.097  28.76
1636  111  VAL  HG21  5.319  7.773  -2.69  26.27
1637  111  VAL  HG22  6.888  7.633  -2.852  43.19
1638  111  VAL  HG23  6.096  8.699  -3.714  58.63
1639  112  LYS  N  5.851  7.286  -7.902  126.69
1640  112  LYS  CA  6.191  6.641  -9.165  54.3
1641  112  LYS  C  7.638  6.158  -9.157  175.55
1642  112  LYS  O  8.568  6.954  -9.284  7.41
1643  112  LYS  CB  5.971  7.607  -10.331  36.07
1644  112  LYS  CG  6.429  7.057  -11.671  24.43
1645  112  LYS  CD  6.305  8.097  -12.772  29.21
1646  112  LYS  CE  4.918  8.086  -13.396  41.81
1647  112  LYS  NZ  4.862  8.906  -14.638  1.48
1648  112  LYS  H  5.941  8.138  -7.829  8.61
1649  112  LYS  HA  5.606  5.875  -9.275  5.55
1650  112  LYS  HB2  5.025  7.813  -10.392  1.58
1651  112  LYS  HB3  6.46  8.426  -10.154  1.51
1652  112  LYS  HG2  7.357  6.785  -11.599  1.22
1653  112  LYS  HG3  5.882  6.29  -11.9  0.87
1654  112  LYS  HD2  6.472  8.976  -12.397  1.52
1655  112  LYS  HD3  6.962  7.908  -13.46  1.52
1656  112  LYS  HE2  4.681  7.17  -13.611  2.83
1657  112  LYS  HE3  4.285  8.443  -12.754  2.83
1658  112  LYS  HZ1  4.625  8.398  -15.329  4.18
1659  112  LYS  HZ2  5.66  9.263  -14.804  8.83
1660  112  LYS  HZ3  4.267  9.561  -14.545  3.87
1661  113  ILE  N  7.819  4.85  -9.009  119.21
1662  113  ILE  CA  9.153  4.262  -8.987  59.28
1663  113  ILE  C  9.501  3.641  -10.336  172.63
1664  113  ILE  O  8.679  2.96  -10.949  179.35
1665  113  ILE  CB  9.276  3.186  -7.892  42.31
1666  113  ILE  CG1  10.669  2.553  -7.923  26.63
1667  113  ILE  CG2  8.201  2.124  -8.069  16.85
1668  113  ILE  CD  11.698  3.316  -7.119  62.32
1669  113  ILE  H  7.133  4.338  -8.924  8.69
1670  113  ILE  HA  9.789  4.969  -8.794  4.69
1671  113  ILE  HB  9.141  3.613  -7.031  1.76
1672  113  ILE  HG12  10.618  1.653  -7.564  1.4
1673  113  ILE  HG13  10.978  2.513  -8.842  0.87
1674  113  ILE  HG21  7.817  2.198  -8.957  119.27
1675  113  ILE  HG22  8.595  1.245  -7.959  61.92
1676  113  ILE  HG23  7.507  2.253  -7.404  177.43
1677  113  ILE  HD11  12.505  3.624  -7.767  1.91
1678  113  ILE  HD12  11.237  4.186  -6.677  29.33
1679  113  ILE  HD13  12.088  2.679  -6.338  1.56
1680  114  PHE  N  10.727  3.878  -10.791  124.02
1681  114  PHE  CA  11.186  3.341  -12.067  57.03
1682  114  PHE  C  11.873  1.992  -11.874  173.19
1683  114  PHE  O  12.916  1.903  -11.224  3.43
1684  114  PHE  CB  12.145  4.323  -12.743  40.59
1685  114  PHE  CG  13.084  3.67  -13.716  114.11
1686  114  PHE  CD1  12.689  3.422  -15.021  131.73
1687  114  PHE  CD2  14.363  3.305  -13.326  131.73
1688  114  PHE  CE1  13.552  2.821  -15.917  131.07
1689  114  PHE  CE2  15.23  2.703  -14.219  131.07
1690  114  PHE  CZ  14.824  2.462  -15.516  2.94
1691  114  PHE  H  11.263  4.36  -10.322  8.59
1692  114  PHE  HA  10.409  3.217  -12.634  4.92
1693  114  PHE  HB2  11.629  4.987  -13.226  3.03
1694  114  PHE  HB3  12.677  4.764  -12.063  2.86
1695  114  PHE  HD1  11.833  3.664  -15.292  7.1
1696  114  PHE  HD2  14.637  3.467  -12.452  7.1
1697  114  PHE  HE1  13.277  2.66  -16.791  7.22
1698  114  PHE  HE2  16.086  2.463  -13.945  7.22
1699  114  PHE  HZ  15.406  2.057  -16.118  67.32
1700  115  ILE  N  11.282  0.947  -12.442  128.62
1701  115  ILE  CA  11.837  -0.396  -12.333  56.69
1702  115  ILE  C  12.808  -0.684  -13.473  31.64
1703  115  ILE  O  12.415  -0.861  -14.627  21.31
1704  115  ILE  CB  10.729  -1.466  -12.335  22.69
1705  115  ILE  CG1  9.533  -0.994  -11.505  28.1
1706  115  ILE  CG2  11.265  -2.785  -11.799  18.95
1707  115  ILE  CD  9.787  -1.012  -10.014  1.98
1708  115  ILE  H  10.555  1.065  -12.885  8.65
1709  115  ILE  HA  12.316  -0.454  -11.492  4.52
1710  115  ILE  HB  10.444  -1.605  -13.252  2.1
1711  115  ILE  HG12  9.309  -0.085  -11.759  1.51
1712  115  ILE  HG13  8.775  -1.571  -11.686  1.46
1713  115  ILE  HG21  10.523  -3.353  -11.538  2.01
1714  115  ILE  HG22  11.782  -3.228  -12.49  116.84
1715  115  ILE  HG23  11.83  -2.616  -11.029  59.02
1716  115  ILE  HD11  9.17  -1.768  -9.553  177.9
1717  115  ILE  HD12  10.828  -1.231  -9.829  175.96
1718  115  ILE  HD13  9.544  -0.045  -9.596  28.6
1719  116  PRO  N  14.108  -0.735  -13.146  33.82
1720  116  PRO  CA  15.162  -1.004  -14.128  62.17
1721  116  PRO  C  15.132  -2.443  -14.631  3.38
1722  116  PRO  O  14.968  -3.38  -13.851  111.68
1723  116  PRO  CB  16.451  -0.737  -13.347  32.94
1724  116  PRO  CG  16.084  -0.962  -11.921  26.91
1725  116  PRO  CD  14.648  -0.534  -11.791  51.2
1726  116  PRO  HA  15.108  -0.397  -14.883  4.51
1727  116  PRO  HB2  17.141  -1.354  -13.638  2.5
1728  116  PRO  HB3  16.741  0.176  -13.498  2.05
1729  116  PRO  HG2  16.176  -1.902  -11.701  2.06
1730  116  PRO  HG3  16.649  -0.423  -11.346  2.06
1731  116  PRO  HD2  14.185  -1.092  -11.147  3.91
1732  116  PRO  HD3  14.595  0.399  -11.532  3.61
1733  117  ALA  N  15.293  -2.611  -15.94  179.91
1734  117  ALA  CA  15.287  -3.936  -16.546  25.55
1735  117  ALA  C  16.332  -4.84  -15.902  18.06
1736  117  ALA  O  17.257  -4.364  -15.243  7.92
1737  117  ALA  CB  15.528  -3.832  -18.045  3.97
1738  117  ALA  H  15.404  -1.921  -16.441  8.48
1739  117  ALA  HA  14.408  -4.324  -16.41  4.16
1740  117  ALA  HB1  16.167  -3.123  -18.22  1.97
1741  117  ALA  HB2  15.88  -4.673  -18.375  115.34
1742  117  ALA  HB3  14.692  -3.632  -18.495  66.03
1743  118  HSE  N  16.179  -6.146  -16.095  177.62
1744  118  HSE  CA  17.11  -7.116  -15.531  1.85
1745  118  HSE  C  18.542  -6.592  -15.587  38.13
1746  118  HSE  O  19.171  -6.364  -14.554  31.15
1747  118  HSE  CB  17.012  -8.445  -16.282  18.47
1748  118  HSE  CG  15.715  -9.162  -16.063  17.22
1749  118  HSE  ND1  14.649  -9.071  -16.932  8.17
1750  118  HSE  CD2  15.317  -9.987  -15.067  119.51
1751  118  HSE  CE1  13.65  -9.808  -16.479  137.93
1752  118  HSE  NE2  14.031  -10.375  -15.349  2.3
1753  118  HSE  H  15.421  -6.464  -16.629  8.36
1754  118  HSE  HA  16.839  -7.276  -14.499  4.44
1755  118  HSE  HB2  17.113  -8.26  -17.341  2.81
1756  118  HSE  HB3  17.811  -9.095  -15.956  2.63
1757  118  HSE  HD1  14.626  -8.543  -17.757  21.47
1758  118  HSE  HD2  15.903  -10.286  -14.209  6.86
1759  118  HSE  HE1  12.687  -9.927  -16.952  7.85
1760  118  HSE  HE2  13.453  -10.904  -14.761  116.62
1761  119  SER  N  19.05  -6.402  -16.8  64.69
1762  119  SER  CA  20.409  -5.909  -16.991  177.2
1763  119  SER  C  20.54  -5.18  -18.325  1.57
1764  119  SER  O  19.98  -5.604  -19.335  26.78
1765  119  SER  CB  21.408  -7.066  -16.929  40.88
1766  119  SER  OG  20.959  -8.169  -17.697  8.45
1767  119  SER  H  18.567  -6.577  -17.489  8.29
1768  119  SER  HA  20.603  -5.286  -16.273  4.42
1769  119  SER  HB2  22.264  -6.77  -17.277  3.86
1770  119  SER  HB3  21.514  -7.349  -16.007  115.8
1771  119  SER  HG  20.81  -7.92  -18.485  119.03
1772  120  GLY  N  21.285  -4.078  -18.32  57.79
1773  120  GLY  CA  21.477  -3.307  -19.534  179.1
1774  120  GLY  C  22.757  -2.495  -19.508  32.55
1775  120  GLY  O  22.762  -1.315  -19.156  25.88
1776  120  GLY  H  21.656  -3.823  -17.587  8.23
1777  120  GLY  HA2  21.505  -3.914  -20.29  4.07
1778  120  GLY  HA3  20.726  -2.703  -19.643  4.07
1779  121  PRO  N  23.874  -3.132  -19.888  8.18
1780  121  PRO  CA  25.187  -2.48  -19.915  4.05
1781  121  PRO  C  25.292  -1.433  -21.019  1.75
1782  121  PRO  O  24.312  -1.138  -21.703  1.61
1783  121  PRO  CB  26.152  -3.637  -20.183  1.64
1784  121  PRO  CG  25.33  -4.661  -20.886  27.03
1785  121  PRO  CD  23.942  -4.538  -20.321  49.7
1786  121  PRO  HA  25.399  -2.07  -19.062  4.46
1787  121  PRO  HB2  26.885  -3.327  -20.738  2.29
1788  121  PRO  HB3  26.497  -3.976  -19.342  2.15
1789  121  PRO  HG2  25.324  -4.481  -21.839  2.01
1790  121  PRO  HG3  25.686  -5.546  -20.712  2.01
1791  121  PRO  HD2  23.28  -4.721  -21.006  3.61
1792  121  PRO  HD3  23.828  -5.137  -19.567  3.61
1793  122  SER  N  26.486  -0.875  -21.187  62.06
1794  122  SER  CA  26.718  0.142  -22.206  43.48
1795  122  SER  C  25.617  1.198  -22.18  26.87
1796  122  SER  O  25.061  1.557  -23.218  25.51
1797  122  SER  CB  26.79  -0.501  -23.592  22.93
1798  122  SER  OG  27.946  -1.311  -23.719  7.14
1799  122  SER  H  27.138  -1.118  -20.681  4.19
1800  122  SER  HA  27.566  0.57  -22.012  1.68
1801  122  SER  HB2  26.005  -1.053  -23.731  1.27
1802  122  SER  HB3  26.82  0.195  -24.267  1.79
1803  122  SER  HG  28.59  -0.943  -23.324  122.37
1804  123  SER  N  25.308  1.692  -20.985  57.48
1805  123  SER  CA  24.271  2.704  -20.821  176.36
1806  123  SER  C  24.887  4.08  -20.588  53.67
1807  123  SER  O  24.373  5.092  -21.064  40.86
1808  123  SER  CB  23.353  2.34  -19.653  26.61
1809  123  SER  OG  22.439  3.387  -19.376  119.37
1810  123  SER  H  25.728  1.406  -20.292  53.68
1811  123  SER  HA  23.748  2.73  -21.638  178.24
1812  123  SER  HB2  22.853  1.539  -19.876  3.53
1813  123  SER  HB3  23.89  2.176  -18.862  18.6
1814  123  SER  HG  22.258  3.796  -20.087  8.51
1815  124  GLY  N  25.993  4.11  -19.851  3.88
1816  124  GLY  CA  26.662  5.366  -19.566  23.98
1817  124  GLY  C  27.949  5.174  -18.788  7.41
1818  124  GLY  O  28.492  4.071  -18.736  4.49
1819  124  GLY  H  26.313  3.375  -19.541  113.34
1820  124  GLY  HA2  26.866  5.81  -20.404  55.65
1821  124  GLY  HA3  26.064  5.929  -19.049  176.16
