1  1  GLY  N  -17.037  -5.996  -10.329  124.37
2  1  GLY  CA  -17.622  -4.668  -10.32  43.41
3  1  GLY  C  -16.656  -3.606  -10.807  173.91
4  1  GLY  O  -16.986  -2.817  -11.692  55.76
5  1  GLY  H  -17.564  -6.712  -10.365  31.19
6  1  GLY  HA2  -18.406  -4.666  -10.892  3.79
7  1  GLY  HA3  -17.893  -4.452  -9.414  3.79
8  1  GLY  H2  -16.277  -5.989  -9.866  16.9
9  1  GLY  H3  -17.604  -6.573  -9.959  4.33
10  2  SER  N  -15.461  -3.584  -10.226  115.65
11  2  SER  CA  -14.447  -2.606  -10.602  58.19
12  2  SER  C  -13.277  -3.283  -11.31  174.64
13  2  SER  O  -12.428  -3.907  -10.673  2.48
14  2  SER  CB  -13.945  -1.858  -9.365  64.03
15  2  SER  OG  -13.381  -2.753  -8.422  2.11
16  2  SER  H  -15.283  -4.158  -9.611  8.25
17  2  SER  HA  -14.856  -1.971  -11.21  4.57
18  2  SER  HB2  -13.267  -1.216  -9.63  3.92
19  2  SER  HB3  -14.687  -1.392  -8.949  3.82
20  2  SER  HG  -12.714  -3.135  -8.761  121.81
21  3  SER  N  -13.239  -3.154  -12.633  117.23
22  3  SER  CA  -12.177  -3.756  -13.429  58.69
23  3  SER  C  -11.872  -2.905  -14.659  174.78
24  3  SER  O  -12.66  -2.854  -15.603  32.18
25  3  SER  CB  -12.571  -5.17  -13.858  59.55
26  3  SER  OG  -12.246  -6.116  -12.855  43.67
27  3  SER  H  -13.858  -2.707  -13.028  8.55
28  3  SER  HA  -11.381  -3.803  -12.877  4.52
29  3  SER  HB2  -13.527  -5.202  -14.021  3.91
30  3  SER  HB3  -12.097  -5.402  -14.672  3.94
31  3  SER  HG  -11.763  -6.72  -13.184  4.31
32  4  GLY  N  -10.722  -2.239  -14.64  110.17
33  4  GLY  CA  -10.332  -1.4  -15.758  45.45
34  4  GLY  C  -9.071  -0.607  -15.476  173.99
35  4  GLY  O  -8.981  0.572  -15.819  1.56
36  4  GLY  H  -10.205  -2.308  -13.956  8.46
37  4  GLY  HA2  -10.183  -1.961  -16.535  4.08
38  4  GLY  HA3  -11.054  -0.781  -15.951  3.94
39  5  SER  N  -8.095  -1.254  -14.848  115.11
40  5  SER  CA  -6.835  -0.6  -14.514  62.01
41  5  SER  C  -5.651  -1.389  -15.065  174.52
42  5  SER  O  -5.522  -2.588  -14.819  3.91
43  5  SER  CB  -6.701  -0.448  -12.998  63.98
44  5  SER  OG  -7.717  0.39  -12.477  124.96
45  5  SER  H  -8.211  -2.078  -14.63  8.3
46  5  SER  HA  -6.84  0.28  -14.921  4.52
47  5  SER  HB2  -6.77  -1.321  -12.58  3.91
48  5  SER  HB3  -5.837  -0.058  -12.791  3.89
49  5  SER  HG  -7.633  0.449  -11.643  26.62
50  6  SER  N  -4.789  -0.707  -15.812  122.62
51  6  SER  CA  -3.617  -1.344  -16.401  58.65
52  6  SER  C  -2.381  -1.11  -15.539  173.78
53  6  SER  O  -1.603  -0.189  -15.784  5.13
54  6  SER  CB  -3.376  -0.808  -17.814  63.78
55  6  SER  OG  -2.401  -1.58  -18.493  1.08
56  6  SER  H  -4.928  0.13  -15.952  8.35
57  6  SER  HA  -3.79  -2.297  -16.45  4.39
58  6  SER  HB2  -4.205  -0.84  -18.316  3.83
59  6  SER  HB3  -3.066  0.11  -17.76  3.83
60  6  SER  HG  -1.894  -1.946  -17.933  8.3
61  7  GLY  N  -2.206  -1.954  -14.526  110.13
62  7  GLY  CA  -1.063  -1.824  -13.641  45.05
63  7  GLY  C  -0.905  -3.016  -12.718  173.68
64  7  GLY  O  -1.605  -4.019  -12.862  59.22
65  7  GLY  H  -2.779  -2.582  -14.396  8.33
66  7  GLY  HA2  -0.26  -1.733  -14.177  4.02
67  7  GLY  HA3  -1.173  -1.024  -13.103  3.96
68  8  VAL  N  0.018  -2.909  -11.768  119.53
69  8  VAL  CA  0.266  -3.987  -10.818  62.34
70  8  VAL  C  -0.494  -3.758  -9.516  177.22
71  8  VAL  O  -1.048  -4.691  -8.934  4.59
72  8  VAL  CB  1.768  -4.125  -10.506  32.75
73  8  VAL  CG1  2.52  -4.646  -11.721  21.48
74  8  VAL  CG2  2.341  -2.794  -10.045  21.34
75  8  VAL  H  0.48  -2.186  -11.711  9.5
76  8  VAL  HA  -0.039  -4.816  -11.219  4.18
77  8  VAL  HB  1.872  -4.767  -9.787  2.09
78  8  VAL  HG11  1.888  -4.863  -12.424  2.69
79  8  VAL  HG12  3.136  -3.966  -12.036  2.57
80  8  VAL  HG13  3.016  -5.443  -11.477  119.73
81  8  VAL  HG21  2.241  -2.137  -10.752  54.82
82  8  VAL  HG22  1.865  -2.493  -9.256  176.15
83  8  VAL  HG23  3.281  -2.902  -9.832  56.27
84  9  THR  N  -0.516  -2.508  -9.062  117.21
85  9  THR  CA  -1.207  -2.156  -7.828  62.87
86  9  THR  C  -2.719  -2.24  -8.002  174.84
87  9  THR  O  -3.257  -1.866  -9.045  176.54
88  9  THR  CB  -0.833  -0.737  -7.361  69.28
89  9  THR  OG1  0.492  -0.411  -7.795  4.56
90  9  THR  CG2  -0.918  -0.625  -5.846  22.56
91  9  THR  H  -0.112  -1.893  -9.508  8.27
92  9  THR  HA  -0.933  -2.785  -7.142  4.09
93  9  THR  HB  -1.457  -0.107  -7.754  3.86
94  9  THR  HG1  0.836  0.137  -7.259  176.16
95  9  THR  HG21  -0.343  -1.292  -5.44  122.18
96  9  THR  HG22  -1.834  -0.771  -5.562  41.04
97  9  THR  HG23  -0.631  0.26  -5.571  58.76
98  10  LEU  N  -3.401  -2.732  -6.973  126.83
99  10  LEU  CA  -4.854  -2.864  -7.012  54.85
100  10  LEU  C  -5.52  -1.802  -6.142  176.38
101  10  LEU  O  -5.043  -1.489  -5.052  4.58
102  10  LEU  CB  -5.271  -4.259  -6.543  43.24
103  10  LEU  CG  -4.406  -5.419  -7.035  27.03
104  10  LEU  CD1  -4.394  -6.547  -6.015  25.36
105  10  LEU  CD2  -4.904  -5.921  -8.383  23.76
106  10  LEU  H  -2.977  -2.979  -6.267  8.69
107  10  LEU  HA  -5.14  -2.741  -7.931  4.37
108  10  LEU  HB2  -5.251  -4.264  -5.573  1.6
109  10  LEU  HB3  -6.179  -4.414  -6.847  1.4
110  10  LEU  HG  -3.494  -5.11  -7.148  1.73
111  10  LEU  HD11  -4.957  -7.272  -6.328  23.34
112  10  LEU  HD12  -4.731  -6.219  -5.167  8.09
113  10  LEU  HD13  -3.486  -6.869  -5.899  4.3
114  10  LEU  HD21  -4.173  -6.346  -8.859  1.72
115  10  LEU  HD22  -5.237  -5.173  -8.903  1.61
116  10  LEU  HD23  -5.617  -6.564  -8.245  1.65
117  11  SER  N  -6.627  -1.253  -6.632  120.36
118  11  SER  CA  -7.359  -0.225  -5.901  57.86
119  11  SER  C  -8.515  -0.837  -5.116  174.35
120  11  SER  O  -9.544  -1.201  -5.686  4.78
121  11  SER  CB  -7.888  0.838  -6.866  63.34
122  11  SER  OG  -8.744  1.75  -6.2  2.23
123  11  SER  H  -6.917  -1.509  -7.4  8.78
124  11  SER  HA  -6.743  0.192  -5.278  5
125  11  SER  HB2  -7.142  1.328  -7.245  3.78
126  11  SER  HB3  -8.385  0.405  -7.578  3.78
127  11  SER  HG  -9.481  1.789  -6.602  30.49
128  12  LEU  N  -8.338  -0.946  -3.804  124.75
129  12  LEU  CA  -9.366  -1.513  -2.938  53.02
130  12  LEU  C  -10.198  -0.412  -2.287  175.77
131  12  LEU  O  -9.657  0.56  -1.759  21.22
132  12  LEU  CB  -8.725  -2.389  -1.859  43.74
133  12  LEU  CG  -7.725  -3.436  -2.351  26.96
134  12  LEU  CD1  -6.779  -3.839  -1.231  26.79
135  12  LEU  CD2  -8.455  -4.653  -2.9  22.68
136  12  LEU  H  -7.6  -0.676  -3.455  8.66
137  12  LEU  HA  -9.948  -2.062  -3.486  5.29
138  12  LEU  HB2  -8.262  -1.805  -1.238  1.81
139  12  LEU  HB3  -9.438  -2.853  -1.393  1.34
140  12  LEU  HG  -7.194  -3.055  -3.068  1.5
141  12  LEU  HD11  -6.127  -4.472  -1.57  124.02
142  12  LEU  HD12  -7.286  -4.249  -0.512  32.54
143  12  LEU  HD13  -6.322  -3.052  -0.895  22.44
144  12  LEU  HD21  -8.416  -5.372  -2.25  21.5
145  12  LEU  HD22  -8.03  -4.94  -3.723  8.46
146  12  LEU  HD23  -9.381  -4.424  -3.075  4.22
147  13  THR  N  -11.517  -0.573  -2.326  111.44
148  13  THR  CA  -12.424  0.406  -1.74  59.02
149  13  THR  C  -13.276  -0.222  -0.644  174.92
150  13  THR  O  -13.412  -1.444  -0.571  2.28
151  13  THR  CB  -13.35  1.022  -2.806  73.5
152  13  THR  OG1  -14.163  0.002  -3.397  2.07
153  13  THR  CG2  -12.541  1.723  -3.886  21.36
154  13  THR  H  -11.842  -1.272  -2.708  9.28
155  13  THR  HA  -11.888  1.117  -1.355  4.42
156  13  THR  HB  -13.925  1.675  -2.376  4.51
157  13  THR  HG1  -14.93  0.02  -3.054  54.79
158  13  THR  HG21  -12.118  2.512  -3.513  34.49
159  13  THR  HG22  -13.129  1.983  -4.612  25.09
160  13  THR  HG23  -11.86  1.12  -4.222  28.94
161  14  LYS  N  -13.85  0.62  0.209  117.95
162  14  LYS  CA  -14.692  0.149  1.302  59.11
163  14  LYS  C  -15.807  -0.752  0.78  176.82
164  14  LYS  O  -16.469  -1.447  1.551  4.64
165  14  LYS  CB  -15.292  1.335  2.059  31.75
166  14  LYS  CG  -16.507  1.94  1.377  23.7
167  14  LYS  CD  -16.916  3.252  2.027  29.39
168  14  LYS  CE  -18.102  3.882  1.313  42.11
169  14  LYS  NZ  -18.284  5.309  1.695  1.66
170  14  LYS  H  -13.722  1.465  0.113  8.3
171  14  LYS  HA  -14.134  -0.364  1.907  4.08
172  14  LYS  HB2  -15.555  1.039  2.945  2.08
173  14  LYS  HB3  -14.616  2.025  2.144  2.03
174  14  LYS  HG2  -16.296  2.104  0.445  1.45
175  14  LYS  HG3  -17.246  1.315  1.438  1.6
176  14  LYS  HD2  -17.159  3.083  2.951  1.76
177  14  LYS  HD3  -16.166  3.866  1.996  53.68
178  14  LYS  HE2  -17.954  3.827  0.356  3.05
179  14  LYS  HE3  -18.903  3.387  1.545  3.05
180  14  LYS  HZ1  -18.916  5.682  1.191  31.59
181  14  LYS  HZ2  -17.523  5.757  1.58  34.23
182  14  LYS  HZ3  -18.527  5.369  2.549  41.03
183  15  ASP  N  -16.009  -0.735  -0.533  117.53
184  15  ASP  CA  -17.043  -1.552  -1.158  56.59
185  15  ASP  C  -16.476  -2.894  -1.609  176.28
186  15  ASP  O  -17.193  -3.891  -1.675  4.69
187  15  ASP  CB  -17.654  -0.815  -2.351  41.54
188  15  ASP  CG  -18.864  -1.531  -2.916  0.73
189  15  ASP  OD1  -19.959  -1.396  -2.333  1.27
190  15  ASP  OD2  -18.716  -2.228  -3.942  1.05
191  15  ASP  H  -15.518  -0.23  -1.027  7.98
192  15  ASP  HA  -17.736  -1.712  -0.498  4.59
193  15  ASP  HB2  -17.926  0.073  -2.07  2.7
194  15  ASP  HB3  -16.987  -0.738  -3.051  2.35
195  16  ASN  N  -15.184  -2.91  -1.92  115.25
196  16  ASN  CA  -14.52  -4.13  -2.367  52.65
197  16  ASN  C  -13.178  -4.307  -1.665  175.99
198  16  ASN  O  -12.228  -4.836  -2.243  121.38
199  16  ASN  CB  -14.315  -4.097  -3.883  39.4
200  16  ASN  CG  -13.543  -2.873  -4.336  8.78
201  16  ASN  OD1  -14.116  -1.932  -4.885  4.32
202  16  ASN  ND2  -12.235  -2.881  -4.107  106.67
203  16  ASN  H  -14.727  -2.184  -1.856  7.6
204  16  ASN  HA  -15.093  -4.879  -2.142  5.05
205  16  ASN  HB2  -13.822  -4.887  -4.154  3.23
206  16  ASN  HB3  -15.18  -4.094  -4.321  2.68
207  16  ASN  HD21  -11.894  -3.569  -3.719  7.57
208  16  ASN  HD22  -11.776  -2.197  -4.354  6.33
209  17  PHE  N  -13.107  -3.863  -0.414  120.91
210  17  PHE  CA  -11.881  -3.972  0.368  63.41
211  17  PHE  C  -11.837  -5.294  1.129  175.81
212  17  PHE  O  -10.812  -5.975  1.153  3.4
213  17  PHE  CB  -11.77  -2.802  1.347  40.28
214  17  PHE  CG  -10.53  -2.845  2.194  9.35
215  17  PHE  CD1  -10.496  -3.594  3.36  132.84
216  17  PHE  CD2  -9.398  -2.137  1.824  132.84
217  17  PHE  CE1  -9.357  -3.634  4.141  130.17
218  17  PHE  CE2  -8.255  -2.174  2.601  130.17
219  17  PHE  CZ  -8.234  -2.925  3.76  130.21
220  17  PHE  H  -13.801  -3.501  -0.058  8.44
221  17  PHE  HA  -11.132  -3.941  -0.248  3.68
222  17  PHE  HB2  -11.761  -1.97  0.848  3.11
223  17  PHE  HB3  -12.537  -2.812  1.94  2.97
224  17  PHE  HD1  -11.251  -4.073  3.617  6.91
225  17  PHE  HD2  -9.411  -1.632  1.043  6.91
226  17  PHE  HE1  -9.345  -4.141  4.921  6.81
227  17  PHE  HE2  -7.501  -1.695  2.342  6.81
228  17  PHE  HZ  -7.466  -2.95  4.285  6.36
229  18  ASP  N  -12.957  -5.649  1.75  116.94
230  18  ASP  CA  -13.048  -6.889  2.512  57.89
231  18  ASP  C  -13.47  -8.048  1.615  177.35
232  18  ASP  O  -13.486  -9.203  2.042  22.58
233  18  ASP  CB  -14.04  -6.732  3.665  40.37
234  18  ASP  CG  -15.284  -5.967  3.258  7.15
235  18  ASP  OD1  -15.922  -6.361  2.26  3.94
236  18  ASP  OD2  -15.62  -4.975  3.938  1.97
237  18  ASP  H  -13.645  -5.135  1.701  8.53
238  18  ASP  HA  -12.169  -7.08  2.876  4.18
239  18  ASP  HB2  -14.308  -7.611  3.975  2.55
240  18  ASP  HB3  -13.61  -6.254  4.391  2.97
241  19  ASP  N  -13.813  -7.733  0.371  118.52
242  19  ASP  CA  -14.236  -8.748  -0.587  57.37
243  19  ASP  C  -13.066  -9.193  -1.459  178.41
244  19  ASP  O  -13.066  -10.3  -1.998  57.47
245  19  ASP  CB  -15.368  -8.211  -1.464  40.74
246  19  ASP  CG  -16.736  -8.466  -0.864  173.9
247  19  ASP  OD1  -16.885  -8.298  0.365  29.97
248  19  ASP  OD2  -17.659  -8.833  -1.622  41.88
249  19  ASP  H  -13.784  -6.91  0.125  8.19
250  19  ASP  HA  -14.56  -9.513  -0.086  4.15
251  19  ASP  HB2  -15.256  -7.254  -1.577  2.55
252  19  ASP  HB3  -15.329  -8.643  -2.332  131.54
253  20  VAL  N  -12.071  -8.322  -1.595  117.49
254  20  VAL  CA  -10.895  -8.625  -2.402  65.63
255  20  VAL  C  -9.749  -9.132  -1.534  178.73
256  20  VAL  O  -9.131  -10.153  -1.836  124.51
257  20  VAL  CB  -10.421  -7.389  -3.189  32.01
258  20  VAL  CG1  -9.056  -7.643  -3.811  20.69
259  20  VAL  CG2  -11.44  -7.014  -4.254  21.97
260  20  VAL  H  -12.122  -7.562  -1.196  7.57
261  20  VAL  HA  -11.137  -9.316  -3.038  3.59
262  20  VAL  HB  -10.339  -6.646  -2.57  1.66
263  20  VAL  HG11  -8.759  -6.844  -4.273  7.28
264  20  VAL  HG12  -8.421  -7.871  -3.115  7.46
265  20  VAL  HG13  -9.121  -8.377  -4.442  7.04
266  20  VAL  HG21  -10.994  -6.546  -4.977  7.19
267  20  VAL  HG22  -11.859  -7.818  -4.6  123.22
268  20  VAL  HG23  -12.117  -6.438  -3.866  62.74
269  21  VAL  N  -9.469  -8.411  -0.452  116.6
270  21  VAL  CA  -8.398  -8.788  0.462  66.18
271  21  VAL  C  -8.631  -10.18  1.038  178.72
272  21  VAL  O  -7.704  -10.981  1.146  21.38
273  21  VAL  CB  -8.267  -7.781  1.619  30.77
274  21  VAL  CG1  -7.311  -8.306  2.679  20.22
275  21  VAL  CG2  -7.807  -6.428  1.098  20.86
276  21  VAL  H  -9.932  -7.706  -0.287  8.48
277  21  VAL  HA  -7.566  -8.789  -0.036  3.25
278  21  VAL  HB  -9.14  -7.669  2.027  1.28
279  21  VAL  HG11  -6.429  -8.418  2.291  4
280  21  VAL  HG12  -7.264  -7.675  3.414  2.47
281  21  VAL  HG13  -7.631  -9.161  3.007  0.31
282  21  VAL  HG21  -7.82  -6.434  0.128  17.41
283  21  VAL  HG22  -8.403  -5.736  1.425  124.41
284  21  VAL  HG23  -6.905  -6.25  1.409  52.08
285  22  ASN  N  -9.877  -10.461  1.405  117.42
286  22  ASN  CA  -10.233  -11.758  1.971  55.41
287  22  ASN  C  -9.964  -12.879  0.972  176.28
288  22  ASN  O  -9.734  -14.025  1.357  27.35
289  22  ASN  CB  -11.706  -11.77  2.384  37.06
290  22  ASN  CG  -12.617  -12.234  1.264  21.37
291  22  ASN  OD1  -12.847  -13.431  1.092  8.36
292  22  ASN  ND2  -13.14  -11.286  0.495  108.83
293  22  ASN  H  -10.488  -9.864  1.308  8.6
294  22  ASN  HA  -9.683  -11.9  2.757  4.13
295  22  ASN  HB2  -11.819  -12.369  3.139  2.93
296  22  ASN  HB3  -11.971  -10.874  2.645  2.61
297  22  ASN  HD21  -12.94  -10.467  0.667  7.44
298  22  ASN  HD22  -13.66  -11.526  -0.146  6.86
299  23  ASN  N  -9.993  -12.54  -0.312  112.43
300  23  ASN  CA  -9.753  -13.518  -1.367  53.51
301  23  ASN  C  -8.295  -13.486  -1.817  174.19
302  23  ASN  O  -7.95  -14.009  -2.876  116.6
303  23  ASN  CB  -10.672  -13.25  -2.56  40.44
304  23  ASN  CG  -12.074  -13.787  -2.342  173.61
305  23  ASN  OD1  -12.351  -14.955  -2.615  178.64
306  23  ASN  ND2  -12.964  -12.935  -1.849  116.83
307  23  ASN  H  -10.159  -11.724  -0.527  6.71
308  23  ASN  HA  -9.951  -14.397  -1.008  4.68
309  23  ASN  HB2  -10.731  -12.293  -2.706  2.8
310  23  ASN  HB3  -10.3  -13.672  -3.35  2.56
311  23  ASN  HD21  -12.708  -12.132  -1.68  8.28
312  23  ASN  HD22  -13.766  -13.217  -1.717  7.08
313  24  ALA  N  -7.445  -12.868  -1.004  123.96
314  24  ALA  CA  -6.024  -12.769  -1.316  51.5
315  24  ALA  C  -5.176  -13.412  -0.224  177.02
316  24  ALA  O  -4.949  -12.817  0.83  115.86
317  24  ALA  CB  -5.626  -11.314  -1.508  18.39
318  24  ALA  H  -7.739  -12.519  -0.275  7.1
319  24  ALA  HA  -5.868  -13.237  -2.151  4.42
320  24  ALA  HB1  -5.635  -10.861  -0.65  7.94
321  24  ALA  HB2  -4.735  -11.27  -1.888  7.31
322  24  ALA  HB3  -6.255  -10.883  -2.107  3.22
323  25  ASP  N  -4.711  -14.629  -0.482  127.13
324  25  ASP  CA  -3.887  -15.353  0.479  58.48
325  25  ASP  C  -2.983  -14.396  1.249  176.84
326  25  ASP  O  -2.931  -14.43  2.479  2.67
327  25  ASP  CB  -3.043  -16.41  -0.234  40.75
328  25  ASP  CG  -3.814  -17.689  -0.494  104.36
329  25  ASP  OD1  -4.48  -17.776  -1.548  46.41
330  25  ASP  OD2  -3.752  -18.602  0.355  174.99
331  25  ASP  H  -4.901  -14.999  -1.235  8.93
332  25  ASP  HA  -4.48  -15.795  1.107  4.26
333  25  ASP  HB2  -2.742  -16.055  -1.085  2.66
334  25  ASP  HB3  -2.271  -16.623  0.314  2.66
335  26  ILE  N  -2.272  -13.544  0.518  112.7
336  26  ILE  CA  -1.37  -12.578  1.132  60.36
337  26  ILE  C  -1.311  -11.288  0.321  171.99
338  26  ILE  O  -0.742  -11.255  -0.771  0.82
339  26  ILE  CB  0.054  -13.148  1.273  39.73
340  26  ILE  CG1  1.056  -12.019  1.522  29.65
341  26  ILE  CG2  0.434  -13.938  0.03  15.13
342  26  ILE  CD  2.422  -12.507  1.953  107.28
343  26  ILE  H  -2.347  -13.563  -0.339  7.77
344  26  ILE  HA  -1.707  -12.376  2.019  5.26
345  26  ILE  HB  0.065  -13.754  2.031  1.97
346  26  ILE  HG12  1.168  -11.507  0.706  1.45
347  26  ILE  HG13  0.713  -11.439  2.219  0.74
348  26  ILE  HG21  1.257  -14.424  0.195  6.5
349  26  ILE  HG22  -0.274  -14.565  -0.184  121.23
350  26  ILE  HG23  0.562  -13.328  -0.713  63.63
351  26  ILE  HD11  2.419  -13.586  2.005  176.26
352  26  ILE  HD12  3.163  -12.183  1.238  125.72
353  26  ILE  HD13  2.658  -12.101  2.926  41.34
354  27  ILE  N  -1.901  -10.228  0.862  124.45
355  27  ILE  CA  -1.912  -8.935  0.19  59.55
356  27  ILE  C  -1.515  -7.815  1.146  171.4
357  27  ILE  O  -1.719  -7.915  2.356  130.49
358  27  ILE  CB  -3.299  -8.621  -0.402  41.4
359  27  ILE  CG1  -3.197  -7.482  -1.419  27.24
360  27  ILE  CG2  -4.279  -8.264  0.705  16.97
361  27  ILE  CD  -4.286  -7.509  -2.468  3.96
362  27  ILE  H  -2.284  -10.306  1.628  8.59
363  27  ILE  HA  -1.27  -8.97  -0.536  4.7
364  27  ILE  HB  -3.625  -9.417  -0.85  1.6
365  27  ILE  HG12  -3.255  -6.633  -0.953  1.6
366  27  ILE  HG13  -2.342  -7.539  -1.874  0.58
367  27  ILE  HG21  -4.469  -7.313  0.674  7.23
368  27  ILE  HG22  -5.103  -8.761  0.58  7.45
369  27  ILE  HG23  -3.892  -8.49  1.565  117.15
370  27  ILE  HD11  -4.047  -8.25  -3.217  57.94
371  27  ILE  HD12  -5.229  -7.756  -2.004  179
372  27  ILE  HD13  -4.36  -6.538  -2.936  175.8
373  28  LEU  N  -0.948  -6.748  0.594  40.21
374  28  LEU  CA  -0.523  -5.606  1.397  53.46
375  28  LEU  C  -1.252  -4.337  0.968  173.28
376  28  LEU  O  -1.281  -3.994  -0.214  43.25
377  28  LEU  CB  0.989  -5.406  1.274  43.73
378  28  LEU  CG  1.543  -4.104  1.855  26.2
379  28  LEU  CD1  1.376  -4.081  3.367  23.99
380  28  LEU  CD2  3.006  -3.931  1.476  25.48
381  28  LEU  H  -0.828  -6.729  -0.257  7.55
382  28  LEU  HA  -0.742  -5.796  2.323  5.11
383  28  LEU  HB2  1.425  -6.143  1.729  1.99
384  28  LEU  HB3  1.215  -5.431  0.331  1.29
385  28  LEU  HG  1.046  -3.356  1.488  1.99
386  28  LEU  HD11  1.059  -4.946  3.67  1.85
387  28  LEU  HD12  0.733  -3.397  3.61  3.03
388  28  LEU  HD13  2.23  -3.884  3.783  113.52
389  28  LEU  HD21  3.177  -4.381  0.634  8.67
390  28  LEU  HD22  3.567  -4.316  2.167  4.35
391  28  LEU  HD23  3.207  -2.986  1.385  2.77
392  29  VAL  N  -1.839  -3.642  1.937  125.04
393  29  VAL  CA  -2.565  -2.408  1.661  61.14
394  29  VAL  C  -1.769  -1.189  2.111  172.77
395  29  VAL  O  -1.215  -1.168  3.21  118.43
396  29  VAL  CB  -3.938  -2.397  2.359  34.79
397  29  VAL  CG1  -4.614  -1.045  2.187  22.32
398  29  VAL  CG2  -4.818  -3.515  1.82  22.02
399  29  VAL  H  -1.788  -3.926  2.747  9.38
400  29  VAL  HA  -2.711  -2.353  0.704  4.25
401  29  VAL  HB  -3.8  -2.549  3.307  2.04
402  29  VAL  HG11  -4.024  -0.449  1.7  132.45
403  29  VAL  HG12  -5.442  -1.157  1.694  129.53
404  29  VAL  HG13  -4.806  -0.667  3.059  129.53
405  29  VAL  HG21  -5.095  -3.3  0.916  129.49
406  29  VAL  HG22  -4.319  -4.347  1.815  7.74
407  29  VAL  HG23  -5.601  -3.612  2.384  4.04
408  30  GLU  N  -1.716  -0.174  1.254  127.18
409  30  GLU  CA  -0.987  1.05  1.565  53.71
410  30  GLU  C  -1.902  2.268  1.473  174.59
411  30  GLU  O  -2.254  2.713  0.38  6.75
412  30  GLU  CB  0.2  1.218  0.613  29.39
413  30  GLU  CG  0.696  2.65  0.506  31.61
414  30  GLU  CD  1.853  2.796  -0.464  5.93
415  30  GLU  OE1  2.905  2.165  -0.232  107.03
416  30  GLU  OE2  1.705  3.541  -1.455  62.99
417  30  GLU  H  -2.121  -0.241  0.498  8.13
418  30  GLU  HA  -0.654  0.977  2.473  4.85
419  30  GLU  HB2  0.932  0.664  0.926  1.95
420  30  GLU  HB3  -0.064  0.92  -0.271  1.22
421  30  GLU  HG2  -0.034  3.211  0.202  1.8
422  30  GLU  HG3  0.987  2.946  1.383  1.68
423  31  PHE  N  -2.286  2.801  2.628  128.7
424  31  PHE  CA  -3.162  3.965  2.679  56.9
425  31  PHE  C  -2.402  5.234  2.304  175.1
426  31  PHE  O  -1.48  5.649  3.007  31.74
427  31  PHE  CB  -3.768  4.114  4.076  116.18
428  31  PHE  CG  -4.566  2.919  4.513  57.8
429  31  PHE  CD1  -5.873  2.749  4.086  132.12
430  31  PHE  CD2  -4.01  1.966  5.352  132.12
431  31  PHE  CE1  -6.611  1.65  4.486  129.88
432  31  PHE  CE2  -4.742  0.866  5.755  129.88
433  31  PHE  CZ  -6.045  0.708  5.322  177.5
434  31  PHE  H  -2.011  2.45  3.363  9.98
435  31  PHE  HA  -3.877  3.828  2.038  5.54
436  31  PHE  HB2  -3.054  4.245  4.719  3.42
437  31  PHE  HB3  -4.354  4.887  4.087  2.79
438  31  PHE  HD1  -6.255  3.383  3.523  7.13
439  31  PHE  HD2  -3.133  2.072  5.644  7.13
440  31  PHE  HE1  -7.488  1.548  4.193  6.91
441  31  PHE  HE2  -4.359  0.233  6.318  6.91
442  31  PHE  HZ  -6.54  -0.032  5.592  53.08
443  32  TYR  N  -2.796  5.846  1.193  121.22
444  32  TYR  CA  -2.15  7.066  0.723  54.78
445  32  TYR  C  -3.175  8.176  0.506  170.47
446  32  TYR  O  -4.38  7.927  0.481  8.4
447  32  TYR  CB  -1.39  6.797  -0.577  42.95
448  32  TYR  CG  -2.285  6.703  -1.793  42.95
449  32  TYR  CD1  -2.825  5.485  -2.189  133.14
450  32  TYR  CD2  -2.589  7.83  -2.546  133.14
451  32  TYR  CE1  -3.642  5.394  -3.299  117.39
452  32  TYR  CE2  -3.406  7.748  -3.657  117.39
453  32  TYR  CZ  -3.93  6.528  -4.03  118.27
454  32  TYR  OH  -4.743  6.442  -5.136  55.02
455  32  TYR  H  -3.446  5.514  0.738  9.05
456  32  TYR  HA  -1.519  7.351  1.403  5.29
457  32  TYR  HB2  -0.757  7.516  -0.73  2.77
458  32  TYR  HB3  -0.908  5.959  -0.496  2.54
459  32  TYR  HD1  -2.629  4.722  -1.695  6.54
460  32  TYR  HD2  -2.234  8.651  -2.292  6.54
461  32  TYR  HE1  -3.995  4.571  -3.551  6.45
462  32  TYR  HE2  -3.6  8.513  -4.15  6.45
463  32  TYR  HH  -4.399  5.918  -5.696  4.37
464  33  ALA  N  -2.686  9.401  0.349  120.08
465  33  ALA  CA  -3.557  10.549  0.131  47.75
466  33  ALA  C  -3.133  11.334  -1.105  176.7
467  33  ALA  O  -1.95  11.589  -1.333  0.96
468  33  ALA  CB  -3.557  11.451  1.357  19.64
469  33  ALA  H  -1.835  9.519  0.374  7.23
470  33  ALA  HA  -4.46  10.22  -0  4.34
471  33  ALA  HB1  -4.327  12.04  1.324  1.67
472  33  ALA  HB2  -3.6  10.907  2.159  3.36
473  33  ALA  HB3  -2.745  11.981  1.368  4.21
474  34  PRO  N  -4.119  11.726  -1.926  2.08
475  34  PRO  CA  -3.871  12.488  -3.154  64.54
476  34  PRO  C  -3.409  13.913  -2.869  175.6
477  34  PRO  O  -3.211  14.706  -3.789  175.67
478  34  PRO  CB  -5.236  12.497  -3.846  32.03
479  34  PRO  CG  -6.222  12.328  -2.742  27.58
480  34  PRO  CD  -5.551  11.457  -1.717  51.24
481  34  PRO  HA  -3.222  12.045  -3.723  4.26
482  34  PRO  HB2  -5.361  13.341  -4.308  2.37
483  34  PRO  HB3  -5.285  11.765  -4.48  2.03
484  34  PRO  HG2  -6.44  13.192  -2.36  2.09
485  34  PRO  HG3  -7.023  11.896  -3.079  2.09
486  34  PRO  HD2  -5.826  11.714  -0.823  3.48
487  34  PRO  HD3  -5.755  10.523  -1.88  3.28
488  35  TRP  N  -3.238  14.23  -1.591  109.83
489  35  TRP  CA  -2.798  15.56  -1.186  53.73
490  35  TRP  C  -1.548  15.478  -0.316  175.94
491  35  TRP  O  -0.862  16.479  -0.103  70.88
492  35  TRP  CB  -3.914  16.28  -0.429  29.35
493  35  TRP  CG  -4.448  15.495  0.731  21.5
494  35  TRP  CD1  -5.662  14.876  0.812  128.4
495  35  TRP  CD2  -3.786  15.248  1.976  5.4
496  35  TRP  NE1  -5.795  14.258  2.032  130.74
497  35  TRP  CE2  -4.657  14.471  2.765  176.08
498  35  TRP  CE3  -2.541  15.606  2.501  120.93
499  35  TRP  CZ2  -4.322  14.049  4.048  114.88
500  35  TRP  CZ3  -2.21  15.186  3.775  122.27
501  35  TRP  CH2  -3.097  14.414  4.537  125.52
502  35  TRP  H  -3.39  13.636  -0.988  5.99
503  35  TRP  HA  -2.588  16.06  -1.99  4.58
504  35  TRP  HB2  -3.575  17.123  -0.09  3.59
505  35  TRP  HB3  -4.649  16.453  -1.038  3.21
506  35  TRP  HD1  -6.299  14.879  0.134  7.36
507  35  TRP  HE1  -6.481  13.81  2.293  10.31
508  35  TRP  HE3  -1.941  16.118  2.009  7.37
509  35  TRP  HZ2  -4.901  13.535  4.564  7.49
510  35  TRP  HZ3  -1.386  15.417  4.139  7.3
511  35  TRP  HH2  -2.838  14.15  5.39  7.41
512  36  CYS  N  -1.257  14.282  0.183  126.62
513  36  CYS  CA  -0.088  14.071  1.03  60.07
514  36  CYS  C  1.189  14.042  0.198  177.82
515  36  CYS  O  1.344  13.205  -0.691  43.64
516  36  CYS  CB  -0.23  12.766  1.815  29.9
517  36  CYS  SG  1.205  12.358  2.836  128.84
518  36  CYS  H  -1.77  13.616  0.003  6.68
519  36  CYS  HA  -0.037  14.811  1.655  4.39
520  36  CYS  HB2  -1  12.832  2.402  2.7
521  36  CYS  HB3  -0.367  12.036  1.192  2.29
522  36  CYS  HG  1.541  13.353  3.417  25.61
523  37  GLY  N  2.102  14.963  0.491  119.02
524  37  GLY  CA  3.354  15.027  -0.241  47.59
525  37  GLY  C  4.182  13.768  -0.083  176.96
526  37  GLY  O  4.431  13.053  -1.055  4.72
527  37  GLY  H  1.946  15.526  1.122  9.11
528  37  GLY  HA2  3.16  15.16  -1.182  4.03
529  37  GLY  HA3  3.868  15.783  0.083  3.81
530  38  HSE  N  4.613  13.495  1.144  63.61
531  38  HSE  CA  5.42  12.313  1.426  59.26
532  38  HSE  C  5.018  11.152  0.521  180.37
533  38  HSE  O  5.871  10.415  0.026  69.19
534  38  HSE  CB  5.272  11.906  2.893  30.97
535  38  HSE  CG  5.695  12.973  3.856  22.11
536  38  HSE  ND1  5.253  13.026  5.161  123.19
537  38  HSE  CD2  6.525  14.03  3.697  119.9
538  38  HSE  CE1  5.792  14.071  5.763  139.29
539  38  HSE  NE2  6.569  14.696  4.897  7.69
540  38  HSE  H  4.382  14.102  1.878  9.52
541  38  HSE  HA  6.452  12.562  1.233  4.58
542  38  HSE  HB2  4.237  11.672  3.092  3.46
543  38  HSE  HB3  5.877  11.03  3.08  3.07
544  38  HSE  HD1  4.635  12.394  5.582  9.04
545  38  HSE  HD2  7.056  14.3  2.795  7.3
546  38  HSE  HE1  5.628  14.364  6.789  7.83
547  38  HSE  HE2  7.021  15.551  5.058  0.73
548  39  CYS  N  3.716  10.996  0.311  128.45
549  39  CYS  CA  3.201  9.923  -0.533  64.33
550  39  CYS  C  3.774  10.019  -1.943  178.28
551  39  CYS  O  4.24  9.027  -2.505  55.88
552  39  CYS  CB  1.674  9.976  -0.586  28.72
553  39  CYS  SG  0.956  9.154  -2.027  117.52
554  39  CYS  H  3.162  11.539  0.682  9.79
555  39  CYS  HA  3.475  9.079  -0.141  3.95
556  39  CYS  HB2  1.315  9.548  0.207  3.53
557  39  CYS  HB3  1.389  10.903  -0.601  2.74
558  39  CYS  HG  -0.153  9.585  -2.185  3.03
559  40  LYS  N  3.735  11.219  -2.512  123.21
560  40  LYS  CA  4.249  11.446  -3.857  60.04
561  40  LYS  C  5.564  10.702  -4.07  178.66
562  40  LYS  O  5.937  10.39  -5.2  50.52
563  40  LYS  CB  4.452  12.943  -4.102  32.61
564  40  LYS  CG  3.196  13.659  -4.567  25.5
565  40  LYS  CD  1.999  13.303  -3.701  29.53
566  40  LYS  CE  0.817  14.219  -3.98  42.07
567  40  LYS  NZ  -0.283  14.021  -2.996  1.17
568  40  LYS  H  3.398  11.879  -2.075  8.77
569  40  LYS  HA  3.594  11.108  -4.488  3.95
570  40  LYS  HB2  4.752  13.357  -3.278  1.87
571  40  LYS  HB3  5.137  13.059  -4.779  1.87
572  40  LYS  HG2  3.343  14.617  -4.52  1.59
573  40  LYS  HG3  3.009  13.403  -5.484  1.59
574  40  LYS  HD2  1.736  12.388  -3.887  1.68
575  40  LYS  HD3  2.249  13.386  -2.768  1.61
576  40  LYS  HE2  1.119  15.14  -3.935  2.94
577  40  LYS  HE3  0.482  14.032  -4.871  2.94
578  40  LYS  HZ1  0.054  13.811  -2.199  130.11
579  40  LYS  HZ2  -0.818  13.362  -3.265  130.11
580  40  LYS  HZ3  -0.762  14.767  -2.919  130.03
581  41  LYS  N  6.263  10.421  -2.975  118.59
582  41  LYS  CA  7.535  9.711  -3.04  58.8
583  41  LYS  C  7.322  8.203  -2.956  177.87
584  41  LYS  O  8.047  7.428  -3.58  2.85
585  41  LYS  CB  8.457  10.171  -1.908  32.73
586  41  LYS  CG  8.37  9.304  -0.663  25.17
587  41  LYS  CD  8.729  10.088  0.588  29.34
588  41  LYS  CE  9.255  9.176  1.685  42.11
589  41  LYS  NZ  9.168  9.816  3.027  6.33
590  41  LYS  H  5.956  10.662  -2.209  7.48
591  41  LYS  HA  7.95  9.921  -3.891  4.1
592  41  LYS  HB2  9.373  10.157  -2.226  1.97
593  41  LYS  HB3  8.222  11.08  -1.663  1.32
594  41  LYS  HG2  7.464  8.97  -0.574  1.51
595  41  LYS  HG3  8.985  8.559  -0.755  1.6
596  41  LYS  HD2  9.413  10.739  0.367  1.75
597  41  LYS  HD3  7.938  10.547  0.911  1.75
598  41  LYS  HE2  8.732  8.359  1.689  3.04
599  41  LYS  HE3  10.183  8.964  1.496  117.08
600  41  LYS  HZ1  9.982  9.913  3.372  8.59
601  41  LYS  HZ2  8.682  9.311  3.576  4.4
602  41  LYS  HZ3  8.787  10.617  2.96  9.22
603  42  LEU  N  6.323  7.794  -2.182  117.39
604  42  LEU  CA  6.013  6.378  -2.017  56.15
605  42  LEU  C  5.303  5.829  -3.251  177.73
606  42  LEU  O  5.528  4.688  -3.652  6.57
607  42  LEU  CB  5.142  6.167  -0.777  42.4
608  42  LEU  CG  4.806  4.715  -0.433  27.45
609  42  LEU  CD1  6.077  3.891  -0.297  23.38
610  42  LEU  CD2  3.985  4.648  0.846  26.7
611  42  LEU  H  5.846  8.378  -1.768  7.41
612  42  LEU  HA  6.85  5.902  -1.901  4.39
613  42  LEU  HB2  5.608  6.552  -0.018  1.74
614  42  LEU  HB3  4.307  6.641  -0.918  1.6
615  42  LEU  HG  4.277  4.333  -1.151  1.48
616  42  LEU  HD11  6.85  4.473  -0.369  7.12
617  42  LEU  HD12  6.107  3.225  -1.001  4.34
618  42  LEU  HD13  6.084  3.449  0.566  4.82
619  42  LEU  HD21  3.042  4.705  0.628  2.72
620  42  LEU  HD22  4.227  5.387  1.426  2.46
621  42  LEU  HD23  4.161  3.809  1.3  118.45
622  43  ALA  N  4.446  6.651  -3.849  120.08
623  43  ALA  CA  3.707  6.249  -5.039  57.09
624  43  ALA  C  4.54  5.321  -5.916  175.93
625  43  ALA  O  4.169  4.178  -6.181  32.11
626  43  ALA  CB  3.271  7.475  -5.828  15.5
627  43  ALA  H  4.327  7.439  -3.526  7.56
628  43  ALA  HA  2.91  5.777  -4.751  4.14
629  43  ALA  HB1  3.657  8.27  -5.428  2.38
630  43  ALA  HB2  3.576  7.393  -6.745  2.02
631  43  ALA  HB3  2.303  7.542  -5.813  2.03
632  44  PRO  N  5.695  5.823  -6.38  1.99
633  44  PRO  CA  6.605  5.055  -7.235  65.65
634  44  PRO  C  7.288  3.919  -6.481  180.14
635  44  PRO  O  7.6  2.879  -7.06  108.92
636  44  PRO  CB  7.634  6.096  -7.682  30.96
637  44  PRO  CG  7.616  7.131  -6.61  28.49
638  44  PRO  CD  6.2  7.178  -6.105  50.06
639  44  PRO  HA  6.147  4.697  -8.012  4.44
640  44  PRO  HB2  8.507  5.679  -7.757  2.32
641  44  PRO  HB3  7.372  6.467  -8.539  1.96
642  44  PRO  HG2  8.221  6.878  -5.895  2.11
643  44  PRO  HG3  7.869  7.991  -6.979  2.11
644  44  PRO  HD2  6.187  7.367  -5.154  3.97
645  44  PRO  HD3  5.689  7.844  -6.591  3.7
646  45  GLU  N  7.516  4.126  -5.188  116.9
647  45  GLU  CA  8.163  3.117  -4.357  58.09
648  45  GLU  C  7.225  1.942  -4.099  177.41
649  45  GLU  O  7.669  0.836  -3.789  6
650  45  GLU  CB  8.608  3.73  -3.027  29.94
651  45  GLU  CG  9.631  4.843  -3.182  35.64
652  45  GLU  CD  10.951  4.348  -3.742  3.21
653  45  GLU  OE1  11.811  3.92  -2.944  7.34
654  45  GLU  OE2  11.123  4.39  -4.978  10.33
655  45  GLU  H  7.277  4.872  -4.833  6.9
656  45  GLU  HA  8.945  2.795  -4.833  3.98
657  45  GLU  HB2  7.83  4.091  -2.573  2.27
658  45  GLU  HB3  8.998  3.032  -2.477  2
659  45  GLU  HG2  9.273  5.515  -3.783  2.71
660  45  GLU  HG3  9.793  5.241  -2.312  2.4
661  46  TYR  N  5.926  2.189  -4.227  122.11
662  46  TYR  CA  4.925  1.153  -4.006  62.45
663  46  TYR  C  4.555  0.463  -5.315  176.79
664  46  TYR  O  4.66  -0.756  -5.438  1.63
665  46  TYR  CB  3.674  1.753  -3.361  39.65
666  46  TYR  CG  2.736  0.718  -2.781  4.42
667  46  TYR  CD1  3.064  0.026  -1.622  131.89
668  46  TYR  CD2  1.521  0.434  -3.392  131.89
669  46  TYR  CE1  2.211  -0.92  -1.09  117.86
670  46  TYR  CE2  0.66  -0.51  -2.866  117.86
671  46  TYR  CZ  1.01  -1.185  -1.715  47.65
672  46  TYR  OH  0.156  -2.126  -1.187  176.93
673  46  TYR  H  5.67  2.98  -4.445  8.55
674  46  TYR  HA  5.305  0.496  -3.402  3.63
675  46  TYR  HB2  3.941  2.348  -2.643  3.04
676  46  TYR  HB3  3.185  2.258  -4.029  2.57
677  46  TYR  HD1  3.874  0.207  -1.203  6.67
678  46  TYR  HD2  1.288  0.89  -4.168  6.67
679  46  TYR  HE1  2.446  -1.375  -0.313  6.22
680  46  TYR  HE2  -0.15  -0.689  -3.287  6.22
681  46  TYR  HH  -0.301  -1.777  -0.575  30.63
682  47  GLU  N  4.121  1.255  -6.291  116.26
683  47  GLU  CA  3.736  0.721  -7.592  58.55
684  47  GLU  C  4.852  -0.136  -8.182  178.76
685  47  GLU  O  4.597  -1.171  -8.798  175.95
686  47  GLU  CB  3.391  1.861  -8.554  28.96
687  47  GLU  CG  2.34  2.816  -8.014  35.37
688  47  GLU  CD  0.928  2.384  -8.358  4.63
689  47  GLU  OE1  0.6  2.329  -9.562  3.4
690  47  GLU  OE2  0.15  2.101  -7.423  3.03
691  47  GLU  H  4.067  2.102  -6.152  8.02
692  47  GLU  HA  2.95  0.167  -7.466  3.92
693  47  GLU  HB2  4.197  2.367  -8.74  2.1
694  47  GLU  HB3  3.06  1.48  -9.382  1.94
695  47  GLU  HG2  2.424  2.859  -7.049  2.2
696  47  GLU  HG3  2.495  3.696  -8.391  2.42
697  48  LYS  N  6.091  0.302  -7.988  118.46
698  48  LYS  CA  7.248  -0.424  -8.498  59.93
699  48  LYS  C  7.414  -1.759  -7.779  179.88
700  48  LYS  O  7.457  -2.814  -8.411  2.79
701  48  LYS  CB  8.517  0.417  -8.333  32.79
702  48  LYS  CG  8.597  1.591  -9.294  26.27
703  48  LYS  CD  9.794  2.477  -8.992  29.8
704  48  LYS  CE  10.075  3.442  -10.134  42.18
705  48  LYS  NZ  10.821  2.786  -11.243  18.71
706  48  LYS  H  6.214  1.032  -7.55  7.64
707  48  LYS  HA  7.101  -0.593  -9.442  3.93
708  48  LYS  HB2  8.548  0.762  -7.427  1.8
709  48  LYS  HB3  9.289  -0.151  -8.482  1.67
710  48  LYS  HG2  8.678  1.252  -10.199  1.74
711  48  LYS  HG3  7.786  2.118  -9.215  1.48
712  48  LYS  HD2  9.614  2.988  -8.187  1.57
713  48  LYS  HD3  10.574  1.917  -8.853  1.72
714  48  LYS  HE2  9.23  3.775  -10.475  2.85
715  48  LYS  HE3  10.601  4.182  -9.794  2.85
716  48  LYS  HZ1  11.677  2.689  -11.02  4
717  48  LYS  HZ2  10.771  3.281  -11.981  1.92
718  48  LYS  HZ3  10.476  1.983  -11.411  1.92
719  49  ALA  N  7.505  -1.705  -6.454  122.69
720  49  ALA  CA  7.662  -2.91  -5.649  54.73
721  49  ALA  C  6.654  -3.979  -6.06  178.33
722  49  ALA  O  6.941  -5.174  -5.993  1.67
723  49  ALA  CB  7.512  -2.581  -4.171  18.07
724  49  ALA  H  7.469  -0.941  -6.062  8.16
725  49  ALA  HA  8.558  -3.252  -5.793  3.64
726  49  ALA  HB1  7.211  -3.37  -3.694  66.01
727  49  ALA  HB2  8.368  -2.294  -3.816  131.62
728  49  ALA  HB3  6.862  -1.869  -4.063  116.9
729  50  ALA  N  5.474  -3.541  -6.484  121.26
730  50  ALA  CA  4.424  -4.461  -6.906  54.99
731  50  ALA  C  4.854  -5.257  -8.133  180.98
732  50  ALA  O  4.48  -6.419  -8.295  28.81
733  50  ALA  CB  3.139  -3.699  -7.192  19.3
734  50  ALA  H  5.326  -2.694  -6.511  8.4
735  50  ALA  HA  4.254  -5.077  -6.176  3.77
736  50  ALA  HB1  3.355  -2.819  -7.537  112.06
737  50  ALA  HB2  2.615  -4.184  -7.849  7.8
738  50  ALA  HB3  2.628  -3.609  -6.373  4.11
739  51  LYS  N  5.641  -4.625  -8.997  118.83
740  51  LYS  CA  6.123  -5.274  -10.211  59.8
741  51  LYS  C  7.124  -6.376  -9.878  179.67
742  51  LYS  O  7.133  -7.431  -10.512  2.51
743  51  LYS  CB  6.771  -4.246  -11.141  32.23
744  51  LYS  CG  5.768  -3.445  -11.953  25.45
745  51  LYS  CD  6.462  -2.471  -12.891  29.32
746  51  LYS  CE  5.582  -1.269  -13.198  42.22
747  51  LYS  NZ  5.946  -0.632  -14.494  175.41
748  51  LYS  H  5.873  -3.813  -8.836  8.1
749  51  LYS  HA  5.36  -5.67  -10.66  3.88
750  51  LYS  HB2  7.295  -3.628  -10.607  1.95
751  51  LYS  HB3  7.36  -4.709  -11.757  1.95
752  51  LYS  HG2  5.227  -4.055  -12.479  1.41
753  51  LYS  HG3  5.199  -2.946  -11.347  1.61
754  51  LYS  HD2  7.282  -2.161  -12.475  1.69
755  51  LYS  HD3  6.672  -2.928  -13.72  1.69
756  51  LYS  HE2  4.658  -1.562  -13.238  2.96
757  51  LYS  HE3  5.684  -0.618  -12.486  4.72
758  51  LYS  HZ1  6.738  -0.231  -14.426  3.49
759  51  LYS  HZ2  5.336  -0.024  -14.718  2.75
760  51  LYS  HZ3  5.989  -1.247  -15.136  7.28
761  52  GLU  N  7.964  -6.124  -8.879  7.28
762  52  GLU  CA  8.968  -7.096  -8.462  59.23
763  52  GLU  C  8.311  -8.322  -7.834  6.81
764  52  GLU  O  8.671  -9.459  -8.14  6.8
765  52  GLU  CB  9.944  -6.461  -7.47  29.53
766  52  GLU  CG  10.932  -5.505  -8.115  35.39
767  52  GLU  CD  11.92  -6.211  -9.023  176.47
768  52  GLU  OE1  12.486  -7.24  -8.599  41.58
769  52  GLU  OE2  12.127  -5.734  -10.159  15.61
770  52  GLU  H  7.915  -5.37  -8.468  7.58
771  52  GLU  HA  9.458  -7.375  -9.251  4.05
772  52  GLU  HB2  9.437  -5.972  -6.803  2.03
773  52  GLU  HB3  10.445  -7.166  -7.031  2.03
774  52  GLU  HG2  10.44  -4.855  -8.64  2.35
775  52  GLU  HG3  11.426  -5.047  -7.417  2.23
776  53  LEU  N  7.346  -8.082  -6.952  65.24
777  53  LEU  CA  6.638  -9.165  -6.279  57.35
778  53  LEU  C  5.758  -9.932  -7.26  178.35
779  53  LEU  O  5.777  -11.163  -7.295  30.85
780  53  LEU  CB  5.786  -8.61  -5.136  41.26
781  53  LEU  CG  6.533  -8.266  -3.847  27.61
782  53  LEU  CD1  5.631  -7.493  -2.898  27.14
783  53  LEU  CD2  7.056  -9.529  -3.18  23.43
784  53  LEU  H  7.133  -7.268  -6.774  8.68
785  53  LEU  HA  7.301  -9.771  -5.913  4.03
786  53  LEU  HB2  5.353  -7.802  -5.453  1.97
787  53  LEU  HB3  5.111  -9.273  -4.922  1.78
788  53  LEU  HG  7.293  -7.703  -4.062  1.78
789  53  LEU  HD11  4.707  -7.741  -3.057  119.05
790  53  LEU  HD12  5.742  -6.541  -3.049  58.22
791  53  LEU  HD13  5.87  -7.705  -1.982  178.25
792  53  LEU  HD21  6.477  -9.766  -2.439  1.89
793  53  LEU  HD22  7.955  -9.372  -2.851  29.03
794  53  LEU  HD23  7.069  -10.254  -3.825  35.15
795  54  SER  N  4.987  -9.197  -8.055  115.14
796  54  SER  CA  4.098  -9.809  -9.036  60.43
797  54  SER  C  4.85  -10.819  -9.896  174.24
798  54  SER  O  4.287  -11.824  -10.332  6.94
799  54  SER  CB  3.468  -8.734  -9.924  63.16
800  54  SER  OG  4.434  -8.15  -10.781  2.02
801  54  SER  H  5.012  -8.34  -7.988  7.94
802  54  SER  HA  3.395  -10.271  -8.553  4.3
803  54  SER  HB2  2.77  -9.134  -10.466  4.04
804  54  SER  HB3  3.085  -8.04  -9.365  4.04
805  54  SER  HG  4.047  -7.686  -11.365  61.09
806  55  LYS  N  6.128  -10.546  -10.137  177.4
807  55  LYS  CA  6.961  -11.43  -10.944  56.01
808  55  LYS  C  7.625  -12.494  -10.076  176.85
809  55  LYS  O  7.987  -13.566  -10.56  3.78
810  55  LYS  CB  8.028  -10.622  -11.686  32.8
811  55  LYS  CG  9.131  -10.098  -10.782  24.7
812  55  LYS  CD  10.406  -9.821  -11.562  29.25
813  55  LYS  CE  11.574  -9.526  -10.633  42.08
814  55  LYS  NZ  12.299  -10.767  -10.241  1.51
815  55  LYS  H  6.472  -9.83  -9.808  7.15
816  55  LYS  HA  6.389  -11.869  -11.593  4.38
817  55  LYS  HB2  8.432  -11.186  -12.364  2.02
818  55  LYS  HB3  7.603  -9.864  -12.118  1.8
819  55  LYS  HG2  8.834  -9.274  -10.366  1.61
820  55  LYS  HG3  9.318  -10.759  -10.097  1.46
821  55  LYS  HD2  10.623  -10.599  -12.099  1.67
822  55  LYS  HD3  10.262  -9.056  -12.141  1.66
823  55  LYS  HE2  12.19  -8.93  -11.087  2.91
824  55  LYS  HE3  11.235  -9.092  -9.835  31.31
825  55  LYS  HZ1  11.845  -11.2  -9.61  115.19
826  55  LYS  HZ2  13.105  -10.562  -9.925  59.1
827  55  LYS  HZ3  12.393  -11.301  -10.947  179.51
828  56  ARG  N  7.782  -12.19  -8.792  118.27
829  56  ARG  CA  8.402  -13.121  -7.857  55.3
830  56  ARG  C  7.518  -14.345  -7.641  174.01
831  56  ARG  O  6.439  -14.455  -8.223  50.72
832  56  ARG  CB  8.67  -12.43  -6.519  31.47
833  56  ARG  CG  10  -11.695  -6.468  27.82
834  56  ARG  CD  10.082  -10.773  -5.262  42.92
835  56  ARG  NE  11.367  -10.084  -5.185  82.74
836  56  ARG  CZ  12.51  -10.692  -4.887  2.13
837  56  ARG  NH1  12.528  -11.994  -4.64  1.91
838  56  ARG  NH2  13.639  -9.996  -4.838  2.37
839  56  ARG  H  7.511  -11.426  -8.505  6.72
840  56  ARG  HA  9.246  -13.408  -8.238  4.16
841  56  ARG  HB2  7.963  -11.788  -6.35  1.87
842  56  ARG  HB3  8.666  -13.098  -5.815  1.78
843  56  ARG  HG2  10.718  -12.345  -6.415  1.72
844  56  ARG  HG3  10.099  -11.168  -7.276  1.63
845  56  ARG  HD2  9.374  -10.113  -5.326  3.27
846  56  ARG  HD3  9.959  -11.302  -4.458  2.96
847  56  ARG  HE  11.376  -9.239  -5.343  7.64
848  56  ARG  HH11  11.798  -12.447  -4.672  8.5
849  56  ARG  HH12  13.269  -12.385  -4.448  7.38
850  56  ARG  HH21  13.631  -9.151  -4.998  4.03
851  56  ARG  HH22  14.379  -10.39  -4.644  1.92
852  57  SER  N  7.983  -15.264  -6.8  114.1
853  57  SER  CA  7.236  -16.483  -6.511  53.82
854  57  SER  C  7.514  -16.966  -5.09  172.53
855  57  SER  O  8.653  -17.236  -4.711  1.67
856  57  SER  CB  7.599  -17.579  -7.514  64.13
857  57  SER  OG  6.735  -18.695  -7.386  2.92
858  57  SER  H  8.744  -15.138  -6.42  8.23
859  57  SER  HA  6.291  -16.28  -6.594  4.83
860  57  SER  HB2  7.524  -17.228  -8.415  3.78
861  57  SER  HB3  8.511  -17.87  -7.355  3.63
862  57  SER  HG  7.189  -19.401  -7.368  121.61
863  58  PRO  N  6.447  -17.076  -4.285  65.91
864  58  PRO  CA  5.086  -16.756  -4.725  62.03
865  58  PRO  C  4.886  -15.261  -4.948  2.63
866  58  PRO  O  5.424  -14.423  -4.224  37.13
867  58  PRO  CB  4.214  -17.245  -3.566  33.03
868  58  PRO  CG  5.108  -17.203  -2.375  24.74
869  58  PRO  CD  6.488  -17.521  -2.882  50.02
870  58  PRO  HA  4.851  -17.236  -5.534  5.15
871  58  PRO  HB2  3.452  -16.654  -3.46  2.42
872  58  PRO  HB3  3.907  -18.147  -3.747  2.06
873  58  PRO  HG2  5.09  -16.317  -1.98  2
874  58  PRO  HG3  4.826  -17.869  -1.728  1.87
875  58  PRO  HD2  7.155  -17.027  -2.381  3.62
876  58  PRO  HD3  6.658  -18.474  -2.827  3.49
877  59  PRO  N  4.092  -14.916  -5.973  2.83
878  59  PRO  CA  3.802  -13.52  -6.314  62.84
879  59  PRO  C  2.918  -12.841  -5.274  177.14
880  59  PRO  O  1.787  -13.265  -5.035  27.27
881  59  PRO  CB  3.067  -13.627  -7.653  32.33
882  59  PRO  CG  2.463  -14.989  -7.645  27.27
883  59  PRO  CD  3.418  -15.861  -6.878  49.99
884  59  PRO  HA  4.615  -13.005  -6.431  4.36
885  59  PRO  HB2  2.388  -12.937  -7.707  2.36
886  59  PRO  HB3  3.699  -13.524  -8.382  1.82
887  59  PRO  HG2  1.6  -14.965  -7.203  2.16
888  59  PRO  HG3  2.368  -15.313  -8.554  2.04
889  59  PRO  HD2  2.933  -16.535  -6.376  3.81
890  59  PRO  HD3  4.055  -16.278  -7.48  3.69
891  60  ILE  N  3.44  -11.785  -4.659  121.38
892  60  ILE  CA  2.696  -11.047  -3.646  57.98
893  60  ILE  C  2.15  -9.739  -4.209  172.87
894  60  ILE  O  2.853  -8.732  -4.301  1.77
895  60  ILE  CB  3.573  -10.738  -2.418  40.12
896  60  ILE  CG1  4.055  -12.036  -1.769  27.47
897  60  ILE  CG2  2.802  -9.892  -1.416  16.54
898  60  ILE  CD  5.2  -11.838  -0.799  4.11
899  60  ILE  H  4.235  -11.53  -4.864  7.06
900  60  ILE  HA  1.953  -11.6  -3.359  4.6
901  60  ILE  HB  4.342  -10.227  -2.715  1.67
902  60  ILE  HG12  3.32  -12.441  -1.282  1.65
903  60  ILE  HG13  4.353  -12.646  -2.462  0.92
904  60  ILE  HG21  2.479  -9.088  -1.852  176.71
905  60  ILE  HG22  2.048  -10.4  -1.078  2.81
906  60  ILE  HG23  3.385  -9.649  -0.68  68.62
907  60  ILE  HD11  6.02  -12.485  -1.074  117.19
908  60  ILE  HD12  5.524  -10.809  -0.83  22.41
909  60  ILE  HD13  4.871  -12.082  0.201  8.22
910  61  PRO  N  0.865  -9.751  -4.592  3.94
911  61  PRO  CA  0.194  -8.573  -5.15  62.28
912  61  PRO  C  -0.026  -7.483  -4.107  173.33
913  61  PRO  O  -0.31  -7.771  -2.944  21.79
914  61  PRO  CB  -1.148  -9.127  -5.637  32.39
915  61  PRO  CG  -1.389  -10.331  -4.795  26.1
916  61  PRO  CD  -0.033  -10.916  -4.511  51.55
917  61  PRO  HA  0.685  -8.206  -5.902  4.33
918  61  PRO  HB2  -1.84  -8.46  -5.509  2.19
919  61  PRO  HB3  -1.084  -9.358  -6.577  1.58
920  61  PRO  HG2  -1.825  -10.074  -3.967  2.1
921  61  PRO  HG3  -1.935  -10.969  -5.281  2.02
922  61  PRO  HD2  -0.011  -11.308  -3.624  3.71
923  61  PRO  HD3  0.198  -11.578  -5.181  4.18
924  62  LEU  N  0.106  -6.231  -4.53  123.05
925  62  LEU  CA  -0.079  -5.096  -3.632  54.35
926  62  LEU  C  -1.34  -4.317  -3.992  176.08
927  62  LEU  O  -1.862  -4.439  -5.1  1.68
928  62  LEU  CB  1.139  -4.172  -3.688  45.14
929  62  LEU  CG  2.243  -4.455  -2.669  30.45
930  62  LEU  CD1  2.769  -5.873  -2.832  24.24
931  62  LEU  CD2  3.372  -3.445  -2.812  25.03
932  62  LEU  H  0.305  -6.085  -5.354  7.99
933  62  LEU  HA  -0.172  -5.443  -2.731  4.82
934  62  LEU  HB2  1.526  -4.245  -4.574  1.42
935  62  LEU  HB3  0.828  -3.264  -3.546  1.06
936  62  LEU  HG  1.878  -4.373  -1.774  1.53
937  62  LEU  HD11  2.602  -6.178  -3.738  176.39
938  62  LEU  HD12  2.318  -6.459  -2.204  1.91
939  62  LEU  HD13  3.723  -5.886  -2.657  32.23
940  62  LEU  HD21  3.79  -3.55  -3.681  24.71
941  62  LEU  HD22  4.031  -3.597  -2.116  29.4
942  62  LEU  HD23  3.015  -2.547  -2.731  42.25
943  63  ALA  N  -1.823  -3.514  -3.049  121.03
944  63  ALA  CA  -3.02  -2.712  -3.269  49.34
945  63  ALA  C  -2.885  -1.337  -2.622  176.79
946  63  ALA  O  -2.336  -1.205  -1.528  2.02
947  63  ALA  CB  -4.245  -3.433  -2.728  25.29
948  63  ALA  H  -1.418  -3.467  -2.292  9.47
949  63  ALA  HA  -3.134  -2.599  -4.226  5.63
950  63  ALA  HB1  -4.325  -3.265  -1.776  1.69
951  63  ALA  HB2  -5.038  -3.107  -3.182  1.69
952  63  ALA  HB3  -4.153  -4.386  -2.883  2.99
953  64  LYS  N  -3.388  -0.315  -3.306  121.81
954  64  LYS  CA  -3.325  1.051  -2.799  54.8
955  64  LYS  C  -4.722  1.585  -2.5  172.85
956  64  LYS  O  -5.579  1.637  -3.382  60.31
957  64  LYS  CB  -2.625  1.96  -3.811  36.24
958  64  LYS  CG  -3.216  1.884  -5.208  23.57
959  64  LYS  CD  -2.722  3.023  -6.085  29.63
960  64  LYS  CE  -3.731  3.368  -7.17  42.08
961  64  LYS  NZ  -3.206  4.398  -8.108  40.86
962  64  LYS  H  -3.761  -0.463  -4.067  9.47
963  64  LYS  HA  -2.811  1.039  -1.976  5.56
964  64  LYS  HB2  -2.688  2.878  -3.503  1.9
965  64  LYS  HB3  -1.689  1.709  -3.862  1.67
966  64  LYS  HG2  -2.958  1.042  -5.614  1.44
967  64  LYS  HG3  -4.183  1.932  -5.143  1.55
968  64  LYS  HD2  -2.576  3.807  -5.532  1.32
969  64  LYS  HD3  -1.887  2.76  -6.503  1.27
970  64  LYS  HE2  -3.939  2.563  -7.67  2.69
971  64  LYS  HE3  -4.537  3.706  -6.75  2.69
972  64  LYS  HZ1  -3.668  5.154  -8.022  114.39
973  64  LYS  HZ2  -3.278  4.112  -8.948  41.65
974  64  LYS  HZ3  -2.349  4.563  -7.933  124.43
975  65  VAL  N  -4.943  1.983  -1.251  120.08
976  65  VAL  CA  -6.236  2.517  -0.837  60.37
977  65  VAL  C  -6.12  3.981  -0.429  173.61
978  65  VAL  O  -5.149  4.383  0.213  4.26
979  65  VAL  CB  -6.824  1.712  0.338  36.39
980  65  VAL  CG1  -8.164  2.294  0.765  21.37
981  65  VAL  CG2  -6.966  0.246  -0.04  21.28
982  65  VAL  H  -4.308  1.925  -0.673  9.03
983  65  VAL  HA  -6.844  2.447  -1.59  4.29
984  65  VAL  HB  -6.213  1.776  1.089  1.32
985  65  VAL  HG11  -8.16  3.253  0.62  55.95
986  65  VAL  HG12  -8.874  1.889  0.242  176.56
987  65  VAL  HG13  -8.309  2.11  1.706  42.02
988  65  VAL  HG21  -7.304  -0.252  0.721  33.39
989  65  VAL  HG22  -7.585  0.161  -0.782  25.65
990  65  VAL  HG23  -6.101  -0.107  -0.3  27.24
991  66  ASP  N  -7.117  4.774  -0.804  127.13
992  66  ASP  CA  -7.129  6.195  -0.476  52.21
993  66  ASP  C  -7.844  6.441  0.849  175.54
994  66  ASP  O  -9.073  6.427  0.915  2.45
995  66  ASP  CB  -7.808  6.992  -1.591  38.32
996  66  ASP  CG  -7.126  6.808  -2.932  62.7
997  66  ASP  OD1  -6.527  5.735  -3.15  1.43
998  66  ASP  OD2  -7.189  7.739  -3.763  1.34
999  66  ASP  H  -7.772  4.442  -1.251  8.79
1000  66  ASP  HA  -6.209  6.49  -0.393  3.19
1001  66  ASP  HB2  -8.73  6.701  -1.674  2.81
1002  66  ASP  HB3  -7.79  7.935  -1.363  2.32
1003  67  ALA  N  -7.065  6.664  1.903  130.97
1004  67  ALA  CA  -7.623  6.913  3.226  53.31
1005  67  ALA  C  -8.491  8.167  3.229  176.36
1006  67  ALA  O  -9.175  8.46  4.21  1.81
1007  67  ALA  CB  -6.509  7.038  4.254  20.44
1008  67  ALA  H  -6.211  6.662  1.801  8.86
1009  67  ALA  HA  -8.172  6.151  3.468  3.9
1010  67  ALA  HB1  -6.28  6.158  4.591  63.63
1011  67  ALA  HB2  -5.729  7.439  3.839  177.13
1012  67  ALA  HB3  -6.807  7.597  4.989  23.08
1013  68  THR  N  -8.459  8.905  2.124  108.6
1014  68  THR  CA  -9.241  10.129  1.999  62.98
1015  68  THR  C  -10.689  9.822  1.635  174.74
1016  68  THR  O  -11.613  10.463  2.135  4.44
1017  68  THR  CB  -8.645  11.071  0.936  68.46
1018  68  THR  OG1  -8.724  10.462  -0.357  1.89
1019  68  THR  CG2  -7.195  11.403  1.259  23.16
1020  68  THR  H  -7.964  8.655  1.467  8.49
1021  68  THR  HA  -9.221  10.585  2.855  4.23
1022  68  THR  HB  -9.157  11.895  0.931  4.33
1023  68  THR  HG1  -9.479  10.613  -0.692  122.99
1024  68  THR  HG21  -7.068  11.399  2.221  59.53
1025  68  THR  HG22  -6.978  12.281  0.908  174.4
1026  68  THR  HG23  -6.615  10.74  0.854  31.58
1027  69  GLU  N  -10.878  8.837  0.762  121.81
1028  69  GLU  CA  -12.216  8.446  0.332  56.85
1029  69  GLU  C  -12.697  7.219  1.1  177.61
1030  69  GLU  O  -13.893  7.055  1.341  1.96
1031  69  GLU  CB  -12.228  8.158  -1.171  32.5
1032  69  GLU  CG  -13.625  8.061  -1.761  36.46
1033  69  GLU  CD  -14.506  9.23  -1.367  1.61
1034  69  GLU  OE1  -14.076  10.388  -1.551  1.55
1035  69  GLU  OE2  -15.628  8.987  -0.875  1.12
1036  69  GLU  H  -10.196  8.422  0.443  6.8
1037  69  GLU  HA  -12.816  9.186  0.515  4.46
1038  69  GLU  HB2  -11.751  8.868  -1.629  2.03
1039  69  GLU  HB3  -11.771  7.318  -1.332  1.91
1040  69  GLU  HG2  -13.554  8.039  -2.728  2.33
1041  69  GLU  HG3  -14.039  7.241  -1.449  2.16
1042  70  GLN  N  -11.757  6.36  1.481  120.09
1043  70  GLN  CA  -12.085  5.147  2.22  52.24
1044  70  GLN  C  -11.821  5.33  3.711  176.33
1045  70  GLN  O  -11.406  4.396  4.399  62.52
1046  70  GLN  CB  -11.274  3.964  1.688  25.34
1047  70  GLN  CG  -11.353  3.803  0.178  32.98
1048  70  GLN  CD  -12.776  3.645  -0.319  4.51
1049  70  GLN  OE1  -13.687  3.348  0.456  61.5
1050  70  GLN  NE2  -12.976  3.843  -1.616  119.94
1051  70  GLN  H  -10.935  6.523  1.286  8.64
1052  70  GLN  HA  -13.029  4.966  2.091  4.55
1053  70  GLN  HB2  -10.343  4.087  1.933  2.21
1054  70  GLN  HB3  -11.604  3.149  2.098  1.95
1055  70  GLN  HG2  -10.965  4.588  -0.24  2.68
1056  70  GLN  HG3  -10.845  3.017  -0.078  2.49
1057  70  GLN  HE21  -12.298  4.047  -2.104  8.64
1058  70  GLN  HE22  -13.775  3.758  -1.922  7.64
1059  71  THR  N  -12.064  6.54  4.206  112.94
1060  71  THR  CA  -11.851  6.846  5.615  65.09
1061  71  THR  C  -12.358  5.718  6.506  177.54
1062  71  THR  O  -11.688  5.316  7.457  7.11
1063  71  THR  CB  -12.552  8.157  6.017  68.06
1064  71  THR  OG1  -13.966  8.034  5.829  118.16
1065  71  THR  CG2  -12.025  9.325  5.197  22.36
1066  71  THR  H  -12.354  7.156  3.681  7.51
1067  71  THR  HA  -10.897  6.954  5.757  3.93
1068  71  THR  HB  -12.371  8.33  6.954  4.2
1069  71  THR  HG1  -14.122  7.758  5.051  50.16
1070  71  THR  HG21  -12.513  10.13  5.431  176.69
1071  71  THR  HG22  -12.144  9.137  4.253  124.75
1072  71  THR  HG23  -11.082  9.454  5.386  25.12
1073  72  ASP  N  -13.545  5.21  6.191  121.44
1074  72  ASP  CA  -14.142  4.126  6.963  57.55
1075  72  ASP  C  -13.127  3.015  7.214  179.06
1076  72  ASP  O  -13.037  2.481  8.32  1.89
1077  72  ASP  CB  -15.362  3.563  6.232  40.14
1078  72  ASP  CG  -16.625  4.349  6.523  121.97
1079  72  ASP  OD1  -16.538  5.59  6.641  53.87
1080  72  ASP  OD2  -17.701  3.725  6.632  172.69
1081  72  ASP  H  -13.971  5.528  5.515  8.27
1082  72  ASP  HA  -14.426  4.489  7.817  4.42
1083  72  ASP  HB2  -15.2  3.588  5.276  2.6
1084  72  ASP  HB3  -15.501  2.644  6.509  2.6
1085  73  LEU  N  -12.365  2.672  6.182  120.62
1086  73  LEU  CA  -11.357  1.624  6.29  57.55
1087  73  LEU  C  -10.172  2.093  7.128  177.57
1088  73  LEU  O  -9.664  1.353  7.971  5.66
1089  73  LEU  CB  -10.878  1.204  4.899  42.57
1090  73  LEU  CG  -11.948  0.649  3.96  26.72
1091  73  LEU  CD1  -11.386  0.465  2.559  24.58
1092  73  LEU  CD2  -12.495  -0.667  4.493  22.76
1093  73  LEU  H  -12.469  3.077  5.431  7.67
1094  73  LEU  HA  -11.767  0.861  6.726  3.93
1095  73  LEU  HB2  -10.483  1.981  4.474  1.91
1096  73  LEU  HB3  -10.199  0.521  5.014  1.2
1097  73  LEU  HG  -12.682  1.28  3.907  1.63
1098  73  LEU  HD11  -11.425  -0.473  2.315  42.09
1099  73  LEU  HD12  -10.464  0.767  2.538  4.21
1100  73  LEU  HD13  -11.91  0.985  1.93  119.24
1101  73  LEU  HD21  -11.838  -1.077  5.077  60.42
1102  73  LEU  HD22  -12.685  -1.263  3.752  173.8
1103  73  LEU  HD23  -13.31  -0.501  4.991  1.82
1104  74  ALA  N  -9.738  3.327  6.893  119.37
1105  74  ALA  CA  -8.616  3.896  7.629  55.18
1106  74  ALA  C  -8.851  3.818  9.134  179.22
1107  74  ALA  O  -8.061  3.222  9.866  1.6
1108  74  ALA  CB  -8.383  5.338  7.203  18.33
1109  74  ALA  H  -10.13  3.801  6.292  7.89
1110  74  ALA  HA  -7.822  3.384  7.408  3.77
1111  74  ALA  HB1  -9.193  5.691  6.803  1.17
1112  74  ALA  HB2  -8.146  5.87  7.979  0.74
1113  74  ALA  HB3  -7.661  5.37  6.556  118.96
1114  75  LYS  N  -9.942  4.424  9.59  117.23
1115  75  LYS  CA  -10.283  4.424  11.008  58.69
1116  75  LYS  C  -10.24  3.009  11.577  179.88
1117  75  LYS  O  -9.831  2.802  12.719  44.89
1118  75  LYS  CB  -11.672  5.029  11.22  26.9
1119  75  LYS  CG  -11.767  6.49  10.817  24.98
1120  75  LYS  CD  -12.901  7.196  11.542  29.1
1121  75  LYS  CE  -14.203  7.107  10.76  42.02
1122  75  LYS  NZ  -15.308  7.84  11.438  4.4
1123  75  LYS  H  -10.461  4.826  9.034  7.98
1124  75  LYS  HA  -9.627  4.968  11.472  4.1
1125  75  LYS  HB2  -12.315  4.526  10.696  1.87
1126  75  LYS  HB3  -11.904  4.956  12.159  1.87
1127  75  LYS  HG2  -10.932  6.933  11.036  1.54
1128  75  LYS  HG3  -11.922  6.545  9.861  1.42
1129  75  LYS  HD2  -13.029  6.781  12.409  1.66
1130  75  LYS  HD3  -12.667  8.13  11.661  1.66
1131  75  LYS  HE2  -14.064  7.489  9.879  2.93
1132  75  LYS  HE3  -14.45  6.173  10.672  53.52
1133  75  LYS  HZ1  -15.121  8.709  11.474  176.69
1134  75  LYS  HZ2  -15.413  7.535  12.267  177.83
1135  75  LYS  HZ3  -16.07  7.727  10.992  20.35
1136  76  ARG  N  -10.664  2.04  10.773  121.01
1137  76  ARG  CA  -10.673  0.645  11.197  58.71
1138  76  ARG  C  -9.263  0.168  11.529  176.83
1139  76  ARG  O  -9.072  -0.684  12.398  28.83
1140  76  ARG  CB  -11.278  -0.239  10.104  30.5
1141  76  ARG  CG  -11.392  -1.702  10.498  25.53
1142  76  ARG  CD  -11.462  -2.604  9.276  44.31
1143  76  ARG  NE  -11.649  -4.006  9.64  83.66
1144  76  ARG  CZ  -11.578  -5.007  8.77  2.03
1145  76  ARG  NH1  -11.326  -4.762  7.491  68.67
1146  76  ARG  NH2  -11.76  -6.257  9.178  2.09
1147  76  ARG  H  -10.94  2.24  9.983  7.78
1148  76  ARG  HA  -11.222  0.579  11.994  3.69
1149  76  ARG  HB2  -12.166  0.089  9.892  1.6
1150  76  ARG  HB3  -10.722  -0.18  9.312  1.38
1151  76  ARG  HG2  -10.616  -1.948  11.025  0.45
1152  76  ARG  HG3  -12.197  -1.824  11.026  1.41
1153  76  ARG  HD2  -12.206  -2.321  8.722  2.93
1154  76  ARG  HD3  -10.635  -2.516  8.777  2.6
1155  76  ARG  HE  -11.813  -4.185  10.465  6.98
1156  76  ARG  HH11  -11.207  -3.953  7.224  57.83
1157  76  ARG  HH12  -11.28  -5.412  6.93  174
1158  76  ARG  HH21  -11.923  -6.419  10.007  4.25
1159  76  ARG  HH22  -11.714  -6.904  8.613  64.64
1160  77  PHE  N  -8.277  0.722  10.832  3.01
1161  77  PHE  CA  -6.883  0.352  11.051  57.77
1162  77  PHE  C  -6.131  1.469  11.77  172.98
1163  77  PHE  O  -4.909  1.575  11.667  3.88
1164  77  PHE  CB  -6.2  0.039  9.719  38.41
1165  77  PHE  CG  -6.899  -1.027  8.924  121.77
1166  77  PHE  CD1  -6.861  -2.351  9.331  131.61
1167  77  PHE  CD2  -7.594  -0.706  7.769  131.61
1168  77  PHE  CE1  -7.503  -3.334  8.601  131.58
1169  77  PHE  CE2  -8.238  -1.684  7.035  131.58
1170  77  PHE  CZ  -8.193  -3  7.452  130.07
1171  77  PHE  H  -8.465  1.313  10.236  6.85
1172  77  PHE  HA  -6.87  -0.442  11.608  4.62
1173  77  PHE  HB2  -6.174  0.844  9.178  3.2
1174  77  PHE  HB3  -5.294  -0.261  9.89  1.99
1175  77  PHE  HD1  -6.398  -2.577  10.105  7.35
1176  77  PHE  HD2  -7.625  0.18  7.488  7.35
1177  77  PHE  HE1  -7.471  -4.219  8.884  7.15
1178  77  PHE  HE2  -8.701  -1.456  6.262  7.15
1179  77  PHE  HZ  -8.625  -3.66  6.959  7.54
1180  78  ASP  N  -6.87  2.298  12.498  118.57
1181  78  ASP  CA  -6.275  3.407  13.235  54.95
1182  78  ASP  C  -5.251  4.143  12.376  174.71
1183  78  ASP  O  -4.124  4.388  12.808  4.12
1184  78  ASP  CB  -5.613  2.898  14.517  39.33
1185  78  ASP  CG  -5.376  4.005  15.525  3.87
1186  78  ASP  OD1  -6.368  4.529  16.074  131.41
1187  78  ASP  OD2  -4.2  4.348  15.765  126.04
1188  78  ASP  H  -7.721  2.179  12.536  7.74
1189  78  ASP  HA  -6.985  4.024  13.471  4.16
1190  78  ASP  HB2  -6.184  2.228  14.925  2.91
1191  78  ASP  HB3  -4.758  2.497  14.294  2.42
1192  79  VAL  N  -5.649  4.491  11.157  118.42
1193  79  VAL  CA  -4.767  5.199  10.237  63.75
1194  79  VAL  C  -4.862  6.707  10.435  176.27
1195  79  VAL  O  -5.802  7.348  9.964  10.42
1196  79  VAL  CB  -5.098  4.862  8.771  30.92
1197  79  VAL  CG1  -4.196  5.643  7.827  21.48
1198  79  VAL  CG2  -4.972  3.366  8.527  21.18
1199  79  VAL  H  -6.448  4.295  10.905  7.99
1200  79  VAL  HA  -3.857  4.915  10.416  3.71
1201  79  VAL  HB  -6.016  5.123  8.598  1.75
1202  79  VAL  HG11  -3.431  5.098  7.587  66.16
1203  79  VAL  HG12  -4.692  5.878  7.027  177.49
1204  79  VAL  HG13  -3.891  6.451  8.268  122.71
1205  79  VAL  HG21  -4.274  3.004  9.095  57.89
1206  79  VAL  HG22  -5.815  2.932  8.734  178.91
1207  79  VAL  HG23  -4.747  3.208  7.597  16.89
1208  80  SER  N  -3.883  7.27  11.136  123.94
1209  80  SER  CA  -3.857  8.704  11.4  57.45
1210  80  SER  C  -2.512  9.305  11.005  172.8
1211  80  SER  O  -1.969  10.155  11.709  21.8
1212  80  SER  CB  -4.137  8.977  12.879  64.42
1213  80  SER  OG  -4.476  10.336  13.091  3.96
1214  80  SER  H  -3.25  6.775  11.443  8.9
1215  80  SER  HA  -4.553  9.117  10.866  4.44
1216  80  SER  HB2  -4.876  8.422  13.174  3.83
1217  80  SER  HB3  -3.346  8.767  13.399  3.61
1218  80  SER  HG  -5.024  10.393  13.725  129.92
1219  81  GLY  N  -1.979  8.856  9.873  110.21
1220  81  GLY  CA  -0.701  9.359  9.404  43.8
1221  81  GLY  C  -0.159  8.563  8.233  171.14
1222  81  GLY  O  0.381  7.471  8.413  177.41
1223  81  GLY  H  -2.399  8.26  9.417  7.25
1224  81  GLY  HA2  -0.809  10.284  9.132  3.58
1225  81  GLY  HA3  -0.062  9.319  10.132  3.49
1226  82  TYR  N  -0.303  9.109  7.031  117.58
1227  82  TYR  CA  0.172  8.441  5.826  53.79
1228  82  TYR  C  1.594  8.877  5.486  173.11
1229  82  TYR  O  2.057  9.944  5.89  3.76
1230  82  TYR  CB  -0.759  8.739  4.65  41.03
1231  82  TYR  CG  -2.16  9.125  5.07  4.09
1232  82  TYR  CD1  -2.851  8.382  6.019  133.13
1233  82  TYR  CD2  -2.791  10.234  4.519  133.13
1234  82  TYR  CE1  -4.131  8.731  6.405  117.51
1235  82  TYR  CE2  -4.07  10.591  4.9  117.51
1236  82  TYR  CZ  -4.736  9.836  5.843  7.7
1237  82  TYR  OH  -6.01  10.187  6.226  63.06
1238  82  TYR  H  -0.688  9.875  6.962  8.21
1239  82  TYR  HA  0.17  7.486  5.994  5.05
1240  82  TYR  HB2  -0.392  9.473  4.132  2.99
1241  82  TYR  HB3  -0.823  7.951  4.088  2.84
1242  82  TYR  HD1  -2.44  7.638  6.396  6.72
1243  82  TYR  HD2  -2.339  10.741  3.884  6.72
1244  82  TYR  HE1  -4.58  8.222  7.041  6.53
1245  82  TYR  HE2  -4.478  11.336  4.521  6.53
1246  82  TYR  HH  -6.171  10.972  5.974  177.55
1247  83  PRO  N  2.305  8.033  4.724  4.2
1248  83  PRO  CA  1.765  6.76  4.237  63.06
1249  83  PRO  C  1.576  5.744  5.358  177.49
1250  83  PRO  O  2.256  5.8  6.383  29.59
1251  83  PRO  CB  2.831  6.276  3.251  34.14
1252  83  PRO  CG  4.092  6.923  3.709  24.64
1253  83  PRO  CD  3.691  8.255  4.279  49.65
1254  83  PRO  HA  0.924  6.885  3.771  5.14
1255  83  PRO  HB2  2.893  5.309  3.289  2.83
1256  83  PRO  HB3  2.595  6.555  2.353  1.69
1257  83  PRO  HG2  4.514  6.377  4.391  1.88
1258  83  PRO  HG3  4.691  7.046  2.956  1.85
1259  83  PRO  HD2  4.262  8.49  5.028  3.76
1260  83  PRO  HD3  3.728  8.941  3.594  3.4
1261  84  THR  N  0.647  4.814  5.158  117.43
1262  84  THR  CA  0.368  3.785  6.152  63.33
1263  84  THR  C  0.143  2.43  5.493  172.55
1264  84  THR  O  -0.91  2.183  4.902  4.05
1265  84  THR  CB  -0.867  4.143  7  71.8
1266  84  THR  OG1  -0.7  5.439  7.586  112.22
1267  84  THR  CG2  -1.09  3.111  8.095  20.98
1268  84  THR  H  0.2  4.82  4.423  8.91
1269  84  THR  HA  1.135  3.724  6.742  4.75
1270  84  THR  HB  -1.646  4.156  6.422  4.11
1271  84  THR  HG1  -1.023  6.021  7.074  6.97
1272  84  THR  HG21  -0.934  2.223  7.738  131.76
1273  84  THR  HG22  -2.003  3.174  8.417  131.76
1274  84  THR  HG23  -0.475  3.278  8.827  130.7
1275  85  LEU  N  1.136  1.554  5.597  131.45
1276  85  LEU  CA  1.045  0.221  5.011  54.8
1277  85  LEU  C  0.639  -0.809  6.06  174.92
1278  85  LEU  O  0.943  -0.659  7.244  4.36
1279  85  LEU  CB  2.383  -0.174  4.383  2.81
1280  85  LEU  CG  2.913  0.758  3.292  29.74
1281  85  LEU  CD1  3.791  1.842  3.898  25.29
1282  85  LEU  CD2  3.684  -0.032  2.245  25.88
1283  85  LEU  H  1.85  1.777  6.021  9.56
1284  85  LEU  HA  0.366  0.246  4.319  5.58
1285  85  LEU  HB2  3.045  -0.209  5.091  1.67
1286  85  LEU  HB3  2.279  -1.057  3.995  1.14
1287  85  LEU  HG  2.164  1.19  2.853  1.34
1288  85  LEU  HD11  3.586  2.694  3.481  174.81
1289  85  LEU  HD12  4.724  1.625  3.746  2.83
1290  85  LEU  HD13  3.623  1.899  4.852  39.42
1291  85  LEU  HD21  3.283  -0.909  2.143  2.51
1292  85  LEU  HD22  4.607  -0.129  2.528  1.77
1293  85  LEU  HD23  3.653  0.439  1.397  1.62
1294  86  LYS  N  -0.047  -1.858  5.618  120.87
1295  86  LYS  CA  -0.492  -2.916  6.517  54.22
1296  86  LYS  C  -0.709  -4.22  5.757  174.85
1297  86  LYS  O  -1.333  -4.234  4.696  2.32
1298  86  LYS  CB  -1.785  -2.503  7.223  37.59
1299  86  LYS  CG  -1.577  -1.476  8.322  25.36
1300  86  LYS  CD  -2.599  -1.636  9.436  28.68
1301  86  LYS  CE  -2.648  -0.405  10.328  42.16
1302  86  LYS  NZ  -1.365  -0.194  11.054  31.54
1303  86  LYS  H  -0.233  -1.914  4.78  9.22
1304  86  LYS  HA  0.201  -3.053  7.182  4.96
1305  86  LYS  HB2  -2.394  -2.128  6.567  1.65
1306  86  LYS  HB3  -2.192  -3.291  7.616  1.47
1307  86  LYS  HG2  -0.688  -1.587  8.694  1.23
1308  86  LYS  HG3  -1.661  -0.587  7.943  1.39
1309  86  LYS  HD2  -3.475  -1.773  9.043  1.74
1310  86  LYS  HD3  -2.36  -2.406  9.975  1.39
1311  86  LYS  HE2  -2.83  0.372  9.777  2.91
1312  86  LYS  HE3  -3.362  -0.517  10.975  2.59
1313  86  LYS  HZ1  -1.466  0.432  11.678  117.69
1314  86  LYS  HZ2  -0.731  0.066  10.486  122.1
1315  86  LYS  HZ3  -1.107  -0.951  11.445  57.55
1316  87  ILE  N  -0.191  -5.314  6.307  172.85
1317  87  ILE  CA  -0.332  -6.623  5.681  60.13
1318  87  ILE  C  -1.669  -7.262  6.038  174.8
1319  87  ILE  O  -2.181  -7.08  7.143  3.86
1320  87  ILE  CB  0.806  -7.572  6.101  40.72
1321  87  ILE  CG1  2.159  -7.006  5.663  30.07
1322  87  ILE  CG2  0.588  -8.955  5.507  17.8
1323  87  ILE  CD  3.341  -7.785  6.196  3.63
1324  87  ILE  H  0.236  -5.247  7.05  8.75
1325  87  ILE  HA  -0.289  -6.501  4.72  4.87
1326  87  ILE  HB  0.793  -7.653  7.068  1.64
1327  87  ILE  HG12  2.209  -7.014  4.694  1.99
1328  87  ILE  HG13  2.237  -6.092  5.979  1.05
1329  87  ILE  HG21  0.689  -8.913  4.543  7.21
1330  87  ILE  HG22  1.242  -9.571  5.873  3.6
1331  87  ILE  HG23  -0.305  -9.264  5.725  3.46
1332  87  ILE  HD11  3.138  -8.844  6.121  117.4
1333  87  ILE  HD12  4.221  -7.544  5.62  53.73
1334  87  ILE  HD13  3.506  -7.524  7.232  173.09
1335  88  PHE  N  -2.23  -8.013  5.096  123.83
1336  88  PHE  CA  -3.509  -8.681  5.311  55.87
1337  88  PHE  C  -3.439  -10.141  4.874  175.83
1338  88  PHE  O  -3.075  -10.443  3.737  133.33
1339  88  PHE  CB  -4.62  -7.959  4.545  42.68
1340  88  PHE  CG  -5.002  -6.637  5.148  117.45
1341  88  PHE  CD1  -4.237  -5.507  4.912  131.68
1342  88  PHE  CD2  -6.127  -6.525  5.949  131.68
1343  88  PHE  CE1  -4.586  -4.29  5.466  130.79
1344  88  PHE  CE2  -6.481  -5.311  6.505  130.79
1345  88  PHE  CZ  -5.71  -4.191  6.262  128.18
1346  88  PHE  H  -1.829  -8.107  4.341  9.22
1347  88  PHE  HA  -3.706  -8.647  6.26  5.79
1348  88  PHE  HB2  -4.325  -7.797  3.635  2.91
1349  88  PHE  HB3  -5.41  -8.521  4.531  2.36
1350  88  PHE  HD1  -3.48  -5.572  4.376  6.76
1351  88  PHE  HD2  -6.647  -7.278  6.112  6.76
1352  88  PHE  HE1  -4.065  -3.538  5.301  7.06
1353  88  PHE  HE2  -7.239  -5.247  7.041  7.06
1354  88  PHE  HZ  -5.947  -3.373  6.636  5.94
1355  89  ARG  N  -3.792  -11.042  5.784  118.13
1356  89  ARG  CA  -3.768  -12.471  5.494  54.92
1357  89  ARG  C  -5.166  -13.072  5.61  176.08
1358  89  ARG  O  -5.689  -13.25  6.711  24.61
1359  89  ARG  CB  -2.812  -13.191  6.447  32.19
1360  89  ARG  CG  -1.377  -12.697  6.356  27.82
1361  89  ARG  CD  -0.386  -13.8  6.698  43.19
1362  89  ARG  NE  -0.17  -14.708  5.575  85.54
1363  89  ARG  CZ  0.402  -15.901  5.694  1.7
1364  89  ARG  NH1  0.813  -16.327  6.881  1.59
1365  89  ARG  NH2  0.564  -16.671  4.626  3.53
1366  89  ARG  H  -4.039  -10.777  6.564  8.78
1367  89  ARG  HA  -3.453  -12.585  4.584  5.03
1368  89  ARG  HB2  -3.12  -13.061  7.358  1.92
1369  89  ARG  HB3  -2.821  -14.139  6.241  1.83
1370  89  ARG  HG2  -1.205  -12.392  5.451  1.62
1371  89  ARG  HG3  -1.257  -11.962  6.977  1.43
1372  89  ARG  HD2  0.461  -13.394  6.942  3.04
1373  89  ARG  HD3  -0.731  -14.306  7.451  2.67
1374  89  ARG  HE  -0.43  -14.449  4.797  7.48
1375  89  ARG  HH11  0.708  -15.831  7.575  4.64
1376  89  ARG  HH12  1.182  -17.1  6.956  4.07
1377  89  ARG  HH21  0.299  -16.397  3.855  8.98
1378  89  ARG  HH22  0.935  -17.443  4.704  4.14
1379  90  LYS  N  -5.767  -13.383  4.466  126.6
1380  90  LYS  CA  -7.103  -13.965  4.438  56.49
1381  90  LYS  C  -8.046  -13.21  5.37  176.75
1382  90  LYS  O  -8.948  -13.798  5.964  59.07
1383  90  LYS  CB  -7.048  -15.441  4.838  30.24
1384  90  LYS  CG  -6.553  -16.354  3.729  24.84
1385  90  LYS  CD  -7.571  -16.471  2.607  28.67
1386  90  LYS  CE  -7.436  -17.792  1.867  42.26
1387  90  LYS  NZ  -8.148  -18.896  2.568  17.54
1388  90  LYS  H  -5.356  -13.238  3.724  8.89
1389  90  LYS  HA  -7.439  -13.896  3.531  3.88
1390  90  LYS  HB2  -6.454  -15.537  5.599  2.06
1391  90  LYS  HB3  -7.938  -15.729  5.094  1.92
1392  90  LYS  HG2  -5.729  -15.993  3.367  1.41
1393  90  LYS  HG3  -6.388  -17.236  4.097  1.58
1394  90  LYS  HD2  -8.464  -16.413  2.982  1.62
1395  90  LYS  HD3  -7.435  -15.744  1.98  1.62
1396  90  LYS  HE2  -7.809  -17.691  0.977  3.01
1397  90  LYS  HE3  -6.495  -18.017  1.799  3.01
1398  90  LYS  HZ1  -8.813  -19.201  2.062  1.94
1399  90  LYS  HZ2  -8.485  -18.602  3.337  1.49
1400  90  LYS  HZ3  -7.586  -19.565  2.738  123.59
1401  91  GLY  N  -7.83  -11.904  5.49  53.7
1402  91  GLY  CA  -8.67  -11.09  6.35  46.03
1403  91  GLY  C  -8.054  -10.866  7.718  2.93
1404  91  GLY  O  -8.765  -10.774  8.718  37.73
1405  91  GLY  H  -7.185  -11.54  5.053  8.46
1406  91  GLY  HA2  -8.813  -10.229  5.926  4.54
1407  91  GLY  HA3  -9.526  -11.533  6.461  3.4
1408  92  ARG  N  -6.729  -10.779  7.761  120.28
1409  92  ARG  CA  -6.018  -10.568  9.016  53
1410  92  ARG  C  -4.976  -9.463  8.871  5.1
1411  92  ARG  O  -3.875  -9.676  8.361  1.69
1412  92  ARG  CB  -5.343  -11.864  9.469  1.56
1413  92  ARG  CG  -6.276  -12.811  10.206  26.82
1414  92  ARG  CD  -5.699  -14.216  10.279  43.55
1415  92  ARG  NE  -6.613  -15.15  10.932  2.02
1416  92  ARG  CZ  -7.713  -15.624  10.358  1.51
1417  92  ARG  NH1  -8.034  -15.255  9.125  3.17
1418  92  ARG  NH2  -8.494  -16.47  11.017  2.6
1419  92  ARG  H  -6.28  -10.85  7.031  8.23
1420  92  ARG  HA  -6.667  -10.3  9.685  4.97
1421  92  ARG  HB2  -4.996  -12.326  8.689  2.05
1422  92  ARG  HB3  -4.606  -11.642  10.059  2
1423  92  ARG  HG2  -6.411  -12.481  11.108  1.73
1424  92  ARG  HG3  -7.126  -12.842  9.74  1.47
1425  92  ARG  HD2  -5.523  -14.528  9.377  3.25
1426  92  ARG  HD3  -4.868  -14.186  10.778  3.25
1427  92  ARG  HE  -6.422  -15.401  11.732  28.72
1428  92  ARG  HH11  -7.528  -14.707  8.696  19.38
1429  92  ARG  HH12  -8.746  -15.565  8.755  42.68
1430  92  ARG  HH21  -8.289  -16.712  11.816  9.21
1431  92  ARG  HH22  -9.206  -16.777  10.645  4.62
1432  93  PRO  N  -5.328  -8.253  9.329  1.6
1433  93  PRO  CA  -4.438  -7.09  9.261  61.96
1434  93  PRO  C  -3.252  -7.212  10.212  176.26
1435  93  PRO  O  -3.386  -7.72  11.326  30.08
1436  93  PRO  CB  -5.341  -5.927  9.679  31.97
1437  93  PRO  CG  -6.401  -6.553  10.519  26.7
1438  93  PRO  CD  -6.624  -7.926  9.949  50.94
1439  93  PRO  HA  -4.114  -6.942  8.359  4.25
1440  93  PRO  HB2  -4.824  -5.279  10.183  1.5
1441  93  PRO  HB3  -5.717  -5.505  8.891  1.33
1442  93  PRO  HG2  -6.099  -6.615  11.439  2.18
1443  93  PRO  HG3  -7.216  -6.029  10.464  2.12
1444  93  PRO  HD2  -6.839  -8.556  10.655  4.06
1445  93  PRO  HD3  -7.33  -7.906  9.284  3.8
1446  94  PHE  N  -2.091  -6.743  9.766  119.2
1447  94  PHE  CA  -0.881  -6.8  10.578  56.63
1448  94  PHE  C  -0.016  -5.564  10.352  174.87
1449  94  PHE  O  0.468  -5.326  9.246  9.53
1450  94  PHE  CB  -0.081  -8.063  10.25  42.31
1451  94  PHE  CG  -0.79  -9.334  10.621  1.91
1452  94  PHE  CD1  -0.746  -9.814  11.92  132.9
1453  94  PHE  CD2  -1.5  -10.05  9.67  132.9
1454  94  PHE  CE1  -1.397  -10.984  12.263  131.22
1455  94  PHE  CE2  -2.153  -11.22  10.008  131.22
1456  94  PHE  CZ  -2.102  -11.687  11.307  129.29
1457  94  PHE  H  -2.053  -6.397  8.979  9.24
1458  94  PHE  HA  -1.149  -6.829  11.51  4.51
1459  94  PHE  HB2  0.095  -8.088  9.296  3.12
1460  94  PHE  HB3  0.761  -8.038  10.731  2.73
1461  94  PHE  HD1  -0.273  -9.341  12.566  7.38
1462  94  PHE  HD2  -1.535  -9.736  8.795  7.38
1463  94  PHE  HE1  -1.362  -11.296  13.138  7.32
1464  94  PHE  HE2  -2.627  -11.692  9.362  7.32
1465  94  PHE  HZ  -2.54  -12.475  11.535  7.33
1466  95  ASP  N  0.173  -4.781  11.408  121.78
1467  95  ASP  CA  0.979  -3.568  11.327  55.48
1468  95  ASP  C  2.262  -3.821  10.54  175.35
1469  95  ASP  O  3.158  -4.527  11.003  9.14
1470  95  ASP  CB  1.319  -3.061  12.729  40.6
1471  95  ASP  CG  0.086  -2.653  13.512  2.03
1472  95  ASP  OD1  -0.958  -3.325  13.368  1.16
1473  95  ASP  OD2  0.164  -1.663  14.268  1.56
1474  95  ASP  H  -0.189  -4.994  12.158  8.8
1475  95  ASP  HA  0.458  -2.893  10.865  4.64
1476  95  ASP  HB2  1.774  -3.763  13.22  2.64
1477  95  ASP  HB3  1.905  -2.291  12.655  2.52
1478  96  TYR  N  2.342  -3.241  9.348  120.85
1479  96  TYR  CA  3.513  -3.405  8.495  58.19
1480  96  TYR  C  4.705  -2.632  9.05  174.21
1481  96  TYR  O  4.666  -1.408  9.163  2.53
1482  96  TYR  CB  3.203  -2.935  7.072  40.04
1483  96  TYR  CG  4.426  -2.833  6.189  57.45
1484  96  TYR  CD1  5.238  -1.706  6.221  133.98
1485  96  TYR  CD2  4.771  -3.864  5.324  133.98
1486  96  TYR  CE1  6.356  -1.608  5.415  118.33
1487  96  TYR  CE2  5.888  -3.775  4.516  118.33
1488  96  TYR  CZ  6.677  -2.645  4.564  29.62
1489  96  TYR  OH  7.79  -2.552  3.761  42.21
1490  96  TYR  H  1.687  -2.758  9.072  8.08
1491  96  TYR  HA  3.735  -4.349  8.473  4.53
1492  96  TYR  HB2  2.588  -3.56  6.657  3.02
1493  96  TYR  HB3  2.79  -2.058  7.112  2.46
1494  96  TYR  HD1  5.02  -1.008  6.796  7.03
1495  96  TYR  HD2  4.237  -4.625  5.293  7.03
1496  96  TYR  HE1  6.889  -0.846  5.449  6.53
1497  96  TYR  HE2  6.104  -4.474  3.942  6.53
1498  96  TYR  HH  8.449  -2.311  4.223  1.1
1499  97  ASN  N  5.763  -3.358  9.395  3.08
1500  97  ASN  CA  6.968  -2.742  9.939  51.85
1501  97  ASN  C  8.195  -3.127  9.118  6.59
1502  97  ASN  O  8.579  -4.295  9.068  7.49
1503  97  ASN  CB  7.165  -3.159  11.398  39.14
1504  97  ASN  CG  6.043  -2.675  12.295  102.47
1505  97  ASN  OD1  5.095  -2.039  11.834  45.74
1506  97  ASN  ND2  6.145  -2.975  13.585  113.45
1507  97  ASN  H  5.738  -4.212  9.296  40.46
1508  97  ASN  HA  6.854  -1.78  9.899  5.06
1509  97  ASN  HB2  7.202  -4.127  11.449  2.96
1510  97  ASN  HB3  8.001  -2.791  11.725  2.43
1511  97  ASN  HD21  6.832  -3.422  13.845  7.5
1512  97  ASN  HD22  5.519  -2.712  14.113  7.1
1513  98  GLY  N  8.805  -2.136  8.476  174.68
1514  98  GLY  CA  9.982  -2.391  7.666  43.8
1515  98  GLY  C  10.341  -1.216  6.778  30.75
1516  98  GLY  O  9.887  -0.091  6.988  33.76
1517  98  GLY  H  8.497  -1.336  8.543  4.55
1518  98  GLY  HA2  10.731  -2.582  8.252  3.54
1519  98  GLY  HA3  9.815  -3.165  7.106  1.8
1520  99  PRO  N  11.178  -1.471  5.761  8.08
1521  99  PRO  CA  11.617  -0.437  4.82  62.07
1522  99  PRO  C  10.491  0.031  3.905  176.44
1523  99  PRO  O  9.696  -0.776  3.421  2.15
1524  99  PRO  CB  12.709  -1.138  4.008  33.71
1525  99  PRO  CG  12.376  -2.587  4.096  27.68
1526  99  PRO  CD  11.758  -2.788  5.452  49.64
1527  99  PRO  HA  11.996  0.328  5.281  4.65
1528  99  PRO  HB2  12.686  -0.823  3.091  2.61
1529  99  PRO  HB3  13.577  -0.949  4.397  1.81
1530  99  PRO  HG2  11.743  -2.822  3.399  1.98
1531  99  PRO  HG3  13.184  -3.117  4.012  1.8
1532  99  PRO  HD2  11.069  -3.47  5.413  3.33
1533  99  PRO  HD3  12.438  -3.028  6.101  2.92
1534  100  ARG  N  10.428  1.337  3.671  117.1
1535  100  ARG  CA  9.397  1.912  2.814  54.92
1536  100  ARG  C  9.953  2.218  1.426  173.27
1537  100  ARG  O  9.496  3.142  0.755  58.35
1538  100  ARG  CB  8.834  3.188  3.443  30.49
1539  100  ARG  CG  7.837  2.928  4.56  27.88
1540  100  ARG  CD  6.855  4.08  4.709  43.79
1541  100  ARG  NE  6.244  4.109  6.035  132.09
1542  100  ARG  CZ  6.884  4.502  7.131  33.93
1543  100  ARG  NH1  8.148  4.896  7.059  20.67
1544  100  ARG  NH2  6.26  4.5  8.302  21.14
1545  100  ARG  H  11.009  1.857  4.034  8.87
1546  100  ARG  HA  8.683  1.26  2.729  4.45
1547  100  ARG  HB2  9.568  3.708  3.806  2.18
1548  100  ARG  HB3  8.391  3.707  2.753  1.63
1549  100  ARG  HG2  7.341  2.119  4.358  1.77
1550  100  ARG  HG3  8.32  2.814  5.394  1.43
1551  100  ARG  HD2  7.329  4.913  4.563  3.15
1552  100  ARG  HD3  6.157  3.983  4.042  3.15
1553  100  ARG  HE  5.424  3.857  6.102  1.52
1554  100  ARG  HH11  8.554  4.899  6.301  126.15
1555  100  ARG  HH12  8.56  5.15  7.77  55.76
1556  100  ARG  HH21  5.44  4.245  8.352  175.45
1557  100  ARG  HH22  6.675  4.755  9.011  67.42
1558  101  GLU  N  10.941  1.435  1.004  115.25
1559  101  GLU  CA  11.559  1.624  -0.303  54.85
1560  101  GLU  C  11.165  0.501  -1.258  175.72
1561  101  GLU  O  10.933  -0.633  -0.839  21.12
1562  101  GLU  CB  13.082  1.684  -0.168  31.59
1563  101  GLU  CG  13.57  2.817  0.718  35.63
1564  101  GLU  CD  15.056  2.73  1.011  2.65
1565  101  GLU  OE1  15.56  1.601  1.184  2.59
1566  101  GLU  OE2  15.713  3.79  1.067  119.88
1567  101  GLU  H  11.223  0.802  1.514  6.76
1568  101  GLU  HA  11.241  2.467  -0.663  4.59
1569  101  GLU  HB2  13.395  0.846  0.207  2.13
1570  101  GLU  HB3  13.469  1.799  -1.05  2.13
1571  101  GLU  HG2  13.391  3.66  0.273  2.38
1572  101  GLU  HG3  13.086  2.786  1.558  2.3
1573  102  LYS  N  11.092  0.825  -2.545  122.2
1574  102  LYS  CA  10.728  -0.155  -3.562  61.25
1575  102  LYS  C  11.326  -1.521  -3.24  176.35
1576  102  LYS  O  10.6  -2.495  -3.043  28.37
1577  102  LYS  CB  11.204  0.31  -4.94  32.7
1578  102  LYS  CG  11.067  -0.75  -6.019  23.21
1579  102  LYS  CD  11.942  -0.437  -7.222  30
1580  102  LYS  CE  12.099  -1.649  -8.128  41.78
1581  102  LYS  NZ  12.902  -1.334  -9.342  2.5
1582  102  LYS  H  11.265  1.633  -2.784  9.59
1583  102  LYS  HA  9.761  -0.23  -3.57  3.66
1584  102  LYS  HB2  10.683  1.084  -5.206  1.86
1585  102  LYS  HB3  12.138  0.563  -4.879  1.68
1586  102  LYS  HG2  11.333  -1.608  -5.654  0.92
1587  102  LYS  HG3  10.141  -0.791  -6.305  0.87
1588  102  LYS  HD2  11.534  0.282  -7.729  1.32
1589  102  LYS  HD3  12.818  -0.16  -6.911  1.2
1590  102  LYS  HE2  12.541  -2.355  -7.631  2.46
1591  102  LYS  HE3  11.218  -1.95  -8.401  2.46
1592  102  LYS  HZ1  12.558  -1.748  -10.051  25.14
1593  102  LYS  HZ2  13.743  -1.604  -9.231  28.76
1594  102  LYS  HZ3  12.9  -0.456  -9.49  41.93
1595  103  TYR  N  12.651  -1.584  -3.186  117.56
1596  103  TYR  CA  13.346  -2.831  -2.889  61.94
1597  103  TYR  C  12.928  -3.375  -1.527  178.09
1598  103  TYR  O  12.334  -4.449  -1.43  2.48
1599  103  TYR  CB  14.86  -2.616  -2.923  36.72
1600  103  TYR  CG  15.345  -1.923  -4.176  44.47
1601  103  TYR  CD1  14.971  -2.377  -5.434  133.25
1602  103  TYR  CD2  16.178  -0.813  -4.101  133.25
1603  103  TYR  CE1  15.413  -1.747  -6.581  118.23
1604  103  TYR  CE2  16.624  -0.176  -5.242  118.23
1605  103  TYR  CZ  16.239  -0.647  -6.48  3.58
1606  103  TYR  OH  16.68  -0.015  -7.621  32.23
1607  103  TYR  H  13.112  -0.872  -3.332  8.48
1608  103  TYR  HA  13.104  -3.477  -3.571  4.1
1609  103  TYR  HB2  15.121  -2.074  -2.162  3.15
1610  103  TYR  HB3  15.303  -3.477  -2.867  3.12
1611  103  TYR  HD1  14.413  -3.118  -5.499  7.33
1612  103  TYR  HD2  16.437  -0.498  -3.265  7.33
1613  103  TYR  HE1  15.153  -2.064  -7.416  6.88
1614  103  TYR  HE2  17.181  0.566  -5.175  6.88
1615  103  TYR  HH  16.085  -0.058  -8.212  3.89
1616  104  GLY  N  13.244  -2.626  -0.475  108.66
1617  104  GLY  CA  12.894  -3.048  0.869  47.22
1618  104  GLY  C  11.515  -3.674  0.94  176.34
1619  104  GLY  O  11.382  -4.869  1.202  174.63
1620  104  GLY  H  13.66  -1.883  -0.595  8.31
1621  104  GLY  HA2  13.549  -3.695  1.175  4.07
1622  104  GLY  HA3  12.917  -2.276  1.455  3.79
1623  105  ILE  N  10.487  -2.865  0.706  123.4
1624  105  ILE  CA  9.112  -3.347  0.745  65.76
1625  105  ILE  C  9.01  -4.762  0.185  177.72
1626  105  ILE  O  8.446  -5.653  0.82  4.26
1627  105  ILE  CB  8.169  -2.423  -0.048  38.56
1628  105  ILE  CG1  8.152  -1.024  0.57  28.26
1629  105  ILE  CG2  6.765  -3.008  -0.088  17.09
1630  105  ILE  CD  7.676  0.051  -0.382  1.66
1631  105  ILE  H  10.637  -2.037  0.527  8.45
1632  105  ILE  HA  8.824  -3.355  1.671  3.81
1633  105  ILE  HB  8.497  -2.364  -0.959  1.57
1634  105  ILE  HG12  7.561  -1.023  1.339  1.51
1635  105  ILE  HG13  9.05  -0.793  0.856  0.98
1636  105  ILE  HG21  6.12  -2.292  -0.194  4.12
1637  105  ILE  HG22  6.691  -3.623  -0.835  2.67
1638  105  ILE  HG23  6.588  -3.482  0.739  63.11
1639  105  ILE  HD11  8.218  0.966  -0.193  116.01
1640  105  ILE  HD12  7.847  -0.267  -1.4  110.66
1641  105  ILE  HD13  6.619  0.223  -0.232  109.44
1642  106  VAL  N  9.56  -4.961  -1.008  118.24
1643  106  VAL  CA  9.533  -6.269  -1.653  67.23
1644  106  VAL  C  10.235  -7.318  -0.798  177.04
1645  106  VAL  O  9.655  -8.352  -0.467  72.06
1646  106  VAL  CB  10.201  -6.224  -3.041  31.78
1647  106  VAL  CG1  10.29  -7.62  -3.636  21.02
1648  106  VAL  CG2  9.44  -5.287  -3.967  23.61
1649  106  VAL  H  9.942  -4.303  -1.409  7.73
1650  106  VAL  HA  8.605  -6.527  -1.77  3.44
1651  106  VAL  HB  11.102  -5.881  -2.935  2.27
1652  106  VAL  HG11  9.699  -7.683  -4.403  64.05
1653  106  VAL  HG12  11.202  -7.796  -3.914  6.93
1654  106  VAL  HG13  10.023  -8.273  -2.97  4.23
1655  106  VAL  HG21  8.746  -4.832  -3.466  121.54
1656  106  VAL  HG22  10.052  -4.633  -4.34  59.81
1657  106  VAL  HG23  9.037  -5.799  -4.686  176.95
1658  107  ASP  N  11.485  -7.045  -0.443  117.55
1659  107  ASP  CA  12.266  -7.964  0.376  57.77
1660  107  ASP  C  11.496  -8.362  1.631  178.99
1661  107  ASP  O  11.477  -9.531  2.016  2.91
1662  107  ASP  CB  13.603  -7.328  0.762  40.72
1663  107  ASP  CG  14.499  -8.283  1.525  110.85
1664  107  ASP  OD1  14.272  -8.467  2.74  9.73
1665  107  ASP  OD2  15.427  -8.847  0.908  3.79
1666  107  ASP  H  11.843  -6.307  -0.702  8.09
1667  107  ASP  HA  12.437  -8.76  -0.151  4.35
1668  107  ASP  HB2  14.066  -7.05  -0.044  2.7
1669  107  ASP  HB3  13.435  -6.551  1.318  2.7
1670  108  TYR  N  10.864  -7.381  2.266  121.17
1671  108  TYR  CA  10.095  -7.628  3.48  61.55
1672  108  TYR  C  8.917  -8.556  3.2  178.13
1673  108  TYR  O  8.877  -9.689  3.68  60.53
1674  108  TYR  CB  9.591  -6.309  4.067  179.28
1675  108  TYR  CG  8.9  -6.464  5.403  178.59
1676  108  TYR  CD1  7.539  -6.737  5.475  133.71
1677  108  TYR  CD2  9.607  -6.339  6.592  133.71
1678  108  TYR  CE1  6.903  -6.879  6.693  118.55
1679  108  TYR  CE2  8.98  -6.481  7.814  118.55
1680  108  TYR  CZ  7.628  -6.751  7.86  41.58
1681  108  TYR  OH  6.999  -6.892  9.075  9.15
1682  108  TYR  H  10.91  -6.581  1.954  8.59
1683  108  TYR  HA  10.683  -8.053  4.124  4.27
1684  108  TYR  HB2  10.343  -5.708  4.189  3.25
1685  108  TYR  HB3  8.96  -5.908  3.449  3.13
1686  108  TYR  HD1  7.053  -6.822  4.686  7.08
1687  108  TYR  HD2  10.518  -6.157  6.558  7.08
1688  108  TYR  HE1  5.992  -7.062  6.724  6.55
1689  108  TYR  HE2  9.468  -6.395  8.601  6.55
1690  108  TYR  HH  6.883  -6.135  9.42  2.48
1691  109  MET  N  7.96  -8.067  2.419  116.23
1692  109  MET  CA  6.781  -8.852  2.073  55.39
1693  109  MET  C  7.147  -10.318  1.86  179.5
1694  109  MET  O  6.376  -11.215  2.2  110.6
1695  109  MET  CB  6.12  -8.291  0.812  28.51
1696  109  MET  CG  5.433  -6.953  1.031  32.3
1697  109  MET  SD  4.14  -7.033  2.286  4.19
1698  109  MET  CE  3.053  -8.265  1.574  15.04
1699  109  MET  H  8.037  -7.268  2.109  8.69
1700  109  MET  HA  6.155  -8.79  2.811  4.65
1701  109  MET  HB2  6.798  -8.176  0.128  2.43
1702  109  MET  HB3  5.457  -8.925  0.498  1.82
1703  109  MET  HG2  6.097  -6.303  1.31  3.07
1704  109  MET  HG3  5.036  -6.667  0.193  2.46
1705  109  MET  HE1  3.492  -9.13  1.587  130.61
1706  109  MET  HE2  2.234  -8.311  2.091  37.52
1707  109  MET  HE3  2.845  -8.022  0.658  29.7
1708  110  ILE  N  8.327  -10.552  1.294  121.7
1709  110  ILE  CA  8.794  -11.908  1.037  66.18
1710  110  ILE  C  8.977  -12.683  2.338  180.13
1711  110  ILE  O  8.332  -13.707  2.558  3.4
1712  110  ILE  CB  10.125  -11.907  0.261  1.73
1713  110  ILE  CG1  9.891  -11.502  -1.195  29.64
1714  110  ILE  CG2  10.782  -13.277  0.336  16.9
1715  110  ILE  CD  11.15  -11.068  -1.912  118.43
1716  110  ILE  H  8.826  -9.887  1.075  8.48
1717  110  ILE  HA  8.125  -12.357  0.497  3.44
1718  110  ILE  HB  10.719  -11.264  0.678  1.92
1719  110  ILE  HG12  9.517  -12.255  -1.679  1.88
1720  110  ILE  HG13  9.264  -10.763  -1.221  0.69
1721  110  ILE  HG21  10.182  -13.944  -0.032  116.99
1722  110  ILE  HG22  11.607  -13.268  -0.174  67.71
1723  110  ILE  HG23  10.976  -13.494  1.261  177.2
1724  110  ILE  HD11  10.89  -10.433  -2.746  9.2
1725  110  ILE  HD12  11.785  -10.525  -1.228  31.2
1726  110  ILE  HD13  11.676  -11.94  -2.275  20.96
1727  111  GLU  N  9.861  -12.184  3.197  25.15
1728  111  GLU  CA  10.128  -12.83  4.478  59.77
1729  111  GLU  C  8.834  -13.052  5.255  179.89
1730  111  GLU  O  8.749  -13.949  6.094  2.17
1731  111  GLU  CB  11.095  -11.984  5.308  28.94
1732  111  GLU  CG  10.47  -10.718  5.869  36.03
1733  111  GLU  CD  11.104  -10.283  7.176  56.61
1734  111  GLU  OE1  12.13  -9.573  7.131  178.82
1735  111  GLU  OE2  10.574  -10.654  8.244  22.34
1736  111  GLU  H  10.285  -11.464  2.993  7.99
1737  111  GLU  HA  10.537  -13.691  4.297  3.96
1738  111  GLU  HB2  11.42  -12.518  6.05  2.09
1739  111  GLU  HB3  11.846  -11.73  4.75  180.64
1740  111  GLU  HG2  10.576  -10.004  5.221  2.26
1741  111  GLU  HG3  9.525  -10.878  6.021  2.06
1742  112  GLN  N  7.83  -12.23  4.969  117.4
1743  112  GLN  CA  6.54  -12.336  5.642  57.17
1744  112  GLN  C  5.776  -13.565  5.162  177.84
1745  112  GLN  O  5.33  -14.384  5.966  56.9
1746  112  GLN  CB  5.709  -11.076  5.399  27.79
1747  112  GLN  CG  6.187  -9.869  6.19  33.76
1748  112  GLN  CD  6.343  -10.166  7.669  57.26
1749  112  GLN  OE1  5.359  -10.257  8.403  178.06
1750  112  GLN  NE2  7.585  -10.318  8.114  116
1751  112  GLN  H  7.943  -11.62  4.374  8.54
1752  112  GLN  HA  6.708  -12.424  6.593  3.67
1753  112  GLN  HB2  5.745  -10.855  4.455  1.88
1754  112  GLN  HB3  4.788  -11.257  5.646  1.88
1755  112  GLN  HG2  7.046  -9.586  5.839  1.72
1756  112  GLN  HG3  5.543  -9.152  6.084  1.89
1757  112  GLN  HE21  8.23  -10.241  7.551  6.85
1758  112  GLN  HE22  7.699  -10.486  8.95  6.71
1759  113  SER  N  5.627  -13.687  3.847  114.76
1760  113  SER  CA  4.912  -14.815  3.26  60.36
1761  113  SER  C  5.477  -16.139  3.765  174.8
1762  113  SER  O  4.811  -17.171  3.712  1.95
1763  113  SER  CB  4.997  -14.76  1.733  63.42
1764  113  SER  OG  6.306  -15.061  1.284  3.11
1765  113  SER  H  5.959  -13.085  3.33  8.04
1766  113  SER  HA  3.982  -14.749  3.528  4.17
1767  113  SER  HB2  4.38  -15.405  1.355  4.05
1768  113  SER  HB3  4.759  -13.87  1.431  4.01
1769  113  SER  HG  6.866  -14.655  1.76  117.9
1770  114  GLY  N  6.713  -16.099  4.255  108.93
1771  114  GLY  CA  7.348  -17.301  4.762  45.44
1772  114  GLY  C  8.784  -17.439  4.296  173.93
1773  114  GLY  O  9.078  -18.224  3.393  31.11
1774  114  GLY  H  7.138  -15.351  4.27  7.55
1775  114  GLY  HA2  7.334  -17.279  5.732  4.13
1776  114  GLY  HA3  6.845  -18.073  4.459  3.96
1777  115  SER  N  9.68  -16.674  4.91  3.37
1778  115  SER  CA  11.093  -16.71  4.549  2
1779  115  SER  C  11.606  -18.147  4.507  59.51
1780  115  SER  O  12.296  -18.544  3.569  179.59
1781  115  SER  CB  11.917  -15.891  5.544  8.13
1782  115  SER  OG  11.984  -16.536  6.803  29.35
1783  115  SER  H  9.42  -16.143  5.535  7.85
1784  115  SER  HA  11.184  -16.32  3.666  4.5
1785  115  SER  HB2  12.817  -15.78  5.201  3.81
1786  115  SER  HB3  11.506  -15.02  5.66  3.81
1787  115  SER  HG  12.575  -16.17  7.274  179.31
1788  116  GLY  N  11.264  -18.921  5.532  3.82
1789  116  GLY  CA  11.698  -20.304  5.595  29.49
1790  116  GLY  C  10.545  -21.265  5.807  29.31
1791  116  GLY  O  9.394  -20.968  5.486  43.47
1792  116  GLY  H  10.78  -18.595  6.164  8.3
1793  116  GLY  HA2  12.146  -20.53  4.765  4.09
1794  116  GLY  HA3  12.326  -20.403  6.328  3.99
1795  117  PRO  N  10.85  -22.449  6.359  177.08
1796  117  PRO  CA  9.843  -23.481  6.625  8.53
1797  117  PRO  C  8.894  -23.088  7.753  3.77
1798  117  PRO  O  9.235  -23.201  8.931  1.82
1799  117  PRO  CB  10.68  -24.697  7.03  1.82
1800  117  PRO  CG  11.949  -24.124  7.559  27.18
1801  117  PRO  CD  12.2  -22.87  6.767  49.72
1802  117  PRO  HA  9.328  -23.69  5.83  4.42
1803  117  PRO  HB2  10.209  -25.205  7.709  2.25
1804  117  PRO  HB3  10.84  -25.256  6.254  1.96
1805  117  PRO  HG2  11.849  -23.913  8.5  1.99
1806  117  PRO  HG3  12.675  -24.754  7.43  1.99
1807  117  PRO  HD2  12.62  -22.196  7.324  3.58
1808  117  PRO  HD3  12.75  -23.064  5.992  3.55
1809  118  SER  N  7.703  -22.628  7.385  120.43
1810  118  SER  CA  6.707  -22.215  8.366  59.74
1811  118  SER  C  5.557  -23.217  8.427  178.36
1812  118  SER  O  5.463  -24.121  7.597  6.89
1813  118  SER  CB  6.168  -20.825  8.024  30.01
1814  118  SER  OG  7.052  -19.811  8.471  36.07
1815  118  SER  H  7.517  -22.569  6.547  8.49
1816  118  SER  HA  7.139  -22.182  9.234  4.47
1817  118  SER  HB2  6.065  -20.748  7.063  3.89
1818  118  SER  HB3  5.307  -20.7  8.453  7.64
1819  118  SER  HG  7.119  -19.218  7.88  4.07
1820  119  SER  N  4.686  -23.05  9.417  2.37
1821  119  SER  CA  3.545  -23.941  9.59  2.25
1822  119  SER  C  2.246  -23.147  9.685  2.53
1823  119  SER  O  2.244  -21.983  10.083  2.13
1824  119  SER  CB  3.726  -24.797  10.845  118.41
1825  119  SER  OG  4.841  -25.661  10.717  63.8
1826  119  SER  H  4.8  -22.401  9.97  8.33
1827  119  SER  HA  3.501  -24.522  8.815  4.49
1828  119  SER  HB2  3.865  -24.219  11.612  31.47
1829  119  SER  HB3  2.93  -25.333  10.985  21.53
1830  119  SER  HG  5.228  -25.734  11.459  22.14
1831  120  GLY  N  1.14  -23.787  9.316  7.95
1832  120  GLY  CA  -0.151  -23.127  9.366  2.32
1833  120  GLY  C  -0.38  -22.21  8.18  1.5
1834  120  GLY  O  -0.659  -22.672  7.074  179.02
1835  120  GLY  H  1.194  -24.601  9.044  8.05
1836  120  GLY  HA2  -0.848  -23.801  9.38  3.77
1837  120  GLY  HA3  -0.203  -22.603  10.181  3.77
