1  1  GLY  N  -7.94  -5.623  21.221  124.37
2  1  GLY  CA  -7.909  -6.623  20.17  43.41
3  1  GLY  C  -7.339  -7.945  20.644  173.91
4  1  GLY  O  -6.297  -8.388  20.161  55.76
5  1  GLY  H  -8.257  -4.809  21.049  31.19
6  1  GLY  HA2  -8.813  -6.768  19.848  3.79
7  1  GLY  HA3  -7.365  -6.292  19.439  3.79
8  1  GLY  H2  -8.744  -5.242  21.245  16.9
9  1  GLY  H3  -7.772  -6.01  22.005  4.33
10  2  SER  N  -8.022  -8.576  21.593  115.65
11  2  SER  CA  -7.574  -9.853  22.137  58.19
12  2  SER  C  -7.119  -10.789  21.021  174.64
13  2  SER  O  -7.864  -11.056  20.079  2.48
14  2  SER  CB  -8.696  -10.509  22.944  64.03
15  2  SER  OG  -9.84  -10.732  22.138  2.11
16  2  SER  H  -8.745  -8.222  21.896  8.25
17  2  SER  HA  -6.823  -9.679  22.725  4.57
18  2  SER  HB2  -8.387  -11.361  23.289  3.92
19  2  SER  HB3  -8.941  -9.93  23.683  3.82
20  2  SER  HG  -9.607  -10.812  21.335  121.81
21  3  SER  N  -5.891  -11.284  21.136  117.23
22  3  SER  CA  -5.334  -12.187  20.136  58.69
23  3  SER  C  -5.891  -13.597  20.308  174.78
24  3  SER  O  -6.143  -14.045  21.425  32.18
25  3  SER  CB  -3.808  -12.213  20.236  59.55
26  3  SER  OG  -3.241  -12.978  19.185  43.67
27  3  SER  H  -5.412  -11.064  21.816  8.55
28  3  SER  HA  -5.587  -11.854  19.261  4.52
29  3  SER  HB2  -3.466  -11.307  20.182  3.91
30  3  SER  HB3  -3.548  -12.606  21.084  3.94
31  3  SER  HG  -3.795  -13.556  18.929  4.31
32  4  GLY  N  -6.08  -14.292  19.19  110.17
33  4  GLY  CA  -6.606  -15.644  19.237  45.45
34  4  GLY  C  -5.646  -16.66  18.651  173.99
35  4  GLY  O  -4.621  -16.295  18.074  1.56
36  4  GLY  H  -5.888  -13.933  18.432  8.46
37  4  GLY  HA2  -6.786  -15.879  20.161  4.08
38  4  GLY  HA3  -7.437  -15.674  18.737  3.94
39  5  SER  N  -5.976  -17.939  18.799  115.11
40  5  SER  CA  -5.133  -19.011  18.285  58.24
41  5  SER  C  -5.889  -19.853  17.261  174.84
42  5  SER  O  -6.662  -20.741  17.621  3.91
43  5  SER  CB  -4.644  -19.898  19.431  63.98
44  5  SER  OG  -3.85  -20.967  18.945  124.96
45  5  SER  H  -6.705  -18.138  19.21  8.3
46  5  SER  HA  -4.367  -18.605  17.85  4.53
47  5  SER  HB2  -4.112  -19.367  20.044  3.87
48  5  SER  HB3  -5.409  -20.266  19.901  3.89
49  5  SER  HG  -3.148  -20.661  18.599  26.62
50  6  SER  N  -5.66  -19.567  15.984  118.25
51  6  SER  CA  -6.321  -20.295  14.907  58.59
52  6  SER  C  -5.555  -20.141  13.597  174.98
53  6  SER  O  -5.1  -19.051  13.255  5.13
54  6  SER  CB  -7.757  -19.796  14.732  63.67
55  6  SER  OG  -8.553  -20.128  15.857  1.08
56  6  SER  H  -5.11  -18.936  15.787  8.51
57  6  SER  HA  -6.341  -21.234  15.15  4.46
58  6  SER  HB2  -7.751  -18.832  14.628  3.89
59  6  SER  HB3  -8.145  -20.205  13.942  3.83
60  6  SER  HG  -8.761  -20.941  15.822  8.3
61  7  GLY  N  -5.416  -21.244  12.867  111.09
62  7  GLY  CA  -4.704  -21.212  11.603  45.33
63  7  GLY  C  -5.474  -21.89  10.486  174.11
64  7  GLY  O  -5.935  -23.02  10.64  59.22
65  7  GLY  H  -5.753  -21.983  13.15  8.4
66  7  GLY  HA2  -4.542  -20.288  11.357  3.95
67  7  GLY  HA3  -3.852  -21.662  11.712  3.96
68  8  GLU  N  -5.615  -21.196  9.361  120.77
69  8  GLU  CA  -6.337  -21.738  8.216  56.55
70  8  GLU  C  -5.469  -21.709  6.961  176.97
71  8  GLU  O  -5.26  -22.733  6.313  4.59
72  8  GLU  CB  -7.625  -20.948  7.977  30.23
73  8  GLU  CG  -8.603  -21.012  9.138  36.15
74  8  GLU  CD  -8.187  -20.132  10.3  21.34
75  8  GLU  OE1  -8.108  -18.9  10.113  9.5
76  8  GLU  OE2  -7.941  -20.676  11.397  4.18
77  8  GLU  H  -5.272  -20.409  9.307  8.29
78  8  GLU  HA  -6.565  -22.659  8.416  4.3
79  8  GLU  HB2  -7.397  -20.018  7.821  2.06
80  8  GLU  HB3  -8.066  -21.301  7.188  1.92
81  8  GLU  HG2  -9.475  -20.723  8.827  2.23
82  8  GLU  HG3  -8.659  -21.93  9.448  176.15
83  9  GLY  N  -4.965  -20.525  6.625  110.22
84  9  GLY  CA  -4.126  -20.383  5.449  45.42
85  9  GLY  C  -4.867  -20.704  4.166  174.3
86  9  GLY  O  -5.255  -21.849  3.935  174.84
87  9  GLY  H  -5.14  -19.838  7.112  8.5
88  9  GLY  HA2  -3.801  -19.47  5.404  3.95
89  9  GLY  HA3  -3.368  -20.982  5.532  3.95
90  10  LEU  N  -5.065  -19.691  3.33  121.47
91  10  LEU  CA  -5.766  -19.87  2.063  55.02
92  10  LEU  C  -4.983  -20.791  1.133  177.17
93  10  LEU  O  -4.089  -20.348  0.413  3.86
94  10  LEU  CB  -5.992  -18.516  1.387  42.21
95  10  LEU  CG  -4.973  -17.424  1.713  26.79
96  10  LEU  CD1  -4.836  -16.457  0.548  25.01
97  10  LEU  CD2  -5.373  -16.683  2.981  23.23
98  10  LEU  H  -4.773  -18.91  3.54  8.06
99  10  LEU  HA  -6.626  -20.276  2.254  4.32
100  10  LEU  HB2  -5.979  -18.658  0.428  1.56
101  10  LEU  HB3  -6.868  -18.196  1.654  1.45
102  10  LEU  HG  -4.107  -17.834  1.865  1.53
103  10  LEU  HD11  -5.592  -16.563  -0.051  27.03
104  10  LEU  HD12  -4.014  -16.644  0.068  25.36
105  10  LEU  HD13  -4.814  -15.547  0.884  23.76
106  10  LEU  HD21  -6.102  -17.154  3.414  8.69
107  10  LEU  HD22  -5.658  -15.785  2.752  4.37
108  10  LEU  HD23  -4.613  -16.638  3.582  1.6
109  11  ASP  N  -5.326  -22.074  1.154  120.49
110  11  ASP  CA  -4.658  -23.058  0.31  54.56
111  11  ASP  C  -4.526  -22.546  -1.121  175.79
112  11  ASP  O  -3.648  -22.979  -1.868  8.09
113  11  ASP  CB  -5.427  -24.38  0.323  40.8
114  11  ASP  CG  -5.241  -25.171  -0.957  1.72
115  11  ASP  OD1  -4.185  -25.822  -1.103  1.61
116  11  ASP  OD2  -6.151  -25.14  -1.811  1.65
117  11  ASP  H  -5.959  -22.331  1.677  8.32
118  11  ASP  HA  -3.77  -23.206  0.671  4.49
119  11  ASP  HB2  -5.117  -24.921  1.066  2.58
120  11  ASP  HB3  -6.373  -24.195  0.435  2.51
121  12  TYR  N  -5.404  -21.623  -1.497  63.34
122  12  TYR  CA  -5.388  -21.055  -2.84  57.42
123  12  TYR  C  -4.325  -19.967  -2.958  175.14
124  12  TYR  O  -4.16  -19.143  -2.057  5
125  12  TYR  CB  -6.762  -20.482  -3.19  38.44
126  12  TYR  CG  -6.897  -19.006  -2.89  3.78
127  12  TYR  CD1  -6.13  -18.066  -3.566  133.13
128  12  TYR  CD2  -7.793  -18.552  -1.929  133.13
129  12  TYR  CE1  -6.25  -16.717  -3.294  118.32
130  12  TYR  CE2  -7.92  -17.205  -1.651  118.32
131  12  TYR  CZ  -7.146  -16.291  -2.336  21.22
132  12  TYR  OH  -7.27  -14.948  -2.063  43.74
133  12  TYR  H  -5.998  -21.355  -0.936  7.83
134  12  TYR  HA  -5.176  -21.768  -3.462  4.54
135  12  TYR  HB2  -6.927  -20.609  -4.138  3.04
136  12  TYR  HB3  -7.441  -20.953  -2.682  2.93
137  12  TYR  HD1  -5.526  -18.355  -4.212  7.08
138  12  TYR  HD2  -8.314  -19.17  -1.469  7.08
139  12  TYR  HE1  -5.728  -16.101  -3.755  6.82
140  12  TYR  HE2  -8.524  -16.917  -1.005  6.82
141  12  TYR  HH  -7.429  -14.531  -2.775  124.02
142  13  LEU  N  -3.607  -19.969  -4.076  123.43
143  13  LEU  CA  -2.56  -18.982  -4.315  55.04
144  13  LEU  C  -2.834  -18.195  -5.592  176.31
145  13  LEU  O  -2.178  -17.19  -5.868  8.46
146  13  LEU  CB  -1.196  -19.669  -4.409  42.91
147  13  LEU  CG  0.01  -18.746  -4.58  26.64
148  13  LEU  CD1  1.248  -19.361  -3.946  24.72
149  13  LEU  CD2  0.254  -18.453  -6.054  24.3
150  13  LEU  H  -3.762  -20.567  -4.674  7.9
151  13  LEU  HA  -2.553  -18.368  -3.564  4.33
152  13  LEU  HB2  -1.065  -20.182  -3.596  1.53
153  13  LEU  HB3  -1.22  -20.272  -5.169  1.53
154  13  LEU  HG  -0.168  -17.904  -4.133  1.46
155  13  LEU  HD11  1.091  -20.303  -3.777  4.42
156  13  LEU  HD12  1.44  -18.91  -3.109  4.51
157  13  LEU  HD13  2.003  -19.261  -4.547  54.79
158  13  LEU  HD21  -0.569  -18.589  -6.55  34.49
159  13  LEU  HD22  0.938  -19.051  -6.393  25.09
160  13  LEU  HD23  0.545  -17.534  -6.157  28.94
161  14  THR  N  -3.811  -18.657  -6.367  117.95
162  14  THR  CA  -4.174  -17.995  -7.614  60.29
163  14  THR  C  -4.063  -16.48  -7.486  176.82
164  14  THR  O  -3.798  -15.783  -8.464  4.64
165  14  THR  CB  -5.606  -18.359  -8.047  70.61
166  14  THR  OG1  -6.075  -17.425  -9.025  23.7
167  14  THR  CG2  -6.547  -18.365  -6.852  21.23
168  14  THR  H  -4.238  -19.364  -6.126  7.78
169  14  THR  HA  -3.562  -18.298  -8.303  4.35
170  14  THR  HB  -5.595  -19.247  -8.437  4.07
171  14  THR  HG1  -5.901  -17.714  -9.794  4.08
172  14  THR  HG21  -7.414  -18.704  -7.124  2.08
173  14  THR  HG22  -6.645  -17.462  -6.513  2.03
174  14  THR  HG23  -6.182  -18.934  -6.156  1.45
175  15  ALA  N  -4.267  -15.978  -6.273  1.6
176  15  ALA  CA  -4.187  -14.545  -6.016  50.97
177  15  ALA  C  -3.515  -14.264  -4.676  173.93
178  15  ALA  O  -3.7  -14.987  -3.698  3.05
179  15  ALA  CB  -5.576  -13.924  -6.052  16.43
180  15  ALA  H  -4.449  -16.511  -5.623  8.32
181  15  ALA  HA  -3.659  -14.143  -6.723  4.27
182  15  ALA  HB1  -5.979  -13.984  -5.172  41.03
183  15  ALA  HB2  -5.507  -12.993  -6.314  117.53
184  15  ALA  HB3  -6.127  -14.401  -6.692  56.59
185  16  PRO  N  -2.715  -13.188  -4.629  176.28
186  16  PRO  CA  -1.999  -12.787  -3.415  62.4
187  16  PRO  C  -2.938  -12.258  -2.336  175.72
188  16  PRO  O  -3.821  -11.447  -2.612  0.73
189  16  PRO  CB  -1.066  -11.676  -3.904  32.57
190  16  PRO  CG  -1.737  -11.123  -5.114  27.48
191  16  PRO  CD  -2.449  -12.28  -5.758  50
192  16  PRO  HA  -1.473  -13.517  -3.054  4.26
193  16  PRO  HB2  -0.97  -11.003  -3.212  2.14
194  16  PRO  HB3  -0.198  -12.05  -4.12  1.66
195  16  PRO  HG2  -2.373  -10.438  -4.854  1.63
196  16  PRO  HG3  -1.074  -10.756  -5.72  1.56
197  16  PRO  HD2  -3.277  -11.984  -6.167  3.61
198  16  PRO  HD3  -1.877  -12.705  -6.416  2.82
199  17  ASN  N  -2.74  -12.722  -1.107  119.73
200  17  ASN  CA  -3.57  -12.294  0.014  51.46
201  17  ASN  C  -3.582  -10.773  0.133  173.57
202  17  ASN  O  -2.562  -10.105  -0.035  106.67
203  17  ASN  CB  -3.063  -12.915  1.317  36.66
204  17  ASN  CG  -1.671  -12.436  1.683  5.05
205  17  ASN  OD1  -0.836  -12.197  0.811  3.23
206  17  ASN  ND2  -1.416  -12.293  2.978  115.35
207  17  ASN  H  -2.108  -13.288  -0.968  8.95
208  17  ASN  HA  -4.475  -12.602  -0.151  4.8
209  17  ASN  HB2  -3.667  -12.679  2.038  2.78
210  17  ASN  HB3  -3.041  -13.88  1.223  2.66
211  17  ASN  HD21  -2.042  -12.476  3.538  6.99
212  17  ASN  HD22  -0.634  -12.021  3.211  8.42
213  18  PRO  N  -4.763  -10.212  0.431  40.28
214  18  PRO  CA  -4.937  -8.765  0.581  61.22
215  18  PRO  C  -4.254  -8.225  1.833  132.84
216  18  PRO  O  -4.461  -8.717  2.942  132.84
217  18  PRO  CB  -6.455  -8.598  0.685  30.83
218  18  PRO  CG  -6.944  -9.904  1.209  28.12
219  18  PRO  CD  -6.021  -10.948  0.645  49.8
220  18  PRO  HA  -4.61  -8.285  -0.196  4.25
221  18  PRO  HB2  -6.661  -7.871  1.293  1.88
222  18  PRO  HB3  -6.824  -8.407  -0.191  2.34
223  18  PRO  HG2  -6.904  -9.907  2.178  1.96
224  18  PRO  HG3  -7.853  -10.06  0.907  2.28
225  18  PRO  HD2  -5.895  -11.669  1.281  3.67
226  18  PRO  HD3  -6.368  -11.29  -0.194  6.81
227  19  PRO  N  -3.422  -7.189  1.655  6.81
228  19  PRO  CA  -2.693  -6.56  2.76  62.17
229  19  PRO  C  -3.614  -5.784  3.695  175.03
230  19  PRO  O  -4.73  -5.422  3.322  57.89
231  19  PRO  CB  -1.726  -5.608  2.051  32.34
232  19  PRO  CG  -2.381  -5.305  0.747  28.43
233  19  PRO  CD  -3.128  -6.551  0.36  50.05
234  19  PRO  HA  -2.189  -7.212  3.272  4.94
235  19  PRO  HB2  -1.609  -4.806  2.584  2.27
236  19  PRO  HB3  -0.87  -6.046  1.924  1.5
237  19  PRO  HG2  -2.995  -4.561  0.85  1.92
238  19  PRO  HG3  -1.707  -5.097  0.081  1.85
239  19  PRO  HD2  -3.947  -6.324  -0.108  3.42
240  19  PRO  HD3  -2.57  -7.125  -0.189  3.97
241  20  SER  N  -3.14  -5.533  4.911  113.69
242  20  SER  CA  -3.923  -4.803  5.901  57.25
243  20  SER  C  -3.283  -3.454  6.213  174.65
244  20  SER  O  -2.316  -3.374  6.971  57.47
245  20  SER  CB  -4.057  -5.625  7.184  64.66
246  20  SER  OG  -5.158  -6.515  7.108  173.9
247  20  SER  H  -2.353  -5.809  5.12  8.59
248  20  SER  HA  -4.806  -4.652  5.529  4.82
249  20  SER  HB2  -3.247  -6.142  7.321  3.81
250  20  SER  HB3  -4.19  -5.027  7.936  3.75
251  20  SER  HG  -5.536  -6.558  7.857  2.55
252  21  ILE  N  -3.83  -2.396  5.622  127.87
253  21  ILE  CA  -3.314  -1.05  5.837  62.73
254  21  ILE  C  -3.624  -0.561  7.248  176.24
255  21  ILE  O  -4.756  -0.183  7.549  178.73
256  21  ILE  CB  -3.9  -0.053  4.82  36.99
257  21  ILE  CG1  -3.432  -0.401  3.405  30
258  21  ILE  CG2  -3.499  1.369  5.181  17.62
259  21  ILE  CD  -4.09  0.433  2.329  21.97
260  21  ILE  H  -4.505  -2.508  5.101  9
261  21  ILE  HA  -2.352  -1.077  5.719  4.31
262  21  ILE  HB  -4.867  -0.114  4.858  2.12
263  21  ILE  HG12  -2.474  -0.264  3.344  1.77
264  21  ILE  HG13  -3.633  -1.333  3.225  0.89
265  21  ILE  HG21  -2.548  1.399  5.371  7.04
266  21  ILE  HG22  -3.698  1.959  4.437  7.19
267  21  ILE  HG23  -3.995  1.656  5.964  123.22
268  21  ILE  HD11  -4.257  -0.175  1.452  62.74
269  21  ILE  HD12  -5.034  0.81  2.691  116.6
270  21  ILE  HD13  -3.446  1.263  2.072  66.18
271  22  ARG  N  -2.611  -0.57  8.107  129.09
272  22  ARG  CA  -2.776  -0.126  9.487  52.84
273  22  ARG  C  -2.831  1.397  9.565  176.55
274  22  ARG  O  -1.927  2.085  9.093  20.22
275  22  ARG  CB  -1.629  -0.651  10.354  28.57
276  22  ARG  CG  -1.554  -2.168  10.411  25.31
277  22  ARG  CD  -2.869  -2.774  10.875  42.69
278  22  ARG  NE  -3.871  -2.786  9.813  1.28
279  22  ARG  CZ  -5.139  -3.136  10.002  4
280  22  ARG  NH1  -5.557  -3.499  11.207  2.47
281  22  ARG  NH2  -5.991  -3.121  8.985  0.31
282  22  ARG  H  -1.839  -0.844  7.844  8.4
283  22  ARG  HA  -3.613  -0.487  9.818  4.71
284  22  ARG  HB2  -0.79  -0.319  9.998  1.58
285  22  ARG  HB3  -1.744  -0.317  11.258  1.78
286  22  ARG  HG2  -1.348  -2.507  9.526  1.66
287  22  ARG  HG3  -0.852  -2.425  11.029  1.66
288  22  ARG  HD2  -2.707  -3.685  11.165  3.14
289  22  ARG  HD3  -3.206  -2.253  11.62  3.04
290  22  ARG  HE  -3.619  -2.553  9.024  21.37
291  22  ARG  HH11  -5.006  -3.508  11.868  8.36
292  22  ARG  HH12  -6.378  -3.723  11.327  108.83
293  22  ARG  HH21  -5.723  -2.886  8.202  8.6
294  22  ARG  HH22  -6.811  -3.348  9.109  4.13
295  23  GLU  N  -3.899  1.915  10.164  127.78
296  23  GLU  CA  -4.072  3.356  10.302  61.18
297  23  GLU  C  -3.407  3.864  11.579  178.29
298  23  GLU  O  -3.064  5.041  11.686  6.86
299  23  GLU  CB  -5.559  3.715  10.311  29.71
300  23  GLU  CG  -6.253  3.466  8.982  36.71
301  23  GLU  CD  -7.665  4.017  8.949  174.19
302  23  GLU  OE1  -7.862  5.17  9.388  116.6
303  23  GLU  OE2  -8.573  3.297  8.485  40.44
304  23  GLU  H  -4.502  1.387  10.476  8.95
305  23  GLU  HA  -3.65  3.782  9.54  4.08
306  23  GLU  HB2  -6.004  3.187  10.992  2.1
307  23  GLU  HB3  -5.652  4.655  10.531  2.1
308  23  GLU  HG2  -5.739  3.89  8.277  2.33
309  23  GLU  HG3  -6.29  2.51  8.824  2.26
310  24  GLU  N  -3.23  2.967  12.544  118.68
311  24  GLU  CA  -2.609  3.324  13.814  58.34
312  24  GLU  C  -1.093  3.422  13.669  176.81
313  24  GLU  O  -0.43  4.136  14.423  123.96
314  24  GLU  CB  -2.964  2.295  14.888  27.78
315  24  GLU  CG  -2.376  0.918  14.63  35.61
316  24  GLU  CD  -2.198  0.111  15.902  115.86
317  24  GLU  OE1  -3.158  -0.574  16.31  18.39
318  24  GLU  OE2  -1.097  0.167  16.489  7.1
319  24  GLU  H  -3.489  2.157  12.417  10.12
320  24  GLU  HA  -2.954  4.19  14.081  4.27
321  24  GLU  HB2  -2.635  2.611  15.744  2.08
322  24  GLU  HB3  -3.929  2.211  14.933  2.03
323  24  GLU  HG2  -2.969  0.432  14.036  2.4
324  24  GLU  HG3  -1.51  1.023  14.205  2.1
325  25  LEU  N  -0.55  2.7  12.695  119.13
326  25  LEU  CA  0.888  2.704  12.45  54
327  25  LEU  C  1.264  3.772  11.428  177.07
328  25  LEU  O  2.372  4.309  11.455  104.36
329  25  LEU  CB  1.346  1.33  11.96  42.6
330  25  LEU  CG  0.967  0.141  12.844  26.96
331  25  LEU  CD1  1.452  -1.161  12.225  24.87
332  25  LEU  CD2  1.538  0.314  14.244  21.79
333  25  LEU  H  -1.058  2.218  12.196  7.53
334  25  LEU  HA  1.332  2.904  13.289  4.27
335  25  LEU  HB2  0.959  1.183  11.083  0.89
336  25  LEU  HB3  2.313  1.349  11.885  1.44
337  25  LEU  HG  0.001  0.095  12.917  1.3
338  25  LEU  HD11  1.319  -1.131  11.265  0.82
339  25  LEU  HD12  0.951  -1.903  12.599  39.73
340  25  LEU  HD13  2.395  -1.279  12.418  29.65
341  25  LEU  HD21  0.914  0.823  14.786  15.13
342  25  LEU  HD22  2.383  0.788  14.192  107.28
343  25  LEU  HD23  1.68  -0.558  14.645  7.77
344  26  CYS  N  0.333  4.077  10.53  117.37
345  26  CYS  CA  0.566  5.083  9.499  60.34
346  26  CYS  C  0.733  6.467  10.118  174.6
347  26  CYS  O  0.102  6.79  11.125  0.74
348  26  CYS  CB  -0.591  5.094  8.499  28.97
349  26  CYS  SG  -2.028  6.048  9.043  121.23
350  26  CYS  H  -0.425  3.671  10.556  7.22
351  26  CYS  HA  1.384  4.847  9.034  4.69
352  26  CYS  HB2  -0.283  5.477  7.663  3.23
353  26  CYS  HB3  -0.883  4.183  8.342  2.76
354  26  CYS  HG  -2.133  5.915  10.231  124.45
355  27  THR  N  1.59  7.282  9.51  114.13
356  27  THR  CA  1.843  8.63  10.002  60.16
357  27  THR  C  1.529  9.672  8.936  172.3
358  27  THR  O  1.538  9.375  7.742  41.4
359  27  THR  CB  3.306  8.798  10.453  71.89
360  27  THR  OG1  4.188  8.571  9.348  16.97
361  27  THR  CG2  3.639  7.833  11.581  21.45
362  27  THR  H  2.005  7.005  8.809  8.33
363  27  THR  HA  1.268  8.782  10.769  4.74
364  27  THR  HB  3.429  9.705  10.774  4.2
365  27  THR  HG1  4.261  9.276  8.897  1.6
366  27  THR  HG21  2.913  7.824  12.224  0.58
367  27  THR  HG22  4.456  8.118  12.019  7.23
368  27  THR  HG23  3.76  6.942  11.218  7.45
369  28  ALA  N  1.252  10.896  9.374  122.99
370  28  ALA  CA  0.937  11.984  8.456  51.59
371  28  ALA  C  1.836  13.19  8.707  176.91
372  28  ALA  O  1.927  13.686  9.83  175.8
373  28  ALA  CB  -0.527  12.377  8.586  24.35
374  28  ALA  H  1.259  11.05  10.22  8.51
375  28  ALA  HA  1.084  11.664  7.552  5.17
376  28  ALA  HB1  -0.895  11.988  9.395  43.25
377  28  ALA  HB2  -0.599  13.343  8.63  43.73
378  28  ALA  HB3  -1.018  12.05  7.816  26.2
379  29  SER  N  2.498  13.658  7.653  117.92
380  29  SER  CA  3.394  14.804  7.761  56.23
381  29  SER  C  2.968  15.916  6.808  174.7
382  29  SER  O  2.151  15.703  5.911  5.11
383  29  SER  CB  4.834  14.383  7.46  64.8
384  29  SER  OG  5.76  15.273  8.058  1.29
385  29  SER  H  2.398  13.273  6.891  8.7
386  29  SER  HA  3.345  15.136  8.671  5.01
387  29  SER  HB2  4.987  13.491  7.809  4.33
388  29  SER  HB3  4.974  14.383  6.5  3.88
389  29  SER  HG  6.528  15.128  7.749  8.67
390  30  HSE  N  3.527  17.105  7.009  119.41
391  30  HSE  CA  3.207  18.253  6.167  57.91
392  30  HSE  C  2.955  17.818  4.727  175.15
393  30  HSE  O  1.814  17.801  4.264  61.14
394  30  HSE  CB  4.341  19.277  6.212  30.09
395  30  HSE  CG  5.697  18.663  6.376  118.43
396  30  HSE  ND1  6.173  18.201  7.585  34.79
397  30  HSE  CD2  6.68  18.433  5.474  118.07
398  30  HSE  CE1  7.391  17.716  7.42  139.9
399  30  HSE  NE2  7.721  17.844  6.148  9.38
400  30  HSE  H  4.171  17.213  7.739  8.62
401  30  HSE  HA  2.308  18.708  6.555  4.97
402  30  HSE  HB2  4.343  19.843  5.292  3.04
403  30  HSE  HB3  4.178  19.95  7.042  2.77
404  30  HSE  HD1  5.691  18.227  8.437  129.53
405  30  HSE  HD2  6.651  18.669  4.419  6.98
406  30  HSE  HE1  8.01  17.287  8.193  7.77
407  30  HSE  HE2  8.603  17.642  5.771  4.04
408  31  ASP  N  4.026  17.466  4.024  115.65
409  31  ASP  CA  3.921  17.03  2.637  52.58
410  31  ASP  C  4.476  15.62  2.467  175.27
411  31  ASP  O  5.063  15.291  1.435  6.75
412  31  ASP  CB  4.668  17.999  1.718  41.57
413  31  ASP  CG  6.139  18.11  2.066  31.61
414  31  ASP  OD1  6.753  17.07  2.382  5.93
415  31  ASP  OD2  6.676  19.237  2.022  107.03
416  31  ASP  H  4.8  17.496  4.397  7.32
417  31  ASP  HA  2.982  17.027  2.395  4.46
418  31  ASP  HB2  4.592  17.689  0.802  2.98
419  31  ASP  HB3  4.267  18.879  1.792  2.25
420  32  THR  N  4.287  14.788  3.487  111.36
421  32  THR  CA  4.769  13.413  3.452  59.44
422  32  THR  C  3.932  12.513  4.354  173.08
423  32  THR  O  3.597  12.885  5.479  128.7
424  32  THR  CB  6.245  13.325  3.885  73.53
425  32  THR  OG1  6.56  14.402  4.775  175.1
426  32  THR  CG2  7.168  13.373  2.677  21.14
427  32  THR  H  3.87  15.07  4.184  6.98
428  32  THR  HA  4.701  13.095  2.538  5.31
429  32  THR  HB  6.382  12.483  4.346  3.65
430  32  THR  HG1  5.971  14.997  4.713  132.12
431  32  THR  HG21  7.88  14.011  2.84  129.88
432  32  THR  HG22  6.663  13.645  1.895  129.88
433  32  THR  HG23  7.548  12.494  2.526  177.5
434  33  ILE  N  3.598  11.329  3.853  120.92
435  33  ILE  CA  2.801  10.376  4.615  61.35
436  33  ILE  C  3.42  8.983  4.571  174.61
437  33  ILE  O  3.84  8.51  3.515  2.79
438  33  ILE  CB  1.356  10.3  4.087  43.33
439  33  ILE  CG1  0.639  11.633  4.309  29.27
440  33  ILE  CG2  0.602  9.167  4.767  17.96
441  33  ILE  CD  -0.776  11.654  3.774  6.91
442  33  ILE  H  3.858  11.119  3.061  7.82
443  33  ILE  HA  2.774  10.678  5.537  4.53
444  33  ILE  HB  1.39  10.112  3.136  1.07
445  33  ILE  HG12  0.6  11.82  5.26  1.44
446  33  ILE  HG13  1.136  12.338  3.865  0.91
447  33  ILE  HG21  -0.269  9.064  4.352  42.95
448  33  ILE  HG22  1.105  8.343  4.674  42.95
449  33  ILE  HG23  0.489  9.373  5.708  133.14
450  33  ILE  HD11  -0.988  10.718  3.279  133.14
451  33  ILE  HD12  -1.468  11.796  4.59  117.39
452  33  ILE  HD13  -0.882  12.466  3.068  117.39
453  34  THR  N  3.471  8.327  5.727  125.34
454  34  THR  CA  4.037  6.987  5.821  62.18
455  34  THR  C  2.958  5.954  6.123  172.56
456  34  THR  O  2.505  5.829  7.261  5.29
457  34  THR  CB  5.124  6.912  6.911  69
458  34  THR  OG1  5.96  8.073  6.849  2.54
459  34  THR  CG2  5.971  5.66  6.744  21.01
460  34  THR  H  3.163  8.704  6.436  9.03
461  34  THR  HA  4.447  6.774  4.968  4.83
462  34  THR  HB  4.69  6.88  7.778  4.1
463  34  THR  HG1  5.935  8.395  6.074  4.37
464  34  THR  HG21  5.798  5.265  5.875  120.08
465  34  THR  HG22  5.747  5.023  7.44  47.75
466  34  THR  HG23  6.91  5.894  6.81  176.7
467  35  VAL  N  2.55  5.214  5.097  127.1
468  35  VAL  CA  1.524  4.19  5.254  60.11
469  35  VAL  C  2.142  2.847  5.63  174.02
470  35  VAL  O  3.165  2.445  5.075  4.34
471  35  VAL  CB  0.699  4.02  3.965  33.81
472  35  VAL  CG1  -0.383  2.968  4.158  22.23
473  35  VAL  CG2  0.092  5.349  3.542  21.57
474  35  VAL  H  2.899  5.342  4.322  8.49
475  35  VAL  HA  0.926  4.47  5.964  4.45
476  35  VAL  HB  1.293  3.718  3.26  1.89
477  35  VAL  HG11  -0.391  2.369  3.395  175.67
478  35  VAL  HG12  -0.202  2.462  4.966  32.03
479  35  VAL  HG13  -1.246  3.403  4.235  27.58
480  35  VAL  HG21  -0.119  5.873  4.331  51.24
481  35  VAL  HG22  0.727  5.835  2.994  4.26
482  35  VAL  HG23  -0.718  5.188  3.033  2.37
483  36  HSE  N  1.513  2.157  6.575  125.11
484  36  HSE  CA  1.999  0.857  7.025  55.24
485  36  HSE  C  0.997  -0.244  6.691  174.99
486  36  HSE  O  -0.182  -0.146  7.029  3.48
487  36  HSE  CB  2.265  0.882  8.531  36.21
488  36  HSE  CG  3.406  1.769  8.923  109.83
489  36  HSE  ND1  4.431  1.357  9.748  53.73
490  36  HSE  CD2  3.681  3.054  8.597  118.7
491  36  HSE  CE1  5.286  2.35  9.915  136.6
492  36  HSE  NE2  4.854  3.391  9.226  29.35
493  36  HSE  H  0.702  2.53  6.98  7.18
494  36  HSE  HA  2.925  0.653  6.508  4.77
495  36  HSE  HB2  1.38  1.235  9.04  2.94
496  36  HSE  HB3  2.492  -0.12  8.866  2.63
497  36  HSE  HD1  4.517  0.469  10.154  176.08
498  36  HSE  HD2  3.088  3.696  7.961  6.53
499  36  HSE  HE1  6.185  2.317  10.511  7.19
500  36  HSE  HE2  5.255  4.285  9.244  122.27
501  37  TRP  N  1.475  -1.289  6.026  119.47
502  37  TRP  CA  0.62  -2.408  5.646  55.86
503  37  TRP  C  1.13  -3.712  6.25  173.21
504  37  TRP  O  2.279  -4.098  6.036  3.59
505  37  TRP  CB  0.552  -2.53  4.123  32.3
506  37  TRP  CG  1.899  -2.527  3.465  7.36
507  37  TRP  CD1  2.747  -3.589  3.33  124.49
508  37  TRP  CD2  2.552  -1.408  2.856  7.37
509  37  TRP  NE1  3.889  -3.197  2.673  124.91
510  37  TRP  CE2  3.794  -1.865  2.371  7.3
511  37  TRP  CE3  2.21  -0.066  2.671  119.73
512  37  TRP  CZ2  4.69  -1.025  1.715  114.91
513  37  TRP  CZ3  3.101  0.765  2.021  121.28
514  37  TRP  CH2  4.329  0.284  1.548  122.53
515  37  TRP  H  2.308  -1.307  5.815  8.24
516  37  TRP  HA  -0.27  -2.231  5.988  5.54
517  37  TRP  HB2  0.106  -3.359  3.889  3.06
518  37  TRP  HB3  0.043  -1.784  3.768  2.73
519  37  TRP  HD1  2.567  -4.446  3.643  6.25
520  37  TRP  HE1  4.554  -3.708  2.482  5.77
521  37  TRP  HE3  1.399  0.27  2.978  6.81
522  37  TRP  HZ2  5.508  -1.332  1.397  7.01
523  37  TRP  HZ3  2.888  1.661  1.89  6.59
524  37  TRP  HH2  4.902  0.875  1.115  6.66
525  38  ILE  N  0.268  -4.386  7.004  116.15
526  38  ILE  CA  0.632  -5.648  7.637  59.33
527  38  ILE  C  0.069  -6.834  6.863  174.71
528  38  ILE  O  -1.089  -6.822  6.444  4.03
529  38  ILE  CB  0.129  -5.713  9.092  42.42
530  38  ILE  CG1  0.632  -6.989  9.771  27.74
531  38  ILE  CG2  -1.39  -5.649  9.13  17.12
532  38  ILE  CD  1.987  -6.831  10.425  180.37
533  38  ILE  H  -0.524  -4.071  7.121  8.84
534  38  ILE  HA  1.6  -5.71  7.646  4.82
535  38  ILE  HB  0.476  -4.942  9.568  1.78
536  38  ILE  HG12  -0.001  -7.254  10.457  1.55
537  38  ILE  HG13  0.7  -7.694  9.108  1.17
538  38  ILE  HG21  -1.705  -5.036  8.447  139.29
539  38  ILE  HG22  -1.755  -6.532  8.964  7.69
540  38  ILE  HG23  -1.679  -5.339  10.002  9.52
541  38  ILE  HD11  2.689  -7.512  9.969  4.58
542  38  ILE  HD12  2.333  -5.817  10.298  3.46
543  38  ILE  HD13  1.905  -7.053  11.48  3.07
544  39  SER  N  0.895  -7.859  6.677  121.47
545  39  SER  CA  0.48  -9.054  5.951  57.6
546  39  SER  C  0.924  -10.316  6.684  173.86
547  39  SER  O  1.932  -10.315  7.391  0.73
548  39  SER  CB  1.058  -9.042  4.535  65.28
549  39  SER  OG  0.691  -7.86  3.844  64.33
550  39  SER  H  1.694  -7.815  6.992  8.67
551  39  SER  HA  -0.488  -9.048  5.897  4.97
552  39  SER  HB2  2.026  -9.089  4.583  4.02
553  39  SER  HB3  0.72  -9.808  4.045  3.66
554  39  SER  HG  0.914  -7.19  4.298  9.79
555  40  ASP  N  0.165  -11.392  6.509  124.52
556  40  ASP  CA  0.479  -12.663  7.152  55.05
557  40  ASP  C  1.354  -13.527  6.248  176.19
558  40  ASP  O  2.263  -14.211  6.718  3.03
559  40  ASP  CB  -0.806  -13.412  7.506  40.57
560  40  ASP  CG  -1.561  -12.758  8.647  60.04
561  40  ASP  OD1  -0.996  -12.666  9.756  178.66
562  40  ASP  OD2  -2.718  -12.34  8.43  50.52
563  40  ASP  H  -0.529  -11.338  6.004  8.87
564  40  ASP  HA  0.968  -12.471  7.968  4.55
565  40  ASP  HB2  -1.385  -13.434  6.728  2.73
566  40  ASP  HB3  -0.583  -14.32  7.765  2.73
567  41  ASP  N  1.072  -13.491  4.951  120.49
568  41  ASP  CA  1.832  -14.271  3.981  52.92
569  41  ASP  C  2.27  -13.4  2.807  176.53
570  41  ASP  O  1.487  -13.131  1.897  1.87
571  41  ASP  CB  0.998  -15.449  3.475  39.46
572  41  ASP  CG  1.004  -16.618  4.44  1.59
573  41  ASP  OD1  2.074  -17.237  4.615  1.59
574  41  ASP  OD2  -0.062  -16.916  5.018  1.68
575  41  ASP  H  0.426  -12.995  4.676  8.78
576  41  ASP  HA  2.622  -14.613  4.428  4.63
577  41  ASP  HB2  0.081  -15.158  3.351  2.6
578  41  ASP  HB3  1.356  -15.749  2.625  2.5
579  42  GLU  N  3.525  -12.963  2.837  120.46
580  42  GLU  CA  4.065  -12.121  1.776  59.17
581  42  GLU  C  5.265  -12.788  1.11  177.2
582  42  GLU  O  6.077  -12.127  0.462  58.8
583  42  GLU  CB  4.471  -10.755  2.335  29.94
584  42  GLU  CG  5.645  -10.817  3.297  35.82
585  42  GLU  CD  5.717  -9.606  4.207  32.73
586  42  GLU  OE1  5.067  -9.627  5.274  25.17
587  42  GLU  OE2  6.422  -8.638  3.853  29.34
588  42  GLU  H  4.03  -13.181  3.498  7.93
589  42  GLU  HA  3.369  -11.995  1.112  3.89
590  42  GLU  HB2  4.712  -10.175  1.596  2.03
591  42  GLU  HB3  3.713  -10.371  2.803  1.91
592  42  GLU  HG2  5.558  -11.612  3.846  2.14
593  42  GLU  HG3  6.467  -10.868  2.784  2.02
594  43  PHE  N  5.371  -14.102  1.276  116.61
595  43  PHE  CA  6.473  -14.86  0.693  58.49
596  43  PHE  C  6.315  -14.971  -0.821  176.2
597  43  PHE  O  7.288  -14.861  -1.567  1.75
598  43  PHE  CB  6.544  -16.256  1.314  38.51
599  43  PHE  CG  6.984  -16.252  2.75  117.08
600  43  PHE  CD1  6.136  -15.796  3.746  131.6
601  43  PHE  CD2  8.245  -16.704  3.103  131.6
602  43  PHE  CE1  6.537  -15.792  5.069  131.56
603  43  PHE  CE2  8.652  -16.702  4.424  131.56
604  43  PHE  CZ  7.798  -16.244  5.408  56.15
605  43  PHE  H  4.776  -14.516  1.739  7.94
606  43  PHE  HA  7.296  -14.384  0.888  4.58
607  43  PHE  HB2  5.666  -16.667  1.273  3.21
608  43  PHE  HB3  7.173  -16.795  0.809  3.1
609  43  PHE  HD1  5.287  -15.491  3.519  7.3
610  43  PHE  HD2  8.822  -17.011  2.442  7.3
611  43  PHE  HE1  5.96  -15.483  5.73  7.37
612  43  PHE  HE2  9.501  -17.007  4.65  7.37
613  43  PHE  HZ  8.069  -16.242  6.297  1.74
614  44  SER  N  5.083  -15.191  -1.267  114.79
615  44  SER  CA  4.797  -15.321  -2.691  58.1
616  44  SER  C  4.911  -13.972  -3.394  173.72
617  44  SER  O  5.407  -13.886  -4.518  4.34
618  44  SER  CB  3.397  -15.902  -2.901  63.89
619  44  SER  OG  3.29  -16.532  -4.166  2.72
620  44  SER  H  4.439  -15.259  -0.702  7.99
621  44  SER  HA  5.451  -15.929  -3.071  4.41
622  44  SER  HB2  3.215  -16.557  -2.209  3.88
623  44  SER  HB3  2.743  -15.187  -2.851  3.77
624  44  SER  HG  2.776  -16.086  -4.659  175.93
625  45  ILE  N  4.448  -12.922  -2.724  123.13
626  45  ILE  CA  4.499  -11.577  -3.284  60.66
627  45  ILE  C  5.909  -11.226  -3.744  176.21
628  45  ILE  O  6.829  -11.119  -2.933  4.14
629  45  ILE  CB  4.027  -10.525  -2.263  38.7
630  45  ILE  CG1  2.63  -10.874  -1.746  27.75
631  45  ILE  CG2  4.035  -9.139  -2.889  17.66
632  45  ILE  CD  2.126  -9.929  -0.678  1.99
633  45  ILE  H  4.111  -13.039  -1.942  7.57
634  45  ILE  HA  3.903  -11.549  -4.049  3.93
635  45  ILE  HB  4.649  -10.523  -1.519  1.81
636  45  ILE  HG12  2.002  -10.85  -2.485  1.45
637  45  ILE  HG13  2.646  -11.768  -1.37  1.08
638  45  ILE  HG21  4.463  -8.513  -2.285  50.06
639  45  ILE  HG22  4.524  -9.165  -3.726  4.44
640  45  ILE  HG23  3.123  -8.854  -3.057  2.32
641  45  ILE  HD11  2.56  -10.197  0.274  1.96
642  45  ILE  HD12  2.407  -8.917  -0.931  2.11
643  45  ILE  HD13  1.05  -9.998  -0.615  2.11
644  46  SER  N  6.072  -11.046  -5.051  123.04
645  46  SER  CA  7.371  -10.708  -5.62  59.82
646  46  SER  C  7.707  -9.24  -5.375  174.71
647  46  SER  O  8.876  -8.86  -5.322  58.09
648  46  SER  CB  7.386  -11.003  -7.121  63.68
649  46  SER  OG  8.697  -11.302  -7.57  6
650  46  SER  H  5.395  -11.134  -5.574  9.12
651  46  SER  HA  8.039  -11.259  -5.184  4.52
652  46  SER  HB2  6.812  -11.763  -7.305  3.81
653  46  SER  HB3  7.06  -10.227  -7.604  3.81
654  46  SER  HG  8.799  -11.014  -8.353  10.33
655  47  SER  N  6.672  -8.42  -5.226  113.6
656  47  SER  CA  6.855  -6.993  -4.991  58.35
657  47  SER  C  5.527  -6.323  -4.65  169.81
658  47  SER  O  4.463  -6.783  -5.066  2
659  47  SER  CB  7.474  -6.327  -6.221  64.83
660  47  SER  OG  6.748  -6.647  -7.394  2.4
661  47  SER  H  5.875  -8.739  -5.272  7.82
662  47  SER  HA  7.458  -6.891  -4.238  4.4
663  47  SER  HB2  7.468  -5.364  -6.102  4.01
664  47  SER  HB3  8.389  -6.633  -6.325  3.65
665  47  SER  HG  7.154  -7.246  -7.821  39.65
666  48  TYR  N  5.598  -5.236  -3.891  114.4
667  48  TYR  CA  4.402  -4.503  -3.492  55.83
668  48  TYR  C  4.211  -3.259  -4.354  175.05
669  48  TYR  O  5.166  -2.739  -4.93  117.86
670  48  TYR  CB  4.49  -4.106  -2.017  42.05
671  48  TYR  CG  3.905  -5.136  -1.077  47.65
672  48  TYR  CD1  2.529  -5.299  -0.963  176.93
673  48  TYR  CD2  4.727  -5.945  -0.303  8.55
674  48  TYR  CE1  1.99  -6.237  -0.104  117.51
675  48  TYR  CE2  4.196  -6.888  0.557  117.51
676  48  TYR  CZ  2.827  -7.03  0.653  2.57
677  48  TYR  OH  2.295  -7.966  1.509  6.67
678  48  TYR  H  6.367  -4.957  -3.627  9.17
679  48  TYR  HA  3.639  -5.089  -3.615  5.73
680  48  TYR  HB2  5.422  -3.98  -1.778  2.75
681  48  TYR  HB3  4.01  -3.273  -1.884  2.59
682  48  TYR  HD1  1.967  -4.763  -1.474  7.09
683  48  TYR  HD2  5.649  -5.847  -0.369  7.09
684  48  TYR  HE1  1.067  -6.333  -0.039  6.75
685  48  TYR  HE2  4.761  -7.422  1.068  6.75
686  48  TYR  HH  2  -7.582  2.196  28.96
687  49  GLU  N  2.971  -2.789  -4.437  119.36
688  49  GLU  CA  2.654  -1.606  -5.229  54.01
689  49  GLU  C  1.84  -0.607  -4.413  174.41
690  49  GLU  O  0.843  -0.966  -3.785  3.03
691  49  GLU  CB  1.881  -2.001  -6.49  34.13
692  49  GLU  CG  1.763  -0.879  -7.507  37.72
693  49  GLU  CD  1.323  -1.373  -8.872  2.1
694  49  GLU  OE1  1.901  -2.367  -9.358  1.94
695  49  GLU  OE2  0.4  -0.765  -9.453  2.2
696  49  GLU  H  2.34  -3.192  -4.014  8.89
697  49  GLU  HA  3.49  -1.19  -5.49  5.17
698  49  GLU  HB2  2.333  -2.749  -6.911  1.91
699  49  GLU  HB3  0.987  -2.277  -6.234  1.73
700  49  GLU  HG2  1.112  -0.235  -7.187  2.03
701  49  GLU  HG3  2.627  -0.447  -7.597  1.87
702  50  LEU  N  2.273  0.649  -4.426  127.84
703  50  LEU  CA  1.585  1.703  -3.687  53.21
704  50  LEU  C  0.78  2.593  -4.628  174.37
705  50  LEU  O  1.302  3.086  -5.628  18.71
706  50  LEU  CB  2.595  2.547  -2.906  45.96
707  50  LEU  CG  2.007  3.52  -1.883  27.41
708  50  LEU  CD1  1.4  2.762  -0.713  24.37
709  50  LEU  CD2  3.073  4.491  -1.397  26.94
710  50  LEU  H  2.975  0.847  -4.881  8.63
711  50  LEU  HA  0.977  1.279  -3.061  4.88
712  50  LEU  HB2  3.187  1.941  -2.434  1.72
713  50  LEU  HB3  3.108  3.063  -3.548  0.97
714  50  LEU  HG  1.301  4.035  -2.305  1.66
715  50  LEU  HD11  0.532  3.138  -0.5  2.85
716  50  LEU  HD12  1.984  2.837  0.058  4
717  50  LEU  HD13  1.299  1.827  -0.951  1.92
718  50  LEU  HD21  3.949  4.161  -1.65  1.92
719  50  LEU  HD22  3.024  4.567  -0.431  122.69
720  50  LEU  HD23  2.926  5.361  -1.799  54.73
721  51  GLN  N  -0.492  2.795  -4.3  124.99
722  51  GLN  CA  -1.367  3.627  -5.117  53.25
723  51  GLN  C  -2.033  4.709  -4.272  175.16
724  51  GLN  O  -2.836  4.413  -3.387  8.16
725  51  GLN  CB  -2.434  2.767  -5.797  31.65
726  51  GLN  CG  -1.859  1.682  -6.694  33.5
727  51  GLN  CD  -2.902  1.067  -7.607  131.62
728  51  GLN  OE1  -4.037  1.537  -7.677  116.9
729  51  GLN  NE2  -2.52  0.01  -8.314  107.74
730  51  GLN  H  -0.805  2.425  -3.59  9.21
731  51  GLN  HA  -0.823  4.053  -5.798  5.93
732  51  GLN  HB2  -2.976  2.342  -5.114  2.01
733  51  GLN  HB3  -2.999  3.34  -6.339  1.95
734  51  GLN  HG2  -1.157  2.068  -7.241  2.11
735  51  GLN  HG3  -1.484  0.983  -6.135  2.11
736  51  GLN  HE21  -1.713  -0.271  -8.219  6.29
737  51  GLN  HE22  -3.094  -0.357  -8.839  6.22
738  52  TYR  N  -1.693  5.962  -4.552  119.53
739  52  TYR  CA  -2.255  7.088  -3.816  56.09
740  52  TYR  C  -2.847  8.122  -4.77  173.47
741  52  TYR  O  -2.428  8.233  -5.923  179.67
742  52  TYR  CB  -1.183  7.74  -2.941  42.4
743  52  TYR  CG  0.015  8.235  -3.721  32.23
744  52  TYR  CD1  0.903  7.344  -4.309  132.71
745  52  TYR  CD2  0.257  9.596  -3.869  132.71
746  52  TYR  CE1  1.999  7.792  -5.02  118.13
747  52  TYR  CE2  1.35  10.053  -4.581  118.13
748  52  TYR  CZ  2.218  9.147  -5.154  8.1
749  52  TYR  OH  3.307  9.598  -5.863  3.88
750  52  TYR  H  -1.127  6.114  -5.181  9.35
751  52  TYR  HA  -2.962  6.749  -3.245  6.11
752  52  TYR  HB2  -1.57  8.499  -2.476  2.73
753  52  TYR  HB3  -0.868  7.093  -2.291  1.86
754  52  TYR  HD1  0.753  6.431  -4.217  6.56
755  52  TYR  HD2  -0.33  10.204  -3.481  6.56
756  52  TYR  HE1  2.584  7.182  -5.407  6.51
757  52  TYR  HE2  1.498  10.967  -4.671  6.51
758  52  TYR  HH  3.63  8.966  -6.312  3.49
759  53  THR  N  -3.824  8.879  -4.28  112.83
760  53  THR  CA  -4.475  9.903  -5.087  59.65
761  53  THR  C  -5.138  10.957  -4.208  172.18
762  53  THR  O  -5.617  10.654  -3.114  59.23
763  53  THR  CB  -5.534  9.292  -6.024  6.81
764  53  THR  OG1  -5.981  10.274  -6.965  6.8
765  53  THR  CG2  -6.72  8.766  -5.23  17.19
766  53  THR  H  -4.079  8.76  -3.467  7.96
767  53  THR  HA  -3.796  10.33  -5.633  4.44
768  53  THR  HB  -5.131  8.553  -6.506  2.97
769  53  THR  HG1  -6.386  9.894  -7.595  15.61
770  53  THR  HG21  -6.461  7.959  -4.758  7.58
771  53  THR  HG22  -7.451  8.567  -5.835  4.05
772  53  THR  HG23  -7.003  9.438  -4.59  2.03
773  54  ILE  N  -5.164  12.194  -4.692  2.03
774  54  ILE  CA  -5.771  13.292  -3.95  62.7
775  54  ILE  C  -7.292  13.183  -3.953  175.11
776  54  ILE  O  -7.911  13.02  -5.005  65.24
777  54  ILE  CB  -5.364  14.658  -4.532  39.08
778  54  ILE  CG1  -3.874  14.915  -4.293  29.52
779  54  ILE  CG2  -6.203  15.767  -3.916  16.42
780  54  ILE  CD  -3.33  16.087  -5.08  41.26
781  54  ILE  H  -4.815  12.35  -5.462  7.69
782  54  ILE  HA  -5.455  13.244  -3.034  3.65
783  54  ILE  HB  -5.534  14.645  -5.487  1.53
784  54  ILE  HG12  -3.729  15.096  -3.351  1.4
785  54  ILE  HG13  -3.372  14.125  -4.548  0.56
786  54  ILE  HG21  -6.744  16.183  -4.605  1.97
787  54  ILE  HG22  -6.782  15.393  -3.233  1.78
788  54  ILE  HG23  -5.62  16.433  -3.519  1.78
789  54  ILE  HD11  -3.076  16.889  -4.402  119.05
790  54  ILE  HD12  -2.448  15.779  -5.621  58.22
791  54  ILE  HD13  -4.079  16.43  -5.779  178.25
792  55  PHE  N  -7.889  13.276  -2.77  128.35
793  55  PHE  CA  -9.339  13.189  -2.636  56.87
794  55  PHE  C  -9.933  14.546  -2.27  174.52
795  55  PHE  O  -9.564  15.147  -1.26  115.14
796  55  PHE  CB  -9.713  12.152  -1.575  39.77
797  55  PHE  CG  -11.17  11.785  -1.584  174.24
798  55  PHE  CD1  -12.08  12.49  -0.814  131.52
799  55  PHE  CD2  -11.628  10.734  -2.363  131.52
800  55  PHE  CE1  -13.42  12.153  -0.819  131.52
801  55  PHE  CE2  -12.967  10.393  -2.373  131.52
802  55  PHE  CZ  -13.865  11.104  -1.601  130.4
803  55  PHE  H  -7.409  13.39  -2.066  8.7
804  55  PHE  HA  -9.7  12.91  -3.492  4.57
805  55  PHE  HB2  -9.201  11.343  -1.729  2.52
806  55  PHE  HB3  -9.498  12.505  -0.698  2.71
807  55  PHE  HD1  -11.782  13.197  -0.288  7
808  55  PHE  HD2  -11.024  10.255  -2.883  7
809  55  PHE  HE1  -14.023  12.634  -0.299  7.34
810  55  PHE  HE2  -13.263  9.687  -2.9  7.34
811  55  PHE  HZ  -14.767  10.876  -1.605  7.34
812  56  THR  N  -10.857  15.024  -3.098  118.37
813  56  THR  CA  -11.502  16.31  -2.863  60.87
814  56  THR  C  -13.018  16.162  -2.806  174.72
815  56  THR  O  -13.665  16.655  -1.883  7.15
816  56  THR  CB  -11.138  17.329  -3.96  69.26
817  56  THR  OG1  -11.597  16.863  -5.234  2.02
818  56  THR  CG2  -9.635  17.558  -4.009  21.38
819  56  THR  H  -11.078  14.563  -3.79  8.07
820  56  THR  HA  -11.187  16.652  -2.012  4.18
821  56  THR  HB  -11.573  18.171  -3.755  4.29
822  56  THR  HG1  -11.607  17.502  -5.779  1.66
823  56  THR  HG21  -9.19  16.729  -4.244  2.91
824  56  THR  HG22  -9.325  17.856  -3.14  31.31
825  56  THR  HG23  -9.433  18.234  -4.674  115.19
826  57  GLY  N  -13.58  15.478  -3.798  107.63
827  57  GLY  CA  -15.016  15.277  -3.84  45.11
828  57  GLY  C  -15.539  15.123  -5.255  174.08
829  57  GLY  O  -16.576  15.687  -5.604  55.3
830  57  GLY  H  -13.083  15.152  -4.42  6.07
831  57  GLY  HA2  -15.236  14.478  -3.336  4.05
832  57  GLY  HA3  -15.452  16.039  -3.427  3.32
833  58  GLN  N  -14.819  14.361  -6.071  27.82
834  58  GLN  CA  -15.215  14.138  -7.456  56.87
835  58  GLN  C  -16.703  13.814  -7.551  176.22
836  58  GLN  O  -17.298  13.304  -6.603  2.13
837  58  GLN  CB  -14.394  13.002  -8.068  28.9
838  58  GLN  CG  -14.481  12.935  -9.584  33.54
839  58  GLN  CD  -13.694  14.039  -10.262  6.72
840  58  GLN  OE1  -14.021  15.219  -10.135  4.16
841  58  GLN  NE2  -12.648  13.66  -10.989  112.35
842  58  GLN  H  -14.101  13.991  -5.775  7.34
843  58  GLN  HA  -15.041  14.954  -7.95  4.17
844  58  GLN  HB2  -13.463  13.121  -7.821  2.09
845  58  GLN  HB3  -14.711  12.159  -7.708  1.96
846  58  GLN  HG2  -14.132  12.08  -9.88  2.39
847  58  GLN  HG3  -15.412  13.011  -9.846  2.35
848  58  GLN  HE21  -12.473  12.82  -11.039  6.83
849  58  GLN  HE22  -12.186  14.268  -11.384  7.54
850  59  ALA  N  -17.296  14.114  -8.702  123.59
851  59  ALA  CA  -18.713  13.853  -8.921  52.87
852  59  ALA  C  -19.155  12.581  -8.205  177.53
853  59  ALA  O  -20.173  12.568  -7.514  53.82
854  59  ALA  CB  -19.007  13.752  -10.41  19.35
855  59  ALA  H  -16.833  14.47  -9.333  8.31
856  59  ALA  HA  -19.215  14.603  -8.566  4.29
857  59  ALA  HB1  -19.946  13.546  -10.54  2.92
858  59  ALA  HB2  -18.798  14.596  -10.839  8.23
859  59  ALA  HB3  -18.465  13.048  -10.799  4.83
860  60  ASN  N  -18.382  11.513  -8.375  116.37
861  60  ASN  CA  -18.695  10.236  -7.746  52.75
862  60  ASN  C  -17.448  9.363  -7.636  175.23
863  60  ASN  O  -16.701  9.205  -8.602  65.91
864  60  ASN  CB  -19.776  9.502  -8.542  38.71
865  60  ASN  CG  -20.337  8.309  -7.793  2.63
866  60  ASN  OD1  -20.121  7.161  -8.181  37.13
867  60  ASN  ND2  -21.061  8.576  -6.712  33.03
868  60  ASN  H  -17.681  11.577  -8.869  8.13
869  60  ASN  HA  -19.029  10.417  -6.854  4.72
870  60  ASN  HB2  -20.504  10.115  -8.73  2.82
871  60  ASN  HB3  -19.398  9.189  -9.379  2.77
872  60  ASN  HD21  -21.175  9.4  -6.494  2.06
873  60  ASN  HD22  -21.389  7.916  -6.269  2
874  61  PHE  N  -17.229  8.798  -6.453  121.19
875  61  PHE  CA  -16.073  7.942  -6.217  60.14
876  61  PHE  C  -15.841  7.003  -7.397  175.85
877  61  PHE  O  -14.701  6.745  -7.784  2.83
878  61  PHE  CB  -16.266  7.13  -4.935  39.19
879  61  PHE  CG  -15.163  6.144  -4.677  177.14
880  61  PHE  CD1  -13.991  6.544  -4.055  131.74
881  61  PHE  CD2  -15.297  4.819  -5.057  131.74
882  61  PHE  CE1  -12.973  5.639  -3.817  131.12
883  61  PHE  CE2  -14.283  3.909  -4.821  131.12
884  61  PHE  CZ  -13.12  4.32  -4.2  129.61
885  61  PHE  H  -17.784  8.942  -5.812  8.27
886  61  PHE  HA  -15.296  8.513  -6.115  4.37
887  61  PHE  HB2  -16.307  7.736  -4.178  3.2
888  61  PHE  HB3  -17.099  6.637  -4.995  3.13
889  61  PHE  HD1  -13.891  7.432  -3.796  7.24
890  61  PHE  HD2  -16.08  4.541  -5.475  7.24
891  61  PHE  HE1  -12.191  5.918  -3.398  7.28
892  61  PHE  HE2  -14.385  3.022  -5.08  7.28
893  61  PHE  HZ  -12.436  3.71  -4.041  7.12
894  62  ILE  N  -16.93  6.496  -7.965  120.14
895  62  ILE  CA  -16.846  5.586  -9.101  62.8
896  62  ILE  C  -16.125  6.239  -10.275  177.14
897  62  ILE  O  -15.137  5.709  -10.783  16.54
898  62  ILE  CB  -18.243  5.129  -9.56  37.74
899  62  ILE  CG1  -18.999  4.483  -8.398  28.09
900  62  ILE  CG2  -18.125  4.16  -10.727  17.42
901  62  ILE  CD  -18.45  3.132  -7.996  1.67
902  62  ILE  H  -17.703  6.709  -7.655  8.1
903  62  ILE  HA  -16.345  4.804  -8.821  3.84
904  62  ILE  HB  -18.733  5.909  -9.864  1.89
905  62  ILE  HG12  -18.952  5.065  -7.624  1.54
906  62  ILE  HG13  -19.928  4.364  -8.652  1.27
907  62  ILE  HG21  -19.008  3.841  -10.972  117.19
908  62  ILE  HG22  -17.724  4.614  -11.485  22.41
909  62  ILE  HG23  -17.57  3.408  -10.469  8.22
910  62  ILE  HD11  -19.038  2.73  -7.184  3.94
911  62  ILE  HD12  -18.493  2.459  -8.84  62.28
912  62  ILE  HD13  -17.424  3.242  -7.676  173.33
913  63  SER  N  -16.626  7.395  -10.702  116.6
914  63  SER  CA  -16.031  8.12  -11.818  59.6
915  63  SER  C  -14.509  8.12  -11.717  175.97
916  63  SER  O  -13.817  7.582  -12.583  51.55
917  63  SER  CB  -16.551  9.558  -11.854  63.19
918  63  SER  OG  -17.966  9.587  -11.926  2.19
919  63  SER  H  -17.319  7.721  -10.311  7.93
920  63  SER  HA  -16.29  7.67  -12.637  4.32
921  63  SER  HB2  -16.269  10.022  -11.05  3.87
922  63  SER  HB3  -16.189  10.01  -12.632  3.71
923  63  SER  HG  -18.205  9.636  -12.73  4.18
924  64  LEU  N  -13.993  8.727  -10.654  123.43
925  64  LEU  CA  -12.552  8.797  -10.437  56.71
926  64  LEU  C  -11.932  7.404  -10.437  178.73
927  64  LEU  O  -11.137  7.067  -11.314  1.68
928  64  LEU  CB  -12.249  9.503  -9.114  42.27
929  64  LEU  CG  -10.863  9.251  -8.521  26.72
930  64  LEU  CD1  -9.823  10.128  -9.203  24.44
931  64  LEU  CD2  -10.871  9.5  -7.02  24.1
932  64  LEU  H  -14.521  9.087  -10.078  7.97
933  64  LEU  HA  -12.167  9.311  -11.164  4.13
934  64  LEU  HB2  -12.342  10.458  -9.259  1.5
935  64  LEU  HB3  -12.909  9.211  -8.465  1.44
936  64  LEU  HG  -10.617  8.325  -8.671  1.48
937  64  LEU  HD11  -9.141  10.38  -8.561  176.39
938  64  LEU  HD12  -10.251  10.926  -9.55  1.91
939  64  LEU  HD13  -9.415  9.637  -9.933  32.23
940  64  LEU  HD21  -11.72  9.892  -6.763  24.71
941  64  LEU  HD22  -10.151  10.108  -6.789  29.4
942  64  LEU  HD23  -10.748  8.659  -6.552  42.25
943  65  TYR  N  -12.303  6.597  -9.449  119.68
944  65  TYR  CA  -11.784  5.24  -9.334  59.37
945  65  TYR  C  -11.8  4.534  -10.686  176.15
946  65  TYR  O  -10.999  3.636  -10.94  2.02
947  65  TYR  CB  -12.604  4.441  -8.32  37.8
948  65  TYR  CG  -11.889  3.218  -7.791  9.47
949  65  TYR  CD1  -10.56  3.284  -7.393  132.72
950  65  TYR  CD2  -12.544  1.997  -7.69  132.72
951  65  TYR  CE1  -9.903  2.168  -6.911  118.01
952  65  TYR  CE2  -11.895  0.876  -7.207  118.01
953  65  TYR  CZ  -10.575  0.967  -6.82  121.81
954  65  TYR  OH  -9.924  -0.146  -6.338  54.8
955  65  TYR  H  -12.862  6.883  -8.862  8.31
956  65  TYR  HA  -10.867  5.297  -9.022  4.24
957  65  TYR  HB2  -12.816  5.011  -7.564  2.9
958  65  TYR  HB3  -13.428  4.147  -8.739  2.63
959  65  TYR  HD1  -10.11  4.095  -7.456  6.87
960  65  TYR  HD2  -13.434  1.938  -7.952  6.87
961  65  TYR  HE1  -9.013  2.229  -6.649  6.65
962  65  TYR  HE2  -12.348  0.066  -7.146  6.65
963  65  TYR  HH  -9.391  -0.432  -6.921  5.56
964  66  ASN  N  -12.72  4.949  -11.552  116.89
965  66  ASN  CA  -12.842  4.357  -12.879  53.58
966  66  ASN  C  -11.555  4.54  -13.677  175.3
967  66  ASN  O  -10.964  3.57  -14.152  1.55
968  66  ASN  CB  -14.016  4.985  -13.634  38.82
969  66  ASN  CG  -14.652  4.022  -14.618  1.27
970  66  ASN  OD1  -14.079  3.719  -15.665  2.69
971  66  ASN  ND2  -15.842  3.537  -14.286  112.52
972  66  ASN  H  -13.256  5.581  -11.323  7.82
973  66  ASN  HA  -13.01  3.408  -12.768  4.62
974  66  ASN  HB2  -14.693  5.261  -12.996  2.86
975  66  ASN  HB3  -13.701  5.761  -14.123  2.76
976  66  ASN  HD21  -16.189  3.788  -13.54  6.9
977  66  ASN  HD22  -16.223  2.988  -14.828  7.56
978  67  SER  N  -11.125  5.79  -13.819  115.95
979  67  SER  CA  -9.91  6.1  -14.562  57.27
980  67  SER  C  -8.675  5.922  -13.683  175.15
981  67  SER  O  -7.832  6.814  -13.588  21.28
982  67  SER  CB  -9.965  7.533  -15.097  63.35
983  67  SER  OG  -10.75  7.606  -16.275  4.29
984  67  SER  H  -11.577  6.431  -13.466  7.83
985  67  SER  HA  -9.853  5.486  -15.31  4.61
986  67  SER  HB2  -10.356  8.112  -14.424  3.97
987  67  SER  HB3  -9.066  7.835  -15.301  3.97
988  67  SER  HG  -10.667  8.368  -16.62  33.39
989  68  VAL  N  -8.577  4.762  -13.041  121.97
990  68  VAL  CA  -7.446  4.465  -12.17  63.73
991  68  VAL  C  -6.124  4.794  -12.853  176.67
992  68  VAL  O  -5.185  5.271  -12.215  52.21
993  68  VAL  CB  -7.438  2.983  -11.747  31.88
994  68  VAL  CG1  -6.829  2.119  -12.841  20.38
995  68  VAL  CG2  -6.685  2.808  -10.436  20.55
996  68  VAL  H  -9.195  4.173  -13.142  7.89
997  68  VAL  HA  -7.531  5.008  -11.371  3.69
998  68  VAL  HB  -8.356  2.699  -11.611  1.93
999  68  VAL  HG11  -7.341  2.224  -13.658  8.79
1000  68  VAL  HG12  -5.911  2.392  -12.995  3.19
1001  68  VAL  HG13  -6.849  1.189  -12.565  2.81
1002  68  VAL  HG21  -6.473  1.87  -10.309  2.32
1003  68  VAL  HG22  -5.864  3.324  -10.463  130.97
1004  68  VAL  HG23  -7.238  3.117  -9.701  53.31
1005  69  ASP  N  -6.057  4.537  -14.155  120.49
1006  69  ASP  CA  -4.85  4.807  -14.927  55.44
1007  69  ASP  C  -4.19  6.103  -14.467  176.72
1008  69  ASP  O  -2.965  6.228  -14.487  8.86
1009  69  ASP  CB  -5.181  4.891  -16.418  40.69
1010  69  ASP  CG  -3.974  4.618  -17.295  63.63
1011  69  ASP  OD1  -3.702  3.432  -17.576  177.13
1012  69  ASP  OD2  -3.302  5.59  -17.699  23.08
1013  69  ASP  H  -6.743  4.203  -14.552  8.28
1014  69  ASP  HA  -4.233  4.073  -14.781  4.55
1015  69  ASP  HB2  -5.866  4.237  -16.628  2.67
1016  69  ASP  HB3  -5.513  5.78  -16.62  2.59
1017  70  SER  N  -5.009  7.064  -14.053  113.97
1018  70  SER  CA  -4.504  8.353  -13.593  58.8
1019  70  SER  C  -3.796  8.21  -12.249  174.35
1020  70  SER  O  -2.734  8.792  -12.03  8.49
1021  70  SER  CB  -5.65  9.36  -13.474  63.61
1022  70  SER  OG  -5.157  10.686  -13.391  4.33
1023  70  SER  H  -5.857  6.924  -14.06  8.13
1024  70  SER  HA  -3.867  8.676  -14.249  4.5
1025  70  SER  HB2  -6.224  9.288  -14.253  3.89
1026  70  SER  HB3  -6.164  9.167  -12.674  3.81
1027  70  SER  HG  -4.408  10.731  -13.769  121.81
1028  71  TRP  N  -4.393  7.431  -11.353  56.85
1029  71  TRP  CA  -3.82  7.211  -10.03  57.06
1030  71  TRP  C  -2.306  7.047  -10.113  175.63
1031  71  TRP  O  -1.779  6.57  -11.117  32.5
1032  71  TRP  CB  -4.445  5.976  -9.38  29.26
1033  71  TRP  CG  -5.819  6.222  -8.835  1.61
1034  71  TRP  CD1  -6.908  6.666  -9.528  127.6
1035  71  TRP  CD2  -6.249  6.04  -7.481  1.12
1036  71  TRP  NE1  -7.99  6.772  -8.687  129.75
1037  71  TRP  CE2  -7.612  6.392  -7.427  4.46
1038  71  TRP  CE3  -5.617  5.612  -6.311  120.11
1039  71  TRP  CZ2  -8.35  6.33  -6.248  113.79
1040  71  TRP  CZ3  -6.35  5.551  -5.142  121.23
1041  71  TRP  CH2  -7.705  5.907  -5.117  123.87
1042  71  TRP  H  -5.135  7.048  -11.558  8.04
1043  71  TRP  HA  -4.021  7.989  -9.487  4.43
1044  71  TRP  HB2  -4.507  5.267  -10.039  2.97
1045  71  TRP  HB3  -3.879  5.683  -8.648  2.97
1046  71  TRP  HD1  -6.905  6.867  -10.436  7.33
1047  71  TRP  HE1  -8.777  7.032  -8.917  9.88
1048  71  TRP  HE3  -4.719  5.372  -6.311  7.21
1049  71  TRP  HZ2  -9.25  6.563  -6.217  7.08
1050  71  TRP  HZ3  -5.944  5.268  -4.355  6.83
1051  71  TRP  HH2  -8.165  5.853  -4.311  6.89
1052  72  MET  N  -1.613  7.444  -9.05  123.13
1053  72  MET  CA  -0.16  7.338  -9.004  54.45
1054  72  MET  C  0.27  5.969  -8.488  175.01
1055  72  MET  O  -0.397  5.379  -7.637  2.68
1056  72  MET  CB  0.424  8.437  -8.114  31.79
1057  72  MET  CG  0.739  9.722  -8.863  32.73
1058  72  MET  SD  -0.68  10.829  -8.97  7.64
1059  72  MET  CE  -0.904  11.26  -7.245  17.21
1060  72  MET  H  -2.032  7.77  -8.373  8.86
1061  72  MET  HA  0.176  7.452  -9.907  4.51
1062  72  MET  HB2  -0.212  8.643  -7.411  1.29
1063  72  MET  HB3  1.245  8.112  -7.712  0.77
1064  72  MET  HG2  1.458  10.183  -8.403  2.46
1065  72  MET  HG3  1.026  9.496  -9.762  2.32
1066  72  MET  HE1  -0.641  12.183  -7.106  7.51
1067  72  MET  HE2  -1.837  11.149  -7.003  3.93
1068  72  MET  HE3  -0.356  10.68  -6.694  4.2
1069  73  ILE  N  1.386  5.469  -9.007  120.82
1070  73  ILE  CA  1.903  4.169  -8.598  59.68
1071  73  ILE  C  3.411  4.223  -8.376  176.37
1072  73  ILE  O  4.14  4.853  -9.141  25.12
1073  73  ILE  CB  1.588  3.083  -9.643  40.66
1074  73  ILE  CG1  0.075  2.944  -9.826  27.45
1075  73  ILE  CG2  2.201  1.754  -9.228  17.48
1076  73  ILE  CD  -0.492  3.86  -10.887  1.89
1077  73  ILE  H  1.814  5.924  -9.599  8.16
1078  73  ILE  HA  1.472  3.925  -7.764  5.01
1079  73  ILE  HB  1.986  3.349  -10.487  1.7
1080  73  ILE  HG12  -0.132  2.031  -10.079  1.41
1081  73  ILE  HG13  -0.365  3.151  -8.987  1.01
1082  73  ILE  HG21  3.152  1.87  -9.077  4.42
1083  73  ILE  HG22  1.781  1.446  -8.41  2.6
1084  73  ILE  HG23  2.063  1.099  -9.93  2.6
1085  73  ILE  HD11  -0.408  4.886  -10.56  120.62
1086  73  ILE  HD12  0.056  3.728  -11.808  57.55
1087  73  ILE  HD13  -1.533  3.62  -11.05  177.57
1088  74  VAL  N  3.873  3.555  -7.323  129.78
1089  74  VAL  CA  5.294  3.524  -7.001  59.17
1090  74  VAL  C  5.764  2.1  -6.726  173.53
1091  74  VAL  O  5.743  1.62  -5.593  24.58
1092  74  VAL  CB  5.612  4.403  -5.776  33.3
1093  74  VAL  CG1  7.064  4.23  -5.357  20.24
1094  74  VAL  CG2  5.305  5.863  -6.075  19.66
1095  74  VAL  H  3.319  3.131  -6.82  9.48
1096  74  VAL  HA  5.782  3.875  -7.762  4.58
1097  74  VAL  HB  5.048  4.117  -5.041  2.01
1098  74  VAL  HG11  7.52  5.084  -5.415  42.09
1099  74  VAL  HG12  7.1  3.904  -4.444  4.21
1100  74  VAL  HG13  7.496  3.592  -5.946  119.24
1101  74  VAL  HG21  4.347  5.976  -6.178  60.42
1102  74  VAL  HG22  5.618  6.416  -5.342  173.8
1103  74  VAL  HG23  5.753  6.127  -6.894  1.82
1104  75  PRO  N  6.201  1.406  -7.788  119.37
1105  75  PRO  CA  6.686  0.026  -7.687  61.68
1106  75  PRO  C  8.02  -0.067  -6.955  175.75
1107  75  PRO  O  8.454  0.889  -6.313  1.6
1108  75  PRO  CB  6.847  -0.401  -9.148  33.54
1109  75  PRO  CG  7.059  0.871  -9.894  25.72
1110  75  PRO  CD  6.254  1.915  -9.169  50.26
1111  75  PRO  HA  6.037  -0.548  -7.25  4.83
1112  75  PRO  HB2  7.611  -0.993  -9.231  1.97
1113  75  PRO  HB3  6.044  -0.856  -9.445  2.12
1114  75  PRO  HG2  8  1.106  -9.886  2.04
1115  75  PRO  HG3  6.741  0.776  -10.805  1.91
1116  75  PRO  HD2  6.703  2.774  -9.204  3.83
1117  75  PRO  HD3  5.364  1.981  -9.548  3.68
1118  76  ASN  N  8.666  -1.224  -7.056  113.36
1119  76  ASN  CA  9.952  -1.441  -6.403  54.03
1120  76  ASN  C  9.831  -1.264  -4.892  173.96
1121  76  ASN  O  10.712  -0.687  -4.253  42.02
1122  76  ASN  CB  11  -0.475  -6.959  37.45
1123  76  ASN  CG  11.36  -0.78  -8.4  7.98
1124  76  ASN  OD1  12.163  -1.671  -8.676  4.1
1125  76  ASN  ND2  10.765  -0.038  -9.328  113.02
1126  76  ASN  H  8.318  -1.86  -7.518  8.84
1127  76  ASN  HA  10.231  -2.351  -6.59  4.25
1128  76  ASN  HB2  10.653  0.43  -6.915  3.13
1129  76  ASN  HB3  11.805  -0.535  -6.422  2.69
1130  76  ASN  HD21  10.214  0.569  -9.07  6.92
1131  76  ASN  HD22  10.953  -0.192  -10.153  7.67
1132  77  ILE  N  8.736  -1.763  -4.329  120.81
1133  77  ILE  CA  8.502  -1.661  -2.894  62.76
1134  77  ILE  C  8.744  -2.998  -2.201  177.18
1135  77  ILE  O  7.953  -3.932  -2.334  20.35
1136  77  ILE  CB  7.067  -1.191  -2.59  39.2
1137  77  ILE  CG1  6.724  0.045  -3.424  27.38
1138  77  ILE  CG2  6.91  -0.895  -1.106  18.29
1139  77  ILE  CD  5.312  0.543  -3.215  28.83
1140  77  ILE  H  8.152  -2.156  -4.823  8.89
1141  77  ILE  HA  9.121  -1.005  -2.536  4.1
1142  77  ILE  HB  6.457  -1.909  -2.821  1.89
1143  77  ILE  HG12  7.331  0.765  -3.191  1.49
1144  77  ILE  HG13  6.829  -0.169  -4.364  0.63
1145  77  ILE  HG21  7.356  -1.584  -0.59  68.67
1146  77  ILE  HG22  7.306  -0.033  -0.905  2.09
1147  77  ILE  HG23  5.968  -0.879  -0.877  7.78
1148  77  ILE  HD11  5.323  1.615  -3.083  3.69
1149  77  ILE  HD12  4.709  0.292  -4.075  1.6
1150  77  ILE  HD13  4.893  0.077  -2.334  1.38
1151  78  LYS  N  9.843  -3.083  -1.459  128.12
1152  78  LYS  CA  10.19  -4.303  -0.741  55.11
1153  78  LYS  C  10.195  -4.066  0.765  176.21
1154  78  LYS  O  11.017  -4.628  1.488  2.6
1155  78  LYS  CB  11.561  -4.812  -1.192  32.23
1156  78  LYS  CG  11.67  -5.02  -2.693  24.73
1157  78  LYS  CD  10.898  -6.249  -3.143  28.62
1158  78  LYS  CE  10.993  -6.446  -4.648  42.22
1159  78  LYS  NZ  10.232  -5.405  -5.393  64.64
1160  78  LYS  H  10.362  -2.4  -1.4  8.95
1161  78  LYS  HA  9.52  -4.973  -0.95  4.94
1162  78  LYS  HB2  12.236  -4.17  -0.923  2.14
1163  78  LYS  HB3  11.74  -5.659  -0.754  1.72
1164  78  LYS  HG2  11.31  -4.241  -3.146  1.5
1165  78  LYS  HG3  12.604  -5.13  -2.929  1.5
1166  78  LYS  HD2  11.265  -7.031  -2.701  1.74
1167  78  LYS  HD3  9.966  -6.145  -2.896  1.74
1168  78  LYS  HE2  11.926  -6.404  -4.91  3.04
1169  78  LYS  HE3  10.634  -7.319  -4.871  3.04
1170  78  LYS  HZ1  10.696  -4.646  -5.415  130.07
1171  78  LYS  HZ2  9.451  -5.253  -4.994  6.85
1172  78  LYS  HZ3  10.08  -5.674  -6.228  4.62
1173  79  GLN  N  9.27  -3.232  1.231  116.72
1174  79  GLN  CA  9.168  -2.922  2.652  54.39
1175  79  GLN  C  7.717  -2.976  3.119  172.53
1176  79  GLN  O  6.811  -3.238  2.329  7.35
1177  79  GLN  CB  9.757  -1.54  2.938  30.61
1178  79  GLN  CG  8.98  -0.403  2.294  33.08
1179  79  GLN  CD  9.356  -0.188  0.842  7.54
1180  79  GLN  OE1  9.843  -1.1  0.173  118.57
1181  79  GLN  NE2  9.132  1.023  0.345  112.32
1182  79  GLN  H  8.719  -2.866  0.681  7.35
1183  79  GLN  HA  9.677  -3.588  3.14  4.66
1184  79  GLN  HB2  9.768  -1.396  3.897  2.12
1185  79  GLN  HB3  10.667  -1.513  2.604  1.76
1186  79  GLN  HG2  8.033  -0.606  2.342  2.26
1187  79  GLN  HG3  9.16  0.414  2.785  2.26
1188  79  GLN  HE21  8.791  1.618  0.864  6.84
1189  79  GLN  HE22  9.338  1.17  -0.477  7.45
1190  80  ASN  N  7.505  -2.727  4.407  114.87
1191  80  ASN  CA  6.164  -2.748  4.979  51.65
1192  80  ASN  C  5.662  -1.331  5.242  171.88
1193  80  ASN  O  4.669  -1.133  5.942  63.75
1194  80  ASN  CB  6.154  -3.555  6.279  36.58
1195  80  ASN  CG  6.487  -5.017  6.055  10.42
1196  80  ASN  OD1  7.445  -5.346  5.355  30.92
1197  80  ASN  ND2  5.696  -5.902  6.65  110.86
1198  80  ASN  H  8.175  -2.549  4.916  7.77
1199  80  ASN  HA  5.574  -3.175  4.338  3.66
1200  80  ASN  HB2  6.809  -3.181  6.89  2.61
1201  80  ASN  HB3  5.273  -3.498  6.681  2.61
1202  80  ASN  HD21  5.043  -5.608  7.126  7.21
1203  80  ASN  HD22  5.866  -6.737  6.538  6.83
1204  81  HSE  N  6.356  -0.349  4.675  110.64
1205  81  HSE  CA  5.98  1.05  4.847  53.87
1206  81  HSE  C  6.74  1.941  3.869  173.61
1207  81  HSE  O  7.969  2.01  3.904  16.89
1208  81  HSE  CB  6.253  1.5  6.283  30.99
1209  81  HSE  CG  7.525  0.951  6.851  57.45
1210  81  HSE  ND1  7.556  -0.057  7.792  172.8
1211  81  HSE  CD2  8.816  1.274  6.606  121.12
1212  81  HSE  CE1  8.811  -0.329  8.102  137.62
1213  81  HSE  NE2  9.596  0.464  7.395  3.96
1214  81  HSE  H  7.138  -0.57  4.128  6.14
1215  81  HSE  HA  4.923  1.136  4.647  4.28
1216  81  HSE  HB2  6.316  2.578  6.309  2.27
1217  81  HSE  HB3  5.439  1.176  6.916  1.67
1218  81  HSE  HD1  6.774  -0.505  8.177  129.92
1219  81  HSE  HD2  9.169  2.028  5.917  6.54
1220  81  HSE  HE1  9.14  -1.074  8.811  7.75
1221  81  HSE  HE2  10.568  0.53  7.494  171.14
1222  82  TYR  N  6.001  2.619  2.998  117.94
1223  82  TYR  CA  6.606  3.502  2.008  59.71
1224  82  TYR  C  6.188  4.951  2.244  173.16
1225  82  TYR  O  5  5.27  2.274  3.49
1226  82  TYR  CB  6.208  3.069  0.596  117.58
1227  82  TYR  CG  6.771  3.957  -0.491  53.79
1228  82  TYR  CD1  6.316  5.259  -0.656  133
1229  82  TYR  CD2  7.756  3.493  -1.354  133
1230  82  TYR  CE1  6.826  6.074  -1.648  118.7
1231  82  TYR  CE2  8.273  4.301  -2.347  118.7
1232  82  TYR  CZ  7.805  5.591  -2.491  133.13
1233  82  TYR  OH  8.317  6.398  -3.48  133.13
1234  82  TYR  H  5.145  2.534  3.016  8.47
1235  82  TYR  HA  7.57  3.436  2.098  4.21
1236  82  TYR  HB2  6.529  2.167  0.439  3.36
1237  82  TYR  HB3  5.241  3.082  0.521  2.64
1238  82  TYR  HD1  5.656  5.583  -0.086  6.96
1239  82  TYR  HD2  8.07  2.623  -1.255  6.96
1240  82  TYR  HE1  6.511  6.944  -1.744  6.87
1241  82  TYR  HE2  8.933  3.976  -2.916  6.87
1242  82  TYR  HH  8.903  6.904  -3.153  6.72
1243  83  THR  N  7.176  5.825  2.41  124.76
1244  83  THR  CA  6.914  7.239  2.644  61.95
1245  83  THR  C  6.697  7.982  1.33  171.57
1246  83  THR  O  7.62  8.131  0.529  177.55
1247  83  THR  CB  8.07  7.906  3.413  69.46
1248  83  THR  OG1  8.466  7.081  4.514  63.06
1249  83  THR  CG2  7.661  9.279  3.922  21.29
1250  83  THR  H  7.989  5.548  2.379  7.46
1251  83  THR  HA  6.11  7.31  3.182  4.75
1252  83  THR  HB  8.823  8.011  2.81  3.54
1253  83  THR  HG1  9.225  7.319  4.783  49.65
1254  83  THR  HG21  6.754  9.473  3.637  5.14
1255  83  THR  HG22  8.264  9.95  3.565  2.83
1256  83  THR  HG23  7.703  9.29  4.891  1.69
1257  84  VAL  N  5.471  8.449  1.116  127.08
1258  84  VAL  CA  5.133  9.179  -0.101  61.36
1259  84  VAL  C  5.533  10.646  0.01  174.36
1260  84  VAL  O  5.175  11.328  0.971  3.4
1261  84  VAL  CB  3.626  9.091  -0.408  32.44
1262  84  VAL  CG1  3.283  9.916  -1.639  22.56
1263  84  VAL  CG2  3.205  7.641  -0.594  21.71
1264  84  VAL  H  4.862  8.318  1.709  8.86
1265  84  VAL  HA  5.619  8.776  -0.837  4.14
1266  84  VAL  HB  3.139  9.455  0.348  1.87
1267  84  VAL  HG11  3.506  10.846  -1.477  20.98
1268  84  VAL  HG12  3.79  9.589  -2.399  8.91
1269  84  VAL  HG13  2.334  9.84  -1.825  4.75
1270  84  VAL  HG21  3.966  7.12  -0.895  4.11
1271  84  VAL  HG22  2.884  7.286  0.25  6.97
1272  84  VAL  HG23  2.497  7.592  -1.255  131.76
1273  85  HSE  N  6.277  11.127  -0.981  123
1274  85  HSE  CA  6.725  12.515  -0.995  54.81
1275  85  HSE  C  6.06  13.289  -2.129  175.39
1276  85  HSE  O  5.784  12.736  -3.193  54.8
1277  85  HSE  CB  8.246  12.581  -1.142  32.56
1278  85  HSE  CG  8.984  12.257  0.121  4.36
1279  85  HSE  ND1  9.796  13.162  0.771  2.81
1280  85  HSE  CD2  9.027  11.12  0.854  121
1281  85  HSE  CE1  10.308  12.595  1.849  137.52
1282  85  HSE  NE2  9.857  11.356  1.922  25.88
1283  85  HSE  H  6.531  10.535  -1.719  8.29
1284  85  HSE  HA  6.443  12.965  -0.055  4.97
1285  85  HSE  HB2  8.559  11.876  -1.898  3.13
1286  85  HSE  HB3  8.529  13.578  -1.446  2.96
1287  85  HSE  HD1  9.972  14.082  0.484  1.34
1288  85  HSE  HD2  8.506  10.198  0.64  6.97
1289  85  HSE  HE1  10.981  13.065  2.551  7.87
1290  85  HSE  HE2  10.148  10.688  2.577  39.42
1291  86  GLY  N  5.803  14.572  -1.893  107.97
1292  86  GLY  CA  5.171  15.4  -2.903  46.44
1293  86  GLY  C  3.682  15.565  -2.67  175.51
1294  86  GLY  O  2.882  15.428  -3.596  120.87
1295  86  GLY  H  6.015  14.912  -1.132  8.68
1296  86  GLY  HA2  5.588  16.276  -2.897  3.94
1297  86  GLY  HA3  5.308  14.993  -3.773  3.94
1298  87  LEU  N  3.308  15.857  -1.429  119.7
1299  87  LEU  CA  1.905  16.039  -1.075  53.5
1300  87  LEU  C  1.62  17.491  -0.704  176.24
1301  87  LEU  O  2.516  18.335  -0.73  42.16
1302  87  LEU  CB  1.528  15.12  0.088  41.66
1303  87  LEU  CG  1.833  13.634  -0.105  25.96
1304  87  LEU  CD1  1.798  12.904  1.229  25.45
1305  87  LEU  CD2  0.848  13.01  -1.083  19.92
1306  87  LEU  H  3.907  15.942  -0.818  8.13
1307  87  LEU  HA  1.37  15.804  -1.849  4.32
1308  87  LEU  HB2  2.01  15.422  0.874  1.38
1309  87  LEU  HB3  0.574  15.211  0.241  0.97
1310  87  LEU  HG  2.725  13.538  -0.475  1.03
1311  87  LEU  HD11  1.094  12.237  1.214  2.91
1312  87  LEU  HD12  1.625  13.54  1.941  2.59
1313  87  LEU  HD13  2.652  12.47  1.383  117.69
1314  87  LEU  HD21  0.456  13.706  -1.634  122.1
1315  87  LEU  HD22  0.148  12.556  -0.589  57.55
1316  87  LEU  HD23  1.312  12.372  -1.647  172.85
1317  88  GLN  N  0.369  17.773  -0.356  119.01
1318  88  GLN  CA  -0.033  19.123  0.023  54.85
1319  88  GLN  C  -0.491  19.166  1.477  176.67
1320  88  GLN  O  -1.18  18.261  1.948  40.72
1321  88  GLN  CB  -1.152  19.62  -0.893  30.64
1322  88  GLN  CG  -0.771  19.64  -2.364  34.16
1323  88  GLN  CD  -1.977  19.729  -3.278  3.63
1324  88  GLN  OE1  -2.866  20.556  -3.074  8.75
1325  88  GLN  NE2  -2.014  18.876  -4.295  112.68
1326  88  GLN  H  -0.218  17.145  -0.354  8.16
1327  88  GLN  HA  0.739  19.702  -0.079  4.49
1328  88  GLN  HB2  -1.924  19.042  -0.786  2.2
1329  88  GLN  HB3  -1.394  20.522  -0.63  2.04
1330  88  GLN  HG2  -0.202  20.408  -2.528  2.53
1331  88  GLN  HG3  -0.284  18.827  -2.571  2.53
1332  88  GLN  HE21  -1.362  18.322  -4.384  7.59
1333  88  GLN  HE22  -2.689  18.907  -4.827  6.92
1334  89  SER  N  -0.105  20.224  2.182  120.19
1335  89  SER  CA  -0.473  20.384  3.584  59.03
1336  89  SER  C  -1.988  20.46  3.743  176.8
1337  89  SER  O  -2.679  21.074  2.93  175.83
1338  89  SER  CB  0.176  21.643  4.164  64.41
1339  89  SER  OG  0.325  22.643  3.171  42.68
1340  89  SER  H  0.376  20.828  1.803  8.72
1341  89  SER  HA  -0.146  19.61  4.068  5.16
1342  89  SER  HB2  -0.38  21.992  4.878  4.24
1343  89  SER  HB3  1.052  21.419  4.516  4.17
1344  89  SER  HG  -0.423  22.987  3.005  130.79
1345  90  GLY  N  -2.499  19.831  4.797  116.2
1346  90  GLY  CA  -3.93  19.839  5.044  47.59
1347  90  GLY  C  -4.73  19.42  3.827  174.48
1348  90  GLY  O  -5.533  20.195  3.305  2.91
1349  90  GLY  H  -1.974  19.416  5.337  7.9
1350  90  GLY  HA2  -4.125  19.231  5.774  3.84
1351  90  GLY  HA3  -4.198  20.735  5.302  3.75
1352  91  THR  N  -4.512  18.19  3.372  116.24
1353  91  THR  CA  -5.217  17.67  2.207  63.3
1354  91  THR  C  -5.461  16.171  2.336  171.25
1355  91  THR  O  -4.622  15.439  2.859  118.13
1356  91  THR  CB  -4.434  17.942  0.908  71.95
1357  91  THR  OG1  -4.446  19.343  0.613  176.08
1358  91  THR  CG2  -5.032  17.167  -0.256  20.83
1359  91  THR  H  -3.94  17.69  3.775  8.29
1360  91  THR  HA  -6.072  18.124  2.147  4.41
1361  91  THR  HB  -3.517  17.653  1.035  3.83
1362  91  THR  HG1  -5.236  19.594  0.478  85.54
1363  91  THR  HG21  -5.054  16.222  -0.039  1.7
1364  91  THR  HG22  -4.49  17.305  -1.048  1.59
1365  91  THR  HG23  -5.935  17.48  -0.423  3.53
1366  92  ARG  N  -6.616  15.721  1.855  125.62
1367  92  ARG  CA  -6.97  14.308  1.917  55.62
1368  92  ARG  C  -6.166  13.501  0.902  174.08
1369  92  ARG  O  -5.837  13.993  -0.178  1.83
1370  92  ARG  CB  -8.467  14.124  1.66  31.95
1371  92  ARG  CG  -9.337  14.463  2.86  27.43
1372  92  ARG  CD  -10.633  13.669  2.85  43.89
1373  92  ARG  NE  -11.658  14.283  3.689  2.67
1374  92  ARG  CZ  -11.662  14.21  5.016  7.48
1375  92  ARG  NH1  -10.701  13.553  5.65  4.64
1376  92  ARG  NH2  -12.629  14.796  5.711  4.07
1377  92  ARG  H  -7.167  16.277  1.499  8.49
1378  92  ARG  HA  -6.761  13.987  2.808  4.87
1379  92  ARG  HB2  -8.731  14.696  0.923  2.06
1380  92  ARG  HB3  -8.631  13.199  1.417  1.75
1381  92  ARG  HG2  -8.849  14.255  3.672  1.61
1382  92  ARG  HG3  -9.545  15.41  2.839  1.81
1383  92  ARG  HD2  -10.962  13.62  1.939  3.21
1384  92  ARG  HD3  -10.453  12.774  3.177  3.09
1385  92  ARG  HE  -12.29  14.714  3.296  28.67
1386  92  ARG  HH11  -10.072  13.174  5.202  42.26
1387  92  ARG  HH12  -10.704  13.508  6.509  17.54
1388  92  ARG  HH21  -13.254  15.223  5.302  8.89
1389  92  ARG  HH22  -12.631  14.748  6.57  3.88
1390  93  TYR  N  -5.852  12.26  1.257  122.93
1391  93  TYR  CA  -5.084  11.385  0.379  57.51
1392  93  TYR  C  -5.461  9.923  0.6  174.05
1393  93  TYR  O  -5.247  9.373  1.681  1.58
1394  93  TYR  CB  -3.585  11.578  0.616  44.5
1395  93  TYR  CG  -2.974  12.671  -0.232  1.62
1396  93  TYR  CD1  -2.574  12.422  -1.539  3.01
1397  93  TYR  CD2  -2.797  13.953  0.274  3.01
1398  93  TYR  CE1  -2.014  13.418  -2.317  118.48
1399  93  TYR  CE2  -2.24  14.955  -0.497  118.48
1400  93  TYR  CZ  -1.85  14.682  -1.791  123.59
1401  93  TYR  OH  -1.294  15.677  -2.563  53.7
1402  93  TYR  H  -6.106  11.965  2.024  9.26
1403  93  TYR  HA  -5.29  11.626  -0.537  4.96
1404  93  TYR  HB2  -3.438  11.806  1.547  2.62
1405  93  TYR  HB3  -3.122  10.75  0.413  2.43
1406  93  TYR  HD1  -2.687  11.569  -1.891  6.85
1407  93  TYR  HD2  -3.061  14.134  1.147  6.85
1408  93  TYR  HE1  -1.751  13.234  -3.19  6.79
1409  93  TYR  HE2  -2.128  15.807  -0.142  6.79
1410  93  TYR  HH  -0.544  15.425  -2.846  5.1
1411  94  ILE  N  -6.021  9.301  -0.431  120.07
1412  94  ILE  CA  -6.427  7.903  -0.351  59.17
1413  94  ILE  C  -5.318  6.98  -0.845  173.2
1414  94  ILE  O  -4.825  7.128  -1.964  43.55
1415  94  ILE  CB  -7.703  7.639  -1.171  40.9
1416  94  ILE  CG1  -8.863  8.48  -0.635  28.39
1417  94  ILE  CG2  -8.055  6.16  -1.141  17.59
1418  94  ILE  CD  -10.169  8.239  -1.359  2.6
1419  94  ILE  H  -6.147  9.733  -1.164  8.88
1420  94  ILE  HA  -6.614  7.699  0.579  4.96
1421  94  ILE  HB  -7.53  7.89  -2.092  1.45
1422  94  ILE  HG12  -9.001  8.272  0.302  1.04
1423  94  ILE  HG13  -8.64  9.42  -0.724  1.43
1424  94  ILE  HG21  -7.296  5.653  -0.814  1.47
1425  94  ILE  HG22  -8.813  6.02  -0.553  3.25
1426  94  ILE  HG23  -8.281  5.863  -2.036  3.25
1427  94  ILE  HD11  -10.923  8.911  -0.975  28.72
1428  94  ILE  HD12  -10.033  8.415  -2.416  19.38
1429  94  ILE  HD13  -10.485  7.218  -1.202  42.68
1430  95  PHE  N  -4.931  6.026  -0.005  122.24
1431  95  PHE  CA  -3.881  5.078  -0.356  57.04
1432  95  PHE  C  -4.453  3.675  -0.536  175.18
1433  95  PHE  O  -5.385  3.279  0.165  61.96
1434  95  PHE  CB  -2.795  5.064  0.722  43.72
1435  95  PHE  CG  -2.061  6.368  0.85  30.08
1436  95  PHE  CD1  -2.637  7.44  1.512  131.9
1437  95  PHE  CD2  -0.795  6.521  0.308  131.9
1438  95  PHE  CE1  -1.964  8.641  1.633  131.22
1439  95  PHE  CE2  -0.117  7.72  0.426  131.22
1440  95  PHE  CZ  -0.703  8.782  1.088  127.54
1441  95  PHE  H  -5.309  5.967  0.765  8.88
1442  95  PHE  HA  -3.489  5.366  -1.195  5.65
1443  95  PHE  HB2  -3.203  4.865  1.579  2.89
1444  95  PHE  HB3  -2.146  4.375  0.509  2.76
1445  95  PHE  HD1  -3.486  7.346  1.879  7.16
1446  95  PHE  HD2  -0.399  5.807  -0.138  7.16
1447  95  PHE  HE1  -2.362  9.354  2.079  6.84
1448  95  PHE  HE2  0.732  7.813  0.058  6.84
1449  95  PHE  HZ  -0.248  9.589  1.168  6.4
1450  96  ILE  N  -3.89  2.929  -1.48  119.74
1451  96  ILE  CA  -4.343  1.57  -1.752  61.2
1452  96  ILE  C  -3.171  0.658  -2.098  174.24
1453  96  ILE  O  -2.585  0.764  -3.175  132.9
1454  96  ILE  CB  -5.363  1.537  -2.905  43.5
1455  96  ILE  CG1  -6.69  2.155  -2.46  28.61
1456  96  ILE  CG2  -5.572  0.109  -3.386  17.06
1457  96  ILE  CD  -7.517  2.699  -3.603  9.24
1458  96  ILE  H  -3.241  3.255  -1.941  9.28
1459  96  ILE  HA  -4.776  1.234  -0.952  3.9
1460  96  ILE  HB  -5.004  2.054  -3.643  1.43
1461  96  ILE  HG12  -7.218  1.481  -2.005  0.79
1462  96  ILE  HG13  -6.509  2.885  -1.848  1.59
1463  96  ILE  HG21  -6.213  0.104  -4.114  7.32
1464  96  ILE  HG22  -4.728  -0.255  -3.696  7.32
1465  96  ILE  HG23  -5.91  -0.433  -2.656  7.33
1466  96  ILE  HD11  -7.056  3.598  -3.986  121.78
1467  96  ILE  HD12  -7.576  1.961  -4.388  55.48
1468  96  ILE  HD13  -8.512  2.93  -3.25  175.35
1469  97  VAL  N  -2.834  -0.24  -1.177  126.28
1470  97  VAL  CA  -1.734  -1.173  -1.386  59.92
1471  97  VAL  C  -2.205  -2.422  -2.123  172.69
1472  97  VAL  O  -3.103  -3.127  -1.662  1.16
1473  97  VAL  CB  -1.091  -1.59  -0.05  33.85
1474  97  VAL  CG1  -0.051  -2.677  -0.274  19.21
1475  97  VAL  CG2  -0.474  -0.385  0.644  20.65
1476  97  VAL  H  -3.277  -0.272  -0.441  8.35
1477  97  VAL  HA  -1.06  -0.727  -1.922  4.47
1478  97  VAL  HB  -1.786  -1.949  0.524  1.03
1479  97  VAL  HG11  0.352  -2.919  0.575  58.19
1480  97  VAL  HG12  -0.476  -3.456  -0.665  174.21
1481  97  VAL  HG13  0.636  -2.348  -0.875  2.53
1482  97  VAL  HG21  0.443  -0.587  0.888  40.04
1483  97  VAL  HG22  -0.488  0.376  0.043  57.45
1484  97  VAL  HG23  -0.983  -0.176  1.443  133.98
1485  98  LYS  N  -1.592  -2.691  -3.271  130.62
1486  98  LYS  CA  -1.946  -3.856  -4.073  54.18
1487  98  LYS  C  -0.783  -4.84  -4.146  175.58
1488  98  LYS  O  0.227  -4.575  -4.797  29.62
1489  98  LYS  CB  -2.353  -3.425  -5.484  35.51
1490  98  LYS  CG  -2.357  -4.563  -6.49  24.05
1491  98  LYS  CD  -2.616  -4.06  -7.9  29.36
1492  98  LYS  CE  -1.324  -3.659  -8.595  41.13
1493  98  LYS  NZ  -1.556  -3.26  -10.01  2.46
1494  98  LYS  H  -0.97  -2.165  -3.547  9.25
1495  98  LYS  HA  -2.7  -4.294  -3.647  5.06
1496  98  LYS  HB2  -3.244  -3.044  -5.45  1.68
1497  98  LYS  HB3  -1.732  -2.748  -5.794  1.68
1498  98  LYS  HG2  -1.495  -5.007  -6.468  1.03
1499  98  LYS  HG3  -3.053  -5.194  -6.248  1.19
1500  98  LYS  HD2  -3.042  -4.764  -8.414  1.55
1501  98  LYS  HD3  -3.204  -3.289  -7.857  1.39
1502  98  LYS  HE2  -0.931  -2.912  -8.116  2.76
1503  98  LYS  HE3  -0.713  -4.412  -8.575  2.7
1504  98  LYS  HZ1  -1.108  -2.514  -10.195  102.47
1505  98  LYS  HZ2  -2.423  -3.115  -10.149  45.74
1506  98  LYS  HZ3  -1.281  -3.904  -10.559  113.45
1507  99  ALA  N  -0.933  -5.977  -3.474  128.68
1508  99  ALA  CA  0.104  -7.002  -3.466  50.97
1509  99  ALA  C  0.178  -7.718  -4.81  176.18
1510  99  ALA  O  -0.848  -8.035  -5.412  2.43
1511  99  ALA  CB  -0.15  -8.001  -2.347  21.86
1512  99  ALA  H  -1.66  -6.111  -3.034  8.87
1513  99  ALA  HA  0.954  -6.567  -3.295  4.73
1514  99  ALA  HB1  -0.992  -8.456  -2.506  43.8
1515  99  ALA  HB2  0.57  -8.65  -2.324  30.75
1516  99  ALA  HB3  -0.191  -7.532  -1.499  33.76
1517  100  ILE  N  1.397  -7.968  -5.275  121.81
1518  100  ILE  CA  1.604  -8.648  -6.548  61.28
1519  100  ILE  C  2.506  -9.866  -6.381  175.75
1520  100  ILE  O  3.55  -9.794  -5.735  8.08
1521  100  ILE  CB  2.225  -7.704  -7.595  62.07
1522  100  ILE  CG1  1.365  -6.448  -7.755  28.21
1523  100  ILE  CG2  2.378  -8.42  -8.929  17.96
1524  100  ILE  CD  2.138  -5.245  -8.249  33.71
1525  100  ILE  H  2.081  -7.725  -4.813  8.32
1526  100  ILE  HA  0.739  -8.94  -6.875  4.45
1527  100  ILE  HB  3.108  -7.447  -7.287  1.64
1528  100  ILE  HG12  0.654  -6.627  -8.39  1.24
1529  100  ILE  HG13  0.976  -6.22  -6.896  0.78
1530  100  ILE  HG21  3.039  -9.124  -8.843  1.98
1531  100  ILE  HG22  1.527  -8.806  -9.188  1.8
1532  100  ILE  HG23  2.666  -7.786  -9.605  3.33
1533  100  ILE  HD11  1.476  -4.395  -8.318  2.92
1534  100  ILE  HD12  2.94  -5.024  -7.561  117.1
1535  100  ILE  HD13  2.551  -5.459  -9.225  54.92
1536  101  ASN  N  2.095  -10.985  -6.97  124.05
1537  101  ASN  CA  2.866  -12.22  -6.887  51.9
1538  101  ASN  C  2.91  -12.925  -8.239  175.56
1539  101  ASN  O  2.396  -12.413  -9.234  27.88
1540  101  ASN  CB  2.265  -13.151  -5.833  39.9
1541  101  ASN  CG  0.838  -13.548  -6.158  132.09
1542  101  ASN  OD1  0.26  -13.079  -7.139  33.93
1543  101  ASN  ND2  0.262  -14.414  -5.333  108.78
1544  101  ASN  H  1.356  -10.981  -7.41  8.96
1545  101  ASN  HA  3.771  -11.988  -6.625  4.78
1546  101  ASN  HB2  2.801  -13.958  -5.779  3.2
1547  101  ASN  HB3  2.271  -12.704  -4.972  3.4
1548  101  ASN  HD21  0.719  -14.705  -4.665  7.44
1549  101  ASN  HD22  -0.547  -14.654  -5.497  7.34
1550  102  GLN  N  3.528  -14.101  -8.267  115.24
1551  102  GLN  CA  3.639  -14.876  -9.497  58.48
1552  102  GLN  C  2.262  -15.159  -10.089  176.24
1553  102  GLN  O  2.106  -15.252  -11.306  1.52
1554  102  GLN  CB  4.372  -16.192  -9.232  28.51
1555  102  GLN  CG  4.264  -17.19  -10.373  33.96
1556  102  GLN  CD  5.061  -16.772  -11.592  175.45
1557  102  GLN  OE1  6.085  -16.097  -11.477  67.42
1558  102  GLN  NE2  4.596  -17.171  -12.77  115.25
1559  102  GLN  H  3.87  -14.413  -7.542  8.59
1560  102  GLN  HA  4.151  -14.353  -10.134  3.99
1561  102  GLN  HB2  5.311  -16.002  -9.082  2.01
1562  102  GLN  HB3  4.002  -16.602  -8.434  2.01
1563  102  GLN  HG2  4.594  -18.05  -10.068  2.39
1564  102  GLN  HG3  3.331  -17.274  -10.625  2.65
1565  102  GLN  HE21  3.875  -17.639  -12.783  2.59
1566  102  GLN  HE22  5.031  -16.945  -13.477  119.88
1567  103  ALA  N  1.266  -15.295  -9.22  120.29
1568  103  ALA  CA  -0.098  -15.565  -9.656  52.17
1569  103  ALA  C  -0.738  -14.32  -10.261  177.67
1570  103  ALA  O  -0.925  -14.233  -11.474  2.13
1571  103  ALA  CB  -0.933  -16.077  -8.492  19.61
1572  103  ALA  H  1.43  -15.22  -8.379  8.08
1573  103  ALA  HA  -0.064  -16.26  -10.332  4.37
1574  103  ALA  HB1  -0.35  -16.293  -7.747  61.25
1575  103  ALA  HB2  -1.565  -15.393  -8.222  176.35
1576  103  ALA  HB3  -1.415  -16.873  -8.766  28.37
1577  104  GLY  N  -1.072  -13.357  -9.407  106.57
1578  104  GLY  CA  -1.688  -12.13  -9.877  45.46
1579  104  GLY  C  -1.485  -10.975  -8.916  169.68
1580  104  GLY  O  -0.388  -10.777  -8.396  41.78
1581  104  GLY  H  -0.92  -13.466  -8.568  7.76
1582  104  GLY  HA2  -1.303  -11.895  -10.736  4.36
1583  104  GLY  HA3  -2.64  -12.28  -9.988  3.88
1584  105  SER  N  -2.547  -10.21  -8.681  112.14
1585  105  SER  CA  -2.479  -9.065  -7.78  56.05
1586  105  SER  C  -3.781  -8.909  -7.001  173.41
1587  105  SER  O  -4.848  -9.311  -7.466  0.87
1588  105  SER  CB  -2.186  -7.786  -8.568  67.22
1589  105  SER  OG  -3.178  -7.556  -9.553  1.2
1590  105  SER  H  -3.291  -10.393  -9.071  8.29
1591  105  SER  HA  -1.756  -9.222  -7.153  5.62
1592  105  SER  HB2  -2.168  -7.031  -7.959  3.72
1593  105  SER  HB3  -1.324  -7.869  -9.005  3.57
1594  105  SER  HG  -3.136  -8.157  -10.138  41.93
1595  106  ARG  N  -3.686  -8.321  -5.813  117.56
1596  106  ARG  CA  -4.855  -8.112  -4.968  54.61
1597  106  ARG  C  -4.917  -6.671  -4.471  174.3
1598  106  ARG  O  -4.058  -6.23  -3.708  2.48
1599  106  ARG  CB  -4.828  -9.072  -3.777  35.54
1600  106  ARG  CG  -6.143  -9.137  -3.017  27.61
1601  106  ARG  CD  -7.321  -9.334  -3.958  42.63
1602  106  ARG  NE  -8.55  -9.656  -3.237  133.25
1603  106  ARG  CZ  -8.755  -10.811  -2.613  118.23
1604  106  ARG  NH1  -7.817  -11.748  -2.621  118.23
1605  106  ARG  NH2  -9.899  -11.029  -1.979  3.58
1606  106  ARG  H  -2.915  -8.059  -5.536  8.65
1607  106  ARG  HA  -5.645  -8.293  -5.502  4.49
1608  106  ARG  HB2  -4.62  -9.963  -4.098  1.58
1609  106  ARG  HB3  -4.135  -8.787  -3.161  1.51
1610  106  ARG  HG2  -6.112  -9.881  -2.395  1.62
1611  106  ARG  HG3  -6.265  -8.308  -2.528  1.47
1612  106  ARG  HD2  -7.457  -8.517  -4.463  3.46
1613  106  ARG  HD3  -7.114  -10.06  -4.568  3.31
1614  106  ARG  HE  -9.17  -9.06  -3.221  6.88
1615  106  ARG  HH11  -7.074  -11.609  -3.031  3.89
1616  106  ARG  HH12  -7.951  -12.495  -2.216  108.66
1617  106  ARG  HH21  -10.51  -10.423  -1.971  47.22
1618  106  ARG  HH22  -10.031  -11.776  -1.575  176.34
1619  107  ASN  N  -5.938  -5.942  -4.911  124.89
1620  107  ASN  CA  -6.111  -4.55  -4.512  52.3
1621  107  ASN  C  -6.817  -4.454  -3.163  176.24
1622  107  ASN  O  -7.942  -4.929  -3.005  3.79
1623  107  ASN  CB  -6.908  -3.789  -5.573  39.95
1624  107  ASN  CG  -6.027  -3.261  -6.689  65.76
1625  107  ASN  OD1  -5.51  -4.028  -7.502  177.72
1626  107  ASN  ND2  -5.853  -1.946  -6.734  109.36
1627  107  ASN  H  -6.511  -6.299  -5.444  8.71
1628  107  ASN  HA  -5.23  -4.151  -4.433  5.24
1629  107  ASN  HB2  -7.57  -4.383  -5.96  2.73
1630  107  ASN  HB3  -7.357  -3.038  -5.155  2.66
1631  107  ASN  HD21  -6.242  -1.464  -6.137  7.29
1632  107  ASN  HD22  -5.359  -1.623  -7.36  6.63
1633  108  SER  N  -6.15  -3.836  -2.194  116.7
1634  108  SER  CA  -6.712  -3.681  -0.857  58.15
1635  108  SER  C  -7.719  -2.535  -0.822  174.35
1636  108  SER  O  -7.837  -1.769  -1.777  4.12
1637  108  SER  CB  -5.599  -3.428  0.161  66.76
1638  108  SER  OG  -4.852  -2.271  -0.176  63.11
1639  108  SER  H  -5.366  -3.523  -2.359  9.03
1640  108  SER  HA  -7.168  -4.506  -0.628  4.58
1641  108  SER  HB2  -5.99  -3.302  1.04  3.75
1642  108  SER  HB3  -5.001  -4.191  0.179  4.49
1643  108  SER  HG  -5.374  -1.667  -0.437  67.23
1644  109  GLU  N  -8.443  -2.426  0.288  119.55
1645  109  GLU  CA  -9.441  -1.375  0.448  55.39
1646  109  GLU  C  -8.778  -0.004  0.535  176.69
1647  109  GLU  O  -7.641  0.137  0.987  21.02
1648  109  GLU  CB  -10.282  -1.627  1.701  28.91
1649  109  GLU  CG  -11.127  -2.888  1.624  36.09
1650  109  GLU  CD  -12.126  -2.991  2.76  3.44
1651  109  GLU  OE1  -11.76  -3.535  3.823  2.27
1652  109  GLU  OE2  -13.273  -2.53  2.586  64.05
1653  109  GLU  H  -8.32  -2.989  0.926  8.73
1654  109  GLU  HA  -10.021  -1.394  -0.329  4.58
1655  109  GLU  HB2  -9.69  -1.702  2.466  1.93
1656  109  GLU  HB3  -10.876  -0.872  1.836  2.18
1657  109  GLU  HG2  -11.612  -2.888  0.784  2.52
1658  109  GLU  HG3  -10.54  -3.659  1.656  2.44
1659  110  PRO  N  -9.503  1.033  0.091  57.77
1660  110  PRO  CA  -9.006  2.412  0.108  62.45
1661  110  PRO  C  -8.893  2.971  1.522  177.42
1662  110  PRO  O  -9.88  3.04  2.255  40.72
1663  110  PRO  CB  -10.065  3.18  -0.687  32.39
1664  110  PRO  CG  -11.309  2.374  -0.539  27.38
1665  110  PRO  CD  -10.865  0.939  -0.46  50.33
1666  110  PRO  HA  -8.148  2.487  -0.338  5.14
1667  110  PRO  HB2  -10.171  4.069  -0.313  1.99
1668  110  PRO  HB3  -9.793  3.246  -1.616  1.77
1669  110  PRO  HG2  -11.773  2.628  0.274  1.76
1670  110  PRO  HG3  -11.881  2.507  -1.311  2.04
1671  110  PRO  HD2  -11.446  0.437  0.133  3.77
1672  110  PRO  HD3  -10.853  0.539  -1.344  3.77
1673  111  THR  N  -7.682  3.368  1.902  119.4
1674  111  THR  CA  -7.44  3.92  3.228  62.46
1675  111  THR  C  -7.27  5.434  3.172  172.7
1676  111  THR  O  -6.266  5.937  2.668  133.71
1677  111  THR  CB  -6.188  3.298  3.875  72
1678  111  THR  OG1  -6.426  1.919  4.177  118.55
1679  111  THR  CG2  -5.809  4.043  5.147  21.02
1680  111  THR  H  -7.026  3.298  1.35  9.11
1681  111  THR  HA  -8.206  3.71  3.784  4.68
1682  111  THR  HB  -5.451  3.362  3.248  3.86
1683  111  THR  HG1  -5.977  1.698  4.851  4.27
1684  111  THR  HG21  -5.21  3.494  5.676  3.25
1685  111  THR  HG22  -6.61  4.235  5.659  3.13
1686  111  THR  HG23  -5.366  4.874  4.914  7.08
1687  112  ARG  N  -8.257  6.156  3.693  127.99
1688  112  ARG  CA  -8.216  7.613  3.7  54.94
1689  112  ARG  C  -7.216  8.123  4.734  175.21
1690  112  ARG  O  -7.183  7.647  5.87  2.48
1691  112  ARG  CB  -9.606  8.182  3.995  31.11
1692  112  ARG  CG  -10.64  7.841  2.935  26.82
1693  112  ARG  CD  -11.703  8.923  2.827  43.28
1694  112  ARG  NE  -12.822  8.684  3.735  110.6
1695  112  ARG  CZ  -13.748  7.754  3.532  28.51
1696  112  ARG  NH1  -13.689  6.978  2.458  32.3
1697  112  ARG  NH2  -14.735  7.597  4.405  4.19
1698  112  ARG  H  -8.937  5.753  4.032  8.78
1699  112  ARG  HA  -7.935  7.908  2.82  5.42
1700  112  ARG  HB2  -9.914  7.829  4.844  1.61
1701  112  ARG  HB3  -9.541  9.148  4.058  1.61
1702  112  ARG  HG2  -10.196  7.752  2.077  1.35
1703  112  ARG  HG3  -11.067  7.002  3.169  1.07
1704  112  ARG  HD2  -11.301  9.779  3.043  2.57
1705  112  ARG  HD3  -12.035  8.943  1.916  2.47
1706  112  ARG  HE  -12.877  9.177  4.437  37.52
1707  112  ARG  HH11  -13.05  7.078  1.892  29.7
1708  112  ARG  HH12  -14.289  6.376  2.329  121.7
1709  112  ARG  HH21  -14.776  8.098  5.103  66.18
1710  112  ARG  HH22  -15.334  6.994  4.273  180.13
1711  113  LEU  N  -6.403  9.093  4.333  125.74
1712  113  LEU  CA  -5.401  9.669  5.224  53.84
1713  113  LEU  C  -5.209  11.155  4.94  174.61
1714  113  LEU  O  -5.226  11.586  3.787  16.9
1715  113  LEU  CB  -4.069  8.932  5.069  46.95
1716  113  LEU  CG  -4.113  7.417  5.269  27.41
1717  113  LEU  CD1  -2.751  6.802  4.986  26.41
1718  113  LEU  CD2  -4.571  7.078  6.68  23.09
1719  113  LEU  H  -6.467  9.391  3.529  9.14
1720  113  LEU  HA  -5.716  9.562  6.135  4.88
1721  113  LEU  HB2  -3.736  9.105  4.174  1.72
1722  113  LEU  HB3  -3.45  9.301  5.718  1.63
1723  113  LEU  HG  -4.749  7.033  4.645  1.58
1724  113  LEU  HD11  -2.645  6.676  4.03  9.2
1725  113  LEU  HD12  -2.685  5.945  5.435  31.2
1726  113  LEU  HD13  -2.055  7.393  5.315  20.96
1727  113  LEU  HD21  -5.366  6.523  6.637  25.15
1728  113  LEU  HD22  -4.774  7.897  7.159  59.77
1729  113  LEU  HD23  -3.866  6.598  7.142  179.89
1730  114  LYS  N  -5.024  11.935  6  120.54
1731  114  LYS  CA  -4.825  13.373  5.866  54.51
1732  114  LYS  C  -3.462  13.787  6.411  176.84
1733  114  LYS  O  -2.918  13.142  7.308  56.61
1734  114  LYS  CB  -5.931  14.133  6.603  36.65
1735  114  LYS  CG  -7.139  14.442  5.734  23.55
1736  114  LYS  CD  -6.999  15.789  5.045  29.45
1737  114  LYS  CE  -7.444  16.927  5.951  41.91
1738  114  LYS  NZ  -6.881  18.235  5.515  2.09
1739  114  LYS  H  -5.021  11.582  6.784  8.43
1740  114  LYS  HA  -4.865  13.593  4.922  5.67
1741  114  LYS  HB2  -6.227  13.6  7.357  1.71
1742  114  LYS  HB3  -5.57  14.971  6.931  1.64
1743  114  LYS  HG2  -7.226  13.752  5.058  1.07
1744  114  LYS  HG3  -7.933  14.454  6.292  1.65
1745  114  LYS  HD2  -6.069  15.926  4.804  1.57
1746  114  LYS  HD3  -7.547  15.792  4.244  1.57
1747  114  LYS  HE2  -8.413  16.978  5.935  2.88
1748  114  LYS  HE3  -7.145  16.74  6.855  2.88
1749  114  LYS  HZ1  -7.374  18.903  5.837  178.06
1750  114  LYS  HZ2  -6.876  18.285  4.626  116
1751  114  LYS  HZ3  -6.047  18.323  5.812  8.54
1752  115  THR  N  -2.914  14.867  5.863  3.67
1753  115  THR  CA  -1.614  15.367  6.294  60.28
1754  115  THR  C  -1.762  16.387  7.417  176.06
1755  115  THR  O  -2.871  16.805  7.746  1.72
1756  115  THR  CB  -0.846  16.014  5.126  70.37
1757  115  THR  OG1  -1.72  16.864  4.376  6.85
1758  115  THR  CG2  -0.257  14.951  4.211  24.1
1759  115  THR  H  -3.337  15.28  5.239  8.85
1760  115  THR  HA  -1.097  14.614  6.619  4.43
1761  115  THR  HB  -0.121  16.546  5.489  4.76
1762  115  THR  HG1  -1.267  17.442  3.968  1.95
1763  115  THR  HG21  0.711  14.996  4.244  63.42
1764  115  THR  HG22  -0.557  15.105  3.301  3.11
1765  115  THR  HG23  -0.549  14.074  4.504  8.04
1766  116  ASN  N  -0.636  16.784  8.001  118.89
1767  116  ASN  CA  -0.641  17.757  9.088  52.35
1768  116  ASN  C  -0.681  19.181  8.543  176.5
1769  116  ASN  O  -0.259  19.438  7.416  117.9
1770  116  ASN  CB  0.595  17.571  9.971  38.72
1771  116  ASN  CG  0.697  16.167  10.535  45.44
1772  116  ASN  OD1  -0.242  15.377  10.437  173.93
1773  116  ASN  ND2  1.842  15.851  11.129  112.1
1774  116  ASN  H  0.114  16.46  7.731  7.8
1775  116  ASN  HA  -1.437  17.602  9.621  4.71
1776  116  ASN  HB2  1.391  17.749  9.446  2.29
1777  116  ASN  HB3  0.555  18.197  10.711  3.1
1778  116  ASN  HD21  2.46  16.448  11.165  6.96
1779  116  ASN  HD22  1.924  15.06  11.456  7.75
1780  117  SER  N  -1.192  20.104  9.352  115.78
1781  117  SER  CA  -1.291  21.502  8.951  59.33
1782  117  SER  C  0.009  21.976  8.307  173.61
1783  117  SER  O  0.092  22.125  7.088  7.85
1784  117  SER  CB  -1.624  22.38  10.159  63.87
1785  117  SER  OG  -2.954  22.162  10.596  3.81
1786  117  SER  H  -1.473  19.87  10.13  8.67
1787  117  SER  HA  -2.007  21.576  8.301  4.37
1788  117  SER  HB2  -1.017  22.169  10.886  3.85
1789  117  SER  HB3  -1.523  23.313  9.915  3.94
1790  117  SER  HG  -2.945  21.728  11.315  29.31
1791  118  GLN  N  1.021  22.211  9.136  121.81
1792  118  GLN  CA  2.317  22.668  8.648  53.78
1793  118  GLN  C  3.452  21.898  9.315  173.88
1794  118  GLN  O  3.282  21.28  10.366  3.99
1795  118  GLN  CB  2.482  24.167  8.905  29.22
1796  118  GLN  CG  1.968  25.039  7.771  33.09
1797  118  GLN  CD  2.089  26.52  8.072  3.77
1798  118  GLN  OE1  1.839  26.959  9.194  1.82
1799  118  GLN  NE2  2.474  27.299  7.067  112.04
1800  118  GLN  H  0.909  22.091  9.98  8.53
1801  118  GLN  HA  2.349  22.507  7.692  4.46
1802  118  GLN  HB2  1.998  24.402  9.712  1.98
1803  118  GLN  HB3  3.424  24.361  9.033  1.9
1804  118  GLN  HG2  2.48  24.843  6.97  2.25
1805  118  GLN  HG3  1.034  24.829  7.615  2.25
1806  118  GLN  HE21  2.632  26.93  6.306  6.85
1807  118  GLN  HE22  2.549  28.143  7.214  7.45
1808  119  PRO  N  4.639  21.935  8.691  3.55
1809  119  PRO  CA  5.826  21.246  9.207  62.86
1810  119  PRO  C  6.364  21.892  10.479  176.28
1811  119  PRO  O  5.784  22.847  10.996  178.36
1812  119  PRO  CB  6.839  21.384  8.067  6.89
1813  119  PRO  CG  6.413  22.605  7.328  27.01
1814  119  PRO  CD  4.914  22.653  7.435  50.53
1815  119  PRO  HA  5.649  20.307  9.372  4.26
1816  119  PRO  HB2  7.731  21.484  8.435  1.96
1817  119  PRO  HB3  6.804  20.597  7.502  1.69
1818  119  PRO  HG2  6.806  23.392  7.737  1.75
1819  119  PRO  HG3  6.681  22.538  6.398  1.64
1820  119  PRO  HD2  4.607  23.572  7.487  3.49
1821  119  PRO  HD3  4.505  22.199  6.681  3.35
1822  120  PHE  N  7.477  21.365  10.979  2.53
1823  120  PHE  CA  8.093  21.89  12.192  57.66
1824  120  PHE  C  8.556  23.329  11.988  175.47
1825  120  PHE  O  9.183  23.655  10.979  63.8
1826  120  PHE  CB  9.278  21.015  12.607  39.37
1827  120  PHE  CG  8.927  19.562  12.755  4.49
1828  120  PHE  CD1  8.369  19.087  13.931  131.71
1829  120  PHE  CD2  9.156  18.671  11.719  131.71
1830  120  PHE  CE1  8.045  17.75  14.071  22.14
1831  120  PHE  CE2  8.834  17.334  11.853  7.95
1832  120  PHE  CZ  8.278  16.873  13.03  2.32
1833  120  PHE  H  7.842  20.697  10.578  8.23
1834  120  PHE  HA  7.426  21.873  12.896  4.55
1835  120  PHE  HB2  9.975  21.086  11.936  3.08
1836  120  PHE  HB3  9.62  21.329  13.459  3.08
1837  120  PHE  HD1  8.212  19.677  14.632  7.25
1838  120  PHE  HD2  9.531  18.98  10.926  7.25
1839  120  PHE  HE1  7.671  17.443  14.865  1.5
1840  120  PHE  HE2  8.992  16.745  11.151  110.91
1841  120  PHE  HZ  8.06  15.974  13.122  59.65
1842  121  LYS  N  8.242  24.188  12.952  124.21
1843  121  LYS  CA  8.626  25.593  12.88  55.84
1844  121  LYS  C  10.038  25.799  13.419  175.8
1845  121  LYS  O  10.387  25.289  14.483  1.84
1846  121  LYS  CB  7.636  26.453  13.669  33.26
1847  121  LYS  CG  6.226  26.43  13.105  24.46
1848  121  LYS  CD  5.304  27.364  13.871  29.04
1849  121  LYS  CE  4.139  27.826  13.01  42.04
1850  121  LYS  NZ  4.569  28.803  11.972  62.02
1851  121  LYS  H  7.802  23.907  13.636  8.2
1852  121  LYS  HA  8.604  25.861  11.948  4.31
1853  121  LYS  HB2  7.605  26.133  14.584  1.77
1854  121  LYS  HB3  7.949  27.371  13.666  1.67
1855  121  LYS  HG2  6.253  26.708  12.176  1.34
1856  121  LYS  HG3  5.879  25.526  13.163  1.34
1857  121  LYS  HD2  4.955  26.897  14.646  1.64
1858  121  LYS  HD3  5.81  28.139  14.16  1.64
1859  121  LYS  HE2  3.747  27.053  12.573  2.96
1860  121  LYS  HE3  3.476  28.244  13.581  2.96
1861  121  LYS  HZ1  3.909  29.375  11.798  4.35
1862  121  LYS  HZ2  4.785  28.376  11.221  2.46
1863  121  LYS  HZ3  5.278  29.259  12.256  2.11
1864  122  SER  N  10.845  26.553  12.678  118.13
1865  122  SER  CA  12.219  26.825  13.081  58.13
1866  122  SER  C  12.382  28.28  13.509  174.42
1867  122  SER  O  12.581  29.165  12.678  7.04
1868  122  SER  CB  13.181  26.509  11.934  63.95
1869  122  SER  OG  13.161  25.127  11.618  64.78
1870  122  SER  H  10.549  26.886  11.942  8.29
1871  122  SER  HA  12.427  26.252  13.835  4.43
1872  122  SER  HB2  12.92  27.013  11.147  3.84
1873  122  SER  HB3  14.082  26.757  12.194  27.74
1874  122  SER  HG  12.414  24.803  11.825  50.53
1875  123  GLY  N  12.295  28.52  14.814  4.52
1876  123  GLY  CA  12.434  29.869  15.331  2.38
1877  123  GLY  C  11.286  30.263  16.24  2
1878  123  GLY  O  11.289  29.978  17.438  2.12
1879  123  GLY  H  12.155  27.867  15.355  8.27
1880  123  GLY  HA2  13.264  29.93  15.829  4.13
1881  123  GLY  HA3  12.469  30.489  14.586  4.13
1882  124  PRO  N  10.277  30.936  15.668  113.67
1883  124  PRO  CA  9.1  31.385  16.417  52.93
1884  124  PRO  C  8.21  30.225  16.849  175.54
1885  124  PRO  O  7.243  29.885  16.168  2.63
1886  124  PRO  CB  8.363  32.28  15.417  40.01
1887  124  PRO  CG  8.79  31.784  14.078  27.05
1888  124  PRO  CD  10.208  31.31  14.245  49.7
1889  124  PRO  HA  9.351  31.906  17.196  4.47
1890  124  PRO  HB2  7.405  32.188  15.541  2.3
1891  124  PRO  HB3  8.624  33.204  15.552  1.98
1892  124  PRO  HG2  8.22  31.05  13.801  2.01
1893  124  PRO  HG3  8.75  32.506  13.431  2.69
1894  124  PRO  HD2  10.378  30.543  13.676  3.63
1895  124  PRO  HD3  10.83  32.027  14.046  3.63
1896  125  SER  N  8.544  29.62  17.985  176.41
1897  125  SER  CA  7.777  28.495  18.506  31.57
1898  125  SER  C  8.297  28.071  19.876  29.79
1899  125  SER  O  9.43  27.606  20.005  25.91
1900  125  SER  CB  7.84  27.314  17.535  127.89
1901  125  SER  OG  9.143  26.757  17.495  1.56
1902  125  SER  H  9.231  29.898  18.421  8.53
1903  125  SER  HA  6.854  28.78  18.596  4.5
1904  125  SER  HB2  7.216  26.628  17.822  3.9
1905  125  SER  HB3  7.602  27.617  16.645  114.45
1906  125  SER  HG  9.352  26.477  18.259  121.04
1907  126  SER  N  7.461  28.234  20.896  124.13
1908  126  SER  CA  7.836  27.872  22.258  7.6
1909  126  SER  C  6.873  26.835  22.829  4.23
1910  126  SER  O  5.716  26.753  22.419  3.3
1911  126  SER  CB  7.856  29.113  23.151  3.3
1912  126  SER  OG  6.551  29.639  23.323  7.21
1913  126  SER  H  6.68  28.563  20.749  8.31
1914  126  SER  HA  8.727  27.489  22.229  7.36
1915  126  SER  HB2  8.216  28.878  24.021  7.46
1916  126  SER  HB3  8.415  29.792  22.743  6.93
1917  126  SER  HG  6.323  30.058  22.631  7.17
1918  127  GLY  N  7.361  26.044  23.78  8.31
1919  127  GLY  CA  6.532  25.023  24.394  58.18
1920  127  GLY  C  6.82  24.854  25.872  24.97
1921  127  GLY  O  7.01  23.735  26.35  29
1922  127  GLY  H  8.177  26.141  24.033  70.56
1923  127  GLY  HA2  5.6  25.267  24.281  2.35
1924  127  GLY  HA3  6.693  24.178  23.945  21.14
