1  1  MET  N  41.317  -21.579  -2.069  121.56
2  1  MET  CA  40.986  -23.022  -2.216  54.95
3  1  MET  C  40.594  -23.362  -3.658  172.32
4  1  MET  O  41.373  -24.008  -4.355  55.76
5  1  MET  CB  39.922  -23.504  -1.204  33.24
6  1  MET  CG  40.482  -23.724  0.21  30.78
7  1  MET  SD  41.073  -22.245  1.085  19.76
8  1  MET  CE  41.568  -23.011  2.651  16.76
9  1  MET  H  41.57  -21.402  -1.234  3.94
10  1  MET  H2  41.981  -21.353  -2.617  122.61
11  1  MET  H3  40.614  -21.068  -2.262  55.79
12  1  MET  HA  41.792  -23.533  -2.044  4.11
13  1  MET  HB2  39.183  -22.876  -1.165  2.17
14  1  MET  HB3  39.571  -24.357  -1.504  2.08
15  1  MET  HG2  39.78  -24.124  0.747  2.64
16  1  MET  HG3  41.21  -24.363  0.158  2.47
17  1  MET  HE1  42.25  -23.68  2.485  122.21
18  1  MET  HE2  41.92  -22.332  3.247  56.08
19  1  MET  HE3  40.8  -23.433  3.067  174.4
20  2  SER  N  39.408  -22.946  -4.128  124.76
21  2  SER  CA  38.864  -23.291  -5.463  58.11
22  2  SER  C  39.622  -22.686  -6.66  176.34
23  2  SER  O  39.427  -23.119  -7.799  174.84
24  2  SER  CB  37.393  -22.858  -5.551  64.9
25  2  SER  OG  36.654  -23.364  -4.447  24.76
26  2  SER  H  38.863  -22.549  -3.594  29.51
27  2  SER  HA  38.892  -24.255  -5.564  3.81
28  2  SER  HB2  37.343  -21.889  -5.555  3.82
29  2  SER  HB3  37.01  -23.191  -6.378  3.78
30  2  SER  HG  35.851  -23.137  -4.542  4.53
31  3  ASN  N  40.477  -21.685  -6.424  1.94
32  3  ASN  CA  41.345  -21.056  -7.426  51.8
33  3  ASN  C  42.326  -22.045  -8.108  1.82
34  3  ASN  O  42.713  -23.048  -7.496  1.67
35  3  ASN  CB  42.126  -19.914  -6.741  38.79
36  3  ASN  CG  42.999  -20.39  -5.587  1.69
37  3  ASN  OD1  42.537  -20.548  -4.464  3.01
38  3  ASN  ND2  44.269  -20.647  -5.808  2.99
39  3  ASN  H  40.561  -21.421  -5.61  8.05
40  3  ASN  HA  40.774  -20.665  -8.106  5
41  3  ASN  HB2  42.683  -19.463  -7.394  2.77
42  3  ASN  HB3  41.498  -19.26  -6.395  2.59
43  3  ASN  HD21  44.591  -20.641  -6.605  57.61
44  3  ASN  HD22  44.746  -20.924  -5.148  173.65
45  4  PRO  N  42.783  -21.755  -9.345  59.58
46  4  PRO  CA  43.876  -22.485  -9.995  61.97
47  4  PRO  C  45.162  -22.527  -9.139  109.21
48  4  PRO  O  45.403  -21.596  -8.359  9.38
49  4  PRO  CB  44.138  -21.748  -11.315  31.2
50  4  PRO  CG  42.809  -21.067  -11.623  27.67
51  4  PRO  CD  42.26  -20.73  -10.239  50.94
52  4  PRO  HA  43.566  -23.384  -10.184  4.66
53  4  PRO  HB2  44.819  -21.068  -11.189  1.88
54  4  PRO  HB3  44.4  -22.358  -12.023  2.3
55  4  PRO  HG2  42.926  -20.273  -12.168  2.01
56  4  PRO  HG3  42.216  -21.698  -12.06  1.97
57  4  PRO  HD2  42.579  -19.859  -9.956  3.78
58  4  PRO  HD3  41.29  -20.74  -10.267  3.62
59  5  PRO  N  46.02  -23.555  -9.298  132.9
60  5  PRO  CA  47.306  -23.636  -8.603  63.27
61  5  PRO  C  48.298  -22.562  -9.08  130.57
62  5  PRO  O  48.236  -22.09  -10.22  130.57
63  5  PRO  CB  47.837  -25.045  -8.887  32.43
64  5  PRO  CG  47.189  -25.416  -10.222  27.7
65  5  PRO  CD  45.834  -24.711  -10.164  50.79
66  5  PRO  HA  47.171  -23.535  -7.648  4.44
67  5  PRO  HB2  48.805  -25.065  -8.944  2.23
68  5  PRO  HB3  47.526  -25.652  -8.198  1.87
69  5  PRO  HG2  47.713  -25.051  -10.952  1.97
70  5  PRO  HG3  47.089  -26.376  -10.319  1.97
71  5  PRO  HD2  45.56  -24.451  -11.058  3.74
72  5  PRO  HD3  45.175  -25.304  -9.771  3.6
73  6  THR  N  49.258  -22.22  -8.218  118.98
74  6  THR  CA  50.336  -21.248  -8.487  60.07
75  6  THR  C  51.683  -21.704  -7.901  176.48
76  6  THR  O  51.713  -22.55  -6.998  9.43
77  6  THR  CB  49.991  -19.841  -7.968  70.06
78  6  THR  OG1  49.815  -19.841  -6.565  4.47
79  6  THR  CG2  48.727  -19.249  -8.596  21.88
80  6  THR  H  49.255  -22.587  -7.44  7.83
81  6  THR  HA  50.472  -21.163  -9.444  4.52
82  6  THR  HB  50.734  -19.263  -8.204  4.09
83  6  THR  HG1  49.734  -19.042  -6.32  56.17
84  6  THR  HG21  48.624  -18.327  -8.313  33.48
85  6  THR  HG22  48.803  -19.27  -9.563  9.63
86  6  THR  HG23  47.944  -19.753  -8.325  3.54
87  7  PRO  N  52.811  -21.186  -8.43  3.14
88  7  PRO  CA  54.167  -21.51  -7.981  63.67
89  7  PRO  C  54.39  -21.322  -6.47  176.53
90  7  PRO  O  53.908  -20.356  -5.871  6.18
91  7  PRO  CB  55.094  -20.606  -8.803  32.6
92  7  PRO  CG  54.298  -20.331  -10.077  27.84
93  7  PRO  CD  52.865  -20.281  -9.568  51.43
94  7  PRO  HA  54.346  -22.434  -8.217  4.34
95  7  PRO  HB2  55.253  -19.77  -8.337  1.81
96  7  PRO  HB3  55.931  -21.052  -9.006  2.21
97  7  PRO  HG2  54.548  -19.493  -10.497  1.94
98  7  PRO  HG3  54.4  -21.072  -10.694  1.9
99  7  PRO  HD2  52.64  -19.384  -9.276  3.78
100  7  PRO  HD3  52.247  -20.537  -10.271  3.63
101  8  LEU  N  55.158  -22.236  -5.864  121.02
102  8  LEU  CA  55.388  -22.311  -4.409  55.56
103  8  LEU  C  56.822  -22.775  -4.047  17.17
104  8  LEU  O  57.096  -23.151  -2.909  7.9
105  8  LEU  CB  54.291  -23.234  -3.821  42.59
106  8  LEU  CG  53.927  -22.997  -2.341  3.23
107  8  LEU  CD1  53.236  -21.647  -2.12  3.23
108  8  LEU  CD2  52.958  -24.088  -1.882  60.78
109  8  LEU  H  55.433  -22.896  -6.342  8.26
110  8  LEU  HA  55.288  -21.418  -4.042  4.25
111  8  LEU  HB2  53.477  -23.126  -4.337  1.58
112  8  LEU  HB3  54.577  -24.154  -3.933  1.48
113  8  LEU  HG  54.721  -23.04  -1.785  61.12
114  8  LEU  HD11  52.433  -21.59  -2.662  176.19
115  8  LEU  HD12  52.998  -21.551  -1.185  2.73
116  8  LEU  HD13  53.829  -20.917  -2.359  39.08
117  8  LEU  HD21  53.383  -24.956  -1.959  63.17
118  8  LEU  HD22  52.719  -23.942  -0.953  133.73
119  8  LEU  HD23  52.154  -24.076  -2.425  133.73
120  9  LEU  N  57.745  -22.767  -5.019  121.62
121  9  LEU  CA  59.1  -23.34  -4.919  55.24
122  9  LEU  C  60.019  -22.652  -3.882  51.27
123  9  LEU  O  60.993  -23.255  -3.425  117.18
124  9  LEU  CB  59.708  -23.31  -6.339  42.65
125  9  LEU  CG  61.062  -24.027  -6.525  4.14
126  9  LEU  CD1  60.999  -25.511  -6.153  3.4
127  9  LEU  CD2  61.486  -23.93  -7.992  3.04
128  9  LEU  H  57.507  -22.45  -5.782  8.1
129  9  LEU  HA  59.004  -24.265  -4.643  4.29
130  9  LEU  HB2  59.073  -23.717  -6.949  1.56
131  9  LEU  HB3  59.818  -22.384  -6.605  1.52
132  9  LEU  HG  61.742  -23.592  -5.988  172.6
133  9  LEU  HD11  60.842  -25.608  -5.201  118.39
134  9  LEU  HD12  60.288  -25.949  -6.646  56.49
135  9  LEU  HD13  61.844  -25.937  -6.364  177.66
136  9  LEU  HD21  60.835  -24.373  -8.559  3.76
137  9  LEU  HD22  61.555  -22.998  -8.251  42.08
138  9  LEU  HD23  62.352  -24.35  -8.113  25.94
139  10  ALA  N  59.712  -21.408  -3.501  122.9
140  10  ALA  CA  60.531  -20.562  -2.622  52.87
141  10  ALA  C  59.68  -19.723  -1.637  177.13
142  10  ALA  O  60.066  -18.616  -1.255  3.58
143  10  ALA  CB  61.432  -19.698  -3.522  19.47
144  10  ALA  H  59.021  -21.047  -3.864  8.23
145  10  ALA  HA  61.1  -21.129  -2.078  4.21
146  10  ALA  HB1  60.89  -19.092  -4.051  118.73
147  10  ALA  HB2  62.046  -19.182  -2.976  55.78
148  10  ALA  HB3  61.949  -20.265  -4.115  177.1
149  11  ASP  N  58.495  -20.216  -1.252  117.48
150  11  ASP  CA  57.517  -19.488  -0.421  54.91
151  11  ASP  C  58.057  -19.025  0.953  176.2
152  11  ASP  O  57.685  -17.952  1.434  115.55
153  11  ASP  CB  56.244  -20.336  -0.257  41.29
154  11  ASP  CG  56.377  -21.432  0.816  179.38
155  11  ASP  OD1  57.157  -22.392  0.609  55.04
156  11  ASP  OD2  55.714  -21.318  1.873  41.3
157  11  ASP  H  58.283  -21.007  -1.515  8.15
158  11  ASP  HA  57.266  -18.688  -0.908  4.45
159  11  ASP  HB2  55.517  -19.741  -0.017  2.52
160  11  ASP  HB3  56.017  -20.738  -1.11  2.59
161  12  TYR  N  58.963  -19.805  1.556  118.12
162  12  TYR  CA  59.719  -19.467  2.767  58.34
163  12  TYR  C  60.999  -20.318  2.851  176.02
164  12  TYR  O  60.963  -21.529  2.613  1.37
165  12  TYR  CB  58.847  -19.712  4.012  38.91
166  12  TYR  CG  59.539  -19.38  5.323  53.28
167  12  TYR  CD1  59.577  -18.049  5.782  176.24
168  12  TYR  CD2  60.156  -20.399  6.076  33.47
169  12  TYR  CE1  60.22  -17.738  6.998  62.47
170  12  TYR  CE2  60.811  -20.091  7.284  9.35
171  12  TYR  CZ  60.842  -18.758  7.75  116.77
172  12  TYR  OH  61.456  -18.448  8.924  58.23
173  12  TYR  H  59.15  -20.554  1.177  7.88
174  12  TYR  HA  59.967  -18.53  2.737  4.41
175  12  TYR  HB2  58.044  -19.172  3.947  2.82
176  12  TYR  HB3  58.569  -20.641  4.028  2.82
177  12  TYR  HD1  59.162  -17.376  5.292  29.42
178  12  TYR  HD2  60.127  -21.28  5.778  41.76
179  12  TYR  HE1  60.228  -16.865  7.318  1.77
180  12  TYR  HE2  61.218  -20.766  7.778  7.09
181  12  TYR  HH  61.793  -19.122  9.295  3.88
182  13  GLU  N  62.125  -19.697  3.217  120.83
183  13  GLU  CA  63.386  -20.392  3.541  57.2
184  13  GLU  C  64.338  -19.525  4.388  176.34
185  13  GLU  O  64.941  -20.02  5.343  0.26
186  13  GLU  CB  64.09  -20.84  2.244  30.46
187  13  GLU  CG  65.323  -21.714  2.515  36.77
188  13  GLU  CD  65.915  -22.273  1.206  2.54
189  13  GLU  OE1  65.471  -23.354  0.746  2.48
190  13  GLU  OE2  66.843  -21.648  0.639  111.96
191  13  GLU  H  62.069  -18.857  3.394  8.16
192  13  GLU  HA  63.178  -21.181  4.066  4.16
193  13  GLU  HB2  63.471  -21.355  1.703  1.89
194  13  GLU  HB3  64.353  -20.058  1.733  1.89
195  13  GLU  HG2  65.996  -21.19  2.977  2.08
196  13  GLU  HG3  65.068  -22.447  3.097  2.08
197  14  TRP  N  64.441  -18.229  4.069  120.19
198  14  TRP  CA  65.41  -17.295  4.67  57.91
199  14  TRP  C  64.791  -16.019  5.268  176.65
200  14  TRP  O  65.491  -15.275  5.954  133.44
201  14  TRP  CB  66.481  -16.946  3.623  29.85
202  14  TRP  CG  65.996  -16.196  2.413  118.1
203  14  TRP  CD1  65.683  -14.88  2.376  1.78
204  14  TRP  CD2  65.763  -16.695  1.056  1.78
205  14  TRP  NE1  65.245  -14.538  1.111  129.65
206  14  TRP  CE2  65.268  -15.619  0.257  4.33
207  14  TRP  CE3  65.92  -17.944  0.416  3.19
208  14  TRP  CZ2  64.925  -15.779  -1.095  2.53
209  14  TRP  CZ3  65.578  -18.117  -0.941  7.04
210  14  TRP  CH2  65.079  -17.04  -1.695  7.04
211  14  TRP  H  64.038  -17.975  3.353  7.98
212  14  TRP  HA  65.863  -17.735  5.406  4.61
213  14  TRP  HB2  67.172  -16.416  4.051  8.12
214  14  TRP  HB3  66.901  -17.769  3.327  119.48
215  14  TRP  HD1  65.743  -14.298  3.099  57.45
216  14  TRP  HE1  64.992  -13.744  0.898  10.11
217  14  TRP  HE3  66.257  -18.663  0.901  4.02
218  14  TRP  HZ2  64.603  -15.057  -1.585  30.57
219  14  TRP  HZ3  65.684  -18.95  -1.341  27.36
220  14  TRP  HH2  64.856  -17.162  -2.59  43.46
221  15  SER  N  63.496  -15.752  5.053  116.05
222  15  SER  CA  62.816  -14.514  5.485  59.66
223  15  SER  C  62.868  -14.255  6.998  175.26
224  15  SER  O  62.786  -13.102  7.43  67.58
225  15  SER  CB  61.357  -14.51  5.012  6.97
226  15  SER  OG  61.288  -14.787  3.619  4.04
227  15  SER  H  63.048  -16.283  4.546  8.1
228  15  SER  HA  63.26  -13.764  5.058  4.19
229  15  SER  HB2  60.856  -15.184  5.498  3.74
230  15  SER  HB3  60.966  -13.641  5.191  3.65
231  15  SER  HG  60.495  -14.678  3.365  2.52
232  16  GLY  N  63.069  -15.297  7.814  108.31
233  16  GLY  CA  63.355  -15.197  9.252  45.89
234  16  GLY  C  64.505  -14.241  9.601  174.27
235  16  GLY  O  64.446  -13.545  10.615  64.97
236  16  GLY  H  63.093  -16.08  7.459  7.56
237  16  GLY  HA2  62.556  -14.919  9.726  3.64
238  16  GLY  HA3  63.613  -16.077  9.568  3.64
239  17  TYR  N  65.506  -14.146  8.719  118.7
240  17  TYR  CA  66.672  -13.252  8.821  59.01
241  17  TYR  C  66.315  -11.759  8.97  176.2
242  17  TYR  O  67.074  -11.003  9.582  32.84
243  17  TYR  CB  67.557  -13.476  7.585  7.29
244  17  TYR  CG  68.912  -12.794  7.627  39.47
245  17  TYR  CD1  69.966  -13.381  8.354  27.57
246  17  TYR  CD2  69.126  -11.589  6.927  18.17
247  17  TYR  CE1  71.235  -12.768  8.383  176.8
248  17  TYR  CE2  70.392  -10.973  6.955  8.19
249  17  TYR  CZ  71.451  -11.56  7.681  4.68
250  17  TYR  OH  72.674  -10.96  7.698  2.97
251  17  TYR  H  65.459  -14.651  8.024  7.81
252  17  TYR  HA  67.179  -13.507  9.608  4.41
253  17  TYR  HB2  67.71  -14.428  7.481  7.22
254  17  TYR  HB3  67.077  -13.173  6.798  1.38
255  17  TYR  HD1  69.827  -14.177  8.814  7.72
256  17  TYR  HD2  68.433  -11.2  6.445  4.72
257  17  TYR  HE1  71.931  -13.159  8.86  64.06
258  17  TYR  HE2  70.538  -10.178  6.496  177.12
259  17  TYR  HH  73.232  -11.39  8.156  127.28
260  18  LEU  N  65.144  -11.342  8.467  120.41
261  18  LEU  CA  64.626  -9.968  8.577  55.89
262  18  LEU  C  63.26  -9.873  9.279  177.57
263  18  LEU  O  62.95  -8.834  9.861  4.38
264  18  LEU  CB  64.69  -9.268  7.202  2.28
265  18  LEU  CG  63.902  -9.896  6.029  1.88
266  18  LEU  CD1  62.391  -9.651  6.094  1.87
267  18  LEU  CD2  64.39  -9.282  4.715  1.87
268  18  LEU  H  64.67  -11.922  8.044  8.07
269  18  LEU  HA  65.222  -9.468  9.156  4.2
270  18  LEU  HB2  64.408  -8.346  7.311  120.59
271  18  LEU  HB3  65.627  -9.244  6.952  54.23
272  18  LEU  HG  64.068  -10.851  5.993  8.01
273  18  LEU  HD11  62.209  -8.705  6.211  175.6
274  18  LEU  HD12  61.974  -9.955  5.273  2.04
275  18  LEU  HD13  61.992  -10.152  6.823  21.57
276  18  LEU  HD21  63.924  -9.688  3.967  8.29
277  18  LEU  HD22  64.23  -8.325  4.713  4.67
278  18  LEU  HD23  65.34  -9.448  4.608  2.78
279  19  THR  N  62.484  -10.96  9.34  111.53
280  19  THR  CA  61.264  -11.036  10.169  62.75
281  19  THR  C  61.609  -10.99  11.663  175.31
282  19  THR  O  60.897  -10.36  12.444  55.97
283  19  THR  CB  60.446  -12.301  9.848  109.36
284  19  THR  OG1  60.147  -12.353  8.469  65.18
285  19  THR  CG2  59.102  -12.345  10.578  21.93
286  19  THR  H  62.721  -11.654  8.891  7.93
287  19  THR  HA  60.709  -10.264  9.977  4.23
288  19  THR  HB  60.961  -13.087  10.088  4.2
289  19  THR  HG1  60.868  -12.474  8.055  117.67
290  19  THR  HG21  59.242  -12.436  11.534  173.12
291  19  THR  HG22  58.602  -11.533  10.401  7.56
292  19  THR  HG23  58.591  -13.11  10.27  25.76
293  20  GLY  N  62.749  -11.581  12.044  109.07
294  20  GLY  CA  63.306  -11.598  13.404  45.88
295  20  GLY  C  63.52  -10.222  14.042  174.3
296  20  GLY  O  63.428  -10.091  15.265  33.09
297  20  GLY  H  63.192  -12.007  11.443  8.2
298  20  GLY  HA2  62.731  -12.128  13.978  3.88
299  20  GLY  HA3  64.177  -12.022  13.359  3.88
300  21  ILE  N  63.747  -9.199  13.213  118.02
301  21  ILE  CA  63.889  -7.789  13.619  61.96
302  21  ILE  C  62.673  -6.935  13.226  176.76
303  21  ILE  O  62.245  -6.083  14.005  2
304  21  ILE  CB  65.234  -7.219  13.102  3.72
305  21  ILE  CG1  65.546  -5.797  13.619  3.63
306  21  ILE  CG2  65.339  -7.211  11.566  120.17
307  21  ILE  CD  65.622  -5.686  15.147  55.65
308  21  ILE  H  63.823  -9.398  12.38  7.87
309  21  ILE  HA  63.922  -7.766  14.588  4.15
310  21  ILE  HB  65.937  -7.807  13.418  1.78
311  21  ILE  HG12  66.405  -5.522  13.263  24.28
312  21  ILE  HG13  64.879  -5.173  13.292  28.87
313  21  ILE  HG21  64.663  -6.636  11.175  42.18
314  21  ILE  HG22  66.213  -6.886  11.3  25.17
315  21  ILE  HG23  65.244  -8.112  11.22  8.91
316  21  ILE  HD11  66.329  -6.418  15.538  4.46
317  21  ILE  HD12  65.961  -4.687  15.417  1.94
318  21  ILE  HD13  64.641  -5.85  15.593  1.74
319  22  GLY  N  62.047  -7.209  12.077  110.65
320  22  GLY  CA  60.844  -6.514  11.599  45.88
321  22  GLY  C  59.661  -6.597  12.57  174.04
322  22  GLY  O  58.98  -5.597  12.81  1.63
323  22  GLY  H  62.397  -7.8  11.56  8.4
324  22  GLY  HA2  61.054  -5.58  11.442  3.88
325  22  GLY  HA3  60.569  -6.914  10.759  3.88
326  23  ARG  N  59.468  -7.763  13.205  119.06
327  23  ARG  CA  58.451  -8.003  14.249  56.38
328  23  ARG  C  58.522  -7.041  15.444  175.86
329  23  ARG  O  57.505  -6.797  16.09  52.69
330  23  ARG  CB  58.517  -9.473  14.705  31.27
331  23  ARG  CG  59.8  -9.813  15.484  27.24
332  23  ARG  CD  59.941  -11.32  15.719  43.54
333  23  ARG  NE  61.247  -11.622  16.332  70.18
334  23  ARG  CZ  61.667  -12.773  16.821  6.71
335  23  ARG  NH1  60.905  -13.829  16.88  23.18
336  23  ARG  NH2  62.889  -12.88  17.253  7.59
337  23  ARG  H  59.97  -8.422  12.973  8.01
338  23  ARG  HA  57.578  -7.863  13.849  4.26
339  23  ARG  HB2  57.749  -9.664  15.266  1.76
340  23  ARG  HB3  58.457  -10.042  13.921  1.64
341  23  ARG  HG2  60.573  -9.502  14.986  1.52
342  23  ARG  HG3  59.789  -9.363  16.343  1.52
343  23  ARG  HD2  59.219  -11.619  16.294  3.08
344  23  ARG  HD3  59.877  -11.778  14.866  3.08
345  23  ARG  HE  61.842  -11.003  16.289  3.08
346  23  ARG  HH11  60.101  -13.786  16.579  8.76
347  23  ARG  HH12  61.209  -14.569  17.195  4.35
348  23  ARG  HH21  63.416  -12.202  17.215  4.07
349  23  ARG  HH22  63.176  -13.625  17.572  4.01
350  24  ALA  N  59.696  -6.476  15.74  123.04
351  24  ALA  CA  59.889  -5.575  16.877  53.1
352  24  ALA  C  59.459  -4.117  16.614  177.69
353  24  ALA  O  59.365  -3.325  17.553  177.1
354  24  ALA  CB  61.347  -5.677  17.345  19.61
355  24  ALA  H  60.375  -6.652  15.242  8.29
356  24  ALA  HA  59.301  -5.884  17.584  4.21
357  24  ALA  HB1  61.463  -5.171  18.164  16.86
358  24  ALA  HB2  61.577  -6.604  17.514  54.98
359  24  ALA  HB3  61.941  -5.318  16.667  8.53
360  25  PHE  N  59.131  -3.78  15.363  117.61
361  25  PHE  CA  58.492  -2.515  14.973  58.52
362  25  PHE  C  56.994  -2.747  14.648  175.68
363  25  PHE  O  56.345  -1.959  13.957  0.79
364  25  PHE  CB  59.299  -1.898  13.817  39.79
365  25  PHE  CG  59.055  -0.416  13.591  7.55
366  25  PHE  CD1  59.513  0.522  14.538  57.07
367  25  PHE  CD2  58.391  0.033  12.432  175.2
368  25  PHE  CE1  59.3  1.898  14.332  8.49
369  25  PHE  CE2  58.179  1.408  12.227  40.27
370  25  PHE  CZ  58.633  2.341  13.176  117.62
371  25  PHE  H  59.246  -4.364  14.742  8.16
372  25  PHE  HA  58.526  -1.906  15.727  4.5
373  25  PHE  HB2  60.244  -2.006  14.006  3.1
374  25  PHE  HB3  59.112  -2.391  13.003  2.98
375  25  PHE  HD1  59.958  0.233  15.302  20.78
376  25  PHE  HD2  58.086  -0.581  11.804  8.11
377  25  PHE  HE1  59.602  2.514  14.96  4.42
378  25  PHE  HE2  57.739  1.701  11.462  4.04
379  25  PHE  HZ  58.493  3.25  13.039  4.03
380  26  ASP  N  56.449  -3.862  15.149  119.73
381  26  ASP  CA  55.136  -4.434  14.827  55.16
382  26  ASP  C  54.472  -5.081  16.063  176.34
383  26  ASP  O  53.568  -5.901  15.933  179.44
384  26  ASP  CB  55.376  -5.48  13.723  41.62
385  26  ASP  CG  54.12  -5.775  12.891  29.8
386  26  ASP  OD1  53.529  -4.825  12.328  36.44
387  26  ASP  OD2  53.749  -6.957  12.708  56.47
388  26  ASP  H  56.969  -4.368  15.611  8.15
389  26  ASP  HA  54.541  -3.744  14.494  4.51
390  26  ASP  HB2  56.062  -5.156  13.119  2.66
391  26  ASP  HB3  55.718  -6.289  14.135  2.66
392  27  ASP  N  54.928  -4.742  17.275  119.59
393  27  ASP  CA  54.59  -5.4  18.55  55.73
394  27  ASP  C  53.09  -5.58  18.877  177.35
395  27  ASP  O  52.73  -6.539  19.564  2.26
396  27  ASP  CB  55.333  -4.698  19.698  121.23
397  27  ASP  CG  54.745  -3.319  20.041  59.72
398  27  ASP  OD1  55.065  -2.33  19.338  176.55
399  27  ASP  OD2  53.967  -3.216  21.02  3.33
400  27  ASP  H  55.52  -4.119  17.306  8.25
401  27  ASP  HA  54.959  -6.296  18.497  4.47
402  27  ASP  HB2  55.293  -5.268  20.482  2.67
403  27  ASP  HB3  56.269  -4.606  19.461  2.67
404  28  GLY  N  52.205  -4.729  18.346  107.42
405  28  GLY  CA  50.743  -4.857  18.499  46.38
406  28  GLY  C  50.075  -5.832  17.517  175.08
407  28  GLY  O  48.875  -6.088  17.629  8.37
408  28  GLY  H  52.512  -4.08  17.872  8.38
409  28  GLY  HA2  50.544  -5.18  19.392  3.87
410  28  GLY  HA3  50.334  -3.985  18.386  3.87
411  29  VAL  N  50.847  -6.407  16.588  118.73
412  29  VAL  CA  50.429  -7.472  15.652  64.04
413  29  VAL  C  51.39  -8.666  15.657  176.57
414  29  VAL  O  51.015  -9.751  15.212  7.62
415  29  VAL  CB  50.25  -6.949  14.211  32.52
416  29  VAL  CG1  49.464  -7.983  13.385  22.06
417  29  VAL  CG2  49.501  -5.616  14.143  21.74
418  29  VAL  H  51.657  -6.125  16.528  7.88
419  29  VAL  HA  49.574  -7.817  15.954  3.83
420  29  VAL  HB  51.124  -6.808  13.813  2.03
421  29  VAL  HG11  50.045  -8.718  13.131  8.72
422  29  VAL  HG12  48.735  -8.341  13.915  3.55
423  29  VAL  HG13  49.11  -7.582  12.576  60.58
424  29  VAL  HG21  49.383  -5.355  13.216  176.4
425  29  VAL  HG22  48.636  -5.695  14.575  173.7
426  29  VAL  HG23  50.026  -4.928  14.581  115.42
427  30  LYS  N  52.586  -8.524  16.244  121.91
428  30  LYS  CA  53.565  -9.599  16.487  58.19
429  30  LYS  C  52.927  -10.884  17.031  177.13
430  30  LYS  O  53.312  -11.982  16.642  37.55
431  30  LYS  CB  54.667  -9.045  17.411  33.11
432  30  LYS  CG  55.727  -10.076  17.832  25.38
433  30  LYS  CD  56.859  -9.393  18.62  109.16
434  30  LYS  CE  57.918  -10.378  19.134  52.61
435  30  LYS  NZ  57.424  -11.204  20.27  4.23
436  30  LYS  H  52.825  -7.723  16.447  8.13
437  30  LYS  HA  53.966  -9.808  15.629  4.12
438  30  LYS  HB2  55.109  -8.314  16.951  1.77
439  30  LYS  HB3  54.253  -8.692  18.214  1.77
440  30  LYS  HG2  55.31  -10.75  18.391  1.33
441  30  LYS  HG3  56.095  -10.506  17.044  1.33
442  30  LYS  HD2  57.298  -8.755  18.035  1.62
443  30  LYS  HD3  56.487  -8.9  19.368  1.62
444  30  LYS  HE2  58.202  -10.948  18.402  2.92
445  30  LYS  HE3  58.691  -9.868  19.423  2.92
446  30  LYS  HZ1  56.705  -11.675  20.037  8.22
447  30  LYS  HZ2  58.044  -11.774  20.558  4.39
448  30  LYS  HZ3  57.19  -10.692  20.959  107.73
449  31  ASP  N  51.896  -10.737  17.858  119.91
450  31  ASP  CA  51.022  -11.796  18.369  55.4
451  31  ASP  C  50.391  -12.701  17.297  177.24
452  31  ASP  O  50.494  -13.929  17.361  2.17
453  31  ASP  CB  49.926  -11.082  19.177  41.46
454  31  ASP  CG  48.967  -12.08  19.849  2.26
455  31  ASP  OD1  49.388  -12.765  20.81  6.74
456  31  ASP  OD2  47.794  -12.177  19.417  5.6
457  31  ASP  H  51.711  -9.93  18.091  8.2
458  31  ASP  HA  51.538  -12.388  18.938  4.54
459  31  ASP  HB2  50.338  -10.526  19.856  2.71
460  31  ASP  HB3  49.442  -10.489  18.581  2.59
461  32  LEU  N  49.73  -12.104  16.31  121.82
462  32  LEU  CA  49.099  -12.797  15.186  58.02
463  32  LEU  C  50.137  -13.17  14.116  178.27
464  32  LEU  O  50.041  -14.21  13.474  3.04
465  32  LEU  CB  48.007  -11.857  14.642  42.64
466  32  LEU  CG  46.72  -12.568  14.177  7.77
467  32  LEU  CD1  45.697  -11.517  13.744  25.43
468  32  LEU  CD2  46.959  -13.535  13.02  60.88
469  32  LEU  H  49.737  -11.244  16.289  8.15
470  32  LEU  HA  48.694  -13.617  15.508  4
471  32  LEU  HB2  47.757  -11.237  15.345  1.6
472  32  LEU  HB3  48.379  -11.316  13.928  1.41
473  32  LEU  HG  46.344  -13.066  14.92  1.54
474  32  LEU  HD11  46.076  -10.942  13.061  132.99
475  32  LEU  HD12  44.899  -11.948  13.399  117.97
476  32  LEU  HD13  45.447  -10.976  14.509  117.95
477  32  LEU  HD21  47.418  -14.326  13.344  111.7
478  32  LEU  HD22  46.116  -13.816  12.631  8.8
479  32  LEU  HD23  47.504  -13.104  12.343  7.88
480  33  ASN  N  51.182  -12.355  13.971  115.56
481  33  ASN  CA  52.309  -12.647  13.08  56.88
482  33  ASN  C  53.053  -13.93  13.497  177.39
483  33  ASN  O  53.414  -14.74  12.646  7.02
484  33  ASN  CB  53.25  -11.432  13.038  38.72
485  33  ASN  CG  54.306  -11.575  11.955  6.57
486  33  ASN  OD1  54.017  -11.549  10.768  6.56
487  33  ASN  ND2  55.56  -11.733  12.319  112.86
488  33  ASN  H  51.192  -11.647  14.459  8.34
489  33  ASN  HA  51.959  -12.801  12.189  4.27
490  33  ASN  HB2  52.74  -10.627  12.858  2.74
491  33  ASN  HB3  53.682  -11.333  13.901  2.86
492  33  ASN  HD21  55.779  -11.754  13.15  7.65
493  33  ASN  HD22  56.15  -11.814  11.698  6.9
494  34  LYS  N  53.216  -14.155  14.807  120.01
495  34  LYS  CA  53.753  -15.398  15.39  59.34
496  34  LYS  C  52.847  -16.596  15.102  178.36
497  34  LYS  O  53.335  -17.643  14.687  7.45
498  34  LYS  CB  53.982  -15.193  16.899  32.44
499  34  LYS  CG  54.625  -16.412  17.579  25.36
500  34  LYS  CD  54.887  -16.132  19.068  28.99
501  34  LYS  CE  55.439  -17.36  19.81  42.43
502  34  LYS  NZ  56.833  -17.692  19.409  2.4
503  34  LYS  H  52.973  -13.527  15.342  7.83
504  34  LYS  HA  54.606  -15.592  14.971  4.03
505  34  LYS  HB2  54.569  -14.43  17.022  1.91
506  34  LYS  HB3  53.136  -14.998  17.331  1.93
507  34  LYS  HG2  54.031  -17.176  17.508  1.43
508  34  LYS  HG3  55.461  -16.619  17.133  1.46
509  34  LYS  HD2  55.504  -15.389  19.16  1.91
510  34  LYS  HD3  54.049  -15.88  19.487  1.71
511  34  LYS  HE2  55.412  -17.175  20.762  2.72
512  34  LYS  HE3  54.852  -18.114  19.645  2.72
513  34  LYS  HZ1  57.12  -18.417  19.837  3.6
514  34  LYS  HZ2  56.892  -17.859  18.537  2.95
515  34  LYS  HZ3  57.393  -17.029  19.605  124.95
516  35  GLN  N  51.532  -16.424  15.249  116.67
517  35  GLN  CA  50.538  -17.453  14.888  59.43
518  35  GLN  C  50.6  -17.823  13.398  179.62
519  35  GLN  O  50.522  -18.996  13.033  28.41
520  35  GLN  CB  49.123  -16.983  15.266  29.32
521  35  GLN  CG  48.912  -16.998  16.784  34.89
522  35  GLN  CD  47.665  -16.23  17.209  114.9
523  35  GLN  OE1  46.537  -16.689  17.088  120.48
524  35  GLN  NE2  47.827  -15.033  17.73  110.99
525  35  GLN  H  51.269  -15.661  15.546  8.13
526  35  GLN  HA  50.736  -18.264  15.382  4.07
527  35  GLN  HB2  48.97  -16.088  14.926  2.13
528  35  GLN  HB3  48.468  -17.574  14.862  2.13
529  35  GLN  HG2  48.821  -17.922  17.066  2.32
530  35  GLN  HG3  49.685  -16.621  17.233  2.52
531  35  GLN  HE21  48.619  -14.702  17.792  7.3
532  35  GLN  HE22  47.141  -14.594  18.006  6.78
533  36  LEU  N  50.795  -16.831  12.531  120.82
534  36  LEU  CA  50.92  -17.028  11.086  58.54
535  36  LEU  C  52.257  -17.656  10.68  178.22
536  36  LEU  O  52.277  -18.534  9.82  123.17
537  36  LEU  CB  50.665  -15.7  10.388  41.95
538  36  LEU  CG  50.523  -15.874  8.869  27.18
539  36  LEU  CD1  49.384  -16.778  8.393  24.5
540  36  LEU  CD2  50.208  -14.494  8.331  25.41
541  36  LEU  H  50.807  -16.03  12.845  8.47
542  36  LEU  HA  50.22  -17.625  10.779  4
543  36  LEU  HB2  49.851  -15.308  10.742  1.4
544  36  LEU  HB3  51.399  -15.095  10.578  1.77
545  36  LEU  HG  51.355  -16.209  8.5  1.47
546  36  LEU  HD11  49.304  -16.702  7.429  38.27
547  36  LEU  HD12  49.546  -17.704  8.632  3.62
548  36  LEU  HD13  48.547  -16.485  8.785  40
549  36  LEU  HD21  49.328  -14.247  8.656  55.58
550  36  LEU  HD22  50.868  -13.856  8.644  133.24
551  36  LEU  HD23  50.203  -14.5  7.361  133.24
552  37  GLN  N  53.363  -17.273  11.32  118.21
553  37  GLN  CA  54.666  -17.918  11.125  59.34
554  37  GLN  C  54.655  -19.37  11.632  179.62
555  37  GLN  O  55.239  -20.242  10.998  7.07
556  37  GLN  CB  55.764  -17.062  11.782  28.66
557  37  GLN  CG  57.197  -17.419  11.338  34.4
558  37  GLN  CD  57.768  -18.701  11.951  2.59
559  37  GLN  OE1  57.535  -19.043  13.103  7.12
560  37  GLN  NE2  58.562  -19.451  11.213  111.56
561  37  GLN  H  53.306  -16.621  11.877  8.13
562  37  GLN  HA  54.832  -17.953  10.17  4.05
563  37  GLN  HB2  55.615  -16.139  11.523  2.15
564  37  GLN  HB3  55.69  -17.111  12.748  2.2
565  37  GLN  HG2  57.217  -17.485  10.37  2.44
566  37  GLN  HG3  57.786  -16.691  11.59  2.45
567  37  GLN  HE21  58.749  -19.223  10.405  7.37
568  37  GLN  HE22  58.873  -20.175  11.557  6.8
569  38  ASP  N  53.92  -19.664  12.706  119.79
570  38  ASP  CA  53.66  -21.038  13.154  57.48
571  38  ASP  C  52.831  -21.828  12.13  178.51
572  38  ASP  O  53.141  -22.989  11.849  1.9
573  38  ASP  CB  52.995  -21.027  14.539  40.47
574  38  ASP  CG  52.764  -22.452  15.068  1.3
575  38  ASP  OD1  53.736  -23.087  15.541  1.17
576  38  ASP  OD2  51.608  -22.936  15.023  1.7
577  38  ASP  H  53.562  -19.014  13.14  8.54
578  38  ASP  HA  54.511  -21.495  13.238  4.43
579  38  ASP  HB2  53.566  -20.546  15.158  2.63
580  38  ASP  HB3  52.149  -20.555  14.49  2.75
581  39  ALA  N  51.847  -21.192  11.481  121.86
582  39  ALA  CA  51.153  -21.798  10.341  55.23
583  39  ALA  C  52.127  -22.107  9.202  181.28
584  39  ALA  O  52.144  -23.22  8.684  29.32
585  39  ALA  CB  50.004  -20.918  9.821  18.98
586  39  ALA  H  51.655  -20.391  11.727  8.33
587  39  ALA  HA  50.788  -22.644  10.644  4.24
588  39  ALA  HB1  49.349  -21.497  9.401  3.52
589  39  ALA  HB2  49.611  -20.388  10.532  1.55
590  39  ALA  HB3  50.323  -20.293  9.151  1.41
591  40  GLN  N  52.979  -21.138  8.869  119.19
592  40  GLN  CA  53.996  -21.219  7.825  59.34
593  40  GLN  C  55.08  -22.257  8.142  178.13
594  40  GLN  O  55.701  -22.761  7.219  1.22
595  40  GLN  CB  54.612  -19.82  7.634  28.99
596  40  GLN  CG  55.273  -19.616  6.264  34.55
597  40  GLN  CD  55.733  -18.168  6.088  176.2
598  40  GLN  OE1  56.49  -17.625  6.883  21.98
599  40  GLN  NE2  55.281  -17.466  5.07  8.55
600  40  GLN  H  52.91  -20.398  9.302  8.92
601  40  GLN  HA  53.562  -21.503  7.005  3.79
602  40  GLN  HB2  53.921  -19.147  7.736  2.17
603  40  GLN  HB3  55.273  -19.666  8.327  2.28
604  40  GLN  HG2  56.043  -20.2  6.176  2.23
605  40  GLN  HG3  54.639  -19.842  5.565  2.32
606  40  GLN  HE21  54.707  -17.798  4.522  7.21
607  40  GLN  HE22  55.544  -16.651  4.992  6.72
608  41  ALA  N  55.328  -22.593  9.41  122.12
609  41  ALA  CA  56.177  -23.716  9.827  55.56
610  41  ALA  C  55.492  -25.086  9.776  180.46
611  41  ALA  O  56.131  -26.051  9.351  22.07
612  41  ALA  CB  56.802  -23.42  11.185  18.16
613  41  ALA  H  54.943  -22.119  10.016  8.25
614  41  ALA  HA  56.902  -23.807  9.189  4.12
615  41  ALA  HB1  57.426  -24.132  11.397  59.68
616  41  ALA  HB2  57.289  -22.583  11.13  177.12
617  41  ALA  HB3  56.115  -23.364  11.868  118.38
618  42  ASN  N  54.203  -25.198  10.122  115.17
619  42  ASN  CA  53.462  -26.435  9.853  56.27
620  42  ASN  C  53.398  -26.647  8.33  177.23
621  42  ASN  O  53.488  -27.775  7.843  4.54
622  42  ASN  CB  52.063  -26.428  10.499  38.87
623  42  ASN  CG  52.105  -26.591  12.011  3.67
624  42  ASN  OD1  51.982  -27.688  12.539  21.48
625  42  ASN  ND2  52.281  -25.53  12.764  113.42
626  42  ASN  H  53.776  -24.502  10.39  8.09
627  42  ASN  HA  53.968  -27.181  10.211  4.44
628  42  ASN  HB2  51.528  -25.66  10.246  2.86
629  42  ASN  HB3  51.588  -27.198  10.148  2.79
630  42  ASN  HD21  52.429  -24.758  12.415  7.64
631  42  ASN  HD22  52.29  -25.627  13.618  7.12
632  43  LEU  N  53.338  -25.542  7.579  119.7
633  43  LEU  CA  53.492  -25.516  6.145  57.48
634  43  LEU  C  54.928  -25.801  5.72  177.85
635  43  LEU  O  55.132  -26.549  4.79  53.68
636  43  LEU  CB  52.991  -24.159  5.609  42.44
637  43  LEU  CG  52.455  -24.289  4.195  27.21
638  43  LEU  CD1  51.168  -25.086  4.264  24.4
639  43  LEU  CD2  52.099  -22.957  3.559  25.7
640  43  LEU  H  53.181  -24.787  7.961  7.78
641  43  LEU  HA  52.963  -26.247  5.788  4.02
642  43  LEU  HB2  52.292  -23.799  6.177  1.7
643  43  LEU  HB3  53.718  -23.518  5.58  1.26
644  43  LEU  HG  53.131  -24.722  3.651  1.43
645  43  LEU  HD11  51.366  -26.03  4.371  175.72
646  43  LEU  HD12  50.656  -24.748  5.015  123.97
647  43  LEU  HD13  50.688  -24.988  3.427  8.44
648  43  LEU  HD21  52.888  -22.394  3.522  5.21
649  43  LEU  HD22  51.791  -23.137  2.657  2.82
650  43  LEU  HD23  51.395  -22.53  4.071  2.65
651  44  THR  N  55.949  -25.32  6.415  112.35
652  44  THR  CA  57.348  -25.586  6.042  66.1
653  44  THR  C  57.659  -27.082  6.095  175.95
654  44  THR  O  58.381  -27.613  5.247  7.08
655  44  THR  CB  58.337  -24.828  6.93  69.19
656  44  THR  OG1  58.29  -23.447  6.652  21.98
657  44  THR  CG2  59.763  -25.292  6.692  22.05
658  44  THR  H  55.771  -24.773  7.055  8.08
659  44  THR  HA  57.474  -25.279  5.131  3.81
660  44  THR  HB  58.132  -24.992  7.864  4.19
661  44  THR  HG1  57.497  -23.193  6.764  8.87
662  44  THR  HG21  60.378  -24.675  7.118  3.79
663  44  THR  HG22  59.865  -26.171  7.09  8.84
664  44  THR  HG23  59.921  -25.346  5.736  2.41
665  45  LYS  N  57.087  -27.771  7.085  117.53
666  45  LYS  CA  57.176  -29.23  7.219  58.35
667  45  LYS  C  56.566  -29.991  6.034  5.12
668  45  LYS  O  57.074  -31.056  5.675  5.12
669  45  LYS  CB  56.548  -29.643  8.552  33.76
670  45  LYS  CG  57.397  -29.247  9.767  25.38
671  45  LYS  CD  56.726  -29.709  11.067  29.49
672  45  LYS  CE  57.605  -29.322  12.261  42.34
673  45  LYS  NZ  56.978  -29.708  13.553  59.64
674  45  LYS  H  56.629  -27.323  7.658  7.4
675  45  LYS  HA  58.109  -29.496  7.212  4.09
676  45  LYS  HB2  55.677  -29.223  8.631  1.87
677  45  LYS  HB3  56.441  -30.607  8.556  1.82
678  45  LYS  HG2  58.273  -29.656  9.692  1.46
679  45  LYS  HG3  57.499  -28.283  9.794  1.46
680  45  LYS  HD2  55.858  -29.284  11.148  1.62
681  45  LYS  HD3  56.611  -30.672  11.048  1.62
682  45  LYS  HE2  58.465  -29.76  12.162  2.95
683  45  LYS  HE3  57.752  -28.364  12.235  2.95
684  45  LYS  HZ1  56.187  -29.314  13.659  3.34
685  45  LYS  HZ2  56.844  -30.587  13.591  3.34
686  45  LYS  HZ3  57.493  -29.484  14.244  122.21
687  46  ASN  N  55.532  -29.439  5.398  52.38
688  46  ASN  CA  54.934  -29.933  4.169  51.6
689  46  ASN  C  54.273  -28.793  3.36  54.17
690  46  ASN  O  53.08  -28.548  3.545  122.47
691  46  ASN  CB  53.995  -31.072  4.553  39.98
692  46  ASN  CG  53.649  -31.956  3.358  179.24
693  46  ASN  OD1  54.035  -33.114  3.289  29.87
694  46  ASN  ND2  52.975  -31.452  2.349  114.55
695  46  ASN  H  55.182  -28.725  5.726  7.53
696  46  ASN  HA  55.631  -30.297  3.601  5.09
697  46  ASN  HB2  54.416  -31.653  5.205  2.74
698  46  ASN  HB3  53.242  -30.663  5.008  2.69
699  46  ASN  HD21  52.623  -30.67  2.416  7.61
700  46  ASN  HD22  52.795  -31.97  1.686  6.96
701  47  PRO  N  55.026  -28.078  2.492  2.19
702  47  PRO  CA  54.595  -26.836  1.834  65.24
703  47  PRO  C  53.2  -26.764  1.218  177.74
704  47  PRO  O  52.628  -25.676  1.187  2.4
705  47  PRO  CB  55.684  -26.523  0.829  32.52
706  47  PRO  CG  56.948  -26.982  1.552  27.67
707  47  PRO  CD  56.479  -28.186  2.371  50.64
708  47  PRO  HA  54.618  -26.122  2.491  4.52
709  47  PRO  HB2  55.545  -27.061  0.034  2.26
710  47  PRO  HB3  55.697  -25.571  0.642  1.91
711  47  PRO  HG2  57.651  -27.224  0.929  1.99
712  47  PRO  HG3  57.25  -26.282  2.152  1.91
713  47  PRO  HD2  56.736  -29.012  1.933  3.62
714  47  PRO  HD3  56.895  -28.157  3.247  3.46
715  48  SER  N  52.616  -27.881  0.78  110.63
716  48  SER  CA  51.241  -27.943  0.319  57.68
717  48  SER  C  50.376  -29.02  0.972  0.87
718  48  SER  O  49.432  -29.541  0.376  174.2
719  48  SER  CB  51.266  -27.941  -1.195  64.05
720  48  SER  OG  51.848  -29.132  -1.712  70.77
721  48  SER  H  53.096  -28.563  0.569  8.11
722  48  SER  HA  50.807  -27.126  0.612  4.54
723  48  SER  HB2  50.357  -27.818  -1.512  3.94
724  48  SER  HB3  51.807  -27.177  -1.451  3.87
725  48  SER  HG  51.854  -29.08  -2.55  62.09
726  49  ASP  N  50.702  -29.347  2.228  176.74
727  49  ASP  CA  49.831  -30.16  3.089  52.12
728  49  ASP  C  48.532  -29.351  3.229  62.38
729  49  ASP  O  48.579  -28.181  3.609  9.04
730  49  ASP  CB  50.508  -30.481  4.431  43.15
731  49  ASP  CG  49.562  -31.045  5.513  3.09
732  49  ASP  OD1  48.543  -30.402  5.854  3.18
733  49  ASP  OD2  49.838  -32.158  6.021  3.19
734  49  ASP  H  51.327  -28.884  2.595  7.56
735  49  ASP  HA  49.645  -31.003  2.647  4.84
736  49  ASP  HB2  51.151  -31.18  4.236  2.98
737  49  ASP  HB3  51.042  -29.738  4.754  2.63
738  50  PRO  N  47.369  -29.917  2.889  124.63
739  50  PRO  CA  46.152  -29.138  2.769  65.41
740  50  PRO  C  45.573  -28.615  4.075  179.67
741  50  PRO  O  44.919  -27.582  4.043  7.71
742  50  PRO  CB  45.171  -30.048  2.057  32.71
743  50  PRO  CG  45.643  -31.464  2.398  27.85
744  50  PRO  CD  47.153  -31.307  2.548  51.76
745  50  PRO  HA  46.324  -28.372  2.199  4.3
746  50  PRO  HB2  44.274  -29.889  2.39  2.02
747  50  PRO  HB3  45.257  -29.865  1.108  2.38
748  50  PRO  HG2  45.265  -31.736  3.249  2.13
749  50  PRO  HG3  45.413  -32.098  1.7  2.07
750  50  PRO  HD2  47.492  -31.873  3.259  4.26
751  50  PRO  HD3  47.595  -31.504  1.708  3.95
752  51  THR  N  45.815  -29.258  5.217  115.1
753  51  THR  CA  45.452  -28.701  6.533  66.11
754  51  THR  C  46.445  -27.637  6.96  175.92
755  51  THR  O  46.019  -26.604  7.455  118.1
756  51  THR  CB  45.408  -29.811  7.577  68.36
757  51  THR  OG1  44.219  -30.564  7.435  28.38
758  51  THR  CG2  45.481  -29.312  9.018  22.24
759  51  THR  H  46.347  -29.934  5.196  8.13
760  51  THR  HA  44.584  -28.268  6.513  4.05
761  51  THR  HB  46.174  -30.382  7.41  4.31
762  51  THR  HG1  44.22  -30.9  6.665  6.55
763  51  THR  HG21  46.362  -28.95  9.198  6.55
764  51  THR  HG22  44.812  -28.621  9.145  6.52
765  51  THR  HG23  45.319  -30.053  9.623  6.52
766  52  ALA  N  47.744  -27.827  6.743  124.75
767  52  ALA  CA  48.746  -26.782  6.933  55.29
768  52  ALA  C  48.436  -25.542  6.101  181.35
769  52  ALA  O  48.539  -24.418  6.591  179.14
770  52  ALA  CB  50.105  -27.401  6.575  18.65
771  52  ALA  H  47.999  -28.576  6.406  8.1
772  52  ALA  HA  48.734  -26.447  7.843  4.11
773  52  ALA  HB1  50.109  -27.69  5.649  26.56
774  52  ALA  HB2  50.801  -26.737  6.702  22.21
775  52  ALA  HB3  50.288  -28.18  7.123  7.74
776  53  LEU  N  48.014  -25.744  4.86  119.06
777  53  LEU  CA  47.723  -24.676  3.919  58.52
778  53  LEU  C  46.347  -24.065  4.194  178.17
779  53  LEU  O  46.2  -22.851  4.121  1.48
780  53  LEU  CB  47.913  -25.27  2.517  42.1
781  53  LEU  CG  48.143  -24.308  1.34  27.44
782  53  LEU  CD1  48.702  -22.95  1.728  24.39
783  53  LEU  CD2  49.185  -24.961  0.435  25.37
784  53  LEU  H  48.033  -26.551  4.563  7.97
785  53  LEU  HA  48.387  -23.985  4.068  4.16
786  53  LEU  HB2  48.71  -25.82  2.577  1.68
787  53  LEU  HB3  47.173  -25.86  2.305  1.68
788  53  LEU  HG  47.315  -24.178  0.852  1.54
789  53  LEU  HD11  49.48  -23.09  2.291  110.9
790  53  LEU  HD12  48.965  -22.473  0.926  29.75
791  53  LEU  HD13  48.027  -22.445  2.208  36.59
792  53  LEU  HD21  48.889  -25.861  0.226  2.07
793  53  LEU  HD22  49.285  -24.451  -0.384  2.22
794  53  LEU  HD23  50.035  -24.974  0.902  2.03
795  54  ALA  N  45.369  -24.868  4.619  120.81
796  54  ALA  CA  44.09  -24.389  5.134  55.4
797  54  ALA  C  44.288  -23.547  6.401  180.63
798  54  ALA  O  43.674  -22.493  6.556  1.89
799  54  ALA  CB  43.187  -25.595  5.44  18.32
800  54  ALA  H  45.494  -25.719  4.594  8.02
801  54  ALA  HA  43.682  -23.824  4.46  4.18
802  54  ALA  HB1  42.37  -25.298  5.871  55.26
803  54  ALA  HB2  42.953  -26.053  4.618  176.9
804  54  ALA  HB3  43.642  -26.218  6.027  17.97
805  55  ASN  N  45.183  -23.992  7.283  115.62
806  55  ASN  CA  45.54  -23.335  8.53  56.55
807  55  ASN  C  46.215  -21.992  8.263  177.09
808  55  ASN  O  45.75  -20.956  8.729  23.06
809  55  ASN  CB  46.456  -24.286  9.314  38.78
810  55  ASN  CG  47.044  -23.715  10.576  4.2
811  55  ASN  OD1  46.35  -23.341  11.508  1.58
812  55  ASN  ND2  48.354  -23.676  10.639  111.87
813  55  ASN  H  45.556  -24.749  7.119  8.52
814  55  ASN  HA  44.717  -23.179  9.019  4.49
815  55  ASN  HB2  45.961  -25.079  9.573  2.76
816  55  ASN  HB3  47.192  -24.564  8.746  2.89
817  55  ASN  HD21  48.821  -23.939  9.967  7.58
818  55  ASN  HD22  48.709  -23.368  11.359  6.88
819  56  TYR  N  47.268  -22.004  7.446  118.09
820  56  TYR  CA  47.914  -20.784  6.95  61.99
821  56  TYR  C  46.939  -19.849  6.246  177.27
822  56  TYR  O  46.905  -18.682  6.602  7.87
823  56  TYR  CB  49.126  -21.183  6.098  39.12
824  56  TYR  CG  49.944  -20.126  5.378  39.85
825  56  TYR  CD1  50.905  -19.378  6.087  8.16
826  56  TYR  CD2  49.912  -20.061  3.97  4.6
827  56  TYR  CE1  51.864  -18.616  5.395  113.52
828  56  TYR  CE2  50.875  -19.306  3.272  7.28
829  56  TYR  CZ  51.876  -18.609  3.985  4.74
830  56  TYR  OH  52.85  -17.921  3.327  2.85
831  56  TYR  H  47.574  -22.773  7.211  7.83
832  56  TYR  HA  48.207  -20.262  7.713  4.05
833  56  TYR  HB2  49.756  -21.612  6.698  3.24
834  56  TYR  HB3  48.841  -21.844  5.448  2.97
835  56  TYR  HD1  50.943  -19.417  7.015  6.79
836  56  TYR  HD2  49.295  -20.57  3.496  6.79
837  56  TYR  HE1  52.504  -18.13  5.863  4.19
838  56  TYR  HE2  50.876  -19.295  2.342  18.58
839  56  TYR  HH  52.761  -17.966  2.493  1.76
840  57  GLN  N  46.063  -20.326  5.365  115.91
841  57  GLN  CA  45.071  -19.466  4.703  59.34
842  57  GLN  C  44.03  -18.888  5.683  179.03
843  57  GLN  O  43.652  -17.723  5.556  1.4
844  57  GLN  CB  44.386  -20.215  3.548  28.47
845  57  GLN  CG  45.294  -20.33  2.31  34.4
846  57  GLN  CD  45.509  -18.988  1.608  2.5
847  57  GLN  OE1  44.599  -18.398  1.038  2.52
848  57  GLN  NE2  46.709  -18.446  1.617  110.91
849  57  GLN  H  46.083  -21.168  5.191  8.45
850  57  GLN  HA  45.55  -18.712  4.326  3.76
851  57  GLN  HB2  44.129  -21.101  3.847  2.06
852  57  GLN  HB3  43.578  -19.743  3.293  2.22
853  57  GLN  HG2  46.153  -20.7  2.568  2.61
854  57  GLN  HG3  44.886  -20.942  1.678  2.43
855  57  GLN  HE21  47.367  -18.841  2.005  7.39
856  57  GLN  HE22  46.817  -17.689  1.223  6.87
857  58  MET  N  43.597  -19.655  6.689  118.39
858  58  MET  CA  42.666  -19.208  7.734  59.24
859  58  MET  C  43.292  -18.163  8.66  178.72
860  58  MET  O  42.711  -17.1  8.886  38.12
861  58  MET  CB  42.198  -20.436  8.529  32.92
862  58  MET  CG  41.263  -20.103  9.698  133.68
863  58  MET  SD  40.798  -21.527  10.725  133.71
864  58  MET  CE  42.387  -21.882  11.535  17.34
865  58  MET  H  43.865  -20.471  6.721  8.2
866  58  MET  HA  41.894  -18.795  7.316  4.19
867  58  MET  HB2  41.726  -21.028  7.923  2.23
868  58  MET  HB3  42.978  -20.899  8.873  32.88
869  58  MET  HG2  41.681  -19.446  10.276  4.59
870  58  MET  HG3  40.453  -19.712  9.334  3.18
871  58  MET  HE1  42.729  -21.077  11.955  3
872  58  MET  HE2  42.26  -22.564  12.213  7.04
873  58  MET  HE3  43.03  -22.202  10.883  7.04
874  59  ILE  N  44.495  -18.43  9.166  119.77
875  59  ILE  CA  45.237  -17.504  10.008  63.77
876  59  ILE  C  45.633  -16.271  9.194  177.85
877  59  ILE  O  45.596  -15.166  9.719  122.79
878  59  ILE  CB  46.439  -18.245  10.617  37.78
879  59  ILE  CG1  45.973  -19.363  11.58  29.48
880  59  ILE  CG2  47.344  -17.298  11.404  18.89
881  59  ILE  CD  47.131  -20.241  12.051  42.59
882  59  ILE  H  44.893  -19.165  8.965  7.99
883  59  ILE  HA  44.661  -17.199  10.727  3.89
884  59  ILE  HB  46.959  -18.634  9.897  1.72
885  59  ILE  HG12  45.533  -18.972  12.351  1.55
886  59  ILE  HG13  45.338  -19.949  11.14  1.2
887  59  ILE  HG21  46.896  -17.013  12.216  1.62
888  59  ILE  HG22  48.165  -17.772  11.611  1.42
889  59  ILE  HG23  47.574  -16.515  10.879  1.34
890  59  ILE  HD11  47.881  -19.659  12.586  25.77
891  59  ILE  HD12  46.755  -21.01  12.72  26.57
892  59  ILE  HD13  47.579  -20.697  11.17  22.67
893  60  MET  N  45.939  -16.422  7.903  118.97
894  60  MET  CA  46.238  -15.303  7.009  58.19
895  60  MET  C  45.018  -14.426  6.722  178.56
896  60  MET  O  45.143  -13.206  6.635  1.85
897  60  MET  CB  46.855  -15.798  5.703  31.45
898  60  MET  CG  47.631  -14.673  5.032  176.02
899  60  MET  SD  48.634  -15.221  3.632  57.28
900  60  MET  CE  49.921  -16.053  4.597  17.47
901  60  MET  H  46.025  -17.221  7.597  8.44
902  60  MET  HA  46.908  -14.763  7.456  4.18
903  60  MET  HB2  47.508  -16.487  5.903  1.65
904  60  MET  HB3  46.174  -16.164  5.117  1.76
905  60  MET  HG2  47.018  -13.98  4.74  2.19
906  60  MET  HG3  48.234  -14.316  5.703  176.8
907  60  MET  HE1  50.172  -15.472  5.332  4.86
908  60  MET  HE2  49.602  -16.899  4.949  3.47
909  60  MET  HE3  50.697  -16.208  4.036  3.28
910  61  SER  N  43.831  -15.029  6.63  113.32
911  61  SER  CA  42.557  -14.307  6.547  62.13
912  61  SER  C  42.332  -13.436  7.79  176.86
913  61  SER  O  41.968  -12.266  7.664  7.66
914  61  SER  CB  41.388  -15.285  6.345  62.98
915  61  SER  OG  41.486  -15.923  5.083  61.9
916  61  SER  H  43.819  -15.889  6.651  7.98
917  61  SER  HA  42.584  -13.715  5.779  4.27
918  61  SER  HB2  41.38  -15.96  7.042  4.03
919  61  SER  HB3  40.554  -14.791  6.383  4.03
920  61  SER  HG  42.141  -16.448  5.111  22.48
921  62  GLU  N  42.627  -13.957  8.986  121.27
922  62  GLU  CA  42.589  -13.181  10.237  59.67
923  62  GLU  C  43.711  -12.136  10.338  178.59
924  62  GLU  O  43.455  -10.995  10.722  114.91
925  62  GLU  CB  42.627  -14.123  11.454  30.14
926  62  GLU  CG  41.334  -14.937  11.587  36.72
927  62  GLU  CD  41.318  -15.746  12.898  41.77
928  62  GLU  OE1  41.893  -16.86  12.941  112.8
929  62  GLU  OE2  40.719  -15.275  13.897  57.54
930  62  GLU  H  42.857  -14.785  9.027  7.81
931  62  GLU  HA  41.762  -12.675  10.258  4.09
932  62  GLU  HB2  43.383  -14.727  11.387  2.15
933  62  GLU  HB3  42.737  -13.589  12.256  32.05
934  62  GLU  HG2  40.579  -14.329  11.569  2.38
935  62  GLU  HG3  41.244  -15.535  10.828  2.26
936  63  TYR  N  44.933  -12.496  9.941  119.73
937  63  TYR  CA  46.105  -11.618  9.889  61.8
938  63  TYR  C  45.837  -10.387  9.031  176.1
939  63  TYR  O  45.995  -9.253  9.485  1.86
940  63  TYR  CB  47.308  -12.416  9.357  38.99
941  63  TYR  CG  48.574  -11.632  9.075  2.62
942  63  TYR  CD1  49.483  -11.336  10.111  110.34
943  63  TYR  CD2  48.902  -11.326  7.74  128.05
944  63  TYR  CE1  50.729  -10.752  9.804  9.15
945  63  TYR  CE2  50.148  -10.755  7.43  120.92
946  63  TYR  CZ  51.071  -10.472  8.46  55.38
947  63  TYR  OH  52.283  -9.936  8.152  180.88
948  63  TYR  H  45.04  -13.317  9.709  8.86
949  63  TYR  HA  46.315  -11.306  10.783  4.15
950  63  TYR  HB2  47.517  -13.125  9.985  3.21
951  63  TYR  HB3  47.073  -12.853  8.524  2.97
952  63  TYR  HD1  49.276  -11.554  10.991  7.57
953  63  TYR  HD2  48.313  -11.541  7.053  3.2
954  63  TYR  HE1  51.34  -10.574  10.482  8.72
955  63  TYR  HE2  50.374  -10.597  6.542  116.05
956  63  TYR  HH  52.78  -9.862  8.825  65.72
957  64  ASN  N  45.376  -10.606  7.803  115.88
958  64  ASN  CA  45.183  -9.534  6.837  56.06
959  64  ASN  C  44.021  -8.609  7.248  177.36
960  64  ASN  O  44.133  -7.386  7.145  23.62
961  64  ASN  CB  44.97  -10.152  5.446  38.5
962  64  ASN  CG  44.795  -9.091  4.371  7.68
963  64  ASN  OD1  43.695  -8.806  3.921  4
964  64  ASN  ND2  45.865  -8.465  3.935  111.6
965  64  ASN  H  45.217  -11.419  7.572  8.44
966  64  ASN  HA  46.005  -9.02  6.834  4.35
967  64  ASN  HB2  45.732  -10.707  5.217  2.88
968  64  ASN  HB3  44.179  -10.714  5.457  2.72
969  64  ASN  HD21  46.645  -8.664  4.239  7.59
970  64  ASN  HD22  45.764  -7.862  3.33  6.94
971  65  LEU  N  42.931  -9.185  7.772  119.58
972  65  LEU  CA  41.777  -8.441  8.29  58.1
973  65  LEU  C  42.137  -7.587  9.512  179.13
974  65  LEU  O  41.796  -6.406  9.558  3
975  65  LEU  CB  40.632  -9.425  8.604  42.2
976  65  LEU  CG  39.365  -8.775  9.2  132.01
977  65  LEU  CD1  38.747  -7.72  8.278  131.08
978  65  LEU  CD2  38.313  -9.85  9.474  131.08
979  65  LEU  H  42.917  -10.044  7.813  7.83
980  65  LEU  HA  41.481  -7.83  7.597  4.06
981  65  LEU  HB2  40.389  -9.885  7.785  1.78
982  65  LEU  HB3  40.957  -10.087  9.235  1.5
983  65  LEU  HG  39.586  -8.355  10.046  1.65
984  65  LEU  HD11  38.549  -8.109  7.412  7.09
985  65  LEU  HD12  37.929  -7.381  8.673  7.09
986  65  LEU  HD13  39.359  -6.976  8.166  6.46
987  65  LEU  HD21  38.049  -10.28  8.646  6.45
988  65  LEU  HD22  38.676  -10.516  10.078  6.06
989  65  LEU  HD23  37.534  -9.447  9.888  118.91
990  66  TYR  N  42.856  -8.153  10.483  118.34
991  66  TYR  CA  43.292  -7.407  11.667  60.65
992  66  TYR  C  44.283  -6.291  11.314  177.48
993  66  TYR  O  44.164  -5.181  11.833  40.17
994  66  TYR  CB  43.86  -8.353  12.734  38.67
995  66  TYR  CG  44.398  -7.641  13.967  175.3
996  66  TYR  CD1  43.61  -6.687  14.648  21.14
997  66  TYR  CD2  45.711  -7.899  14.408  8.07
998  66  TYR  CE1  44.151  -5.961  15.729  4.03
999  66  TYR  CE2  46.24  -7.202  15.51  2.67
1000  66  TYR  CZ  45.47  -6.215  16.16  2.35
1001  66  TYR  OH  45.996  -5.5  17.19  118.35
1002  66  TYR  H  43.061  -8.985  10.408  7.89
1003  66  TYR  HA  42.511  -6.971  12.042  4.21
1004  66  TYR  HB2  43.162  -8.967  13.012  3.01
1005  66  TYR  HB3  44.573  -8.874  12.332  2.94
1006  66  TYR  HD1  42.741  -6.511  14.367  36.13
1007  66  TYR  HD2  46.233  -8.527  13.964  122.58
1008  66  TYR  HE1  43.646  -5.306  16.155  55.87
1009  66  TYR  HE2  47.104  -7.379  15.806  178.1
1010  66  TYR  HH  46.785  -5.73  17.362  7.54
1011  67  ARG  N  45.201  -6.525  10.368  117.92
1012  67  ARG  CA  46.085  -5.472  9.835  58.35
1013  67  ARG  C  45.309  -4.361  9.121  177.83
1014  67  ARG  O  45.59  -3.189  9.36  2.46
1015  67  ARG  CB  47.191  -6.07  8.95  30.15
1016  67  ARG  CG  48.215  -6.832  9.807  27.35
1017  67  ARG  CD  49.424  -7.309  8.994  43.42
1018  67  ARG  NE  50.498  -6.294  8.993  179.79
1019  67  ARG  CZ  51.435  -6.147  9.918  175.9
1020  67  ARG  NH1  51.603  -6.997  10.888  18.7
1021  67  ARG  NH2  52.226  -5.118  9.909  8.48
1022  67  ARG  H  45.253  -7.324  10.053  8.19
1023  67  ARG  HA  46.519  -5.035  10.585  3.85
1024  67  ARG  HB2  46.803  -6.665  8.29  1.64
1025  67  ARG  HB3  47.649  -5.349  8.49  1.64
1026  67  ARG  HG2  48.521  -6.258  10.526  1.44
1027  67  ARG  HG3  47.791  -7.604  10.213  1.37
1028  67  ARG  HD2  49.751  -8.134  9.385  2.97
1029  67  ARG  HD3  49.151  -7.509  8.085  2.94
1030  67  ARG  HE  50.481  -5.705  8.367  27.7
1031  67  ARG  HH11  51.112  -7.702  10.922  121.18
1032  67  ARG  HH12  52.247  -6.885  11.447  127.27
1033  67  ARG  HH21  52.157  -4.508  9.306  176
1034  67  ARG  HH22  52.725  -4.993  10.598  129.27
1035  68  ASN  N  44.282  -4.69  8.334  116.5
1036  68  ASN  CA  43.367  -3.697  7.753  54.78
1037  68  ASN  C  42.589  -2.9  8.81  176.06
1038  68  ASN  O  42.449  -1.681  8.683  121.83
1039  68  ASN  CB  42.446  -4.392  6.736  38.85
1040  68  ASN  CG  41.532  -3.407  6.026  9.65
1041  68  ASN  OD1  40.353  -3.29  6.324  3.98
1042  68  ASN  ND2  42.046  -2.658  5.074  112.43
1043  68  ASN  H  44.145  -5.523  8.168  8.08
1044  68  ASN  HA  43.89  -3.023  7.291  4.54
1045  68  ASN  HB2  42.984  -4.851  6.072  2.78
1046  68  ASN  HB3  41.896  -5.052  7.186  2.79
1047  68  ASN  HD21  42.872  -2.741  4.85  7.54
1048  68  ASN  HD22  41.533  -2.093  4.678  6.87
1049  69  ALA  N  42.15  -3.551  9.886  121.93
1050  69  ALA  CA  41.491  -2.871  10.995  53.92
1051  69  ALA  C  42.452  -1.969  11.8  178.53
1052  69  ALA  O  42.071  -0.872  12.209  179.71
1053  69  ALA  CB  40.805  -3.916  11.885  18.98
1054  69  ALA  H  42.23  -4.407  9.906  7.89
1055  69  ALA  HA  40.819  -2.297  10.596  4.18
1056  69  ALA  HB1  40.29  -3.468  12.574  27.92
1057  69  ALA  HB2  40.207  -4.461  11.35  18.87
1058  69  ALA  HB3  41.468  -4.486  12.305  8.07
1059  70  GLN  N  43.712  -2.382  11.971  116.41
1060  70  GLN  CA  44.773  -1.571  12.574  56.96
1061  70  GLN  C  45.109  -0.34  11.711  2.48
1062  70  GLN  O  45.198  0.771  12.234  119.23
1063  70  GLN  CB  46.003  -2.467  12.818  29.58
1064  70  GLN  CG  47.086  -1.819  13.694  34.07
1065  70  GLN  CD  46.595  -1.486  15.104  177.96
1066  70  GLN  OE1  46.457  -0.332  15.488  28.57
1067  70  GLN  NE2  46.301  -2.468  15.931  112.47
1068  70  GLN  H  43.909  -3.182  11.724  8.02
1069  70  GLN  HA  44.45  -1.25  13.431  4.12
1070  70  GLN  HB2  45.716  -3.287  13.25  2.07
1071  70  GLN  HB3  46.399  -2.706  11.965  1.9
1072  70  GLN  HG2  47.833  -2.434  13.765  2.2
1073  70  GLN  HG3  47.408  -1.009  13.267  2.2
1074  70  GLN  HE21  46.381  -3.29  15.691  7.26
1075  70  GLN  HE22  46.027  -2.267  16.721  6.76
1076  71  SER  N  45.207  -0.49  10.385  2.58
1077  71  SER  CA  45.336  0.643  9.453  59.5
1078  71  SER  C  44.127  1.587  9.505  6.71
1079  71  SER  O  44.3  2.806  9.486  122.53
1080  71  SER  CB  45.537  0.152  8.015  63.77
1081  71  SER  OG  46.781  -0.521  7.896  177.4
1082  71  SER  H  45.21  -1.285  10.058  8.11
1083  71  SER  HA  46.118  1.16  9.7  4.34
1084  71  SER  HB2  44.812  -0.444  7.768  3.93
1085  71  SER  HB3  45.533  0.915  7.416  3.85
1086  71  SER  HG  46.873  -0.771  7.099  132.9
1087  72  SER  N  42.908  1.052  9.646  117.73
1088  72  SER  CA  41.686  1.85  9.845  59.17
1089  72  SER  C  41.706  2.628  11.169  174.51
1090  72  SER  O  41.29  3.789  11.206  57.08
1091  72  SER  CB  40.43  0.97  9.789  63.93
1092  72  SER  OG  40.317  0.318  8.533  3.09
1093  72  SER  H  42.838  0.195  9.617  2.87
1094  72  SER  HA  41.621  2.5  9.128  4.37
1095  72  SER  HB2  40.455  0.309  10.499  3.9
1096  72  SER  HB3  39.649  1.53  9.921  3.84
1097  72  SER  HG  40.927  -0.257  8.476  6.43
1098  73  ALA  N  42.247  2.036  12.241  123.99
1099  73  ALA  CA  42.46  2.721  13.516  53.43
1100  73  ALA  C  43.482  3.863  13.4  177.97
1101  73  ALA  O  43.221  4.977  13.849  59.5
1102  73  ALA  CB  42.865  1.701  14.59  19.47
1103  73  ALA  H  42.473  1.208  12.185  8.08
1104  73  ALA  HA  41.617  3.12  13.783  4.26
1105  73  ALA  HB1  42.91  2.143  15.452  36.45
1106  73  ALA  HB2  42.208  0.989  14.639  117.35
1107  73  ALA  HB3  43.734  1.318  14.389  66.88
1108  74  VAL  N  44.612  3.63  12.728  117.3
1109  74  VAL  CA  45.65  4.629  12.45  63.21
1110  74  VAL  C  45.11  5.788  11.596  176.4
1111  74  VAL  O  45.361  6.951  11.916  1.87
1112  74  VAL  CB  46.85  3.906  11.806  1.87
1113  74  VAL  CG1  47.841  4.858  11.15  21.29
1114  74  VAL  CG2  47.612  3.091  12.86  21.6
1115  74  VAL  H  44.755  2.834  12.436  7.92
1116  74  VAL  HA  45.947  5.014  13.289  3.98
1117  74  VAL  HB  46.528  3.3  11.12  2.04
1118  74  VAL  HG11  47.417  5.283  10.389  7.67
1119  74  VAL  HG12  48.126  5.526  11.793  63.2
1120  74  VAL  HG13  48.607  4.354  10.833  124.32
1121  74  VAL  HG21  47.017  2.464  13.3  7.7
1122  74  VAL  HG22  48.324  2.588  12.435  4.15
1123  74  VAL  HG23  47.993  3.681  13.529  3.98
1124  75  LYS  N  44.288  5.5  10.576  123.2
1125  75  LYS  CA  43.555  6.493  9.761  56.88
1126  75  LYS  C  42.557  7.347  10.57  119.24
1127  75  LYS  O  42.189  8.438  10.133  59.5
1128  75  LYS  CB  42.869  5.744  8.596  178.36
1129  75  LYS  CG  42.086  6.607  7.589  21.57
1130  75  LYS  CD  42.949  7.67  6.888  30.59
1131  75  LYS  CE  42.156  8.463  5.837  37.21
1132  75  LYS  NZ  41.134  9.351  6.453  116.72
1133  75  LYS  H  44.18  4.669  10.382  8.26
1134  75  LYS  HA  44.205  7.111  9.392  4.28
1135  75  LYS  HB2  43.547  5.254  8.105  1.79
1136  75  LYS  HB3  42.252  5.093  8.966  1.73
1137  75  LYS  HG2  41.717  6.016  6.914  2.14
1138  75  LYS  HG3  41.341  7.03  8.044  2.03
1139  75  LYS  HD2  43.317  8.289  7.538  2.52
1140  75  LYS  HD3  43.687  7.225  6.443  2.17
1141  75  LYS  HE2  42.783  8.998  5.326  115.86
1142  75  LYS  HE3  41.736  7.84  5.224  64.26
1143  75  LYS  HZ1  41.508  9.97  6.972  177.18
1144  75  LYS  HZ2  40.654  9.769  5.831  9.35
1145  75  LYS  HZ3  40.57  8.884  6.958  31.98
1146  76  SER  N  42.166  6.888  11.761  21.4
1147  76  SER  CA  41.145  7.503  12.627  58.71
1148  76  SER  C  41.695  7.964  13.986  8.26
1149  76  SER  O  40.92  8.377  14.848  3.88
1150  76  SER  CB  39.987  6.515  12.848  64.09
1151  76  SER  OG  39.469  6.038  11.615  67.67
1152  76  SER  H  42.465  6.117  11.997  8.27
1153  76  SER  HA  40.776  8.291  12.198  4.41
1154  76  SER  HB2  40.299  5.763  13.375  3.88
1155  76  SER  HB3  39.278  6.961  13.337  3.83
1156  76  SER  HG  39.959  5.403  11.366  4.6
1157  77  MET  N  43.013  7.914  14.212  115.31
1158  77  MET  CA  43.623  8.128  15.536  56.22
1159  77  MET  C  43.279  9.48  16.191  176.11
1160  77  MET  O  43.121  9.545  17.412  3.95
1161  77  MET  CB  45.138  7.852  15.472  30.5
1162  77  MET  CG  45.961  8.822  14.613  44.57
1163  77  MET  SD  46.418  10.383  15.418  174.9
1164  77  MET  CE  47.392  11.132  14.084  17.35
1165  77  MET  H  43.515  7.602  13.587  8.43
1166  77  MET  HA  43.254  7.45  16.123  4.44
1167  77  MET  HB2  45.499  7.848  16.372  2.6
1168  77  MET  HB3  45.259  6.959  15.112  2.5
1169  77  MET  HG2  46.784  8.37  14.369  3.18
1170  77  MET  HG3  45.481  9.015  13.792  3.18
1171  77  MET  HE1  48.146  10.562  13.869  4.33
1172  77  MET  HE2  46.838  11.241  13.295  41.38
1173  77  MET  HE3  47.719  12  14.367  25.38
1174  78  LYS  N  43.065  10.537  15.391  23.88
1175  78  LYS  CA  42.618  11.865  15.861  57.04
1176  78  LYS  C  41.201  11.853  16.45  46.36
1177  78  LYS  O  40.911  12.618  17.368  174.38
1178  78  LYS  CB  42.694  12.891  14.715  118.28
1179  78  LYS  CG  44.13  13.115  14.209  7.58
1180  78  LYS  CD  44.227  14.208  13.133  3.94
1181  78  LYS  CE  43.904  15.603  13.688  3.94
1182  78  LYS  NZ  44.052  16.653  12.646  119.17
1183  78  LYS  H  43.19  10.423  14.548  55.78
1184  78  LYS  HA  43.208  12.157  16.573  4.25
1185  78  LYS  HB2  42.136  12.595  13.979  8.74
1186  78  LYS  HB3  42.34  13.732  15.043  31.26
1187  78  LYS  HG2  44.703  13.353  14.955  27.1
1188  78  LYS  HG3  44.46  12.288  13.824  43.45
1189  78  LYS  HD2  45.132  14.21  12.784  84.67
1190  78  LYS  HD3  43.622  13.995  12.406  120.68
1191  78  LYS  HE2  42.996  15.606  14.029  38.08
1192  78  LYS  HE3  44.5  15.788  14.43  175.8
1193  78  LYS  HZ1  43.863  17.458  12.976  7.86
1194  78  LYS  HZ2  44.883  16.681  12.329  4.37
1195  78  LYS  HZ3  43.502  16.511  11.961  1.79
1196  79  ASP  N  40.328  10.981  15.943  1.63
1197  79  ASP  CA  38.975  10.763  16.469  55.07
1198  79  ASP  C  38.991  9.806  17.674  1.52
1199  79  ASP  O  38.365  10.092  18.694  3.18
1200  79  ASP  CB  38.084  10.22  15.341  41.46
1201  79  ASP  CG  36.623  10.061  15.793  7.3
1202  79  ASP  OD1  35.929  11.092  15.963  56.78
1203  79  ASP  OD2  36.16  8.906  15.951  174.1
1204  79  ASP  H  40.606  10.447  15.329  177.49
1205  79  ASP  HA  38.604  11.608  16.767  4.56
1206  79  ASP  HB2  38.119  10.834  14.591  2.71
1207  79  ASP  HB3  38.429  9.367  15.034  2.59
1208  80  ILE  N  39.769  8.718  17.608  118.82
1209  80  ILE  CA  39.943  7.743  18.706  61.96
1210  80  ILE  C  40.481  8.408  19.985  175.96
1211  80  ILE  O  40.101  8.027  21.09  27.2
1212  80  ILE  CB  40.845  6.574  18.243  39.23
1213  80  ILE  CG1  40.188  5.819  17.06  23.62
1214  80  ILE  CG2  41.136  5.567  19.372  8.27
1215  80  ILE  CD  41.088  4.761  16.413  4.28
1216  80  ILE  H  40.182  8.573  16.867  7.97
1217  80  ILE  HA  39.071  7.381  18.927  4.08
1218  80  ILE  HB  41.693  6.952  17.961  1.84
1219  80  ILE  HG12  39.372  5.391  17.363  121.77
1220  80  ILE  HG13  39.943  6.447  16.363  8.16
1221  80  ILE  HG21  41.55  6.005  20.132  4.72
1222  80  ILE  HG22  40.311  5.139  19.65  2.92
1223  80  ILE  HG23  41.759  4.888  19.069  8.85
1224  80  ILE  HD11  42.069  5.187  16.206  7.29
1225  80  ILE  HD12  41.195  3.895  17.065  120.72
1226  80  ILE  HD13  40.636  4.435  15.478  55.82
1227  81  ASP  N  41.302  9.453  19.852  122.53
1228  81  ASP  CA  41.808  10.26  20.974  54.74
1229  81  ASP  C  40.706  10.981  21.796  176.66
1230  81  ASP  O  40.961  11.421  22.92  35.99
1231  81  ASP  CB  42.835  11.265  20.428  41.62
1232  81  ASP  CG  43.597  12.005  21.542  114.06
1233  81  ASP  OD1  44.353  11.347  22.299  54.38
1234  81  ASP  OD2  43.479  13.25  21.639  8.09
1235  81  ASP  H  41.577  9.643  19.06  8.31
1236  81  ASP  HA  42.267  9.651  21.573  4.61
1237  81  ASP  HB2  43.481  10.792  19.88  2.74
1238  81  ASP  HB3  42.377  11.903  19.859  2.63
1239  82  SER  N  39.476  11.067  21.27  116.12
1240  82  SER  CA  38.305  11.706  21.903  59.6
1241  82  SER  C  37.07  10.782  21.985  175.09
1242  82  SER  O  36.201  10.965  22.843  174.66
1243  82  SER  CB  37.975  12.985  21.123  63.77
1244  82  SER  OG  37.098  13.827  21.856  29.44
1245  82  SER  H  39.373  10.753  20.476  8.33
1246  82  SER  HA  38.531  11.963  22.811  4.34
1247  82  SER  HB2  38.796  13.471  20.951  3.85
1248  82  SER  HB3  37.575  12.749  20.272  3.93
1249  82  SER  HG  36.971  14.529  21.412  129.58
1250  83  SER  N  37.031  9.734  21.155  116.79
1251  83  SER  CA  35.927  8.773  20.979  59.99
1252  83  SER  C  36.462  7.33  20.956  177.19
1253  83  SER  O  36.185  6.551  20.041  18.47
1254  83  SER  CB  35.135  9.106  19.704  63.77
1255  83  SER  OG  34.534  10.393  19.794  2.95
1256  83  SER  H  37.653  9.696  20.563  8.43
1257  83  SER  HA  35.32  8.836  21.733  4.35
1258  83  SER  HB2  35.731  9.078  18.939  3.89
1259  83  SER  HB3  34.438  8.443  19.578  3.86
1260  83  SER  HG  34.167  10.561  19.057  174.62
1261  84  ILE  N  37.3  6.999  21.947  120.03
1262  84  ILE  CA  38.005  5.716  22.115  29.63
1263  84  ILE  C  37.091  4.487  21.921  176.33
1264  84  ILE  O  36.058  4.345  22.58  173.7
1265  84  ILE  CB  38.775  5.71  23.462  51.87
1266  84  ILE  CG1  39.586  4.42  23.719  29.88
1267  84  ILE  CG2  37.871  5.957  24.687  21.08
1268  84  ILE  CD  40.675  4.14  22.676  8.85
1269  84  ILE  H  37.472  7.613  22.524  7.79
1270  84  ILE  HA  38.674  5.685  21.413  4.08
1271  84  ILE  HB  39.409  6.444  23.43  1.87
1272  84  ILE  HG12  40.025  4.499  24.58  3.76
1273  84  ILE  HG13  38.989  3.656  23.762  125.68
1274  84  ILE  HG21  38.415  6.023  25.487  59.57
1275  84  ILE  HG22  37.378  6.787  24.593  178.5
1276  84  ILE  HG23  37.243  5.226  24.801  120.53
1277  84  ILE  HD11  40.227  3.888  21.717  55.63
1278  84  ILE  HD12  41.318  5.014  22.566  174.53
1279  84  ILE  HD13  41.28  3.296  23.007  53.78
1280  85  LEU  N  37.486  3.596  21.003  123.19
1281  85  LEU  CA  36.775  2.362  20.651  114.47
1282  85  LEU  C  37.758  1.324  20.085  62.88
1283  85  LEU  O  38.397  1.553  19.054  7.95
1284  85  LEU  CB  35.674  2.706  19.624  7.69
1285  85  LEU  CG  34.857  1.5  19.116  3.88
1286  85  LEU  CD1  34.102  0.787  20.239  8.78
1287  85  LEU  CD2  33.838  1.973  18.078  1.91
1288  85  LEU  H  38.207  3.763  20.565  8.01
1289  85  LEU  HA  36.363  1.996  21.449  55.2
1290  85  LEU  HB2  35.064  3.345  20.025  178.89
1291  85  LEU  HB3  36.089  3.135  18.86  8.32
1292  85  LEU  HG  35.45  0.866  18.684  17.89
1293  85  LEU  HD11  34.73  0.4  20.869  8.51
1294  85  LEU  HD12  33.523  1.412  20.703  119.77
1295  85  LEU  HD13  33.568  0.067  19.869  55.52
1296  85  LEU  HD21  33.219  2.603  18.479  174.63
1297  85  LEU  HD22  34.298  2.403  17.34  115.78
1298  85  LEU  HD23  33.343  1.213  17.733  29.4
1299  86  GLU  N  37.883  0.175  20.748  179.3
1300  86  GLU  CA  38.676  -0.959  20.262  181.23
1301  86  GLU  C  38.139  -1.504  18.922  27.67
1302  86  GLU  O  36.934  -1.694  18.746  33.97
1303  86  GLU  CB  38.799  -2.053  21.343  7.76
1304  86  GLU  CG  37.543  -2.874  21.7  8.6
1305  86  GLU  CD  36.394  -2.087  22.372  180
1306  86  GLU  OE1  36.633  -1.016  22.982  9.18
1307  86  GLU  OE2  35.234  -2.564  22.327  17.88
1308  86  GLU  H  37.433  0.06  21.472  8.16
1309  86  GLU  HA  39.574  -0.63  20.1  2.1
1310  86  GLU  HB2  39.47  -2.68  21.032  2.46
1311  86  GLU  HB3  39.153  -1.652  22.152  2.5
1312  86  GLU  HG2  37.22  -3.319  20.901  120.7
1313  86  GLU  HG3  37.822  -3.575  22.309  55.59
1314  87  HSE  N  39.041  -1.747  17.964  61.18
1315  87  HSE  CA  38.694  -2.174  16.599  176.3
1316  87  HSE  C  38.626  -3.709  16.427  29.68
1317  87  HSE  O  38.255  -4.195  15.354  63.88
1318  87  HSE  CB  39.678  -1.524  15.608  41.77
1319  87  HSE  CG  39.39  -0.066  15.319  7.98
1320  87  HSE  ND1  39.07  0.927  16.225  21.67
1321  87  HSE  CD2  39.367  0.511  14.076  26.07
1322  87  HSE  CE1  38.856  2.065  15.544  8.64
1323  87  HSE  NE2  39.026  1.863  14.225  4.32
1324  87  HSE  H  40.016  -1.567  18.162  125.76
1325  87  HSE  HA  37.697  -1.804  16.353  59.18
1326  87  HSE  HB2  40.699  -1.626  15.976  177.4
1327  87  HSE  HB3  39.621  -2.057  14.658  119.11
1328  87  HSE  HD1  38.971  0.836  17.234  39.18
1329  87  HSE  HD2  39.568  0.003  13.142  178.25
1330  87  HSE  HE1  38.575  3.01  15.996  43.58
1331  88  HSE  N  38.953  -4.485  17.468  60.91
1332  88  HSE  CA  38.798  -5.946  17.493  24.37
1333  88  HSE  C  37.323  -6.356  17.304  119.08
1334  88  HSE  O  36.442  -5.862  18.015  60.67
1335  88  HSE  CB  39.337  -6.502  18.822  7.42
1336  88  HSE  CG  40.754  -6.094  19.152  2.27
1337  88  HSE  ND1  41.895  -6.449  18.468  29.87
1338  88  HSE  CD2  41.146  -5.327  20.218  28.17
1339  88  HSE  CE1  42.95  -5.906  19.102  42.77
1340  88  HSE  NE2  42.542  -5.206  20.176  1.79
1341  88  HSE  H  39.252  -4.03  18.316  3
1342  88  HSE  HA  39.387  -6.371  16.677  3.19
1343  88  HSE  HB2  38.685  -6.172  19.635  119.93
1344  88  HSE  HB3  39.293  -7.591  18.787  119.62
1345  88  HSE  HD1  41.948  -7.04  17.646  58.68
1346  88  HSE  HD2  40.491  -4.906  20.969  180.1
1347  88  HSE  HE1  43.983  -6.024  18.796  1.91
1348  89  HSE  N  37.049  -7.26  16.359  28.28
1349  89  HSE  CA  35.695  -7.72  16.017  35.48
1350  89  HSE  C  35.689  -9.108  15.343  50.9
1351  89  HSE  O  36.741  -9.669  15.02  8.39
1352  89  HSE  CB  35.016  -6.666  15.113  4.56
1353  89  HSE  CG  35.643  -6.502  13.748  8.13
1354  89  HSE  ND1  36.732  -5.717  13.438  2.72
1355  89  HSE  CD2  35.223  -7.081  12.58  105.04
1356  89  HSE  CE1  36.966  -5.824  12.12  46.04
1357  89  HSE  NE2  36.065  -6.644  11.548  118.68
1358  89  HSE  H  37.812  -7.647  15.822  58.87
1359  89  HSE  HA  35.109  -7.805  16.934  115.01
1360  89  HSE  HB2  33.966  -6.933  14.98  54.38
1361  89  HSE  HB3  35.028  -5.699  15.618  178.5
1362  89  HSE  HD1  37.269  -5.146  14.091  36.37
1363  89  HSE  HD2  34.382  -7.754  12.476  38.08
1364  89  HSE  HE1  37.764  -5.314  11.591  178.1
1365  90  HSE  N  34.487  -9.637  15.092  132.97
1366  90  HSE  CA  34.236  -10.839  14.282  8.93
1367  90  HSE  C  33.041  -10.606  13.339  7.88
1368  90  HSE  O  33.157  -10.803  12.127  2
1369  90  HSE  CB  34.016  -12.038  15.218  2.07
1370  90  HSE  CG  33.725  -13.326  14.486  2.27
1371  90  HSE  ND1  32.482  -13.883  14.272  2.36
1372  90  HSE  CD2  34.644  -14.16  13.908  124.38
1373  90  HSE  CE1  32.647  -15.025  13.58  125.23
1374  90  HSE  NE2  33.954  -15.237  13.333  68.48
1375  90  HSE  H  33.685  -9.115  15.411  175.2
1376  90  HSE  HA  35.106  -11.048  13.657  17.77
1377  90  HSE  HB2  34.914  -12.183  15.821  30.68
1378  90  HSE  HB3  33.19  -11.825  15.898  4.26
1379  90  HSE  HD1  31.591  -13.515  14.586  1.23
1380  90  HSE  HD2  35.717  -14.006  13.898  8.05
1381  90  HSE  HE1  31.841  -15.681  13.268  119.12
1382  91  HSE  N  31.915  -10.12  13.876  118.68
1383  91  HSE  CA  30.779  -9.631  13.086  57.17
1384  91  HSE  C  31.154  -8.294  12.41  179.2
1385  91  HSE  O  31.837  -7.463  13.02  30.51
1386  91  HSE  CB  29.568  -9.464  14.016  40.37
1387  91  HSE  CG  28.316  -9.022  13.302  27.67
1388  91  HSE  ND1  27.854  -7.728  13.184  28.27
1389  91  HSE  CD2  27.422  -9.829  12.647  115.51
1390  91  HSE  CE1  26.713  -7.752  12.474  57.98
1391  91  HSE  NE2  26.407  -9.016  12.124  176.9
1392  91  HSE  H  31.868  -10.007  14.877  1.41
1393  91  HSE  HA  30.532  -10.363  12.314  30.38
1394  91  HSE  HB2  29.364  -10.418  14.507  27.18
1395  91  HSE  HB3  29.806  -8.733  14.791  1.97
1396  91  HSE  HD1  28.286  -6.896  13.571  1.82
1397  91  HSE  HD2  27.494  -10.905  12.556  1.75
1398  91  HSE  HE1  26.12  -6.877  12.227  3.32
1399  92  HSE  N  30.714  -8.077  11.164  3.32
1400  92  HSE  CA  31.076  -6.914  10.337  6.35
1401  92  HSE  C  29.912  -6.481  9.422  122.98
1402  92  HSE  O  29.419  -7.315  8.627  59.27
1403  92  HSE  CB  32.351  -7.252  9.539  181.1
1404  92  HSE  CG  33.059  -6.051  8.961  24.71
1405  92  HSE  ND1  34.297  -5.585  9.342  29.57
1406  92  HSE  CD2  32.623  -5.237  7.947  27.07
1407  92  HSE  CE1  34.602  -4.519  8.585  43.07
1408  92  HSE  NE2  33.607  -4.264  7.714  2.99
1409  92  HSE  OXT  29.487  -5.306  9.515  31.12
1410  92  HSE  H  30.127  -8.78  10.735  26.95
1411  92  HSE  HA  31.303  -6.071  10.992  43.13
1412  92  HSE  HB2  33.056  -7.762  10.197  8.3
1413  92  HSE  HB3  32.104  -7.941  8.73  117.68
1414  92  HSE  HD1  34.888  -5.981  10.073  53.88
1415  92  HSE  HD2  31.683  -5.336  7.418  177.4
1416  92  HSE  HE1  35.521  -3.947  8.664  8
