1  1  GLY  N  -33.366  -13.962  6.543  121.11
2  1  GLY  CA  -33.08  -13.215  7.789  43.48
3  1  GLY  C  -34.335  -12.948  8.59  174.13
4  1  GLY  O  -35.307  -12.404  8.068  55.76
5  1  GLY  H  -32.612  -14.105  6.093  8.72
6  1  GLY  H2  -33.924  -13.499  6.027  31.64
7  1  GLY  H3  -33.735  -14.749  6.736  8.47
8  1  GLY  HA2  -32.466  -13.732  8.333  3.88
9  1  GLY  HA3  -32.664  -12.369  7.561  3.88
10  2  CYS  N  -34.314  -13.322  9.859  117.84
11  2  CYS  CA  -35.485  -13.199  10.713  54.85
12  2  CYS  C  -35.078  -13.379  12.173  175.13
13  2  CYS  O  -33.884  -13.426  12.477  2.09
14  2  CYS  CB  -36.52  -14.248  10.301  40.99
15  2  CYS  SG  -38.187  -13.995  10.998  45.75
16  2  CYS  H  -33.589  -13.642  10.193  8.43
17  2  CYS  HA  -35.858  -12.312  10.592  4.88
18  2  CYS  HB2  -36.599  -14.242  9.334  3.3
19  2  CYS  HB3  -36.208  -15.121  10.587  2.83
20  2  CYS  HG  -38.28  -14.586  12.038  119.61
21  3  GLY  N  -36.059  -13.49  13.066  110.34
22  3  GLY  CA  -35.78  -13.654  14.478  45.2
23  3  GLY  C  -35.216  -15.025  14.788  173.13
24  3  GLY  O  -35.944  -15.935  15.181  34.4
25  3  GLY  H  -36.876  -13.484  12.797  8.66
26  3  GLY  HA2  -35.142  -12.977  14.754  3.88
27  3  GLY  HA3  -36.603  -13.533  14.978  4.09
28  4  LYS  N  -33.921  -15.172  14.572  120.44
29  4  LYS  CA  -33.227  -16.418  14.833  58.27
30  4  LYS  C  -31.771  -16.117  15.175  176.33
31  4  LYS  O  -31.363  -16.173  16.332  2.15
32  4  LYS  CB  -33.309  -17.34  13.606  33.97
33  4  LYS  CG  -32.583  -18.667  13.765  25.25
34  4  LYS  CD  -33.236  -19.551  14.814  30.11
35  4  LYS  CE  -32.488  -20.865  14.971  42.15
36  4  LYS  NZ  -33.164  -21.782  15.926  56.75
37  4  LYS  H  -33.476  -14.506  14.258  8.22
38  4  LYS  HA  -33.657  -16.847  15.59  3.93
39  4  LYS  HB2  -34.243  -17.529  13.422  1.75
40  4  LYS  HB3  -32.929  -16.876  12.843  1.98
41  4  LYS  HG2  -32.588  -19.133  12.914  1.39
42  4  LYS  HG3  -31.667  -18.489  14.03  1.39
43  4  LYS  HD2  -33.232  -19.084  15.664  1.61
44  4  LYS  HD3  -34.15  -19.737  14.548  1.41
45  4  LYS  HE2  -32.433  -21.298  14.105  2.75
46  4  LYS  HE3  -31.593  -20.677  15.293  2.89
47  4  LYS  HZ1  -33.992  -21.957  15.65  4.42
48  4  LYS  HZ2  -33.206  -21.405  16.731  1.41
49  4  LYS  HZ3  -32.713  -22.546  15.989  123.36
50  5  SER  N  -31.01  -15.758  14.152  113.44
51  5  SER  CA  -29.613  -15.383  14.312  62.59
52  5  SER  C  -29.348  -14.105  13.528  54.78
53  5  SER  O  -28.277  -13.912  12.951  71.08
54  5  SER  CB  -28.71  -16.511  13.818  62.36
55  5  SER  OG  -29.041  -17.737  14.456  31.86
56  5  SER  H  -31.351  -15.751  13.363  8.3
57  5  SER  HA  -29.447  -15.22  15.254  4.32
58  5  SER  HB2  -28.818  -16.617  12.86  3.68
59  5  SER  HB3  -27.787  -16.291  14.019  3.9
60  5  SER  HG  -28.744  -18.375  13.998  8.67
61  6  ILE  N  -30.339  -13.226  13.532  118.24
62  6  ILE  CA  -30.278  -11.997  12.769  64.51
63  6  ILE  C  -29.34  -10.999  13.444  2.1
64  6  ILE  O  -28.759  -10.14  12.784  2.43
65  6  ILE  CB  -31.686  -11.376  12.582  37.74
66  6  ILE  CG1  -31.645  -10.287  11.515  29.39
67  6  ILE  CG2  -32.227  -10.817  13.892  17.48
68  6  ILE  CD  -31.268  -10.812  10.149  120.05
69  6  ILE  H  -31.028  -13.379  14.023  8.18
70  6  ILE  HA  -29.923  -12.211  11.892  3.63
71  6  ILE  HB  -32.289  -12.076  12.286  1.68
72  6  ILE  HG12  -32.52  -9.874  11.446  1.02
73  6  ILE  HG13  -30.993  -9.616  11.769  1.58
74  6  ILE  HG21  -31.624  -10.133  14.223  9.71
75  6  ILE  HG22  -32.297  -11.531  14.545  4.72
76  6  ILE  HG23  -33.103  -10.43  13.74  8.73
77  6  ILE  HD11  -31.225  -9.992  9.447  4.82
78  6  ILE  HD12  -32.01  -11.527  9.822  1.77
79  6  ILE  HD13  -30.303  -11.295  10.201  1.53
80  7  ASP  N  -29.176  -11.14  14.759  118.54
81  7  ASP  CA  -28.246  -10.298  15.508  57.44
82  7  ASP  C  -26.841  -10.45  14.958  9.17
83  7  ASP  O  -26.155  -9.463  14.707  4.56
84  7  ASP  CB  -28.251  -10.646  16.999  40.22
85  7  ASP  CG  -29.465  -10.108  17.721  126.04
86  7  ASP  OD1  -29.502  -8.891  18.001  54.6
87  7  ASP  OD2  -30.388  -10.9  18.018  124.61
88  7  ASP  H  -29.632  -11.738  15.176  8.83
89  7  ASP  HA  -28.526  -9.376  15.398  4.23
90  7  ASP  HB2  -28.239  -11.611  17.1  2.7
91  7  ASP  HB3  -27.458  -10.272  17.413  2.91
92  8  ASP  N  -26.429  -11.698  14.765  117.94
93  8  ASP  CA  -25.128  -12.006  14.176  57.3
94  8  ASP  C  -24.986  -11.343  12.815  4.57
95  8  ASP  O  -23.932  -10.803  12.482  8.01
96  8  ASP  CB  -24.955  -13.52  14.022  40.13
97  8  ASP  CG  -24.916  -14.245  15.349  1.75
98  8  ASP  OD1  -25.988  -14.429  15.962  1.39
99  8  ASP  OD2  -23.812  -14.65  15.772  1.26
100  8  ASP  H  -26.941  -12.346  15.004  8.35
101  8  ASP  HA  -24.439  -11.666  14.768  4.36
102  8  ASP  HB2  -25.695  -13.873  13.504  2.85
103  8  ASP  HB3  -24.125  -13.698  13.553  2.52
104  9  LEU  N  -26.067  -11.381  12.047  121.54
105  9  LEU  CA  -26.099  -10.794  10.717  57.9
106  9  LEU  C  -25.939  -9.277  10.773  178.63
107  9  LEU  O  -25.079  -8.715  10.098  56.31
108  9  LEU  CB  -27.409  -11.16  10.012  43.24
109  9  LEU  CG  -27.285  -12.247  8.941  28.07
110  9  LEU  CD1  -26.931  -13.588  9.564  24.29
111  9  LEU  CD2  -28.565  -12.348  8.127  26.93
112  9  LEU  H  -26.774  -11.766  12.349  7.7
113  9  LEU  HA  -25.359  -11.165  10.211  4.12
114  9  LEU  HB2  -28.035  -11.468  10.686  2
115  9  LEU  HB3  -27.77  -10.361  9.598  1.34
116  9  LEU  HG  -26.567  -12.005  8.336  1.71
117  9  LEU  HD11  -26.09  -13.51  10.041  5.29
118  9  LEU  HD12  -26.846  -14.254  8.864  3.02
119  9  LEU  HD13  -27.631  -13.854  10.181  3.02
120  9  LEU  HD21  -29.313  -12.522  8.719  53.15
121  9  LEU  HD22  -28.484  -13.072  7.487  174.32
122  9  LEU  HD23  -28.712  -11.515  7.653  1.61
123  10  GLU  N  -26.766  -8.623  11.586  118.74
124  10  GLU  CA  -26.721  -7.168  11.722  60.1
125  10  GLU  C  -25.367  -6.722  12.259  180.13
126  10  GLU  O  -24.769  -5.768  11.757  4.57
127  10  GLU  CB  -27.834  -6.686  12.654  29.08
128  10  GLU  CG  -29.223  -7.096  12.201  36.49
129  10  GLU  CD  -30.305  -6.652  13.164  8.05
130  10  GLU  OE1  -30.463  -7.284  14.227  20.21
131  10  GLU  OE2  -31  -5.655  12.865  9.79
132  10  GLU  H  -27.342  -9.068  12.044  8.86
133  10  GLU  HA  -26.853  -6.782  10.842  4.08
134  10  GLU  HB2  -27.682  -7.05  13.54  2.16
135  10  GLU  HB3  -27.803  -5.718  12.7  2
136  10  GLU  HG2  -29.397  -6.699  11.333  2.21
137  10  GLU  HG3  -29.251  -8.063  12.126  2.48
138  11  ASP  N  -24.895  -7.436  13.272  120.24
139  11  ASP  CA  -23.59  -7.18  13.875  57.68
140  11  ASP  C  -22.503  -7.203  12.821  178.73
141  11  ASP  O  -21.802  -6.214  12.605  8.27
142  11  ASP  CB  -23.278  -8.253  14.909  40.31
143  11  ASP  CG  -21.934  -8.044  15.571  2.82
144  11  ASP  OD1  -21.791  -7.083  16.352  2.06
145  11  ASP  OD2  -21.01  -8.844  15.305  7.39
146  11  ASP  H  -25.377  -8.074  13.589  8.31
147  11  ASP  HA  -23.61  -6.31  14.304  4.54
148  11  ASP  HB2  -23.969  -8.253  15.59  2.69
149  11  ASP  HB3  -23.269  -9.117  14.469  2.89
150  12  GLU  N  -22.39  -8.346  12.169  121.94
151  12  GLU  CA  -21.386  -8.564  11.152  59.62
152  12  GLU  C  -21.519  -7.552  10.02  179.03
153  12  GLU  O  -20.524  -7.008  9.557  118.51
154  12  GLU  CB  -21.509  -9.989  10.623  29.5
155  12  GLU  CG  -20.843  -10.203  9.273  36.56
156  12  GLU  CD  -20.94  -11.629  8.787  8.1
157  12  GLU  OE1  -22.051  -12.072  8.441  32.29
158  12  GLU  OE2  -19.897  -12.311  8.722  3.54
159  12  GLU  H  -22.936  -8.984  12.356  8.17
160  12  GLU  HA  -20.516  -8.456  11.566  4.14
161  12  GLU  HB2  -21.097  -10.592  11.261  2.18
162  12  GLU  HB3  -22.452  -10.205  10.546  2.1
163  12  GLU  HG2  -21.269  -9.626  8.62  2.23
164  12  GLU  HG3  -19.906  -9.965  9.348  2.45
165  13  LEU  N  -22.745  -7.284  9.594  120.94
166  13  LEU  CA  -22.981  -6.362  8.492  58.38
167  13  LEU  C  -22.38  -4.991  8.781  177.93
168  13  LEU  O  -21.686  -4.413  7.937  62.56
169  13  LEU  CB  -24.475  -6.231  8.204  41.88
170  13  LEU  CG  -24.817  -5.349  7.006  27.43
171  13  LEU  CD1  -24.02  -5.78  5.782  24.23
172  13  LEU  CD2  -26.305  -5.41  6.718  25.28
173  13  LEU  H  -23.416  -7.669  9.97  8.86
174  13  LEU  HA  -22.548  -6.728  7.705  3.93
175  13  LEU  HB2  -24.834  -7.119  8.047  1.63
176  13  LEU  HB3  -24.907  -5.859  8.989  1.83
177  13  LEU  HG  -24.585  -4.429  7.209  1.55
178  13  LEU  HD11  -24.236  -6.7  5.565  1.56
179  13  LEU  HD12  -23.072  -5.706  5.972  20.14
180  13  LEU  HD13  -24.245  -5.21  5.03  7.55
181  13  LEU  HD21  -26.561  -6.328  6.535  4.72
182  13  LEU  HD22  -26.507  -4.858  5.947  175.14
183  13  LEU  HD23  -26.798  -5.086  7.488  174.66
184  14  TYR  N  -22.641  -4.472  9.971  119.74
185  14  TYR  CA  -22.087  -3.188  10.371  61.67
186  14  TYR  C  -20.585  -3.29  10.63  177.43
187  14  TYR  O  -19.828  -2.382  10.291  176.84
188  14  TYR  CB  -22.816  -2.642  11.599  38.08
189  14  TYR  CG  -24.128  -1.971  11.255  31.35
190  14  TYR  CD1  -25.301  -2.704  11.123  132.61
191  14  TYR  CD2  -24.188  -0.599  11.05  132.61
192  14  TYR  CE1  -26.496  -2.086  10.8  117.41
193  14  TYR  CE2  -25.375  0.024  10.726  117.41
194  14  TYR  CZ  -26.525  -0.721  10.602  2.3
195  14  TYR  OH  -27.706  -0.096  10.272  124.84
196  14  TYR  H  -23.148  -4.903  10.516  8.35
197  14  TYR  HA  -22.224  -2.572  9.634  4.12
198  14  TYR  HB2  -23.001  -3.372  12.21  3.18
199  14  TYR  HB3  -22.25  -1.989  12.04  3.18
200  14  TYR  HD1  -25.278  -3.624  11.258  7.15
201  14  TYR  HD2  -23.411  -0.095  11.134  7.15
202  14  TYR  HE1  -27.273  -2.59  10.717  6.79
203  14  TYR  HE2  -25.395  0.944  10.592  6.79
204  14  TYR  HH  -28.341  -0.461  10.683  8.76
205  15  ALA  N  -20.156  -4.405  11.2  119.74
206  15  ALA  CA  -18.741  -4.622  11.473  55.22
207  15  ALA  C  -17.93  -4.679  10.179  181.03
208  15  ALA  O  -16.916  -3.994  10.041  178.64
209  15  ALA  CB  -18.544  -5.901  12.275  17.91
210  15  ALA  H  -20.724  -5.011  11.423  8.12
211  15  ALA  HA  -18.424  -3.878  12.009  3.96
212  15  ALA  HB1  -17.601  -6.021  12.467  5.33
213  15  ALA  HB2  -18.868  -6.656  11.76  2.76
214  15  ALA  HB3  -19.038  -5.841  13.108  2.91
215  16  GLN  N  -18.396  -5.482  9.228  117.74
216  16  GLN  CA  -17.672  -5.698  7.98  58.3
217  16  GLN  C  -17.663  -4.447  7.107  177.23
218  16  GLN  O  -16.68  -4.183  6.419  1.38
219  16  GLN  CB  -18.265  -6.882  7.202  27.92
220  16  GLN  CG  -18.256  -8.195  7.976  33.47
221  16  GLN  CD  -16.859  -8.707  8.292  175.39
222  16  GLN  OE1  -15.909  -7.94  8.405  114.82
223  16  GLN  NE2  -16.735  -10.014  8.458  112.5
224  16  GLN  H  -19.139  -5.895  9.358  8.49
225  16  GLN  HA  -16.755  -5.912  8.212  3.79
226  16  GLN  HB2  -19.184  -6.675  6.969  2.17
227  16  GLN  HB3  -17.754  -7.007  6.387  2.17
228  16  GLN  HG2  -18.73  -8.064  8.812  2.34
229  16  GLN  HG3  -18.718  -8.867  7.45  2.34
230  16  GLN  HE21  -17.437  -10.504  8.382  6.47
231  16  GLN  HE22  -15.957  -10.323  8.653  7.7
232  17  LYS  N  -18.745  -3.67  7.133  121.34
233  17  LYS  CA  -18.79  -2.442  6.343  60.28
234  17  LYS  C  -17.804  -1.419  6.904  179.63
235  17  LYS  O  -17.182  -0.665  6.151  2.24
236  17  LYS  CB  -20.206  -1.847  6.281  32.06
237  17  LYS  CG  -20.723  -1.299  7.604  26.58
238  17  LYS  CD  -22.034  -0.532  7.444  29.6
239  17  LYS  CE  -23.24  -1.451  7.267  42.22
240  17  LYS  NZ  -23.181  -2.242  6.01  64.99
241  17  LYS  H  -19.422  -3.895  7.613  8.47
242  17  LYS  HA  -18.509  -2.67  5.443  4
243  17  LYS  HB2  -20.209  -1.124  5.634  1.87
244  17  LYS  HB3  -20.817  -2.537  5.98  1.91
245  17  LYS  HG2  -20.868  -2.04  8.213  1.24
246  17  LYS  HG3  -20.055  -0.703  7.977  1.43
247  17  LYS  HD2  -22.172  0.013  8.235  1.59
248  17  LYS  HD3  -21.962  0.043  6.666  1.62
249  17  LYS  HE2  -23.277  -2.063  8.019  2.83
250  17  LYS  HE3  -24.042  -0.906  7.26  2.74
251  17  LYS  HZ1  -22.699  -1.81  5.399  48.64
252  17  LYS  HZ2  -24.001  -2.36  5.684  4.35
253  17  LYS  HZ3  -22.815  -3.039  6.162  1.88
254  18  LEU  N  -17.654  -1.405  8.227  120.14
255  18  LEU  CA  -16.667  -0.545  8.866  58.16
256  18  LEU  C  -15.26  -1.012  8.522  180.03
257  18  LEU  O  -14.402  -0.203  8.177  3.5
258  18  LEU  CB  -16.86  -0.517  10.385  41.58
259  18  LEU  CG  -17.661  0.674  10.93  26.63
260  18  LEU  CD1  -16.943  1.983  10.627  22.87
261  18  LEU  CD2  -19.073  0.691  10.359  25.32
262  18  LEU  H  -18.152  -1.909  8.714  7.87
263  18  LEU  HA  -16.789  0.352  8.517  4.01
264  18  LEU  HB2  -17.313  -1.334  10.647  1.73
265  18  LEU  HB3  -15.983  -0.506  10.8  1.42
266  18  LEU  HG  -17.729  0.59  11.894  1.38
267  18  LEU  HD11  -16.856  2.091  9.667  8.55
268  18  LEU  HD12  -16.061  1.967  11.031  122.03
269  18  LEU  HD13  -17.452  2.724  10.991  56.39
270  18  LEU  HD21  -19.032  0.803  9.396  69.44
271  18  LEU  HD22  -19.572  1.425  10.75  8.35
272  18  LEU  HD23  -19.516  -0.147  10.567  4.75
273  19  LYS  N  -15.038  -2.323  8.604  120.14
274  19  LYS  CA  -13.754  -2.913  8.233  59.64
275  19  LYS  C  -13.403  -2.587  6.788  178.93
276  19  LYS  O  -12.262  -2.265  6.48  6.9
277  19  LYS  CB  -13.773  -4.433  8.415  32.33
278  19  LYS  CG  -13.783  -4.887  9.865  25.01
279  19  LYS  CD  -13.745  -6.404  9.961  29.46
280  19  LYS  CE  -13.739  -6.887  11.401  41.6
281  19  LYS  NZ  -13.766  -8.372  11.479  58.85
282  19  LYS  H  -15.667  -2.836  8.889  7.84
283  19  LYS  HA  -13.075  -2.534  8.813  4.11
284  19  LYS  HB2  -14.566  -4.787  7.983  1.8
285  19  LYS  HB3  -12.988  -4.806  7.985  1.97
286  19  LYS  HG2  -13.006  -4.521  10.315  1.38
287  19  LYS  HG3  -14.592  -4.562  10.291  1.38
288  19  LYS  HD2  -14.527  -6.766  9.516  1.37
289  19  LYS  HD3  -12.944  -6.724  9.518  1.4
290  19  LYS  HE2  -12.936  -6.563  11.838  2.61
291  19  LYS  HE3  -14.52  -6.532  11.854  2.61
292  19  LYS  HZ1  -14.463  -8.691  11.028  42.39
293  19  LYS  HZ2  -13.83  -8.633  12.327  3
294  19  LYS  HZ3  -13.02  -8.713  11.133  7.19
295  20  TYR  N  -14.396  -2.674  5.91  120.14
296  20  TYR  CA  -14.208  -2.384  4.492  61.9
297  20  TYR  C  -13.689  -0.961  4.29  176.83
298  20  TYR  O  -12.715  -0.738  3.571  176.99
299  20  TYR  CB  -15.53  -2.585  3.74  38.2
300  20  TYR  CG  -15.454  -2.287  2.258  27.94
301  20  TYR  CD1  -14.881  -3.194  1.376  132.21
302  20  TYR  CD2  -15.966  -1.102  1.741  132.21
303  20  TYR  CE1  -14.814  -2.928  0.023  117.71
304  20  TYR  CE2  -15.902  -0.83  0.389  117.71
305  20  TYR  CZ  -15.325  -1.746  -0.465  10.1
306  20  TYR  OH  -15.267  -1.481  -1.814  4.29
307  20  TYR  H  -15.174  -2.918  6.185  8.39
308  20  TYR  HA  -13.551  -3.007  4.145  4.2
309  20  TYR  HB2  -15.812  -3.508  3.84  3.2
310  20  TYR  HB3  -16.203  -2.003  4.127  3.42
311  20  TYR  HD1  -14.535  -3.991  1.708  7.01
312  20  TYR  HD2  -16.354  -0.486  2.32  7.01
313  20  TYR  HE1  -14.427  -3.547  -0.554  6.71
314  20  TYR  HE2  -16.247  -0.032  0.058  6.71
315  20  TYR  HH  -15.132  -0.66  -1.933  174.84
316  21  LYS  N  -14.335  -0.001  4.933  120.44
317  21  LYS  CA  -13.929  1.391  4.809  59.57
318  21  LYS  C  -12.603  1.627  5.525  178.73
319  21  LYS  O  -11.743  2.366  5.042  4.95
320  21  LYS  CB  -15.008  2.317  5.373  32.51
321  21  LYS  CG  -14.766  3.786  5.06  24.88
322  21  LYS  CD  -15.87  4.667  5.622  29.67
323  21  LYS  CE  -15.711  6.108  5.163  42.4
324  21  LYS  NZ  -16.784  6.992  5.688  59.87
325  21  LYS  H  -15.009  -0.203  5.427  8.19
326  21  LYS  HA  -13.809  1.583  3.866  3.96
327  21  LYS  HB2  -15.865  2.064  4.996  1.8
328  21  LYS  HB3  -15.041  2.212  6.337  1.96
329  21  LYS  HG2  -13.92  4.055  5.451  1.39
330  21  LYS  HG3  -14.731  3.9  4.097  1.52
331  21  LYS  HD2  -16.728  4.331  5.318  1.64
332  21  LYS  HD3  -15.834  4.638  6.591  1.71
333  21  LYS  HE2  -14.852  6.439  5.469  2.95
334  21  LYS  HE3  -15.734  6.126  4.193  2.95
335  21  LYS  HZ1  -16.585  7.843  5.521  4.38
336  21  LYS  HZ2  -16.87  6.885  6.567  4.8
337  21  LYS  HZ3  -17.56  6.798  5.299  27.04
338  22  ALA  N  -12.434  0.975  6.668  118.94
339  22  ALA  CA  -11.228  1.128  7.469  55.3
340  22  ALA  C  -10.016  0.499  6.791  180.43
341  22  ALA  O  -8.904  1.002  6.922  175.94
342  22  ALA  CB  -11.429  0.527  8.85  18.06
343  22  ALA  H  -13.057  0.454  6.949  7.72
344  22  ALA  HA  -11.065  2.078  7.578  4.17
345  22  ALA  HB1  -12.192  0.947  9.278  28.49
346  22  ALA  HB2  -10.635  0.679  9.386  1.45
347  22  ALA  HB3  -11.587  -0.426  8.768  9.31
348  23  ILE  N  -10.229  -0.6  6.072  118.24
349  23  ILE  CA  -9.141  -1.282  5.388  63.9
350  23  ILE  C  -8.735  -0.493  4.137  176.73
351  23  ILE  O  -7.558  -0.435  3.784  123.61
352  23  ILE  CB  -9.515  -2.758  5.047  37.09
353  23  ILE  CG1  -8.261  -3.645  4.943  29.6
354  23  ILE  CG2  -10.343  -2.85  3.77  18.54
355  23  ILE  CD  -7.446  -3.449  3.682  42.04
356  23  ILE  H  -11.025  -0.923  6.024  8
357  23  ILE  HA  -8.384  -1.298  5.995  4.12
358  23  ILE  HB  -10.066  -3.091  5.772  1.82
359  23  ILE  HG12  -7.68  -3.459  5.697  1.17
360  23  ILE  HG13  -8.531  -4.576  4.977  1.47
361  23  ILE  HG21  -9.831  -2.493  3.027  2.15
362  23  ILE  HG22  -11.16  -2.338  3.877  2.04
363  23  ILE  HG23  -10.564  -3.778  3.595  1.85
364  23  ILE  HD11  -7.13  -2.418  3.613  7.25
365  23  ILE  HD12  -8.053  -3.698  2.824  4.33
366  23  ILE  HD13  -6.579  -4.092  3.709  1.46
367  24  SER  N  -9.708  0.146  3.493  117.64
368  24  SER  CA  -9.417  1.022  2.368  61.92
369  24  SER  C  -8.581  2.204  2.857  176.83
370  24  SER  O  -7.559  2.562  2.258  112.11
371  24  SER  CB  -10.718  1.509  1.72  62.4
372  24  SER  OG  -10.466  2.242  0.533  175.23
373  24  SER  H  -10.524  0.032  3.738  8.2
374  24  SER  HA  -8.902  0.518  1.718  4.19
375  24  SER  HB2  -11.271  0.743  1.5  3.69
376  24  SER  HB3  -11.194  2.079  2.345  3.87
377  24  SER  HG  -10.033  2.938  0.717  4.33
378  25  GLU  N  -9.019  2.793  3.966  120.34
379  25  GLU  CA  -8.273  3.858  4.624  59.41
380  25  GLU  C  -6.903  3.344  5.048  178.43
381  25  GLU  O  -5.898  4.053  4.964  38.84
382  25  GLU  CB  -9.048  4.353  5.85  29.16
383  25  GLU  CG  -8.391  5.52  6.571  36.66
384  25  GLU  CD  -8.325  6.768  5.717  123.93
385  25  GLU  OE1  -9.332  7.503  5.659  54.28
386  25  GLU  OE2  -7.276  7.016  5.091  5.09
387  25  GLU  H  -9.768  2.539  4.305  8.22
388  25  GLU  HA  -8.163  4.588  3.995  4.05
389  25  GLU  HB2  -9.932  4.634  5.567  1.97
390  25  GLU  HB3  -9.137  3.62  6.479  2.15
391  25  GLU  HG2  -8.9  5.72  7.372  2.19
392  25  GLU  HG3  -7.488  5.266  6.819  2.44
393  26  GLU  N  -6.878  2.093  5.487  119.94
394  26  GLU  CA  -5.66  1.465  5.957  59.65
395  26  GLU  C  -4.629  1.377  4.848  179.33
396  26  GLU  O  -3.583  2.001  4.941  1.91
397  26  GLU  CB  -5.951  0.075  6.518  29.62
398  26  GLU  CG  -4.749  -0.565  7.183  36.47
399  26  GLU  CD  -4.085  0.366  8.174  7.21
400  26  GLU  OE1  -4.774  0.865  9.085  5.29
401  26  GLU  OE2  -2.871  0.599  8.052  1.62
402  26  GLU  H  -7.61  1.641  5.498  7.75
403  26  GLU  HA  -5.3  2.018  6.668  4.02
404  26  GLU  HB2  -6.662  0.142  7.174  2.16
405  26  GLU  HB3  -6.241  -0.502  5.794  2.08
406  26  GLU  HG2  -5.036  -1.365  7.65  2.4
407  26  GLU  HG3  -4.104  -0.802  6.498  2.19
408  27  LEU  N  -4.939  0.628  3.79  121.14
409  27  LEU  CA  -3.982  0.404  2.709  58.02
410  27  LEU  C  -3.475  1.727  2.139  177.03
411  27  LEU  O  -2.295  1.855  1.802  61.4
412  27  LEU  CB  -4.588  -0.493  1.609  41.19
413  27  LEU  CG  -5.893  -0.008  0.955  27.08
414  27  LEU  CD1  -5.616  0.94  -0.204  25.58
415  27  LEU  CD2  -6.716  -1.195  0.478  23.15
416  27  LEU  H  -5.719  0.269  3.745  8.54
417  27  LEU  HA  -3.224  -0.061  3.096  4.04
418  27  LEU  HB2  -3.924  -0.595  0.91  1.23
419  27  LEU  HB3  -4.755  -1.366  1.997  1.98
420  27  LEU  HG  -6.418  0.47  1.616  1.56
421  27  LEU  HD11  -6.456  1.224  -0.597  57.74
422  27  LEU  HD12  -5.083  0.485  -0.875  175.96
423  27  LEU  HD13  -5.134  1.716  0.122  4.33
424  27  LEU  HD21  -6.202  -1.705  -0.167  2.12
425  27  LEU  HD22  -7.533  -0.876  0.063  1.97
426  27  LEU  HD23  -6.935  -1.76  1.235  124.61
427  28  ASP  N  -4.362  2.718  2.075  117.74
428  28  ASP  CA  -3.996  4.037  1.578  57.65
429  28  ASP  C  -2.889  4.649  2.43  178.43
430  28  ASP  O  -1.796  4.936  1.935  42.55
431  28  ASP  CB  -5.214  4.962  1.559  40.91
432  28  ASP  CG  -4.89  6.337  1.007  26.45
433  28  ASP  OD1  -4.882  6.502  -0.23  25.2
434  28  ASP  OD2  -4.663  7.265  1.806  8.67
435  28  ASP  H  -5.171  2.574  2.328  8.03
436  28  ASP  HA  -3.668  3.931  0.671  4.28
437  28  ASP  HB2  -5.907  4.566  1.007  2.68
438  28  ASP  HB3  -5.548  5.065  2.464  2.6
439  29  HSE  N  -3.152  4.821  3.721  114.54
440  29  HSE  CA  -2.182  5.469  4.593  58.29
441  29  HSE  C  -1.015  4.53  4.909  176.03
442  29  HSE  O  0.108  4.98  5.09  4.58
443  29  HSE  CB  -2.839  5.99  5.889  28.47
444  29  HSE  CG  -2.941  4.989  7.006  1.93
445  29  HSE  ND1  -1.909  4.742  7.886  110.11
446  29  HSE  CD2  -3.955  4.176  7.388  119.31
447  29  HSE  CE1  -2.285  3.824  8.757  135.91
448  29  HSE  NE2  -3.524  3.461  8.48  26.59
449  29  HSE  H  -4.009  4.509  4.09  7.98
450  29  HSE  HA  -1.789  6.316  4.048  4.3
451  29  HSE  HB2  -2.265  6.828  6.257  3.28
452  29  HSE  HB3  -3.839  6.329  5.658  3.28
453  29  HSE  HD1  -1.015  5.177  7.866  5.15
454  29  HSE  HD2  -4.928  4.105  6.921  7.29
455  29  HSE  HE1  -1.68  3.435  9.562  8.48
456  29  HSE  HE2  -3.948  2.634  8.816  176.6
457  30  ALA  N  -1.284  3.226  4.95  121.54
458  30  ALA  CA  -0.27  2.233  5.303  54.68
459  30  ALA  C  0.92  2.309  4.368  179.13
460  30  ALA  O  2.073  2.238  4.801  60.89
461  30  ALA  CB  -0.855  0.827  5.275  18.13
462  30  ALA  H  -2.079  2.958  4.762  8.17
463  30  ALA  HA  0.029  2.419  6.207  4.13
464  30  ALA  HB1  -1.624  0.786  5.865  5.7
465  30  ALA  HB2  -0.185  0.193  5.573  8.87
466  30  ALA  HB3  -1.129  0.609  4.37  4.62
467  31  LEU  N  0.634  2.445  3.086  115.74
468  31  LEU  CA  1.678  2.543  2.084  56.48
469  31  LEU  C  2.187  3.978  1.971  178.73
470  31  LEU  O  3.363  4.207  1.699  116
471  31  LEU  CB  1.166  2.034  0.734  41.82
472  31  LEU  CG  1.088  0.504  0.585  26.87
473  31  LEU  CD1  2.462  -0.12  0.765  25.4
474  31  LEU  CD2  0.101  -0.108  1.571  22.37
475  31  LEU  H  -0.189  2.466  2.837  8.2
476  31  LEU  HA  2.411  1.976  2.371  4.17
477  31  LEU  HB2  0.279  2.399  0.589  1.46
478  31  LEU  HB3  1.753  2.374  0.041  1.78
479  31  LEU  HG  0.783  0.293  -0.311  1.75
480  31  LEU  HD11  2.39  -1.085  0.697  121.78
481  31  LEU  HD12  2.815  0.116  1.637  30.55
482  31  LEU  HD13  3.058  0.209  0.074  177.68
483  31  LEU  HD21  0.092  -1.072  1.465  176.96
484  31  LEU  HD22  -0.787  0.244  1.402  67.89
485  31  LEU  HD23  0.368  0.114  2.477  36.49
486  32  LYS  N  1.302  4.939  2.213  118.84
487  32  LYS  CA  1.657  6.357  2.138  57.93
488  32  LYS  C  2.612  6.748  3.267  177.03
489  32  LYS  O  3.527  7.55  3.067  1.82
490  32  LYS  CB  0.387  7.212  2.201  32.72
491  32  LYS  CG  0.619  8.692  1.95  25.09
492  32  LYS  CD  -0.672  9.486  2.094  29.21
493  32  LYS  CE  -1.737  9.009  1.118  42.11
494  32  LYS  NZ  -3.038  9.692  1.336  119.25
495  32  LYS  H  0.492  4.723  2.407  7.75
496  32  LYS  HA  2.103  6.512  1.29  4.12
497  32  LYS  HB2  -0.24  6.887  1.536  1.8
498  32  LYS  HB3  -0.01  7.113  3.081  1.8
499  32  LYS  HG2  1.265  9.024  2.593  1.4
500  32  LYS  HG3  0.964  8.809  1.051  1.53
501  32  LYS  HD2  -1.006  9.381  2.999  1.59
502  32  LYS  HD3  -0.484  10.422  1.922  1.38
503  32  LYS  HE2  -1.435  9.188  0.214  2.92
504  32  LYS  HE3  -1.859  8.054  1.235  2.92
505  32  LYS  HZ1  -3.266  10.158  0.612  1.44
506  32  LYS  HZ2  -2.984  10.248  2.029  1.39
507  32  LYS  HZ3  -3.674  9.092  1.502  8.51
508  33  ASP  N  2.395  6.185  4.455  119.04
509  33  ASP  CA  3.279  6.422  5.595  55.26
510  33  ASP  C  4.709  6.041  5.253  176.53
511  33  ASP  O  5.661  6.725  5.633  62.69
512  33  ASP  CB  2.831  5.621  6.825  40.66
513  33  ASP  CG  1.716  6.291  7.605  4.4
514  33  ASP  OD1  1.929  7.417  8.1  63.44
515  33  ASP  OD2  0.631  5.681  7.75  173.94
516  33  ASP  H  1.708  5.677  4.557  8.14
517  33  ASP  HA  3.248  7.369  5.805  4.55
518  33  ASP  HB2  2.518  4.75  6.534  2.63
519  33  ASP  HB3  3.591  5.503  7.416  2.72
520  34  MET  N  4.854  4.955  4.508  118.84
521  34  MET  CA  6.166  4.422  4.187  56.14
522  34  MET  C  6.657  4.944  2.848  176.33
523  34  MET  O  7.106  4.178  2.004  3.65
524  34  MET  CB  6.136  2.902  4.145  32.82
525  34  MET  CG  5.496  2.257  5.354  31.89
526  34  MET  SD  5.412  0.47  5.173  3.97
527  34  MET  CE  4.934  0.355  3.452  16.92
528  34  MET  H  4.154  4.564  4.197  8.06
529  34  MET  HA  6.782  4.706  4.88  4.45
530  34  MET  HB2  5.642  2.62  3.359  2.07
531  34  MET  HB3  7.046  2.575  4.076  2.15
532  34  MET  HG2  6.021  2.471  6.141  2.54
533  34  MET  HG3  4.597  2.606  5.458  2.65
534  34  MET  HE1  5.609  0.779  2.899  7.62
535  34  MET  HE2  4.083  0.801  3.32  3.99
536  34  MET  HE3  4.853  -0.578  3.201  1.62
537  35  THR  N  6.585  6.249  2.659  112.94
538  35  THR  CA  7.171  6.883  1.485  62.4
539  35  THR  C  8.699  6.672  1.451  174.13
540  35  THR  O  9.374  7.057  0.496  1.9
541  35  THR  CB  6.839  8.395  1.461  69.99
542  35  THR  OG1  7.337  9.004  0.264  122.66
543  35  THR  CG2  7.425  9.099  2.677  21.63
544  35  THR  H  6.159  6.732  3.229  8.12
545  35  THR  HA  6.781  6.472  0.698  4.33
546  35  THR  HB  5.875  8.496  1.484  4.22
547  35  THR  HG1  6.777  9.563  -0.019  39.5
548  35  THR  HG21  7.214  10.045  2.635  115.5
549  35  THR  HG22  8.388  8.982  2.684  49.99
550  35  THR  HG23  7.047  8.718  3.485  113.8
551  36  SER  N  9.235  6.034  2.491  117.94
552  36  SER  CA  10.663  5.786  2.594  58.34
553  36  SER  C  10.981  4.283  2.593  173.13
554  36  SER  O  12.02  3.867  3.107  2.7
555  36  SER  CB  11.207  6.439  3.867  63.93
556  36  SER  OG  10.872  7.818  3.912  7.75
557  36  SER  H  8.719  5.76  3.122  8.25
558  36  SER  HA  11.09  6.194  1.825  4.5
559  36  SER  HB2  10.827  6  4.644  3.94
560  36  SER  HB3  12.173  6.353  3.886  3.85
561  36  SER  HG  10.911  8.138  3.136  31.74
562  37  ILE  N  10.093  3.464  2.029  125.64
563  37  ILE  CA  10.408  2.051  1.84  63.09
564  37  ILE  C  11.186  1.866  0.537  180.83
565  37  ILE  O  12.404  1.613  0.608  2.24
566  37  ILE  CB  9.154  1.124  1.869  39.48
567  37  ILE  CG1  9.56  -0.328  1.574  27.24
568  37  ILE  CG2  8.083  1.59  0.89  18.01
569  37  ILE  CD  8.397  -1.301  1.521  3.64
570  37  ILE  OXT  10.596  2.047  -0.545  3.6
571  37  ILE  H  9.332  3.769  1.77  7.78
572  37  ILE  HA  10.988  1.79  2.572  4.04
573  37  ILE  HB  8.775  1.164  2.761  1.8
574  37  ILE  HG12  10.009  -0.36  0.715  1.37
575  37  ILE  HG13  10.172  -0.631  2.263  1.11
576  37  ILE  HG21  7.314  1.002  0.949  8.02
577  37  ILE  HG22  8.44  1.566  -0.012  4.42
578  37  ILE  HG23  7.814  2.496  1.108  26.79
579  37  ILE  HD11  8.766  -2.295  1.305  23.59
580  37  ILE  HD12  7.709  -1  0.744  24.29
581  37  ILE  HD13  7.885  -1.308  2.471  103.12
