1  1  CYS  N  -4.999  30.491  -7.613  115.74
2  1  CYS  CA  -4.065  30.465  -6.437  53.86
3  1  CYS  C  -4.858  30.673  -5.137  172.65
4  1  CYS  O  -5.023  31.813  -4.703  55.76
5  1  CYS  CB  -2.997  31.558  -6.579  33.18
6  1  CYS  SG  -1.5  31.35  -5.524  32.66
7  1  CYS  H  -4.536  30.37  -8.363  4.37
8  1  CYS  H2  -5.601  29.841  -7.529  4.03
9  1  CYS  H3  -5.415  31.277  -7.645  3.8
10  1  CYS  HA  -3.624  29.602  -6.407  120.07
11  1  CYS  HB2  -2.717  31.595  -7.507  60.65
12  1  CYS  HB3  -3.403  32.414  -6.371  4.63
13  1  CYS  HG  -0.741  32.258  -5.722  3.12
14  2  PRO  N  -5.361  29.581  -4.517  108.88
15  2  PRO  CA  -6.237  29.769  -3.364  46.43
16  2  PRO  C  -5.528  30.048  -2.042  20.48
17  2  PRO  O  -6.196  30.393  -1.075  7.4
18  2  PRO  CB  -6.979  28.434  -3.268  4.8
19  2  PRO  CG  -6.032  27.452  -3.819  1.59
20  2  PRO  CD  -5.198  28.162  -4.858  128.39
21  2  PRO  HA  -6.792  30.553  -3.498  43.11
22  2  PRO  HB2  -7.213  28.224  -2.35  169.39
23  2  PRO  HB3  -7.806  28.451  -3.775  4.23
24  2  PRO  HG2  -5.468  27.09  -3.117  4.18
25  2  PRO  HG3  -6.507  26.705  -4.215  3.96
26  2  PRO  HD2  -4.268  27.889  -4.817  3.96
27  2  PRO  HD3  -5.51  27.972  -5.757  120.32
28  3  LEU  N  -4.208  29.881  -1.984  54.51
29  3  LEU  CA  -3.494  29.982  -0.699  63.39
30  3  LEU  C  -2.19  30.731  -0.894  41.9
31  3  LEU  O  -1.365  30.331  -1.695  35.81
32  3  LEU  CB  -3.252  28.592  -0.088  31.21
33  3  LEU  CG  -2.452  28.554  1.22  4.11
34  3  LEU  CD1  -3.261  29.191  2.339  52.48
35  3  LEU  CD2  -2.046  27.128  1.599  9.05
36  3  LEU  H  -3.709  29.711  -2.663  4.77
37  3  LEU  HA  -4.046  30.478  -0.074  1.9
38  3  LEU  HB2  -4.113  28.175  0.07  1.84
39  3  LEU  HB3  -2.789  28.048  -0.744  2.23
40  3  LEU  HG  -1.635  29.06  1.085  4.63
41  3  LEU  HD11  -2.75  29.164  3.163  3.12
42  3  LEU  HD12  -3.459  30.113  2.111  3.04
43  3  LEU  HD13  -4.091  28.703  2.457  7.34
44  3  LEU  HD21  -1.544  27.144  2.429  7.19
45  3  LEU  HD22  -2.841  26.585  1.714  8.55
46  3  LEU  HD23  -1.495  26.75  0.895  175.89
47  4  MET  N  -2.016  31.849  -0.19  113.67
48  4  MET  CA  -0.847  32.69  -0.401  61.87
49  4  MET  C  -0.299  33.02  0.982  27.21
50  4  MET  O  -1.075  33.196  1.914  18.21
51  4  MET  CB  -1.234  33.993  -1.124  60.91
52  4  MET  CG  -0.022  34.764  -1.676  8.31
53  4  MET  SD  0.584  36.23  -0.76  4.74
54  4  MET  CE  -0.756  37.39  -1.105  1.76
55  4  MET  H  -2.562  32.134  0.41  8.16
56  4  MET  HA  -0.192  32.233  -0.951  1.23
57  4  MET  HB2  -1.837  33.784  -1.855  5.56
58  4  MET  HB3  -1.721  34.564  -0.51  4.02
59  4  MET  HG2  0.715  34.138  -1.749  4.91
60  4  MET  HG3  -0.242  35.05  -2.576  3.19
61  4  MET  HE1  -0.57  38.238  -0.672  2.88
62  4  MET  HE2  -0.828  37.526  -2.063  7.29
63  4  MET  HE3  -1.591  37.031  -0.766  7.29
64  5  VAL  N  1.016  33.081  1.113  110.98
65  5  VAL  CA  1.63  33.464  2.401  45.42
66  5  VAL  C  2.483  34.725  2.211  7.33
67  5  VAL  O  3.224  34.828  1.224  34.11
68  5  VAL  CB  2.458  32.286  2.985  21.81
69  5  VAL  CG1  3.284  32.713  4.221  19.81
70  5  VAL  CG2  1.541  31.103  3.308  8.67
71  5  VAL  H  1.576  32.909  0.483  8.28
72  5  VAL  HA  0.932  33.667  3.043  1.88
73  5  VAL  HB  3.095  32.007  2.309  4.71
74  5  VAL  HG11  3.785  31.952  4.554  4.5
75  5  VAL  HG12  3.899  33.42  3.971  2.2
76  5  VAL  HG13  2.687  33.035  4.914  2.04
77  5  VAL  HG21  2.068  30.374  3.671  1.98
78  5  VAL  HG22  0.876  31.377  3.959  1.89
79  5  VAL  HG23  1.097  30.807  2.498  3.77
80  6  LYS  N  2.384  35.686  3.141  113.02
81  6  LYS  CA  3.225  36.886  3.104  61.81
82  6  LYS  C  3.85  37.097  4.47  55.18
83  6  LYS  O  3.149  37  5.472  40.71
84  6  LYS  CB  2.426  38.125  2.705  8.62
85  6  LYS  CG  3.334  39.371  2.452  130.71
86  6  LYS  CD  2.543  40.565  1.926  130.71
87  6  LYS  CE  3.453  41.797  1.635  131.31
88  6  LYS  NZ  4.381  41.578  0.463  131.31
89  6  LYS  H  1.834  35.659  3.802  8.03
90  6  LYS  HA  3.915  36.753  2.435  4.25
91  6  LYS  HB2  1.916  37.932  1.902  1.89
92  6  LYS  HB3  1.786  38.332  3.404  1.63
93  6  LYS  HG2  3.778  39.618  3.278  1.25
94  6  LYS  HG3  4.028  39.139  1.815  6.91
95  6  LYS  HD2  2.078  40.31  1.114  6.91
96  6  LYS  HD3  1.865  40.812  2.575  7.18
97  6  LYS  HE2  2.895  42.571  1.46  7.18
98  6  LYS  HE3  3.979  41.999  2.425  3.85
99  6  LYS  HZ1  4.659  42.365  0.153  124.32
100  6  LYS  HZ2  5.083  41.098  0.725  60.51
101  6  LYS  HZ3  3.948  41.142  -0.181  174.89
102  7  VAL  N  5.157  37.343  4.5  111.25
103  7  VAL  CA  5.911  37.447  5.756  45.44
104  7  VAL  C  6.711  38.75  5.759  21.31
105  7  VAL  O  7.417  39.058  4.784  21.31
106  7  VAL  CB  6.857  36.225  5.968  8.33
107  7  VAL  CG1  7.436  36.253  7.391  5.48
108  7  VAL  CG2  6.125  34.868  5.748  2.62
109  7  VAL  H  5.635  37.455  3.794  8.38
110  7  VAL  HA  5.279  37.449  6.492  7.63
111  7  VAL  HB  7.566  36.296  5.31  33.52
112  7  VAL  HG11  8.023  35.491  7.517  37.05
113  7  VAL  HG12  7.938  37.073  7.52  7.37
114  7  VAL  HG13  6.712  36.213  8.036  9.22
115  7  VAL  HG21  6.748  34.138  5.889  4.06
116  7  VAL  HG22  5.389  34.791  6.376  54.61
117  7  VAL  HG23  5.781  34.829  4.842  174.89
118  8  LEU  N  6.589  39.506  6.856  120.65
119  8  LEU  CA  7.155  40.827  6.987  56.42
120  8  LEU  C  8.053  40.869  8.208  1.86
121  8  LEU  O  7.821  40.164  9.19  1.36
122  8  LEU  CB  6.045  41.89  7.11  1.14
123  8  LEU  CG  5.126  42.105  5.883  55.14
124  8  LEU  CD1  4.161  43.251  6.141  7.56
125  8  LEU  CD2  5.913  42.375  4.598  4.43
126  8  LEU  H  6.161  39.247  7.556  8.15
127  8  LEU  HA  7.675  41.025  6.193  4.6
128  8  LEU  HB2  5.485  41.653  7.866  1.68
129  8  LEU  HB3  6.465  42.738  7.323  1.39
130  8  LEU  HG  4.633  41.28  5.755  1.52
131  8  LEU  HD11  3.591  43.375  5.366  1.52
132  8  LEU  HD12  3.613  43.045  6.914  3.01
133  8  LEU  HD13  4.662  44.065  6.308  3.01
134  8  LEU  HD21  5.296  42.502  3.861  5.03
135  8  LEU  HD22  6.452  43.174  4.71  3.16
136  8  LEU  HD23  6.491  41.62  4.408  2.64
137  9  ASP  N  9.092  41.687  8.132  116.81
138  9  ASP  CA  10.062  41.827  9.189  58.38
139  9  ASP  C  9.797  43.192  9.86  1.76
140  9  ASP  O  9.976  44.219  9.219  0.83
141  9  ASP  CB  11.448  41.739  8.539  4.78
142  9  ASP  CG  12.603  41.954  9.51  3
143  9  ASP  OD1  12.451  42.622  10.545  3
144  9  ASP  OD2  13.7  41.45  9.216  7.09
145  9  ASP  H  9.251  42.184  7.448  8.24
146  9  ASP  HA  10.006  41.139  9.87  7.28
147  9  ASP  HB2  11.545  40.868  8.123  7.28
148  9  ASP  HB3  11.506  42.4  7.831  7.21
149  10  ALA  N  9.37  43.19  11.132  122.94
150  10  ALA  CA  9.052  44.41  11.869  55.63
151  10  ALA  C  10.265  45.163  12.4  4.15
152  10  ALA  O  10.11  46.276  12.91  4.15
153  10  ALA  CB  8.124  44.09  13.048  3.3
154  10  ALA  H  9.258  42.471  11.59  8.27
155  10  ALA  HA  8.62  44.99  11.223  9.46
156  10  ALA  HB1  7.92  44.907  13.53  4.83
157  10  ALA  HB2  7.302  43.697  12.716  3.45
158  10  ALA  HB3  8.563  43.464  13.645  3.05
159  11  VAL  N  11.45  44.536  12.364  119.73
160  11  VAL  CA  12.683  45.156  12.865  50.89
161  11  VAL  C  13.307  46.019  11.781  176.55
162  11  VAL  O  13.76  47.127  12.038  8.61
163  11  VAL  CB  13.731  44.086  13.327  4.9
164  11  VAL  CG1  15.044  44.737  13.781  3.72
165  11  VAL  CG2  13.186  43.256  14.494  3.31
166  11  VAL  H  11.559  43.743  12.05  8.13
167  11  VAL  HA  12.441  45.698  13.632  3.01
168  11  VAL  HB  13.901  43.517  12.56  2.95
169  11  VAL  HG11  15.668  44.048  14.059  4.37
170  11  VAL  HG12  15.427  45.241  13.046  56.56
171  11  VAL  HG13  14.869  45.334  14.525  30.49
172  11  VAL  HG21  13.849  42.601  14.763  36.76
173  11  VAL  HG22  12.987  43.841  15.242  176.3
174  11  VAL  HG23  12.376  42.8  14.216  4.06
175  12  ARG  N  13.307  45.5  10.56  4.06
176  12  ARG  CA  13.978  46.185  9.462  64.62
177  12  ARG  C  13.009  46.899  8.513  4.29
178  12  ARG  O  13.456  47.662  7.642  2.15
179  12  ARG  CB  14.859  45.18  8.734  1.81
180  12  ARG  CG  16.003  44.73  9.63  2.26
181  12  ARG  CD  16.353  43.309  9.373  2.26
182  12  ARG  NE  17.249  43.155  8.239  121.9
183  12  ARG  CZ  16.913  42.587  7.087  4.93
184  12  ARG  NH1  15.682  42.127  6.897  3.39
185  12  ARG  NH2  17.819  42.492  6.114  3.24
186  12  ARG  H  12.928  44.758  10.346  4.01
187  12  ARG  HA  14.527  46.895  9.83  2.33
188  12  ARG  HB2  14.33  44.413  8.465  2.18
189  12  ARG  HB3  15.213  45.579  7.924  177.22
190  12  ARG  HG2  16.779  45.291  9.476  8.49
191  12  ARG  HG3  15.753  44.842  10.56  121.19
192  12  ARG  HD2  16.769  42.933  10.164  2.15
193  12  ARG  HD3  15.541  42.803  9.212  1.65
194  12  ARG  HE  18.052  43.452  8.32  3.24
195  12  ARG  HH11  15.096  42.196  7.523  3.11
196  12  ARG  HH12  15.471  41.76  6.148  8.56
197  12  ARG  HH21  18.614  42.797  6.235  4.19
198  12  ARG  HH22  17.609  42.125  5.365  1.21
199  13  GLY  N  11.707  46.644  8.661  115.92
200  13  GLY  CA  10.696  47.283  7.801  53.75
201  13  GLY  C  10.763  46.782  6.35  113.59
202  13  GLY  O  10.687  47.556  5.389  58.42
203  13  GLY  H  11.386  46.106  9.25  6.73
204  13  GLY  HA2  9.812  47.109  8.16  55.18
205  13  GLY  HA3  10.824  48.244  7.815  63.66
206  14  SER  N  10.847  45.479  6.203  126.59
207  14  SER  CA  11.116  44.9  4.897  54.88
208  14  SER  C  10.4  43.575  4.778  7.09
209  14  SER  O  10.029  42.976  5.795  4.34
210  14  SER  CB  12.622  44.667  4.763  3.84
211  14  SER  OG  13.005  43.685  5.698  7.21
212  14  SER  H  10.753  44.909  6.84  8.46
213  14  SER  HA  10.806  45.5  4.201  174.79
214  14  SER  HB2  12.84  44.379  3.863  6.9
215  14  SER  HB3  13.107  45.492  4.922  119.99
216  14  SER  HG  13.831  43.545  5.635  6.97
217  15  PRO  N  10.214  43.088  3.528  121.6
218  15  PRO  CA  9.753  41.713  3.346  59.75
219  15  PRO  C  10.732  40.772  4.039  55.21
220  15  PRO  O  11.932  41.068  4.11  7.81
221  15  PRO  CB  9.857  41.506  1.833  117.44
222  15  PRO  CG  9.735  42.89  1.266  52.8
223  15  PRO  CD  10.45  43.773  2.243  7
224  15  PRO  HA  8.865  41.55  3.701  4.14
225  15  PRO  HB2  10.701  41.095  1.588  19.08
226  15  PRO  HB3  9.153  40.925  1.505  4.52
227  15  PRO  HG2  10.136  42.945  0.384  1.85
228  15  PRO  HG3  8.805  43.151  1.172  1.89
229  15  PRO  HD2  11.396  43.844  2.04  1.68
230  15  PRO  HD3  10.092  44.674  2.244  1.62
231  16  ALA  N  10.231  39.644  4.526  127.44
232  16  ALA  CA  11.106  38.628  5.09  54.42
233  16  ALA  C  11.409  37.631  3.964  30.42
234  16  ALA  O  10.543  36.887  3.526  8.34
235  16  ALA  CB  10.46  37.941  6.332  4.25
236  16  ALA  H  9.394  39.449  4.539  8.89
237  16  ALA  HA  11.93  39.022  5.417  2.42
238  16  ALA  HB1  11.067  37.271  6.683  1.91
239  16  ALA  HB2  10.284  38.607  7.015  2.05
240  16  ALA  HB3  9.627  37.518  6.071  2.05
241  17  ILE  N  12.65  37.662  3.495  124.11
242  17  ILE  CA  13.038  36.946  2.277  60.65
243  17  ILE  C  13.696  35.625  2.613  115.13
244  17  ILE  O  14.453  35.544  3.57  58.92
245  17  ILE  CB  14.005  37.842  1.46  4.37
246  17  ILE  CG1  13.294  39.14  1.067  3.92
247  17  ILE  CG2  14.525  37.144  0.241  3.92
248  17  ILE  CD  14.248  40.244  0.69  28.41
249  17  ILE  H  13.292  38.096  3.869  9.05
250  17  ILE  HA  12.246  36.753  1.751  3.89
251  17  ILE  HB  14.77  38.044  2.021  2.02
252  17  ILE  HG21  15.124  37.736  -0.24  1.46
253  17  ILE  HG22  15.006  36.344  0.506  1.78
254  17  ILE  HG23  13.783  36.899  -0.333  6.59
255  18  ASN  N  13.446  34.606  1.793  126.26
256  18  ASN  CA  14.066  33.292  1.974  53.89
257  18  ASN  C  13.687  32.598  3.279  1.6
258  18  ASN  O  14.483  31.853  3.863  1.42
259  18  ASN  CB  15.586  33.372  1.822  4.45
260  18  ASN  CG  15.995  33.734  0.425  1.94
261  18  ASN  OD1  15.338  33.334  -0.545  1.94
262  18  ASN  ND2  17.068  34.52  0.301  1.85
263  18  ASN  H  12.915  34.655  1.119  8.52
264  18  ASN  HA  13.705  32.737  1.265  1.85
265  18  ASN  HB2  15.938  34.03  2.442  1.85
266  18  ASN  HB3  15.979  32.518  2.062  2.98
267  18  ASN  HD21  17.33  34.77  -0.479  2.98
268  18  ASN  HD22  17.497  34.776  1.001  8.19
269  19  VAL  N  12.456  32.842  3.722  121.76
270  19  VAL  CA  11.945  32.191  4.918  53.45
271  19  VAL  C  11.26  30.902  4.48  2.86
272  19  VAL  O  10.42  30.911  3.571  27.38
273  19  VAL  CB  10.925  33.065  5.695  23.48
274  19  VAL  CG1  10.542  32.361  6.982  121.69
275  19  VAL  CG2  11.505  34.404  6.047  7.6
276  19  VAL  H  11.903  33.381  3.343  8.64
277  19  VAL  HA  12.689  32.028  5.518  1.53
278  19  VAL  HB  10.151  33.198  5.125  5.27
279  19  VAL  HG11  9.904  32.904  7.471  3.18
280  19  VAL  HG12  10.142  31.502  6.775  2.75
281  19  VAL  HG13  11.334  32.226  7.525  4.58
282  19  VAL  HG21  10.845  34.926  6.531  8.18
283  19  VAL  HG22  12.29  34.281  6.603  4.3
284  19  VAL  HG23  11.755  34.872  5.235  2.17
285  20  ALA  N  11.627  29.795  5.113  127.7
286  20  ALA  CA  11.037  28.506  4.77  53.56
287  20  ALA  C  9.638  28.386  5.346  3.84
288  20  ALA  O  9.394  28.705  6.534  177.6
289  20  ALA  CB  11.919  27.36  5.268  33.14
290  20  ALA  H  12.213  29.767  5.742  8.99
291  20  ALA  HA  10.976  28.449  3.804  1.74
292  20  ALA  HB1  11.512  26.512  5.032  1.73
293  20  ALA  HB2  12.795  27.423  4.857  120.89
294  20  ALA  HB3  12.01  27.417  6.232  4.33
295  21  VAL  N  8.731  27.893  4.516  120.58
296  21  VAL  CA  7.33  27.702  4.894  65.34
297  21  VAL  C  6.914  26.278  4.561  4.94
298  21  VAL  O  7.161  25.822  3.435  1.84
299  21  VAL  CB  6.42  28.68  4.138  2.09
300  21  VAL  CG1  4.963  28.42  4.467  2.64
301  21  VAL  CG2  6.809  30.129  4.493  2.64
302  21  VAL  H  8.909  27.656  3.709  9.66
303  21  VAL  HA  7.241  27.868  5.846  1.72
304  21  VAL  HB  6.538  28.547  3.184  7.13
305  21  VAL  HG11  4.404  29.047  3.981  -0.85
306  21  VAL  HG12  4.73  27.514  4.211  117.48
307  21  VAL  HG13  4.821  28.533  5.42  60.33
308  21  VAL  HG21  6.233  30.745  4.014  176.1
309  21  VAL  HG22  6.707  30.267  5.448  9.09
310  21  VAL  HG23  7.732  30.288  4.241  33.24
311  22  HSE  N  6.311  25.569  5.525  116.76
312  22  HSE  CA  5.84  24.207  5.307  55.49
313  22  HSE  C  4.343  24.192  5.572  3.11
314  22  HSE  O  3.875  24.785  6.538  3.01
315  22  HSE  CB  6.572  23.216  6.218  7.56
316  22  HSE  CG  7.979  22.933  5.8  3.69
317  22  HSE  ND1  9.03  23.764  6.117  7.63
318  22  HSE  CD2  8.513  21.898  5.105  4.2
319  22  HSE  CE1  10.154  23.259  5.633  1.55
320  22  HSE  NE2  9.864  22.129  5.009  1.55
321  23  VAL  N  3.594  23.586  4.679  109.65
322  23  VAL  CA  2.138  23.482  4.832  47.2
323  23  VAL  C  1.804  21.992  4.979  3.02
324  23  VAL  O  2.399  21.117  4.28  2.87
325  23  VAL  CB  1.377  24.072  3.624  27.23
326  23  VAL  CG1  -0.128  23.986  3.854  8.48
327  23  VAL  CG2  1.792  25.519  3.33  121.06
328  23  VAL  H  3.902  23.22  3.964  7.48
329  23  VAL  HA  1.861  23.992  5.609  4.27
330  23  VAL  HB  1.612  23.542  2.846  4.4
331  23  VAL  HG11  -0.594  24.359  3.09  3.75
332  23  VAL  HG12  -0.386  23.058  3.968  20.57
333  23  VAL  HG13  -0.363  24.486  4.651  120.29
334  23  VAL  HG21  1.293  25.85  2.567  3.18
335  23  VAL  HG22  1.605  26.073  4.104  4.56
336  23  VAL  HG23  2.741  25.55  3.133  1.87
337  24  PHE  N  0.896  21.697  5.902  111.56
338  24  PHE  CA  0.48  20.324  6.223  55.31
339  24  PHE  C  -1.035  20.278  6.233  1.4
340  24  PHE  O  -1.687  21.281  6.563  1.87
341  24  PHE  CB  0.972  19.913  7.625  1.77
342  24  PHE  CG  2.471  20.017  7.805  2.94
343  24  PHE  CD1  3.043  21.196  8.287  2.94
344  24  PHE  CD2  3.305  18.939  7.502  1.73
345  24  PHE  CE1  4.435  21.319  8.446  108.29
346  24  PHE  CE2  4.709  19.039  7.665  9.29
347  24  PHE  CZ  5.27  20.229  8.137  4.43
348  24  PHE  H  0.494  22.295  6.371  7.35
349  24  PHE  HA  0.856  19.721  5.563  8.52
350  24  PHE  HB2  0.536  20.472  8.287  3.59
351  24  PHE  HB3  0.697  18.999  7.799  1.67
352  24  PHE  HD1  2.493  21.913  8.507  2.8
353  24  PHE  HD2  2.934  18.145  7.189  6.91
354  24  PHE  HE1  4.802  22.116  8.754  6.91
355  24  PHE  HE2  5.255  18.315  7.459  7.14
356  24  PHE  HZ  6.191  20.3  8.246  4.24
357  25  ARG  N  -1.585  19.112  5.906  4.03
358  25  ARG  CA  -3.018  18.856  6.003  62.74
359  25  ARG  C  -3.236  17.747  7.033  4.44
360  25  ARG  O  -2.479  16.771  7.063  177.44
361  25  ARG  CB  -3.582  18.416  4.634  1.96
362  25  ARG  CG  -5.085  18.181  4.633  30.8
363  25  ARG  CD  -5.66  17.901  3.206  21.23
364  25  ARG  NE  -7.135  17.917  3.247  20.14
365  25  ARG  CZ  -7.898  16.935  3.745  7.11
366  25  ARG  NH1  -7.345  15.827  4.25  120.09
367  25  ARG  NH2  -9.223  17.055  3.743  0.79
368  25  ARG  H  -1.131  18.44  5.619  114.67
369  25  ARG  HA  -3.478  19.666  6.274  2.7
370  25  ARG  HB2  -3.369  19.094  3.974  174.52
371  25  ARG  HB3  -3.136  17.6  4.357  3.36
372  25  ARG  HG2  -5.29  17.43  5.212  117.42
373  25  ARG  HG3  -5.529  18.958  5.008  58.55
374  25  ARG  HD2  -5.339  18.57  2.582  114.83
375  25  ARG  HD3  -5.347  17.041  2.885  57.26
376  25  ARG  HE  -7.535  18.608  2.927  178.31
377  25  ARG  HH11  -6.49  15.738  4.258  8.99
378  25  ARG  HH12  -7.845  15.203  4.567  5.13
379  25  ARG  HH21  -9.59  17.763  3.422  3.79
380  25  ARG  HH22  -9.712  16.424  4.063  2.99
381  26  LYS  N  -4.272  17.887  7.854  127.3
382  26  LYS  CA  -4.588  16.902  8.877  50.7
383  26  LYS  C  -5.21  15.666  8.246  3.85
384  26  LYS  O  -6.239  15.762  7.571  2.02
385  26  LYS  CB  -5.539  17.479  9.932  1.46
386  26  LYS  CG  -5.403  16.739  11.248  1.04
387  26  LYS  CD  -6.016  17.461  12.413  2.87
388  26  LYS  CE  -5.022  17.465  13.565  118.99
389  26  LYS  NZ  -5.7  17.24  14.871  55.11
390  26  LYS  H  -4.811  18.557  7.832  8.06
391  26  LYS  HA  -3.759  16.656  9.316  173.86
392  26  LYS  HB2  -5.347  18.42  10.065  29.87
393  26  LYS  HB3  -6.454  17.418  9.616  116.6
394  26  LYS  HG2  -5.818  15.867  11.164  53.04
395  26  LYS  HG3  -4.462  16.589  11.43  177.27
396  26  LYS  HD2  -6.244  18.37  12.163  3.86
397  26  LYS  HD3  -6.84  17.026  12.682  43.51
398  26  LYS  HE2  -4.356  16.775  13.422  120.27
399  26  LYS  HE3  -4.552  18.313  13.585  52.66
400  26  LYS  HZ1  -5.096  17.247  15.525  114.99
401  26  LYS  HZ2  -6.296  17.886  15.011  7.65
402  26  LYS  HZ3  -6.114  16.452  14.859  5.35
403  27  ALA  N  -4.559  14.522  8.454  127.24
404  27  ALA  CA  -5.018  13.234  7.911  61.83
405  27  ALA  C  -6.039  12.596  8.841  122.43
406  27  ALA  O  -6.18  13.026  9.991  56.26
407  27  ALA  CB  -3.826  12.298  7.682  178.5
408  27  ALA  H  -3.835  14.467  8.915  7.85
409  27  ALA  HA  -5.448  13.393  7.056  18.91
410  27  ALA  HB1  -4.142  11.453  7.324  6.38
411  27  ALA  HB2  -3.211  12.705  7.053  3.71
412  27  ALA  HB3  -3.37  12.142  8.524  7.61
413  28  ALA  N  -6.748  11.573  8.355  121.95
414  28  ALA  CA  -7.823  10.908  9.132  54.55
415  28  ALA  C  -7.412  10.302  10.5  2.72
416  28  ALA  O  -8.266  10.128  11.38  56.75
417  28  ALA  CB  -8.523  9.856  8.277  175.7
418  28  ALA  H  -6.626  11.241  7.571  7.64
419  28  ALA  HA  -8.429  11.629  9.363  39.84
420  28  ALA  HB1  -9.222  9.43  8.796  55.36
421  28  ALA  HB2  -8.913  10.28  7.497  124.19
422  28  ALA  HB3  -7.879  9.188  7.993  2.78
423  29  ASP  N  -6.126  9.984  10.661  119.99
424  29  ASP  CA  -5.566  9.514  11.942  61.99
425  29  ASP  C  -5.027  10.637  12.856  2.51
426  29  ASP  O  -4.217  10.381  13.755  2.32
427  29  ASP  CB  -4.473  8.462  11.689  9.27
428  29  ASP  CG  -3.271  9.026  10.936  4.27
429  29  ASP  OD1  -3.389  10.11  10.322  4
430  29  ASP  OD2  -2.195  8.38  10.954  4.08
431  29  ASP  H  -5.546  10.034  10.028  8.36
432  29  ASP  HA  -6.309  9.119  12.424  116.69
433  29  ASP  HB2  -4.176  8.1  12.538  69.28
434  29  ASP  HB3  -4.85  7.726  11.183  116.14
435  30  ASP  N  -5.485  11.871  12.62  131.6
436  30  ASP  CA  -5.058  13.061  13.379  51.79
437  30  ASP  C  -3.568  13.351  13.293  2.7
438  30  ASP  O  -2.996  13.989  14.183  2.64
439  30  ASP  CB  -5.486  12.982  14.85  8.26
440  30  ASP  CG  -6.973  13.187  15.032  6.89
441  30  ASP  OD1  -7.453  14.329  14.838  8.15
442  30  ASP  OD2  -7.661  12.197  15.385  4.15
443  30  ASP  H  -6.061  12.046  12.006  9.16
444  30  ASP  HA  -5.514  13.801  12.949  1.62
445  30  ASP  HB2  -5.235  12.117  15.211  2.53
446  30  ASP  HB3  -5.005  13.652  15.36  2.4
447  31  THR  N  -2.949  12.887  12.217  116.29
448  31  THR  CA  -1.532  13.133  11.941  54.24
449  31  THR  C  -1.364  14.224  10.858  119.69
450  31  THR  O  -2.234  14.386  9.992  4.01
451  31  THR  CB  -0.849  11.789  11.567  1.68
452  31  THR  OG1  -0.008  11.379  12.655  1.41
453  31  THR  CG2  -0.044  11.864  10.284  1.04
454  31  THR  H  -3.341  12.414  11.616  8.56
455  31  THR  HA  -1.091  13.478  12.733  56.62
456  31  THR  HB  -1.55  11.138  11.409  177.14
457  31  THR  HG1  0.365  10.651  12.462  7.51
458  31  THR  HG21  0.357  11  10.102  4.54
459  31  THR  HG22  -0.628  12.11  9.549  3.02
460  31  THR  HG23  0.654  12.531  10.378  1.98
461  32  TRP  N  -0.262  14.968  10.91  118.54
462  32  TRP  CA  -0.011  16.008  9.901  55.53
463  32  TRP  C  0.772  15.46  8.712  47.79
464  32  TRP  O  1.929  15.067  8.861  28.79
465  32  TRP  CB  0.77  17.172  10.507  8.72
466  32  TRP  CG  0.015  17.966  11.543  3.96
467  32  TRP  CD1  0.265  18.007  12.895  2.59
468  32  TRP  CD2  -1.085  18.857  11.312  117.29
469  32  TRP  NE1  -0.612  18.87  13.515  2.14
470  32  TRP  CE2  -1.461  19.396  12.574  36.07
471  32  TRP  CE3  -1.788  19.258  10.165  183.37
472  32  TRP  CZ2  -2.517  20.308  12.719  9.31
473  32  TRP  CZ3  -2.851  20.16  10.312  113.98
474  32  TRP  CH2  -3.197  20.677  11.58  53.33
475  32  TRP  H  0.348  14.892  11.511  8.6
476  32  TRP  HA  -0.877  16.317  9.593  4.3
477  32  TRP  HB2  1.581  16.826  10.911  2.38
478  32  TRP  HB3  1.041  17.77  9.793  177.4
479  32  TRP  HD1  0.93  17.522  13.328  4.78
480  32  TRP  HE1  -0.625  19.05  14.356  31.22
481  32  TRP  HE3  -1.554  18.932  9.326  28.28
482  32  TRP  HZ2  -2.749  20.65  13.552  50.25
483  32  TRP  HZ3  -3.336  20.422  9.563  4.47
484  32  TRP  HH2  -3.901  21.281  11.647  121.49
485  33  GLU  N  0.179  15.452  7.528  122.31
486  33  GLU  CA  0.945  15.043  6.35  59.82
487  33  GLU  C  1.43  16.248  5.536  2
488  33  GLU  O  0.66  17.195  5.316  3.36
489  33  GLU  CB  0.15  14.098  5.471  3.08
490  33  GLU  CG  -1.075  14.71  4.868  111.85
491  33  GLU  CD  -1.865  13.733  4.011  8.15
492  33  GLU  OE1  -1.837  12.516  4.294  3.63
493  33  GLU  OE2  -2.526  14.202  3.065  1.76
494  33  GLU  H  -0.64  15.671  7.381  9.16
495  33  GLU  HA  1.727  14.571  6.677  3.84
496  33  GLU  HB2  0.723  13.776  4.758  7.4
497  33  GLU  HB3  -0.111  13.326  5.996  1.97
498  33  GLU  HG2  -1.646  15.046  5.577  7.92
499  33  GLU  HG3  -0.817  15.472  4.327  6.95
500  34  PRO  N  2.705  16.221  5.094  128.05
501  34  PRO  CA  3.231  17.266  4.219  56.09
502  34  PRO  C  2.285  17.54  3.072  1.53
503  34  PRO  O  1.693  16.609  2.527  1.32
504  34  PRO  CB  4.548  16.657  3.705  1.32
505  34  PRO  CG  5.031  15.879  4.849  4.58
506  34  PRO  CD  3.752  15.237  5.431  1.55
507  34  PRO  HA  3.35  18.116  4.67  1.42
508  34  PRO  HB2  4.403  16.096  2.927  1.28
509  34  PRO  HB3  5.182  17.344  3.446  116.93
510  34  PRO  HG2  5.673  15.206  4.575  56.43
511  34  PRO  HG3  5.473  16.444  5.502  8.06
512  34  PRO  HD2  3.572  14.371  5.034  4.82
513  34  PRO  HD3  3.822  15.101  6.389  2.65
514  35  PHE  N  2.127  18.814  2.714  122.33
515  35  PHE  CA  1.167  19.204  1.696  54.1
516  35  PHE  C  1.843  20.077  0.651  39.53
517  35  PHE  O  1.671  19.865  -0.558  25.58
518  35  PHE  CB  -0.065  19.902  2.333  18.31
519  35  PHE  CG  -1.091  20.369  1.334  117.51
520  35  PHE  CD1  -1.963  19.464  0.742  125.89
521  35  PHE  CD2  -1.175  21.713  0.984  4.34
522  35  PHE  CE1  -2.93  19.886  -0.201  1.86
523  35  PHE  CE2  -2.121  22.166  0.018  1.19
524  35  PHE  CZ  -3.003  21.218  -0.577  1.05
525  35  PHE  H  2.571  19.468  3.054  9.45
526  35  PHE  HA  0.838  18.408  1.25  1.62
527  35  PHE  HB2  -0.488  19.288  2.953  8.33
528  35  PHE  HB3  0.239  20.664  2.851  4.57
529  35  PHE  HD1  -1.91  18.564  0.97  8.81
530  35  PHE  HD2  -0.604  22.327  1.387  3.72
531  35  PHE  HE1  -3.519  19.267  -0.57  2.02
532  35  PHE  HE2  -2.162  23.064  -0.22  1.17
533  35  PHE  HZ  -3.624  21.491  -1.213  2.4
534  36  ALA  N  2.626  21.048  1.112  130.02
535  36  ALA  CA  3.292  22.015  0.201  57.34
536  36  ALA  C  4.382  22.716  0.963  8.85
537  36  ALA  O  4.36  22.738  2.19  113.49
538  36  ALA  CB  2.304  23.005  -0.392  175.3
539  36  ALA  H  2.792  21.174  1.946  8.6
540  36  ALA  HA  3.676  21.535  -0.549  40.41
541  36  ALA  HB1  2.773  23.618  -0.979  7.01
542  36  ALA  HB2  1.629  22.526  -0.898  64.26
543  36  ALA  HB3  1.878  23.504  0.322  177.27
544  37  SER  N  5.374  23.241  0.252  131.4
545  37  SER  CA  6.405  24.037  0.928  51.04
546  37  SER  C  7.131  24.921  -0.056  3.76
547  37  SER  O  7.022  24.736  -1.266  3.35
548  37  SER  CB  7.401  23.144  1.688  1.59
549  37  SER  OG  8.087  22.236  0.824  2.41
550  37  SER  H  5.472  23.155  -0.598  8.75
551  37  SER  HA  5.958  24.601  1.578  117.69
552  37  SER  HB2  8.048  23.703  2.146  1.92
553  37  SER  HB3  6.927  22.642  2.37  3.6
554  37  SER  HG  8.62  21.769  1.275  3.26
555  38  GLY  N  7.882  25.869  0.473  122.07
556  38  GLY  CA  8.726  26.719  -0.333  53.91
557  38  GLY  C  9.416  27.735  0.551  175.77
558  38  GLY  O  9.351  27.635  1.774  39.89
559  38  GLY  H  7.915  26.037  1.316  8.29
560  38  GLY  HA2  9.385  26.184  -0.802  33.45
561  38  GLY  HA3  8.195  27.171  -1.008  3.02
562  39  LYS  N  10.046  28.717  -0.088  115.85
563  39  LYS  CA  10.773  29.797  0.581  53.46
564  39  LYS  C  10.171  31.095  0.068  1.73
565  39  LYS  O  9.863  31.206  -1.118  1.7
566  39  LYS  CB  12.284  29.722  0.316  1.54
567  39  LYS  CG  12.985  28.702  1.215  1.54
568  39  LYS  CD  14.49  28.951  1.308  3.13
569  39  LYS  CE  15.104  28.23  2.519  3.13
570  39  LYS  NZ  15.375  29.118  3.733  7.11
571  39  LYS  H  10.064  28.776  -0.946  7.75
572  39  LYS  HA  10.682  29.73  1.544  123.19
573  39  LYS  HB2  12.435  29.488  -0.613  53.65
574  39  LYS  HB3  12.678  30.597  0.456  122.76
575  39  LYS  HG2  12.598  28.737  2.104  116.39
576  39  LYS  HG3  12.827  27.809  0.872  19.51
577  39  LYS  HD2  14.921  28.645  0.495  8.03
578  39  LYS  HD3  14.658  29.904  1.377  4.29
579  39  LYS  HE2  14.509  27.513  2.787  7.25
580  39  LYS  HE3  15.938  27.818  2.244  4.13
581  39  LYS  HZ1  16.253  29.195  3.855  4.52
582  39  LYS  HZ2  15.023  29.924  3.596  115.82
583  39  LYS  HZ3  15.007  28.753  4.456  61.83
584  40  THR  N  9.957  32.075  0.942  113.43
585  40  THR  CA  9.414  33.361  0.452  55.93
586  40  THR  C  10.382  34.053  -0.522  2.05
587  40  THR  O  11.602  33.919  -0.412  1.77
588  40  THR  CB  9.126  34.327  1.609  1.37
589  40  THR  OG1  10.345  34.569  2.34  1.37
590  40  THR  CG2  8.039  33.724  2.543  110.69
591  40  THR  H  10.108  32.031  1.787  7.91
592  40  THR  HA  8.588  33.146  -0.009  1.47
593  40  THR  HB  8.795  35.169  1.259  1.31
594  40  THR  HG1  10.4  35.385  2.532  0.92
595  40  THR  HG21  7.861  34.339  3.272  66.49
596  40  THR  HG22  7.224  33.577  2.038  7.88
597  40  THR  HG23  8.353  32.879  2.902  4.06
598  41  SER  N  9.819  34.794  -1.46  111.03
599  41  SER  CA  10.581  35.475  -2.489  61.62
600  41  SER  C  11.086  36.809  -1.964  8.02
601  41  SER  O  10.979  37.1  -0.758  117.09
602  41  SER  CB  9.659  35.723  -3.674  57.08
603  41  SER  OG  8.707  36.719  -3.344  176.4
604  41  SER  H  8.97  34.918  -1.518  7.26
605  41  SER  HA  11.341  34.932  -2.752  33.99
606  41  SER  HB2  10.178  36.003  -4.445  24.84
607  41  SER  HB3  9.207  34.901  -3.92  29.88
608  41  SER  HG  8.202  36.853  -4.002  7.67
609  42  GLU  N  11.626  37.619  -2.882  120.55
610  42  GLU  CA  12.118  38.978  -2.599  55.7
611  42  GLU  C  11.054  39.884  -2.004  4.41
612  42  GLU  O  11.356  40.827  -1.291  1.69
613  42  GLU  CB  12.62  39.631  -3.895  1.5
614  42  GLU  CG  13.786  38.944  -4.493  1.24
615  42  GLU  CD  15.095  39.448  -3.944  1.24
616  42  GLU  OE1  15.546  38.959  -2.879  31.94
617  42  GLU  OE2  15.685  40.338  -4.589  117.99
618  42  GLU  H  11.719  37.39  -3.706  8.35
619  42  GLU  HA  12.831  38.878  -1.949  2.92
620  42  GLU  HB2  11.897  39.646  -4.541  112.23
621  42  GLU  HB3  12.857  40.554  -3.712  7.83
622  42  GLU  HG2  13.715  37.991  -4.329  175.23
623  42  GLU  HG3  13.773  39.068  -5.455  114.45
624  43  SER  N  9.808  39.597  -2.313  126.3
625  43  SER  CA  8.722  40.415  -1.842  53.08
626  43  SER  C  8.108  39.855  -0.563  4.15
627  43  SER  O  7.075  40.355  -0.122  0.74
628  43  SER  CB  7.642  40.525  -2.924  0.57
629  43  SER  OG  6.887  39.323  -3.036  0.22
630  43  SER  H  9.571  38.928  -2.798  9.28
631  43  SER  HA  9.081  41.294  -1.644  70.12
632  43  SER  HB2  7.048  41.263  -2.715  175.23
633  43  SER  HB3  8.057  40.728  -3.777  7.64
634  43  SER  HG  7.409  38.67  -3.116  4.65
635  44  GLY  N  8.742  38.831  0.014  3.03
636  44  GLY  CA  8.265  38.198  1.242  64.51
637  44  GLY  C  7.055  37.309  1.009  113.69
638  44  GLY  O  6.383  36.928  1.955  6.86
639  44  GLY  H  9.464  38.484  -0.299  7.66
640  44  GLY  HA2  8.981  37.67  1.629  117.77
641  44  GLY  HA3  8.038  38.884  1.889  56.34
642  45  GLU  N  6.805  36.923  -0.249  124.72
643  45  GLU  CA  5.597  36.191  -0.601  59.11
644  45  GLU  C  5.879  34.777  -1.1  64.75
645  45  GLU  O  6.971  34.47  -1.615  29.48
646  45  GLU  CB  4.759  36.983  -1.616  7.9
647  45  GLU  CG  4.334  38.32  -1.05  5.11
648  45  GLU  CD  3.58  39.226  -2.017  3.46
649  45  GLU  OE1  3.53  38.947  -3.224  3.32
650  45  GLU  OE2  3.042  40.254  -1.548  121.89
651  45  GLU  H  7.33  37.08  -0.912  8.81
652  45  GLU  HA  5.083  36.091  0.216  54.28
653  45  GLU  HB2  5.274  37.121  -2.427  174.53
654  45  GLU  HB3  3.974  36.469  -1.862  30.69
655  45  GLU  HG2  3.774  38.163  -0.274  33.86
656  45  GLU  HG3  5.124  38.789  -0.74  35.9
657  46  LEU  N  4.889  33.915  -0.936  118.59
658  46  LEU  CA  4.971  32.536  -1.417  52.24
659  46  LEU  C  3.65  32.202  -2.081  3.91
660  46  LEU  O  2.611  32.176  -1.428  8.57
661  46  LEU  CB  5.286  31.569  -0.27  4.59
662  46  LEU  CG  5.503  30.105  -0.595  2.04
663  46  LEU  CD1  6.666  29.88  -1.59  1.88
664  46  LEU  CD2  5.751  29.347  0.686  125.79
665  46  LEU  H  4.149  34.108  -0.543  7.88
666  46  LEU  HA  5.694  32.444  -2.057  124.77
667  46  LEU  HB2  6.083  31.893  0.178  62.08
668  46  LEU  HB3  4.559  31.624  0.37  176.06
669  46  LEU  HG  4.702  29.775  -1.031  4.25
670  46  LEU  HD11  6.764  28.931  -1.765  37.72
671  46  LEU  HD12  6.476  30.343  -2.421  28.74
672  46  LEU  HD13  7.489  30.225  -1.209  18.07
673  46  LEU  HD21  5.891  28.408  0.485  8.74
674  46  LEU  HD22  6.538  29.704  1.126  4.74
675  46  LEU  HD23  4.983  29.441  1.272  0.87
676  47  HSE  N  3.715  32.007  -3.392  113.35
677  47  HSE  CA  2.553  31.819  -4.274  57.65
678  47  HSE  C  2.668  30.417  -4.844  1.6
679  47  HSE  O  3.71  29.79  -4.741  173.51
680  47  HSE  CB  2.608  32.808  -5.465  114.84
681  47  HSE  CG  2.366  34.235  -5.095  116.59
682  47  HSE  ND1  3.386  35.117  -4.803  7.19
683  47  HSE  CD2  1.213  34.935  -4.97  4.38
684  47  HSE  CE1  2.87  36.299  -4.51  8.28
685  47  HSE  NE2  1.554  36.214  -4.6  128.73
686  48  GLY  N  1.606  29.943  -5.474  105.09
687  48  GLY  CA  1.643  28.677  -6.204  45.74
688  48  GLY  C  1.895  27.476  -5.323  4.3
689  48  GLY  O  2.582  26.541  -5.728  4.01
690  48  GLY  H  0.844  30.341  -5.494  7.9
691  48  GLY  HA2  0.8  28.556  -6.669  129.09
692  48  GLY  HA3  2.336  28.723  -6.881  123.49
693  49  LEU  N  1.357  27.492  -4.105  118.85
694  49  LEU  CA  1.546  26.373  -3.194  53.83
695  49  LEU  C  0.631  25.231  -3.545  1.6
696  49  LEU  O  1.016  24.086  -3.4  1.6
697  49  LEU  CB  1.289  26.784  -1.737  3.23
698  49  LEU  CG  2.362  27.611  -1.064  4.53
699  49  LEU  CD1  1.815  28.141  0.248  8.58
700  49  LEU  CD2  3.589  26.747  -0.819  2.91
701  49  LEU  H  0.883  28.137  -3.791  8.37
702  49  LEU  HA  2.469  26.09  -3.285  1.31
703  49  LEU  HB2  0.458  27.283  -1.705  128.31
704  49  LEU  HB3  1.156  25.978  -1.214  8.81
705  49  LEU  HG  2.618  28.356  -1.63  4.1
706  49  LEU  HD11  2.494  28.674  0.69  3.17
707  49  LEU  HD12  1.035  28.691  0.075  2.91
708  49  LEU  HD13  1.566  27.397  0.819  33.48
709  49  LEU  HD21  4.277  27.277  -0.387  35.95
710  49  LEU  HD22  3.35  26  -0.247  8.76
711  49  LEU  HD23  3.923  26.412  -1.666  8.29
712  50  THR  N  -0.582  25.553  -3.998  110.8
713  50  THR  CA  -1.575  24.542  -4.315  61.95
714  50  THR  C  -2.519  24.968  -5.447  2.92
715  50  THR  O  -2.407  26.066  -5.98  19.99
716  50  THR  CB  -2.394  24.139  -3.06  8.48
717  50  THR  OG1  -3.202  22.994  -3.36  8.05
718  50  THR  CG2  -3.299  25.299  -2.539  4.33
719  50  THR  H  -0.846  26.361  -4.128  8.41
720  50  THR  HA  -1.078  23.77  -4.628  121.59
721  50  THR  HB  -1.76  23.929  -2.356  2.96
722  50  THR  HG1  -2.748  22.436  -3.793  7.37
723  50  THR  HG21  -3.789  25.001  -1.757  10.13
724  50  THR  HG22  -2.746  26.06  -2.303  7.66
725  50  THR  HG23  -3.925  25.558  -3.233  7.49
726  51  THR  N  -3.439  24.081  -5.807  117.56
727  51  THR  CA  -4.469  24.398  -6.786  57.11
728  51  THR  C  -5.851  24.253  -6.14  113.21
729  51  THR  O  -5.991  23.611  -5.103  44.56
730  51  THR  CB  -4.404  23.432  -7.996  173.35
731  51  THR  OG1  -4.423  22.086  -7.514  39.71
732  51  THR  CG2  -3.129  23.666  -8.825  7.81
733  51  THR  H  -3.483  23.282  -5.492  8.37
734  51  THR  HA  -4.321  25.307  -7.09  2.29
735  51  THR  HB  -5.169  23.596  -8.569  3.07
736  51  THR  HG1  -4.39  21.555  -8.164  53.13
737  51  THR  HG21  -3.113  23.05  -9.574  177.02
738  51  THR  HG22  -3.121  24.578  -9.156  63.14
739  51  THR  HG23  -2.349  23.518  -8.268  41.71
740  52  GLU  N  -6.859  24.84  -6.775  118.74
741  52  GLU  CA  -8.25  24.694  -6.356  59.13
742  52  GLU  C  -8.652  23.222  -6.259  55.75
743  52  GLU  O  -9.367  22.823  -5.331  7.65
744  52  GLU  CB  -9.184  25.421  -7.342  4.61
745  52  GLU  CG  -9.201  26.95  -7.214  2.97
746  52  GLU  CD  -10.479  27.592  -7.773  2.41
747  52  GLU  OE1  -10.371  28.684  -8.369  110.25
748  52  GLU  OE2  -11.588  27.017  -7.618  45.15
749  52  GLU  H  -6.755  25.339  -7.468  9.05
750  52  GLU  HA  -8.335  25.092  -5.476  8.39
751  52  GLU  HB2  -8.921  25.189  -8.246  8.68
752  52  GLU  HB3  -10.087  25.09  -7.215  4.64
753  52  GLU  HG2  -9.108  27.191  -6.279  8.38
754  52  GLU  HG3  -8.433  27.316  -7.679  6.3
755  53  GLU  N  -8.203  22.414  -7.219  111.59
756  53  GLU  CA  -8.551  20.991  -7.243  57.66
757  53  GLU  C  -8.087  20.263  -5.971  4.03
758  53  GLU  O  -8.858  19.499  -5.366  8.25
759  53  GLU  CB  -7.962  20.303  -8.485  4.46
760  53  GLU  CG  -8.849  19.207  -9.068  8.07
761  53  GLU  CD  -9.866  19.744  -10.071  118.13
762  53  GLU  OE1  -10.747  20.546  -9.677  111.97
763  53  GLU  OE2  -9.782  19.356  -11.256  45.37
764  53  GLU  H  -7.696  22.669  -7.865  8.02
765  53  GLU  HA  -9.519  20.938  -7.281  31.3
766  53  GLU  HB2  -7.8  20.973  -9.168  26.41
767  53  GLU  HB3  -7.101  19.92  -8.254  8.57
768  53  GLU  HG2  -8.292  18.542  -9.502  3.95
769  53  GLU  HG3  -9.317  18.758  -8.347  115.15
770  54  GLU  N  -6.837  20.52  -5.564  111.63
771  54  GLU  CA  -6.203  19.845  -4.426  45.6
772  54  GLU  C  -6.623  20.428  -3.08  8.68
773  54  GLU  O  -6.632  19.735  -2.062  5.25
774  54  GLU  CB  -4.673  19.95  -4.527  3.03
775  54  GLU  CG  -4.052  19.203  -5.692  2.57
776  54  GLU  CD  -2.594  19.617  -5.964  44.77
777  54  GLU  OE1  -2.06  19.236  -7.038  173.87
778  54  GLU  OE2  -1.976  20.319  -5.108  61.58
779  54  GLU  H  -6.329  21.099  -5.947  8.53
780  54  GLU  HA  -6.495  18.921  -4.467  7.2
781  54  GLU  HB2  -4.431  20.887  -4.596  3.59
782  54  GLU  HB3  -4.285  19.616  -3.703  117.13
783  54  GLU  HG2  -4.084  18.25  -5.513  64.27
784  54  GLU  HG3  -4.582  19.36  -6.489  173.1
785  55  PHE  N  -6.947  21.708  -3.067  115.31
786  55  PHE  CA  -7.204  22.393  -1.816  54.37
787  55  PHE  C  -8.634  22.127  -1.366  32.95
788  55  PHE  O  -9.484  23.014  -1.391  8.52
789  55  PHE  CB  -6.913  23.899  -1.953  123.64
790  55  PHE  CG  -6.785  24.638  -0.627  53.93
791  55  PHE  CD1  -5.897  24.207  0.355  1.96
792  55  PHE  CD2  -7.518  25.79  -0.397  2.14
793  55  PHE  CE1  -5.746  24.918  1.567  2.06
794  55  PHE  CE2  -7.39  26.51  0.81  118.29
795  55  PHE  CZ  -6.498  26.077  1.78  0.9
796  55  PHE  H  -7.023  22.198  -3.77  7.14
797  55  PHE  HA  -6.608  22.049  -1.133  59.66
798  55  PHE  HB2  -6.091  24.014  -2.456  175.11
799  55  PHE  HB3  -7.623  24.309  -2.472  176.12
800  55  PHE  HD1  -5.394  23.438  0.211  39.69
801  55  PHE  HD2  -8.106  26.095  -1.05  27.34
802  55  PHE  HE1  -5.152  24.618  2.217  17.96
803  55  PHE  HE2  -7.902  27.273  0.955  3.24
804  55  PHE  HZ  -6.4  26.557  2.571  8.96
805  56  VAL  N  -8.889  20.906  -0.903  123.95
806  56  VAL  CA  -10.217  20.55  -0.445  54.03
807  56  VAL  C  -10.421  20.976  1.025  4.54
808  56  VAL  O  -9.444  21.257  1.733  2.88
809  56  VAL  CB  -10.482  19.049  -0.65  2.6
810  56  VAL  CG1  -10.352  18.716  -2.142  4.05
811  56  VAL  CG2  -9.527  18.247  0.152  120.96
812  56  VAL  H  -8.307  20.276  -0.848  8.78
813  56  VAL  HA  -10.867  21.033  -0.979  174.96
814  56  VAL  HB  -11.379  18.832  -0.353  8.67
815  56  VAL  HG11  -10.518  17.77  -2.278  120.29
816  56  VAL  HG12  -10.999  19.233  -2.647  54.09
817  56  VAL  HG13  -9.457  18.934  -2.446  174.1
818  56  VAL  HG21  -9.703  17.303  0.016  178.38
819  56  VAL  HG22  -8.62  18.45  -0.126  36.4
820  56  VAL  HG23  -9.633  18.463  1.092  108.89
821  57  GLU  N  -11.681  21.024  1.465  124.1
822  57  GLU  CA  -11.998  21.352  2.855  54.05
823  57  GLU  C  -11.182  20.49  3.775  3.94
824  57  GLU  O  -10.966  19.308  3.508  9.08
825  57  GLU  CB  -13.483  21.087  3.15  5.26
826  57  GLU  CG  -14.395  22.026  2.381  1.55
827  57  GLU  CD  -15.842  21.921  2.823  119.38
828  57  GLU  OE1  -16.451  20.835  2.605  57
829  57  GLU  OE2  -16.372  22.94  3.354  128.09
830  57  GLU  H  -12.368  20.869  0.971  8.54
831  57  GLU  HA  -11.799  22.291  2.996  173.93
832  57  GLU  HB2  -13.698  20.169  2.921  117.08
833  57  GLU  HB3  -13.645  21.187  4.101  71.18
834  57  GLU  HG2  -14.089  22.939  2.5  175.95
835  57  GLU  HG3  -14.334  21.827  1.433  8.06
836  58  GLY  N  -10.74  21.047  4.889  109.1
837  58  GLY  CA  -9.93  20.253  5.799  46.51
838  58  GLY  C  -9.257  21.194  6.766  54.8
839  58  GLY  O  -9.504  22.397  6.734  174.74
840  58  GLY  H  -10.89  21.858  5.134  9.01
841  58  GLY  HA2  -10.483  19.615  6.276  109.39
842  58  GLY  HA3  -9.268  19.743  5.307  59.17
843  59  ILE  N  -8.401  20.638  7.607  119.69
844  59  ILE  CA  -7.661  21.439  8.578  57.02
845  59  ILE  C  -6.246  21.493  8.085  175.52
846  59  ILE  O  -5.654  20.458  7.788  9.23
847  59  ILE  CB  -7.757  20.84  10.022  5.13
848  59  ILE  CG1  -9.217  20.905  10.52  1.84
849  59  ILE  CG2  -6.784  21.547  10.973  1.44
850  59  ILE  CD  -9.518  20.157  11.897  3.85
851  59  ILE  H  -8.231  19.795  7.635  8.09
852  59  ILE  HA  -8.035  22.331  8.65  8.96
853  59  ILE  HB  -7.494  19.907  10  7.8
854  59  ILE  HG21  -6.86  21.161  11.86  1.86
855  59  ILE  HG22  -5.876  21.436  10.649  3.48
856  59  ILE  HG23  -6.999  22.492  11.013  1.92
857  60  TYR  N  -5.711  22.713  7.996  109.62
858  60  TYR  CA  -4.365  22.915  7.533  59.48
859  60  TYR  C  -3.473  23.584  8.568  131.93
860  60  TYR  O  -3.944  24.383  9.388  60.5
861  60  TYR  CB  -4.388  23.756  6.263  174.64
862  60  TYR  CG  -5.05  23.033  5.088  111.12
863  60  TYR  CD1  -6.44  23.015  4.941  59.58
864  60  TYR  CD2  -4.275  22.348  4.149  27.85
865  60  TYR  CE1  -7.032  22.333  3.865  18.92
866  60  TYR  CE2  -4.864  21.674  3.08  32.63
867  60  TYR  CZ  -6.232  21.689  2.935  9.17
868  60  TYR  OH  -6.827  21.029  1.866  4.62
869  60  TYR  H  -6.127  23.436  8.205  7.79
870  60  TYR  HA  -3.989  22.038  7.359  8.87
871  60  TYR  HB2  -4.862  24.584  6.437  8.38
872  60  TYR  HB3  -3.479  23.994  6.021  4.07
873  60  TYR  HD1  -6.976  23.457  5.559  8.81
874  60  TYR  HD2  -3.349  22.341  4.239  51.77
875  60  TYR  HE1  -7.958  22.314  3.777  56.32
876  60  TYR  HE2  -4.334  21.216  2.468  177.67
877  60  TYR  HH  -7.618  21.297  1.776  115.78
878  61  LYS  N  -2.178  23.268  8.488  111.37
879  61  LYS  CA  -1.199  23.954  9.296  59.59
880  61  LYS  C  -0.142  24.599  8.396  175.53
881  61  LYS  O  0.446  23.931  7.533  39.89
882  61  LYS  CB  -0.574  22.983  10.302  70.11
883  61  LYS  CG  0.519  23.646  11.188  4.57
884  61  LYS  CD  0.955  22.703  12.317  121.26
885  61  LYS  CE  1.828  21.582  11.8  60.03
886  61  LYS  NZ  2.435  20.808  12.955  4.79
887  61  LYS  H  -1.857  22.66  7.971  8.35
888  61  LYS  HA  -1.631  24.661  9.801  177.36
889  61  LYS  HB2  -1.271  22.623  10.872  6.97
890  61  LYS  HB3  -0.185  22.235  9.823  39.19
891  61  LYS  HG2  1.286  23.879  10.642  9.24
892  61  LYS  HG3  0.178  24.472  11.565  123.52
893  61  LYS  HD2  1.438  23.206  12.991  56.64
894  61  LYS  HD3  0.171  22.33  12.749  174.17
895  61  LYS  HE2  1.303  20.985  11.244  8.81
896  61  LYS  HE3  2.532  21.945  11.24  4.23
897  61  LYS  HZ1  3.279  20.602  12.763  3.71
898  61  LYS  HZ2  2.412  21.307  13.692  122.29
899  61  LYS  HZ3  1.971  20.061  13.088  55.89
900  62  VAL  N  0.113  25.89  8.621  121.5
901  62  VAL  CA  1.192  26.588  7.962  60.14
902  62  VAL  C  2.257  26.854  9.002  41.09
903  62  VAL  O  1.984  27.528  10.014  7.75
904  62  VAL  CB  0.708  27.923  7.351  4.5
905  62  VAL  CG1  1.894  28.741  6.779  3.11
906  62  VAL  CG2  -0.344  27.676  6.285  2.93
907  62  VAL  H  -0.342  26.378  9.163  9.24
908  62  VAL  HA  1.538  26.048  7.234  119.99
909  62  VAL  HB  0.304  28.446  8.061  8.67
910  62  VAL  HG11  1.563  29.572  6.403  7.15
911  62  VAL  HG12  2.525  28.937  7.489  8.88
912  62  VAL  HG13  2.338  28.227  6.086  105.01
913  62  VAL  HG21  -0.635  28.524  5.914  44.66
914  62  VAL  HG22  0.033  27.127  5.579  172.86
915  62  VAL  HG23  -1.103  27.219  6.679  115.25
916  63  GLU  N  3.462  26.346  8.763  116.08
917  63  GLU  CA  4.569  26.506  9.688  59.26
918  63  GLU  C  5.675  27.374  9.071  3.97
919  63  GLU  O  6.186  27.087  7.97  8.92
920  63  GLU  CB  5.107  25.137  10.069  4.47
921  63  GLU  CG  6.271  25.166  11.001  2.11
922  63  GLU  CD  6.819  23.777  11.14  1.85
923  63  GLU  OE1  7.637  23.377  10.262  7.22
924  63  GLU  OE2  6.378  23.087  12.086  1.75
925  63  GLU  H  3.658  25.898  8.056  8.65
926  63  GLU  HA  4.253  26.958  10.486  3.28
927  63  GLU  HB2  4.393  24.624  10.478  7.21
928  63  GLU  HB3  5.366  24.668  9.261  8.15
929  63  GLU  HG2  6.956  25.764  10.663  123.66
930  63  GLU  HG3  5.998  25.507  11.867  54.38
931  64  ILE  N  6.019  28.45  9.769  115.49
932  64  ILE  CA  6.95  29.415  9.26  56.96
933  64  ILE  C  8.239  29.284  10.096  2.2
934  64  ILE  O  8.195  29.444  11.331  110.62
935  64  ILE  CB  6.323  30.836  9.298  45.37
936  64  ILE  CG1  5.061  30.853  8.415  66.69
937  64  ILE  CG2  7.339  31.861  8.838  7.8
938  64  ILE  CD  4.13  32.052  8.645  8.5
939  64  ILE  H  5.713  28.632  10.552  7.21
940  64  ILE  HA  7.169  29.256  8.328  4.71
941  64  ILE  HB  6.066  31.064  10.205  115.08
942  64  ILE  HG21  6.941  32.745  8.864  60.18
943  64  ILE  HG22  8.111  31.837  9.424  54.86
944  64  ILE  HG23  7.616  31.658  7.931  174.79
945  65  ASP  N  9.358  28.957  9.446  123.9
946  65  ASP  CA  10.64  28.801  10.162  54.44
947  65  ASP  C  11.273  30.146  10.503  66.09
948  65  ASP  O  12.243  30.601  9.874  7.17
949  65  ASP  CB  11.612  27.88  9.407  7.56
950  65  ASP  CG  12.969  27.669  10.156  8.92
951  65  ASP  OD1  13.179  28.103  11.33  2.12
952  65  ASP  OD2  13.866  27.066  9.529  1.94
953  65  ASP  H  9.402  28.821  8.598  7.8
954  65  ASP  HA  10.439  28.366  11.005  174.74
955  65  ASP  HB2  11.189  27.018  9.267  121.7
956  65  ASP  HB3  11.788  28.255  8.53  56.6
957  66  THR  N  10.73  30.769  11.55  115.32
958  66  THR  CA  11.161  32.096  11.989  60.3
959  66  THR  C  12.537  32.042  12.698  1.61
960  66  THR  O  13.304  32.989  12.651  1.49
961  66  THR  CB  10.106  32.711  12.941  1.04
962  66  THR  OG1  9.979  31.862  14.077  0.59
963  66  THR  CG2  8.716  32.828  12.239  2.84
964  66  THR  H  10.099  30.432  12.027  7.17
965  66  THR  HA  11.251  32.653  11.2  6.66
966  66  THR  HB  10.395  33.6  13.199  27.09
967  66  THR  HG1  9.41  32.183  14.605  7.4
968  66  THR  HG21  8.074  33.215  12.855  6.73
969  66  THR  HG22  8.795  33.395  11.456  118.96
970  66  THR  HG23  8.414  31.946  11.97  106.69
971  67  LYS  N  12.848  30.917  13.335  121.94
972  67  LYS  CA  14.103  30.813  14.062  56.9
973  67  LYS  C  15.312  30.963  13.132  39.36
974  67  LYS  O  16.226  31.728  13.43  8.35
975  67  LYS  CB  14.175  29.521  14.867  3.93
976  67  LYS  CG  15.287  29.532  15.916  3.93
977  67  LYS  CD  15.311  28.219  16.68  110.91
978  67  LYS  CE  16.373  28.18  17.769  44.65
979  67  LYS  NZ  16.389  26.804  18.363  2.51
980  67  LYS  H  12.353  30.214  13.358  8.53
981  67  LYS  HA  14.132  31.551  14.691  7.76
982  67  LYS  HB2  13.324  29.372  15.307  4.77
983  67  LYS  HB3  14.316  28.776  14.262  7.92
984  67  LYS  HG2  16.144  29.678  15.485  9.22
985  67  LYS  HG3  15.15  30.269  16.532  4.06
986  67  LYS  HD2  14.44  28.068  17.08  4.29
987  67  LYS  HD3  15.467  27.492  16.057  24.66
988  67  LYS  HE2  17.243  28.399  17.4  120.51
989  67  LYS  HE3  16.18  28.841  18.453  60.76
990  67  LYS  HZ1  17.08  26.729  18.919  110.59
991  67  LYS  HZ2  15.632  26.665  18.81  121.19
992  67  LYS  HZ3  16.465  26.201  17.713  176.35
993  68  SER  N  15.294  30.266  11.997  111.15
994  68  SER  CA  16.391  30.307  11.007  44.65
995  68  SER  C  16.557  31.681  10.415  4.01
996  68  SER  O  17.679  32.145  10.24  3.65
997  68  SER  CB  16.119  29.338  9.869  114.92
998  68  SER  OG  16.246  28.006  10.316  56.08
999  68  SER  H  14.644  29.75  11.771  7.91
1000  68  SER  HA  17.201  30.06  11.479  8.31
1001  68  SER  HB2  15.226  29.484  9.519  41.63
1002  68  SER  HB3  16.74  29.502  9.142  8.5
1003  68  SER  HG  15.564  27.569  10.094  5.37
1004  69  TYR  N  15.431  32.355  10.165  120.71
1005  69  TYR  CA  15.438  33.747  9.711  61.01
1006  69  TYR  C  16.169  34.709  10.661  1.77
1007  69  TYR  O  17.019  35.473  10.217  1.66
1008  69  TYR  CB  14.005  34.232  9.486  5.04
1009  69  TYR  CG  13.951  35.659  8.995  124.78
1010  69  TYR  CD1  14.204  35.956  7.651  56.46
1011  69  TYR  CD2  13.643  36.711  9.869  2.86
1012  69  TYR  CE1  14.178  37.25  7.195  2.86
1013  69  TYR  CE2  13.6  38.02  9.418  6.83
1014  69  TYR  CZ  13.864  38.283  8.077  6.83
1015  69  TYR  OH  13.824  39.58  7.6  122.99
1016  69  TYR  H  14.645  32.018  10.254  8.3
1017  69  TYR  HA  15.935  33.755  8.878  53.79
1018  69  TYR  HB2  13.568  33.654  8.841  112.92
1019  69  TYR  HB3  13.507  34.159  10.315  59.59
1020  69  TYR  HD1  14.393  35.265  7.057  175.06
1021  69  TYR  HD2  13.465  36.528  10.763  53.82
1022  69  TYR  HE1  14.368  37.437  6.304  36.47
1023  69  TYR  HE2  13.397  38.714  10.003  8.65
1024  69  TYR  HH  14.12  40.104  8.186  19.23
1025  70  TRP  N  15.819  34.713  11.954  124.9
1026  70  TRP  CA  16.507  35.577  12.927  56.36
1027  70  TRP  C  17.972  35.179  13.151  5.23
1028  70  TRP  O  18.843  36.047  13.28  1.63
1029  70  TRP  CB  15.755  35.653  14.264  1.41
1030  70  TRP  CG  14.421  36.303  14.083  1.99
1031  70  TRP  CD1  13.187  35.722  14.266  1.71
1032  70  TRP  CD2  14.171  37.652  13.662  116.53
1033  70  TRP  NE1  12.193  36.622  13.979  118.49
1034  70  TRP  CE2  12.76  37.823  13.63  53.52
1035  70  TRP  CE3  14.996  38.75  13.345  55.29
1036  70  TRP  CZ2  12.154  39.035  13.229  175.47
1037  70  TRP  CZ3  14.394  39.947  12.973  4.24
1038  70  TRP  CH2  12.986  40.082  12.927  36.47
1039  70  TRP  H  15.192  34.228  12.286  8.63
1040  70  TRP  HA  16.51  36.463  12.532  6.32
1041  70  TRP  HB2  15.639  34.761  14.626  17.79
1042  70  TRP  HB3  16.28  36.154  14.908  8.71
1043  70  TRP  HD1  13.047  34.846  14.544  8.56
1044  70  TRP  HE1  11.349  36.46  14.012  5.67
1045  70  TRP  HE3  15.922  38.676  13.384  1.68
1046  70  TRP  HZ2  11.23  39.119  13.172  1.65
1047  70  TRP  HZ3  14.928  40.675  12.75  8.91
1048  70  TRP  HH2  12.616  40.901  12.686  5.37
1049  71  LYS  N  18.253  33.886  13.147  118.58
1050  71  LYS  CA  19.652  33.449  13.316  53.62
1051  71  LYS  C  20.576  33.953  12.179  0.88
1052  71  LYS  O  21.723  34.305  12.403  8.17
1053  71  LYS  CB  19.723  31.929  13.501  59.16
1054  71  LYS  CG  19.067  31.484  14.831  8.52
1055  71  LYS  CD  19.719  30.249  15.439  127.27
1056  71  LYS  CE  19.973  29.144  14.411  61.33
1057  71  LYS  NZ  18.714  28.402  14.059  52.23
1058  71  LYS  H  17.677  33.255  13.052  8.72
1059  71  LYS  HA  19.992  33.861  14.126  4.39
1060  71  LYS  HB2  19.279  31.491  12.758  9.65
1061  71  LYS  HB3  20.65  31.644  13.485  8.1
1062  71  LYS  HG2  19.114  32.214  15.468  4.28
1063  71  LYS  HG3  18.127  31.303  14.676  112.76
1064  71  LYS  HD2  20.56  30.502  15.85  56.37
1065  71  LYS  HD3  19.151  29.903  16.145  128.1
1066  71  LYS  HE2  20.354  29.532  13.608  54.99
1067  71  LYS  HE3  20.627  28.52  14.763  5.64
1068  71  LYS  HZ1  18.899  27.769  13.461  1.74
1069  71  LYS  HZ2  18.375  28.027  14.792  0.71
1070  71  LYS  HZ3  18.121  28.97  13.716  0.71
1071  72  ALA  N  20.052  34.056  10.98  126.89
1072  72  ALA  CA  20.838  34.565  9.852  61.15
1073  72  ALA  C  21.121  36.06  9.965  9.66
1074  72  ALA  O  22.044  36.583  9.319  53.78
1075  72  ALA  CB  20.133  34.269  8.571  175.64
1076  72  ALA  H  19.243  33.839  10.785  9.55
1077  72  ALA  HA  21.696  34.112  9.868  117.49
1078  72  ALA  HB1  20.656  34.607  7.828  69.25
1079  72  ALA  HB2  20.021  33.31  8.477  130.27
1080  72  ALA  HB3  19.262  34.697  8.574  49.42
1081  73  LEU  N  20.345  36.754  10.788  127.96
1082  73  LEU  CA  20.53  38.167  10.988  55.39
1083  73  LEU  C  21.324  38.431  12.257  5.54
1084  73  LEU  O  21.568  39.581  12.625  126.23
1085  73  LEU  CB  19.162  38.89  10.981  60.22
1086  73  LEU  CG  18.363  38.727  9.664  4.69
1087  73  LEU  CD1  16.976  39.38  9.713  3.82
1088  73  LEU  CD2  19.147  39.249  8.438  9.16
1089  73  LEU  H  19.699  36.412  11.242  9.43
1090  73  LEU  HA  21.051  38.529  10.254  59.2
1091  73  LEU  HB2  18.626  38.553  11.716  128.64
1092  73  LEU  HB3  19.306  39.835  11.145  53.44
1093  73  LEU  HG  18.232  37.771  9.566  40.72
1094  73  LEU  HD11  16.525  39.246  8.865  3.83
1095  73  LEU  HD12  16.453  38.977  10.424  8.94
1096  73  LEU  HD13  17.071  40.331  9.881  4.94
1097  73  LEU  HD21  18.613  39.129  7.637  3.79
1098  73  LEU  HD22  19.343  40.191  8.557  114.59
1099  73  LEU  HD23  19.977  38.755  8.35  8.95
1100  74  GLY  N  21.751  37.359  12.918  126.31
1101  74  GLY  CA  22.499  37.485  14.165  60.78
1102  74  GLY  C  21.687  37.97  15.349  8.02
1103  74  GLY  O  22.228  38.598  16.255  9.22
1104  74  GLY  H  21.618  36.549  12.661  9.24
1105  74  GLY  HA2  22.884  36.622  14.385  117.3
1106  74  GLY  HA3  23.238  38.097  14.023  64.42
1107  75  ILE  N  20.384  37.675  15.358  128.68
1108  75  ILE  CA  19.501  38.113  16.438  53.56
1109  75  ILE  C  18.934  36.849  17.128  1.1
1110  75  ILE  O  18.53  35.916  16.438  1.1
1111  75  ILE  CB  18.361  39.046  15.903  8.18
1112  75  ILE  CG1  18.941  40.351  15.328  125.08
1113  75  ILE  CG2  17.381  39.388  17.024  119.69
1114  75  ILE  CD  17.999  41.143  14.346  130.39
1115  75  ILE  H  19.992  37.219  14.743  8.97
1116  75  ILE  HA  19.998  38.642  17.082  124.42
1117  75  ILE  HB  17.896  38.568  15.198  60.31
1118  75  ILE  HG21  16.682  39.965  16.678  7.9
1119  75  ILE  HG22  16.985  38.572  17.368  4.49
1120  75  ILE  HG23  17.853  39.844  17.738  128.6
1121  76  SER  N  18.928  36.785  18.457  117.37
1122  76  SER  CA  18.43  35.571  19.1  64.68
1123  76  SER  C  16.907  35.685  19.294  116.39
1124  76  SER  O  16.412  36.656  19.886  2.56
1125  76  SER  CB  19.141  35.249  20.421  2.34
1126  76  SER  OG  19.162  36.391  21.254  112.16
1127  76  SER  H  19.196  37.406  18.988  8.21
1128  76  SER  HA  18.629  34.825  18.513  172.12
1129  76  SER  HB2  18.687  34.52  20.871  175.09
1130  76  SER  HB3  20.047  34.952  20.244  112.86
1131  76  SER  HG  19.551  36.205  21.975  61.75
1132  77  PRO  N  16.161  34.746  18.714  124.62
1133  77  PRO  CA  14.711  34.842  18.771  60.3
1134  77  PRO  C  14.146  33.971  19.882  3.81
1135  77  PRO  O  14.849  33.144  20.461  3.78
1136  77  PRO  CB  14.295  34.253  17.427  118.11
1137  77  PRO  CG  15.26  33.137  17.241  119.19
1138  77  PRO  CD  16.583  33.569  17.941  62.16
1139  77  PRO  HA  14.4  35.745  18.938  173.49
1140  77  PRO  HB2  13.378  33.937  17.441  4.2
1141  77  PRO  HB3  14.359  34.906  16.713  8.18
1142  77  PRO  HG2  14.917  32.317  17.629  28.49
1143  77  PRO  HG3  15.409  32.964  16.298  17.3
1144  77  PRO  HD2  16.935  32.869  18.512  1.7
1145  77  PRO  HD3  17.277  33.788  17.299  8.53
1146  78  PHE  N  12.875  34.142  20.14  113.1
1147  78  PHE  CA  12.218  33.404  21.194  61.76
1148  78  PHE  C  11.581  32.121  20.671  2.16
1149  78  PHE  O  11.78  31.063  21.242  2.16
1150  78  PHE  CB  11.182  34.287  21.876  121.07
1151  78  PHE  CG  10.382  33.584  22.933  61.11
1152  78  PHE  CD1  10.928  33.325  24.176  173.85
1153  78  PHE  CD2  9.089  33.169  22.673  59.27
1154  78  PHE  CE1  10.167  32.668  25.175  122.19
1155  78  PHE  CE2  8.32  32.519  23.652  131.02
1156  78  PHE  CZ  8.873  32.263  24.906  127.46
1157  78  PHE  H  12.365  34.687  19.713  8.18
1158  78  PHE  HA  12.889  33.144  21.845  176.14
1159  78  PHE  HB2  11.632  35.048  22.276  3.08
1160  78  PHE  HB3  10.576  34.637  21.204  117.23
1161  78  PHE  HD1  11.802  33.584  24.358  59.16
1162  78  PHE  HD2  8.721  33.323  21.833  4.73
1163  78  PHE  HE1  10.539  32.509  26.013  7.78
1164  78  PHE  HE2  7.446  32.261  23.465  4.03
1165  78  PHE  HZ  8.375  31.823  25.557  1.51
1166  79  HSE  N  10.778  32.225  19.616  121.31
1167  79  HSE  CA  9.932  31.096  19.178  61.16
1168  79  HSE  C  10.765  30.132  18.34  2.21
1169  79  HSE  O  11.683  30.547  17.639  7.78
1170  79  HSE  CB  8.774  31.618  18.321  176.49
1171  79  HSE  CG  7.948  32.631  19.035  8.18
1172  79  HSE  ND1  8.166  33.984  18.912  32.55
1173  79  HSE  CD2  6.973  32.485  19.957  25.93
1174  79  HSE  CE1  7.318  34.634  19.698  41.09
1175  79  HSE  NE2  6.573  33.745  20.331  118.22
1176  80  GLU  N  10.41  28.857  18.387  117.51
1177  80  GLU  CA  10.997  27.858  17.477  59.21
1178  80  GLU  C  10.532  28.052  16.028  5.52
1179  80  GLU  O  11.293  27.858  15.065  2.96
1180  80  GLU  CB  10.657  26.447  17.988  2.23
1181  80  GLU  CG  11.413  26.104  19.257  119.69
1182  80  GLU  CD  12.924  26.029  19.024  1.51
1183  80  GLU  OE1  13.36  25.281  18.13  55.03
1184  80  GLU  OE2  13.658  26.73  19.721  174.63
1185  80  GLU  H  9.83  28.54  18.937  7.72
1186  80  GLU  HA  11.96  27.975  17.472  54.4
1187  80  GLU  HB2  9.703  26.385  18.154  177.03
1188  80  GLU  HB3  10.868  25.796  17.301  58.48
1189  80  GLU  HG2  11.224  26.771  19.935  30.24
1190  80  GLU  HG3  11.097  25.254  19.6  7.53
1191  81  HSE  N  9.277  28.425  15.867  118.32
1192  81  HSE  CA  8.704  28.72  14.565  59.76
1193  81  HSE  C  7.351  29.358  14.841  9.93
1194  81  HSE  O  6.966  29.528  16.004  5.62
1195  81  HSE  CB  8.504  27.438  13.759  117.43
1196  81  HSE  CG  7.783  26.369  14.513  54.51
1197  81  HSE  ND1  8.371  25.169  14.853  121.04
1198  81  HSE  CD2  6.529  26.331  15.019  57.27
1199  81  HSE  CE1  7.503  24.428  15.518  8.03
1200  81  HSE  NE2  6.376  25.109  15.63  3.86
1201  82  ALA  N  6.649  29.769  13.795  122.28
1202  82  ALA  CA  5.297  30.29  13.967  54.35
1203  82  ALA  C  4.37  29.33  13.246  2.15
1204  82  ALA  O  4.69  28.869  12.145  7.28
1205  82  ALA  CB  5.172  31.652  13.397  112.99
1206  82  ALA  H  6.932  29.756  12.983  7.53
1207  82  ALA  HA  5.074  30.358  14.909  173.37
1208  82  ALA  HB1  4.266  31.974  13.524  2.32
1209  82  ALA  HB2  5.793  32.248  13.844  39.3
1210  82  ALA  HB3  5.375  31.626  12.449  107.34
1211  83  GLU  N  3.221  29.044  13.845  117.67
1212  83  GLU  CA  2.31  28.046  13.28  54.51
1213  83  GLU  C  0.959  28.714  13.143  7.26
1214  83  GLU  O  0.552  29.513  14.014  9.67
1215  83  GLU  CB  2.132  26.872  14.231  5.52
1216  83  GLU  CG  3.191  25.81  14.139  2.85
1217  83  GLU  CD  2.778  24.529  14.845  7.94
1218  83  GLU  OE1  1.552  24.24  14.929  6.86
1219  83  GLU  OE2  3.684  23.814  15.324  116.09
1220  83  GLU  H  2.948  29.411  14.573  7.3
1221  83  GLU  HA  2.665  27.724  12.437  173.18
1222  83  GLU  HB2  2.111  27.21  15.14  1.1
1223  83  GLU  HB3  1.269  26.464  14.061  121.89
1224  83  GLU  HG2  3.376  25.619  13.206  3.24
1225  83  GLU  HG3  4.015  26.142  14.529  117.03
1226  84  VAL  N  0.268  28.417  12.061  107.57
1227  84  VAL  CA  -1.047  28.96  11.837  45.73
1228  84  VAL  C  -1.89  27.765  11.468  3.17
1229  84  VAL  O  -1.565  27.089  10.51  1.76
1230  84  VAL  CB  -1.016  29.994  10.689  7.93
1231  84  VAL  CG1  -2.413  30.472  10.386  4.46
1232  84  VAL  CG2  -0.09  31.179  11.044  3.14
1233  84  VAL  H  0.55  27.895  11.438  7.93
1234  84  VAL  HA  -1.396  29.426  12.613  2.55
1235  84  VAL  HB  -0.658  29.567  9.895  6.43
1236  84  VAL  HG11  -2.384  31.12  9.665  6.43
1237  84  VAL  HG12  -2.963  29.718  10.121  113.19
1238  84  VAL  HG13  -2.792  30.886  11.177  6.65
1239  84  VAL  HG21  -0.084  31.816  10.312  39.85
1240  84  VAL  HG22  -0.415  31.614  11.848  111.65
1241  84  VAL  HG23  0.811  30.852  11.195  8.95
1242  85  VAL  N  -2.93  27.481  12.25  122.95
1243  85  VAL  CA  -3.781  26.297  12.055  59.7
1244  85  VAL  C  -5.212  26.749  11.863  122.19
1245  85  VAL  O  -5.764  27.512  12.682  1.47
1246  85  VAL  CB  -3.758  25.322  13.282  8.15
1247  85  VAL  CG1  -4.553  24.087  12.976  5.81
1248  85  VAL  CG2  -2.314  24.932  13.701  3.89
1249  85  VAL  H  -3.167  27.972  12.915  7.92
1250  85  VAL  HA  -3.435  25.825  11.282  2.79
1251  85  VAL  HB  -4.159  25.793  14.029  124.67
1252  85  VAL  HG11  -4.532  23.491  13.741  8.29
1253  85  VAL  HG12  -5.471  24.333  12.783  8.39
1254  85  VAL  HG13  -4.17  23.638  12.206  2.94
1255  85  VAL  HG21  -2.349  24.33  14.461  2.31
1256  85  VAL  HG22  -1.87  24.491  12.96  118.59
1257  85  VAL  HG23  -1.82  25.731  13.944  61.48
1258  86  PHE  N  -5.83  26.276  10.782  121.97
1259  86  PHE  CA  -7.136  26.783  10.406  54.83
1260  86  PHE  C  -7.904  25.734  9.589  31.56
1261  86  PHE  O  -7.301  24.873  8.95  58.89
1262  86  PHE  CB  -6.989  28.089  9.603  177.65
1263  86  PHE  CG  -6.336  27.914  8.254  61.29
1264  86  PHE  CD1  -4.946  27.882  8.136  5.47
1265  86  PHE  CD2  -7.113  27.798  7.109  3.3
1266  86  PHE  CE1  -4.326  27.71  6.886  8.97
1267  86  PHE  CE2  -6.512  27.639  5.863  3.02
1268  86  PHE  CZ  -5.121  27.608  5.748  3.78
1269  86  PHE  H  -5.511  25.669  10.262  8.39
1270  86  PHE  HA  -7.64  26.971  11.213  6.49
1271  86  PHE  HB2  -7.868  28.481  9.478  1.73
1272  86  PHE  HB3  -6.469  28.72  10.124  122.37
1273  86  PHE  HD1  -4.421  27.976  8.898  106.39
1274  86  PHE  HD2  -8.04  27.827  7.175  172.72
1275  86  PHE  HE1  -3.399  27.665  6.82  4.6
1276  86  PHE  HE2  -7.041  27.553  5.103  115.82
1277  86  PHE  HZ  -4.726  27.519  4.911  60.26
1278  87  THR  N  -9.227  25.856  9.569  9.18
1279  87  THR  CA  -10.078  24.989  8.718  61.62
1280  87  THR  C  -10.393  25.73  7.425  4.12
1281  87  THR  O  -10.731  26.918  7.458  7.33
1282  87  THR  CB  -11.393  24.641  9.442  115.58
1283  87  THR  OG1  -11.094  23.91  10.636  121.72
1284  87  THR  CG2  -12.33  23.764  8.539  56.62
1285  87  THR  H  -9.663  26.431  10.037  7.32
1286  87  THR  HA  -9.603  24.165  8.528  112.86
1287  87  THR  HB  -11.85  25.471  9.65  58.13
1288  87  THR  HG1  -11.809  23.72  11.035  3.5
1289  87  THR  HG21  -13.147  23.562  9.021  6.33
1290  87  THR  HG22  -12.545  24.25  7.728  32.63
1291  87  THR  HG23  -11.877  22.937  8.31  1.62
1292  88  ALA  N  -10.234  25.062  6.283  115.86
1293  88  ALA  CA  -10.672  25.624  5.009  60.19
1294  88  ALA  C  -12.093  25.089  4.783  123.19
1295  88  ALA  O  -12.309  23.893  4.877  8.57
1296  88  ALA  CB  -9.745  25.197  3.901  5.33
1297  88  ALA  H  -9.875  24.283  6.226  7.32
1298  88  ALA  HA  -10.662  26.594  5.019  2.72
1299  88  ALA  HB1  -10.047  25.577  3.061  7.17
1300  88  ALA  HB2  -8.847  25.509  4.092  4.23
1301  88  ALA  HB3  -9.743  24.229  3.835  5.88
1302  89  ASN  N  -13.055  25.985  4.552  113.27
1303  89  ASN  CA  -14.453  25.597  4.267  58.06
1304  89  ASN  C  -14.899  26.083  2.912  111.59
1305  89  ASN  O  -14.59  27.224  2.571  61.82
1306  89  ASN  CB  -15.403  26.151  5.327  173.28
1307  89  ASN  CG  -15.334  25.379  6.617  2.19
1308  89  ASN  OD1  -15.421  25.958  7.703  71.93
1309  89  ASN  ND2  -15.17  24.059  6.515  122.47
1310  89  ASN  H  -12.922  26.835  4.555  7.67
1311  89  ASN  HA  -14.481  24.627  4.28  9.55
1312  89  ASN  HB2  -15.187  27.081  5.497  4.6
1313  89  ASN  HB3  -16.311  26.129  4.987  4.04
1314  89  ASN  HD21  -15.121  23.576  7.225  116.58
1315  89  ASN  HD22  -15.114  23.691  5.74  59.49
1316  90  ARG  N  -13.02  32.125  -0.998  122.71
1317  90  ARG  CA  -12.061  31.049  -0.814  53.37
1318  90  ARG  C  -10.739  31.343  -1.551  116.79
1319  90  ARG  O  -10.144  30.449  -2.171  55.61
1320  90  ARG  CB  -12.674  29.68  -1.197  175.05
1321  90  ARG  CG  -11.797  28.417  -0.941  8.36
1322  90  ARG  CD  -12.261  27.521  0.251  43.39
1323  90  ARG  NE  -11.348  26.38  0.413  28.55
1324  90  ARG  CZ  -11.7  25.135  0.755  26.31
1325  90  ARG  NH1  -12.963  24.822  1.001  25.68
1326  90  ARG  NH2  -10.776  24.187  0.843  9.77
1327  90  ARG  HA  -11.841  30.997  0.129  5.14
1328  90  ARG  HB2  -13.505  29.574  -0.708  2.17
1329  90  ARG  HB3  -12.9  29.704  -2.14  8.68
1330  90  ARG  HG2  -11.786  27.878  -1.748  116.59
1331  90  ARG  HG3  -10.884  28.701  -0.778  54.37
1332  90  ARG  HD2  -12.284  28.044  1.068  2.57
1333  90  ARG  HD3  -13.163  27.202  0.093  38.29
1334  90  ARG  HE  -10.512  26.526  0.275  1.66
1335  90  ARG  HH11  -13.574  25.424  0.942  8.67
1336  90  ARG  HH12  -13.172  24.017  1.22  120.95
1337  90  ARG  HH21  -9.952  24.373  0.68  8.09
1338  90  ARG  HH22  -11.001  23.387  1.063  114.09
1339  91  ARG  N  -10.272  32.597  -1.483  116.83
1340  91  ARG  CA  -8.829  32.84  -1.593  54.58
1341  91  ARG  C  -8.354  33.217  -0.174  39.7
1342  91  ARG  O  -8.964  34.065  0.462  26.31
1343  91  ARG  CB  -8.491  33.92  -2.59  18.88
1344  91  ARG  H  -10.757  33.299  -1.377  8.09
1345  91  ARG  HA  -8.379  32.048  -1.925  51.69
1346  92  TYR  N  -7.298  32.561  0.3  120.16
1347  92  TYR  CA  -6.795  32.762  1.679  51.53
1348  92  TYR  C  -5.41  33.349  1.606  1.38
1349  92  TYR  O  -4.513  32.768  0.989  127.89
1350  92  TYR  CB  -6.664  31.426  2.417  22.03
1351  92  TYR  CG  -7.937  30.674  2.644  8.03
1352  92  TYR  CD1  -8.498  29.88  1.635  8.51
1353  92  TYR  CD2  -8.587  30.72  3.877  122.83
1354  92  TYR  CE1  -9.674  29.189  1.856  58.77
1355  92  TYR  CE2  -9.765  30.016  4.096  178.09
1356  92  TYR  CZ  -10.301  29.266  3.085  121
1357  92  TYR  OH  -11.471  28.565  3.304  8.79
1358  92  TYR  H  -6.849  31.988  -0.158  8.51
1359  92  TYR  HA  -7.418  33.341  2.145  54.41
1360  92  TYR  HB2  -6.059  30.858  1.915  1.98
1361  92  TYR  HB3  -6.249  31.592  3.278  1.56
1362  92  TYR  HD1  -8.075  29.818  0.809  6.56
1363  92  TYR  HD2  -8.226  31.231  4.565  8.14
1364  92  TYR  HE1  -10.044  28.672  1.177  6.91
1365  92  TYR  HE2  -10.186  30.054  4.924  7.57
1366  92  TYR  HH  -11.738  28.703  4.088  4.47
1367  93  THR  N  -5.214  34.493  2.256  120.81
1368  93  THR  CA  -3.899  35.074  2.394  54.66
1369  93  THR  C  -3.57  34.996  3.876  61.38
1370  93  THR  O  -4.312  35.527  4.722  2.25
1371  93  THR  CB  -3.874  36.519  1.911  111.37
1372  93  THR  OG1  -4.066  36.539  0.491  44.98
1373  93  THR  CG2  -2.536  37.188  2.25  8.91
1374  93  THR  H  -5.843  34.948  2.626  8.1
1375  93  THR  HA  -3.248  34.599  1.854  8.77
1376  93  THR  HB  -4.583  37.009  2.356  8.77
1377  93  THR  HG1  -4.055  37.333  0.218  4.41
1378  93  THR  HG21  -2.543  38.105  1.934  127.95
1379  93  THR  HG22  -2.404  37.179  3.211  61.06
1380  93  THR  HG23  -1.814  36.704  1.82  177.83
1381  94  ILE  N  -2.487  34.303  4.182  121.63
1382  94  ILE  CA  -1.973  34.242  5.542  61.75
1383  94  ILE  C  -0.782  35.189  5.647  2.31
1384  94  ILE  O  0.238  34.968  4.993  113.58
1385  94  ILE  CB  -1.51  32.811  5.857  62.29
1386  94  ILE  CG1  -2.632  31.775  5.633  9.29
1387  94  ILE  CG2  -0.948  32.728  7.255  129.19
1388  94  ILE  CD  -3.826  31.956  6.524  2.76
1389  94  ILE  H  -2.028  33.854  3.61  8.77
1390  94  ILE  HA  -2.666  34.497  6.17  119.61
1391  94  ILE  HB  -0.801  32.589  5.234  53.85
1392  94  ILE  HG21  -0.662  31.819  7.435  178
1393  94  ILE  HG22  -0.19  33.327  7.335  3.09
1394  94  ILE  HG23  -1.631  32.984  7.894  19.06
1395  95  ALA  N  -0.868  36.213  6.487  128.21
1396  95  ALA  CA  0.244  37.153  6.611  61.08
1397  95  ALA  C  0.825  37.045  8.019  124.62
1398  95  ALA  O  0.082  36.842  8.96  56.03
1399  95  ALA  CB  -0.219  38.568  6.374  122.99
1400  95  ALA  H  -1.547  36.382  6.987  9.24
1401  95  ALA  HA  0.916  36.934  5.947  55.77
1402  95  ALA  HB1  0.534  39.174  6.461  177.46
1403  95  ALA  HB2  -0.591  38.642  5.481  58.3
1404  95  ALA  HB3  -0.898  38.8  7.027  40.22
1405  96  ALA  N  2.129  37.183  8.146  124.83
1406  96  ALA  CA  2.787  37.07  9.458  56.08
1407  96  ALA  C  3.731  38.259  9.569  22.98
1408  96  ALA  O  4.431  38.586  8.61  9.42
1409  96  ALA  CB  3.555  35.757  9.55  4.27
1410  96  ALA  H  2.663  37.343  7.491  9.05
1411  96  ALA  HA  2.141  37.074  10.181  1.85
1412  96  ALA  HB1  3.984  35.693  10.418  2.64
1413  96  ALA  HB2  2.941  35.014  9.438  2.53
1414  96  ALA  HB3  4.229  35.727  8.853  116.58
1415  97  LEU  N  3.742  38.913  10.727  118.48
1416  97  LEU  CA  4.605  40.039  10.972  63.1
1417  97  LEU  C  5.544  39.623  12.076  62.95
1418  97  LEU  O  5.098  39.303  13.17  31.09
1419  97  LEU  CB  3.744  41.222  11.421  104.74
1420  97  LEU  CG  4.477  42.468  11.952  46.32
1421  97  LEU  CD1  5.287  43.174  10.83  174.79
1422  97  LEU  CD2  3.435  43.449  12.579  8.52
1423  97  LEU  H  3.24  38.706  11.394  8.6
1424  97  LEU  HA  5.103  40.302  10.182  4.49
1425  97  LEU  HB2  3.194  41.495  10.67  4.49
1426  97  LEU  HB3  3.142  40.909  12.115  121.51
1427  97  LEU  HG  5.111  42.189  12.631  129.36
1428  97  LEU  HD11  5.736  43.953  11.195  50.07
1429  97  LEU  HD12  5.947  42.56  10.471  59.4
1430  97  LEU  HD13  4.685  43.451  10.122  119.79
1431  97  LEU  HD21  3.892  44.236  12.915  59.79
1432  97  LEU  HD22  2.792  43.714  11.903  178.75
1433  97  LEU  HD23  2.973  43.008  13.309  2.79
1434  98  LEU  N  6.844  39.641  11.808  129.49
1435  98  LEU  CA  7.808  38.97  12.68  50.01
1436  98  LEU  C  8.648  39.974  13.461  2.73
1437  98  LEU  O  9.205  40.893  12.852  7.37
1438  98  LEU  CB  8.756  38.113  11.846  4.89
1439  98  LEU  CG  8.151  37.005  10.974  3.46
1440  98  LEU  CD1  9.304  36.148  10.442  3.46
1441  98  LEU  CD2  7.118  36.122  11.748  111.88
1442  98  LEU  H  7.191  40.035  11.127  9.13
1443  98  LEU  HA  7.302  38.423  13.301  1.74
1444  98  LEU  HB2  9.259  38.706  11.266  22.14
1445  98  LEU  HB3  9.393  37.7  12.451  7.9
1446  98  LEU  HG  7.657  37.413  10.246  4.54
1447  98  LEU  HD11  8.949  35.437  9.886  4.38
1448  98  LEU  HD12  9.903  36.701  9.916  116.95
1449  98  LEU  HD13  9.791  35.762  11.187  57.22
1450  98  LEU  HD21  6.767  35.44  11.155  178.21
1451  98  LEU  HD22  7.555  35.699  12.503  2.29
1452  98  LEU  HD23  6.39  36.679  12.067  120.02
1453  99  SER  N  8.751  39.768  14.781  112.12
1454  99  SER  CA  9.783  40.404  15.631  54.55
1455  99  SER  C  10.526  39.279  16.401  4.64
1456  99  SER  O  10.047  38.144  16.41  44.25
1457  99  SER  CB  9.132  41.377  16.611  26.34
1458  99  SER  OG  8.546  42.463  15.907  26.33
1459  99  SER  H  8.22  39.25  15.216  8.62
1460  99  SER  HA  10.408  40.905  15.084  7.63
1461  99  SER  HB2  8.455  40.917  17.132  5.04
1462  99  SER  HB3  9.795  41.708  17.237  117.05
1463  99  SER  HG  8.189  42.992  16.454  55.43
1464  100  PRO  N  11.716  39.554  16.993  117.27
1465  100  PRO  CA  12.403  38.44  17.702  55.59
1466  100  PRO  C  11.604  37.776  18.843  56.79
1467  100  PRO  O  11.676  36.548  19.001  179.74
1468  100  PRO  CB  13.691  39.11  18.245  8.89
1469  100  PRO  CG  13.965  40.18  17.217  19.91
1470  100  PRO  CD  12.579  40.734  16.909  8.48
1471  100  PRO  HA  12.55  37.698  17.095  122.47
1472  100  PRO  HB2  13.557  39.485  19.129  57.77
1473  100  PRO  HB3  14.425  38.479  18.313  117.23
1474  100  PRO  HG2  14.556  40.867  17.564  57.23
1475  100  PRO  HG3  14.389  39.815  16.425  31.63
1476  100  PRO  HD2  12.316  41.415  17.547  36.27
1477  100  PRO  HD3  12.544  41.141  16.029  179.47
1478  101  TYR  N  10.844  38.559  19.595  117.29
1479  101  TYR  CA  10.036  38.019  20.701  57.23
1480  101  TYR  C  8.534  38.147  20.548  9.14
1481  101  TYR  O  7.796  38.017  21.547  4.18
1482  101  TYR  CB  10.425  38.68  22.009  2.04
1483  101  TYR  CG  11.726  38.142  22.545  1.85
1484  101  TYR  CD1  12.929  38.528  21.977  2.2
1485  101  TYR  CD2  11.748  37.284  23.636  8.79
1486  101  TYR  CE1  14.144  38.023  22.462  108.24
1487  101  TYR  CE2  12.952  36.785  24.138  55.6
1488  101  TYR  CZ  14.139  37.148  23.527  173.81
1489  101  TYR  OH  15.353  36.707  24.029  30.89
1490  101  TYR  H  10.776  39.41  19.488  8.77
1491  101  TYR  HA  10.235  37.07  20.69  22.93
1492  101  TYR  HB2  10.502  39.638  21.877  56.77
1493  101  TYR  HB3  9.723  38.539  22.663  173.9
1494  101  TYR  HD1  12.931  39.128  21.267  109.95
1495  101  TYR  HD2  10.947  37.037  24.04  43.47
1496  101  TYR  HE1  14.947  38.277  22.068  4.73
1497  101  TYR  HE2  12.956  36.216  24.874  2.18
1498  101  TYR  HH  15.217  36.183  24.672  1.53
1499  102  SER  N  8.074  38.41  19.327  110.19
1500  102  SER  CA  6.661  38.603  19.1  43.81
1501  102  SER  C  6.342  38.279  17.631  6.78
1502  102  SER  O  7.148  38.534  16.743  4.44
1503  102  SER  CB  6.288  40.07  19.432  3.14
1504  102  SER  OG  4.883  40.255  19.305  7.82
1505  102  SER  H  8.566  38.479  18.625  7.15
1506  102  SER  HA  6.143  38.014  19.671  54.37
1507  102  SER  HB2  6.57  40.287  20.334  5.55
1508  102  SER  HB3  6.757  40.674  18.835  117.62
1509  102  SER  HG  4.687  41.051  19.488  60.74
1510  103  TYR  N  5.172  37.723  17.362  174.47
1511  103  TYR  CA  4.703  37.711  15.982  59.65
1512  103  TYR  C  3.212  37.894  15.952  41.7
1513  103  TYR  O  2.545  37.637  16.933  27.17
1514  103  TYR  CB  5.127  36.473  15.193  16.34
1515  103  TYR  CG  4.563  35.177  15.692  118.08
1516  103  TYR  CD1  3.283  34.741  15.319  7.43
1517  103  TYR  CD2  5.317  34.39  16.559  4.84
1518  103  TYR  CE1  2.777  33.516  15.789  1.36
1519  103  TYR  CE2  4.829  33.193  17.036  121.16
1520  103  TYR  CZ  3.575  32.769  16.657  58.11
1521  103  TYR  OH  3.147  31.57  17.176  1.98
1522  103  TYR  H  4.648  37.359  17.939  2.12
1523  103  TYR  HA  5.133  38.455  15.533  2.12
1524  103  TYR  HB2  4.862  36.59  14.267  109.48
1525  103  TYR  HB3  6.095  36.415  15.205  47.97
1526  103  TYR  HD1  2.764  35.267  14.755  8.87
1527  103  TYR  HD2  6.162  34.677  16.82  122.75
1528  103  TYR  HE1  1.937  33.213  15.53  57.63
1529  103  TYR  HE2  5.344  32.674  17.611  171.62
1530  103  TYR  HH  3.743  31.252  17.675  120.28
1531  104  SER  N  2.712  38.387  14.836  121.94
1532  104  SER  CA  1.293  38.543  14.679  58.14
1533  104  SER  C  0.945  37.822  13.38  105.94
1534  104  SER  O  1.753  37.784  12.446  54.42
1535  104  SER  CB  0.958  40.032  14.535  3.93
1536  104  SER  OG  -0.438  40.289  14.602  3.71
1537  104  SER  H  3.181  38.636  14.16  8.94
1538  104  SER  HA  0.792  38.172  15.423  7.27
1539  104  SER  HB2  1.409  40.53  15.235  56.87
1540  104  SER  HB3  1.303  40.357  13.688  176.13
1541  104  SER  HG  -0.576  41.114  14.52  64.09
1542  105  THR  N  -0.227  37.216  13.324  106.18
1543  105  THR  CA  -0.664  36.631  12.078  54.77
1544  105  THR  C  -2.094  37.024  11.826  57.99
1545  105  THR  O  -2.891  37.174  12.77  116.02
1546  105  THR  CB  -0.494  35.117  12.038  55.3
1547  105  THR  OG1  -0.832  34.648  10.734  175.68
1548  105  THR  CG2  -1.373  34.366  13.065  2.35
1549  105  THR  H  -0.774  37.134  13.983  7.27
1550  105  THR  HA  -0.097  36.977  11.371  8.81
1551  105  THR  HB  0.432  34.936  12.264  5.21
1552  105  THR  HG1  -0.605  35.22  10.163  2.53
1553  105  THR  HG21  -1.218  33.412  12.988  1.57
1554  105  THR  HG22  -1.145  34.658  13.961  6.52
1555  105  THR  HG23  -2.308  34.556  12.891  6.52
1556  106  THR  N  -2.41  37.184  10.557  121.64
1557  106  THR  CA  -3.725  37.622  10.179  58.09
1558  106  THR  C  -4.095  36.871  8.917  9.14
1559  106  THR  O  -3.213  36.522  8.137  120.53
1560  106  THR  CB  -3.976  39.109  9.965  61.85
1561  106  THR  OG1  -3.157  39.853  10.875  114.88
1562  106  THR  CG2  -5.451  39.545  10.1  59.09
1563  106  THR  H  -1.873  37.043  9.9  8.81
1564  106  THR  HA  -4.277  37.431  10.954  36.52
1565  106  THR  HB  -3.742  39.296  9.042  64.59
1566  106  THR  HG1  -3.288  40.675  10.763  8.86
1567  106  THR  HG21  -5.521  40.501  9.95  8.02
1568  106  THR  HG22  -5.989  39.075  9.444  8.92
1569  106  THR  HG23  -5.771  39.334  10.991  5
1570  107  ALA  N  -5.371  36.593  8.764  120.86
1571  107  ALA  CA  -5.892  35.937  7.581  61.85
1572  107  ALA  C  -6.774  36.922  6.826  2.13
1573  107  ALA  O  -7.618  37.604  7.435  2.13
1574  107  ALA  CB  -6.698  34.732  7.995  122.25
1575  107  ALA  H  -5.971  36.781  9.351  8.77
1576  107  ALA  HA  -5.165  35.648  7.008  58.51
1577  107  ALA  HB1  -7.048  34.29  7.206  3.04
1578  107  ALA  HB2  -6.131  34.116  8.485  71.76
1579  107  ALA  HB3  -7.434  35.013  8.561  117.47
1580  108  VAL  N  -6.541  37.063  5.525  127.2
1581  108  VAL  CA  -7.453  37.832  4.674  58.71
1582  108  VAL  C  -8.12  36.807  3.764  5.49
1583  108  VAL  O  -7.43  36.059  3.049  4.17
1584  108  VAL  CB  -6.721  38.91  3.838  62.19
1585  108  VAL  CG1  -7.736  39.841  3.133  175.05
1586  108  VAL  CG2  -5.74  39.716  4.697  7.44
1587  108  VAL  H  -5.865  36.725  5.114  8.69
1588  108  VAL  HA  -8.093  38.32  5.216  126.43
1589  108  VAL  HB  -6.204  38.454  3.156  55.17
1590  108  VAL  HG11  -7.258  40.508  2.615  174.12
1591  108  VAL  HG12  -8.3  39.317  2.543  4.34
1592  108  VAL  HG13  -8.287  40.282  3.798  36.28
1593  108  VAL  HG21  -5.298  40.381  4.146  24.92
1594  108  VAL  HG22  -6.224  40.158  5.412  28.96
1595  108  VAL  HG23  -5.076  39.119  5.077  42.08
1596  109  VAL  N  -9.444  36.727  3.838  128.98
1597  109  VAL  CA  -10.194  35.739  3.081  49.46
1598  109  VAL  C  -11.112  36.484  2.105  5.34
1599  109  VAL  O  -12.063  37.147  2.536  1.86
1600  109  VAL  CB  -10.993  34.794  4.009  1.79
1601  109  VAL  CG1  -11.778  33.78  3.217  1.42
1602  109  VAL  CG2  -10.038  34.077  5.001  1.42
1603  109  VAL  H  -9.929  37.242  4.327  8.86
1604  109  VAL  HA  -9.582  35.172  2.586  1.64
1605  109  VAL  HB  -11.623  35.334  4.511  2.92
1606  109  VAL  HG11  -12.267  33.203  3.824  2.92
1607  109  VAL  HG12  -12.403  34.238  2.633  8.06
1608  109  VAL  HG13  -11.17  33.245  2.683  120.73
1609  109  VAL  HG21  -10.551  33.488  5.576  120.58
1610  109  VAL  HG22  -9.387  33.557  4.505  123.28
1611  109  VAL  HG23  -9.578  34.738  5.543  54.05
1612  110  THR  N  -10.806  36.392  0.809  126.04
1613  110  THR  CA  -11.497  37.211  -0.189  50.24
1614  110  THR  C  -12.049  36.379  -1.343  43.23
1615  110  THR  O  -11.796  35.179  -1.4  28.51
1616  110  THR  CB  -10.578  38.317  -0.722  26.66
1617  110  THR  OG1  -10.366  39.297  0.316  26.42
1618  110  THR  H  -10.206  35.866  0.489  9.06
1619  110  THR  HA  -12.253  37.62  0.261  5.36
1620  110  THR  HG1  -9.862  39.905  0.029  2.07
