1  1  MET  N  4.901  23.104  0.069  120.97
2  1  MET  CA  5.054  21.826  -0.652  55.17
3  1  MET  C  6.057  20.909  0.045  175.43
4  1  MET  O  7.247  21.218  0.079  55.76
5  1  MET  CB  5.494  22.038  -2.109  33.4
6  1  MET  CG  4.342  22.395  -3.055  31.76
7  1  MET  SD  4.66  22.01  -4.803  49.23
8  1  MET  CE  6.271  22.799  -5.063  16.76
9  1  MET  H  4.313  23.619  -0.357  8.42
10  1  MET  H2  4.609  22.945  0.895  122.37
11  1  MET  H3  5.686  23.521  0.109  61.59
12  1  MET  HA  4.19  21.385  -0.649  4.55
13  1  MET  HB2  6.178  22.725  -2.149  2.12
14  1  MET  HB3  5.878  21.206  -2.428  2.01
15  1  MET  HG2  3.556  21.882  -2.809  2.59
16  1  MET  HG3  4.132  23.338  -2.969  2.52
17  1  MET  HE1  6.205  23.75  -4.886  122
18  1  MET  HE2  6.937  22.403  -4.48  8.45
19  1  MET  HE3  6.544  22.661  -5.983  4.38
20  2  SER  N  5.574  19.777  0.574  117.36
21  2  SER  CA  6.386  18.759  1.232  58.28
22  2  SER  C  5.818  17.357  0.951  174.77
23  2  SER  O  6.551  16.462  0.534  17.92
24  2  SER  CB  6.448  19.075  2.733  63.65
25  2  SER  OG  7.252  18.137  3.417  8.28
26  2  SER  H  4.72  19.702  0.646  8.48
27  2  SER  HA  7.302  18.817  0.918  4.49
28  2  SER  HB2  6.847  19.951  2.853  3.91
29  2  SER  HB3  5.557  19.081  3.117  4.27
30  2  SER  HG  6.913  17.373  3.338  8.11
31  3  LYS  N  4.513  17.175  1.196  122.35
32  3  LYS  CA  3.782  15.914  1.061  64.41
33  3  LYS  C  3.794  15.366  -0.374  178.36
34  3  LYS  O  3.414  16.072  -1.307  24.95
35  3  LYS  CB  2.325  16.133  1.505  35.97
36  3  LYS  CG  1.995  15.59  2.899  27.91
37  3  LYS  CD  2.868  16.157  4.024  18.44
38  3  LYS  CE  2.358  15.618  5.368  175.98
39  3  LYS  NZ  3.184  16.079  6.497  10.28
40  3  LYS  H  4.068  17.849  1.491  8.18
41  3  LYS  HA  4.197  15.256  1.64  4.48
42  3  LYS  HB2  2.103  17.076  1.463  1.36
43  3  LYS  HB3  1.738  15.667  0.889  1.77
44  3  LYS  HG2  1.068  15.809  3.083  8.28
45  3  LYS  HG3  2.077  14.624  2.879  123.25
46  3  LYS  HD2  3.792  15.888  3.899  3.91
47  3  LYS  HD3  2.814  17.125  4.02  9.56
48  3  LYS  HE2  1.446  15.917  5.508  4.87
49  3  LYS  HE3  2.37  14.648  5.354  0.59
50  3  LYS  HZ1  4.023  15.804  6.387  121.81
51  3  LYS  HZ2  3.169  16.968  6.528  61.75
52  3  LYS  HZ3  2.862  15.754  7.26  177.12
53  4  VAL  N  4.197  14.096  -0.519  118.3
54  4  VAL  CA  4.394  13.409  -1.788  38.27
55  4  VAL  C  3.709  12.047  -1.713  119.96
56  4  VAL  O  4.31  11.064  -1.283  130.78
57  4  VAL  CB  5.902  13.317  -2.123  130.78
58  4  VAL  CG1  6.821  12.86  -0.981  4.52
59  4  VAL  CG2  6.145  12.435  -3.36  29.34
60  4  VAL  H  4.621  13.764  0.152  8.85
61  4  VAL  HA  4.077  13.957  -2.523  4.64
62  4  VAL  HB  6.19  14.214  -2.354  2.25
63  4  VAL  HG11  6.61  11.954  -0.707  2.93
64  4  VAL  HG12  7.742  12.882  -1.284  3.06
65  4  VAL  HG13  6.744  13.459  -0.222  7.07
66  4  VAL  HG21  5.536  12.685  -4.072  7.07
67  4  VAL  HG22  7.057  12.551  -3.671  7.18
68  4  VAL  HG23  6.015  11.496  -3.154  7.18
69  5  CYS  N  2.437  11.993  -2.113  8.4
70  5  CYS  CA  1.702  10.733  -2.14  105.38
71  5  CYS  C  2.023  9.939  -3.412  46.65
72  5  CYS  O  2.396  10.521  -4.429  176.4
73  5  CYS  CB  0.188  10.94  -1.95  120.12
74  5  CYS  SG  -0.371  12.245  -0.816  8.48
75  5  CYS  H  2.064  12.723  -2.374  3.45
76  5  CYS  HA  2.017  10.203  -1.391  3.81
77  5  CYS  HB2  -0.21  11.162  -2.806  122.63
78  5  CYS  HB3  -0.201  10.095  -1.675  59.51
79  6  ILE  N  1.897  8.605  -3.345  120.34
80  6  ILE  CA  2.245  7.709  -4.448  173.5
81  6  ILE  C  1.258  6.545  -4.478  32.14
82  6  ILE  O  0.75  6.145  -3.429  25.41
83  6  ILE  CB  3.694  7.179  -4.354  29.45
84  6  ILE  CG1  4.113  6.661  -2.968  41.23
85  6  ILE  CG2  4.715  8.196  -4.894  8.14
86  6  ILE  CD  4.502  7.758  -1.968  7.99
87  6  ILE  H  1.964  8.287  -2.549  9.12
88  6  ILE  HA  2.32  8.203  -5.28  4.72
89  6  ILE  HB  3.74  6.43  -4.969  1.6
90  6  ILE  HG12  3.409  6.111  -2.591  1.05
91  6  ILE  HG13  4.897  6.103  -3.092  1.38
92  6  ILE  HG21  4.563  8.346  -5.84  1.6
93  6  ILE  HG22  4.647  9.046  -4.432  1.69
94  6  ILE  HG23  5.614  7.848  -4.789  2.96
95  6  ILE  HD11  5.294  8.379  -2.375  2.96
96  6  ILE  HD12  3.671  8.397  -1.698  2.36
97  6  ILE  HD13  4.852  7.28  -1.06  8.19
98  7  ILE  N  1.002  6.009  -5.676  121.96
99  7  ILE  CA  0.11  4.871  -5.89  120.85
100  7  ILE  C  0.898  3.665  -6.411  65.58
101  7  ILE  O  1.606  3.779  -7.409  176.33
102  7  ILE  CB  -1.075  5.271  -6.789  43.59
103  7  ILE  CG1  -2.033  4.081  -6.965  37.42
104  7  ILE  CG2  -0.657  5.825  -8.158  29.2
105  7  ILE  CD  -3.473  4.546  -7.198  14.72
106  7  ILE  H  1.366  6.383  -6.36  8.62
107  7  ILE  HA  -0.298  4.63  -5.044  4.87
108  7  ILE  HB  -1.549  5.973  -6.315  0.66
109  7  ILE  HG12  -1.745  3.53  -7.709  4.12
110  7  ILE  HG13  -2.035  3.533  -6.165  1.83
111  7  ILE  HG21  -0.054  6.578  -8.058  1.42
112  7  ILE  HG22  -0.223  5.131  -8.679  1.42
113  7  ILE  HG23  -1.439  6.129  -8.644  8.61
114  7  ILE  HD11  -3.814  5.126  -6.34  4.88
115  7  ILE  HD12  -3.538  5.16  -8.095  175.43
116  7  ILE  HD13  -4.117  3.675  -7.314  8.37
117  8  ALA  N  0.784  2.527  -5.71  126.99
118  8  ALA  CA  1.511  1.29  -5.963  114.71
119  8  ALA  C  0.534  0.151  -6.279  128.89
120  8  ALA  O  -0.172  -0.325  -5.392  179
121  8  ALA  CB  2.374  0.953  -4.743  45.33
122  8  ALA  H  0.293  2.538  -5.004  9.01
123  8  ALA  HA  2.129  1.413  -6.7  5.12
124  8  ALA  HB1  3.007  1.67  -4.583  175.7
125  8  ALA  HB2  1.819  0.84  -3.955  9.34
126  8  ALA  HB3  2.864  0.133  -4.909  7.84
127  9  TRP  N  0.513  -0.292  -7.541  119.08
128  9  TRP  CA  -0.308  -1.387  -8.043  7.86
129  9  TRP  C  0.456  -2.705  -7.968  1.53
130  9  TRP  O  1.457  -2.862  -8.663  1.76
131  9  TRP  CB  -0.668  -1.108  -9.504  1.76
132  9  TRP  CG  -1.632  0.013  -9.696  119.13
133  9  TRP  CD1  -2.947  -0.053  -9.412  8.5
134  9  TRP  CD2  -1.407  1.35  -10.223  4.75
135  9  TRP  NE1  -3.552  1.155  -9.677  130.56
136  9  TRP  CE2  -2.646  2.058  -10.191  61.14
137  9  TRP  CE3  -0.29  2.028  -10.749  176.54
138  9  TRP  CZ2  -2.764  3.383  -10.637  116.26
139  9  TRP  CZ3  -0.417  3.331  -11.259  62.85
140  9  TRP  CH2  -1.641  4.019  -11.187  174.93
141  9  TRP  H  1.044  0.079  -8.106  9.13
142  9  TRP  HA  -1.124  -1.452  -7.523  5.31
143  9  TRP  HB2  0.144  -0.916  -9.999  3.15
144  9  TRP  HB3  -1.066  -1.906  -9.886  2.65
145  9  TRP  HD1  -3.375  -0.812  -9.088  6.93
146  9  TRP  HE1  -4.389  1.318  -9.565  11.1
147  9  TRP  HE3  0.533  1.597  -10.795  7.48
148  9  TRP  HZ2  -3.58  3.826  -10.578  7.29
149  9  TRP  HZ3  0.318  3.728  -11.669  6.77
150  9  TRP  HH2  -1.712  4.884  -11.521  6.99
151  10  VAL  N  -0.034  -3.653  -7.162  121.67
152  10  VAL  CA  0.593  -4.952  -6.955  4.09
153  10  VAL  C  -0.147  -6.006  -7.786  55.31
154  10  VAL  O  -1.347  -6.205  -7.607  175.62
155  10  VAL  CB  0.602  -5.328  -5.46  123.95
156  10  VAL  CG1  1.662  -6.414  -5.227  114.74
157  10  VAL  CG2  0.922  -4.155  -4.521  62.98
158  10  VAL  H  -0.77  -3.498  -6.744  8.99
159  10  VAL  HA  1.518  -4.91  -7.243  4.48
160  10  VAL  HB  -0.272  -5.674  -5.219  1.73
161  10  VAL  HG11  2.55  -6.027  -5.279  28.23
162  10  VAL  HG12  1.544  -6.804  -4.347  16.46
163  10  VAL  HG13  1.595  -7.111  -5.898  121.16
164  10  VAL  HG21  0.267  -3.444  -4.603  7.28
165  10  VAL  HG22  0.907  -4.471  -3.604  3.66
166  10  VAL  HG23  1.801  -3.796  -4.719  1.33
167  11  TYR  N  0.58  -6.684  -8.682  121.58
168  11  TYR  CA  0.086  -7.773  -9.522  1.57
169  11  TYR  C  0.296  -9.125  -8.84  1.33
170  11  TYR  O  0.935  -9.214  -7.792  8.11
171  11  TYR  CB  0.774  -7.754  -10.895  9.38
172  11  TYR  CG  0.465  -6.541  -11.749  4.83
173  11  TYR  CD1  1.103  -5.313  -11.497  2.91
174  11  TYR  CD2  -0.42  -6.659  -12.838  2.91
175  11  TYR  CE1  0.858  -4.209  -12.331  113.46
176  11  TYR  CE2  -0.636  -5.565  -13.693  58.53
177  11  TYR  CZ  0.004  -4.339  -13.439  56.97
178  11  TYR  OH  -0.196  -3.276  -14.27  176.2
179  11  TYR  H  1.419  -6.502  -8.724  8.55
180  11  TYR  HA  -0.866  -7.664  -9.676  4.9
181  11  TYR  HB2  1.735  -7.823  -10.781  3.06
182  11  TYR  HB3  0.498  -8.54  -11.393  2.69
183  11  TYR  HD1  1.688  -5.224  -10.78  6.99
184  11  TYR  HD2  -0.853  -7.464  -13.008  6.99
185  11  TYR  HE1  1.264  -3.392  -12.149  6.7
186  11  TYR  HE2  -1.204  -5.655  -14.423  6.7
187  11  TYR  HH  -0.727  -3.441  -14.9  4.37
188  12  GLY  N  -0.245  -10.185  -9.452  109.27
189  12  GLY  CA  -0.154  -11.534  -8.934  4.82
190  12  GLY  C  -1.172  -11.778  -7.827  2.53
191  12  GLY  O  -2.102  -10.998  -7.637  3.03
192  12  GLY  H  -0.666  -10.078  -10.194  9.04
193  12  GLY  HA2  -0.307  -12.179  -9.642  4.85
194  12  GLY  HA3  0.743  -11.662  -8.589  3.75
195  13  ARG  N  -0.991  -12.887  -7.107  126.89
196  13  ARG  CA  -1.944  -13.358  -6.116  45.39
197  13  ARG  C  -1.741  -12.669  -4.775  113.69
198  13  ARG  O  -1.04  -13.182  -3.907  60.37
199  13  ARG  CB  -1.844  -14.87  -5.951  175.2
200  13  ARG  CG  -2.013  -15.565  -7.302  3.97
201  13  ARG  CD  -2.372  -17.04  -7.098  70.87
202  13  ARG  NE  -2.931  -17.62  -8.325  84.85
203  13  ARG  CZ  -4.141  -17.317  -8.828  21.87
204  13  ARG  NH1  -4.958  -16.466  -8.19  8.89
205  13  ARG  NH2  -4.534  -17.867  -9.983  4.53
206  13  ARG  H  -0.309  -13.378  -7.29  8.79
207  13  ARG  HA  -2.844  -13.165  -6.422  4.77
208  13  ARG  HB2  -0.996  -15.121  -5.553  121.81
209  13  ARG  HB3  -2.564  -15.111  -5.348  59.27
210  13  ARG  HG2  -2.712  -15.102  -7.79  1.76
211  13  ARG  HG3  -1.197  -15.501  -7.823  1.61
212  13  ARG  HD2  -1.571  -17.526  -6.847  54.97
213  13  ARG  HD3  -3.019  -17.137  -6.382  178.1
214  13  ARG  HE  -2.43  -18.174  -8.752  7.15
215  13  ARG  HH11  -4.707  -16.105  -7.451  31.47
216  13  ARG  HH12  -5.722  -16.256  -8.524  31.87
217  13  ARG  HH21  -4.017  -18.413  -10.401  3.06
218  13  ARG  HH22  -5.3  -17.667  -10.319  63.4
219  14  VAL  N  -2.366  -11.504  -4.628  111.64
220  14  VAL  CA  -2.2  -10.636  -3.47  4.68
221  14  VAL  C  -3.532  -10.476  -2.73  2.07
222  14  VAL  O  -3.553  -10.488  -1.502  1.84
223  14  VAL  CB  -1.608  -9.289  -3.911  2.74
224  14  VAL  CG1  -1.18  -8.472  -2.684  2.6
225  14  VAL  CG2  -0.363  -9.488  -4.786  124.66
226  14  VAL  H  -2.673  -11.175  -5.361  7.77
227  14  VAL  HA  -1.532  -11.006  -2.872  4.33
228  14  VAL  HB  -2.268  -8.798  -4.426  1.59
229  14  VAL  HG11  -0.45  -8.924  -2.233  56.77
230  14  VAL  HG12  -0.873  -7.595  -2.962  8.23
231  14  VAL  HG13  -1.914  -8.363  -2.059  4.24
232  14  VAL  HG21  -0.561  -10.014  -5.576  40.07
233  14  VAL  HG22  -0.055  -8.617  -5.083  2.15
234  14  VAL  HG23  0.34  -9.927  -4.282  9.54
235  15  GLN  N  -4.648  -10.334  -3.459  120.27
236  15  GLN  CA  -5.968  -10.284  -2.843  2.96
237  15  GLN  C  -6.383  -11.677  -2.363  2.42
238  15  GLN  O  -5.983  -12.682  -2.949  8.16
239  15  GLN  CB  -6.998  -9.656  -3.791  58.67
240  15  GLN  CG  -7.306  -10.455  -5.057  8
241  15  GLN  CD  -8.361  -9.717  -5.876  4.32
242  15  GLN  OE1  -9.45  -10.236  -6.105  64.97
243  15  GLN  NE2  -8.058  -8.486  -6.288  111.53
244  15  GLN  H  -4.593  -10.331  -4.317  8.28
245  15  GLN  HA  -5.929  -9.692  -2.076  4.63
246  15  GLN  HB2  -7.844  -9.549  -3.328  2.15
247  15  GLN  HB3  -6.673  -8.775  -4.033  2
248  15  GLN  HG2  -6.498  -10.575  -5.581  117.78
249  15  GLN  HG3  -7.653  -11.329  -4.82  109.59
250  15  GLN  HE21  -7.293  -8.128  -6.125  7.57
251  15  GLN  HE22  -8.667  -8.01  -6.666  6.66
252  16  GLY  N  -7.179  -11.727  -1.288  111.24
253  16  GLY  CA  -7.748  -12.953  -0.751  8.11
254  16  GLY  C  -7.001  -13.448  0.487  4.47
255  16  GLY  O  -7.639  -13.833  1.466  3.64
256  16  GLY  H  -7.409  -10.991  -0.908  9.95
257  16  GLY  HA2  -8.666  -12.765  -0.5  4.18
258  16  GLY  HA3  -7.757  -13.649  -1.427  3.95
259  17  VAL  N  -5.661  -13.418  0.469  108.87
260  17  VAL  CA  -4.842  -13.817  1.616  34.67
261  17  VAL  C  -4.958  -12.813  2.778  25.47
262  17  VAL  O  -4.448  -13.07  3.867  29.37
263  17  VAL  CB  -3.383  -14.045  1.167  3.84
264  17  VAL  CG1  -2.629  -12.732  0.936  3.84
265  17  VAL  CG2  -2.588  -14.91  2.154  8.03
266  17  VAL  H  -5.261  -13.127  -0.235  7.86
267  17  VAL  HA  -5.182  -14.669  1.932  4.72
268  17  VAL  HB  -3.402  -14.531  0.328  2.42
269  17  VAL  HG11  -2.536  -12.23  1.761  1.47
270  17  VAL  HG12  -1.744  -12.923  0.588  1.32
271  17  VAL  HG13  -3.114  -12.199  0.287  24.35
272  17  VAL  HG21  -3.033  -15.763  2.278  49.85
273  17  VAL  HG22  -1.701  -15.069  1.794  2.94
274  17  VAL  HG23  -2.493  -14.469  3.013  2.19
275  18  GLY  N  -5.617  -11.668  2.556  113.2
276  18  GLY  CA  -5.742  -10.606  3.532  1.85
277  18  GLY  C  -4.405  -9.901  3.72  1.96
278  18  GLY  O  -3.986  -9.673  4.852  119.59
279  18  GLY  H  -5.991  -11.53  1.794  9.35
280  18  GLY  HA2  -6.394  -9.961  3.217  4.65
281  18  GLY  HA3  -6.052  -10.981  4.371  4.21
282  19  PHE  N  -3.744  -9.556  2.604  123.4
283  19  PHE  CA  -2.452  -8.879  2.597  29.48
284  19  PHE  C  -2.477  -7.644  3.499  132.97
285  19  PHE  O  -1.532  -7.399  4.239  132.97
286  19  PHE  CB  -2.074  -8.502  1.157  131.47
287  19  PHE  CG  -0.579  -8.428  0.918  131.47
288  19  PHE  CD1  0.13  -7.246  1.199  131.27
289  19  PHE  CD2  0.114  -9.562  0.454  8.95
290  19  PHE  CE1  1.529  -7.216  1.065  5.43
291  19  PHE  CE2  1.504  -9.507  0.254  2.79
292  19  PHE  CZ  2.216  -8.342  0.584  2.79
293  19  PHE  H  -4.043  -9.849  1.853  9.31
294  19  PHE  HA  -1.786  -9.51  2.912  3.86
295  19  PHE  HB2  -2.428  -9.174  0.554  3.55
296  19  PHE  HB3  -2.485  -7.657  0.916  3.05
297  19  PHE  HD1  -0.322  -6.486  1.488  6.93
298  19  PHE  HD2  -0.348  -10.347  0.266  6.93
299  19  PHE  HE1  1.999  -6.45  1.303  6.87
300  19  PHE  HE2  1.952  -10.242  -0.097  6.87
301  19  PHE  HZ  3.14  -8.316  0.48  58.65
302  20  ARG  N  -3.585  -6.896  3.451  119.86
303  20  ARG  CA  -3.858  -5.697  4.232  3.23
304  20  ARG  C  -4.103  -5.991  5.723  9.31
305  20  ARG  O  -5.123  -5.581  6.275  4.8
306  20  ARG  CB  -5.07  -4.989  3.605  3.83
307  20  ARG  CG  -6.291  -5.923  3.508  3.75
308  20  ARG  CD  -7.575  -5.136  3.768  29.3
309  20  ARG  NE  -8.757  -6.002  3.844  33.57
310  20  ARG  CZ  -9.436  -6.489  2.794  1.98
311  20  ARG  NH1  -8.992  -6.295  1.543  115.45
312  20  ARG  NH2  -10.569  -7.172  3.007  54.07
313  20  ARG  H  -4.2  -7.148  2.905  9.58
314  20  ARG  HA  -3.09  -5.109  4.164  4.65
315  20  ARG  HB2  -5.282  -4.209  4.141  1.96
316  20  ARG  HB3  -4.841  -4.68  2.715  2.1
317  20  ARG  HG2  -6.317  -6.33  2.628  8.83
318  20  ARG  HG3  -6.241  -6.632  4.169  4.3
319  20  ARG  HD2  -7.494  -4.712  4.636  1.97
320  20  ARG  HD3  -7.687  -4.451  3.091  1.53
321  20  ARG  HE  -9.054  -6.166  4.634  1.34
322  20  ARG  HH11  -8.27  -5.846  1.413  50.16
323  20  ARG  HH12  -9.437  -6.59  0.868  177.32
324  20  ARG  HH21  -10.858  -7.282  3.809  116.19
325  20  ARG  HH22  -11.027  -7.485  2.35  17.95
326  21  TYR  N  -3.16  -6.671  6.383  118.06
327  21  TYR  CA  -3.239  -7.028  7.79  4.57
328  21  TYR  C  -2.334  -6.097  8.594  4.15
329  21  TYR  O  -2.822  -5.253  9.346  8
330  21  TYR  CB  -2.867  -8.508  7.959  57.39
331  21  TYR  CG  -3.315  -9.113  9.272  176.23
332  21  TYR  CD1  -4.673  -9.435  9.456  62.73
333  21  TYR  CD2  -2.384  -9.396  10.289  176.34
334  21  TYR  CE1  -5.101  -10.034  10.652  53.51
335  21  TYR  CE2  -2.812  -10.002  11.483  31.8
336  21  TYR  CZ  -4.169  -10.322  11.664  27.1
337  21  TYR  OH  -4.581  -10.916  12.822  50.23
338  21  TYR  H  -2.467  -6.933  5.946  8.68
339  21  TYR  HA  -4.149  -6.919  8.107  4.13
340  21  TYR  HB2  -3.315  -9.008  7.259  3.09
341  21  TYR  HB3  -1.915  -8.646  7.832  2.98
342  21  TYR  HD1  -5.29  -9.256  8.783  7.12
343  21  TYR  HD2  -1.484  -9.192  10.172  7.12
344  21  TYR  HE1  -6  -10.242  10.767  6.8
345  21  TYR  HE2  -2.195  -10.197  12.151  6.8
346  21  TYR  HH  -5.405  -11.079  12.835  52.28
347  22  THR  N  -1.015  -6.239  8.416  113.85
348  22  THR  CA  -0.029  -5.446  9.135  59.31
349  22  THR  C  0.034  -3.999  8.634  18.85
350  22  THR  O  0.471  -3.127  9.382  8.46
351  22  THR  CB  1.341  -6.137  9.136  4.37
352  22  THR  OG1  2.165  -5.499  10.088  56.3
353  22  THR  CG2  2.017  -6.119  7.764  174.33
354  22  THR  H  -0.736  -6.84  7.868  8.19
355  22  THR  HA  -0.31  -5.416  10.063  4.14
356  22  THR  HB  1.226  -7.059  9.416  3.89
357  22  THR  HG1  2.95  -5.79  10.022  174.46
358  22  THR  HG21  2.854  -6.607  7.81  1.69
359  22  THR  HG22  1.437  -6.549  7.116  69.57
360  22  THR  HG23  2.203  -5.21  7.482  56.2
361  23  THR  N  -0.416  -3.744  7.395  119.52
362  23  THR  CA  -0.49  -2.415  6.791  8.18
363  23  THR  C  -0.991  -1.345  7.778  4.43
364  23  THR  O  -0.451  -0.243  7.807  4.28
365  23  THR  CB  -1.334  -2.477  5.502  3.03
366  23  THR  OG1  -1.134  -1.312  4.729  107.42
367  23  THR  CG2  -2.834  -2.654  5.752  46.54
368  23  THR  H  -0.577  -4.414  6.881  8.16
369  23  THR  HA  0.406  -2.187  6.498  4.06
370  23  THR  HB  -1.028  -3.23  4.972  3.47
371  23  THR  HG1  -1.515  -1.411  3.987  174.73
372  23  THR  HG21  -3.291  -2.767  4.904  19.03
373  23  THR  HG22  -2.993  -3.431  6.311  69.64
374  23  THR  HG23  -3.195  -1.866  6.187  8.47
375  24  GLN  N  -1.989  -1.689  8.61  120.21
376  24  GLN  CA  -2.559  -0.823  9.636  8.15
377  24  GLN  C  -1.52  -0.499  10.714  4.36
378  24  GLN  O  -1.208  0.67  10.938  4.21
379  24  GLN  CB  -3.783  -1.505  10.265  4.27
380  24  GLN  CG  -4.928  -1.699  9.256  8.35
381  24  GLN  CD  -6.079  -0.713  9.395  53.85
382  24  GLN  OE1  -6.338  -0.159  10.46  2.21
383  24  GLN  NE2  -6.808  -0.53  8.298  111.51
384  24  GLN  H  -2.297  -2.491  8.56  8.16
385  24  GLN  HA  -2.854  0.003  9.222  3.29
386  24  GLN  HB2  -3.517  -2.379  10.592  2.45
387  24  GLN  HB3  -4.077  -0.983  11.028  1.84
388  24  GLN  HG2  -4.589  -1.657  8.348  2.28
389  24  GLN  HG3  -5.328  -2.574  9.383  2.02
390  24  GLN  HE21  -6.599  -0.935  7.569  7.93
391  24  GLN  HE22  -7.501  -0.023  8.334  6.86
392  25  TYR  N  -1.006  -1.53  11.4  119.09
393  25  TYR  CA  -0.02  -1.384  12.465  4.09
394  25  TYR  C  1.161  -0.533  12.005  18.84
395  25  TYR  O  1.46  0.489  12.617  8.2
396  25  TYR  CB  0.472  -2.765  12.917  4.31
397  25  TYR  CG  -0.538  -3.549  13.73  2.97
398  25  TYR  CD1  -0.686  -3.28  15.103  31.68
399  25  TYR  CD2  -1.293  -4.577  13.136  27.61
400  25  TYR  CE1  -1.551  -4.063  15.886  122.76
401  25  TYR  CE2  -2.141  -5.374  13.921  52.58
402  25  TYR  CZ  -2.265  -5.121  15.299  178.01
403  25  TYR  OH  -3.076  -5.903  16.069  45.9
404  25  TYR  H  -1.338  -2.313  11.27  7.85
405  25  TYR  HA  -0.447  -0.968  13.23  3.79
406  25  TYR  HB2  0.743  -3.287  12.146  3
407  25  TYR  HB3  1.258  -2.641  13.472  2.81
408  25  TYR  HD1  -0.203  -2.59  15.497  6.97
409  25  TYR  HD2  -1.229  -4.738  12.222  6.97
410  25  TYR  HE1  -1.641  -3.886  16.795  6.72
411  25  TYR  HE2  -2.616  -6.069  13.527  6.72
412  25  TYR  HH  -3.446  -6.522  15.638  173.98
413  26  GLU  N  1.814  -0.959  10.918  118.88
414  26  GLU  CA  2.954  -0.267  10.341  8.36
415  26  GLU  C  2.605  1.192  10.056  3.95
416  26  GLU  O  3.335  2.087  10.474  4.02
417  26  GLU  CB  3.398  -1.001  9.066  112.66
418  26  GLU  CG  4.826  -1.547  9.194  61.85
419  26  GLU  CD  4.983  -2.494  10.383  173.71
420  26  GLU  OE1  4.174  -3.442  10.469  8.07
421  26  GLU  OE2  5.9  -2.242  11.196  69.67
422  26  GLU  H  1.608  -1.729  10.596  7.53
423  26  GLU  HA  3.682  -0.299  10.981  3.54
424  26  GLU  HB2  2.797  -1.734  8.86  0.92
425  26  GLU  HB3  3.361  -0.382  8.32  0.82
426  26  GLU  HG2  5.054  -2.031  8.385  4.21
427  26  GLU  HG3  5.442  -0.804  9.291  62.57
428  27  ALA  N  1.476  1.424  9.373  119.37
429  27  ALA  CA  1.003  2.765  9.054  32.62
430  27  ALA  C  0.937  3.661  10.291  27.07
431  27  ALA  O  1.188  4.858  10.187  127.26
432  27  ALA  CB  -0.367  2.708  8.37  50.34
433  27  ALA  H  1.072  0.753  9.017  8.41
434  27  ALA  HA  1.617  3.138  8.402  3.35
435  27  ALA  HB1  -0.277  2.316  7.487  18.02
436  27  ALA  HB2  -0.997  2.187  8.893  8.34
437  27  ALA  HB3  -0.727  3.604  8.273  4.63
438  28  LYS  N  0.613  3.082  11.454  116.37
439  28  LYS  CA  0.521  3.807  12.714  118.25
440  28  LYS  C  1.895  4.301  13.191  59.02
441  28  LYS  O  1.98  5.371  13.791  174.89
442  28  LYS  CB  -0.182  2.931  13.765  62.97
443  28  LYS  CG  -0.811  3.791  14.866  176.72
444  28  LYS  CD  -1.651  2.96  15.85  175.94
445  28  LYS  CE  -3.157  3.094  15.578  31.82
446  28  LYS  NZ  -3.959  2.617  16.72  27.1
447  28  LYS  H  0.462  2.235  11.463  8.17
448  28  LYS  HA  -0.037  4.584  12.551  3.98
449  28  LYS  HB2  -0.885  2.417  13.337  1.95
450  28  LYS  HB3  0.457  2.321  14.166  2.32
451  28  LYS  HG2  -0.099  4.229  15.358  2.03
452  28  LYS  HG3  -1.364  4.477  14.461  2.29
453  28  LYS  HD2  -1.391  2.027  15.809  3.68
454  28  LYS  HD3  -1.469  3.289  16.744  3.8
455  28  LYS  HE2  -3.384  4.027  15.439  113.06
456  28  LYS  HE3  -3.394  2.592  14.782  61.38
457  28  LYS  HZ1  -3.77  1.762  16.877  173.62
458  28  LYS  HZ2  -3.761  3.096  17.444  0.99
459  28  LYS  HZ3  -4.827  2.7  16.54  69.67
460  29  ARG  N  2.967  3.545  12.916  120.7
461  29  ARG  CA  4.335  3.925  13.248  21.35
462  29  ARG  C  4.785  5.152  12.447  8.13
463  29  ARG  O  5.436  6.036  13.001  4.29
464  29  ARG  CB  5.296  2.748  13.008  4.21
465  29  ARG  CG  4.889  1.438  13.696  24.36
466  29  ARG  CD  4.765  1.604  15.215  125.71
467  29  ARG  NE  5.333  0.457  15.939  83.6
468  29  ARG  CZ  6.649  0.209  16.065  177.43
469  29  ARG  NH1  7.555  1.019  15.497  127.16
470  29  ARG  NH2  7.063  -0.858  16.76  50.07
471  29  ARG  H  2.868  2.832  12.445  7.42
472  29  ARG  HA  4.362  4.179  14.184  3.83
473  29  ARG  HB2  5.355  2.566  12.057  1.69
474  29  ARG  HB3  6.18  3.002  13.316  1.57
475  29  ARG  HG2  4.047  1.114  13.338  4.62
476  29  ARG  HG3  5.566  0.777  13.482  129.72
477  29  ARG  HD2  5.216  2.415  15.498  2.97
478  29  ARG  HD3  3.827  1.693  15.445  2.77
479  29  ARG  HE  4.773  -0.082  16.308  7.15
480  29  ARG  HH11  7.293  1.699  15.04  38.75
481  29  ARG  HH12  8.396  0.857  15.572  8.75
482  29  ARG  HH21  6.491  -1.386  17.126  3.44
483  29  ARG  HH22  7.903  -1.024  16.839  118.25
484  30  LEU  N  4.448  5.206  11.152  116.67
485  30  LEU  CA  4.806  6.318  10.276  177.17
486  30  LEU  C  3.838  7.494  10.427  4.31
487  30  LEU  O  4.238  8.642  10.235  62.58
488  30  LEU  CB  4.852  5.849  8.816  175.53
489  30  LEU  CG  6.018  4.919  8.436  1.96
490  30  LEU  CD1  7.377  5.505  8.835  9.32
491  30  LEU  CD2  5.892  3.493  8.969  8.19
492  30  LEU  H  3.996  4.557  10.814  7.35
493  30  LEU  HA  5.675  6.672  10.522  4.08
494  30  LEU  HB2  4.016  5.405  8.603  57.24
495  30  LEU  HB3  4.925  6.635  8.252  2.74
496  30  LEU  HG  5.987  4.839  7.47  1.57
497  30  LEU  HD11  7.484  6.37  8.41  28.8
498  30  LEU  HD12  7.47  5.588  9.797  33.68
499  30  LEU  HD13  8.089  4.922  8.528  52.63
500  30  LEU  HD21  6.066  3.473  9.923  64.74
501  30  LEU  HD22  5.003  3.156  8.777  112.3
502  30  LEU  HD23  6.542  2.927  8.524  120.04
503  31  GLY  N  2.569  7.218  10.746  107.14
504  31  GLY  CA  1.522  8.221  10.868  177.65
505  31  GLY  C  1.039  8.739  9.513  2.08
506  31  GLY  O  0.466  9.824  9.44  2.44
507  31  GLY  H  2.336  6.396  10.848  7.66
508  31  GLY  HA2  0.769  7.829  11.338  4.03
509  31  GLY  HA3  1.86  8.971  11.382  3.81
510  32  LEU  N  1.263  7.962  8.447  118.55
511  32  LEU  CA  0.799  8.276  7.101  62.97
512  32  LEU  C  -0.668  7.884  6.923  176.63
513  32  LEU  O  -1.275  7.293  7.817  8.16
514  32  LEU  CB  1.72  7.633  6.054  31.75
515  32  LEU  CG  1.336  6.226  5.565  27.1
516  32  LEU  CD1  2.394  5.745  4.584  50.25
517  32  LEU  CD2  1.208  5.212  6.696  4.5
518  32  LEU  H  1.677  7.219  8.575  7.99
519  32  LEU  HA  0.869  9.234  6.965  4.9
520  32  LEU  HB2  1.692  8.212  5.276  2.03
521  32  LEU  HB3  2.631  7.627  6.387  2.29
522  32  LEU  HG  0.52  6.253  5.042  1.51
523  32  LEU  HD11  2.519  6.446  3.926  3.8
524  32  LEU  HD12  3.232  5.567  5.038  113.96
525  32  LEU  HD13  2.076  4.948  4.131  61.35
526  32  LEU  HD21  2.049  5.163  7.178  173.71
527  32  LEU  HD22  0.504  5.463  7.315  55.74
528  32  LEU  HD23  0.994  4.343  6.321  69.34
529  33  THR  N  -1.235  8.225  5.763  108.93
530  33  THR  CA  -2.642  8.009  5.468  21.38
531  33  THR  C  -2.75  7.04  4.286  8.21
532  33  THR  O  -1.774  6.365  3.965  4.29
533  33  THR  CB  -3.283  9.373  5.19  4.22
534  33  THR  OG1  -2.75  9.939  4.011  53.74
535  33  THR  CG2  -3.067  10.343  6.359  174.91
536  33  THR  H  -0.802  8.744  5.231  8.62
537  33  THR  HA  -3.127  7.696  6.247  4.44
538  33  THR  HB  -4.238  9.233  5.093  4
539  33  THR  HG1  -3.036  10.725  3.938  51.72
540  33  THR  HG21  -3.602  11.141  6.225  176.46
541  33  THR  HG22  -3.335  9.925  7.192  8.99
542  33  THR  HG23  -2.136  10.606  6.422  18.91
543  34  GLY  N  -3.902  6.989  3.606  103.56
544  34  GLY  CA  -4.035  6.276  2.344  4.34
545  34  GLY  C  -5.089  5.19  2.419  54.26
546  34  GLY  O  -6.001  5.257  3.24  123.35
547  34  GLY  H  -4.586  7.43  3.884  8.6
548  34  GLY  HA2  -4.27  6.869  1.613  5.18
549  34  GLY  HA3  -3.188  5.862  2.116  3.08
550  35  TYR  N  -4.94  4.184  1.555  118.5
551  35  TYR  CA  -5.764  2.984  1.617  7.94
552  35  TYR  C  -5.238  1.858  0.731  17.79
553  35  TYR  O  -4.506  2.105  -0.226  8.31
554  35  TYR  CB  -7.223  3.292  1.249  4.57
555  35  TYR  CG  -7.413  3.736  -0.19  2
556  35  TYR  CD1  -7.492  2.781  -1.221  64.26
557  35  TYR  CD2  -7.383  5.106  -0.511  7.64
558  35  TYR  CE1  -7.507  3.196  -2.563  176.25
559  35  TYR  CE2  -7.479  5.52  -1.851  62.73
560  35  TYR  CZ  -7.553  4.563  -2.877  176.13
561  35  TYR  OH  -7.673  4.953  -4.179  9
562  35  TYR  H  -4.25  4.206  1.042  8.27
563  35  TYR  HA  -5.714  2.669  2.533  4.7
564  35  TYR  HB2  -7.754  2.502  1.438  2.84
565  35  TYR  HB3  -7.571  3.992  1.823  2.5
566  35  TYR  HD1  -7.507  1.873  -1.019  6.53
567  35  TYR  HD2  -7.297  5.743  0.161  6.53
568  35  TYR  HE1  -7.496  2.57  -3.251  6.59
569  35  TYR  HE2  -7.485  6.427  -2.055  6.59
570  35  TYR  HH  -7.78  5.781  -4.27  3.68
571  36  ALA  N  -5.661  0.626  1.052  117.64
572  36  ALA  CA  -5.309  -0.587  0.329  115.56
573  36  ALA  C  -6.569  -1.238  -0.253  57.65
574  36  ALA  O  -7.251  -1.987  0.449  173.73
575  36  ALA  CB  -4.58  -1.529  1.29  52.32
576  36  ALA  H  -6.022  0.528  1.826  7.87
577  36  ALA  HA  -4.635  -0.411  -0.346  5.68
578  36  ALA  HB1  -3.759  -1.104  1.584  8.37
579  36  ALA  HB2  -5.134  -1.722  2.062  4.84
580  36  ALA  HB3  -4.358  -2.356  0.835  3.77
581  37  LYS  N  -6.879  -0.948  -1.525  122.88
582  37  LYS  CA  -8.005  -1.537  -2.251  173.68
583  37  LYS  C  -7.533  -2.681  -3.139  122.66
584  37  LYS  O  -6.335  -2.909  -3.27  58.82
585  37  LYS  CB  -8.757  -0.468  -3.063  174.3
586  37  LYS  CG  -9.99  0.029  -2.296  172.28
587  37  LYS  CD  -10.641  1.251  -2.953  40.1
588  37  LYS  CE  -11.997  1.574  -2.309  27
589  37  LYS  NZ  -13.053  0.631  -2.723  17.16
590  37  LYS  H  -6.367  -0.409  -1.957  9.65
591  37  LYS  HA  -8.631  -1.913  -1.613  5.19
592  37  LYS  HB2  -8.153  0.262  -3.273  1.82
593  37  LYS  HB3  -9.071  -0.837  -3.903  1.62
594  37  LYS  HG2  -10.64  -0.691  -2.292  1.41
595  37  LYS  HG3  -9.745  0.248  -1.384  1.19
596  37  LYS  HD2  -10.055  2.015  -2.833  178.67
597  37  LYS  HD3  -10.757  1.097  -3.904  45.6
598  37  LYS  HE2  -11.913  1.56  -1.343  43.1
599  37  LYS  HE3  -12.266  2.465  -2.583  177.68
600  37  LYS  HZ1  -13.124  0.618  -3.61  175.66
601  37  LYS  HZ2  -12.851  -0.186  -2.435  8.23
602  37  LYS  HZ3  -13.831  0.88  -2.37  126.76
603  38  ASN  N  -8.489  -3.421  -3.717  124.8
604  38  ASN  CA  -8.226  -4.583  -4.555  175.61
605  38  ASN  C  -8.954  -4.43  -5.891  2.54
606  38  ASN  O  -10.134  -4.086  -5.912  40.06
607  38  ASN  CB  -8.628  -5.89  -3.852  2.62
608  38  ASN  CG  -8.058  -6.123  -2.455  118.94
609  38  ASN  OD1  -7.365  -5.297  -1.868  57.06
610  38  ASN  ND2  -8.363  -7.294  -1.904  110.51
611  38  ASN  H  -9.31  -3.212  -3.571  8.66
612  38  ASN  HA  -7.276  -4.656  -4.739  5.03
613  38  ASN  HB2  -9.594  -5.949  -3.791  2.96
614  38  ASN  HB3  -8.318  -6.633  -4.393  2.73
615  38  ASN  HD21  -8.817  -7.876  -2.345  7.94
616  38  ASN  HD22  -8.042  -7.484  -1.129  7.68
617  39  LEU  N  -8.244  -4.694  -6.995  121.52
618  39  LEU  CA  -8.771  -4.685  -8.354  32.32
619  39  LEU  C  -9.697  -5.878  -8.594  21.55
620  39  LEU  O  -9.823  -6.771  -7.757  21.25
621  39  LEU  CB  -7.608  -4.703  -9.368  8.12
622  39  LEU  CG  -7.014  -3.316  -9.663  3.57
623  39  LEU  CD1  -5.807  -3.444  -10.601  1.91
624  39  LEU  CD2  -8.061  -2.407  -10.322  4.63
625  39  LEU  H  -7.431  -4.955  -6.894  8.31
626  39  LEU  HA  -9.308  -3.886  -8.475  4.84
627  39  LEU  HB2  -6.915  -5.293  -9.032  2.08
628  39  LEU  HB3  -7.904  -5.069  -10.216  1.51
629  39  LEU  HG  -6.702  -2.911  -8.839  1.64
630  39  LEU  HD11  -5.098  -3.937  -10.159  121.36
631  39  LEU  HD12  -6.061  -3.904  -11.416  56.47
632  39  LEU  HD13  -5.465  -2.564  -10.825  174.88
633  39  LEU  HD21  -8.596  -2.914  -10.953  115.34
634  39  LEU  HD22  -8.64  -2.021  -9.646  15.55
635  39  LEU  HD23  -7.628  -1.681  -10.798  9.42
636  40  ASP  N  -10.335  -5.882  -9.768  119.54
637  40  ASP  CA  -11.252  -6.92  -10.217  30.61
638  40  ASP  C  -10.551  -7.952  -11.112  128.37
639  40  ASP  O  -11.228  -8.749  -11.76  45.27
640  40  ASP  CB  -12.425  -6.244  -10.943  172.88
641  40  ASP  CG  -13.217  -5.348  -9.996  65.51
642  40  ASP  OD1  -14.083  -5.899  -9.282  179.25
643  40  ASP  OD2  -12.934  -4.13  -9.991  58.76
644  40  ASP  H  -10.193  -5.225  -10.304  8.67
645  40  ASP  HA  -11.612  -7.398  -9.453  4.46
646  40  ASP  HB2  -12.088  -5.715  -11.683  49.81
647  40  ASP  HB3  -13.026  -6.917  -11.299  4.43
648  41  ASP  N  -9.207  -7.949  -11.143  115.78
649  41  ASP  CA  -8.394  -8.824  -11.984  2.38
650  41  ASP  C  -7.432  -9.696  -11.166  1.99
651  41  ASP  O  -6.68  -10.479  -11.745  2.07
652  41  ASP  CB  -7.629  -7.955  -12.991  3.5
653  41  ASP  CG  -7.22  -8.731  -14.241  3.6
654  41  ASP  OD1  -8.139  -9.196  -14.949  116.16
655  41  ASP  OD2  -5.996  -8.833  -14.477  64.98
656  41  ASP  H  -8.787  -7.365  -10.672  7.6
657  41  ASP  HA  -8.972  -9.426  -12.478  4.57
658  41  ASP  HB2  -8.207  -7.226  -13.266  3.17
659  41  ASP  HB3  -6.844  -7.575  -12.566  2.62
660  42  GLY  N  -7.454  -9.571  -9.829  106.52
661  42  GLY  CA  -6.665  -10.366  -8.9  4.73
662  42  GLY  C  -5.568  -9.584  -8.17  6.71
663  42  GLY  O  -4.793  -10.174  -7.422  3.58
664  42  GLY  H  -8.007  -9.014  -9.478  7.82
665  42  GLY  HA2  -7.26  -10.78  -8.255  4.45
666  42  GLY  HA3  -6.227  -11.069  -9.405  3.54
667  43  SER  N  -5.49  -8.27  -8.399  117.61
668  43  SER  CA  -4.401  -7.389  -7.981  39.33
669  43  SER  C  -4.824  -6.45  -6.838  125.57
670  43  SER  O  -6.013  -6.34  -6.549  62.07
671  43  SER  CB  -3.922  -6.608  -9.216  178.73
672  43  SER  OG  -4.9  -6.564  -10.239  7.5
673  43  SER  H  -6.061  -7.937  -8.949  8.02
674  43  SER  HA  -3.655  -7.919  -7.658  4.69
675  43  SER  HB2  -3.665  -5.705  -8.973  178.18
676  43  SER  HB3  -3.151  -7.059  -9.593  29.14
677  43  SER  HG  -4.944  -7.32  -10.602  38.41
678  44  VAL  N  -3.848  -5.813  -6.161  118.94
679  44  VAL  CA  -4.068  -4.977  -4.974  24.15
680  44  VAL  C  -3.446  -3.582  -5.137  22.94
681  44  VAL  O  -2.249  -3.479  -5.381  7.26
682  44  VAL  CB  -3.533  -5.714  -3.729  3.65
683  44  VAL  CG1  -3.599  -4.851  -2.461  -0.6
684  44  VAL  CG2  -4.39  -6.963  -3.472  0.34
685  44  VAL  H  -3.058  -6.136  -6.266  8.24
686  44  VAL  HA  -5.015  -4.918  -4.772  4.84
687  44  VAL  HB  -2.612  -5.978  -3.879  1.41
688  44  VAL  HG11  -4.518  -4.605  -2.27  31.1
689  44  VAL  HG12  -3.252  -5.354  -1.708  29.37
690  44  VAL  HG13  -3.066  -4.046  -2.557  7.62
691  44  VAL  HG21  -4.341  -7.575  -4.223  4.57
692  44  VAL  HG22  -4.088  -7.419  -2.671  118.66
693  44  VAL  HG23  -5.317  -6.707  -3.343  57.51
694  45  GLU  N  -4.243  -2.515  -4.977  127.52
695  45  GLU  CA  -3.83  -1.119  -5.12  1.9
696  45  GLU  C  -3.577  -0.461  -3.761  38.95
697  45  GLU  O  -4.515  -0.302  -2.981  58.64
698  45  GLU  CB  -4.922  -0.308  -5.828  177.19
699  45  GLU  CG  -5.574  -1.033  -7.003  56.85
700  45  GLU  CD  -6.282  -0.029  -7.912  9.37
701  45  GLU  OE1  -6.954  0.868  -7.358  4.78
702  45  GLU  OE2  -6.122  -0.157  -9.145  2.75
703  45  GLU  H  -5.078  -2.651  -4.825  9.23
704  45  GLU  HA  -3.043  -1.07  -5.685  4.98
705  45  GLU  HB2  -5.632  -0.076  -5.209  59.44
706  45  GLU  HB3  -4.514  0.514  -6.141  178.31
707  45  GLU  HG2  -4.9  -1.526  -7.496  8
708  45  GLU  HG3  -6.223  -1.669  -6.663  31.97
709  46  VAL  N  -2.335  -0.044  -3.489  127.2
710  46  VAL  CA  -1.95  0.568  -2.22  29.2
711  46  VAL  C  -1.568  2.033  -2.446  41.78
712  46  VAL  O  -0.808  2.318  -3.366  4.84
713  46  VAL  CB  -0.779  -0.229  -1.629  7.76
714  46  VAL  CG1  -0.354  0.329  -0.267  4.1
715  46  VAL  CG2  -1.164  -1.707  -1.455  2
716  46  VAL  H  -1.704  -0.296  -4.016  9.41
717  46  VAL  HA  -2.662  0.481  -1.567  4.85
718  46  VAL  HB  -0.024  -0.166  -2.235  1.74
719  46  VAL  HG11  -1.105  0.32  0.347  1.69
720  46  VAL  HG12  0.357  -0.222  0.096  1.74
721  46  VAL  HG13  -0.018  1.234  -0.36  2.95
722  46  VAL  HG21  -1.339  -2.12  -2.315  3
723  46  VAL  HG22  -0.437  -2.189  -1.031  31.13
724  46  VAL  HG23  -1.955  -1.779  -0.898  33.78
725  47  VAL  N  -2.077  2.956  -1.617  125.65
726  47  VAL  CA  -1.818  4.398  -1.741  122.86
727  47  VAL  C  -1.342  4.968  -0.398  54.67
728  47  VAL  O  -1.808  4.498  0.637  180.39
729  47  VAL  CB  -3.095  5.144  -2.169  119.57
730  47  VAL  CG1  -2.758  6.522  -2.748  16.85
731  47  VAL  CG2  -3.937  4.371  -3.194  7.49
732  47  VAL  H  -2.649  2.69  -1.032  8.18
733  47  VAL  HA  -1.154  4.549  -2.432  4.47
734  47  VAL  HB  -3.63  5.3  -1.375  0.57
735  47  VAL  HG11  -2.259  6.428  -3.574  25.72
736  47  VAL  HG12  -3.586  6.996  -2.924  116.76
737  47  VAL  HG13  -2.24  7.046  -2.117  67.22
738  47  VAL  HG21  -4.343  3.593  -2.78  178.34
739  47  VAL  HG22  -4.647  4.94  -3.53  9.07
740  47  VAL  HG23  -3.381  4.088  -3.937  31.89
741  48  ALA  N  -0.431  5.959  -0.411  125.35
742  48  ALA  CA  0.166  6.479  0.823  26.57
743  48  ALA  C  0.72  7.891  0.634  8.3
744  48  ALA  O  1.393  8.123  -0.366  3.62
745  48  ALA  CB  1.338  5.563  1.179  2.51
746  48  ALA  H  0.082  5.92  -1.1  8.34
747  48  ALA  HA  -0.388  6.346  1.608  5.54
748  48  ALA  HB1  1.015  4.777  1.646  119.73
749  48  ALA  HB2  1.825  5.299  0.383  8.42
750  48  ALA  HB3  1.946  6.045  1.761  8.16
751  49  CYS  N  0.491  8.795  1.6  5.26
752  49  CYS  CA  0.983  10.176  1.608  120.36
753  49  CYS  C  2.156  10.371  2.567  59.02
754  49  CYS  O  2.57  9.441  3.251  178.76
755  49  CYS  CB  -0.185  11.098  1.971  180.08
756  49  CYS  SG  -1.414  11.282  0.655  31.93
757  49  CYS  H  -0.069  8.586  2.218  24.72
758  49  CYS  HA  1.286  10.474  0.736  29.03
759  49  CYS  HB2  -0.614  10.758  2.772  41.75
760  49  CYS  HB3  0.137  11.992  2.165  7.73
761  50  GLY  N  2.684  11.6  2.608  107.15
762  50  GLY  CA  3.786  11.997  3.469  4.12
763  50  GLY  C  5.093  12.014  2.686  1.99
764  50  GLY  O  5.083  12.132  1.464  1.99
765  50  GLY  H  2.376  12.192  2.066  8.92
766  50  GLY  HA2  3.622  12.893  3.801  4.31
767  50  GLY  HA3  3.86  11.4  4.23  3.93
768  51  GLU  N  6.217  11.912  3.404  121.48
769  51  GLU  CA  7.551  11.897  2.823  3
770  51  GLU  C  7.85  10.506  2.279  3
771  51  GLU  O  7.707  9.529  3.009  38.35
772  51  GLU  CB  8.579  12.254  3.897  120.3
773  51  GLU  CG  8.41  13.695  4.381  57.46
774  51  GLU  CD  9.43  14.01  5.468  119.46
775  51  GLU  OE1  9.252  13.469  6.581  53.89
776  51  GLU  OE2  10.373  14.77  5.163  179.06
777  51  GLU  H  6.158  11.829  4.258  8.53
778  51  GLU  HA  7.606  12.552  2.109  4.36
779  51  GLU  HB2  8.485  11.651  4.651  7.92
780  51  GLU  HB3  9.471  12.151  3.531  4.21
781  51  GLU  HG2  8.532  14.3  3.633  176.95
782  51  GLU  HG3  7.521  13.825  4.746  3.88
783  52  GLU  N  8.285  10.422  1.017  124.94
784  52  GLU  CA  8.567  9.168  0.328  116.06
785  52  GLU  C  9.36  8.202  1.21  56.56
786  52  GLU  O  8.967  7.051  1.366  177.94
787  52  GLU  CB  9.308  9.443  -0.991  7.87
788  52  GLU  CG  8.628  8.702  -2.149  32.78
789  52  GLU  CD  9.308  8.936  -3.498  25.03
790  52  GLU  OE1  10.455  9.433  -3.495  28.8
791  52  GLU  OE2  8.658  8.61  -4.514  112.82
792  52  GLU  H  8.361  11.148  0.563  9.07
793  52  GLU  HA  7.707  8.761  0.14  3.73
794  52  GLU  HB2  9.311  10.394  -1.18  2.14
795  52  GLU  HB3  10.231  9.153  -0.923  2.06
796  52  GLU  HG2  8.63  7.75  -1.965  2.11
797  52  GLU  HG3  7.71  9.008  -2.219  1.64
798  53  GLY  N  10.445  8.698  1.815  104.6
799  53  GLY  CA  11.292  7.974  2.74  1.67
800  53  GLY  C  10.503  7.269  3.847  1.67
801  53  GLY  O  10.649  6.062  4.032  2.97
802  53  GLY  H  10.686  9.501  1.623  8.94
803  53  GLY  HA2  11.803  7.342  2.21  3.97
804  53  GLY  HA3  11.908  8.601  3.151  3.86
805  54  GLN  N  9.668  8.029  4.567  118.86
806  54  GLN  CA  8.817  7.552  5.651  105.76
807  54  GLN  C  7.859  6.481  5.143  46.16
808  54  GLN  O  7.738  5.421  5.75  173.33
809  54  GLN  CB  8.015  8.726  6.236  2.07
810  54  GLN  CG  8.799  9.505  7.299  8.04
811  54  GLN  CD  8.723  8.831  8.668  3.95
812  54  GLN  OE1  9.689  8.218  9.117  3.98
813  54  GLN  NE2  7.568  8.935  9.332  112.49
814  54  GLN  H  9.55  8.843  4.317  7.39
815  54  GLN  HA  9.368  7.16  6.346  4.26
816  54  GLN  HB2  7.77  9.341  5.527  2.33
817  54  GLN  HB3  7.186  8.389  6.61  2.15
818  54  GLN  HG2  9.725  9.593  7.024  33.35
819  54  GLN  HG3  8.421  10.395  7.379  8.35
820  54  GLN  HE21  6.901  9.352  8.984  7.77
821  54  GLN  HE22  7.484  8.562  10.102  6.93
822  55  VAL  N  7.198  6.752  4.017  120.28
823  55  VAL  CA  6.33  5.781  3.369  4.58
824  55  VAL  C  7.095  4.49  3.057  1.66
825  55  VAL  O  6.569  3.398  3.267  1.97
826  55  VAL  CB  5.687  6.384  2.11  2.13
827  55  VAL  CG1  4.727  5.371  1.479  2.13
828  55  VAL  CG2  4.926  7.675  2.431  123.36
829  55  VAL  H  7.44  7.45  3.577  8.07
830  55  VAL  HA  5.652  5.52  4.012  3.3
831  55  VAL  HB  6.372  6.597  1.457  1.99
832  55  VAL  HG11  4.103  5.045  2.146  32.27
833  55  VAL  HG12  4.241  5.784  0.748  24.36
834  55  VAL  HG13  5.226  4.621  1.119  28.51
835  55  VAL  HG21  5.541  8.4  2.623  41.75
836  55  VAL  HG22  4.375  7.941  1.679  8.34
837  55  VAL  HG23  4.374  7.541  3.217  8.7
838  56  GLU  N  8.34  4.605  2.581  117.12
839  56  GLU  CA  9.131  3.47  2.139  1.77
840  56  GLU  C  9.447  2.494  3.277  1.82
841  56  GLU  O  9.616  1.302  3.022  1.3
842  56  GLU  CB  10.395  3.944  1.41  1.44
843  56  GLU  CG  10.682  3.048  0.201  1.68
844  56  GLU  CD  11.879  3.549  -0.598  1.68
845  56  GLU  OE1  12.949  3.722  0.026  2.97
846  56  GLU  OE2  11.704  3.743  -1.821  3.15
847  56  GLU  H  8.706  5.383  2.558  8.13
848  56  GLU  HA  8.573  2.986  1.51  3.97
849  56  GLU  HB2  10.276  4.846  1.075  2.1
850  56  GLU  HB3  11.148  3.94  2.021  2.04
851  56  GLU  HG2  10.855  2.14  0.496  2.41
852  56  GLU  HG3  9.905  3.048  -0.38  2.33
853  57  LYS  N  9.492  2.984  4.525  118.22
854  57  LYS  CA  9.743  2.166  5.705  44.91
855  57  LYS  C  8.747  1.004  5.791  26.31
856  57  LYS  O  9.165  -0.136  5.986  23.16
857  57  LYS  CB  9.659  3.012  6.98  25.18
858  57  LYS  CG  10.506  4.294  6.978  7.46
859  57  LYS  CD  12.017  4.09  6.855  4.58
860  57  LYS  CE  12.564  3.286  8.039  1.24
861  57  LYS  NZ  14.004  3.524  8.231  2.02
862  57  LYS  H  9.344  3.823  4.643  7.32
863  57  LYS  HA  10.639  1.801  5.639  4.04
864  57  LYS  HB2  8.728  3.265  7.083  2.08
865  57  LYS  HB3  9.905  2.465  7.742  1.84
866  57  LYS  HG2  10.224  4.866  6.247  174.74
867  57  LYS  HG3  10.341  4.779  7.802  119.93
868  57  LYS  HD2  12.234  3.653  6.017  57.88
869  57  LYS  HD3  12.421  4.972  6.852  128
870  57  LYS  HE2  12.107  3.551  8.853  53.98
871  57  LYS  HE3  12.409  2.341  7.886  175.95
872  57  LYS  HZ1  14.446  3.257  7.506  8
873  57  LYS  HZ2  14.148  4.393  8.356  28.31
874  57  LYS  HZ3  14.296  3.07  8.939  35.62
875  58  LEU  N  7.441  1.276  5.643  121.58
876  58  LEU  CA  6.433  0.22  5.663  3.04
877  58  LEU  C  6.402  -0.548  4.346  7.08
878  58  LEU  O  6.073  -1.732  4.341  10.93
879  58  LEU  CB  5.044  0.748  6.055  4.62
880  58  LEU  CG  4.199  1.366  4.928  1.83
881  58  LEU  CD1  3.239  0.343  4.298  1.97
882  58  LEU  CD2  3.355  2.499  5.504  2.11
883  58  LEU  H  7.189  2.084  5.492  7.54
884  58  LEU  HA  6.676  -0.405  6.364  4.01
885  58  LEU  HB2  4.546  -0.013  6.393  58.87
886  58  LEU  HB3  5.153  1.383  6.78  176.65
887  58  LEU  HG  4.771  1.742  4.241  1.63
888  58  LEU  HD11  3.718  -0.425  3.948  28.65
889  58  LEU  HD12  2.6  0.036  4.96  1.84
890  58  LEU  HD13  2.753  0.757  3.567  126.76
891  58  LEU  HD21  2.83  2.175  6.252  1.84
892  58  LEU  HD22  3.932  3.221  5.799  131.9
893  58  LEU  HD23  2.758  2.824  4.812  8.19
894  59  MET  N  6.736  0.115  3.229  117.01
895  59  MET  CA  6.723  -0.523  1.921  114.99
896  59  MET  C  7.784  -1.614  1.818  121.3
897  59  MET  O  7.623  -2.516  1  122.22
898  59  MET  CB  6.836  0.485  0.774  7.27
899  59  MET  CG  5.758  1.576  0.839  4.44
900  59  MET  SD  4.555  1.593  -0.518  2.61
901  59  MET  CE  5.46  2.604  -1.719  3.51
902  59  MET  H  7.03  0.921  3.29  8.18
903  59  MET  HA  5.878  -0.993  1.842  4.38
904  59  MET  HB2  7.72  0.883  0.803  2.25
905  59  MET  HB3  6.752  0.009  -0.067  1.9
906  59  MET  HG2  5.246  1.496  1.659  2.74
907  59  MET  HG3  6.205  2.437  0.846  2.42
908  59  MET  HE1  5.612  3.489  -1.351  119.16
909  59  MET  HE2  6.311  2.188  -1.927  59.03
910  59  MET  HE3  4.933  2.686  -2.529  175.83
911  60  GLN  N  8.827  -1.58  2.659  118.16
912  60  GLN  CA  9.752  -2.698  2.794  29.74
913  60  GLN  C  8.973  -4.017  2.87  2.19
914  60  GLN  O  9.293  -4.945  2.119  1.66
915  60  GLN  CB  10.672  -2.494  4.006  117.3
916  60  GLN  CG  11.593  -1.276  3.795  119.51
917  60  GLN  CD  13.007  -1.493  4.334  57.17
918  60  GLN  OE1  13.645  -2.497  4.025  177.5
919  60  GLN  NE2  13.52  -0.544  5.119  111.74
920  60  GLN  H  9.002  -0.854  3.085  8.47
921  60  GLN  HA  10.338  -2.707  2.021  4
922  60  GLN  HB2  10.152  -2.377  4.817  1.42
923  60  GLN  HB3  11.208  -3.297  4.104  53.74
924  60  GLN  HG2  11.683  -1.081  2.849  2.52
925  60  GLN  HG3  11.195  -0.5  4.22  2.44
926  60  GLN  HE21  13.059  0.157  5.308  7.49
927  60  GLN  HE22  14.321  -0.634  5.418  6.75
928  61  TRP  N  7.91  -4.077  3.688  122.53
929  61  TRP  CA  7.17  -5.322  3.826  176.76
930  61  TRP  C  6.428  -5.692  2.535  8.81
931  61  TRP  O  6.43  -6.859  2.158  39.04
932  61  TRP  CB  6.209  -5.153  5.029  2.91
933  61  TRP  CG  4.992  -6.011  4.988  60.03
934  61  TRP  CD1  4.924  -7.345  5.191  173.24
935  61  TRP  CD2  3.659  -5.586  4.626  63.17
936  61  TRP  NE1  3.633  -7.778  4.966  130.48
937  61  TRP  CE2  2.814  -6.726  4.601  1.98
938  61  TRP  CE3  3.098  -4.338  4.296  21.24
939  61  TRP  CZ2  1.461  -6.633  4.264  6.92
940  61  TRP  CZ3  1.731  -4.228  3.983  4.05
941  61  TRP  CH2  0.914  -5.373  3.965  4.19
942  61  TRP  H  7.934  -3.556  4.372  8.02
943  61  TRP  HA  7.733  -6.007  4.219  4.14
944  61  TRP  HB2  6.685  -5.33  5.855  3.71
945  61  TRP  HB3  5.9  -4.235  5.076  3.27
946  61  TRP  HD1  5.641  -7.892  5.419  7.21
947  61  TRP  HE1  3.356  -8.59  5.032  9.85
948  61  TRP  HE3  3.666  -3.602  4.284  7.37
949  61  TRP  HZ2  0.95  -7.41  4.234  7.01
950  61  TRP  HZ3  1.369  -3.398  3.77  6.92
951  61  TRP  HH2  0.016  -5.295  3.737  6.53
952  62  LEU  N  5.813  -4.711  1.848  119.09
953  62  LEU  CA  5.149  -4.921  0.556  4.92
954  62  LEU  C  6.111  -5.565  -0.446  3.69
955  62  LEU  O  5.792  -6.609  -1.014  3.93
956  62  LEU  CB  4.571  -3.602  -0.002  178
957  62  LEU  CG  3.199  -3.266  0.607  129.06
958  62  LEU  CD1  2.958  -1.755  0.699  59.5
959  62  LEU  CD2  2.069  -3.874  -0.234  174.8
960  62  LEU  H  5.854  -3.906  2.148  8.72
961  62  LEU  HA  4.421  -5.548  0.688  3.52
962  62  LEU  HB2  5.193  -2.877  0.168  29.25
963  62  LEU  HB3  4.463  -3.674  -0.963  20.08
964  62  LEU  HG  3.16  -3.627  1.506  1.05
965  62  LEU  HD11  3.62  -1.339  1.273  9.48
966  62  LEU  HD12  2.995  -1.349  -0.181  4.47
967  62  LEU  HD13  2.085  -1.598  1.091  1.95
968  62  LEU  HD21  1.969  -3.377  -1.061  1.74
969  62  LEU  HD22  2.265  -4.799  -0.452  1.74
970  62  LEU  HD23  1.237  -3.831  0.262  125.05
971  63  LYS  N  7.293  -4.967  -0.639  114.6
972  63  LYS  CA  8.314  -5.492  -1.539  176.84
973  63  LYS  C  9.062  -6.71  -0.963  120.02
974  63  LYS  O  9.891  -7.281  -1.667  57.26
975  63  LYS  CB  9.283  -4.369  -1.956  177.75
976  63  LYS  CG  8.643  -3.354  -2.927  124.36
977  63  LYS  CD  8.333  -1.997  -2.28  66.66
978  63  LYS  CE  9.597  -1.18  -1.963  176.69
979  63  LYS  NZ  9.859  -0.146  -2.983  1.64
980  63  LYS  H  7.472  -4.25  -0.199  8.12
981  63  LYS  HA  7.879  -5.811  -2.345  3.87
982  63  LYS  HB2  9.627  -3.928  -1.164  1.89
983  63  LYS  HB3  10.031  -4.773  -2.423  1.8
984  63  LYS  HG2  9.242  -3.209  -3.676  3.51
985  63  LYS  HG3  7.816  -3.72  -3.277  1.86
986  63  LYS  HD2  7.756  -1.489  -2.871  7.71
987  63  LYS  HD3  7.835  -2.161  -1.464  121.1
988  63  LYS  HE2  9.48  -0.733  -1.11  115.51
989  63  LYS  HE3  10.372  -1.761  -1.902  59.47
990  63  LYS  HZ1  10.003  -0.533  -3.771  179.19
991  63  LYS  HZ2  9.154  0.392  -3.054  18.92
992  63  LYS  HZ3  10.574  0.333  -2.756  119.86
993  64  SER  N  8.766  -7.137  0.275  112.21
994  64  SER  CA  9.334  -8.341  0.877  177.77
995  64  SER  C  8.409  -9.544  0.667  117.43
996  64  SER  O  8.895  -10.671  0.584  38.8
997  64  SER  CB  9.619  -8.099  2.366  176.09
998  64  SER  OG  10.134  -9.259  2.986  4.04
999  64  SER  H  8.174  -6.72  0.738  7.72
1000  64  SER  HA  10.187  -8.547  0.463  4.44
1001  64  SER  HB2  10.278  -7.393  2.453  3.97
1002  64  SER  HB3  8.807  -7.837  2.828  3.92
1003  64  SER  HG  9.551  -9.864  2.961  2.48
1004  65  GLY  N  7.09  -9.323  0.592  108.4
1005  65  GLY  CA  6.126  -10.399  0.413  59.51
1006  65  GLY  C  6.021  -11.235  1.686  176.54
1007  65  GLY  O  6.335  -12.423  1.673  58.07
1008  65  GLY  H  6.787  -8.521  0.665  7.71
1009  65  GLY  HA2  5.257  -10.02  0.208  4.17
1010  65  GLY  HA3  6.397  -10.963  -0.328  3.37
1011  66  GLY  N  5.576  -10.595  2.776  106.44
1012  66  GLY  CA  5.384  -11.212  4.084  8
1013  66  GLY  C  4.661  -12.562  4.014  3.97
1014  66  GLY  O  5.263  -13.583  4.342  2.15
1015  66  GLY  H  5.406  -9.755  2.704  7.35
1016  66  GLY  HA2  6.256  -11.343  4.488  2.69
1017  66  GLY  HA3  4.88  -10.606  4.649  1.45
1018  67  PRO  N  3.384  -12.596  3.597  46.11
1019  67  PRO  CA  2.63  -13.833  3.471  175.15
1020  67  PRO  C  3.11  -14.628  2.251  4.19
1021  67  PRO  O  2.772  -14.292  1.12  2.42
1022  67  PRO  CB  1.164  -13.405  3.356  2.14
1023  67  PRO  CG  1.246  -12.018  2.722  116.26
1024  67  PRO  CD  2.545  -11.446  3.291  60.7
1025  67  PRO  HA  2.729  -14.374  4.27  4.08
1026  67  PRO  HB2  0.63  -14.021  2.831  55.43
1027  67  PRO  HB3  0.787  -13.321  4.246  34.22
1028  67  PRO  HG2  1.327  -12.111  1.76  62.92
1029  67  PRO  HG3  0.477  -11.469  2.94  177.71
1030  67  PRO  HD2  2.95  -10.852  2.64  16.82
1031  67  PRO  HD3  2.356  -10.962  4.11  7.92
1032  68  ARG  N  3.876  -15.699  2.492  120.56
1033  68  ARG  CA  4.376  -16.629  1.478  1.72
1034  68  ARG  C  3.268  -17.24  0.608  3.1
1035  68  ARG  O  3.537  -17.65  -0.521  2.03
1036  68  ARG  CB  5.207  -17.737  2.145  2.14
1037  68  ARG  CG  4.43  -18.485  3.239  178.95
1038  68  ARG  CD  5.233  -19.665  3.8  70.59
1039  68  ARG  NE  4.974  -20.913  3.066  85.03
1040  68  ARG  CZ  5.416  -22.118  3.466  117.66
1041  68  ARG  NH1  6.258  -22.222  4.504  59.95
1042  68  ARG  NH2  5.008  -23.227  2.833  180.74
1043  68  ARG  H  4.112  -15.843  3.306  8.4
1044  68  ARG  HA  4.966  -16.134  0.889  4.08
1045  68  ARG  HB2  5.498  -18.364  1.465  26.21
1046  68  ARG  HB3  5.994  -17.333  2.543  18.83
1047  68  ARG  HG2  4.257  -17.874  3.973  41.65
1048  68  ARG  HG3  3.58  -18.809  2.903  4.06
1049  68  ARG  HD2  6.18  -19.455  3.785  8.72
1050  68  ARG  HD3  4.956  -19.795  4.721  4.1
1051  68  ARG  HE  4.454  -20.866  2.383  7.13
1052  68  ARG  HH11  6.528  -21.513  4.908  1.85
1053  68  ARG  HH12  6.538  -22.992  4.766  1.43
1054  68  ARG  HH21  4.455  -23.175  2.176  1.84
1055  68  ARG  HH22  5.282  -23.999  3.095  1.61
1056  69  SER  N  2.035  -17.308  1.127  109.48
1057  69  SER  CA  0.868  -17.754  0.376  2.84
1058  69  SER  C  0.62  -16.863  -0.844  2.97
1059  69  SER  O  0.152  -17.35  -1.872  3.94
1060  69  SER  CB  -0.367  -17.823  1.285  4.44
1061  69  SER  OG  -0.798  -19.159  1.442  30.31
1062  69  SER  H  1.91  -17.019  1.927  7.84
1063  69  SER  HA  1.048  -18.651  0.054  4.28
1064  69  SER  HB2  -0.16  -17.464  2.162  4.04
1065  69  SER  HB3  -1.098  -17.315  0.899  3.89
1066  69  SER  HG  -1.117  -19.426  0.712  16.75
1067  70  ALA  N  0.951  -15.57  -0.737  122.71
1068  70  ALA  CA  0.866  -14.64  -1.849  3.64
1069  70  ALA  C  1.881  -14.999  -2.934  38.67
1070  70  ALA  O  2.904  -15.625  -2.66  29.23
1071  70  ALA  CB  1.091  -13.203  -1.37  8.41
1072  70  ALA  H  1.301  -15.288  -0.004  7.68
1073  70  ALA  HA  -0.033  -14.713  -2.207  4.68
1074  70  ALA  HB1  0.477  -12.991  -0.65  174.9
1075  70  ALA  HB2  2.003  -13.093  -1.059  1.85
1076  70  ALA  HB3  0.942  -12.585  -2.102  41.41
1077  71  ARG  N  1.59  -14.581  -4.169  119.48
1078  71  ARG  CA  2.459  -14.767  -5.317  20.42
1079  71  ARG  C  2.654  -13.406  -5.982  7.58
1080  71  ARG  O  1.958  -13.081  -6.939  6.95
1081  71  ARG  CB  1.829  -15.807  -6.259  4.26
1082  71  ARG  CG  2.875  -16.459  -7.176  1.52
1083  71  ARG  CD  3.116  -17.92  -6.78  1.52
1084  71  ARG  NE  3.488  -18.053  -5.362  85.15
1085  71  ARG  CZ  3.477  -19.207  -4.675  59.03
1086  71  ARG  NH1  3.224  -20.367  -5.299  178.93
1087  71  ARG  NH2  3.715  -19.199  -3.356  4.66
1088  71  ARG  H  0.848  -14.166  -4.298  8.02
1089  71  ARG  HA  3.327  -15.091  -5.031  4.61
1090  71  ARG  HB2  1.39  -16.489  -5.726  1.83
1091  71  ARG  HB3  1.141  -15.393  -6.803  1.71
1092  71  ARG  HG2  2.546  -16.443  -8.088  55.82
1093  71  ARG  HG3  3.711  -15.968  -7.15  174.02
1094  71  ARG  HD2  2.297  -18.412  -6.948  2.12
1095  71  ARG  HD3  3.821  -18.286  -7.337  38.79
1096  71  ARG  HE  3.677  -17.328  -4.94  7.3
1097  71  ARG  HH11  3.075  -20.376  -6.146  23.55
1098  71  ARG  HH12  3.21  -21.107  -4.861  26.74
1099  71  ARG  HH21  3.844  -18.458  -2.94  8.13
1100  71  ARG  HH22  3.716  -19.936  -2.912  4.21
1101  72  VAL  N  3.589  -12.604  -5.457  127.05
1102  72  VAL  CA  3.898  -11.28  -5.981  2.96
1103  72  VAL  C  4.598  -11.442  -7.333  118.96
1104  72  VAL  O  5.81  -11.649  -7.389  59.44
1105  72  VAL  CB  4.757  -10.495  -4.969  175.08
1106  72  VAL  CG1  5.117  -9.104  -5.512  8.35
1107  72  VAL  CG2  4.014  -10.319  -3.637  39.64
1108  72  VAL  H  4.046  -12.884  -4.785  8.87
1109  72  VAL  HA  3.071  -10.789  -6.108  3.71
1110  72  VAL  HB  5.577  -10.984  -4.798  1.85
1111  72  VAL  HG11  4.309  -8.603  -5.707  8.1
1112  72  VAL  HG12  5.635  -8.621  -4.849  4.1
1113  72  VAL  HG13  5.649  -9.173  -6.32  1.44
1114  72  VAL  HG21  3.801  -11.18  -3.245  0.83
1115  72  VAL  HG22  4.575  -9.83  -3.014  0.95
1116  72  VAL  HG23  3.193  -9.823  -3.778  175.99
1117  73  GLU  N  3.821  -11.367  -8.418  127.42
1118  73  GLU  CA  4.306  -11.546  -9.778  8.21
1119  73  GLU  C  5.04  -10.295  -10.273  33.78
1120  73  GLU  O  6.135  -10.4  -10.819  7.17
1121  73  GLU  CB  3.138  -11.939  -10.696  2.53
1122  73  GLU  CG  3.523  -13.058  -11.67  126.96
1123  73  GLU  CD  2.363  -13.423  -12.596  55.77
1124  73  GLU  OE1  1.223  -13.499  -12.086  173.26
1125  73  GLU  OE2  2.638  -13.619  -13.799  175.63
1126  73  GLU  H  2.978  -11.241  -8.305  9.6
1127  73  GLU  HA  4.935  -12.284  -9.767  4.38
1128  73  GLU  HB2  2.419  -12.298  -10.153  1.99
1129  73  GLU  HB3  2.802  -11.169  -11.181  1.79
1130  73  GLU  HG2  4.278  -12.766  -12.205  8.21
1131  73  GLU  HG3  3.778  -13.85  -11.172  4.15
1132  74  ARG  N  4.429  -9.118  -10.082  115.39
1133  74  ARG  CA  4.944  -7.826  -10.529  2.73
1134  74  ARG  C  4.335  -6.711  -9.676  116.56
1135  74  ARG  O  3.338  -6.938  -8.998  56.58
1136  74  ARG  CB  4.572  -7.608  -12.006  175.69
1137  74  ARG  CG  5.781  -7.768  -12.935  50.96
1138  74  ARG  CD  5.42  -7.469  -14.396  65.12
1139  74  ARG  NE  4.428  -8.42  -14.921  84.1
1140  74  ARG  CZ  3.094  -8.25  -14.951  7.71
1141  74  ARG  NH1  2.524  -7.104  -14.549  4.92
1142  74  ARG  NH2  2.316  -9.252  -15.383  3.74
1143  74  ARG  H  3.672  -9.11  -9.675  7.6
1144  74  ARG  HA  5.907  -7.803  -10.413  4.59
1145  74  ARG  HB2  3.878  -8.238  -12.257  120.36
1146  74  ARG  HB3  4.222  -6.712  -12.129  58.49
1147  74  ARG  HG2  6.472  -7.146  -12.658  1.52
1148  74  ARG  HG3  6.129  -8.671  -12.871  1.45
1149  74  ARG  HD2  5.121  -6.55  -14.483  117.75
1150  74  ARG  HD3  6.228  -7.562  -14.925  62.41
1151  74  ARG  HE  4.745  -9.166  -15.208  6.86
1152  74  ARG  HH11  3.01  -6.455  -14.261  4.33
1153  74  ARG  HH12  1.669  -7.013  -14.57  3.93
1154  74  ARG  HH21  2.669  -9.997  -15.627  3.93
1155  74  ARG  HH22  1.461  -9.165  -15.4  2.37
1156  75  VAL  N  4.937  -5.513  -9.706  121.61
1157  75  VAL  CA  4.433  -4.355  -8.972  58.34
1158  75  VAL  C  4.881  -3.038  -9.636  178.23
1159  75  VAL  O  6.062  -2.9  -9.946  123.25
1160  75  VAL  CB  4.87  -4.462  -7.497  40.95
1161  75  VAL  CG1  6.386  -4.595  -7.307  26.81
1162  75  VAL  CG2  4.331  -3.284  -6.679  25.07
1163  75  VAL  H  5.782  -5.543  -9.863  8.52
1164  75  VAL  HA  3.468  -4.429  -8.908  5.14
1165  75  VAL  HB  4.471  -5.265  -7.128  1.91
1166  75  VAL  HG11  6.842  -3.798  -7.62  1.66
1167  75  VAL  HG12  6.578  -4.716  -6.364  1.9
1168  75  VAL  HG13  6.721  -5.368  -7.787  1.56
1169  75  VAL  HG21  3.368  -3.226  -6.78  1.74
1170  75  VAL  HG22  4.536  -3.422  -5.741  31
1171  75  VAL  HG23  4.733  -2.452  -6.974  0.52
1172  76  LEU  N  3.958  -2.083  -9.857  130.04
1173  76  LEU  CA  4.235  -0.797  -10.517  119.69
1174  76  LEU  C  3.864  0.408  -9.639  57.15
1175  76  LEU  O  2.828  0.376  -8.985  111.86
1176  76  LEU  CB  3.437  -0.709  -11.831  62.18
1177  76  LEU  CG  4.306  -0.222  -13.001  176.31
1178  76  LEU  CD1  5.269  -1.323  -13.469  3.78
1179  76  LEU  CD2  3.404  0.189  -14.168  61.93
1180  76  LEU  H  3.133  -2.301  -9.752  9.26
1181  76  LEU  HA  5.176  -0.752  -10.75  5.03
1182  76  LEU  HB2  3.053  -1.57  -12.06  2.14
1183  76  LEU  HB3  2.698  -0.092  -11.715  2.05
1184  76  LEU  HG  4.815  0.557  -12.727  1.84
1185  76  LEU  HD11  5.911  -1.544  -12.776  173.62
1186  76  LEU  HD12  4.77  -2.122  -13.701  125.76
1187  76  LEU  HD13  5.758  -1.019  -14.25  54.98
1188  76  LEU  HD21  2.859  -0.563  -14.447  179.66
1189  76  LEU  HD22  2.826  0.919  -13.896  4.81
1190  76  LEU  HD23  3.947  0.485  -14.915  18.28
1191  77  SER  N  4.683  1.472  -9.659  114.68
1192  77  SER  CA  4.512  2.685  -8.849  4.09
1193  77  SER  C  4.414  3.965  -9.701  57.25
1194  77  SER  O  5.132  4.082  -10.691  178.03
1195  77  SER  CB  5.682  2.801  -7.857  60.72
1196  77  SER  OG  6.792  2.01  -8.236  116.66
1197  77  SER  H  5.473  1.337  -9.97  8.63
1198  77  SER  HA  3.738  2.59  -8.272  5.79
1199  77  SER  HB2  5.967  3.725  -7.779  3.79
1200  77  SER  HB3  5.376  2.508  -6.984  3.6
1201  77  SER  HG  6.571  1.201  -8.193  8.17
1202  78  GLU  N  3.563  4.926  -9.292  118.06
1203  78  GLU  CA  3.329  6.203  -9.988  119.4
1204  78  GLU  C  3.112  7.353  -8.987  1.73
1205  78  GLU  O  2.746  7.095  -7.84  0.7
1206  78  GLU  CB  2.096  6.076  -10.904  1.59
1207  78  GLU  CG  2.407  5.454  -12.276  8.31
1208  78  GLU  CD  3.321  6.322  -13.138  3.84
1209  78  GLU  OE1  2.789  7.284  -13.735  1.6
1210  78  GLU  OE2  4.53  6.011  -13.191  1.6
1211  78  GLU  H  3.017  4.721  -8.66  9.09
1212  78  GLU  HA  4.084  6.392  -10.567  5.03
1213  78  GLU  HB2  1.427  5.538  -10.452  127.47
1214  78  GLU  HB3  1.7  6.947  -11.064  120.5
1215  78  GLU  HG2  2.796  4.573  -12.163  2.44
1216  78  GLU  HG3  1.577  5.364  -12.769  2.4
1217  79  PRO  N  3.298  8.624  -9.404  32.18
1218  79  PRO  CA  3.086  9.794  -8.558  33.98
1219  79  PRO  C  1.593  10.041  -8.311  2.85
1220  79  PRO  O  0.785  9.931  -9.232  118.86
1221  79  PRO  CB  3.719  10.968  -9.312  60.17
1222  79  PRO  CG  3.57  10.559  -10.776  178.79
1223  79  PRO  CD  3.758  9.043  -10.722  8.33
1224  79  PRO  HA  3.545  9.686  -7.71  4.64
1225  79  PRO  HB2  3.289  11.817  -9.123  26.84
1226  79  PRO  HB3  4.663  11.019  -9.096  29.72
1227  79  PRO  HG2  2.672  10.765  -11.08  41.56
1228  79  PRO  HG3  4.221  10.993  -11.35  128.11
1229  79  PRO  HD2  3.249  8.64  -11.443  3.87
1230  79  PRO  HD3  4.699  8.829  -10.82  3.75
1231  80  HSE  N  1.239  10.372  -7.062  119.73
1232  80  HSE  CA  -0.133  10.578  -6.613  1.97
1233  80  HSE  C  -0.278  11.958  -5.963  1.31
1234  80  HSE  O  0.35  12.219  -4.942  1.78
1235  80  HSE  CB  -0.487  9.464  -5.612  1.65
1236  80  HSE  CG  -1.95  9.114  -5.594  1.65
1237  80  HSE  ND1  -2.598  8.567  -6.689  2.78
1238  80  HSE  CD2  -2.865  9.241  -4.58  2.98
1239  80  HSE  CE1  -3.875  8.384  -6.317  9.92
1240  80  HSE  NE2  -4.082  8.789  -5.054  5.15
1241  80  HSE  H  1.948  10.345  -6.34  7.83
1242  80  HSE  HA  -0.815  10.491  -7.46  4.86
1243  80  HSE  HB2  0.092  8.568  -5.831  2.82
1244  80  HSE  HB3  -0.208  9.755  -4.605  2.25
1245  80  HSE  HD1  -2.187  8.345  -7.584  8.37
1246  80  HSE  HD2  -2.67  9.621  -3.586  6.31
1247  80  HSE  HE1  -4.639  7.965  -6.956  8.01
1248  80  HSE  HE2  -4.95  8.761  -4.538  123.6
1249  81  HSE  N  -1.096  12.855  -6.528  124.1
1250  81  HSE  CA  -1.335  14.171  -5.936  175.69
1251  81  HSE  C  -2.83  14.377  -5.652  7.83
1252  81  HSE  O  -3.484  15.122  -6.381  4.1
1253  81  HSE  CB  -0.763  15.242  -6.877  2.23
1254  81  HSE  CG  -0.671  16.629  -6.284  2.23
1255  81  HSE  ND1  -0.094  17.686  -6.967  2.42
1256  81  HSE  CD2  -1.062  17.092  -5.053  2.42
1257  81  HSE  CE1  -0.156  18.748  -6.148  122.06
1258  81  HSE  NE2  -0.735  18.432  -4.979  57.31
1259  81  HSE  H  -1.309  12.725  -7.506  8.09
1260  81  HSE  HA  -0.738  14.31  -5.035  4.93
1261  81  HSE  HB2  0.256  14.949  -7.134  3.01
1262  81  HSE  HB3  -1.35  15.285  -7.793  2.96
1263  81  HSE  HD1  0.303  17.66  -7.896  25.24
1264  81  HSE  HD2  -1.531  16.51  -4.276  7.2
1265  81  HSE  HE1  0.218  19.731  -6.398  8.52
1266  81  HSE  HE2  -0.9  19.045  -4.192  4.27
1267  82  PRO  N  -3.394  13.744  -4.609  1.49
1268  82  PRO  CA  -4.803  13.88  -4.274  2.22
1269  82  PRO  C  -5.081  15.26  -3.674  0.89
1270  82  PRO  O  -4.231  15.825  -2.985  9.16
1271  82  PRO  CB  -5.097  12.757  -3.277  5.94
1272  82  PRO  CG  -3.755  12.557  -2.575  2.15
1273  82  PRO  CD  -2.738  12.833  -3.686  124.59
1274  82  PRO  HA  -5.349  13.753  -5.066  4.35
1275  82  PRO  HB2  -5.808  12.981  -2.657  2.23
1276  82  PRO  HB3  -5.325  11.949  -3.764  1.89
1277  82  PRO  HG2  -3.66  13.221  -1.874  2.11
1278  82  PRO  HG3  -3.665  11.666  -2.202  2.03
1279  82  PRO  HD2  -1.927  13.207  -3.308  3.64
1280  82  PRO  HD3  -2.533  12.01  -4.156  3.36
1281  83  SER  N  -6.273  15.8  -3.95  116.01
1282  83  SER  CA  -6.707  17.092  -3.44  4.01
1283  83  SER  C  -6.993  17.006  -1.939  35.48
1284  83  SER  O  -7.534  16.009  -1.459  21.11
1285  83  SER  CB  -7.929  17.584  -4.225  123.85
1286  83  SER  OG  -8.999  16.665  -4.142  118.96
1287  83  SER  H  -6.827  15.361  -4.441  8.6
1288  83  SER  HA  -5.991  17.73  -3.588  4.65
1289  83  SER  HB2  -8.219  18.437  -3.866  4.38
1290  83  SER  HB3  -7.686  17.705  -5.156  3.88
1291  83  SER  HG  -8.769  15.943  -4.504  24.79
1292  84  GLY  N  -6.61  18.055  -1.201  109.53
1293  84  GLY  CA  -6.749  18.121  0.246  41.63
1294  84  GLY  C  -5.773  17.187  0.959  8.46
1295  84  GLY  O  -4.993  16.472  0.329  8.29
1296  84  GLY  H  -6.233  18.722  -1.592  7.81
1297  84  GLY  HA2  -6.576  19.032  0.531  4.03
1298  84  GLY  HA3  -7.654  17.885  0.502  3.85
1299  85  GLU  N  -5.841  17.2  2.295  119.12
1300  85  GLU  CA  -5.113  16.294  3.167  1.69
1301  85  GLU  C  -6.07  15.208  3.648  1.69
1302  85  GLU  O  -7.177  15.496  4.102  1.71
1303  85  GLU  CB  -4.498  17.068  4.339  2.97
1304  85  GLU  CG  -3.207  17.761  3.882  2.97
1305  85  GLU  CD  -2.589  18.663  4.948  8.35
1306  85  GLU  OE1  -3.181  18.766  6.044  18.66
1307  85  GLU  OE2  -1.52  19.236  4.642  9.07
1308  85  GLU  H  -6.415  17.721  2.667  8.27
1309  85  GLU  HA  -4.389  15.87  2.68  4.23
1310  85  GLU  HB2  -5.137  17.718  4.67  178.51
1311  85  GLU  HB3  -4.279  16.453  5.056  55.78
1312  85  GLU  HG2  -2.555  17.081  3.651  29.29
1313  85  GLU  HG3  -3.388  18.297  3.094  35.74
1314  86  LEU  N  -5.625  13.955  3.529  125.14
1315  86  LEU  CA  -6.356  12.773  3.954  176.3
1316  86  LEU  C  -6.412  12.728  5.485  124.62
1317  86  LEU  O  -5.507  13.226  6.154  8.53
1318  86  LEU  CB  -5.641  11.535  3.384  4.03
1319  86  LEU  CG  -6.474  10.677  2.423  2.24
1320  86  LEU  CD1  -6.947  11.449  1.186  2.46
1321  86  LEU  CD2  -5.608  9.509  1.955  2.65
1322  86  LEU  H  -4.831  13.84  3.219  8.4
1323  86  LEU  HA  -7.265  12.823  3.618  4.69
1324  86  LEU  HB2  -4.826  11.796  2.927  54.41
1325  86  LEU  HB3  -5.39  10.973  4.134  176.76
1326  86  LEU  HG  -7.225  10.298  2.907  1.51
1327  86  LEU  HD11  -7.57  12.152  1.428  42.33
1328  86  LEU  HD12  -6.186  11.841  0.731  26.24
1329  86  LEU  HD13  -7.397  10.841  0.579  21.17
1330  86  LEU  HD21  -4.821  9.829  1.487  25.71
1331  86  LEU  HD22  -5.333  9.012  2.741  7.98
1332  86  LEU  HD23  -6.115  8.92  1.374  4.33
1333  87  THR  N  -7.473  12.126  6.035  112.5
1334  87  THR  CA  -7.675  11.995  7.468  2.06
1335  87  THR  C  -6.779  10.872  7.99  1.84
1336  87  THR  O  -5.738  11.146  8.584  18.83
1337  87  THR  CB  -9.172  11.767  7.776  3.67
1338  87  THR  OG1  -9.877  11.372  6.613  4.14
1339  87  THR  CG2  -9.8  13.046  8.337  119.01
1340  87  THR  H  -8.075  11.764  5.538  8.53
1341  87  THR  HA  -7.394  12.815  7.903  4.46
1342  87  THR  HB  -9.283  11.077  8.449  4.35
1343  87  THR  HG1  -10.697  11.34  6.792  45.95
1344  87  THR  HG21  -10.747  12.907  8.494  174.51
1345  87  THR  HG22  -9.376  13.268  9.181  63.67
1346  87  THR  HG23  -9.682  13.78  7.714  7.96
1347  88  ASP  N  -7.188  9.621  7.763  121.24
1348  88  ASP  CA  -6.517  8.435  8.28  3.9
1349  88  ASP  C  -6.448  7.345  7.211  121.16
1350  88  ASP  O  -7.132  7.42  6.189  58.14
1351  88  ASP  CB  -7.227  7.945  9.553  176.11
1352  88  ASP  CG  -8.559  7.243  9.283  2.26
1353  88  ASP  OD1  -9.35  7.791  8.485  38.89
1354  88  ASP  OD2  -8.766  6.173  9.893  127.26
1355  88  ASP  H  -7.961  9.507  7.404  8.16
1356  88  ASP  HA  -5.615  8.663  8.554  4.62
1357  88  ASP  HB2  -6.64  7.324  10.013  6.96
1358  88  ASP  HB3  -7.386  8.697  10.145  4.32
1359  89  PHE  N  -5.617  6.329  7.457  121.54
1360  89  PHE  CA  -5.513  5.162  6.597  1.99
1361  89  PHE  C  -6.719  4.243  6.809  8.36
1362  89  PHE  O  -7.23  4.14  7.923  3.35
1363  89  PHE  CB  -4.187  4.442  6.858  2.14
1364  89  PHE  CG  -4.025  3.132  6.111  2.45
1365  89  PHE  CD1  -3.462  3.11  4.821  6.97
1366  89  PHE  CD2  -4.523  1.943  6.677  6.97
1367  89  PHE  CE1  -3.414  1.908  4.094  6.75
1368  89  PHE  CE2  -4.509  0.753  5.934  6.75
1369  89  PHE  CZ  -3.961  0.734  4.643  7.27
1370  89  PHE  H  -5.164  6.334  8.188  9.11
1371  89  PHE  HA  -5.5  5.472  5.678  5.12
1372  89  PHE  HB2  -3.47  5.038  6.591  3.11
1373  89  PHE  HB3  -4.104  4.27  7.809  2.67
1374  89  PHE  HD1  -3.123  3.889  4.443  6.55
1375  89  PHE  HD2  -4.897  1.949  7.528  6.55
1376  89  PHE  HE1  -3.037  1.894  3.244  6.95
1377  89  PHE  HE2  -4.885  -0.021  6.287  6.95
1378  89  PHE  HZ  -3.977  -0.057  4.155  6.71
1379  90  ARG  N  -7.163  3.568  5.74  126.88
1380  90  ARG  CA  -8.292  2.643  5.782  123.18
1381  90  ARG  C  -8.104  1.537  4.739  53.3
1382  90  ARG  O  -7.017  1.379  4.189  43.73
1383  90  ARG  CB  -9.604  3.428  5.606  171.07
1384  90  ARG  CG  -9.776  3.913  4.161  20.09
1385  90  ARG  CD  -10.507  5.251  4.06  54.04
1386  90  ARG  NE  -11.841  5.211  4.672  85.97
1387  90  ARG  CZ  -12.775  6.163  4.5  3.92
1388  90  ARG  NH1  -12.524  7.233  3.731  116.66
1389  90  ARG  NH2  -13.967  6.047  5.101  53.5
1390  90  ARG  H  -6.748  3.654  4.992  7.88
1391  90  ARG  HA  -8.313  2.212  6.651  4.72
1392  90  ARG  HB2  -10.36  2.87  5.847  40.85
1393  90  ARG  HB3  -9.591  4.188  6.209  1
1394  90  ARG  HG2  -8.9  4.049  3.768  116.42
1395  90  ARG  HG3  -10.248  3.241  3.645  52.77
1396  90  ARG  HD2  -9.976  5.934  4.498  8.23
1397  90  ARG  HD3  -10.584  5.468  3.118  4.47
1398  90  ARG  HE  -12.017  4.543  5.185  7.66
1399  90  ARG  HH11  -11.754  7.322  3.358  2.91
1400  90  ARG  HH12  -13.124  7.837  3.611  128.86
1401  90  ARG  HH21  -14.133  5.37  5.604  56.76
1402  90  ARG  HH22  -14.568  6.652  4.991  175.05
1403  91  ILE  N  -9.153  0.75  4.479  118.35
1404  91  ILE  CA  -9.124  -0.385  3.564  8.37
1405  91  ILE  C  -10.418  -0.429  2.745  31.61
1406  91  ILE  O  -11.333  0.357  2.992  66.46
1407  91  ILE  CB  -8.925  -1.688  4.362  178.16
1408  91  ILE  CG1  -10.018  -1.873  5.434  9.22
1409  91  ILE  CG2  -7.529  -1.737  4.997  4.43
1410  91  ILE  CD  -10.595  -3.29  5.392  2.09
1411  91  ILE  H  -9.9  0.908  4.875  8.29
1412  91  ILE  HA  -8.393  -0.292  2.933  4.63
1413  91  ILE  HB  -8.974  -2.426  3.734  1.86
1414  91  ILE  HG12  -9.656  -1.699  6.317  1.8
1415  91  ILE  HG13  -10.755  -1.26  5.286  0.9
1416  91  ILE  HG21  -6.852  -1.756  4.303  0.98
1417  91  ILE  HG22  -7.382  -0.961  5.56  113.56
1418  91  ILE  HG23  -7.437  -2.528  5.551  53.27
1419  91  ILE  HD11  -10.951  -3.516  4.388  175
1420  91  ILE  HD12  -9.832  -4.014  5.678  177.41
1421  91  ILE  HD13  -11.434  -3.359  6.085  38.56
1422  92  ARG  N  -10.491  -1.353  1.778  131.45
1423  92  ARG  CA  -11.686  -1.593  0.981  180.05
1424  92  ARG  C  -12.884  -1.992  1.845  115.6
1425  92  ARG  O  -13.909  -1.283  1.749  8.64
1426  92  ARG  CB  -11.394  -2.634  -0.107  4.76
1427  92  ARG  CG  -10.907  -4.007  0.386  2.87
1428  92  ARG  CD  -12.018  -5.069  0.394  2.87
1429  92  ARG  NE  -11.708  -6.238  -0.451  7.02
1430  92  ARG  CZ  -11.8  -6.292  -1.792  7.99
1431  92  ARG  NH1  -12.098  -5.2  -2.509  119.26
1432  92  ARG  NH2  -11.593  -7.457  -2.423  51.52
1433  92  ARG  OXT  -12.76  -2.999  2.575  173.95
1434  92  ARG  H  -9.804  -1.844  1.617  8.58
1435  92  ARG  HA  -11.905  -0.763  0.529  4.4
1436  92  ARG  HB2  -12.166  -2.717  -0.688  180.62
1437  92  ARG  HB3  -10.672  -2.266  -0.64  123.11
1438  92  ARG  HG2  -10.184  -4.287  -0.197  1.42
1439  92  ARG  HG3  -10.537  -3.929  1.279  1.25
1440  92  ARG  HD2  -12.132  -5.381  1.305  2.63
1441  92  ARG  HD3  -12.864  -4.676  0.127  2.55
1442  92  ARG  HE  -11.519  -6.967  -0.036  3.14
1443  92  ARG  HH11  -12.24  -4.452  -2.11  119.36
1444  92  ARG  HH12  -12.159  -5.243  -3.366  61.46
1445  92  ARG  HH21  -11.415  -8.169  -1.975  175.02
1446  92  ARG  HH22  -11.662  -7.505  -3.279  1
