1  1  SER  N  3.057  0.069  5.526  124.37
2  1  SER  CA  3.157  0.028  4.073  54.17
3  1  SER  C  3.668  -1.334  3.611  175.95
4  1  SER  O  3.678  -1.629  2.418  55.76
5  1  SER  CB  4.103  1.125  3.584  31.19
6  1  SER  OG  3.598  2.394  3.986  3.79
7  1  SER  HA  2.278  0.181  3.694  3.79
8  1  SER  HB2  4.982  0.995  3.973  16.9
9  1  SER  HB3  4.17  1.085  2.617  4.33
10  1  SER  HG  2.9  2.546  3.544  114.88
11  1  SER  H  2.664  0.828  5.775  62.88
12  1  SER  H2  2.574  -0.622  5.81  176.43
13  1  SER  H3  3.872  0.027  5.881  2.48
14  2  CYS  N  4.084  -2.161  4.569  31.94
15  2  CYS  CA  4.59  -3.497  4.257  45.25
16  2  CYS  C  4.531  -4.403  5.487  174.12
17  2  CYS  O  4.966  -4.02  6.571  4.45
18  2  CYS  CB  6.037  -3.412  3.753  1.93
19  2  CYS  SG  6.071  -2.783  2.055  2.31
20  2  CYS  H  4.042  -1.901  5.388  2
21  2  CYS  HA  4.038  -3.884  3.559  2
22  2  CYS  HB2  6.542  -2.813  4.325  3.56
23  2  CYS  HB3  6.439  -4.294  3.777  3.59
24  3  TYR  N  4.003  -5.614  5.303  108.58
25  3  TYR  CA  3.906  -6.584  6.399  45.25
26  3  TYR  C  4.105  -8.002  5.869  174.04
27  3  TYR  O  3.86  -8.274  4.694  8.54
28  3  TYR  CB  2.543  -6.468  7.087  4.5
29  3  TYR  CG  1.442  -6.648  6.071  26.7
30  3  TYR  CD1  0.994  -5.551  5.326  24.63
31  3  TYR  CD2  0.868  -7.91  5.874  23.12
32  3  TYR  CE1  -0.027  -5.714  4.384  8.51
33  3  TYR  CE2  -0.155  -8.073  4.932  4.34
34  3  TYR  CZ  -0.602  -6.975  4.186  1.58
35  3  TYR  OH  -1.608  -7.136  3.257  1.68
36  3  TYR  H  3.721  -5.835  4.521  8.8
37  3  TYR  HA  4.6  -6.397  7.051  4.83
38  3  TYR  HB2  2.469  -7.153  7.77  3.06
39  3  TYR  HB3  2.462  -5.592  7.497  2.88
40  3  TYR  HD1  1.375  -4.713  5.458  8.6
41  3  TYR  HD2  1.166  -8.639  6.369  4.51
42  3  TYR  HE1  -0.324  -4.985  3.889  2.57
43  3  TYR  HE2  -0.536  -8.911  4.799  108.86
44  3  TYR  HH  -2.125  -7.738  3.534  44.86
45  4  PHE  N  4.579  -8.901  6.737  116.28
46  4  PHE  CA  4.841  -10.289  6.338  58.49
47  4  PHE  C  3.824  -11.262  6.932  174.44
48  4  PHE  O  3.555  -11.241  8.132  3.95
49  4  PHE  CB  6.236  -10.699  6.815  63.45
50  4  PHE  CG  7.278  -9.933  6.044  115.18
51  4  PHE  CD1  7.732  -10.421  4.814  58.29
52  4  PHE  CD2  7.792  -8.738  6.56  174.35
53  4  PHE  CE1  8.702  -9.713  4.097  3.82
54  4  PHE  CE2  8.763  -8.03  5.844  63.58
55  4  PHE  CZ  9.219  -8.518  4.614  1.08
56  4  PHE  H  4.757  -8.657  7.542  8.44
57  4  PHE  HA  4.815  -10.361  5.371  5.76
58  4  PHE  HB2  6.326  -10.503  7.761  2.86
59  4  PHE  HB3  6.362  -11.65  6.669  2.99
60  4  PHE  HD1  7.387  -11.215  4.473  28.86
61  4  PHE  HD2  7.489  -8.416  7.378  121.46
62  4  PHE  HE1  9.005  -10.036  3.279  56.6
63  4  PHE  HE2  9.107  -7.237  6.187  175.4
64  4  PHE  HZ  9.864  -8.048  4.137  59.22
65  5  ILE  N  3.287  -12.132  6.073  120.43
66  5  ILE  CA  2.319  -13.147  6.494  55.83
67  5  ILE  C  2.959  -14.541  6.342  173.09
68  5  ILE  O  3.097  -15.033  5.222  41.72
69  5  ILE  CB  1.066  -13.058  5.595  48.4
70  5  ILE  CG1  0.173  -11.877  6.029  8.33
71  5  ILE  CG2  0.257  -14.357  5.655  4.18
72  5  ILE  CD  -0.371  -12.061  7.458  1.59
73  5  ILE  H  3.525  -12.103  5.247  9.2
74  5  ILE  HA  2.061  -12.995  7.417  4.84
75  5  ILE  HB  1.352  -12.912  4.68  2
76  5  ILE  HG12  0.69  -11.057  5.989  1.25
77  5  ILE  HG13  -0.576  -11.81  5.416  1.63
78  5  ILE  HG21  0.216  -14.66  6.575  2.89
79  5  ILE  HG22  -0.641  -14.197  5.326  1.94
80  5  ILE  HG23  0.689  -15.033  5.11  2.07
81  5  ILE  HD11  -0.361  -13.105  7.739  7.84
82  5  ILE  HD12  0.24  -11.498  8.146  4.96
83  5  ILE  HD13  -1.385  -11.691  7.498  118.58
84  6  PRO  N  3.343  -15.197  7.418  118.81
85  6  PRO  CA  3.954  -16.551  7.332  55.86
86  6  PRO  C  2.905  -17.639  7.126  172.43
87  6  PRO  O  1.738  -17.465  7.474  38.76
88  6  PRO  CB  4.686  -16.709  8.672  40.39
89  6  PRO  CG  3.932  -15.847  9.641  132.94
90  6  PRO  CD  3.248  -14.736  8.819  173.29
91  6  PRO  HA  4.597  -16.576  6.607  4.85
92  6  PRO  HB2  4.671  -17.636  8.956  3.07
93  6  PRO  HB3  5.602  -16.399  8.592  2.88
94  6  PRO  HG2  3.266  -16.377  10.107  21.16
95  6  PRO  HG3  4.543  -15.449  10.281  8.05
96  6  PRO  HD2  2.32  -14.644  9.085  4.55
97  6  PRO  HD3  3.716  -13.893  8.923  2.73
98  7  ASN  N  3.329  -18.763  6.561  117.42
99  7  ASN  CA  2.421  -19.873  6.318  56
100  7  ASN  C  2.128  -20.598  7.627  1.66
101  7  ASN  O  1.971  -21.819  7.652  6.79
102  7  ASN  CB  3.05  -20.845  5.319  42.35
103  7  ASN  CG  2.012  -21.852  4.843  56.56
104  7  ASN  OD1  1.007  -22.075  5.519  120.29
105  7  ASN  ND2  2.191  -22.473  3.71  54.4
106  7  ASN  H  4.156  -18.841  6.338  8.02
107  7  ASN  HA  1.593  -19.53  5.947  4.98
108  7  ASN  HB2  3.393  -20.352  4.557  2.77
109  7  ASN  HB3  3.779  -21.319  5.749  2.45
110  7  ASN  HD21  2.892  -22.311  3.239  3.03
111  7  ASN  HD22  1.608  -23.043  3.435  3.17
112  8  GLU  N  2.065  -19.833  8.717  118.8
113  8  GLU  CA  1.803  -20.393  10.043  58.18
114  8  GLU  C  0.424  -19.967  10.531  4.48
115  8  GLU  O  0.055  -20.21  11.68  1.61
116  8  GLU  CB  2.875  -19.909  11.024  41.52
117  8  GLU  CG  4.226  -20.507  10.627  1.91
118  8  GLU  CD  5.327  -19.972  11.537  17.36
119  8  GLU  OE1  5.004  -19.24  12.459  1.82
120  8  GLU  OE2  6.476  -20.305  11.301  56.56
121  8  GLU  H  2.186  -18.985  8.641  8.58
122  8  GLU  HA  1.833  -21.362  10.001  4.44
123  8  GLU  HB2  2.926  -18.941  10.996  2.31
124  8  GLU  HB3  2.647  -20.196  11.922  1.99
125  8  GLU  HG2  4.185  -21.473  10.704  1.16
126  8  GLU  HG3  4.425  -20.267  9.708  4.7
127  9  GLY  N  -0.337  -19.33  9.64  3.21
128  9  GLY  CA  -1.684  -18.868  9.975  63.51
129  9  GLY  C  -2.065  -17.643  9.153  176.35
130  9  GLY  O  -2.211  -16.544  9.688  54.01
131  9  GLY  H  -0.032  -19.187  8.849  8.33
132  9  GLY  HA2  -1.723  -18.639  10.917  4.05
133  9  GLY  HA3  -2.32  -19.577  9.791  4.02
134  10  VAL  N  -2.242  -17.841  7.85  120.37
135  10  VAL  CA  -2.623  -16.746  6.964  52.3
136  10  VAL  C  -4.137  -16.539  7.019  174.98
137  10  VAL  O  -4.88  -17.494  7.243  4.52
138  10  VAL  CB  -2.185  -17.065  5.526  39.22
139  10  VAL  CG1  -0.705  -17.473  5.51  2.42
140  10  VAL  CG2  -3.03  -18.211  4.955  1.9
141  10  VAL  H  -2.142  -18.632  7.527  8.26
142  10  VAL  HA  -2.175  -15.937  7.256  4.49
143  10  VAL  HB  -2.302  -16.275  4.975  2.12
144  10  VAL  HG11  -0.219  -16.956  6.172  118.37
145  10  VAL  HG12  -0.625  -18.417  5.719  63.9
146  10  VAL  HG13  -0.331  -17.304  4.631  175.74
147  10  VAL  HG21  -2.997  -18.966  5.563  70.56
148  10  VAL  HG22  -3.949  -17.922  4.845  38.53
149  10  VAL  HG23  -2.673  -18.478  4.093  27.62
150  11  PRO  N  -4.619  -15.331  6.822  123.04
151  11  PRO  CA  -6.085  -15.059  6.86  56.3
152  11  PRO  C  -6.811  -15.641  5.645  176.57
153  11  PRO  O  -6.245  -15.726  4.555  4.08
154  11  PRO  CB  -6.169  -13.526  6.897  2.02
155  11  PRO  CG  -4.918  -13.053  6.224  36.16
156  11  PRO  CD  -3.842  -14.101  6.532  1.78
157  11  PRO  HA  -6.466  -15.421  7.675  4.37
158  11  PRO  HB2  -6.954  -13.218  6.417  2.3
159  11  PRO  HB3  -6.192  -13.211  7.814  1.99
160  11  PRO  HG2  -5.06  -12.986  5.267  1.99
161  11  PRO  HG3  -4.648  -12.192  6.58  2.1
162  11  PRO  HD2  -3.266  -14.229  5.762  3.93
163  11  PRO  HD3  -3.321  -13.842  7.309  3.68
164  12  GLY  N  -8.064  -16.04  5.843  109.22
165  12  GLY  CA  -8.858  -16.61  4.759  45.05
166  12  GLY  C  -8.118  -17.762  4.085  4.62
167  12  GLY  O  -8.265  -17.986  2.884  31.42
168  12  GLY  H  -8.414  -15.958  6.624  8.61
169  12  GLY  HA2  -9.041  -15.922  4.1  4.1
170  12  GLY  HA3  -9.698  -16.938  5.117  3.81
171  13  ASP  N  -7.322  -18.485  4.864  3.16
172  13  ASP  CA  -6.556  -19.609  4.332  59.55
173  13  ASP  C  -7.474  -20.618  3.648  113.19
174  13  ASP  O  -8.556  -20.927  4.146  117.98
175  13  ASP  CB  -5.811  -20.301  5.472  32.99
176  13  ASP  CG  -4.923  -21.41  4.918  175.18
177  13  ASP  OD1  -5.011  -21.674  3.729  21.16
178  13  ASP  OD2  -4.168  -21.979  5.688  37.83
179  13  ASP  H  -7.252  -18.283  5.697  7.87
180  13  ASP  HA  -5.91  -19.278  3.689  4.77
181  13  ASP  HB2  -5.265  -19.65  5.94  2.83
182  13  ASP  HB3  -6.453  -20.685  6.089  2.64
183  14  SER  N  -7.027  -21.133  2.499  4.13
184  14  SER  CA  -7.806  -22.116  1.742  63.87
185  14  SER  C  -6.9  -23.215  1.187  177.65
186  14  SER  O  -7.21  -24.401  1.299  1.39
187  14  SER  CB  -8.528  -21.424  0.584  116.03
188  14  SER  OG  -9.43  -22.342  -0.022  62.46
189  14  SER  H  -6.261  -20.882  2.199  8.55
190  14  SER  HA  -8.468  -22.522  2.323  4.41
191  14  SER  HB2  -9.025  -20.661  0.918  4.01
192  14  SER  HB3  -7.875  -21.122  -0.067  3.92
193  14  SER  HG  -10.163  -21.948  -0.137  118.42
194  15  THR  N  -5.781  -22.814  0.58  110.28
195  15  THR  CA  -4.834  -23.774  -0.002  45.55
196  15  THR  C  -3.617  -23.958  0.898  1.83
197  15  THR  O  -2.707  -24.719  0.571  35.43
198  15  THR  CB  -4.374  -23.285  -1.374  32.23
199  15  THR  OG1  -3.735  -22.024  -1.236  2.57
200  15  THR  CG2  -5.581  -23.148  -2.302  16.93
201  15  THR  H  -5.613  -21.973  0.523  8.24
202  15  THR  HA  -5.272  -24.633  -0.111  4.34
203  15  THR  HB  -3.751  -23.923  -1.755  4.22
204  15  THR  HG1  -3.898  -21.573  -1.925  2.49
205  15  THR  HG21  -6.3  -22.696  -1.833  2.53
206  15  THR  HG22  -5.33  -22.631  -3.083  2.67
207  15  THR  HG23  -5.878  -24.029  -2.579  130.01
208  16  ARG  N  -3.607  -23.254  2.027  120.19
209  16  ARG  CA  -2.5  -23.339  2.98  53.53
210  16  ARG  C  -1.214  -22.789  2.371  120.66
211  16  ARG  O  -0.208  -22.609  3.058  52.52
212  16  ARG  CB  -2.296  -24.799  3.405  41.81
213  16  ARG  CG  -1.421  -24.872  4.656  113.1
214  16  ARG  CD  -1.24  -26.336  5.049  18.24
215  16  ARG  NE  -0.401  -26.44  6.24  8
216  16  ARG  CZ  0.927  -26.487  6.151  4.32
217  16  ARG  NH1  1.508  -26.446  4.982  36.06
218  16  ARG  NH2  1.649  -26.57  7.234  56.51
219  16  ARG  H  -4.27  -22.735  2.202  8.21
220  16  ARG  HA  -2.722  -22.809  3.761  4.29
221  16  ARG  HB2  -3.158  -25.203  3.59  1.84
222  16  ARG  HB3  -1.863  -25.286  2.687  2.64
223  16  ARG  HG2  -0.554  -24.477  4.475  2.18
224  16  ARG  HG3  -1.852  -24.396  5.383  43.84
225  16  ARG  HD2  -2.108  -26.727  5.234  27.39
226  16  ARG  HD3  -0.824  -26.813  4.314  23.68
227  16  ARG  HE  -0.772  -26.469  7.015  26.26
228  16  ARG  HH11  1.034  -26.389  4.267  7.65
229  16  ARG  HH12  2.366  -26.477  4.928  4.41
230  16  ARG  HH21  1.267  -26.594  8.004  1.09
231  16  ARG  HH22  2.507  -26.6  7.176  1.7
232  17  LYS  N  -1.26  -22.515  1.079  117.99
233  17  LYS  CA  -0.101  -21.978  0.361  59.47
234  17  LYS  C  -0.159  -20.451  0.297  174.94
235  17  LYS  O  0.419  -19.765  1.141  62.16
236  17  LYS  CB  -0.063  -22.546  -1.059  63.5
237  17  LYS  CG  0.248  -24.046  -1.005  120.2
238  17  LYS  CD  0.258  -24.616  -2.426  49.96
239  17  LYS  CE  0.585  -26.11  -2.376  125.35
240  17  LYS  NZ  0.574  -26.668  -3.758  54.9
241  17  LYS  H  -1.995  -22.656  0.656  7.84
242  17  LYS  HA  0.711  -22.24  0.822  4.59
243  17  LYS  HB2  -0.924  -22.41  -1.486  1.59
244  17  LYS  HB3  0.626  -22.095  -1.571  1.73
245  17  LYS  HG2  1.116  -24.182  -0.595  1.41
246  17  LYS  HG3  -0.432  -24.498  -0.481  2.1
247  17  LYS  HD2  -0.615  -24.49  -2.83  1.29
248  17  LYS  HD3  0.93  -24.157  -2.955  54.46
249  17  LYS  HE2  1.463  -26.237  -1.984  170.69
250  17  LYS  HE3  -0.078  -26.57  -1.838  8.68
251  17  LYS  HZ1  0.437  -26.012  -4.343  4.57
252  17  LYS  HZ2  1.356  -27.058  -3.927  1.89
253  17  LYS  HZ3  -0.079  -27.268  -3.832  2.02
254  18  CYS  N  -0.856  -19.928  -0.708  114.59
255  18  CYS  CA  -0.98  -18.482  -0.873  62.13
256  18  CYS  C  -2.131  -18.147  -1.819  174.27
257  18  CYS  O  -1.95  -18.08  -3.035  3.35
258  18  CYS  CB  0.324  -17.902  -1.431  69.75
259  18  CYS  SG  0.901  -18.903  -2.825  171.2
260  18  CYS  H  -1.239  -20.451  -1.273  8.83
261  18  CYS  HA  -1.152  -18.075  -0.01  4.82
262  18  CYS  HB2  0.173  -16.992  -1.731  3.22
263  18  CYS  HB3  1  -17.904  -0.735  2.81
264  19  MET  N  -3.317  -17.923  -1.249  122.54
265  19  MET  CA  -4.504  -17.577  -2.038  56.09
266  19  MET  C  -4.865  -16.114  -1.81  174.74
267  19  MET  O  -4.913  -15.648  -0.672  27.61
268  19  MET  CB  -5.681  -18.467  -1.63  30.12
269  19  MET  CG  -6.901  -18.157  -2.507  27.16
270  19  MET  SD  -8.293  -19.205  -1.997  4.27
271  19  MET  CE  -8.583  -20.044  -3.576  0.81
272  19  MET  H  -3.386  -17.971  -0.393  8.82
273  19  MET  HA  -4.322  -17.71  -2.982  5.04
274  19  MET  HB2  -5.433  -19.398  -1.742  2.55
275  19  MET  HB3  -5.903  -18.303  -0.7  2.23
276  19  MET  HG2  -7.147  -17.225  -2.402  1.78
277  19  MET  HG3  -6.681  -18.33  -3.436  2.05
278  19  MET  HE1  -8.689  -19.384  -4.279  120.14
279  19  MET  HE2  -7.829  -20.619  -3.78  52.63
280  19  MET  HE3  -9.389  -20.58  -3.516  177.9
281  20  ASP  N  -5.112  -15.395  -2.895  119.56
282  20  ASP  CA  -5.46  -13.985  -2.798  55.56
283  20  ASP  C  -6.866  -13.811  -2.23  175.88
284  20  ASP  O  -7.653  -14.758  -2.18  4.45
285  20  ASP  CB  -5.374  -13.323  -4.172  35.15
286  20  ASP  CG  -5.503  -11.813  -4.022  25.11
287  20  ASP  OD1  -5.254  -11.325  -2.932  43.4
288  20  ASP  OD2  -5.845  -11.166  -4.998  115.59
289  20  ASP  H  -5.061  -15.766  -3.669  8.33
290  20  ASP  HA  -4.829  -13.549  -2.204  4.74
291  20  ASP  HB2  -4.519  -13.536  -4.578  3.65
292  20  ASP  HB3  -6.091  -13.653  -4.736  2.12
293  21  LEU  N  -7.166  -12.594  -1.793  115.91
294  21  LEU  CA  -8.471  -12.289  -1.214  56.66
295  21  LEU  C  -9.582  -12.414  -2.259  173.4
296  21  LEU  O  -10.748  -12.594  -1.91  4.82
297  21  LEU  CB  -8.459  -10.866  -0.629  43.44
298  21  LEU  CG  -7.804  -10.873  0.76  130.94
299  21  LEU  CD1  -6.34  -11.306  0.634  129.76
300  21  LEU  CD2  -7.871  -9.465  1.357  8.99
301  21  LEU  H  -6.575  -11.972  -1.846  8.17
302  21  LEU  HA  -8.649  -12.92  -0.499  4.25
303  21  LEU  HB2  -7.955  -10.282  -1.217  2.02
304  21  LEU  HB3  -9.368  -10.536  -0.55  1.76
305  21  LEU  HG  -8.276  -11.495  1.336  52.98
306  21  LEU  HD11  -5.931  -10.847  -0.116  39.26
307  21  LEU  HD12  -5.865  -11.079  1.449  178.07
308  21  LEU  HD13  -6.296  -12.264  0.491  32.1
309  21  LEU  HD21  -8.787  -9.147  1.337  33.93
310  21  LEU  HD22  -7.557  -9.49  2.274  26.42
311  21  LEU  HD23  -7.308  -8.867  0.84  23.13
312  22  LYS  N  -9.221  -12.323  -3.535  123.67
313  22  LYS  CA  -10.203  -12.44  -4.603  54.2
314  22  LYS  C  -10.812  -13.841  -4.627  175.31
315  22  LYS  O  -12.007  -14.009  -4.867  1.79
316  22  LYS  CB  -9.541  -12.14  -5.96  34.73
317  22  LYS  CG  -10.609  -11.728  -6.989  31.49
318  22  LYS  CD  -10.873  -10.218  -6.885  2.47
319  22  LYS  CE  -12.205  -9.871  -7.547  16.93
320  22  LYS  NZ  -12.118  -10.123  -9.013  6.77
321  22  LYS  H  -8.392  -12.217  -3.737  8.17
322  22  LYS  HA  -10.912  -11.797  -4.446  4.41
323  22  LYS  HB2  -8.898  -11.422  -5.849  1.76
324  22  LYS  HB3  -9.079  -12.932  -6.275  1.69
325  22  LYS  HG2  -10.292  -11.937  -7.882  2.56
326  22  LYS  HG3  -11.432  -12.213  -6.82  2.24
327  22  LYS  HD2  -10.901  -9.953  -5.952  23.26
328  22  LYS  HD3  -10.16  -9.737  -7.334  8.76
329  22  LYS  HE2  -12.907  -10.42  -7.163  5
330  22  LYS  HE3  -12.405  -8.935  -7.391  4.81
331  22  LYS  HZ1  -11.285  -10.353  -9.225  9.13
332  22  LYS  HZ2  -12.676  -10.78  -9.235  4.05
333  22  LYS  HZ3  -12.341  -9.383  -9.454  1.6
334  23  GLY  N  -9.967  -14.848  -4.394  122.23
335  23  GLY  CA  -10.4  -16.248  -4.406  52.4
336  23  GLY  C  -9.701  -16.993  -5.535  177.43
337  23  GLY  O  -10.084  -18.105  -5.902  176.03
338  23  GLY  H  -9.139  -14.672  -4.243  7.93
339  23  GLY  HA2  -11.36  -16.3  -4.536  4.18
340  23  GLY  HA3  -10.171  -16.66  -3.558  3.64
341  24  ASN  N  -8.676  -16.35  -6.091  116.52
342  24  ASN  CA  -7.905  -16.923  -7.197  57.21
343  24  ASN  C  -6.536  -17.396  -6.721  178.34
344  24  ASN  O  -5.89  -16.741  -5.904  2.17
345  24  ASN  CB  -7.731  -15.872  -8.295  41.46
346  24  ASN  CG  -9.093  -15.48  -8.859  27.44
347  24  ASN  OD1  -9.233  -14.417  -9.464  4
348  24  ASN  ND2  -10.114  -16.277  -8.695  4.12
349  24  ASN  H  -8.473  -15.572  -5.786  8.23
350  24  ASN  HA  -8.385  -17.68  -7.568  4.58
351  24  ASN  HB2  -7.299  -15.087  -7.923  2.96
352  24  ASN  HB3  -7.182  -16.236  -9.007  1.74
353  24  ASN  HD21  -10.017  -17.018  -8.27  3.05
354  24  ASN  HD22  -10.885  -16.062  -9.01  108.3
355  25  LYS  N  -6.097  -18.538  -7.247  117.51
356  25  LYS  CA  -4.797  -19.099  -6.883  55.47
357  25  LYS  C  -3.719  -18.573  -7.824  176.56
358  25  LYS  O  -4.02  -18.075  -8.908  3.41
359  25  LYS  CB  -4.842  -20.624  -6.965  3.43
360  25  LYS  CG  -5.876  -21.159  -5.972  25.29
361  25  LYS  CD  -5.744  -22.679  -5.854  45.41
362  25  LYS  CE  -6.003  -23.334  -7.212  42.5
363  25  LYS  NZ  -6.297  -24.783  -7.013  173.02
364  25  LYS  H  -6.588  -18.952  -7.818  8.23
365  25  LYS  HA  -4.578  -18.841  -5.974  4.8
366  25  LYS  HB2  -5.091  -20.887  -7.865  1.55
367  25  LYS  HB3  -3.969  -20.988  -6.75  1.37
368  25  LYS  HG2  -5.727  -20.754  -5.103  1.49
369  25  LYS  HG3  -6.768  -20.937  -6.283  1.39
370  25  LYS  HD2  -4.85  -22.904  -5.553  2.02
371  25  LYS  HD3  -6.391  -23.01  -5.212  1.59
372  25  LYS  HE2  -6.759  -22.905  -7.643  3.02
373  25  LYS  HE3  -5.215  -23.241  -7.77  4.3
374  25  LYS  HZ1  -5.613  -25.17  -6.596  117.91
375  25  LYS  HZ2  -7.032  -24.872  -6.519  120.2
376  25  LYS  HZ3  -6.421  -25.171  -7.805  55.06
377  26  HSE  N  -2.458  -18.687  -7.408  107.04
378  26  HSE  CA  -1.342  -18.216  -8.23  45.33
379  26  HSE  C  -0.09  -19.071  -7.983  174.07
380  26  HSE  O  0.17  -19.466  -6.847  2.91
381  26  HSE  CB  -1.033  -16.752  -7.893  7.22
382  26  HSE  CG  -2.32  -15.997  -7.705  8.06
383  26  HSE  ND1  -3.094  -15.579  -8.775  118.45
384  26  HSE  CD2  -2.981  -15.577  -6.577  54.18
385  26  HSE  CE1  -4.167  -14.939  -8.273  173.64
386  26  HSE  NE2  -4.146  -14.908  -6.938  1.75
387  26  HSE  H  -2.276  -19.096  -6.536  8.33
388  26  HSE  HA  -1.626  -18.278  -9.268  4.57
389  26  HSE  HB2  -0.453  -16.704  -6.981  43.3
390  26  HSE  HB3  -0.471  -16.307  -8.7  9.42
391  26  HSE  HD1  -2.897  -15.721  -9.724  4.74
392  26  HSE  HD2  -2.646  -15.74  -5.563  173.07
393  26  HSE  HE1  -4.949  -14.502  -8.876  3.04
394  26  HSE  HE2  -4.81  -14.502  -6.341  7.71
395  27  PRO  N  0.695  -19.359  -9.002  119.31
396  27  PRO  CA  1.936  -20.175  -8.843  52.44
397  27  PRO  C  3.052  -19.375  -8.173  174.13
398  27  PRO  O  3.058  -18.147  -8.221  1.47
399  27  PRO  CB  2.297  -20.552  -10.284  38.38
400  27  PRO  CG  1.785  -19.419  -11.107  2.93
401  27  PRO  CD  0.505  -18.943  -10.41  2.97
402  27  PRO  HA  1.746  -20.978  -8.333  4.59
403  27  PRO  HB2  3.258  -20.641  -10.383  3
404  27  PRO  HB3  1.853  -21.375  -10.541  2.18
405  27  PRO  HG2  2.442  -18.706  -11.138  3.57
406  27  PRO  HG3  1.577  -19.719  -12.006  4.17
407  27  PRO  HD2  0.418  -17.979  -10.476  115.31
408  27  PRO  HD3  -0.272  -19.384  -10.788  55
409  28  ILE  N  3.994  -20.073  -7.548  120.54
410  28  ILE  CA  5.097  -19.391  -6.881  55.35
411  28  ILE  C  5.776  -18.432  -7.854  46.2
412  28  ILE  O  5.611  -18.553  -9.068  60.42
413  28  ILE  CB  6.129  -20.407  -6.368  34.25
414  28  ILE  CG1  5.454  -21.429  -5.426  2.03
415  28  ILE  CG2  7.255  -19.669  -5.635  28.39
416  28  ILE  CD  5.301  -20.867  -4.003  37.04
417  28  ILE  H  3.951  -20.932  -7.536  8.44
418  28  ILE  HA  4.748  -18.881  -6.133  3.72
419  28  ILE  HB  6.509  -20.876  -7.127  1.79
420  28  ILE  HG12  4.577  -21.655  -5.774  1.49
421  28  ILE  HG13  5.998  -22.232  -5.392  1.29
422  28  ILE  HG21  6.877  -18.974  -5.074  7.17
423  28  ILE  HG22  7.747  -20.297  -5.083  2
424  28  ILE  HG23  7.855  -19.27  -6.284  7
425  28  ILE  HD11  4.894  -19.871  -4.042  2.3
426  28  ILE  HD12  4.636  -21.502  -3.438  7.1
427  28  ILE  HD13  6.267  -20.843  -3.521  124.02
428  29  ASN  N  6.527  -17.48  -7.307  59.93
429  29  ASN  CA  7.233  -16.492  -8.121  52.12
430  29  ASN  C  6.261  -15.594  -8.883  41.49
431  29  ASN  O  6.675  -14.789  -9.717  31.03
432  29  ASN  CB  8.168  -17.187  -9.113  31.18
433  29  ASN  CG  9.104  -16.163  -9.738  8.75
434  29  ASN  OD1  8.96  -15.826  -10.912  4.34
435  29  ASN  ND2  10.057  -15.64  -9.018  3.45
436  29  ASN  H  6.597  -17.441  -6.451  9.07
437  29  ASN  HA  7.767  -15.935  -7.533  4.27
438  29  ASN  HB2  8.689  -17.861  -8.649  3.26
439  29  ASN  HB3  7.644  -17.61  -9.811  3.06
440  29  ASN  HD21  10.153  -15.875  -8.196  177.05
441  29  ASN  HD22  10.587  -15.058  -9.365  0.35
442  30  SER  N  4.969  -15.715  -8.581  31.75
443  30  SER  CA  3.951  -14.888  -9.234  62.01
444  30  SER  C  3.47  -13.809  -8.276  177.2
445  30  SER  O  3.455  -14.008  -7.062  41.71
446  30  SER  CB  2.763  -15.748  -9.672  33.13
447  30  SER  OG  1.894  -15.952  -8.566  8.27
448  30  SER  H  4.729  -16.281  -7.98  7.9
449  30  SER  HA  4.333  -14.461  -10.017  4.66
450  30  SER  HB2  2.276  -15.296  -10.378  4.18
451  30  SER  HB3  3.087  -16.6  -10.004  4.02
452  30  SER  HG  2.348  -16.273  -7.936  1.42
453  31  GLU  N  3.076  -12.665  -8.829  122.6
454  31  GLU  CA  2.588  -11.546  -8.023  62.67
455  31  GLU  C  1.154  -11.217  -8.415  175.66
456  31  GLU  O  0.764  -11.39  -9.57  23.26
457  31  GLU  CB  3.474  -10.315  -8.244  37.54
458  31  GLU  CG  4.895  -10.586  -7.723  60.88
459  31  GLU  CD  5.697  -11.375  -8.756  9.31
460  31  GLU  OE1  5.12  -11.751  -9.764  115.02
461  31  GLU  OE2  6.876  -11.586  -8.527  54.67
462  31  GLU  H  3.106  -12.58  -9.684  8.24
463  31  GLU  HA  2.609  -11.784  -7.083  5.68
464  31  GLU  HB2  3.508  -10.108  -9.191  1.81
465  31  GLU  HB3  3.098  -9.561  -7.764  8.94
466  31  GLU  HG2  5.34  -9.741  -7.552  2.16
467  31  GLU  HG3  4.849  -11.095  -6.899  2.06
468  32  TRP  N  0.367  -10.751  -7.449  119.18
469  32  TRP  CA  -1.032  -10.41  -7.703  55.71
470  32  TRP  C  -1.411  -9.127  -6.973  174.1
471  32  TRP  O  -0.882  -8.828  -5.903  63.36
472  32  TRP  CB  -1.931  -11.553  -7.227  37.27
473  32  TRP  CG  -1.764  -11.739  -5.75  1.53
474  32  TRP  CD1  -2.567  -11.204  -4.801  29.54
475  32  TRP  CD2  -0.748  -12.505  -5.039  1.1
476  32  TRP  NE1  -2.11  -11.596  -3.553  7.01
477  32  TRP  CE2  -0.989  -12.398  -3.647  3.99
478  32  TRP  CE3  0.35  -13.272  -5.463  2.92
479  32  TRP  CZ2  -0.168  -13.035  -2.71  3.09
480  32  TRP  CZ3  1.177  -13.911  -4.526  54.67
481  32  TRP  CH2  0.917  -13.791  -3.151  118.17
482  32  TRP  H  0.682  -10.652  -6.655  8.82
483  32  TRP  HA  -1.168  -10.28  -8.655  4.99
484  32  TRP  HB2  -2.856  -11.34  -7.425  3.23
485  32  TRP  HB3  -1.682  -12.371  -7.685  2.81
486  32  TRP  HD1  -3.306  -10.663  -4.962  6.78
487  32  TRP  HE1  -2.467  -11.376  -2.802  9.91
488  32  TRP  HE3  0.53  -13.356  -6.372  6.94
489  32  TRP  HZ2  -0.341  -12.959  -1.799  6.79
490  32  TRP  HZ3  1.901  -14.415  -4.821  6.41
491  32  TRP  HH2  1.467  -14.211  -2.53  6.57
492  33  GLN  N  -2.345  -8.379  -7.56  114.51
493  33  GLN  CA  -2.812  -7.125  -6.966  58.51
494  33  GLN  C  -4.202  -7.319  -6.375  171.56
495  33  GLN  O  -5.112  -7.806  -7.046  4.2
496  33  GLN  CB  -2.855  -6.025  -8.028  65.62
497  33  GLN  CG  -1.428  -5.665  -8.449  2.74
498  33  GLN  CD  -1.459  -4.598  -9.538  7.55
499  33  GLN  OE1  -2.526  -4.082  -9.87  112.05
500  33  GLN  NE2  -0.347  -4.236  -10.118  123.73
501  33  GLN  H  -2.684  -8.641  -8.306  8.5
502  33  GLN  HA  -2.206  -6.852  -6.26  5.41
503  33  GLN  HB2  -3.35  -6.342  -8.8  2.08
504  33  GLN  HB3  -3.29  -5.239  -7.664  2.17
505  33  GLN  HG2  -0.943  -5.328  -7.68  2.58
506  33  GLN  HG3  -0.983  -6.457  -8.789  2.41
507  33  GLN  HE21  0.397  -4.6  -9.885  21.16
508  33  GLN  HE22  -0.359  -3.633  -10.731  8
509  34  THR  N  -4.354  -6.954  -5.104  118.15
510  34  THR  CA  -5.631  -7.109  -4.406  54.04
511  34  THR  C  -6.053  -5.803  -3.745  176.34
512  34  THR  O  -5.26  -4.87  -3.626  1.64
513  34  THR  CB  -5.502  -8.19  -3.333  33.89
514  34  THR  OG1  -6.71  -8.259  -2.588  7.73
515  34  THR  CG2  -4.343  -7.845  -2.398  118.8
516  34  THR  H  -3.678  -6.637  -4.677  8.52
517  34  THR  HA  -6.319  -7.377  -5.035  4.91
518  34  THR  HB  -5.329  -9.046  -3.755  4.81
519  34  THR  HG1  -6.906  -9.069  -2.485  118.92
520  34  THR  HG21  -3.545  -7.674  -2.922  59.38
521  34  THR  HG22  -4.567  -7.053  -1.885  176.86
522  34  THR  HG23  -4.18  -8.587  -1.794  2.68
523  35  ASP  N  -7.311  -5.751  -3.32  122.34
524  35  ASP  CA  -7.847  -4.56  -2.67  56.86
525  35  ASP  C  -7.849  -3.377  -3.637  172.16
526  35  ASP  O  -8.207  -2.26  -3.265  41.94
527  35  ASP  CB  -7.014  -4.212  -1.435  31.54
528  35  ASP  CG  -7.777  -3.235  -0.546  7.21
529  35  ASP  OD1  -8.876  -2.858  -0.919  3.91
530  35  ASP  OD2  -7.251  -2.877  0.495  1.84
531  35  ASP  H  -7.82  -6.435  -3.432  8.82
532  35  ASP  HA  -8.758  -4.742  -2.392  4.99
533  35  ASP  HB2  -6.825  -5.021  -0.935  3.26
534  35  ASP  HB3  -6.18  -3.804  -1.716  3.2
535  36  ASN  N  -7.436  -3.635  -4.876  118.97
536  36  ASN  CA  -7.383  -2.591  -5.901  54.13
537  36  ASN  C  -6.489  -1.438  -5.455  173.89
538  36  ASN  O  -6.751  -0.276  -5.768  0.53
539  36  ASN  CB  -8.788  -2.072  -6.205  30.98
540  36  ASN  CG  -9.581  -3.139  -6.948  34.68
541  36  ASN  OD1  -9  -4.079  -7.493  112.1
542  36  ASN  ND2  -10.879  -3.052  -7.003  61.65
543  36  ASN  H  -7.181  -4.43  -5.083  8.2
544  36  ASN  HA  -7.012  -2.974  -6.711  5.04
545  36  ASN  HB2  -9.24  -1.85  -5.376  2.87
546  36  ASN  HB3  -8.724  -1.278  -6.759  2.46
547  36  ASN  HD21  -11.283  -2.396  -6.622  7.71
548  36  ASN  HD22  -11.333  -3.652  -7.42  4.11
549  37  CYS  N  -5.427  -1.773  -4.733  113.42
550  37  CYS  CA  -4.481  -0.77  -4.256  59.98
551  37  CYS  C  -3.466  -1.412  -3.308  131.77
552  37  CYS  O  -2.835  -0.727  -2.499  120.11
553  37  CYS  CB  -5.23  0.376  -3.548  71.43
554  37  CYS  SG  -5.353  1.8  -4.658  177.94
555  37  CYS  H  -5.285  -2.602  -4.553  8.62
556  37  CYS  HA  -4.002  -0.412  -5.02  4.35
557  37  CYS  HB2  -6.122  0.078  -3.31  3.31
558  37  CYS  HB3  -4.757  0.642  -2.744  3.16
559  38  GLU  N  -3.298  -2.727  -3.428  117.52
560  38  GLU  CA  -2.348  -3.465  -2.599  54.74
561  38  GLU  C  -1.714  -4.574  -3.438  175.66
562  38  GLU  O  -2.328  -5.059  -4.388  1.75
563  38  GLU  CB  -3.052  -4.079  -1.38  40.36
564  38  GLU  CG  -3.672  -2.984  -0.502  0.87
565  38  GLU  CD  -2.577  -2.117  0.103  171.34
566  38  GLU  OE1  -1.562  -2.669  0.492  8.77
567  38  GLU  OE2  -2.774  -0.914  0.183  5.03
568  38  GLU  H  -3.748  -3.156  -4.022  7.22
569  38  GLU  HA  -1.652  -2.862  -2.296  5.05
570  38  GLU  HB2  -3.749  -4.684  -1.679  2.11
571  38  GLU  HB3  -2.401  -4.571  -0.855  2.03
572  38  GLU  HG2  -4.264  -2.432  -1.036  58.71
573  38  GLU  HG3  -4.179  -3.397  0.214  177.54
574  39  THR  N  -0.486  -4.967  -3.1  117.03
575  39  THR  CA  0.213  -6.019  -3.853  52.04
576  39  THR  C  0.849  -7.034  -2.909  174.21
577  39  THR  O  0.975  -6.785  -1.709  43.27
578  39  THR  CB  1.293  -5.387  -4.735  38.8
579  39  THR  OG1  0.688  -4.458  -5.624  25.38
580  39  THR  CG2  2.009  -6.473  -5.54  7.44
581  39  THR  H  -0.093  -4.594  -2.432  8.57
582  39  THR  HA  -0.42  -6.482  -4.424  4.9
583  39  THR  HB  1.937  -4.925  -4.176  3.8
584  39  THR  HG1  1.018  -3.7  -5.474  1.88
585  39  THR  HG21  1.364  -7.124  -5.858  1.95
586  39  THR  HG22  2.458  -6.068  -6.299  1.62
587  39  THR  HG23  2.664  -6.915  -4.977  1.83
588  40  CYS  N  1.249  -8.183  -3.455  112.09
589  40  CYS  CA  1.872  -9.223  -2.645  56.28
590  40  CYS  C  2.43  -10.347  -3.515  173.97
591  40  CYS  O  1.968  -10.572  -4.634  9.36
592  40  CYS  CB  0.856  -9.777  -1.636  36.92
593  40  CYS  SG  1.725  -10.451  -0.197  3.85
594  40  CYS  H  1.146  -8.316  -4.298  8.95
595  40  CYS  HA  2.612  -8.83  -2.156  5.5
596  40  CYS  HB2  0.268  -9.062  -1.347  0.5
597  40  CYS  HB3  0.328  -10.476  -2.052  1.61
598  41  THR  N  3.441  -11.042  -2.985  114.35
599  41  THR  CA  4.091  -12.146  -3.701  54.3
600  41  THR  C  3.971  -13.438  -2.894  175.57
601  41  THR  O  3.827  -13.403  -1.673  117.2
602  41  THR  CB  5.574  -11.818  -3.916  32.52
603  41  THR  OG1  5.691  -10.588  -4.619  8.44
604  41  THR  CG2  6.236  -12.935  -4.726  4.59
605  41  THR  H  3.721  -10.831  -2.2  8.52
606  41  THR  HA  3.668  -12.272  -4.565  4.78
607  41  THR  HB  6.016  -11.743  -3.056  3.5
608  41  THR  HG1  6.482  -10.319  -4.538  51.94
609  41  THR  HG21  5.698  -13.131  -5.509  40.74
610  41  THR  HG22  7.121  -12.65  -5.004  7.67
611  41  THR  HG23  6.311  -13.731  -4.177  4.46
612  42  CYS  N  4.027  -14.579  -3.587  115.92
613  42  CYS  CA  3.917  -15.891  -2.934  60.59
614  42  CYS  C  5.239  -16.644  -3.015  174.23
615  42  CYS  O  5.853  -16.727  -4.079  1.35
616  42  CYS  CB  2.834  -16.73  -3.626  70.24
617  42  CYS  SG  2.857  -18.42  -2.977  63.08
618  42  CYS  H  4.125  -14.544  -4.441  8.2
619  42  CYS  HA  3.675  -15.775  -2.002  4.95
620  42  CYS  HB2  1.961  -16.342  -3.459  3.21
621  42  CYS  HB3  3.001  -16.75  -4.581  3.11
622  43  TYR  N  5.653  -17.225  -1.891  127.14
623  43  TYR  CA  6.882  -18.016  -1.831  54.6
624  43  TYR  C  6.539  -19.399  -1.298  171.22
625  43  TYR  O  5.429  -19.623  -0.817  56.3
626  43  TYR  CB  7.927  -17.362  -0.918  46.33
627  43  TYR  CG  8.372  -16.046  -1.509  40.76
628  43  TYR  CD1  9.336  -16.028  -2.523  27
629  43  TYR  CD2  7.826  -14.847  -1.038  8.96
630  43  TYR  CE1  9.754  -14.809  -3.07  5.38
631  43  TYR  CE2  8.244  -13.627  -1.584  2.52
632  43  TYR  CZ  9.208  -13.607  -2.599  2.94
633  43  TYR  OH  9.621  -12.405  -3.136  4.66
634  43  TYR  H  5.169  -17.159  -1.183  8.5
635  43  TYR  HA  7.255  -18.108  -2.722  5.12
636  43  TYR  HB2  7.546  -17.212  -0.039  3.28
637  43  TYR  HB3  8.694  -17.95  -0.836  3.51
638  43  TYR  HD1  9.698  -16.826  -2.834  21.16
639  43  TYR  HD2  7.185  -14.861  -0.364  7.18
640  43  TYR  HE1  10.395  -14.795  -3.744  8.06
641  43  TYR  HE2  7.882  -12.829  -1.271  5.12
642  43  TYR  HH  8.993  -12.101  -3.604  121.49
643  44  GLU  N  7.483  -20.326  -1.397  114.7
644  44  GLU  CA  7.263  -21.694  -0.936  60.88
645  44  GLU  C  6.407  -21.733  0.331  172.62
646  44  GLU  O  5.344  -22.355  0.352  35.45
647  44  GLU  CB  8.61  -22.358  -0.65  71.31
648  44  GLU  CG  9.377  -22.541  -1.962  29.27
649  44  GLU  CD  10.74  -23.163  -1.684  41.99
650  44  GLU  OE1  10.998  -23.491  -0.537  64.36
651  44  GLU  OE2  11.506  -23.305  -2.623  8.37
652  44  GLU  H  8.24  -20.127  -1.752  8.86
653  44  GLU  HA  6.812  -22.195  -1.634  3.88
654  44  GLU  HB2  9.126  -21.794  -0.052  2.12
655  44  GLU  HB3  8.466  -23.224  -0.237  2.24
656  44  GLU  HG2  8.87  -23.12  -2.552  2.35
657  44  GLU  HG3  9.498  -21.677  -2.385  1.46
658  45  THR  N  6.88  -21.077  1.389  122.44
659  45  THR  CA  6.156  -21.059  2.662  54.35
660  45  THR  C  6.207  -19.675  3.305  172.46
661  45  THR  O  6.327  -19.558  4.525  4
662  45  THR  CB  6.762  -22.093  3.612  38.52
663  45  THR  OG1  8.083  -21.703  3.956  126.5
664  45  THR  CG2  6.792  -23.459  2.922  50.56
665  45  THR  H  7.635  -20.67  1.325  8.12
666  45  THR  HA  5.227  -21.288  2.506  4.66
667  45  THR  HB  6.221  -22.152  4.415  4.51
668  45  THR  HG1  8.536  -21.67  3.249  30.57
669  45  THR  HG21  5.897  -23.694  2.631  4.46
670  45  THR  HG22  7.382  -23.419  2.153  9.15
671  45  THR  HG23  7.117  -24.128  3.544  4.37
672  46  GLU  N  6.105  -18.627  2.49  128.4
673  46  GLU  CA  6.132  -17.263  3.017  56.43
674  46  GLU  C  5.449  -16.299  2.048  174.69
675  46  GLU  O  5.462  -16.502  0.836  173.29
676  46  GLU  CB  7.58  -16.816  3.245  39.89
677  46  GLU  CG  7.606  -15.556  4.118  176.51
678  46  GLU  CD  7.199  -15.9  5.545  3.88
679  46  GLU  OE1  7.049  -17.078  5.83  31.62
680  46  GLU  OE2  7.041  -14.984  6.335  26.69
681  46  GLU  H  6.004  -18.75  1.645  7.31
682  46  GLU  HA  5.659  -17.241  3.864  5.05
683  46  GLU  HB2  8.072  -17.525  3.688  2.38
684  46  GLU  HB3  7.995  -16.621  2.39  1.84
685  46  GLU  HG2  8.503  -15.186  4.121  1.68
686  46  GLU  HG3  6.99  -14.898  3.759  1.75
687  47  ILE  N  4.863  -15.242  2.595  117.82
688  47  ILE  CA  4.19  -14.221  1.788  60.76
689  47  ILE  C  4.632  -12.838  2.248  178.61
690  47  ILE  O  4.745  -12.578  3.446  64.84
691  47  ILE  CB  2.666  -14.358  1.908  30.04
692  47  ILE  CG1  2.207  -15.678  1.253  8.76
693  47  ILE  CG2  1.985  -13.182  1.197  31.96
694  47  ILE  CD  0.826  -16.072  1.784  21.07
695  47  ILE  H  4.89  -15.147  3.449  8.99
696  47  ILE  HA  4.44  -14.33  0.857  4.93
697  47  ILE  HB  2.416  -14.353  2.845  1.87
698  47  ILE  HG12  2.152  -15.561  0.292  1.4
699  47  ILE  HG13  2.842  -16.384  1.451  63.26
700  47  ILE  HG21  2.425  -13.02  0.348  176.07
701  47  ILE  HG22  1.053  -13.397  1.037  1.03
702  47  ILE  HG23  2.046  -12.388  1.751  32.66
703  47  ILE  HD11  0.832  -16.045  2.865  22.26
704  47  ILE  HD12  0.088  -15.38  1.409  21.76
705  47  ILE  HD13  0.588  -17.07  1.454  114.28
706  48  SER  N  4.863  -11.949  1.286  102.17
707  48  SER  CA  5.276  -10.581  1.586  61.57
708  48  SER  C  4.352  -9.62  0.857  175.41
709  48  SER  O  4.278  -9.634  -0.372  42.72
710  48  SER  CB  6.722  -10.354  1.131  69.91
711  48  SER  OG  6.73  -9.886  -0.21  8.12
712  48  SER  H  4.74  -12.177  0.466  8.4
713  48  SER  HA  5.21  -10.416  2.54  5.13
714  48  SER  HB2  7.15  -9.695  1.699  3.79
715  48  SER  HB3  7.21  -11.19  1.191  3.67
716  48  SER  HG  6.754  -10.555  -0.718  3.32
717  49  CYS  N  3.639  -8.795  1.619  118.27
718  49  CYS  CA  2.7  -7.838  1.03  55.18
719  49  CYS  C  3.168  -6.41  1.235  173.05
720  49  CYS  O  3.766  -6.07  2.255  21.16
721  49  CYS  CB  1.314  -8.02  1.648  31.81
722  49  CYS  SG  0.704  -9.714  1.389  4.95
723  49  CYS  H  3.724  -8.829  2.474  8.54
724  49  CYS  HA  2.632  -7.988  0.074  5.28
725  49  CYS  HB2  1.363  -7.841  2.6  2.16
726  49  CYS  HB3  0.698  -7.392  1.239  1.7
727  50  CYS  N  2.88  -5.581  0.237  119.1
728  50  CYS  CA  3.248  -4.175  0.269  60.44
729  50  CYS  C  2.227  -3.364  -0.515  176.19
730  50  CYS  O  1.756  -3.788  -1.571  6.83
731  50  CYS  CB  4.643  -3.982  -0.326  41.42
732  50  CYS  SG  5.884  -4.439  0.909  56.58
733  50  CYS  H  2.458  -5.884  -0.448  8.84
734  50  CYS  HA  3.253  -3.866  1.189  5.34
735  50  CYS  HB2  4.742  -4.545  -1.11  2.73
736  50  CYS  HB3  4.767  -3.053  -0.577  3.1
737  51  THR  N  1.874  -2.21  0.021  118.98
738  51  THR  CA  0.889  -1.356  -0.619  55.18
739  51  THR  C  1.489  -0.583  -1.789  174.94
740  51  THR  O  2.708  -0.497  -1.936  8.73
741  51  THR  CB  0.31  -0.391  0.409  65.26
742  51  THR  OG1  -0.689  0.411  -0.203  2.11
743  51  THR  CG2  1.428  0.495  0.958  16.67
744  51  THR  H  2.216  -1.97  0.773  8.41
745  51  THR  HA  0.169  -1.912  -0.956  5.14
746  51  THR  HB  -0.085  -0.899  1.135  121.79
747  51  THR  HG1  -1.351  0.437  0.313  62.55
748  51  THR  HG21  2.144  -0.064  1.298  174.73
749  51  THR  HG22  1.77  1.061  0.248  1.6
750  51  THR  HG23  1.082  1.049  1.675  37.46
751  52  LEU  N  0.61  -0.038  -2.627  124.83
752  52  LEU  CA  1.03  0.719  -3.807  55.17
753  52  LEU  C  1.123  2.213  -3.496  172.85
754  52  LEU  O  1.734  2.975  -4.243  8.52
755  52  LEU  CB  0.005  0.496  -4.929  47.28
756  52  LEU  CG  0.151  -0.928  -5.511  1.82
757  52  LEU  CD1  -1.171  -1.362  -6.15  1.34
758  52  LEU  CD2  1.243  -0.954  -6.59  1.73
759  52  LEU  H  -0.23  -0.142  -2.476  8.52
760  52  LEU  HA  1.898  0.402  -4.103  4.56
761  52  LEU  HB2  -0.887  0.61  -4.565  1.48
762  52  LEU  HB3  0.146  1.151  -5.631  1.73
763  52  LEU  HG  0.381  -1.547  -4.801  104.93
764  52  LEU  HD11  -1.503  -0.653  -6.723  41.06
765  52  LEU  HD12  -1.028  -2.164  -6.677  127.29
766  52  LEU  HD13  -1.82  -1.546  -5.453  53.68
767  52  LEU  HD21  1.038  -0.299  -7.275  172.39
768  52  LEU  HD22  2.104  -0.748  -6.193  7.49
769  52  LEU  HD23  1.276  -1.836  -6.991  45.08
770  53  VAL  N  0.497  2.626  -2.4  118.95
771  53  VAL  CA  0.493  4.034  -2.011  54.77
772  53  VAL  C  1.82  4.444  -1.374  174.02
773  53  VAL  O  2.393  3.706  -0.572  7.58
774  53  VAL  CB  -0.654  4.296  -1.033  47.96
775  53  VAL  CG1  -1.958  3.73  -1.611  1.25
776  53  VAL  CG2  -0.361  3.611  0.307  1.36
777  53  VAL  H  0.072  2.056  -1.917  8.2
778  53  VAL  HA  0.35  4.575  -2.803  4.15
779  53  VAL  HB  -0.748  5.252  -0.898  2.17
780  53  VAL  HG11  -1.833  2.799  -1.855  9.18
781  53  VAL  HG12  -2.66  3.791  -0.944  4.32
782  53  VAL  HG13  -2.213  4.237  -2.398  2.43
783  53  VAL  HG21  -0.022  2.716  0.146  3.05
784  53  VAL  HG22  0.302  4.125  0.794  121.35
785  53  VAL  HG23  -1.177  3.561  0.829  52.48
786  54  SER  N  2.295  5.639  -1.735  117.18
787  54  SER  CA  3.545  6.168  -1.196  62.15
788  54  SER  C  3.277  6.967  0.08  173.04
789  54  SER  O  2.188  7.51  0.258  27.22
790  54  SER  CB  4.205  7.069  -2.239  69.28
791  54  SER  OG  3.653  8.374  -2.149  22.56
792  54  SER  H  1.843  6.119  -2.287  8.44
793  54  SER  HA  4.142  5.432  -0.989  4.97
794  54  SER  HB2  5.16  7.112  -2.076  3.91
795  54  SER  HB3  4.05  6.704  -3.124  3.87
796  54  SER  HG  2.938  8.384  -2.59  1.55
797  55  THR  N  4.274  7.04  0.969  125.38
798  55  THR  CA  4.118  7.785  2.227  54.51
799  55  THR  C  4.912  9.099  2.192  176.77
800  55  THR  O  6.088  9.094  1.828  105.3
801  55  THR  CB  4.626  6.944  3.4  43.34
802  55  THR  OG1  4.047  5.648  3.341  172.2
803  55  THR  CG2  4.247  7.62  4.719  120.83
804  55  THR  H  5.015  6.641  0.792  9.55
805  55  THR  HA  3.177  7.968  2.372  4.8
806  55  THR  HB  5.592  6.872  3.349  4.06
807  55  THR  HG1  4.61  5.098  3.636  29.29
808  55  THR  HG21  4.594  8.526  4.73  36.95
809  55  THR  HG22  3.281  7.642  4.806  174.87
810  55  THR  HG23  4.627  7.119  5.458  63.89
811  56  PRO  N  4.322  10.217  2.572  122.1
812  56  PRO  CA  5.046  11.518  2.588  62.79
813  56  PRO  C  5.95  11.628  3.809  175.42
814  56  PRO  O  5.544  11.296  4.922  2.02
815  56  PRO  CB  3.915  12.55  2.646  33.31
816  56  PRO  CG  2.826  11.862  3.404  2.27
817  56  PRO  CD  2.929  10.376  3.034  125.93
818  56  PRO  HA  5.557  11.632  1.772  4.13
819  56  PRO  HB2  4.206  13.349  3.113  53.5
820  56  PRO  HB3  3.611  12.773  1.753  175.23
821  56  PRO  HG2  2.957  11.983  4.357  0.97
822  56  PRO  HG3  1.959  12.207  3.139  36.68
823  56  PRO  HD2  2.762  9.819  3.81  3.9
824  56  PRO  HD3  2.313  10.161  2.316  3.22
825  57  VAL  N  7.171  12.092  3.598  122.7
826  57  VAL  CA  8.122  12.242  4.694  57.5
827  57  VAL  C  9.122  13.348  4.383  4.53
828  57  VAL  O  9.467  13.579  3.226  2.72
829  57  VAL  CB  8.852  10.918  4.92  64.22
830  57  VAL  CG1  9.451  10.444  3.598  6.65
831  57  VAL  CG2  9.966  11.111  5.952  7.5
832  57  VAL  H  7.408  12.309  2.8  8.43
833  57  VAL  HA  7.642  12.476  5.503  4.31
834  57  VAL  HB  8.219  10.257  5.242  1.88
835  57  VAL  HG11  8.748  10.365  2.934  65.36
836  57  VAL  HG12  10.112  11.086  3.294  28.77
837  57  VAL  HG13  9.874  9.58  3.725  34.15
838  57  VAL  HG21  9.626  11.619  6.705  31.66
839  57  VAL  HG22  10.275  10.245  6.262  27.26
840  57  VAL  HG23  10.705  11.59  5.545  111.08
841  58  GLY  N  9.587  14.031  5.422  7.67
842  58  GLY  CA  10.547  15.113  5.245  60.48
843  58  GLY  C  9.841  16.413  4.881  2.28
844  58  GLY  O  10.392  17.248  4.163  2.18
845  58  GLY  H  9.316  13.831  6.213  8.28
846  58  GLY  HA2  11.167  14.879  4.537  4.82
847  58  GLY  HA3  11.041  15.239  6.071  7.51
848  59  TYR  N  8.617  16.581  5.381  6.73
849  59  TYR  CA  7.835  17.788  5.105  61.98
850  59  TYR  C  7.259  18.344  6.4  175.49
851  59  TYR  O  7.249  17.665  7.427  172.44
852  59  TYR  CB  6.703  17.477  4.121  31.89
853  59  TYR  CG  5.648  16.611  4.78  41.82
854  59  TYR  CD1  5.904  15.259  5.034  26.06
855  59  TYR  CD2  4.403  17.16  5.115  25.76
856  59  TYR  CE1  4.916  14.459  5.622  23.67
857  59  TYR  CE2  3.418  16.363  5.705  6.96
858  59  TYR  CZ  3.674  15.011  5.956  4.43
859  59  TYR  OH  2.701  14.221  6.536  0.95
860  59  TYR  H  8.278  15.967  5.879  6.98
861  59  TYR  HA  8.41  18.462  4.711  4.82
862  59  TYR  HB2  6.3  18.307  3.823  3.04
863  59  TYR  HB3  7.067  17.007  3.355  2.8
864  59  TYR  HD1  6.73  14.892  4.815  50.56
865  59  TYR  HD2  4.234  18.06  4.951  3.91
866  59  TYR  HE1  5.086  13.561  5.792  28.65
867  59  TYR  HE2  2.592  16.729  5.926  20.56
868  59  TYR  HH  1.959  14.599  6.423  8.18
869  60  ASP  N  6.793  19.585  6.35  118.51
870  60  ASP  CA  6.234  20.223  7.537  61.15
871  60  ASP  C  4.85  19.669  7.842  175.28
872  60  ASP  O  3.858  20.071  7.234  39.14
873  60  ASP  CB  6.141  21.734  7.328  120.2
874  60  ASP  CG  5.925  22.438  8.666  55.06
875  60  ASP  OD1  5.518  21.773  9.603  174.94
876  60  ASP  OD2  6.172  23.631  8.731  174.27
877  60  ASP  H  6.832  20.018  5.608  8.8
878  60  ASP  HA  6.817  20.045  8.292  4.45
879  60  ASP  HB2  6.963  22.055  6.925  3.19
880  60  ASP  HB3  5.395  21.932  6.74  2.63
881  61  LYS  N  4.797  18.738  8.784  111.11
882  61  LYS  CA  3.535  18.12  9.169  46.82
883  61  LYS  C  2.659  19.103  9.938  172.77
884  61  LYS  O  1.486  18.831  10.19  1.85
885  61  LYS  CB  3.803  16.905  10.06  7.19
886  61  LYS  CG  4.539  15.826  9.266  2.22
887  61  LYS  CD  4.863  14.644  10.181  2.04
888  61  LYS  CE  5.647  13.589  9.394  127.3
889  61  LYS  NZ  4.763  12.985  8.357  63.2
890  61  LYS  H  5.524  18.488  9.17  8.17
891  61  LYS  HA  3.066  17.828  8.372  4.14
892  61  LYS  HB2  4.342  17.174  10.82  1.79
893  61  LYS  HB3  2.955  16.55  10.37  1.74
894  61  LYS  HG2  3.974  15.524  8.538  1.23
895  61  LYS  HG3  5.363  16.191  8.908  1.15
896  61  LYS  HD2  5.397  14.951  10.93  1.51
897  61  LYS  HD3  4.039  14.252  10.51  2.38
898  61  LYS  HE2  6.41  14.007  8.965  2.8
899  61  LYS  HE3  5.955  12.897  9.999  2.75
900  61  LYS  HZ1  4.718  13.526  7.652  3.72
901  61  LYS  HZ2  5.095  12.199  8.106  3.85
902  61  LYS  HZ3  3.947  12.87  8.692  120.53
903  62  ASP  N  3.237  20.238  10.331  116.63
904  62  ASP  CA  2.494  21.24  11.098  54.89
905  62  ASP  C  1.77  22.231  10.187  173.57
906  62  ASP  O  0.673  22.689  10.507  41.65
907  62  ASP  CB  3.458  22  12.011  40.85
908  62  ASP  CG  4.273  21.015  12.844  4.48
909  62  ASP  OD1  3.669  20.182  13.498  1.59
910  62  ASP  OD2  5.489  21.11  12.813  8.18
911  62  ASP  H  4.062  20.386  10.14  8.15
912  62  ASP  HA  1.837  20.79  11.652  4.61
913  62  ASP  HB2  4.057  22.538  11.47  2.74
914  62  ASP  HB3  2.952  22.578  12.603  2.63
915  63  ASN  N  2.394  22.572  9.058  119.12
916  63  ASN  CA  1.8  23.53  8.119  53.67
917  63  ASN  C  1.102  22.816  6.964  175.78
918  63  ASN  O  0.287  23.414  6.26  38.42
919  63  ASN  CB  2.89  24.447  7.56  40.43
920  63  ASN  CG  3.335  25.437  8.629  119.3
921  63  ASN  OD1  2.593  25.707  9.573  112.48
922  63  ASN  ND2  4.514  25.991  8.542  8.28
923  63  ASN  H  3.164  22.231  8.882  7.58
924  63  ASN  HA  1.147  24.075  8.586  4.96
925  63  ASN  HB2  3.65  23.912  7.282  2.53
926  63  ASN  HB3  2.543  24.935  6.797  2.84
927  63  ASN  HD21  5.033  25.795  7.885  6.84
928  63  ASN  HD22  4.769  26.552  9.142  119.67
929  64  CYS  N  1.416  21.536  6.776  127.28
930  64  CYS  CA  0.809  20.749  5.699  57.78
931  64  CYS  C  0.256  19.44  6.244  177.21
932  64  CYS  O  0.778  18.881  7.207  39.07
933  64  CYS  CB  1.843  20.438  4.616  32.17
934  64  CYS  SG  2.418  21.973  3.848  2.8
935  64  CYS  H  1.986  21.162  7.3  8.13
936  64  CYS  HA  0.08  21.248  5.298  5.47
937  64  CYS  HB2  2.597  19.976  5.014  3.72
938  64  CYS  HB3  1.439  19.873  3.939  2.62
939  65  GLN  N  -0.801  18.95  5.605  117.14
940  65  GLN  CA  -1.433  17.69  6.003  56.55
941  65  GLN  C  -1.569  16.766  4.797  177.83
942  65  GLN  O  -1.854  17.216  3.687  3.16
943  65  GLN  CB  -2.812  17.965  6.602  41.1
944  65  GLN  CG  -3.586  18.91  5.684  7.31
945  65  GLN  CD  -4.956  19.207  6.283  7.31
946  65  GLN  OE1  -5.063  19.497  7.474  4.44
947  65  GLN  NE2  -6.016  19.152  5.525  131.51
948  65  GLN  H  -1.112  19.385  4.932  9.64
949  65  GLN  HA  -0.886  17.249  6.672  4.81
950  65  GLN  HB2  -3.298  17.13  6.691  1.81
951  65  GLN  HB3  -2.711  18.375  7.475  2.05
952  65  GLN  HG2  -3.09  19.737  5.585  2.15
953  65  GLN  HG3  -3.697  18.493  4.815  8.02
954  65  GLN  HE21  -5.94  18.947  4.693  4.27
955  65  GLN  HE22  -6.791  19.318  5.859  40.36
956  66  ARG  N  -1.35  15.476  5.022  114.19
957  66  ARG  CA  -1.435  14.49  3.948  53.75
958  66  ARG  C  -2.892  14.118  3.661  175.55
959  66  ARG  O  -3.686  13.922  4.579  8.84
960  66  ARG  CB  -0.643  13.24  4.349  41.63
961  66  ARG  CG  -1.21  12.679  5.657  2.67
962  66  ARG  CD  -0.395  11.463  6.096  2.77
963  66  ARG  NE  -0.932  10.929  7.341  24.41
964  66  ARG  CZ  -0.43  9.83  7.89  57.76
965  66  ARG  NH1  0.559  9.206  7.311  41.92
966  66  ARG  NH2  -0.925  9.373  9.008  29.05
967  66  ARG  H  -1.146  15.216  5.816  8.56
968  66  ARG  HA  -1.041  14.869  3.147  5.18
969  66  ARG  HB2  -0.715  12.571  3.65  1.68
970  66  ARG  HB3  0.289  13.476  4.478  1.5
971  66  ARG  HG2  -1.167  13.361  6.345  1.42
972  66  ARG  HG3  -2.132  12.411  5.522  1.38
973  66  ARG  HD2  -0.44  10.781  5.408  7.06
974  66  ARG  HD3  0.529  11.726  6.227  115.1
975  66  ARG  HE  -1.583  11.335  7.729  54.66
976  66  ARG  HH11  0.885  9.508  6.575  2.99
977  66  ARG  HH12  0.884  8.493  7.666  176.87
978  66  ARG  HH21  -1.576  9.785  9.39  36.76
979  66  ARG  HH22  -0.601  8.66  9.364  32.07
980  67  ILE  N  -3.241  14.039  2.373  118.5
981  67  ILE  CA  -4.61  13.709  1.96  56.5
982  67  ILE  C  -4.63  12.397  1.177  171.29
983  67  ILE  O  -3.799  12.175  0.295  4.28
984  67  ILE  CB  -5.16  14.836  1.091  49.39
985  67  ILE  CG1  -5.006  16.179  1.828  3.02
986  67  ILE  CG2  -6.637  14.577  0.772  7.42
987  67  ILE  CD  -5.684  16.139  3.204  6.77
988  67  ILE  H  -2.651  14.204  1.77  9.4
989  67  ILE  HA  -5.174  13.613  2.743  4.57
990  67  ILE  HB  -4.659  14.869  0.261  1.81
991  67  ILE  HG12  -4.062  16.366  1.947  1.1
992  67  ILE  HG13  -5.405  16.884  1.294  1.44
993  67  ILE  HG21  -7.097  14.289  1.576  25.06
994  67  ILE  HG22  -7.04  15.397  0.447  1.49
995  67  ILE  HG23  -6.708  13.888  0.092  1.47
996  67  ILE  HD11  -6.575  15.529  3.162  7.39
997  67  ILE  HD12  -5.002  15.727  3.93  7.41
998  67  ILE  HD13  -5.948  17.145  3.495  4.45
999  68  PHE  N  -5.572  11.522  1.524  117.85
1000  68  PHE  CA  -5.683  10.217  0.871  53.32
1001  68  PHE  C  -6.634  10.255  -0.327  172.68
1002  68  PHE  O  -7.822  10.546  -0.184  1.3
1003  68  PHE  CB  -6.19  9.193  1.893  32.1
1004  68  PHE  CG  -6.175  7.805  1.291  32.62
1005  68  PHE  CD1  -4.964  7.236  0.879  2.92
1006  68  PHE  CD2  -7.367  7.077  1.155  2.92
1007  68  PHE  CE1  -4.942  5.951  0.335  120.68
1008  68  PHE  CE2  -7.342  5.791  0.609  114.56
1009  68  PHE  CZ  -6.13  5.226  0.199  122.28
1010  68  PHE  H  -6.117  11.722  2.158  9.21
1011  68  PHE  HA  -4.806  9.94  0.563  4.6
1012  68  PHE  HB2  -5.618  9.209  2.676  1.82
1013  68  PHE  HB3  -7.096  9.424  2.153  2.06
1014  68  PHE  HD1  -4.17  7.711  0.969  37.76
1015  68  PHE  HD2  -8.175  7.451  1.424  26.66
1016  68  PHE  HE1  -4.136  5.578  0.06  17.86
1017  68  PHE  HE2  -8.132  5.308  0.523  7.76
1018  68  PHE  HZ  -6.115  4.37  -0.163  8.23
1019  69  LYS  N  -6.092  9.941  -1.51  122.52
1020  69  LYS  CA  -6.882  9.92  -2.753  54.45
1021  69  LYS  C  -6.866  8.514  -3.367  175.18
1022  69  LYS  O  -5.857  8.089  -3.93  1.4
1023  69  LYS  CB  -6.29  10.933  -3.77  32.14
1024  69  LYS  CG  -7.217  12.148  -3.959  27.18
1025  69  LYS  CD  -7.177  13.035  -2.715  40.54
1026  69  LYS  CE  -8.014  14.289  -2.963  127.08
1027  69  LYS  NZ  -7.962  15.168  -1.765  8.37
1028  69  LYS  H  -5.255  9.745  -1.539  8.58
1029  69  LYS  HA  -7.8  10.161  -2.551  4.41
1030  69  LYS  HB2  -5.429  11.239  -3.445  1.68
1031  69  LYS  HB3  -6.165  10.501  -4.63  1.52
1032  69  LYS  HG2  -6.916  12.66  -4.726  1.38
1033  69  LYS  HG3  -8.126  11.846  -4.109  1.26
1034  69  LYS  HD2  -7.539  12.547  -1.959  1.58
1035  69  LYS  HD3  -6.26  13.291  -2.528  20.66
1036  69  LYS  HE2  -7.661  14.768  -3.729  2.82
1037  69  LYS  HE3  -8.933  14.035  -3.138  4.22
1038  69  LYS  HZ1  -7.116  15.382  -1.593  1.78
1039  69  LYS  HZ2  -8.43  15.909  -1.919  2.98
1040  69  LYS  HZ3  -8.309  14.74  -1.066  8.16
1041  70  LYS  N  -7.981  7.803  -3.261  126.48
1042  70  LYS  CA  -8.077  6.453  -3.818  60.29
1043  70  LYS  C  -7.956  6.462  -5.338  174.73
1044  70  LYS  O  -7.318  5.589  -5.926  59.6
1045  70  LYS  CB  -9.425  5.841  -3.449  41.33
1046  70  LYS  CG  -9.459  5.556  -1.956  51.86
1047  70  LYS  CD  -10.838  5.018  -1.575  174.72
1048  70  LYS  CE  -10.841  4.593  -0.106  36.88
1049  70  LYS  NZ  -10.584  5.781  0.756  39.96
1050  70  LYS  H  -8.664  8.134  -2.856  8.01
1051  70  LYS  HA  -7.37  5.904  -3.445  3.21
1052  70  LYS  HB2  -10.136  6.46  -3.678  1.73
1053  70  LYS  HB3  -9.55  5.011  -3.936  1.66
1054  70  LYS  HG2  -8.782  4.895  -1.744  1.4
1055  70  LYS  HG3  -9.283  6.375  -1.467  122.1
1056  70  LYS  HD2  -11.5  5.714  -1.71  54.46
1057  70  LYS  HD3  -11.052  4.254  -2.133  175.42
1058  70  LYS  HE2  -11.705  4.212  0.118  117.94
1059  70  LYS  HE3  -10.149  3.929  0.04  35.36
1060  70  LYS  HZ1  -10.989  6.494  0.41  176.04
1061  70  LYS  HZ2  -10.897  5.627  1.575  115.38
1062  70  LYS  HZ3  -9.708  5.932  0.798  8.37
1063  71  GLU  N  -8.617  7.422  -5.968  127.24
1064  71  GLU  CA  -8.627  7.502  -7.423  57.01
1065  71  GLU  C  -7.218  7.472  -8.003  174.32
1066  71  GLU  O  -7.026  7.07  -9.15  1.58
1067  71  GLU  CB  -9.328  8.785  -7.871  39.67
1068  71  GLU  CG  -9.485  8.783  -9.394  1.13
1069  71  GLU  CD  -10.227  10.038  -9.846  1.33
1070  71  GLU  OE1  -10.356  10.947  -9.041  6.75
1071  71  GLU  OE2  -10.655  10.071  -10.987  8.02
1072  71  GLU  H  -9.079  7.987  -5.513  9.51
1073  71  GLU  HA  -9.122  6.742  -7.768  3.96
1074  71  GLU  HB2  -10.203  8.838  -7.456  1.89
1075  71  GLU  HB3  -8.798  9.552  -7.604  1.95
1076  71  GLU  HG2  -8.609  8.761  -9.809  2.27
1077  71  GLU  HG3  -9.988  7.999  -9.664  127.2
1078  72  ASP  N  -6.231  7.902  -7.215  130.46
1079  72  ASP  CA  -4.839  7.922  -7.678  53.17
1080  72  ASP  C  -3.955  7.07  -6.772  175.2
1081  72  ASP  O  -2.733  7.066  -6.913  39.46
1082  72  ASP  CB  -4.325  9.361  -7.682  30.71
1083  72  ASP  CG  -5.089  10.182  -8.715  23.96
1084  72  ASP  OD1  -5.672  9.585  -9.605  4.51
1085  72  ASP  OD2  -5.082  11.398  -8.601  2.55
1086  72  ASP  H  -6.41  8.171  -6.418  6.86
1087  72  ASP  HA  -4.786  7.573  -8.581  4.79
1088  72  ASP  HB2  -4.45  9.749  -6.802  2.13
1089  72  ASP  HB3  -3.381  9.364  -7.906  2.71
1090  73  CYS  N  -4.582  6.344  -5.849  126.41
1091  73  CYS  CA  -3.852  5.483  -4.919  59.58
1092  73  CYS  C  -2.52  6.115  -4.506  178.6
1093  73  CYS  O  -1.447  5.593  -4.814  21.16
1094  73  CYS  CB  -3.623  4.106  -5.562  32.22
1095  73  CYS  SG  -3.66  2.831  -4.279  3.81
1096  73  CYS  H  -5.44  6.375  -5.801  7.93
1097  73  CYS  HA  -4.394  5.365  -4.123  4.04
1098  73  CYS  HB2  -4.33  3.931  -6.203  2.95
1099  73  CYS  HB3  -2.766  4.083  -6.016  3.11
1100  74  LYS  N  -2.597  7.243  -3.808  117.33
1101  74  LYS  CA  -1.391  7.927  -3.363  59.11
1102  74  LYS  C  -1.696  8.951  -2.28  176.26
1103  74  LYS  O  -2.845  9.35  -2.087  178.24
1104  74  LYS  CB  -0.714  8.627  -4.549  28.27
1105  74  LYS  CG  -1.681  9.633  -5.198  36.17
1106  74  LYS  CD  -0.898  10.588  -6.106  25.06
1107  74  LYS  CE  -0.178  9.792  -7.194  2.79
1108  74  LYS  NZ  0.287  10.714  -8.268  178.49
1109  74  LYS  H  -3.369  7.57  -3.616  7.14
1110  74  LYS  HA  -0.776  7.269  -3.003  5.01
1111  74  LYS  HB2  0.078  9.094  -4.239  1.71
1112  74  LYS  HB3  -0.46  7.96  -5.206  1.89
1113  74  LYS  HG2  -2.338  9.153  -5.726  1.12
1114  74  LYS  HG3  -2.136  10.148  -4.513  1.25
1115  74  LYS  HD2  -1.512  11.215  -6.519  1.56
1116  74  LYS  HD3  -0.245  11.074  -5.578  6.88
1117  74  LYS  HE2  0.588  9.341  -6.806  2.82
1118  74  LYS  HE3  -0.787  9.137  -7.57  2.95
1119  74  LYS  HZ1  0.7  11.412  -7.901  2.95
1120  74  LYS  HZ2  0.85  10.285  -8.807  178.05
1121  74  LYS  HZ3  -0.412  10.998  -8.739  2.13
1122  75  TYR  N  -0.646  9.401  -1.603  115.3
1123  75  TYR  CA  -0.778  10.415  -0.562  53.3
1124  75  TYR  C  -0.165  11.718  -1.058  174.25
1125  75  TYR  O  0.969  11.739  -1.536  177.49
1126  75  TYR  CB  -0.059  9.963  0.719  43.02
1127  75  TYR  CG  -0.953  9.057  1.534  8.43
1128  75  TYR  CD1  -1.916  9.619  2.378  35.46
1129  75  TYR  CD2  -0.807  7.667  1.466  2.02
1130  75  TYR  CE1  -2.735  8.795  3.154  1.5
1131  75  TYR  CE2  -1.625  6.84  2.248  2.46
1132  75  TYR  CZ  -2.588  7.405  3.092  8.84
1133  75  TYR  OH  -3.393  6.594  3.863  3.98
1134  75  TYR  H  0.138  9.107  -1.798  9.17
1135  75  TYR  HA  -1.716  10.567  -0.366  5.59
1136  75  TYR  HB2  0.749  9.483  0.481  3.01
1137  75  TYR  HB3  0.175  10.739  1.252  2.88
1138  75  TYR  HD1  -2.017  10.543  2.417  114.3
1139  75  TYR  HD2  -0.169  7.292  0.903  45.36
1140  75  TYR  HE1  -3.372  9.172  3.718  173.43
1141  75  TYR  HE2  -1.529  5.916  2.204  1.49
1142  75  TYR  HH  -3.977  7.076  4.226  8.95
1143  76  ILE  N  -0.918  12.803  -0.937  115.58
1144  76  ILE  CA  -0.448  14.117  -1.362  55.11
1145  76  ILE  C  -0.558  15.088  -0.2  173.01
1146  76  ILE  O  -1.53  15.059  0.553  57.36
1147  76  ILE  CB  -1.275  14.604  -2.558  36.27
1148  76  ILE  CG1  -2.757  14.692  -2.167  1.69
1149  76  ILE  CG2  -1.116  13.626  -3.727  65.06
1150  76  ILE  CD  -3.568  15.215  -3.354  61.54
1151  76  ILE  H  -1.702  12.736  -0.59  9.05
1152  76  ILE  HA  0.483  14.063  -1.628  4.79
1153  76  ILE  HB  -0.959  15.481  -2.828  1.87
1154  76  ILE  HG12  -3.079  13.812  -1.917  3.61
1155  76  ILE  HG13  -2.861  15.3  -1.419  21.33
1156  76  ILE  HG21  -0.175  13.437  -3.869  7.06
1157  76  ILE  HG22  -1.583  12.8  -3.527  52.36
1158  76  ILE  HG23  -1.489  14.019  -4.531  3.85
1159  76  ILE  HD11  -3.087  16.092  -3.761  115.4
1160  76  ILE  HD12  -3.625  14.452  -4.115  31.66
1161  76  ILE  HD13  -4.564  15.471  -3.024  35.46
1162  77  VAL  N  0.449  15.937  -0.049  113.1
1163  77  VAL  CA  0.469  16.914  1.04  54.67
1164  77  VAL  C  0.308  18.318  0.479  174.12
1165  77  VAL  O  1.008  18.716  -0.453  9.03
1166  77  VAL  CB  1.798  16.803  1.809  36.5
1167  77  VAL  CG1  1.714  15.688  2.857  1.93
1168  77  VAL  CG2  2.923  16.479  0.828  1.74
1169  77  VAL  H  1.109  15.909  -0.6  8.56
1170  77  VAL  HA  -0.265  16.741  1.65  4.85
1171  77  VAL  HB  1.992  17.644  2.253  1.68
1172  77  VAL  HG11  1.351  14.887  2.449  62.76
1173  77  VAL  HG12  2.601  15.501  3.203  175.74
1174  77  VAL  HG13  1.137  15.971  3.584  114.73
1175  77  VAL  HG21  2.853  17.057  0.052  31.66
1176  77  VAL  HG22  3.779  16.622  1.261  4.32
1177  77  VAL  HG23  2.854  15.553  0.548  2.19
1178  78  VAL  N  -0.624  19.063  1.063  118.21
1179  78  VAL  CA  -0.894  20.437  0.637  57.99
1180  78  VAL  C  -0.929  21.36  1.848  175.99
1181  78  VAL  O  -1.084  20.904  2.98  6.99
1182  78  VAL  CB  -2.242  20.515  -0.092  41.91
1183  78  VAL  CG1  -2.201  19.699  -1.398  121
1184  78  VAL  CG2  -3.343  19.972  0.824  57.51
1185  78  VAL  H  -1.077  18.725  1.711  8.44
1186  78  VAL  HA  -0.192  20.738  0.039  5.26
1187  78  VAL  HB  -2.43  21.442  -0.306  2.31
1188  78  VAL  HG11  -1.621  18.929  -1.286  4.06
1189  78  VAL  HG12  -3.095  19.399  -1.626  43.96
1190  78  VAL  HG13  -1.862  20.258  -2.115  2.28
1191  78  VAL  HG21  -3.126  19.065  1.091  25.56
1192  78  VAL  HG22  -3.41  20.532  1.613  23.36
1193  78  VAL  HG23  -4.189  19.976  0.35  8.85
1194  79  GLU  N  -0.791  22.657  1.604  114.14
1195  79  GLU  CA  -0.819  23.629  2.685  60.18
1196  79  GLU  C  -2.194  23.64  3.338  174.41
1197  79  GLU  O  -3.211  23.45  2.669  8.64
1198  79  GLU  CB  -0.5  25.023  2.135  40.95
1199  79  GLU  CG  0.926  25.04  1.578  3.1
1200  79  GLU  CD  1.933  24.857  2.707  3.03
1201  79  GLU  OE1  1.576  25.12  3.843  7.35
1202  79  GLU  OE2  3.051  24.459  2.419  10.15
1203  79  GLU  H  -0.695  22.936  0.796  9.06
1204  79  GLU  HA  -0.153  23.389  3.348  4.8
1205  79  GLU  HB2  -1.127  25.242  1.428  58.56
1206  79  GLU  HB3  -0.576  25.676  2.848  176.76
1207  79  GLU  HG2  1.027  24.32  0.936  0.93
1208  79  GLU  HG3  1.088  25.889  1.138  35.86
1209  80  LYS  N  -2.232  23.885  4.642  122.86
1210  80  LYS  CA  -3.495  23.944  5.358  61.54
1211  80  LYS  C  -4.259  25.208  4.975  175.68
1212  80  LYS  O  -5.472  25.175  4.764  27.41
1213  80  LYS  CB  -3.216  23.917  6.854  31.93
1214  80  LYS  CG  -2.709  22.525  7.236  25.15
1215  80  LYS  CD  -2.193  22.557  8.669  9.29
1216  80  LYS  CE  -1.707  21.168  9.08  4.25
1217  80  LYS  NZ  -2.874  20.247  9.195  3.29
1218  80  LYS  H  -1.506  24.049  5.072  8.44
1219  80  LYS  HA  -4.029  23.169  5.124  3.9
1220  80  LYS  HB2  -2.544  24.582  7.072  1.81
1221  80  LYS  HB3  -4.033  24.107  7.341  131.65
1222  80  LYS  HG2  -3.434  21.885  7.167  0.09
1223  80  LYS  HG3  -1.989  22.266  6.64  130.96
1224  80  LYS  HD2  -1.455  23.184  8.718  108.8
1225  80  LYS  HD3  -2.905  22.842  9.263  57.56
1226  80  LYS  HE2  -1.091  20.828  8.412  2.87
1227  80  LYS  HE3  -1.255  21.226  9.936  2.82
1228  80  LYS  HZ1  -2.587  19.429  9.397  175.4
1229  80  LYS  HZ2  -3.42  20.538  9.835  37.06
1230  80  LYS  HZ3  -3.31  20.222  8.419  9.33
1231  81  LYS  N  -3.533  26.319  4.885  118.73
1232  81  LYS  CA  -4.139  27.595  4.523  58.26
1233  81  LYS  C  -4.707  27.545  3.108  175.55
1234  81  LYS  O  -5.795  28.059  2.844  3.81
1235  81  LYS  CB  -3.093  28.712  4.613  36.52
1236  81  LYS  CG  -2.712  28.941  6.079  2.49
1237  81  LYS  CD  -1.724  30.112  6.194  2.13
1238  81  LYS  CE  -0.342  29.706  5.668  2.21
1239  81  LYS  NZ  0.668  30.713  6.114  102.6
1240  81  LYS  H  -2.688  26.283  5.041  8.34
1241  81  LYS  HA  -4.857  27.79  5.145  4.24
1242  81  LYS  HB2  -2.307  28.449  4.109  1.88
1243  81  LYS  HB3  -3.459  29.53  4.242  7.73
1244  81  LYS  HG2  -3.512  29.148  6.587  1.45
1245  81  LYS  HG3  -2.303  28.137  6.437  3.35
1246  81  LYS  HD2  -2.055  30.863  5.677  1.7
1247  81  LYS  HD3  -1.647  30.374  7.125  65.56
1248  81  LYS  HE2  -0.102  28.833  6.016  3.03
1249  81  LYS  HE3  -0.356  29.676  4.699  63.4
1250  81  LYS  HZ1  0.665  30.763  7.003  33.56
1251  81  LYS  HZ2  1.476  30.467  5.833  23.96
1252  81  LYS  HZ3  0.465  31.51  5.774  22.26
1253  82  ASP  N  -3.956  26.925  2.196  121.4
1254  82  ASP  CA  -4.373  26.803  0.797  57.99
1255  82  ASP  C  -4.177  25.36  0.315  178.11
1256  82  ASP  O  -3.118  25.022  -0.214  1.72
1257  82  ASP  CB  -3.531  27.744  -0.072  29.58
1258  82  ASP  CG  -3.53  29.145  0.529  3.08
1259  82  ASP  OD1  -2.703  29.4  1.39  6.71
1260  82  ASP  OD2  -4.353  29.946  0.117  125.33
1261  82  ASP  H  -3.202  26.587  2.434  6.7
1262  82  ASP  HA  -5.305  27.056  0.706  4.87
1263  82  ASP  HB2  -2.621  27.412  -0.117  2.93
1264  82  ASP  HB3  -3.906  27.777  -0.966  2.52
1265  83  PRO  N  -5.159  24.508  0.493  121.23
1266  83  PRO  CA  -5.071  23.075  0.071  59.68
1267  83  PRO  C  -4.8  22.918  -1.43  178.83
1268  83  PRO  O  -4.421  21.84  -1.889  29.6
1269  83  PRO  CB  -6.446  22.491  0.449  33.05
1270  83  PRO  CG  -6.996  23.422  1.48  9.35
1271  83  PRO  CD  -6.459  24.804  1.124  5.46
1272  83  PRO  HA  -4.377  22.627  0.58  3.9
1273  83  PRO  HB2  -7.028  22.467  -0.326  2.26
1274  83  PRO  HB3  -6.346  21.601  0.822  4.65
1275  83  PRO  HG2  -7.966  23.419  1.451  1.92
1276  83  PRO  HG3  -6.685  23.169  2.363  1.98
1277  83  PRO  HD2  -7.049  25.25  0.497  3.85
1278  83  PRO  HD3  -6.331  25.34  1.922  3.51
1279  84  LYS  N  -4.98  23.996  -2.185  113.67
1280  84  LYS  CA  -4.732  23.961  -3.622  57.06
1281  84  LYS  C  -3.244  23.779  -3.916  117.87
1282  84  LYS  O  -2.865  23.057  -4.838  118.5
1283  84  LYS  CB  -5.228  25.257  -4.269  32.59
1284  84  LYS  CG  -6.755  25.313  -4.188  3.83
1285  84  LYS  CD  -7.262  26.66  -4.719  39.86
1286  84  LYS  CE  -7.218  26.685  -6.252  42.26
1287  84  LYS  NZ  -7.983  27.866  -6.746  19.8
1288  84  LYS  H  -5.211  24.74  -1.821  7.68
1289  84  LYS  HA  -5.221  23.216  -4.005  4.25
1290  84  LYS  HB2  -4.85  26.017  -3.8  1.88
1291  84  LYS  HB3  -4.953  25.279  -5.199  2.65
1292  84  LYS  HG2  -7.133  24.59  -4.713  1.44
1293  84  LYS  HG3  -7.027  25.213  -3.262  1.37
1294  84  LYS  HD2  -8.176  26.795  -4.423  1.7
1295  84  LYS  HD3  -6.704  27.373  -4.372  1.25
1296  84  LYS  HE2  -6.297  26.749  -6.55  3.02
1297  84  LYS  HE3  -7.618  25.874  -6.604  1.34
1298  84  LYS  HZ1  -7.906  28.535  -6.164  2.73
1299  84  LYS  HZ2  -7.66  28.121  -7.535  9.14
1300  84  LYS  HZ3  -8.842  27.651  -6.833  119.74
1301  85  LYS  N  -2.408  24.459  -3.13  53.74
1302  85  LYS  CA  -0.96  24.395  -3.314  51.69
1303  85  LYS  C  -0.373  23.165  -2.633  123.7
1304  85  LYS  O  -0.739  22.836  -1.506  33.39
1305  85  LYS  CB  -0.308  25.65  -2.735  41.12
1306  85  LYS  CG  1.185  25.658  -3.07  43.37
1307  85  LYS  CD  1.805  26.968  -2.583  43.34
1308  85  LYS  CE  3.294  26.999  -2.943  1.93
1309  85  LYS  NZ  4.032  26.009  -2.107  130.69
1310  85  LYS  H  -2.729  24.955  -2.505  8.29
1311  85  LYS  HA  -0.764  24.355  -4.263  4.55
1312  85  LYS  HB2  -0.727  26.437  -3.116  1.88
1313  85  LYS  HB3  -0.42  25.658  -1.772  1.76
1314  85  LYS  HG2  1.618  24.91  -2.63  1.4
1315  85  LYS  HG3  1.303  25.582  -4.03  1.31
1316  85  LYS  HD2  1.354  27.715  -3.006  1.7
1317  85  LYS  HD3  1.707  27.034  -1.62  3.2
1318  85  LYS  HE2  3.403  26.773  -3.88  3.02
1319  85  LYS  HE3  3.647  27.888  -2.78  6.82
1320  85  LYS  HZ1  3.876  25.188  -2.412  6.78
1321  85  LYS  HZ2  4.905  26.178  -2.146  6.78
1322  85  LYS  HZ3  3.754  26.071  -1.264  7.05
1323  86  THR  N  0.539  22.491  -3.326  127.4
1324  86  THR  CA  1.173  21.298  -2.778  63.6
1325  86  THR  C  2.278  21.671  -1.794  176.17
1326  86  THR  O  2.763  22.804  -1.788  173.91
1327  86  THR  CB  1.761  20.458  -3.914  31.91
1328  86  THR  OG1  2.764  21.206  -4.586  71.24
1329  86  THR  CG2  0.653  20.082  -4.901  133.23
1330  86  THR  H  0.761  22.756  -4.113  8.16
1331  86  THR  HA  0.506  20.768  -2.314  4.68
1332  86  THR  HB  2.15  19.647  -3.55  4.31
1333  86  THR  HG1  3.46  20.736  -4.618  3.93
1334  86  THR  HG21  0.175  20.882  -5.168  9.21
1335  86  THR  HG22  1.044  19.664  -5.684  5.1
1336  86  THR  HG23  0.037  19.464  -4.477  3.15
1337  87  CYS  N  2.675  20.706  -0.962  115.5
1338  87  CYS  CA  3.731  20.921  0.033  56.55
1339  87  CYS  C  5.02  20.215  -0.396  176.89
1340  87  CYS  O  4.98  19.122  -0.962  7.11
1341  87  CYS  CB  3.266  20.395  1.403  31.95
1342  87  CYS  SG  3.998  21.392  2.727  41.98
1343  87  CYS  H  2.301  19.933  -1.013  8.21
1344  87  CYS  HA  3.91  21.871  0.11  4.95
1345  87  CYS  HB2  2.299  20.455  1.455  3.3
1346  87  CYS  HB3  3.532  19.468  1.511  3.07
1347  88  SER  N  6.16  20.847  -0.127  122.53
1348  88  SER  CA  7.449  20.268  -0.495  54.96
1349  88  SER  C  7.763  19.051  0.37  175.3
1350  88  SER  O  7.489  19.041  1.57  4.09
1351  88  SER  CB  8.557  21.307  -0.335  33.52
1352  88  SER  OG  9.807  20.719  -0.674  121.52
1353  88  SER  H  6.137  21.611  0.268  8.46
1354  88  SER  HA  7.414  19.992  -1.424  4.34
1355  88  SER  HB2  8.389  22.059  -0.924  3.84
1356  88  SER  HB3  8.576  21.618  0.584  1.77
1357  88  SER  HG  10.209  20.534  0.04  125.07
1358  89  VAL  N  8.34  18.021  -0.253  115.43
1359  89  VAL  CA  8.694  16.788  0.456  61.76
1360  89  VAL  C  10.114  16.356  0.085  175.27
1361  89  VAL  O  10.481  16.36  -1.089  16.82
1362  89  VAL  CB  7.697  15.684  0.089  70.21
1363  89  VAL  CG1  7.764  14.551  1.119  113.95
1364  89  VAL  CG2  6.283  16.274  0.068  22.48
1365  89  VAL  H  8.507  18.086  -1.094  8.24
1366  89  VAL  HA  8.655  16.944  1.413  4.31
1367  89  VAL  HB  7.912  15.334  -0.79  1.84
1368  89  VAL  HG11  7.637  14.913  2.01  3.06
1369  89  VAL  HG12  7.067  13.903  0.933  3.51
1370  89  VAL  HG13  8.63  14.117  1.065  7.41
1371  89  VAL  HG21  6.161  16.843  0.844  10.36
1372  89  VAL  HG22  6.164  16.798  -0.74  8.08
1373  89  VAL  HG23  5.631  15.556  0.089  7.44
1374  90  SER  N  10.902  15.976  1.087  119.82
1375  90  SER  CA  12.273  15.537  0.842  54.78
1376  90  SER  C  12.295  14.236  0.055  173.17
1377  90  SER  O  13.153  14.034  -0.806  52.24
1378  90  SER  CB  13.006  15.319  2.163  47.8
1379  90  SER  OG  12.856  16.465  2.985  52.91
1380  90  SER  H  10.603  15.975  1.893  8.71
1381  90  SER  HA  12.739  16.222  0.338  4.4
1382  90  SER  HB2  12.632  14.545  2.613  4.06
1383  90  SER  HB3  13.945  15.156  1.985  3.94
1384  90  SER  HG  12.395  17.027  2.564  4.44
1385  91  GLU  N  11.353  13.347  0.363  116.76
1386  91  GLU  CA  11.292  12.059  -0.322  59.08
1387  91  GLU  C  10.029  11.283  0.04  173.47
1388  91  GLU  O  9.316  11.632  0.982  173.95
1389  91  GLU  CB  12.528  11.231  0.044  63.36
1390  91  GLU  CG  12.486  10.862  1.529  69.53
1391  91  GLU  CD  13.786  10.174  1.928  55.17
1392  91  GLU  OE1  14.344  9.477  1.097  21.8
1393  91  GLU  OE2  14.203  10.353  3.06  117.76
1394  91  GLU  H  10.775  13.539  0.97  7.68
1395  91  GLU  HA  11.3  12.216  -1.279  4.69
1396  91  GLU  HB2  12.544  10.421  -0.489  1.87
1397  91  GLU  HB3  13.329  11.749  -0.131  3.82
1398  91  GLU  HG2  12.371  11.668  2.057  2.1
1399  91  GLU  HG3  11.744  10.259  1.694  24.73
1400  92  TRP  N  9.769  10.215  -0.718  123.92
1401  92  TRP  CA  8.6  9.357  -0.49  61.12
1402  92  TRP  C  9.049  7.913  -0.265  176.21
1403  92  TRP  O  10.063  7.478  -0.811  2.92
1404  92  TRP  CB  7.67  9.408  -1.707  35.52
1405  92  TRP  CG  7.149  10.796  -1.883  26.51
1406  92  TRP  CD1  7.822  11.815  -2.467  43.12
1407  92  TRP  CD2  5.853  11.331  -1.497  83.66
1408  92  TRP  NE1  7.02  12.945  -2.454  125.83
1409  92  TRP  CE2  5.796  12.695  -1.867  58.44
1410  92  TRP  CE3  4.732  10.768  -0.862  175.01
1411  92  TRP  CZ2  4.665  13.472  -1.619  8.18
1412  92  TRP  CZ3  3.592  11.545  -0.61  4.3
1413  92  TRP  CH2  3.561  12.896  -0.986  1.61
1414  92  TRP  H  10.309  10.018  -1.357  8.63
1415  92  TRP  HA  8.113  9.665  0.29  5.04
1416  92  TRP  HB2  8.16  9.144  -2.501  2.93
1417  92  TRP  HB3  6.925  8.802  -1.57  3.11
1418  92  TRP  HD1  8.683  11.767  -2.815  7.15
1419  92  TRP  HE1  7.242  13.714  -2.768  10.2
1420  92  TRP  HE3  4.747  9.873  -0.609  7.52
1421  92  TRP  HZ2  4.648  14.368  -1.869  7.3
1422  92  TRP  HZ3  2.855  11.163  -0.19  6.77
1423  92  TRP  HH2  2.803  13.408  -0.816  7.16
1424  93  ILE  N  8.29  7.173  0.544  122.18
1425  93  ILE  CA  8.625  5.773  0.833  60.9
1426  93  ILE  C  7.705  4.836  0.056  174.42
1427  93  ILE  O  6.482  4.954  0.122  6.92
1428  93  ILE  CB  8.477  5.491  2.328  63.56
1429  93  ILE  CG1  9.361  6.456  3.119  24.18
1430  93  ILE  CG2  8.906  4.051  2.62  29.04
1431  93  ILE  CD  9.015  6.364  4.607  41.9
1432  93  ILE  H  7.594  7.53  0.902  9.13
1433  93  ILE  HA  9.543  5.597  0.573  4.63
1434  93  ILE  HB  7.55  5.606  2.588  1.91
1435  93  ILE  HG12  10.293  6.224  2.987  1.45
1436  93  ILE  HG13  9.207  7.362  2.808  1.18
1437  93  ILE  HG21  9.737  3.861  2.158  1.22
1438  93  ILE  HG22  9.034  3.938  3.575  1.22
1439  93  ILE  HG23  8.218  3.44  2.312  1.48
1440  93  ILE  HD11  7.961  6.552  4.744  1.48
1441  93  ILE  HD12  9.255  5.378  4.971  2.85
1442  93  ILE  HD13  9.586  7.1  5.156  2.85
1443  94  ILE  N  8.305  3.905  -0.679  118.79
1444  94  ILE  CA  7.531  2.952  -1.468  55.76
1445  94  ILE  C  8.427  1.823  -1.968  172.45
1446  94  ILE  O  9.509  2.118  -2.449  115.62
1447  94  ILE  CB  6.884  3.673  -2.655  33.37
1448  94  ILE  CG1  5.965  2.709  -3.427  174.1
1449  94  ILE  CG2  7.976  4.189  -3.594  42.09
1450  94  ILE  CD  4.784  2.271  -2.548  30.5
1451  94  ILE  OXT  8.015  0.678  -1.867  27.15
1452  94  ILE  H  9.164  3.867  -0.692  8.06
1453  94  ILE  HA  6.834  2.577  -0.908  4.33
1454  94  ILE  HB  6.364  4.424  -2.328  1.78
1455  94  ILE  HG12  5.626  3.159  -4.216  1.53
1456  94  ILE  HG13  6.471  1.927  -3.699  1.19
1457  94  ILE  HG21  8.672  4.622  -3.074  1.87
1458  94  ILE  HG22  8.355  3.445  -4.087  3.25
1459  94  ILE  HG23  7.593  4.827  -4.215  3.5
1460  94  ILE  HD11  4.5  3.074  -1.883  121.88
1461  94  ILE  HD12  3.946  2.016  -3.181  62.45
1462  94  ILE  HD13  5.067  1.406  -1.968  175.81
