1  1  PHE  N  -19.628  3.466  3.451  39.34
2  1  PHE  CA  -18.342  2.928  2.922  55.22
3  1  PHE  C  -17.938  3.72  1.676  170.72
4  1  PHE  O  -16.811  4.154  1.535  55.76
5  1  PHE  CB  -18.521  1.443  2.541  33.8
6  1  PHE  CG  -18.196  0.546  3.716  30.64
7  1  PHE  CD1  -18.579  0.911  5.013  3.79
8  1  PHE  CD2  -17.512  -0.656  3.501  16.23
9  1  PHE  CE1  -18.276  0.073  6.093  4.03
10  1  PHE  CE2  -17.209  -1.493  4.581  3.97
11  1  PHE  CZ  -17.591  -1.128  5.877  54.49
12  1  PHE  HA  -17.655  3.019  3.6  4.45
13  1  PHE  HB2  -19.441  1.293  2.274  4.23
14  1  PHE  HB3  -17.938  1.219  1.799  115.86
15  1  PHE  HD1  -19.033  1.71  5.156  58.2
16  1  PHE  HD2  -17.257  -0.898  2.64  174.56
17  1  PHE  HE1  -18.53  0.316  6.954  2.36
18  1  PHE  HE2  -16.754  -2.291  4.437  64
19  1  PHE  HZ  -17.391  -1.685  6.595  27.43
20  1  PHE  H  -19.571  3.556  4.335  124.68
21  1  PHE  H2  -19.792  4.259  3.083  62.14
22  1  PHE  H3  -20.289  2.904  3.252  172.38
23  2  SER  N  -18.858  3.88  0.769  4.51
24  2  SER  CA  -18.572  4.61  -0.499  32.54
25  2  SER  C  -17.651  5.818  -0.268  26.24
26  2  SER  O  -16.564  5.877  -0.806  49.24
27  2  SER  CB  -19.899  5.061  -1.13  4.4
28  2  SER  OG  -19.757  6.368  -1.674  1.97
29  2  SER  H  -19.639  3.542  0.896  2.42
30  2  SER  HA  -18.124  4  -1.106  1.97
31  2  SER  HB2  -20.151  4.452  -1.841  2.03
32  2  SER  HB3  -20.593  5.054  -0.452  3.37
33  2  SER  HG  -20.511  6.62  -1.946  3.37
34  3  PRO  N  -18.076  6.782  0.496  120.01
35  3  PRO  CA  -17.266  8.01  0.757  61.44
36  3  PRO  C  -15.967  7.753  1.538  176.18
37  3  PRO  O  -14.91  8.194  1.145  8.65
38  3  PRO  CB  -18.221  8.902  1.57  38.54
39  3  PRO  CG  -19.16  7.945  2.217  27.14
40  3  PRO  CD  -19.367  6.831  1.199  17.34
41  3  PRO  HA  -17.061  8.451  -0.082  174.36
42  3  PRO  HB2  -17.736  9.411  2.238  8.63
43  3  PRO  HB3  -18.711  9.5  0.984  4.19
44  3  PRO  HG2  -18.765  7.591  3.029  1.8
45  3  PRO  HG3  -20.007  8.376  2.41  1.16
46  3  PRO  HD2  -19.555  5.99  1.644  1.46
47  3  PRO  HD3  -20.077  7.064  0.581  4.53
48  4  GLU  N  -16.039  7.098  2.665  124.27
49  4  GLU  CA  -14.794  6.881  3.485  55.19
50  4  GLU  C  -14.062  5.577  3.116  172.84
51  4  GLU  O  -12.893  5.579  2.778  8.26
52  4  GLU  CB  -15.166  6.854  4.995  36.03
53  4  GLU  CG  -16.615  7.313  5.195  124.81
54  4  GLU  CD  -16.903  7.454  6.692  62.04
55  4  GLU  OE1  -17.113  6.438  7.334  175.88
56  4  GLU  OE2  -16.907  8.576  7.17  56.43
57  4  GLU  H  -16.8  6.815  2.949  32.74
58  4  GLU  HA  -14.186  7.621  3.328  22.54
59  4  GLU  HB2  -15.074  5.954  5.346  20.44
60  4  GLU  HB3  -14.577  7.447  5.487  8.38
61  4  GLU  HG2  -16.749  8.168  4.757  4.14
62  4  GLU  HG3  -17.216  6.654  4.813  2.01
63  5  THR  N  -14.726  4.464  3.24  55.58
64  5  THR  CA  -14.062  3.154  2.968  118.56
65  5  THR  C  -13.533  3.066  1.544  61
66  5  THR  O  -12.467  2.532  1.31  176.16
67  5  THR  CB  -15.059  2.018  3.187  121.61
68  5  THR  OG1  -15.604  2.113  4.496  58.41
69  5  THR  CG2  -14.352  0.67  3.027  119.81
70  5  THR  H  -15.539  4.482  3.519  57.84
71  5  THR  HA  -13.321  3.044  3.584  174.38
72  5  THR  HB  -15.768  2.085  2.528  120.44
73  5  THR  HG1  -16.216  1.542  4.565  53.39
74  5  THR  HG21  -14.207  0.492  2.085  174.99
75  5  THR  HG22  -14.903  -0.031  3.409  8.45
76  5  THR  HG23  -13.498  0.694  3.487  39.11
77  6  MET  N  -14.264  3.533  0.579  3.75
78  6  MET  CA  -13.76  3.393  -0.808  3.83
79  6  MET  C  -12.446  4.166  -0.963  121.99
80  6  MET  O  -11.514  3.689  -1.565  8.52
81  6  MET  CB  -14.808  3.886  -1.814  4.74
82  6  MET  CG  -14.682  3.073  -3.11  2.8
83  6  MET  SD  -15.876  3.679  -4.327  2.8
84  6  MET  CE  -17.256  2.621  -3.828  32.94
85  6  MET  H  -15.031  3.887  0.739  24.44
86  6  MET  HA  -13.585  2.452  -0.966  119.14
87  6  MET  HB2  -15.694  3.757  -1.44  62.67
88  6  MET  HB3  -14.671  4.827  -2.007  176.19
89  6  MET  HG2  -13.782  3.157  -3.461  8.33
90  6  MET  HG3  -14.863  2.14  -2.914  32.62
91  6  MET  HE1  -18.093  3.066  -4.032  20.59
92  6  MET  HE2  -17.207  2.45  -2.874  21.5
93  6  MET  HE3  -17.208  1.779  -4.308  8.14
94  7  LYS  N  -12.355  5.344  -0.417  4.18
95  7  LYS  CA  -11.081  6.113  -0.535  2.12
96  7  LYS  C  -9.94  5.233  -0.037  1.57
97  7  LYS  O  -8.834  5.286  -0.538  2.74
98  7  LYS  CB  -11.16  7.383  0.324  2.93
99  7  LYS  CG  -12.4  8.21  -0.058  4.58
100  7  LYS  CD  -12.089  9.094  -1.267  4.49
101  7  LYS  CE  -13.352  9.844  -1.698  118.07
102  7  LYS  NZ  -14.243  8.919  -2.452  117.54
103  7  LYS  H  -13.021  5.674  0.016  62.47
104  7  LYS  HA  -10.921  6.348  -1.462  174.13
105  7  LYS  HB2  -11.219  7.131  1.259  121.94
106  7  LYS  HB3  -10.36  7.914  0.186  69.87
107  7  LYS  HG2  -13.135  7.617  -0.278  176.67
108  7  LYS  HG3  -12.653  8.773  0.691  21.8
109  7  LYS  HD2  -11.399  9.732  -1.027  8.26
110  7  LYS  HD3  -11.779  8.54  -2  4.18
111  7  LYS  HE2  -13.818  10.174  -0.914  4.35
112  7  LYS  HE3  -13.107  10.591  -2.266  2.9
113  7  LYS  HZ1  -14.793  9.391  -2.969  7.68
114  7  LYS  HZ2  -14.719  8.433  -1.879  8.15
115  7  LYS  HZ3  -13.75  8.38  -2.961  4.64
116  8  ALA  N  -10.207  4.419  0.944  2.73
117  8  ALA  CA  -9.146  3.523  1.475  56.3
118  8  ALA  C  -8.691  2.566  0.368  176.14
119  8  ALA  O  -7.52  2.469  0.064  7.02
120  8  ALA  CB  -9.701  2.723  2.654  33.13
121  8  ALA  H  -10.998  4.396  1.28  24.94
122  8  ALA  HA  -8.392  4.056  1.771  29.25
123  8  ALA  HB1  -10.316  2.048  2.326  42.34
124  8  ALA  HB2  -10.171  3.32  3.257  57.54
125  8  ALA  HB3  -8.97  2.296  3.128  8.3
126  9  ARG  N  -9.611  1.866  -0.243  4.35
127  9  ARG  CA  -9.222  0.926  -1.337  1.74
128  9  ARG  C  -8.891  1.733  -2.598  1.83
129  9  ARG  O  -8.146  1.293  -3.45  1.4
130  9  ARG  CB  -10.35  -0.081  -1.626  1.4
131  9  ARG  CG  -11.713  0.59  -1.488  1.7
132  9  ARG  CD  -12.813  -0.399  -1.876  1.7
133  9  ARG  NE  -12.63  -0.82  -3.294  2.93
134  9  ARG  CZ  -13.256  -1.875  -3.742  2.99
135  9  ARG  NH1  -14.035  -2.558  -2.949  55.84
136  9  ARG  NH2  -13.101  -2.248  -4.984  176.88
137  9  ARG  H  -10.436  1.954  -0.017  3.88
138  9  ARG  HA  -8.428  0.441  -1.062  123.34
139  9  ARG  HB2  -10.255  -0.425  -2.528  55.28
140  9  ARG  HB3  -10.293  -0.816  -0.995  177.14
141  9  ARG  HG2  -11.842  0.867  -0.567  113.4
142  9  ARG  HG3  -11.753  1.361  -2.075  42.64
143  9  ARG  HD2  -12.764  -1.177  -1.299  27.05
144  9  ARG  HD3  -13.679  0.026  -1.774  25.04
145  9  ARG  HE  -12.116  -0.369  -3.816  23.72
146  9  ARG  HH11  -14.137  -2.313  -2.131  8.37
147  9  ARG  HH12  -14.446  -3.253  -3.245  4.34
148  9  ARG  HH21  -12.587  -1.799  -5.507  1.59
149  9  ARG  HH22  -13.513  -2.943  -5.278  1.65
150  10  ARG  N  -9.417  2.917  -2.718  178.58
151  10  ARG  CA  -9.095  3.74  -3.915  54.88
152  10  ARG  C  -7.597  4.021  -3.877  28.94
153  10  ARG  O  -6.89  3.856  -4.853  36.54
154  10  ARG  CB  -9.891  5.054  -3.878  17.49
155  10  ARG  CG  -10.005  5.642  -5.295  59
156  10  ARG  CD  -8.622  6.084  -5.812  179.96
157  10  ARG  NE  -8.778  7.3  -6.674  123.74
158  10  ARG  CZ  -9.659  7.339  -7.638  52.96
159  10  ARG  NH1  -10.302  6.261  -7.994  177.42
160  10  ARG  NH2  -9.859  8.454  -8.286  2
161  10  ARG  H  -9.931  3.227  -2.102  2.31
162  10  ARG  HA  -9.312  3.24  -4.717  8.37
163  10  ARG  HB2  -10.78  4.879  -3.533  4.33
164  10  ARG  HB3  -9.443  5.692  -3.301  58.74
165  10  ARG  HG2  -10.376  4.968  -5.886  178.08
166  10  ARG  HG3  -10.599  6.409  -5.274  172.63
167  10  ARG  HD2  -8.05  6.323  -5.066  113.04
168  10  ARG  HD3  -8.213  5.357  -6.307  58.82
169  10  ARG  HE  -8.309  8  -6.503  174.04
170  10  ARG  HH11  -10.144  5.514  -7.598  84.6
171  10  ARG  HH12  -10.883  6.297  -8.627  64.29
172  10  ARG  HH21  -9.411  9.158  -8.077  3.15
173  10  ARG  HH22  -10.437  8.484  -8.922  8.14
174  11  ALA  N  -7.102  4.411  -2.734  4.43
175  11  ALA  CA  -5.643  4.662  -2.609  3.84
176  11  ALA  C  -4.923  3.371  -2.994  3.84
177  11  ALA  O  -4.034  3.36  -3.819  1.95
178  11  ALA  CB  -5.31  5.029  -1.162  122.54
179  11  ALA  H  -7.616  4.499  -2.05  54.78
180  11  ALA  HA  -5.378  5.381  -3.204  174.5
181  11  ALA  HB1  -5.394  4.241  -0.602  3.23
182  11  ALA  HB2  -5.923  5.713  -0.851  29.79
183  11  ALA  HB3  -4.401  5.363  -1.114  36.27
184  12  TRP  N  -5.335  2.276  -2.413  42.53
185  12  TRP  CA  -4.718  0.961  -2.744  4
186  12  TRP  C  -4.697  0.777  -4.261  3.16
187  12  TRP  O  -3.976  -0.048  -4.781  8.28
188  12  TRP  CB  -5.549  -0.153  -2.115  4.63
189  12  TRP  CG  -5.56  -0.086  -0.604  1.92
190  12  TRP  CD1  -6.399  -0.833  0.155  2.06
191  12  TRP  CD2  -4.745  0.696  0.357  2.29
192  12  TRP  NE1  -6.152  -0.59  1.485  2.29
193  12  TRP  CE2  -5.154  0.331  1.668  23.44
194  12  TRP  CE3  -3.706  1.66  0.252  63.28
195  12  TRP  CZ2  -4.571  0.877  2.807  176.82
196  12  TRP  CZ3  -3.123  2.207  1.408  2.09
197  12  TRP  CH2  -3.552  1.811  2.678  32.32
198  12  TRP  H  -5.981  2.312  -1.846  27.87
199  12  TRP  HA  -3.807  0.91  -2.415  50.83
200  12  TRP  HB2  -6.461  -0.089  -2.439  4.48
201  12  TRP  HB3  -5.18  -1.007  -2.389  1.98
202  12  TRP  HD1  -7.043  -1.421  -0.169  2.31
203  12  TRP  HE1  -6.566  -0.965  2.139  1.98
204  12  TRP  HE3  -3.408  1.952  -0.579  2.06
205  12  TRP  HZ2  -4.858  0.613  3.651  3.73
206  12  TRP  HZ3  -2.439  2.832  1.325  3.82
207  12  TRP  HH2  -3.158  2.17  3.44  115.34
208  13  THR  N  -5.473  1.539  -4.979  58.52
209  13  THR  CA  -5.474  1.395  -6.462  174.59
210  13  THR  C  -4.229  2.074  -7.041  58.9
211  13  THR  O  -3.489  1.494  -7.811  64.29
212  13  THR  CB  -6.726  2.059  -7.041  8.22
213  13  THR  OG1  -7.835  1.787  -6.196  8.52
214  13  THR  CG2  -7.004  1.512  -8.445  4.48
215  13  THR  H  -5.977  2.123  -4.599  3.91
216  13  THR  HA  -5.47  0.453  -6.695  3.94
217  13  THR  HB  -6.584  3.017  -7.093  2.39
218  13  THR  HG1  -7.781  0.987  -5.946  109.44
219  13  THR  HG21  -6.175  1.474  -8.947  45.17
220  13  THR  HG22  -7.632  2.094  -8.902  172.77
221  13  THR  HG23  -7.38  0.621  -8.376  53.65
222  14  ASP  N  -4.007  3.309  -6.679  8.27
223  14  ASP  CA  -2.825  4.049  -7.208  3.84
224  14  ASP  C  -1.537  3.288  -6.894  4.08
225  14  ASP  O  -0.674  3.143  -7.736  119.54
226  14  ASP  CB  -2.762  5.433  -6.56  55.38
227  14  ASP  CG  -4.115  6.129  -6.709  173.77
228  14  ASP  OD1  -4.767  5.905  -7.715  4.03
229  14  ASP  OD2  -4.478  6.874  -5.813  32.12
230  14  ASP  H  -4.551  3.7  -6.14  34.55
231  14  ASP  HA  -2.914  4.15  -8.169  1.44
232  14  ASP  HB2  -2.548  5.339  -5.619  1.44
233  14  ASP  HB3  -2.078  5.964  -6.997  111.19
234  15  VAL  N  -1.385  2.811  -5.689  8.4
235  15  VAL  CA  -0.139  2.081  -5.342  4.42
236  15  VAL  C  -0.162  0.683  -5.964  1.88
237  15  VAL  O  0.87  0.092  -6.208  1.96
238  15  VAL  CB  -0.018  1.965  -3.823  2.12
239  15  VAL  CG1  0.339  3.332  -3.236  2.21
240  15  VAL  CG2  -1.345  1.487  -3.233  7.45
241  15  VAL  H  -1.997  2.928  -5.096  6.66
242  15  VAL  HA  0.623  2.572  -5.687  120.64
243  15  VAL  HB  0.68  1.328  -3.603  55.69
244  15  VAL  HG11  0.232  3.309  -2.272  175.68
245  15  VAL  HG12  -0.248  4.008  -3.611  29.14
246  15  VAL  HG13  1.26  3.546  -3.454  32.83
247  15  VAL  HG21  -1.714  0.783  -3.789  37.68
248  15  VAL  HG22  -1.969  2.228  -3.196  7.83
249  15  VAL  HG23  -1.196  1.146  -2.337  3.63
250  16  ILE  N  -1.321  0.143  -6.233  2.1
251  16  ILE  CA  -1.363  -1.217  -6.842  8.05
252  16  ILE  C  -0.564  -1.187  -8.153  5.06
253  16  ILE  O  0.175  -2.101  -8.459  1.64
254  16  ILE  CB  -2.847  -1.632  -7.071  1.86
255  16  ILE  CG1  -3.296  -2.595  -5.956  1.94
256  16  ILE  CG2  -3.039  -2.325  -8.43  2.13
257  16  ILE  CD  -4.811  -2.802  -6.021  119.74
258  16  ILE  H  -2.049  0.567  -6.063  57.1
259  16  ILE  HA  -0.937  -1.844  -6.237  174.77
260  16  ILE  HB  -3.401  -0.836  -7.044  66.54
261  16  ILE  HG12  -2.851  -3.449  -6.07  42.44
262  16  ILE  HG13  -3.059  -2.223  -5.092  58.89
263  16  ILE  HG21  -3.934  -2.695  -8.485  38.24
264  16  ILE  HG22  -2.389  -3.038  -8.524  29.54
265  16  ILE  HG23  -2.915  -1.678  -9.142  16.94
266  16  ILE  HD11  -5.31  -1.848  -5.968  33.46
267  16  ILE  HD12  -5.126  -3.418  -5.19  8.08
268  16  ILE  HD13  -5.069  -3.292  -6.949  9.26
269  17  GLN  N  -0.702  -0.144  -8.927  5.07
270  17  GLN  CA  0.058  -0.07  -10.207  2.47
271  17  GLN  C  1.512  0.317  -9.92  2.6
272  17  GLN  O  2.417  -0.073  -10.63  6.89
273  17  GLN  CB  -0.578  0.967  -11.137  6.89
274  17  GLN  CG  -0.788  2.28  -10.384  7.15
275  17  GLN  CD  -1.159  3.383  -11.378  7.15
276  17  GLN  OE1  -0.521  3.532  -12.402  61.47
277  17  GLN  NE2  -2.172  4.163  -11.122  122.94
278  17  GLN  H  -1.227  0.498  -8.699  54.88
279  17  GLN  HA  0.041  -0.939  -10.638  175.04
280  17  GLN  HB2  0.007  1.121  -11.896  178.08
281  17  GLN  HB3  -1.435  0.637  -11.45  118.66
282  17  GLN  HG2  -1.502  2.171  -9.737  27.67
283  17  GLN  HG3  0.031  2.525  -9.925  28.17
284  17  GLN  HE21  -2.626  4.057  -10.399  24.33
285  17  GLN  HE22  -2.385  4.787  -11.675  9.21
286  18  THR  N  1.75  1.082  -8.887  4.7
287  18  THR  CA  3.153  1.484  -8.573  1.52
288  18  THR  C  3.911  0.291  -7.997  1.92
289  18  THR  O  4.987  -0.033  -8.441  1.71
290  18  THR  CB  3.166  2.614  -7.547  2.17
291  18  THR  OG1  2.321  3.667  -7.987  2.39
292  18  THR  CG2  4.597  3.135  -7.381  2.45
293  18  THR  H  1.102  1.354  -8.391  7.81
294  18  THR  HA  3.589  1.781  -9.387  6.84
295  18  THR  HB  2.852  2.276  -6.694  120.31
296  18  THR  HG1  2.69  4.396  -7.793  127.24
297  18  THR  HG21  5.159  2.43  -7.022  61.45
298  18  THR  HG22  4.597  3.889  -6.771  175.09
299  18  THR  HG23  4.942  3.416  -8.243  39.84
300  19  LEU  N  3.36  -0.366  -7.008  32.47
301  19  LEU  CA  4.06  -1.541  -6.404  22.51
302  19  LEU  C  4.585  -2.438  -7.537  21.8
303  19  LEU  O  5.672  -2.976  -7.468  8.51
304  19  LEU  CB  3.065  -2.331  -5.523  5.23
305  19  LEU  CG  3.127  -1.893  -4.042  2.11
306  19  LEU  CD1  4.327  -2.542  -3.343  3.05
307  19  LEU  CD2  3.219  -0.357  -3.926  120.11
308  19  LEU  H  2.594  -0.12  -6.704  58.04
309  19  LEU  HA  4.81  -1.23  -5.873  178.28
310  19  LEU  HB2  2.169  -2.173  -5.858  3.09
311  19  LEU  HB3  3.26  -3.28  -5.578  42.34
312  19  LEU  HG  2.32  -2.197  -3.598  122.74
313  19  LEU  HD11  4.128  -3.475  -3.167  54.78
314  19  LEU  HD12  4.498  -2.086  -2.504  172.86
315  19  LEU  HD13  5.113  -2.481  -3.908  8.26
316  19  LEU  HD21  4.148  -0.078  -3.933  43.65
317  19  LEU  HD22  2.809  -0.076  -3.093  1
318  19  LEU  HD23  2.75  0.057  -4.667  2.33
319  20  ARG  N  3.817  -2.589  -8.581  2.1
320  20  ARG  CA  4.268  -3.436  -9.724  63.15
321  20  ARG  C  5.573  -2.868  -10.288  174.39
322  20  ARG  O  6.301  -3.541  -10.99  8.26
323  20  ARG  CB  3.196  -3.426  -10.825  9.36
324  20  ARG  CG  1.875  -4.03  -10.298  5.71
325  20  ARG  CD  1.806  -5.538  -10.612  2.78
326  20  ARG  NE  3.176  -6.123  -10.608  3.72
327  20  ARG  CZ  3.329  -7.416  -10.507  7.05
328  20  ARG  NH1  2.283  -8.189  -10.401  7.05
329  20  ARG  NH2  4.526  -7.936  -10.514  6.84
330  20  ARG  H  3.053  -2.196  -8.61  6.84
331  20  ARG  HA  4.414  -4.345  -9.418  26.74
332  20  ARG  HB2  3.043  -2.51  -11.104  110.94
333  20  ARG  HB3  3.512  -3.939  -11.585  60.04
334  20  ARG  HG2  1.815  -3.897  -9.339  175.04
335  20  ARG  HG3  1.127  -3.583  -10.725  3.94
336  20  ARG  HD2  1.263  -5.982  -9.942  71.33
337  20  ARG  HD3  1.41  -5.668  -11.488  1.92
338  20  ARG  HE  3.865  -5.613  -10.68  23.32
339  20  ARG  HH11  1.494  -7.846  -10.397  8.76
340  20  ARG  HH12  2.38  -9.041  -10.333  5.43
341  20  ARG  HH21  5.215  -7.427  -10.586  3.98
342  20  ARG  HH22  4.626  -8.788  -10.447  27.86
343  21  GLU  N  5.871  -1.631  -9.989  8.59
344  21  GLU  CA  7.125  -1.015  -10.508  8.25
345  21  GLU  C  8.301  -1.477  -9.637  119.31
346  21  GLU  O  9.439  -1.119  -9.865  122.84
347  21  GLU  CB  6.973  0.529  -10.489  54.88
348  21  GLU  CG  7.465  1.143  -9.159  176.91
349  21  GLU  CD  8.979  1.361  -9.213  40.44
350  21  GLU  OE1  9.416  2.149  -10.038  44.26
351  21  GLU  OE2  9.675  0.735  -8.432  27.26
352  21  GLU  H  5.341  -1.171  -9.493  25.74
353  21  GLU  HA  7.271  -1.313  -11.42  26.15
354  21  GLU  HB2  7.479  0.91  -11.223  8.31
355  21  GLU  HB3  6.036  0.75  -10.608  4.84
356  21  GLU  HG2  7.025  1.996  -9.017  1.71
357  21  GLU  HG3  7.254  0.547  -8.423  1.83
358  22  HSE  N  8.015  -2.279  -8.642  1.66
359  22  HSE  CA  9.083  -2.793  -7.725  177.78
360  22  HSE  C  9.109  -4.33  -7.833  0.53
361  22  HSE  O  8.724  -4.891  -8.84  31.94
362  22  HSE  CB  8.715  -2.343  -6.28  21.94
363  22  HSE  CG  9.706  -1.336  -5.753  22.34
364  22  HSE  ND1  10.928  -1.713  -5.222  7.37
365  22  HSE  CD2  9.652  0.032  -5.643  116.54
366  22  HSE  CE1  11.555  -0.594  -4.818  47.49
367  22  HSE  NE2  10.822  0.498  -5.051  174.63
368  22  HSE  H  7.085  -2.548  -8.493  7.98
369  22  HSE  HA  10.05  -2.397  -8.01  9.87
370  22  HSE  HB2  7.738  -1.884  -6.297  3.71
371  22  HSE  HB3  8.685  -3.19  -5.612  4.03
372  22  HSE  HD1  11.272  -2.628  -5.153  123.64
373  22  HSE  HD2  8.826  0.651  -5.967  54.37
374  22  HSE  HE1  12.53  -0.582  -4.357  175.51
375  23  LYS  N  9.535  -5.007  -6.795  179.18
376  23  LYS  CA  9.566  -6.505  -6.807  41.63
377  23  LYS  C  8.575  -7.003  -5.761  40.54
378  23  LYS  O  8.497  -8.178  -5.461  26.04
379  23  LYS  CB  10.988  -6.99  -6.479  22.54
380  23  LYS  CG  12.011  -5.998  -7.051  8.76
381  23  LYS  CD  13.402  -6.658  -7.146  4.7
382  23  LYS  CE  13.534  -7.489  -8.435  2.65
383  23  LYS  NZ  12.933  -8.837  -8.228  2.86
384  23  LYS  H  9.788  -4.585  -6.09  118.44
385  23  LYS  HA  9.296  -6.842  -7.676  56.09
386  23  LYS  HB2  11.102  -7.047  -5.517  174.14
387  23  LYS  HB3  11.131  -7.865  -6.873  68.01
388  23  LYS  HG2  11.724  -5.704  -7.93  33.23
389  23  LYS  HG3  12.066  -5.228  -6.463  36.87
390  23  LYS  HD2  14.081  -5.965  -7.143  179.46
391  23  LYS  HD3  13.537  -7.236  -6.379  27.37
392  23  LYS  HE2  13.084  -7.044  -9.17  119.61
393  23  LYS  HE3  14.474  -7.59  -8.654  7.86
394  23  LYS  HZ1  12.1  -8.843  -8.542  4.51
395  23  LYS  HZ2  12.922  -9.026  -7.358  1.7
396  23  LYS  HZ3  13.416  -9.447  -8.66  2.26
397  24  CYS  N  7.811  -6.1  -5.21  2.25
398  24  CYS  CA  6.802  -6.478  -4.185  2.25
399  24  CYS  C  5.443  -6.633  -4.865  117.24
400  24  CYS  O  4.839  -5.67  -5.294  56.04
401  24  CYS  CB  6.726  -5.373  -3.132  174.86
402  24  CYS  SG  8.401  -4.839  -2.702  2.02
403  24  CYS  H  7.887  -5.277  -5.448  32.83
404  24  CYS  HA  7.053  -7.314  -3.761  37.99
405  24  CYS  HB2  6.232  -4.62  -3.492  9.45
406  24  CYS  HB3  6.277  -5.708  -2.34  5.02
407  24  CYS  HG  8.662  -3.872  -3.363  173.77
408  25  GLN  N  4.963  -7.837  -4.979  7.98
409  25  GLN  CA  3.648  -8.053  -5.646  4.83
410  25  GLN  C  2.517  -7.493  -4.759  1.59
411  25  GLN  O  2.35  -7.924  -3.638  1.94
412  25  GLN  CB  3.428  -9.555  -5.845  1.82
413  25  GLN  CG  4.464  -10.096  -6.832  2.25
414  25  GLN  CD  4.466  -11.625  -6.779  120.94
415  25  GLN  OE1  4.145  -12.277  -7.753  55.89
416  25  GLN  NE2  4.814  -12.226  -5.675  174.45
417  25  GLN  H  5.414  -8.505  -4.68  8.38
418  25  GLN  HA  3.66  -7.616  -6.512  42.74
419  25  GLN  HB2  3.52  -10.011  -4.994  1.92
420  25  GLN  HB3  2.538  -9.706  -6.199  1.92
421  25  GLN  HG2  4.24  -9.802  -7.729  1.47
422  25  GLN  HG3  5.344  -9.765  -6.592  1.55
423  25  GLN  HE21  5.04  -11.764  -4.985  1.65
424  25  GLN  HE22  4.818  -13.085  -5.637  1.65
425  26  PRO  N  1.74  -6.538  -5.235  2.91
426  26  PRO  CA  0.626  -5.945  -4.435  9.04
427  26  PRO  C  -0.668  -6.757  -4.521  5.16
428  26  PRO  O  -0.975  -7.357  -5.532  0.82
429  26  PRO  CB  0.428  -4.586  -5.094  2.17
430  26  PRO  CG  0.712  -4.839  -6.538  6.7
431  26  PRO  CD  1.825  -5.899  -6.567  6.7
432  26  PRO  HA  0.894  -5.824  -3.51  175.08
433  26  PRO  HB2  -0.481  -4.269  -4.971  180.92
434  26  PRO  HB3  1.062  -3.945  -4.737  29.74
435  26  PRO  HG2  -0.085  -5.174  -6.978  102.5
436  26  PRO  HG3  1.018  -4.027  -6.971  44.16
437  26  PRO  HD2  1.661  -6.548  -7.269  172.68
438  26  PRO  HD3  2.692  -5.48  -6.683  8.57
439  27  ARG  N  -1.438  -6.758  -3.469  8.64
440  27  ARG  CA  -2.729  -7.505  -3.48  2.9
441  27  ARG  C  -3.715  -6.804  -2.54  5.76
442  27  ARG  O  -3.391  -6.503  -1.412  117.54
443  27  ARG  CB  -2.491  -8.942  -2.999  59.44
444  27  ARG  CG  -1.514  -8.943  -1.803  174.18
445  27  ARG  CD  -0.04  -8.968  -2.266  115.61
446  27  ARG  NE  0.771  -9.668  -1.232  43.55
447  27  ARG  CZ  1.927  -10.189  -1.54  27.46
448  27  ARG  NH1  2.363  -10.144  -2.769  18.26
449  27  ARG  NH2  2.638  -10.775  -0.618  27.04
450  27  ARG  H  -1.205  -6.316  -2.769  9.03
451  27  ARG  HA  -3.094  -7.519  -4.379  5
452  27  ARG  HB2  -3.337  -9.327  -2.721  1.84
453  27  ARG  HB3  -2.128  -9.471  -3.727  1.29
454  27  ARG  HG2  -1.662  -8.15  -1.265  1.84
455  27  ARG  HG3  -1.684  -9.727  -1.258  3.95
456  27  ARG  HD2  0.037  -9.434  -3.113  2.15
457  27  ARG  HD3  0.295  -8.062  -2.359  2.15
458  27  ARG  HE  0.481  -9.721  -0.424  2.19
459  27  ARG  HH11  1.888  -9.771  -3.381  2.19
460  27  ARG  HH12  3.125  -10.49  -2.968  111.51
461  27  ARG  HH21  2.345  -10.817  0.189  125.54
462  27  ARG  HH22  3.4  -11.12  -0.816  55.28
463  28  LEU  N  -4.917  -6.537  -2.981  177.78
464  28  LEU  CA  -5.889  -5.865  -2.088  32.54
465  28  LEU  C  -6.502  -6.911  -1.152  41.83
466  28  LEU  O  -7.134  -7.857  -1.58  25.34
467  28  LEU  CB  -6.98  -5.205  -2.945  7.37
468  28  LEU  CG  -7.572  -3.994  -2.218  4.2
469  28  LEU  CD1  -8.549  -3.27  -3.147  8.85
470  28  LEU  CD2  -8.309  -4.466  -0.969  4.03
471  28  LEU  H  -5.15  -6.748  -3.782  2.68
472  28  LEU  HA  -5.431  -5.191  -1.562  2.68
473  28  LEU  HB2  -6.591  -4.915  -3.785  126.64
474  28  LEU  HB3  -7.684  -5.847  -3.124  62.26
475  28  LEU  HG  -6.858  -3.389  -1.961  177.42
476  28  LEU  HD11  -8.063  -2.907  -3.904  180.25
477  28  LEU  HD12  -8.986  -2.549  -2.667  39.75
478  28  LEU  HD13  -9.217  -3.898  -3.463  29.49
479  28  LEU  HD21  -8.847  -5.244  -1.185  19.47
480  28  LEU  HD22  -8.883  -3.756  -0.642  67.84
481  28  LEU  HD23  -7.661  -4.699  -0.286  7.98
482  29  LEU  N  -6.316  -6.734  0.122  4.06
483  29  LEU  CA  -6.878  -7.696  1.125  1.55
484  29  LEU  C  -8.233  -7.156  1.581  1.45
485  29  LEU  O  -8.811  -6.365  0.881  1.45
486  29  LEU  CB  -5.918  -7.8  2.323  61.52
487  29  LEU  CG  -4.749  -8.742  1.991  178.36
488  29  LEU  CD1  -5.239  -10.197  1.84  3.33
489  29  LEU  CD2  -4.08  -8.278  0.695  37.35
490  29  LEU  H  -5.872  -6.047  0.386  130.35
491  29  LEU  HA  -6.998  -8.568  0.718  66.24
492  29  LEU  HB2  -5.568  -6.918  2.527  121.14
493  29  LEU  HB3  -6.392  -8.142  3.097  56.7
494  29  LEU  HG  -4.102  -8.703  2.713  179.1
495  29  LEU  HD11  -5.482  -10.375  0.918  27.84
496  29  LEU  HD12  -6.009  -10.349  2.41  40.82
497  29  LEU  HD13  -4.526  -10.8  2.102  27.16
498  29  LEU  HD21  -3.228  -8.729  0.591  25.54
499  29  LEU  HD22  -3.938  -7.319  0.734  22.61
500  29  LEU  HD23  -4.652  -8.492  -0.059  8.59
501  30  TYR  N  -8.721  -7.574  2.745  4.16
502  30  TYR  CA  -10.045  -7.092  3.304  1.51
503  30  TYR  C  -10.545  -5.843  2.545  1.86
504  30  TYR  O  -9.743  -5.041  2.144  1.76
505  30  TYR  CB  -9.804  -6.739  4.783  56.94
506  30  TYR  CG  -11.057  -6.93  5.599  178.98
507  30  TYR  CD1  -11.439  -8.216  5.99  121.97
508  30  TYR  CD2  -11.836  -5.825  5.959  39.94
509  30  TYR  CE1  -12.605  -8.4  6.744  178.88
510  30  TYR  CE2  -13.001  -6.006  6.713  22.74
511  30  TYR  CZ  -13.385  -7.294  7.105  114.24
512  30  TYR  OH  -14.534  -7.475  7.848  55.49
513  30  TYR  H  -8.265  -8.137  3.209  175.32
514  30  TYR  HA  -10.696  -7.808  3.236  2.55
515  30  TYR  HB2  -9.111  -7.321  5.131  32.83
516  30  TYR  HB3  -9.511  -5.817  4.855  25.74
517  30  TYR  HD1  -10.919  -8.948  5.747  28.78
518  30  TYR  HD2  -11.58  -4.97  5.696  42.74
519  30  TYR  HE1  -12.86  -9.256  7.004  178.29
520  30  TYR  HE2  -13.519  -5.271  6.951  7.82
521  30  TYR  HH  -15.185  -7.205  7.39  4.46
522  31  PRO  N  -11.841  -5.681  2.339  1.86
523  31  PRO  CA  -12.422  -4.527  1.6  2.15
524  31  PRO  C  -11.526  -3.282  1.515  1.49
525  31  PRO  O  -11.672  -2.477  0.617  1.56
526  31  PRO  CB  -13.688  -4.266  2.398  1.69
527  31  PRO  CG  -14.183  -5.645  2.735  1.69
528  31  PRO  CD  -12.936  -6.563  2.784  3.01
529  31  PRO  HA  -12.671  -4.809  0.706  3.09
530  31  PRO  HB2  -13.48  -3.765  3.202  3.79
531  31  PRO  HB3  -14.341  -3.794  1.858  9.97
532  31  PRO  HG2  -14.632  -5.634  3.595  3.91
533  31  PRO  HG3  -14.794  -5.959  2.05  119.04
534  31  PRO  HD2  -12.785  -6.875  3.69  63.68
535  31  PRO  HD3  -13.029  -7.312  2.175  175.18
536  32  ALA  N  -10.582  -3.119  2.408  55.84
537  32  ALA  CA  -9.683  -1.929  2.313  179.88
538  32  ALA  C  -8.281  -2.217  2.885  20.19
539  32  ALA  O  -7.584  -1.294  3.248  22.1
540  32  ALA  CB  -10.3  -0.761  3.074  7.59
541  32  ALA  H  -10.473  -3.703  3.03  3.88
542  32  ALA  HA  -9.585  -1.675  1.382  2.35
543  32  ALA  HB1  -11.042  -0.4  2.563  178.04
544  32  ALA  HB2  -9.63  -0.071  3.201  1.52
545  32  ALA  HB3  -10.618  -1.068  3.937  115.11
546  33  LYS  N  -7.836  -3.461  2.958  58.14
547  33  LYS  CA  -6.446  -3.72  3.496  179.78
548  33  LYS  C  -5.506  -4.029  2.326  4.51
549  33  LYS  O  -5.854  -4.74  1.406  127.64
550  33  LYS  CB  -6.459  -4.895  4.501  57.81
551  33  LYS  CG  -6.77  -4.378  5.926  175.78
552  33  LYS  CD  -6.242  -5.35  6.984  23.54
553  33  LYS  CE  -7.076  -6.625  6.964  30.8
554  33  LYS  NZ  -6.688  -7.491  8.114  34.55
555  33  LYS  H  -8.325  -4.115  2.689  1.57
556  33  LYS  HA  -6.111  -2.922  3.935  1.98
557  33  LYS  HB2  -7.139  -5.534  4.237  111.99
558  33  LYS  HB3  -5.593  -5.332  4.5  9.55
559  33  LYS  HG2  -6.353  -3.514  6.066  4.38
560  33  LYS  HG3  -7.731  -4.29  6.028  1.75
561  33  LYS  HD2  -5.314  -5.564  6.799  1.96
562  33  LYS  HD3  -6.309  -4.937  7.859  2.26
563  33  LYS  HE2  -8.015  -6.394  7.035  2.26
564  33  LYS  HE3  -6.917  -7.1  6.133  7.8
565  33  LYS  HZ1  -6.341  -8.251  7.808  6.63
566  33  LYS  HZ2  -7.408  -7.669  8.606  111.54
567  33  LYS  HZ3  -6.084  -7.07  8.613  55.59
568  34  LEU  N  -4.318  -3.462  2.349  171.99
569  34  LEU  CA  -3.338  -3.672  1.233  31.54
570  34  LEU  C  -2.052  -4.315  1.767  32.62
571  34  LEU  O  -1.394  -3.781  2.637  36.27
572  34  LEU  CB  -3.031  -2.29  0.639  7.73
573  34  LEU  CG  -2.317  -2.379  -0.725  4.24
574  34  LEU  CD1  -0.934  -3.025  -0.56  2.31
575  34  LEU  CD2  -3.164  -3.181  -1.734  7.69
576  34  LEU  H  -4.109  -2.943  3.002  4.59
577  34  LEU  HA  -3.723  -4.247  0.554  2.16
578  34  LEU  HB2  -3.868  -1.812  0.526  2.16
579  34  LEU  HB3  -2.47  -1.799  1.26  1.92
580  34  LEU  HG  -2.195  -1.479  -1.065  1.92
581  34  LEU  HD11  -0.556  -2.769  0.296  121.34
582  34  LEU  HD12  -0.351  -2.719  -1.272  61.25
583  34  LEU  HD13  -1.016  -3.99  -0.606  175.14
584  34  LEU  HD21  -2.933  -4.122  -1.685  45.05
585  34  LEU  HD22  -2.989  -2.855  -2.63  39.81
586  34  LEU  HD23  -4.106  -3.07  -1.532  28.27
587  35  SER  N  -1.687  -5.462  1.236  18.76
588  35  SER  CA  -0.438  -6.158  1.689  3.95
589  35  SER  C  0.654  -6.01  0.625  8.62
590  35  SER  O  0.384  -5.97  -0.564  4.74
591  35  SER  CB  -0.734  -7.647  1.915  1.73
592  35  SER  OG  -0.45  -8.374  0.73  1.52
593  35  SER  H  -2.168  -5.816  0.617  1.52
594  35  SER  HA  -0.12  -5.764  2.517  179.18
595  35  SER  HB2  -0.178  -7.99  2.632  1.75
596  35  SER  HB3  -1.668  -7.755  2.155  110.44
597  35  SER  HG  -0.366  -9.184  0.937  27.64
598  36  ILE  N  1.889  -5.927  1.055  25.94
599  36  ILE  CA  3.033  -5.774  0.106  24.14
600  36  ILE  C  4.168  -6.722  0.516  125.54
601  36  ILE  O  4.339  -7.038  1.678  54.51
602  36  ILE  CB  3.546  -4.327  0.146  174.91
603  36  ILE  CG1  3.704  -3.835  1.623  2.03
604  36  ILE  CG2  2.561  -3.425  -0.607  34.04
605  36  ILE  CD  5.178  -3.549  1.933  26.96
606  36  ILE  H  2.043  -5.952  1.901  43.46
607  36  ILE  HA  2.749  -5.992  -0.796  132.19
608  36  ILE  HB  4.404  -4.295  -0.306  52.79
609  36  ILE  HG12  3.195  -3.02  1.757  174.43
610  36  ILE  HG13  3.383  -4.509  2.242  180.56
611  36  ILE  HG21  1.724  -3.389  -0.119  9.5
612  36  ILE  HG22  2.401  -3.782  -1.494  4.95
613  36  ILE  HG23  2.93  -2.531  -0.68  1.82
614  36  ILE  HD11  5.292  -3.348  2.988  2.02
615  36  ILE  HD12  5.505  -2.689  1.366  1.66
616  36  ILE  HD13  5.775  -4.407  1.663  1.66
617  37  THR  N  4.931  -7.194  -0.442  2.89
618  37  THR  CA  6.049  -8.146  -0.14  2.89
619  37  THR  C  7.411  -7.431  -0.158  56.24
620  37  THR  O  7.884  -7.008  -1.192  178.08
621  37  THR  CB  6.041  -9.253  -1.206  108.38
622  37  THR  OG1  4.909  -10.085  -1.005  39.44
623  37  THR  CG2  7.314  -10.1  -1.103  175.74
624  37  THR  H  4.779  -6.965  -1.257  106.54
625  37  THR  HA  5.912  -8.547  0.733  44.46
626  37  THR  HB  5.992  -8.853  -2.088  172.27
627  37  THR  HG1  4.229  -9.593  -0.97  4.44
628  37  THR  HG21  8.054  -9.621  -1.508  8.26
629  37  THR  HG22  7.183  -10.942  -1.567  3.7
630  37  THR  HG23  7.514  -10.273  -0.17  4.67
631  38  ILE  N  8.06  -7.333  0.978  119.84
632  38  ILE  CA  9.409  -6.686  1.038  59.02
633  38  ILE  C  10.304  -7.51  1.973  174.41
634  38  ILE  O  9.861  -8.016  2.983  178.28
635  38  ILE  CB  9.281  -5.252  1.575  39
636  38  ILE  CG1  8.712  -4.352  0.476  17.14
637  38  ILE  CG2  10.661  -4.725  1.998  8.26
638  38  ILE  CD  8.366  -2.987  1.068  3.97
639  38  ILE  H  7.714  -7.658  1.695  1.28
640  38  ILE  HA  9.805  -6.667  0.153  1.28
641  38  ILE  HB  8.685  -5.248  2.34  108.51
642  38  ILE  HG12  9.373  -4.243  -0.226  116.21
643  38  ILE  HG13  7.911  -4.756  0.107  8.49
644  38  ILE  HG21  10.915  -5.128  2.843  4.18
645  38  ILE  HG22  10.628  -3.761  2.101  2.45
646  38  ILE  HG23  11.316  -4.956  1.321  3.18
647  38  ILE  HD11  9.276  -2.482  1.358  6.84
648  38  ILE  HD12  7.74  -3.122  1.936  6.84
649  38  ILE  HD13  7.843  -2.393  0.332  6.93
650  39  ASP  N  11.562  -7.64  1.636  6.93
651  39  ASP  CA  12.505  -8.423  2.493  2.23
652  39  ASP  C  11.834  -9.709  2.979  125.24
653  39  ASP  O  12.147  -10.225  4.034  53.87
654  39  ASP  CB  12.92  -7.581  3.7  173.86
655  39  ASP  CG  13.941  -8.355  4.537  60.53
656  39  ASP  OD1  15.094  -8.394  4.141  42.84
657  39  ASP  OD2  13.551  -8.894  5.559  29
658  39  ASP  H  11.85  -7.27  0.915  114.11
659  39  ASP  HA  13.291  -8.652  1.973  67.44
660  39  ASP  HB2  13.315  -6.75  3.394  7.57
661  39  ASP  HB3  12.14  -7.388  4.243  4.55
662  40  GLY  N  10.917  -10.231  2.218  2.43
663  40  GLY  CA  10.228  -11.484  2.635  2.6
664  40  GLY  C  9.175  -11.161  3.696  116.04
665  40  GLY  O  8.026  -11.534  3.575  56.6
666  40  GLY  H  10.711  -9.852  1.474  175.59
667  40  GLY  HA2  9.798  -11.887  1.864  4.2
668  40  GLY  HA3  10.877  -12.103  3.005  28.17
669  41  GLU  N  9.555  -10.469  4.736  34.14
670  41  GLU  CA  8.569  -10.129  5.799  117.39
671  41  GLU  C  7.383  -9.4  5.162  57.97
672  41  GLU  O  7.531  -8.376  4.526  113.59
673  41  GLU  CB  9.242  -9.234  6.862  8.17
674  41  GLU  CG  9.739  -10.095  8.027  3.98
675  41  GLU  CD  10.427  -9.21  9.068  1.94
676  41  GLU  OE1  11.539  -8.781  8.81  2.04
677  41  GLU  OE2  9.829  -8.975  10.106  2.26
678  41  GLU  H  10.372  -10.211  4.807  2.31
679  41  GLU  HA  8.249  -10.947  6.21  7.59
680  41  GLU  HB2  9.995  -8.772  6.461  6.83
681  41  GLU  HB3  8.608  -8.581  7.199  122.44
682  41  GLU  HG2  8.983  -10.548  8.432  61.35
683  41  GLU  HG3  10.369  -10.754  7.696  175.78
684  42  THR  N  6.205  -9.932  5.33  7.04
685  42  THR  CA  4.995  -9.289  4.736  33.74
686  42  THR  C  4.439  -8.235  5.697  20.79
687  42  THR  O  4.427  -8.422  6.898  21.5
688  42  THR  CB  3.929  -10.357  4.478  8.01
689  42  THR  OG1  2.766  -9.743  3.94  4.19
690  42  THR  CG2  3.576  -11.062  5.789  1.59
691  42  THR  H  6.126  -10.658  5.785  26.94
692  42  THR  HA  5.231  -8.865  3.896  18.14
693  42  THR  HB  4.271  -11.01  3.848  43.02
694  42  THR  HG1  2.762  -9.876  3.111  7.63
695  42  THR  HG21  3.139  -10.434  6.385  3.77
696  42  THR  HG22  4.387  -11.393  6.206  2.03
697  42  THR  HG23  2.979  -11.805  5.607  123.34
698  43  LYS  N  3.967  -7.13  5.172  62.16
699  43  LYS  CA  3.391  -6.05  6.037  173.59
700  43  LYS  C  2.068  -5.597  5.406  118.06
701  43  LYS  O  1.867  -5.742  4.216  70.08
702  43  LYS  CB  4.397  -4.872  6.118  177.46
703  43  LYS  CG  4.652  -4.474  7.582  21.39
704  43  LYS  CD  3.391  -3.841  8.177  9.06
705  43  LYS  CE  3.745  -3.151  9.495  4.34
706  43  LYS  NZ  4.653  -4.029  10.284  3.94
707  43  LYS  H  3.98  -7.027  4.318  177.18
708  43  LYS  HA  3.211  -6.403  6.922  58.1
709  43  LYS  HB2  5.237  -5.147  5.718  36.54
710  43  LYS  HB3  4.055  -4.104  5.635  29.84
711  43  LYS  HG2  4.89  -5.262  8.094  17.94
712  43  LYS  HG3  5.379  -3.833  7.619  57.41
713  43  LYS  HD2  3.031  -3.188  7.556  175.68
714  43  LYS  HD3  2.728  -4.53  8.343  3.55
715  43  LYS  HE2  4.189  -2.308  9.311  31.11
716  43  LYS  HE3  2.935  -2.986  10.002  26.55
717  43  LYS  HZ1  4.61  -3.805  11.144  44.66
718  43  LYS  HZ2  5.488  -3.929  9.994  8.03
719  43  LYS  HZ3  4.404  -4.878  10.188  4.46
720  44  VAL  N  1.154  -5.068  6.187  2.37
721  44  VAL  CA  -0.159  -4.629  5.613  1.99
722  44  VAL  C  -0.606  -3.309  6.243  8.67
723  44  VAL  O  -0.17  -2.935  7.313  4.34
724  44  VAL  CB  -1.21  -5.712  5.879  1.73
725  44  VAL  CG1  -2.36  -5.565  4.883  1.99
726  44  VAL  CG2  -0.573  -7.092  5.708  1.39
727  44  VAL  H  1.303  -4.982  7.03  1.65
728  44  VAL  HA  -0.069  -4.496  4.656  2.91
729  44  VAL  HB  -1.548  -5.622  6.784  3.13
730  44  VAL  HG11  -2.681  -4.65  4.891  3.95
731  44  VAL  HG12  -3.082  -6.163  5.13  175.88
732  44  VAL  HG13  -2.043  -5.79  3.994  54.91
733  44  VAL  HG21  -0.029  -7.098  4.905  70.11
734  44  VAL  HG22  -1.269  -7.763  5.629  113.31
735  44  VAL  HG23  -0.017  -7.291  6.477  123.34
736  45  PHE  N  -1.475  -2.598  5.569  58.93
737  45  PHE  CA  -1.964  -1.29  6.095  175.59
738  45  PHE  C  -3.447  -1.124  5.758  28.94
739  45  PHE  O  -3.866  -1.363  4.642  38.79
740  45  PHE  CB  -1.157  -0.173  5.44  27.06
741  45  PHE  CG  0.309  -0.499  5.568  17.65
742  45  PHE  CD1  0.95  -1.249  4.578  111.6
743  45  PHE  CD2  1.024  -0.06  6.685  8.45
744  45  PHE  CE1  2.309  -1.559  4.705  4.29
745  45  PHE  CE2  2.382  -0.367  6.813  1.69
746  45  PHE  CZ  3.026  -1.116  5.822  1.22
747  45  PHE  H  -1.762  -2.885  4.811  1.37
748  45  PHE  HA  -1.848  -1.253  7.057  2.6
749  45  PHE  HB2  -1.396  -0.108  4.502  7.15
750  45  PHE  HB3  -1.343  0.67  5.883  6.82
751  45  PHE  HD1  0.473  -1.541  3.835  3.06
752  45  PHE  HD2  0.595  0.438  7.342  59.84
753  45  PHE  HE1  2.735  -2.058  4.046  173.77
754  45  PHE  HE2  2.857  -0.074  7.557  128.84
755  45  PHE  HZ  3.929  -1.323  5.907  53.46
756  46  HSE  N  -4.245  -0.716  6.714  176.91
757  46  HSE  CA  -5.711  -0.532  6.46  20.94
758  46  HSE  C  -6.015  0.964  6.289  19.27
759  46  HSE  O  -7.14  1.351  6.038  8.69
760  46  HSE  CB  -6.51  -1.109  7.65  4.07
761  46  HSE  CG  -7.847  -1.625  7.171  3.82
762  46  HSE  ND1  -8.55  -2.616  7.838  55.36
763  46  HSE  CD2  -8.603  -1.304  6.075  3.88
764  46  HSE  CE1  -9.676  -2.855  7.134  111.94
765  46  HSE  NE2  -9.756  -2.079  6.053  54.47
766  46  HSE  H  -3.881  -0.531  7.605  174.45
767  46  HSE  HA  -5.988  -1.051  5.551  177.06
768  46  HSE  HB2  -5.952  -1.924  8.089  37.18
769  46  HSE  HB3  -6.666  -0.342  8.396  177.78
770  46  HSE  HD1  -8.28  -3.06  8.668  2.99
771  46  HSE  HD2  -8.336  -0.572  5.336  114.99
772  46  HSE  HE1  -10.406  -3.603  7.394  8.72
773  47  ASP  N  -5.017  1.805  6.422  4.36
774  47  ASP  CA  -5.227  3.281  6.266  2.89
775  47  ASP  C  -4.132  3.854  5.361  2.98
776  47  ASP  O  -2.968  3.542  5.511  7.66
777  47  ASP  CB  -5.151  3.952  7.641  6.92
778  47  ASP  CG  -6.435  3.668  8.423  106.14
779  47  ASP  OD1  -6.901  2.542  8.37  58.93
780  47  ASP  OD2  -6.93  4.581  9.062  169.4
781  47  ASP  H  -4.23  1.506  6.597  123.71
782  47  ASP  HA  -6.094  3.457  5.869  70.27
783  47  ASP  HB2  -4.389  3.602  8.129  178.38
784  47  ASP  HB3  -5.05  4.91  7.527  22.41
785  48  LYS  N  -4.493  4.683  4.416  7.49
786  48  LYS  CA  -3.466  5.261  3.501  4.71
787  48  LYS  C  -2.382  5.972  4.313  4.12
788  48  LYS  O  -1.236  6.035  3.913  113.66
789  48  LYS  CB  -4.134  6.252  2.535  60.69
790  48  LYS  CG  -4.527  7.538  3.279  8.96
791  48  LYS  CD  -5.459  8.399  2.399  3.58
792  48  LYS  CE  -6.92  7.987  2.616  2.06
793  48  LYS  NZ  -7.306  8.269  4.027  64.08
794  48  LYS  H  -5.322  4.89  4.319  177.69
795  48  LYS  HA  -3.056  4.546  2.99  2.32
796  48  LYS  HB2  -3.515  6.47  1.821  111.31
797  48  LYS  HB3  -4.929  5.844  2.157  27.87
798  48  LYS  HG2  -4.977  7.306  4.106  50.63
799  48  LYS  HG3  -3.725  8.044  3.484  4.32
800  48  LYS  HD2  -5.354  9.333  2.639  1.98
801  48  LYS  HD3  -5.228  8.282  1.464  2.09
802  48  LYS  HE2  -7.491  8.493  2.017  1.54
803  48  LYS  HE3  -7.021  7.039  2.435  1.98
804  48  LYS  HZ1  -7.412  7.501  4.465  3.26
805  48  LYS  HZ2  -8.07  8.726  4.038  3.77
806  48  LYS  HZ3  -6.667  8.748  4.42  121.44
807  49  THR  N  -2.729  6.51  5.448  54.88
808  49  THR  CA  -1.708  7.214  6.27  178.22
809  49  THR  C  -0.678  6.21  6.773  176.78
810  49  THR  O  0.51  6.369  6.573  18.66
811  49  THR  CB  -2.382  7.875  7.473  8.12
812  49  THR  OG1  -3.291  8.868  7.019  4.03
813  49  THR  CG2  -1.313  8.515  8.361  28.74
814  49  THR  H  -3.544  6.459  5.719  41.94
815  49  THR  HA  -1.267  7.89  5.732  1.79
816  49  THR  HB  -2.86  7.203  7.984  106.44
817  49  THR  HG1  -2.885  9.603  7.002  57.91
818  49  THR  HG21  -0.698  9.024  7.81  174.64
819  49  THR  HG22  -0.824  7.821  8.83  1.98
820  49  THR  HG23  -1.735  9.105  9.004  37.58
821  50  LYS  N  -1.122  5.184  7.44  1.42
822  50  LYS  CA  -0.174  4.174  7.973  1.57
823  50  LYS  C  0.789  3.754  6.854  1.64
824  50  LYS  O  1.981  3.648  7.059  2.92
825  50  LYS  CB  -0.986  2.974  8.487  2.92
826  50  LYS  CG  -0.291  2.311  9.681  123.13
827  50  LYS  CD  -1.259  1.309  10.302  7.14
828  50  LYS  CE  -0.591  0.61  11.488  4.44
829  50  LYS  NZ  0.618  -0.125  11.017  2.73
830  50  LYS  H  -1.966  5.093  7.58  3.54
831  50  LYS  HA  0.332  4.569  8.7  7.13
832  50  LYS  HB2  -1.863  3.282  8.763  7.13
833  50  LYS  HB3  -1.091  2.322  7.777  7.3
834  50  LYS  HG2  0.512  1.854  9.386  7.3
835  50  LYS  HG3  -0.06  2.982  10.343  44.14
836  50  LYS  HD2  -2.05  1.783  10.603  122.14
837  50  LYS  HD3  -1.511  0.65  9.636  61.05
838  50  LYS  HE2  -0.33  1.269  12.15  174.86
839  50  LYS  HE3  -1.215  -0.017  11.886  1.71
840  50  LYS  HZ1  1.302  0.44  10.952  36.87
841  50  LYS  HZ2  0.454  -0.486  10.22  25.6
842  50  LYS  HZ3  0.821  -0.767  11.599  16.74
843  51  PHE  N  0.284  3.538  5.666  1.8
844  51  PHE  CA  1.185  3.155  4.541  7.45
845  51  PHE  C  2.161  4.303  4.29  4.37
846  51  PHE  O  3.358  4.15  4.397  1.78
847  51  PHE  CB  0.365  2.889  3.275  3.14
848  51  PHE  CG  1.296  2.517  2.142  6.84
849  51  PHE  CD1  1.948  1.278  2.148  4.09
850  51  PHE  CD2  1.51  3.41  1.086  39.29
851  51  PHE  CE1  2.813  0.931  1.103  6.5
852  51  PHE  CE2  2.375  3.064  0.039  7.22
853  51  PHE  CZ  3.028  1.822  0.048  117.71
854  51  PHE  H  -0.56  3.634  5.532  67.14
855  51  PHE  HA  1.679  2.356  4.781  124.84
856  51  PHE  HB2  -0.254  2.16  3.438  55.08
857  51  PHE  HB3  -0.133  3.687  3.039  176.19
858  51  PHE  HD1  1.807  0.685  2.85  21.14
859  51  PHE  HD2  1.079  4.234  1.078  29.99
860  51  PHE  HE1  3.243  0.107  1.109  8.44
861  51  PHE  HE2  2.516  3.661  -0.66  3.46
862  51  PHE  HZ  3.606  1.591  -0.644  41.02
863  52  THR  N  1.657  5.463  3.964  7.19
864  52  THR  CA  2.558  6.629  3.719  8.68
865  52  THR  C  3.6  6.705  4.84  4.09
866  52  THR  O  4.765  6.956  4.604  1.85
867  52  THR  CB  1.733  7.918  3.699  1.96
868  52  THR  OG1  0.718  7.813  2.71  116.04
869  52  THR  CG2  2.639  9.106  3.375  121.61
870  52  THR  H  0.805  5.556  3.894  54.94
871  52  THR  HA  3.009  6.517  2.868  180.78
872  52  THR  HB  1.324  8.055  4.568  2.68
873  52  THR  HG1  0.74  7.034  2.398  3.11
874  52  THR  HG21  3.316  9.195  4.064  8.12
875  52  THR  HG22  2.108  9.917  3.339  4.18
876  52  THR  HG23  3.068  8.961  2.517  1.84
877  53  GLN  N  3.186  6.476  6.055  101.42
878  53  GLN  CA  4.146  6.515  7.193  44.46
879  53  GLN  C  5.174  5.404  7.006  171.36
880  53  GLN  O  6.359  5.618  7.148  66.64
881  53  GLN  CB  3.388  6.302  8.506  7.17
882  53  GLN  CG  2.469  7.501  8.771  3.54
883  53  GLN  CD  3.291  8.675  9.311  4.73
884  53  GLN  OE1  4.387  8.49  9.802  111.44
885  53  GLN  NE2  2.802  9.883  9.242  58.32
886  53  GLN  H  2.359  6.289  6.197  174.41
887  53  GLN  HA  4.602  7.371  7.214  3.78
888  53  GLN  HB2  2.854  5.495  8.442  2.12
889  53  GLN  HB3  4.021  6.213  9.235  18.16
890  53  GLN  HG2  2.034  7.764  7.945  21.5
891  53  GLN  HG3  1.796  7.255  9.424  8.64
892  53  GLN  HE21  2.026  10.014  8.895  5.36
893  53  GLN  HE22  3.257  10.548  9.542  1.89
894  54  TYR  N  4.731  4.222  6.675  173.95
895  54  TYR  CA  5.696  3.1  6.467  120.91
896  54  TYR  C  6.829  3.579  5.554  66.64
897  54  TYR  O  7.983  3.261  5.761  177.98
898  54  TYR  CB  4.978  1.906  5.831  23.72
899  54  TYR  CG  5.987  0.831  5.497  31.34
900  54  TYR  CD1  6.681  0.181  6.523  115.44
901  54  TYR  CD2  6.225  0.485  4.163  59.94
902  54  TYR  CE1  7.614  -0.816  6.215  171.04
903  54  TYR  CE2  7.157  -0.512  3.854  3.76
904  54  TYR  CZ  7.851  -1.163  4.88  71.75
905  54  TYR  OH  8.77  -2.146  4.576  6.95
906  54  TYR  H  3.887  4.095  6.572  19.57
907  54  TYR  HA  6.066  2.834  7.324  8.57
908  54  TYR  HB2  4.324  1.552  6.454  4.8
909  54  TYR  HB3  4.529  2.191  5.019  3.72
910  54  TYR  HD1  6.523  0.412  7.41  175.35
911  54  TYR  HD2  5.762  0.918  3.482  124.11
912  54  TYR  HE1  8.075  -1.248  6.898  57.74
913  54  TYR  HE2  7.315  -0.742  2.967  178.58
914  54  TYR  HH  9.33  -1.821  4.041  123.14
915  55  LEU  N  6.515  4.353  4.548  52.45
916  55  LEU  CA  7.591  4.864  3.646  174.41
917  55  LEU  C  8.232  6.095  4.284  13.99
918  55  LEU  O  9.43  6.28  4.223  39.2
919  55  LEU  CB  7.019  5.26  2.279  8.8
920  55  LEU  CG  5.928  4.289  1.83  4.42
921  55  LEU  CD1  5.32  4.824  0.536  111.29
922  55  LEU  CD2  6.527  2.905  1.567  8.16
923  55  LEU  H  5.695  4.573  4.412  5.02
924  55  LEU  HA  8.272  4.183  3.532  2.38
925  55  LEU  HB2  6.639  6.151  2.332  2.87
926  55  LEU  HB3  7.734  5.259  1.623  7.44
927  55  LEU  HG  5.24  4.229  2.511  6.91
928  55  LEU  HD11  4.81  4.123  0.101  127.64
929  55  LEU  HD12  6.03  5.119  -0.055  53.26
930  55  LEU  HD13  4.737  5.572  0.741  175.64
931  55  LEU  HD21  5.813  2.276  1.378  8.5
932  55  LEU  HD22  7.021  2.607  2.347  42.84
933  55  LEU  HD23  7.124  2.953  0.804  27.16
934  56  SER  N  7.448  6.943  4.889  23.62
935  56  SER  CA  8.028  8.155  5.526  7.73
936  56  SER  C  9.209  7.729  6.395  9.21
937  56  SER  O  10.134  8.483  6.622  4.65
938  56  SER  CB  6.968  8.839  6.391  1.21
939  56  SER  OG  7.375  10.172  6.666  1.7
940  56  SER  H  6.6  6.801  4.921  1.37
941  56  SER  HA  8.334  8.768  4.839  39.74
942  56  SER  HB2  6.122  8.857  5.917  21.13
943  56  SER  HB3  6.86  8.347  7.22  132.04
944  56  SER  HG  7.601  10.53  5.94  132.04
945  57  THR  N  9.182  6.508  6.87  130.94
946  57  THR  CA  10.298  5.996  7.717  130.94
947  57  THR  C  11.238  5.143  6.855  128.54
948  57  THR  O  12.224  4.616  7.332  8.54
949  57  THR  CB  9.725  5.175  8.884  175.78
950  57  THR  OG1  10.783  4.775  9.743  3.28
951  57  THR  CG2  8.985  3.936  8.373  3.29
952  57  THR  H  8.519  5.993  6.682  28.48
953  57  THR  HA  10.801  6.743  8.077  43.45
954  57  THR  HB  9.101  5.729  9.378  7.38
955  57  THR  HG1  11.484  4.716  9.283  7.38
956  57  THR  HG21  8.188  4.215  7.895  6.9
957  57  THR  HG22  8.728  3.383  9.127  111.51
958  57  THR  HG23  9.559  3.424  7.781  9.14
959  58  ASN  N  10.947  5.009  5.58  3.87
960  58  ASN  CA  11.825  4.201  4.68  1.95
961  58  ASN  C  11.91  4.91  3.328  1.95
962  58  ASN  O  11.333  4.476  2.35  1.42
963  58  ASN  CB  11.23  2.802  4.496  1.55
964  58  ASN  CG  12.116  1.988  3.55  3.11
965  58  ASN  OD1  13.102  1.414  3.966  3.28
966  58  ASN  ND2  11.804  1.914  2.285  4.45
967  58  ASN  H  10.25  5.393  5.254  5.11
968  58  ASN  HA  12.714  4.128  5.061  2.66
969  58  ASN  HB2  11.181  2.356  5.356  21.95
970  58  ASN  HB3  10.34  2.874  4.118  57.07
971  58  ASN  HD21  11.106  2.32  1.989  104.06
972  58  ASN  HD22  12.296  1.459  1.746  45.57
973  59  PRO  N  12.615  6.011  3.287  173.77
974  59  PRO  CA  12.775  6.831  2.051  1.99
975  59  PRO  C  13.103  5.988  0.813  8.03
976  59  PRO  O  12.698  6.311  -0.283  3.65
977  59  PRO  CB  13.933  7.773  2.397  4.26
978  59  PRO  CG  13.849  7.941  3.879  121.64
979  59  PRO  CD  13.345  6.601  4.424  61.45
980  59  PRO  HA  11.972  7.352  1.897  174.5
981  59  PRO  HB2  14.781  7.374  2.147  4.01
982  59  PRO  HB3  13.82  8.63  1.956  33.53
983  59  PRO  HG2  14.724  8.149  4.242  21.39
984  59  PRO  HG3  13.219  8.644  4.103  21.39
985  59  PRO  HD2  14.091  6.036  4.68  7.56
986  59  PRO  HD3  12.744  6.737  5.173  4.06
987  60  ALA  N  13.833  4.914  0.982  2.06
988  60  ALA  CA  14.195  4.051  -0.186  2.93
989  60  ALA  C  12.989  3.891  -1.12  2.93
990  60  ALA  O  13.1  4.042  -2.323  114.86
991  60  ALA  CB  14.632  2.674  0.317  53.39
992  60  ALA  H  14.11  4.706  1.769  175.3
993  60  ALA  HA  14.926  4.462  -0.673  120.81
994  60  ALA  HB1  13.953  2.316  0.91  126.24
995  60  ALA  HB2  15.47  2.758  0.799  60.65
996  60  ALA  HB3  14.751  2.076  -0.437  175.5
997  61  LEU  N  11.84  3.599  -0.58  17.74
998  61  LEU  CA  10.637  3.442  -1.446  35.55
999  61  LEU  C  10.178  4.82  -1.936  26.96
1000  61  LEU  O  9.974  5.032  -3.112  17.85
1001  61  LEU  CB  9.5  2.798  -0.648  121.49
1002  61  LEU  CG  9.719  1.283  -0.524  8.54
1003  61  LEU  CD1  8.671  0.715  0.436  4.32
1004  61  LEU  CD2  9.588  0.595  -1.904  1.99
1005  61  LEU  H  11.776  3.503  0.272  1.47
1006  61  LEU  HA  10.856  2.88  -2.206  1.47
1007  61  LEU  HB2  9.474  3.19  0.239  41.84
1008  61  LEU  HB3  8.656  2.962  -1.098  26.34
1009  61  LEU  HG  10.606  1.121  -0.165  24.74
1010  61  LEU  HD11  8.868  -0.218  0.613  26.24
1011  61  LEU  HD12  7.79  0.788  0.036  7.85
1012  61  LEU  HD13  8.69  1.214  1.268  3.9
1013  61  LEU  HD21  9.246  -0.306  -1.791  129.84
1014  61  LEU  HD22  10.46  0.549  -2.326  59.94
1015  61  LEU  HD23  8.982  1.097  -2.471  174.04
1016  62  GLN  N  10.001  5.749  -1.032  174.92
1017  62  GLN  CA  9.53  7.115  -1.416  34.85
1018  62  GLN  C  10.219  7.592  -2.699  20.89
1019  62  GLN  O  9.575  8.037  -3.628  20.89
1020  62  GLN  CB  9.848  8.094  -0.285  8.99
1021  62  GLN  CG  9.113  7.666  0.986  4.58
1022  62  GLN  CD  9.17  8.799  2.012  1.97
1023  62  GLN  OE1  9.97  8.763  2.928  60.34
1024  62  GLN  NE2  8.351  9.807  1.901  178.38
1025  62  GLN  H  10.142  5.567  -0.203  8.06
1026  62  GLN  HA  8.571  7.094  -1.557  31.84
1027  62  GLN  HB2  10.804  8.097  -0.12  26.34
1028  62  GLN  HB3  9.56  8.985  -0.538  29.24
1029  62  GLN  HG2  8.188  7.469  0.772  41.84
1030  62  GLN  HG3  9.537  6.876  1.355  120.08
1031  62  GLN  HE21  7.785  9.832  1.254  174.81
1032  62  GLN  HE22  8.377  10.448  2.474  3.73
1033  63  ARG  N  11.519  7.513  -2.761  1.9
1034  63  ARG  CA  12.229  7.978  -3.989  28.17
1035  63  ARG  C  11.805  7.128  -5.183  51.44
1036  63  ARG  O  11.557  7.633  -6.26  4.98
1037  63  ARG  CB  13.743  7.839  -3.801  1.7
1038  63  ARG  CG  14.15  8.43  -2.454  1.7
1039  63  ARG  CD  15.653  8.239  -2.246  1.99
1040  63  ARG  NE  15.988  6.791  -2.35  2.25
1041  63  ARG  CZ  17.23  6.418  -2.5  4.03
1042  63  ARG  NH1  18.177  7.312  -2.557  4.49
1043  63  ARG  NH2  17.524  5.15  -2.595  120.84
1044  63  ARG  H  11.965  7.201  -2.095  57.94
1045  63  ARG  HA  12.009  8.907  -4.159  175.14
1046  63  ARG  HB2  13.987  6.901  -3.83  178.08
1047  63  ARG  HB3  14.201  8.314  -4.512  37.68
1048  63  ARG  HG2  13.936  9.376  -2.437  25.85
1049  63  ARG  HG3  13.668  7.975  -1.746  18.06
1050  63  ARG  HD2  16.139  8.732  -2.926  179.94
1051  63  ARG  HD3  15.904  8.567  -1.368  8.65
1052  63  ARG  HE  15.364  6.201  -2.311  4.86
1053  63  ARG  HH11  17.984  8.148  -2.496  1.68
1054  63  ARG  HH12  18.995  7.067  -2.656  1.15
1055  63  ARG  HH21  16.9  4.559  -2.558  1.15
1056  63  ARG  HH22  18.342  4.905  -2.694  2.1
1057  64  ILE  N  11.742  5.84  -5.011  2.33
1058  64  ILE  CA  11.361  4.964  -6.156  2.4
1059  64  ILE  C  9.858  5.067  -6.445  7.63
1060  64  ILE  O  9.456  5.443  -7.529  6.8
1061  64  ILE  CB  11.718  3.514  -5.834  113.51
1062  64  ILE  CG1  13.202  3.421  -5.465  125.64
1063  64  ILE  CG2  11.444  2.652  -7.063  60.14
1064  64  ILE  CD  13.508  2.02  -4.93  174.63
1065  64  ILE  H  11.939  5.498  -4.247  62.94
1066  64  ILE  HA  11.852  5.243  -6.945  34.65
1067  64  ILE  HB  11.175  3.204  -5.092  21.39
1068  64  ILE  HG12  13.743  3.593  -6.252  21.5
1069  64  ILE  HG13  13.408  4.077  -4.781  9.23
1070  64  ILE  HG21  11.886  3.038  -7.835  4.89
1071  64  ILE  HG22  10.488  2.616  -7.223  2.13
1072  64  ILE  HG23  11.782  1.755  -6.913  118.61
1073  64  ILE  HD11  13.181  1.282  -5.647  64.84
1074  64  ILE  HD12  12.987  1.87  -3.996  177.68
1075  64  ILE  HD13  14.572  1.921  -4.77  1.8
1076  65  ILE  N  9.022  4.731  -5.501  31.94
1077  65  ILE  CA  7.556  4.81  -5.75  21.54
1078  65  ILE  C  7.182  6.235  -6.162  125.44
1079  65  ILE  O  6.034  6.531  -6.432  53.56
1080  65  ILE  CB  6.805  4.43  -4.469  176.87
1081  65  ILE  CG1  7.069  5.487  -3.358  2.09
1082  65  ILE  CG2  7.279  3.046  -4.007  42.44
1083  65  ILE  CD  5.866  6.431  -3.219  120.12
1084  65  ILE  H  9.313  4.459  -4.739  54.3
1085  65  ILE  HA  7.315  4.195  -6.461  175.8
1086  65  ILE  HB  5.856  4.383  -4.664  9.82
1087  65  ILE  HG12  7.217  5.043  -2.508  5
1088  65  ILE  HG13  7.855  6.01  -3.581  2.33
1089  65  ILE  HG21  6.781  2.779  -3.218  3.23
1090  65  ILE  HG22  8.225  3.081  -3.797  124.14
1091  65  ILE  HG23  7.13  2.4  -4.715  57.21
1092  65  ILE  HD11  4.975  5.851  -3.032  178.14
1093  65  ILE  HD12  5.744  6.997  -4.13  26.94
1094  65  ILE  HD13  6.034  7.108  -2.394  42.13
