1  1  MET  N  17.928  -4.851  17.117  39.34
2  1  MET  CA  17.436  -4.317  15.828  55.96
3  1  MET  C  18.598  -4.149  14.855  173.74
4  1  MET  O  19.562  -3.432  15.13  55.76
5  1  MET  CB  16.69  -2.986  16.038  30.1
6  1  MET  CG  17.549  -1.841  16.564  30.64
7  1  MET  SD  18.207  -2.136  18.22  3.79
8  1  MET  CE  16.698  -2.205  19.185  16.23
9  1  MET  H  17.261  -5.242  17.558  4.03
10  1  MET  H2  18.251  -4.193  17.621  3.97
11  1  MET  H3  18.571  -5.45  16.978  54.49
12  1  MET  HA  16.82  -4.966  15.454  4.54
13  1  MET  HB2  16.309  -2.708  15.19  3.05
14  1  MET  HB3  15.968  -3.135  16.668  3.05
15  1  MET  HG2  18.293  -1.71  15.956  58.2
16  1  MET  HG3  17.008  -1.036  16.585  174.56
17  1  MET  HE1  16.917  -2.367  20.116  2.36
18  1  MET  HE2  16.134  -2.922  18.855  64
19  1  MET  HE3  16.225  -1.362  19.106  27.43
20  2  LYS  N  18.516  -4.836  13.724  124.05
21  2  LYS  CA  19.604  -4.849  12.755  56.78
22  2  LYS  C  19.055  -5.1  11.353  176.33
23  2  LYS  O  19.474  -4.471  10.381  4.51
24  2  LYS  CB  20.608  -5.94  13.14  33.24
25  2  LYS  CG  21.902  -5.924  12.346  25.06
26  2  LYS  CD  22.781  -7.106  12.732  29.31
27  2  LYS  CE  24.146  -7.043  12.066  42.27
28  2  LYS  NZ  24.934  -5.871  12.526  1.97
29  2  LYS  H  17.806  -5.294  13.561  8.14
30  2  LYS  HA  20.043  -3.984  12.776  4.33
31  2  LYS  HB2  20.831  -5.835  14.078  1.75
32  2  LYS  HB3  20.187  -6.805  13.015  1.82
33  2  LYS  HG2  21.694  -5.978  11.4  1.34
34  2  LYS  HG3  22.378  -5.099  12.532  1.41
35  2  LYS  HD2  22.902  -7.104  13.694  1.66
36  2  LYS  HD3  22.337  -7.926  12.463  1.66
37  2  LYS  HE2  24.634  -7.853  12.28  2.96
38  2  LYS  HE3  24.021  -6.984  11.106  2.96
39  2  LYS  HZ1  25.053  -5.296  11.857  27.14
40  2  LYS  HZ2  25.732  -6.131  12.821  115.22
41  2  LYS  HZ3  24.51  -5.455  13.188  58.21
42  3  ARG  N  18.102  -6.015  11.264  122.74
43  3  ARG  CA  17.48  -6.371  9.996  56.86
44  3  ARG  C  16.246  -5.495  9.757  176.29
45  3  ARG  O  15.182  -5.986  9.377  1.16
46  3  ARG  CB  17.088  -7.853  10.031  30.73
47  3  ARG  CG  16.767  -8.454  8.673  27.23
48  3  ARG  CD  17.995  -8.488  7.784  43.44
49  3  ARG  NE  17.733  -9.162  6.514  3.9
50  3  ARG  CZ  18.576  -9.155  5.484  172.84
51  3  ARG  NH1  19.728  -8.502  5.572  114.57
52  3  ARG  NH2  18.265  -9.794  4.365  61.34
53  3  ARG  H  17.846  -6.42  11.978  8.62
54  3  ARG  HA  18.123  -6.221  9.286  4.22
55  3  ARG  HB2  17.821  -8.357  10.418  1.78
56  3  ARG  HB3  16.307  -7.952  10.598  1.78
57  3  ARG  HG2  16.44  -9.359  8.796  1.61
58  3  ARG  HG3  16.083  -7.916  8.245  1.61
59  3  ARG  HD2  18.274  -7.576  7.605  3.15
60  3  ARG  HD3  18.704  -8.957  8.251  3.15
61  3  ARG  HE  16.99  -9.59  6.441  4.14
62  3  ARG  HH11  19.931  -8.08  6.293  2.01
63  3  ARG  HH12  20.279  -8.506  4.912  55.58
64  3  ARG  HH21  17.52  -10.219  4.301  118.56
65  3  ARG  HH22  18.802  -9.774  3.693  123.28
66  4  GLN  N  16.402  -4.192  9.956  120
67  4  GLN  CA  15.272  -3.27  9.905  56.78
68  4  GLN  C  14.962  -2.81  8.483  176.47
69  4  GLN  O  14.141  -1.912  8.283  41.32
70  4  GLN  CB  15.533  -2.055  10.793  29.69
71  4  GLN  CG  15.633  -2.388  12.269  34.04
72  4  GLN  CD  15.711  -1.147  13.131  120.44
73  4  GLN  OE1  16.795  -0.643  13.42  8.29
74  4  GLN  NE2  14.56  -0.648  13.548  112.82
75  4  GLN  H  17.188  -3.882  10.117  8.61
76  4  GLN  HA  14.498  -3.741  10.251  4.22
77  4  GLN  HB2  16.366  -1.641  10.519  1.96
78  4  GLN  HB3  14.811  -1.418  10.674  2.05
79  4  GLN  HG2  14.849  -2.897  12.528  2.37
80  4  GLN  HG3  16.43  -2.921  12.417  2.37
81  4  GLN  HE21  13.835  -1.05  13.317  7.6
82  4  GLN  HE22  14.575  0.068  14.025  6.9
83  5  LYS  N  15.614  -3.415  7.501  121.24
84  5  LYS  CA  15.321  -3.113  6.105  57.52
85  5  LYS  C  13.96  -3.674  5.724  176.84
86  5  LYS  O  13.128  -2.977  5.145  4.06
87  5  LYS  CB  16.402  -3.683  5.184  33.03
88  5  LYS  CG  17.652  -2.823  5.104  25.02
89  5  LYS  CD  17.409  -1.563  4.285  29.3
90  5  LYS  CE  17.115  -1.897  2.829  42.28
91  5  LYS  NZ  16.881  -0.678  2.008  20.59
92  5  LYS  H  16.215  -4  7.691  8.18
93  5  LYS  HA  15.298  -2.148  6.008  4.16
94  5  LYS  HB2  16.657  -4.561  5.508  1.76
95  5  LYS  HB3  16.037  -3.772  4.29  1.76
96  5  LYS  HG2  17.916  -2.567  6.002  1.33
97  5  LYS  HG3  18.363  -3.336  4.689  1.33
98  5  LYS  HD2  16.65  -1.087  4.657  1.6
99  5  LYS  HD3  18.2  -1.004  4.328  1.6
100  5  LYS  HE2  17.871  -2.382  2.463  2.93
101  5  LYS  HE3  16.325  -2.458  2.793  2.93
102  5  LYS  HZ1  17.625  -0.193  1.955  4.25
103  5  LYS  HZ2  16.24  -0.179  2.373  62.47
104  5  LYS  HZ3  16.629  -0.907  1.186  174.13
105  6  ARG  N  13.736  -4.928  6.077  120.23
106  6  ARG  CA  12.49  -5.599  5.75  57.4
107  6  ARG  C  11.359  -5.12  6.656  176.77
108  6  ARG  O  10.237  -4.963  6.201  175.71
109  6  ARG  CB  12.645  -7.117  5.893  30.32
110  6  ARG  CG  11.582  -7.913  5.155  27.16
111  6  ARG  CD  11.489  -9.337  5.678  43.49
112  6  ARG  NE  10.789  -9.391  6.962  3.94
113  6  ARG  CZ  11.339  -9.783  8.109  124.43
114  6  ARG  NH1  12.598  -10.207  8.142  58.77
115  6  ARG  NH2  10.617  -9.761  9.225  177.01
116  6  ARG  H  14.349  -5.361  6.497  8.35
117  6  ARG  HA  12.269  -5.389  4.829  4.12
118  6  ARG  HB2  13.513  -7.377  5.548  1.77
119  6  ARG  HB3  12.599  -7.351  6.833  1.77
120  6  ARG  HG2  10.723  -7.477  5.274  1.56
121  6  ARG  HG3  11.805  -7.937  4.211  1.56
122  6  ARG  HD2  11.006  -9.876  5.032  3.13
123  6  ARG  HD3  12.386  -9.688  5.792  3.13
124  6  ARG  HE  9.964  -9.147  6.969  1.43
125  6  ARG  HH11  13.067  -10.231  7.421  2.23
126  6  ARG  HH12  12.947  -10.463  8.885  4.35
127  6  ARG  HH21  9.799  -9.495  9.203  1.74
128  6  ARG  HH22  10.961  -10.008  9.973  1.83
129  7  ASP  N  11.68  -4.864  7.925  119.73
130  7  ASP  CA  10.675  -4.558  8.954  55.96
131  7  ASP  C  9.664  -3.502  8.51  177.43
132  7  ASP  O  8.463  -3.779  8.414  120.34
133  7  ASP  CB  11.348  -4.079  10.242  41.22
134  7  ASP  CG  12.013  -5.193  11.023  175.87
135  7  ASP  OD1  11.354  -6.217  11.287  55.84
136  7  ASP  OD2  13.183  -5.024  11.419  30.11
137  7  ASP  H  12.51  -4.882  8.151  8.42
138  7  ASP  HA  10.195  -5.379  9.145  4.41
139  7  ASP  HB2  12.027  -3.424  10.017  2.63
140  7  ASP  HB3  10.681  -3.662  10.81  2.74
141  8  ARG  N  10.147  -2.298  8.23  118.63
142  8  ARG  CA  9.258  -1.175  7.954  59.31
143  8  ARG  C  8.516  -1.367  6.628  178.28
144  8  ARG  O  7.474  -0.761  6.399  1.79
145  8  ARG  CB  10.042  0.147  7.957  30.34
146  8  ARG  CG  10.79  0.448  6.665  27.55
147  8  ARG  CD  11.726  1.643  6.822  43.28
148  8  ARG  NE  11.134  2.71  7.636  59.12
149  8  ARG  CZ  11.409  4.01  7.5  178.82
150  8  ARG  NH1  12.177  4.442  6.508  178.58
151  8  ARG  NH2  10.896  4.879  8.361  117.92
152  8  ARG  H  10.999  -2.18  8.209  8.06
153  8  ARG  HA  8.601  -1.146  8.667  3.97
154  8  ARG  HB2  9.421  0.875  8.119  1.83
155  8  ARG  HB3  10.688  0.122  8.68  1.83
156  8  ARG  HG2  11.315  -0.329  6.416  1.41
157  8  ARG  HG3  10.145  0.643  5.968  1.53
158  8  ARG  HD2  12.545  1.343  7.246  3.17
159  8  ARG  HD3  11.93  1.995  5.941  3.22
160  8  ARG  HE  10.603  2.471  8.269  2.74
161  8  ARG  HH11  12.506  3.887  5.94  2.31
162  8  ARG  HH12  12.348  5.281  6.428  118.52
163  8  ARG  HH21  10.392  4.604  9.001  61.8
164  8  ARG  HH22  11.074  5.717  8.287  175.85
165  9  LEU  N  9.047  -2.231  5.773  119.83
166  9  LEU  CA  8.43  -2.511  4.481  57.34
167  9  LEU  C  7.439  -3.662  4.599  178.05
168  9  LEU  O  6.404  -3.676  3.937  8.09
169  9  LEU  CB  9.504  -2.845  3.451  38.52
170  9  LEU  CG  10.483  -1.714  3.15  26.11
171  9  LEU  CD1  11.575  -2.203  2.216  24.75
172  9  LEU  CD2  9.75  -0.53  2.544  20.53
173  9  LEU  H  9.769  -2.645  5.989  7.8
174  9  LEU  HA  7.954  -1.715  4.196  3.73
175  9  LEU  HB2  10.008  -3.608  3.774  -0.09
176  9  LEU  HB3  9.065  -3.094  2.623  1.26
177  9  LEU  HG  10.899  -1.419  3.975  1.36
178  9  LEU  HD11  12.037  -2.953  2.623  122.54
179  9  LEU  HD12  12.208  -1.486  2.053  54.78
180  9  LEU  HD13  11.181  -2.483  1.375  174.5
181  9  LEU  HD21  10.386  0.167  2.319  118.1
182  9  LEU  HD22  9.108  -0.186  3.184  58.05
183  9  LEU  HD23  9.285  -0.815  1.742  173.88
184  10  GLU  N  7.77  -4.611  5.458  119.24
185  10  GLU  CA  6.918  -5.757  5.738  59.66
186  10  GLU  C  5.568  -5.289  6.273  179.89
187  10  GLU  O  4.524  -5.865  5.968  2.67
188  10  GLU  CB  7.634  -6.659  6.751  29.6
189  10  GLU  CG  6.845  -7.872  7.2  36.83
190  10  GLU  CD  7.69  -8.819  8.028  8.38
191  10  GLU  OE1  8.072  -8.461  9.162  4.45
192  10  GLU  OE2  8.006  -9.92  7.533  3.85
193  10  GLU  H  8.525  -4.552  5.866  8.17
194  10  GLU  HA  6.783  -6.246  4.911  4.01
195  10  GLU  HB2  8.461  -6.973  6.353  2.02
196  10  GLU  HB3  7.849  -6.131  7.536  2.02
197  10  GLU  HG2  6.091  -7.578  7.734  2.38
198  10  GLU  HG3  6.524  -8.345  6.417  2.23
199  11  ARG  N  5.598  -4.207  7.036  118.76
200  11  ARG  CA  4.386  -3.644  7.601  59.48
201  11  ARG  C  3.81  -2.585  6.674  178.19
202  11  ARG  O  2.603  -2.351  6.661  2.31
203  11  ARG  CB  4.649  -3.09  8.999  29.95
204  11  ARG  CG  4.896  -4.196  10.01  27.83
205  11  ARG  CD  5.007  -3.675  11.433  43.66
206  11  ARG  NE  6.307  -3.066  11.715  2.15
207  11  ARG  CZ  7.383  -3.753  12.099  2.15
208  11  ARG  NH1  7.363  -5.081  12.125  122.91
209  11  ARG  NH2  8.487  -3.109  12.447  56.36
210  11  ARG  H  6.353  -3.826  7.191  8.2
211  11  ARG  HA  3.741  -4.365  7.672  4.12
212  11  ARG  HB2  5.43  -2.515  8.971  1.88
213  11  ARG  HB3  3.88  -2.574  9.289  1.88
214  11  ARG  HG2  4.159  -4.825  9.964  1.57
215  11  ARG  HG3  5.72  -4.651  9.776  1.75
216  11  ARG  HD2  4.318  -3.007  11.573  3.2
217  11  ARG  HD3  4.869  -4.415  12.044  3.24
218  11  ARG  HE  6.357  -2.209  11.671  59.56
219  11  ARG  HH11  6.653  -5.506  11.892  179.72
220  11  ARG  HH12  8.056  -5.521  12.38  172.77
221  11  ARG  HH21  8.51  -2.25  12.427  32.95
222  11  ARG  HH22  9.179  -3.55  12.705  26.08
223  12  ALA  N  4.678  -1.968  5.879  120.98
224  12  ALA  CA  4.237  -1.063  4.823  55.69
225  12  ALA  C  3.416  -1.828  3.797  179.62
226  12  ALA  O  2.507  -1.278  3.18  8.14
227  12  ALA  CB  5.42  -0.394  4.143  18.58
228  12  ALA  H  5.52  -2.098  5.996  7.66
229  12  ALA  HA  3.684  -0.375  5.225  4.6
230  12  ALA  HB1  5.935  -1.06  3.661  1.77
231  12  ALA  HB2  5.983  0.026  4.811  40.42
232  12  ALA  HB3  5.098  0.278  3.522  1.68
233  13  GLN  N  3.749  -3.103  3.632  117.22
234  13  GLN  CA  3.029  -3.979  2.714  59.72
235  13  GLN  C  1.559  -4.076  3.118  177.99
236  13  GLN  O  0.663  -4.012  2.279  1.88
237  13  GLN  CB  3.669  -5.372  2.706  29.72
238  13  GLN  CG  3.06  -6.333  1.695  33.56
239  13  GLN  CD  3.661  -7.727  1.774  2.47
240  13  GLN  OE1  2.993  -8.719  1.482  2.32
241  13  GLN  NE2  4.922  -7.812  2.173  110.95
242  13  GLN  H  4.414  -3.419  4.077  8.21
243  13  GLN  HA  3.086  -3.596  1.825  4.33
244  13  GLN  HB2  4.613  -5.28  2.502  2.33
245  13  GLN  HB3  3.578  -5.764  3.589  2.41
246  13  GLN  HG2  2.107  -6.399  1.861  2.34
247  13  GLN  HG3  3.21  -5.982  0.803  2.41
248  13  GLN  HE21  5.338  -7.084  2.366  7.74
249  13  GLN  HE22  5.282  -8.591  2.229  6.71
250  14  SER  N  1.322  -4.208  4.418  114.05
251  14  SER  CA  -0.032  -4.302  4.939  61.74
252  14  SER  C  -0.675  -2.917  5.016  177.62
253  14  SER  O  -1.857  -2.75  4.712  4.58
254  14  SER  CB  -0.007  -4.95  6.322  63.05
255  14  SER  OG  0.763  -6.144  6.304  7.52
256  14  SER  H  1.985  -4.233  4.965  8.24
257  14  SER  HA  -0.549  -4.858  4.335  4.28
258  14  SER  HB2  0.386  -4.334  6.96  4.08
259  14  SER  HB3  -0.913  -5.166  6.594  4.08
260  14  SER  HG  1.002  -6.309  5.516  63.49
261  15  GLN  N  0.124  -1.929  5.412  120.5
262  15  GLN  CA  -0.343  -0.554  5.535  58.96
263  15  GLN  C  -0.832  -0.028  4.19  179.49
264  15  GLN  O  -1.874  0.62  4.112  8.8
265  15  GLN  CB  0.78  0.34  6.064  28.35
266  15  GLN  CG  0.344  1.765  6.366  34.26
267  15  GLN  CD  -0.582  1.848  7.563  1.97
268  15  GLN  OE1  -1.802  1.773  7.431  1.97
269  15  GLN  NE2  -0.004  2.006  8.743  111.64
270  15  GLN  H  0.942  -2.107  5.608  8.69
271  15  GLN  HA  -1.081  -0.542  6.165  4.12
272  15  GLN  HB2  1.132  -0.049  6.88  2.43
273  15  GLN  HB3  1.488  0.376  5.401  2.88
274  15  GLN  HG2  1.132  2.301  6.548  2.66
275  15  GLN  HG3  -0.117  2.121  5.59  2.85
276  15  GLN  HE21  0.854  2.052  8.77  7.75
277  15  GLN  HE22  -0.507  2.062  9.438  7.07
278  16  GLY  N  -0.074  -0.316  3.136  112.14
279  16  GLY  CA  -0.444  0.122  1.804  45.94
280  16  GLY  C  -1.77  -0.447  1.366  174.95
281  16  GLY  O  -2.585  0.247  0.759  8.47
282  16  GLY  H  0.651  -0.765  3.25  8.44
283  16  GLY  HA2  -0.5  1.09  1.793  1.85
284  16  GLY  HA3  0.241  -0.16  1.178  3.74
285  17  TYR  N  -1.993  -1.712  1.689  121.9
286  17  TYR  CA  -3.247  -2.366  1.368  60.72
287  17  TYR  C  -4.402  -1.64  2.052  177.07
288  17  TYR  O  -5.393  -1.288  1.413  122.44
289  17  TYR  CB  -3.211  -3.834  1.796  38.91
290  17  TYR  CG  -4.385  -4.643  1.293  176.67
291  17  TYR  CD1  -5.571  -4.706  2.011  133.52
292  17  TYR  CD2  -4.301  -5.343  0.098  133.52
293  17  TYR  CE1  -6.642  -5.445  1.553  117.94
294  17  TYR  CE2  -5.369  -6.086  -0.37  117.94
295  17  TYR  CZ  -6.54  -6.133  0.363  57.68
296  17  TYR  OH  -7.618  -6.861  -0.091  175.41
297  17  TYR  H  -1.379  -2.154  2.099  8.17
298  17  TYR  HA  -3.37  -2.317  0.407  4.01
299  17  TYR  HB2  -2.401  -4.243  1.453  2.87
300  17  TYR  HB3  -3.206  -3.883  2.765  3.03
301  17  TYR  HD1  -5.641  -4.236  2.81  7.06
302  17  TYR  HD2  -3.512  -5.307  -0.393  7.06
303  17  TYR  HE1  -7.428  -5.477  2.049  6.57
304  17  TYR  HE2  -5.294  -6.548  -1.174  6.57
305  17  TYR  HH  -7.35  -7.584  -0.425  2.11
306  18  LYS  N  -4.252  -1.397  3.351  116.69
307  18  LYS  CA  -5.269  -0.684  4.115  59.83
308  18  LYS  C  -5.433  0.734  3.588  178.7
309  18  LYS  O  -6.539  1.264  3.547  178.28
310  18  LYS  CB  -4.909  -0.644  5.601  32.55
311  18  LYS  CG  -5.958  0.05  6.452  25.57
312  18  LYS  CD  -5.556  0.113  7.913  29.56
313  18  LYS  CE  -6.673  0.694  8.765  42.3
314  18  LYS  NZ  -7.904  -0.139  8.704  37.99
315  18  LYS  H  -3.538  -1.666  3.749  8
316  18  LYS  HA  -6.111  -1.153  4.006  3.68
317  18  LYS  HB2  -4.81  -1.554  5.923  1.85
318  18  LYS  HB3  -4.067  -0.175  5.711  1.91
319  18  LYS  HG2  -6.08  0.954  6.121  1.47
320  18  LYS  HG3  -6.793  -0.437  6.376  1.61
321  18  LYS  HD2  -5.354  -0.783  8.225  1.71
322  18  LYS  HD3  -4.768  0.673  7.999  1.71
323  18  LYS  HE2  -6.37  0.738  9.686  2.99
324  18  LYS  HE3  -6.878  1.587  8.446  2.99
325  18  LYS  HZ1  -7.689  -1.003  8.713  2.78
326  18  LYS  HZ2  -8.358  0.032  7.958  118.33
327  18  LYS  HZ3  -8.427  0.031  9.404  55.05
328  19  ALA  N  -4.33  1.338  3.175  119.55
329  19  ALA  CA  -4.355  2.682  2.619  55.5
330  19  ALA  C  -5.15  2.72  1.321  180.13
331  19  ALA  O  -5.631  3.77  0.91  8.54
332  19  ALA  CB  -2.948  3.195  2.396  19.19
333  19  ALA  H  -3.577  0.929  3.246  8.07
334  19  ALA  HA  -4.788  3.262  3.265  4.19
335  19  ALA  HB1  -2.452  3.146  3.228  2.26
336  19  ALA  HB2  -2.984  4.117  2.095  120.48
337  19  ALA  HB3  -2.508  2.652  1.723  55.24
338  20  GLY  N  -5.289  1.573  0.682  105.78
339  20  GLY  CA  -6.129  1.483  -0.489  47.25
340  20  GLY  C  -7.591  1.692  -0.153  177.68
341  20  GLY  O  -8.305  2.405  -0.859  176.26
342  20  GLY  H  -4.866  0.879  0.964  8.53
343  20  GLY  HA2  -5.851  2.153  -1.133  3.1
344  20  GLY  HA3  -6.021  0.602  -0.881  3.3
345  21  LEU  N  -8.031  1.075  0.938  123.54
346  21  LEU  CA  -9.421  1.175  1.368  57.57
347  21  LEU  C  -9.636  2.423  2.22  178.47
348  21  LEU  O  -10.574  3.194  2  2.71
349  21  LEU  CB  -9.843  -0.062  2.183  41.95
350  21  LEU  CG  -9.783  -1.423  1.468  25.93
351  21  LEU  CD1  -10.254  -1.314  0.028  25.53
352  21  LEU  CD2  -8.387  -2.016  1.537  22.9
353  21  LEU  H  -7.481  0.604  1.402  8.31
354  21  LEU  HA  -9.977  1.236  0.576  3.7
355  21  LEU  HB2  -9.267  -0.112  2.961  1.3
356  21  LEU  HB3  -10.752  0.077  2.491  1.55
357  21  LEU  HG  -10.384  -2.035  1.921  1.22
358  21  LEU  HD11  -9.704  -0.668  -0.442  40.24
359  21  LEU  HD12  -11.18  -1.026  0.01  28.8
360  21  LEU  HD13  -10.173  -2.18  -0.401  16.99
361  21  LEU  HD21  -8.38  -2.882  1.101  8.6
362  21  LEU  HD22  -8.125  -2.118  2.465  4.17
363  21  LEU  HD23  -7.762  -1.424  1.09  1.33
364  22  ASN  N  -8.759  2.615  3.194  113.64
365  22  ASN  CA  -8.921  3.667  4.181  53.44
366  22  ASN  C  -8.103  4.906  3.853  175.32
367  22  ASN  O  -8.555  6.027  4.077  4.27
368  22  ASN  CB  -8.49  3.168  5.555  39.34
369  22  ASN  CG  -9.367  2.061  6.103  9.87
370  22  ASN  OD1  -9.061  0.878  5.956  121.71
371  22  ASN  ND2  -10.464  2.435  6.735  112.82
372  22  ASN  H  -8.077  2.094  3.256  7.63
373  22  ASN  HA  -9.86  3.906  4.213  4.7
374  22  ASN  HB2  -7.582  2.831  5.497  2.79
375  22  ASN  HB3  -8.51  3.918  6.17  2.98
376  22  ASN  HD21  -10.627  3.277  6.805  7.57
377  22  ASN  HD22  -10.978  1.824  7.053  7.01
378  23  GLY  N  -6.901  4.71  3.322  105.42
379  23  GLY  CA  -5.969  5.822  3.182  46.45
380  23  GLY  C  -6.236  6.646  1.945  175.09
381  23  GLY  O  -5.681  7.733  1.78  3.23
382  23  GLY  H  -6.687  3.93  3.03  7.59
383  23  GLY  HA2  -6.047  6.394  3.961  3.81
384  23  GLY  HA3  -5.065  5.472  3.137  4.1
385  24  ARG  N  -7.102  6.11  1.091  116.93
386  24  ARG  CA  -7.464  6.718  -0.191  55.26
387  24  ARG  C  -6.283  6.786  -1.167  177.27
388  24  ARG  O  -6.296  6.13  -2.209  3.47
389  24  ARG  CB  -8.051  8.119  0.011  30.69
390  24  ARG  CG  -8.36  8.835  -1.296  27.27
391  24  ARG  CD  -8.756  10.283  -1.071  42.89
392  24  ARG  NE  -10.037  10.413  -0.378  119.61
393  24  ARG  CZ  -10.855  11.452  -0.534  68.74
394  24  ARG  NH1  -10.52  12.451  -1.344  33.97
395  24  ARG  NH2  -12.004  11.492  0.119  179.81
396  24  ARG  H  -7.474  5.367  1.313  8.16
397  24  ARG  HA  -8.148  6.156  -0.588  4.51
398  24  ARG  HB2  -8.873  8.043  0.52  1.81
399  24  ARG  HB3  -7.417  8.655  0.512  2.09
400  24  ARG  HG2  -7.571  8.81  -1.86  1.8
401  24  ARG  HG3  -9.088  8.374  -1.74  1.92
402  24  ARG  HD2  -8.068  10.715  -0.541  3.28
403  24  ARG  HD3  -8.82  10.724  -1.933  3.28
404  24  ARG  HE  -10.268  9.779  0.155  58.24
405  24  ARG  HH11  -9.776  12.433  -1.774  174.79
406  24  ARG  HH12  -11.045  13.125  -1.443  115.43
407  24  ARG  HH21  -12.222  10.848  0.646  62.92
408  24  ARG  HH22  -12.54  12.156  0.012  173.52
409  25  SER  N  -5.264  7.556  -0.814  118.49
410  25  SER  CA  -4.213  7.933  -1.755  57.9
411  25  SER  C  -2.822  7.471  -1.325  174.87
412  25  SER  O  -2.634  6.916  -0.242  3.94
413  25  SER  CB  -4.208  9.451  -1.915  64.84
414  25  SER  OG  -5.345  9.895  -2.638  119.74
415  25  SER  H  -5.218  7.831  -0.001  9.02
416  25  SER  HA  -4.424  7.532  -2.613  4.8
417  25  SER  HB2  -4.221  9.859  -1.035  4.01
418  25  SER  HB3  -3.403  9.728  -2.38  4.3
419  25  SER  HG  -5.276  10.719  -2.787  2.14
420  26  GLN  N  -1.853  7.741  -2.201  119.02
421  26  GLN  CA  -0.446  7.415  -1.976  58.8
422  26  GLN  C  0.223  8.526  -1.189  177.6
423  26  GLN  O  1.381  8.423  -0.803  175.33
424  26  GLN  CB  0.26  7.262  -3.317  27.5
425  26  GLN  CG  -0.529  6.442  -4.319  33.57
426  26  GLN  CD  0.056  6.501  -5.718  33.48
427  26  GLN  OE1  -0.666  6.383  -6.708  5.16
428  26  GLN  NE2  1.363  6.697  -5.81  112.09
429  26  GLN  H  -2.067  8.128  -2.938  8.66
430  26  GLN  HA  -0.383  6.583  -1.481  3.16
431  26  GLN  HB2  0.411  8.143  -3.693  0.96
432  26  GLN  HB3  1.115  6.828  -3.17  1.35
433  26  GLN  HG2  -0.542  5.518  -4.023  1.23
434  26  GLN  HG3  -1.436  6.783  -4.349  1.34
435  26  GLN  HE21  1.816  6.779  -5.083  6.87
436  26  GLN  HE22  1.714  6.734  -6.594  6.82
437  27  GLU  N  -0.527  9.594  -0.973  116.64
438  27  GLU  CA  -0.059  10.736  -0.197  57.96
439  27  GLU  C  0.224  10.31  1.244  176.04
440  27  GLU  O  0.996  10.946  1.962  175.32
441  27  GLU  CB  -1.122  11.839  -0.231  28.74
442  27  GLU  CG  -0.701  13.13  0.447  36.78
443  27  GLU  CD  -1.788  14.184  0.417  174.8
444  27  GLU  OE1  -1.862  14.937  -0.576  174.18
445  27  GLU  OE2  -2.569  14.27  1.389  111.24
446  27  GLU  H  -1.319  9.616  -1.309  8.24
447  27  GLU  HA  0.759  11.064  -0.601  3.89
448  27  GLU  HB2  -1.333  12.04  -1.156  1.79
449  27  GLU  HB3  -1.923  11.512  0.209  1.98
450  27  GLU  HG2  -0.48  12.939  1.372  2.22
451  27  GLU  HG3  0.082  13.478  -0.008  2.17
452  28  ALA  N  -0.384  9.203  1.635  119.13
453  28  ALA  CA  -0.302  8.713  2.998  52.1
454  28  ALA  C  0.706  7.569  3.124  175.93
455  28  ALA  O  0.46  6.597  3.842  3.95
456  28  ALA  CB  -1.683  8.257  3.438  18.27
457  28  ALA  H  -0.84  8.755  1.06  7.45
458  28  ALA  HA  -0.025  9.445  3.571  4.07
459  28  ALA  HB1  -2.302  9.001  3.372  176.04
460  28  ALA  HB2  -1.644  7.944  4.355  58.76
461  28  ALA  HB3  -1.984  7.539  2.859  20.55
462  29  CYS  N  1.84  7.687  2.437  120.36
463  29  CYS  CA  2.88  6.671  2.489  56.38
464  29  CYS  C  4.084  7.163  3.32  24.35
465  29  CYS  O  5.079  7.64  2.776  8.3
466  29  CYS  CB  3.297  6.318  1.058  27.93
467  29  CYS  SG  4.051  7.681  0.14  7.37
468  29  CYS  H  1.966  8.376  1.938  6.59
469  29  CYS  HA  2.507  5.883  2.913  1.83
470  29  CYS  HB2  3.936  5.588  1.083  2.25
471  29  CYS  HB3  2.514  6.032  0.562  1.94
472  29  CYS  HG  4.751  8.287  0.903  1.51
473  30  PRO  N  4.001  7.055  4.659  1.44
474  30  PRO  CA  4.972  7.652  5.572  63.53
475  30  PRO  C  6.053  6.682  6.057  175.38
476  30  PRO  O  6.417  6.691  7.232  120.28
477  30  PRO  CB  4.068  8.054  6.73  31.7
478  30  PRO  CG  3.032  6.972  6.793  25.36
479  30  PRO  CD  2.941  6.364  5.409  50.47
480  30  PRO  HA  5.387  8.443  5.193  4.32
481  30  PRO  HB2  4.586  8.099  7.549  1.55
482  30  PRO  HB3  3.666  8.917  6.546  1.72
483  30  PRO  HG2  3.302  6.298  7.437  0.64
484  30  PRO  HG3  2.177  7.353  7.046  1.69
485  30  PRO  HD2  3.107  5.409  5.447  2.12
486  30  PRO  HD3  2.071  6.542  5.018  3.27
487  31  TYR  N  6.575  5.856  5.165  117.68
488  31  TYR  CA  7.636  4.925  5.539  58.5
489  31  TYR  C  8.902  5.194  4.728  174.65
490  31  TYR  O  9.605  6.181  4.962  4.87
491  31  TYR  CB  7.182  3.471  5.356  41.18
492  31  TYR  CG  6.043  3.057  6.26  2.88
493  31  TYR  CD1  6.275  2.688  7.582  133
494  31  TYR  CD2  4.738  3.026  5.788  133
495  31  TYR  CE1  5.235  2.301  8.404  118.87
496  31  TYR  CE2  3.693  2.642  6.606  118.87
497  31  TYR  CZ  3.946  2.281  7.913  31.8
498  31  TYR  OH  2.908  1.891  8.73  25.54
499  31  TYR  H  6.293  5.875  4.353  6.8
500  31  TYR  HA  7.835  5.075  6.476  4.58
501  31  TYR  HB2  6.888  3.348  4.44  2.1
502  31  TYR  HB3  7.932  2.882  5.533  3.1
503  31  TYR  HD1  7.145  2.705  7.91  6.96
504  31  TYR  HD2  4.571  3.27  4.906  6.96
505  31  TYR  HE1  5.405  2.057  9.285  7
506  31  TYR  HE2  2.824  2.628  6.274  7
507  31  TYR  HH  2.953  2.303  9.461  121.32
508  32  GLN  N  9.176  4.321  3.771  119.1
509  32  GLN  CA  10.305  4.489  2.87  56.15
510  32  GLN  C  9.802  5.21  1.619  176.39
511  32  GLN  O  8.616  5.524  1.529  3.35
512  32  GLN  CB  10.877  3.107  2.512  30.33
513  32  GLN  CG  12.307  3.121  1.99  33.98
514  32  GLN  CD  13.31  3.547  3.042  10.04
515  32  GLN  OE1  13.119  3.311  4.235  7.93
516  32  GLN  NE2  14.386  4.177  2.607  112.95
517  32  GLN  H  8.665  3.636  3.673  8.76
518  32  GLN  HA  10.981  5.026  3.312  4.34
519  32  GLN  HB2  10.855  2.548  3.304  1.9
520  32  GLN  HB3  10.312  2.707  1.833  2.13
521  32  GLN  HG2  12.539  2.228  1.692  2.31
522  32  GLN  HG3  12.363  3.734  1.24  2.31
523  32  GLN  HE21  14.463  4.313  1.761  7.42
524  32  GLN  HE22  14.968  4.438  3.184  6.73
525  33  GLN  N  10.677  5.506  0.674  120.49
526  33  GLN  CA  10.24  6.077  -0.582  57.08
527  33  GLN  C  10.203  5.021  -1.685  177.08
528  33  GLN  O  9.131  4.53  -2.047  3.01
529  33  GLN  CB  11.148  7.237  -0.967  28.85
530  33  GLN  CG  11.143  8.367  0.054  34.42
531  33  GLN  CD  11.986  9.55  -0.37  176.8
532  33  GLN  OE1  12.132  9.828  -1.559  65.17
533  33  GLN  NE2  12.547  10.255  0.6  113.61
534  33  GLN  H  11.518  5.385  0.808  8.23
535  33  GLN  HA  9.339  6.413  -0.454  4.26
536  33  GLN  HB2  12.056  6.907  -1.057  2.05
537  33  GLN  HB3  10.854  7.592  -1.821  2.25
538  33  GLN  HG2  10.231  8.672  0.178  2.61
539  33  GLN  HG3  11.484  8.028  0.896  2.61
540  33  GLN  HE21  12.411  10.008  1.413  7.78
541  33  GLN  HE22  13.023  10.937  0.382  7.12
542  34  VAL  N  11.371  4.646  -2.187  120.92
543  34  VAL  CA  11.464  3.726  -3.32  66.72
544  34  VAL  C  11.057  2.306  -2.928  177.55
545  34  VAL  O  10.269  1.644  -3.619  1.5
546  34  VAL  CB  12.894  3.703  -3.898  32.1
547  34  VAL  CG1  12.987  2.753  -5.082  20.89
548  34  VAL  CG2  13.332  5.105  -4.298  21.53
549  34  VAL  H  12.093  4.964  -1.846  8.48
550  34  VAL  HA  10.862  4.043  -4.011  3.55
551  34  VAL  HB  13.496  3.383  -3.208  2.09
552  34  VAL  HG11  12.715  1.864  -4.804  59.27
553  34  VAL  HG12  13.902  2.724  -5.402  179.22
554  34  VAL  HG13  12.405  3.064  -5.793  7.27
555  34  VAL  HG21  12.714  5.46  -4.956  4.41
556  34  VAL  HG22  14.224  5.07  -4.678  2.83
557  34  VAL  HG23  13.335  5.678  -3.515  2.83
558  35  ASP  N  11.586  1.841  -1.809  119.71
559  35  ASP  CA  11.304  0.49  -1.343  56.98
560  35  ASP  C  9.86  0.393  -0.878  177.76
561  35  ASP  O  9.252  -0.673  -0.904  1.73
562  35  ASP  CB  12.249  0.094  -0.211  38.96
563  35  ASP  CG  13.704  0.112  -0.63  109.98
564  35  ASP  OD1  14.341  1.179  -0.529  44.55
565  35  ASP  OD2  14.219  -0.941  -1.064  173.63
566  35  ASP  H  12.108  2.347  -1.349  8.32
567  35  ASP  HA  11.432  -0.114  -2.091  4.43
568  35  ASP  HB2  12.135  0.71  0.529  2.7
569  35  ASP  HB3  12.029  -0.803  0.087  2.84
570  36  ALA  N  9.311  1.525  -0.465  124.98
571  36  ALA  CA  7.923  1.586  -0.054  55.48
572  36  ALA  C  7.022  1.631  -1.272  178.81
573  36  ALA  O  5.868  1.249  -1.207  4.24
574  36  ALA  CB  7.672  2.78  0.84  17.52
575  36  ALA  H  9.789  2.24  -0.45  8.43
576  36  ALA  HA  7.727  0.782  0.453  3.6
577  36  ALA  HB1  8.229  2.712  1.631  3.43
578  36  ALA  HB2  6.738  2.798  1.103  120.3
579  36  ALA  HB3  7.891  3.595  0.361  59.18
580  37  ARG  N  7.544  2.109  -2.383  115.49
581  37  ARG  CA  6.827  2.017  -3.635  60.79
582  37  ARG  C  6.545  0.552  -3.952  177.61
583  37  ARG  O  5.39  0.156  -4.111  179.28
584  37  ARG  CB  7.636  2.684  -4.747  30.08
585  37  ARG  CG  7.149  2.374  -6.145  28.5
586  37  ARG  CD  7.87  3.236  -7.165  43.54
587  37  ARG  NE  7.721  2.725  -8.528  83.84
588  37  ARG  CZ  6.571  2.662  -9.199  4.62
589  37  ARG  NH1  5.451  3.148  -8.674  3.39
590  37  ARG  NH2  6.548  2.124  -10.411  2.83
591  37  ARG  H  8.311  2.497  -2.366  8.46
592  37  ARG  HA  5.983  2.484  -3.531  3.86
593  37  ARG  HB2  7.599  3.645  -4.623  1.63
594  37  ARG  HB3  8.559  2.394  -4.677  1.8
595  37  ARG  HG2  7.32  1.44  -6.342  1.47
596  37  ARG  HG3  6.197  2.55  -6.198  1.74
597  37  ARG  HD2  7.51  4.136  -7.118  2.95
598  37  ARG  HD3  8.813  3.256  -6.939  3.11
599  37  ARG  HE  8.435  2.434  -8.909  7.28
600  37  ARG  HH11  5.461  3.514  -7.896  125.54
601  37  ARG  HH12  4.711  3.088  -9.107  8.92
602  37  ARG  HH21  7.27  1.813  -10.759  5.11
603  37  ARG  HH22  5.811  2.075  -10.851  1.46
604  38  SER  N  7.592  -0.264  -3.955  112.88
605  38  SER  CA  7.457  -1.658  -4.342  62.78
606  38  SER  C  6.687  -2.464  -3.29  178.16
607  38  SER  O  6.091  -3.497  -3.601  39.82
608  38  SER  CB  8.841  -2.262  -4.592  52.79
609  38  SER  OG  9.733  -1.959  -3.535  174.43
610  38  SER  H  8.361  0.03  -3.708  8.17
611  38  SER  HA  6.955  -1.683  -5.172  4.13
612  38  SER  HB2  8.762  -3.226  -4.665  177.43
613  38  SER  HB3  9.202  -1.904  -5.418  2.94
614  38  SER  HG  10.233  -2.62  -3.397  47.17
615  39  TYR  N  6.698  -1.994  -2.047  122.09
616  39  TYR  CA  5.959  -2.664  -0.983  62.62
617  39  TYR  C  4.595  -2.022  -0.741  178.57
618  39  TYR  O  3.555  -2.603  -1.055  8.59
619  39  TYR  CB  6.765  -2.685  0.318  38.84
620  39  TYR  CG  7.692  -3.873  0.438  1.87
621  39  TYR  CD1  8.931  -3.889  -0.189  133.37
622  39  TYR  CD2  7.32  -4.984  1.183  133.37
623  39  TYR  CE1  9.774  -4.977  -0.07  118.56
624  39  TYR  CE2  8.157  -6.074  1.305  118.56
625  39  TYR  CZ  9.38  -6.067  0.676  44.46
626  39  TYR  OH  10.219  -7.153  0.801  110.4
627  39  TYR  H  7.16  -1.291  -1.866  8.34
628  39  TYR  HA  5.82  -3.579  -1.273  4.21
629  39  TYR  HB2  7.303  -1.88  0.374  2.94
630  39  TYR  HB3  6.151  -2.709  1.069  3.03
631  39  TYR  HD1  9.194  -3.152  -0.692  7.33
632  39  TYR  HD2  6.491  -4.987  1.605  7.33
633  39  TYR  HE1  10.601  -4.973  -0.496  6.77
634  39  TYR  HE2  7.893  -6.809  1.81  6.77
635  39  TYR  HH  9.758  -7.85  0.882  7.42
636  40  TRP  N  4.621  -0.816  -0.198  122.06
637  40  TRP  CA  3.418  -0.093  0.198  62.11
638  40  TRP  C  2.507  0.171  -1.002  179.22
639  40  TRP  O  1.299  -0.049  -0.926  4.69
640  40  TRP  CB  3.827  1.227  0.868  31.5
641  40  TRP  CG  2.708  2.008  1.488  3.68
642  40  TRP  CD1  2.338  1.997  2.801  128.91
643  40  TRP  CD2  1.832  2.933  0.834  3.03
644  40  TRP  NE1  1.283  2.851  3  130.95
645  40  TRP  CE2  0.954  3.436  1.811  2.45
646  40  TRP  CE3  1.699  3.384  -0.48  121.26
647  40  TRP  CZ2  -0.036  4.362  1.514  114.47
648  40  TRP  CZ3  0.716  4.303  -0.773  123.03
649  40  TRP  CH2  -0.141  4.786  0.223  124.95
650  40  TRP  H  5.383  -0.434  -0.083  8.82
651  40  TRP  HA  2.94  -0.64  0.841  4.59
652  40  TRP  HB2  4.469  1.033  1.569  3.36
653  40  TRP  HB3  4.252  1.792  0.204  3.78
654  40  TRP  HD1  2.748  1.479  3.456  7.65
655  40  TRP  HE1  0.89  2.994  3.751  10.96
656  40  TRP  HE3  2.261  3.072  -1.153  7.34
657  40  TRP  HZ2  -0.61  4.694  2.167  7.17
658  40  TRP  HZ3  0.618  4.614  -1.644  6.57
659  40  TRP  HH2  -0.793  5.406  -0.011  6.96
660  41  LEU  N  3.084  0.615  -2.12  118.04
661  41  LEU  CA  2.282  0.992  -3.277  58.36
662  41  LEU  C  1.784  -0.257  -3.997  179.36
663  41  LEU  O  0.791  -0.221  -4.723  2.01
664  41  LEU  CB  3.105  1.873  -4.224  41.91
665  41  LEU  CG  2.43  3.157  -4.71  27.83
666  41  LEU  CD1  3.4  3.969  -5.556  25.96
667  41  LEU  CD2  1.176  2.843  -5.51  23.47
668  41  LEU  H  3.941  0.664  -2.168  9.37
669  41  LEU  HA  1.517  1.496  -2.958  4.41
670  41  LEU  HB2  3.924  2.119  -3.766  1.64
671  41  LEU  HB3  3.338  1.342  -5.002  2.11
672  41  LEU  HG  2.175  3.693  -3.943  2.18
673  41  LEU  HD11  4.168  4.22  -5.019  121.73
674  41  LEU  HD12  2.955  4.768  -5.879  62.92
675  41  LEU  HD13  3.694  3.436  -6.311  176.4
676  41  LEU  HD21  1.414  2.316  -6.289  176.91
677  41  LEU  HD22  0.76  3.672  -5.795  28.61
678  41  LEU  HD23  0.555  2.344  -4.957  2.31
679  42  GLY  N  2.477  -1.366  -3.776  107.19
680  42  GLY  CA  2.068  -2.623  -4.364  47.56
681  42  GLY  C  0.756  -3.102  -3.779  176.37
682  42  GLY  O  -0.169  -3.468  -4.511  8.23
683  42  GLY  H  3.173  -1.334  -3.273  8.28
684  42  GLY  HA2  1.964  -2.508  -5.322  3.86
685  42  GLY  HA3  2.751  -3.291  -4.196  3.93
686  43  GLY  N  0.671  -3.073  -2.455  108.68
687  43  GLY  CA  -0.555  -3.448  -1.779  47.49
688  43  GLY  C  -1.65  -2.426  -2  174.76
689  43  GLY  O  -2.825  -2.777  -2.101  4.19
690  43  GLY  H  1.354  -2.825  -1.995  8.18
691  43  GLY  HA2  -0.85  -4.309  -2.116  4.12
692  43  GLY  HA3  -0.381  -3.523  -0.828  4.26
693  44  TRP  N  -1.253  -1.159  -2.09  122.93
694  44  TRP  CA  -2.186  -0.065  -2.335  62.8
695  44  TRP  C  -2.945  -0.291  -3.641  178.41
696  44  TRP  O  -4.176  -0.289  -3.665  175.87
697  44  TRP  CB  -1.426  1.266  -2.386  29.62
698  44  TRP  CG  -2.313  2.472  -2.5  37.43
699  44  TRP  CD1  -2.929  3.129  -1.478  126.3
700  44  TRP  CD2  -2.676  3.165  -3.701  41.81
701  44  TRP  NE1  -3.658  4.185  -1.968  128.12
702  44  TRP  CE2  -3.518  4.229  -3.33  8.1
703  44  TRP  CE3  -2.369  2.991  -5.052  121.04
704  44  TRP  CZ2  -4.056  5.112  -4.265  114.78
705  44  TRP  CZ3  -2.905  3.862  -5.978  122.14
706  44  TRP  CH2  -3.741  4.913  -5.581  124.67
707  44  TRP  H  -0.418  -0.978  -1.99  8.46
708  44  TRP  HA  -2.82  -0.042  -1.601  3.58
709  44  TRP  HB2  -0.899  1.362  -1.577  2.2
710  44  TRP  HB3  -0.83  1.26  -3.151  3.39
711  44  TRP  HD1  -2.861  2.884  -0.583  6.38
712  44  TRP  HE1  -4.126  4.729  -1.495  10.15
713  44  TRP  HE3  -1.815  2.299  -5.333  7.44
714  44  TRP  HZ2  -4.613  5.814  -4.016  7.55
715  44  TRP  HZ3  -2.711  3.754  -6.881  7.03
716  44  TRP  HH2  -4.085  5.478  -6.235  7.21
717  45  ARG  N  -2.2  -0.504  -4.721  117.43
718  45  ARG  CA  -2.796  -0.719  -6.035  59.94
719  45  ARG  C  -3.638  -1.988  -6.054  178.65
720  45  ARG  O  -4.69  -2.034  -6.692  2.37
721  45  ARG  CB  -1.711  -0.804  -7.11  30.45
722  45  ARG  CG  -0.983  0.508  -7.36  28.4
723  45  ARG  CD  0.107  0.345  -8.408  43.74
724  45  ARG  NE  1.197  -0.517  -7.95  84.82
725  45  ARG  CZ  1.506  -1.69  -8.506  3.55
726  45  ARG  NH1  0.778  -2.172  -9.509  2.16
727  45  ARG  NH2  2.544  -2.378  -8.053  1.99
728  45  ARG  H  -1.344  -0.516  -4.643  8.76
729  45  ARG  HA  -3.371  0.038  -6.227  3.67
730  45  ARG  HB2  -1.058  -1.47  -6.842  2.02
731  45  ARG  HB3  -2.121  -1.085  -7.943  2.14
732  45  ARG  HG2  -1.621  1.168  -7.674  2.21
733  45  ARG  HG3  -0.583  0.813  -6.531  1.74
734  45  ARG  HD2  -0.288  -0.045  -9.204  3.24
735  45  ARG  HD3  0.464  1.221  -8.623  3.35
736  45  ARG  HE  1.673  -0.233  -7.293  7.45
737  45  ARG  HH11  0.104  -1.729  -9.808  2.17
738  45  ARG  HH12  0.978  -2.93  -9.864  2.17
739  45  ARG  HH21  3.019  -2.069  -7.406  2.39
740  45  ARG  HH22  2.746  -3.136  -8.405  2.27
741  46  ASP  N  -3.174  -3.006  -5.339  119.42
742  46  ASP  CA  -3.845  -4.301  -5.319  57.67
743  46  ASP  C  -5.208  -4.193  -4.653  178.68
744  46  ASP  O  -6.215  -4.627  -5.208  58.05
745  46  ASP  CB  -2.993  -5.331  -4.58  39.9
746  46  ASP  CG  -3.497  -6.745  -4.772  1.22
747  46  ASP  OD1  -3.217  -7.336  -5.837  32.18
748  46  ASP  OD2  -4.148  -7.277  -3.852  32.55
749  46  ASP  H  -2.461  -2.896  -4.87  8.08
750  46  ASP  HA  -3.966  -4.59  -6.237  4.36
751  46  ASP  HB2  -2.081  -5.285  -4.907  2.76
752  46  ASP  HB3  -3.004  -5.127  -3.632  3.14
753  47  ALA  N  -5.225  -3.594  -3.466  120.9
754  47  ALA  CA  -6.454  -3.425  -2.702  55.11
755  47  ALA  C  -7.509  -2.68  -3.51  179.26
756  47  ALA  O  -8.662  -3.118  -3.606  106.98
757  47  ALA  CB  -6.164  -2.675  -1.412  19.09
758  47  ALA  H  -4.487  -3.297  -3.139  7.87
759  47  ALA  HA  -6.792  -4.305  -2.473  3.63
760  47  ALA  HB1  -6.965  -2.65  -0.865  8.96
761  47  ALA  HB2  -5.887  -1.769  -1.62  3.96
762  47  ALA  HB3  -5.456  -3.128  -0.927  117.86
763  48  ARG  N  -7.104  -1.565  -4.11  116.49
764  48  ARG  CA  -8.026  -0.744  -4.878  58.03
765  48  ARG  C  -8.597  -1.53  -6.044  178.51
766  48  ARG  O  -9.808  -1.619  -6.197  41.74
767  48  ARG  CB  -7.345  0.519  -5.407  28.91
768  48  ARG  CG  -6.687  1.367  -4.335  25.46
769  48  ARG  CD  -6.396  2.763  -4.847  42.36
770  48  ARG  NE  -7.566  3.635  -4.748  84.22
771  48  ARG  CZ  -8.057  4.36  -5.748  1.28
772  48  ARG  NH1  -7.55  4.255  -6.972  1.13
773  48  ARG  NH2  -9.078  5.179  -5.517  118.49
774  48  ARG  H  -6.28  -1.327  -4.043  7.59
775  48  ARG  HA  -8.754  -0.486  -4.291  3.54
776  48  ARG  HB2  -6.662  0.262  -6.046  1.14
777  48  ARG  HB3  -8.009  1.063  -5.859  1.14
778  48  ARG  HG2  -7.282  1.432  -3.572  0.92
779  48  ARG  HG3  -5.854  0.949  -4.066  1.61
780  48  ARG  HD2  -5.673  3.142  -4.323  2.4
781  48  ARG  HD3  -6.124  2.705  -5.776  2.6
782  48  ARG  HE  -7.94  3.698  -3.976  7
783  48  ARG  HH11  -6.9  3.714  -7.128  1.88
784  48  ARG  HH12  -7.868  4.731  -7.614  1.88
785  48  ARG  HH21  -9.414  5.236  -4.727  1.5
786  48  ARG  HH22  -9.406  5.653  -6.155  1.36
787  49  ASP  N  -7.719  -2.133  -6.838  118.77
788  49  ASP  CA  -8.131  -2.813  -8.064  56.48
789  49  ASP  C  -8.915  -4.091  -7.761  178.23
790  49  ASP  O  -9.615  -4.623  -8.623  115.36
791  49  ASP  CB  -6.915  -3.131  -8.937  40.55
792  49  ASP  CG  -7.298  -3.494  -10.359  177.57
793  49  ASP  OD1  -7.564  -2.574  -11.158  31.59
794  49  ASP  OD2  -7.315  -4.698  -10.693  30.48
795  49  ASP  H  -6.886  -2.122  -6.625  8.25
796  49  ASP  HA  -8.712  -2.206  -8.549  4.38
797  49  ASP  HB2  -6.336  -2.353  -8.968  2.73
798  49  ASP  HB3  -6.429  -3.876  -8.551  2.73
799  50  GLU  N  -8.839  -4.553  -6.524  120.6
800  50  GLU  CA  -9.533  -5.767  -6.129  58.89
801  50  GLU  C  -10.984  -5.438  -5.862  178.54
802  50  GLU  O  -11.887  -6.168  -6.264  2.11
803  50  GLU  CB  -8.912  -6.396  -4.881  29.74
804  50  GLU  CG  -9.565  -7.717  -4.505  36.42
805  50  GLU  CD  -9.18  -8.21  -3.128  123.57
806  50  GLU  OE1  -8.137  -8.884  -3  57.32
807  50  GLU  OE2  -9.938  -7.952  -2.168  179.18
808  50  GLU  H  -8.401  -4.104  -5.936  8.06
809  50  GLU  HA  -9.481  -6.396  -6.865  4.01
810  50  GLU  HB2  -7.968  -6.552  -5.042  2.05
811  50  GLU  HB3  -9.013  -5.784  -4.136  2.05
812  50  GLU  HG2  -10.528  -7.603  -4.531  2.42
813  50  GLU  HG3  -9.305  -8.387  -5.157  2.19
814  51  LYS  N  -11.204  -4.301  -5.227  118.19
815  51  LYS  CA  -12.552  -3.859  -4.94  57.88
816  51  LYS  C  -13.075  -3.17  -6.179  178.11
817  51  LYS  O  -14.273  -2.977  -6.362  121.89
818  51  LYS  CB  -12.573  -2.91  -3.74  32.24
819  51  LYS  CG  -13.974  -2.554  -3.271  24.95
820  51  LYS  CD  -13.945  -1.706  -2.015  29.07
821  51  LYS  CE  -15.345  -1.476  -1.474  42.14
822  51  LYS  NZ  -16.019  -2.753  -1.108  29.04
823  51  LYS  H  -10.539  -3.798  -5.018  8.09
824  51  LYS  HA  -13.095  -4.64  -4.751  4.06
825  51  LYS  HB2  -12.102  -3.327  -3.002  1.77
826  51  LYS  HB3  -12.116  -2.09  -3.983  1.77
827  51  LYS  HG2  -14.422  -2.058  -3.974  1.34
828  51  LYS  HG3  -14.461  -3.373  -3.09  1.41
829  51  LYS  HD2  -13.414  -2.157  -1.34  1.57
830  51  LYS  HD3  -13.543  -0.848  -2.225  1.57
831  51  LYS  HE2  -15.288  -0.914  -0.686  2.86
832  51  LYS  HE3  -15.872  -1.025  -2.153  2.9
833  51  LYS  HZ1  -16.403  -2.68  -0.309  7.3
834  51  LYS  HZ2  -15.426  -3.416  -1.079  7.3
835  51  LYS  HZ3  -16.646  -2.955  -1.706  44.14
836  52  GLN  N  -12.136  -2.833  -7.042  117.04
837  52  GLN  CA  -12.443  -2.18  -8.296  57.13
838  52  GLN  C  -12.952  -3.199  -9.307  176.83
839  52  GLN  O  -13.838  -2.907  -10.11  1.71
840  52  GLN  CB  -11.19  -1.487  -8.818  29.01
841  52  GLN  CG  -11.447  -0.476  -9.925  33.99
842  52  GLN  CD  -12.197  0.756  -9.45  23.73
843  52  GLN  OE1  -12.992  0.698  -8.513  8.19
844  52  GLN  NE2  -11.94  1.882  -10.097  112.14
845  52  GLN  H  -11.315  -2.998  -6.846  8.04
846  52  GLN  HA  -13.133  -1.518  -8.133  4.19
847  52  GLN  HB2  -10.761  -1.033  -8.076  2.12
848  52  GLN  HB3  -10.585  -2.165  -9.157  2.09
849  52  GLN  HG2  -10.594  -0.191  -10.289  2.33
850  52  GLN  HG3  -11.966  -0.905  -10.623  2.33
851  52  GLN  HE21  -11.372  1.859  -10.742  7.47
852  52  GLN  HE22  -12.351  2.597  -9.853  6.82
853  53  SER  N  -12.39  -4.401  -9.257  113.74
854  53  SER  CA  -12.819  -5.478  -10.138  59.64
855  53  SER  C  -14.228  -5.943  -9.772  175.54
856  53  SER  O  -14.956  -6.466  -10.615  38.88
857  53  SER  CB  -11.834  -6.652  -10.072  64
858  53  SER  OG  -11.771  -7.208  -8.766  131.84
859  53  SER  H  -11.743  -4.539  -8.707  8.09
860  53  SER  HA  -12.832  -5.129  -11.043  4.34
861  53  SER  HB2  -12.12  -7.342  -10.691  3.92
862  53  SER  HB3  -10.949  -6.34  -10.32  3.92
863  53  SER  HG  -11.652  -6.595  -8.204  7.57
864  54  GLY  N  -14.605  -5.731  -8.511  109.09
865  54  GLY  CA  -15.932  -6.092  -8.052  45.93
866  54  GLY  C  -17.007  -5.238  -8.696  174.46
867  54  GLY  O  -18.152  -5.661  -8.843  6.69
868  54  GLY  H  -14.046  -5.376  -7.962  8.23
869  54  GLY  HA2  -16.098  -7.024  -8.264  3.94
870  54  GLY  HA3  -15.971  -5.976  -7.09  3.87
871  55  LEU  N  -16.628  -4.034  -9.098  120.23
872  55  LEU  CA  -17.544  -3.124  -9.768  55.87
873  55  LEU  C  -17.451  -3.287  -11.278  177.18
874  55  LEU  O  -17.318  -2.307  -12.013  174.82
875  55  LEU  CB  -17.252  -1.668  -9.39  42.26
876  55  LEU  CG  -17.877  -1.178  -8.076  26.92
877  55  LEU  CD1  -19.391  -1.309  -8.12  24.93
878  55  LEU  CD2  -17.312  -1.933  -6.883  23.56
879  55  LEU  H  -15.815  -3.787  -8.965  7.85
880  55  LEU  HA  -18.444  -3.348  -9.484  4.17
881  55  LEU  HB2  -16.29  -1.559  -9.327  1.33
882  55  LEU  HB3  -17.577  -1.103  -10.108  1.48
883  55  LEU  HG  -17.665  -0.238  -7.961  1.43
884  55  LEU  HD11  -19.744  -0.759  -8.837  58.3
885  55  LEU  HD12  -19.767  -1.018  -7.274  178.18
886  55  LEU  HD13  -19.631  -2.236  -8.276  174.41
887  55  LEU  HD21  -17.498  -2.88  -6.984  33.25
888  55  LEU  HD22  -17.725  -1.607  -6.068  24.88
889  55  LEU  HD23  -16.353  -1.794  -6.837  29.2
890  56  TYR  N  -17.522  -4.527  -11.74  118.44
891  56  TYR  CA  -17.509  -4.802  -13.166  58.39
892  56  TYR  C  -18.881  -4.504  -13.762  176.07
893  56  TYR  O  -19.635  -5.406  -14.13  4.14
894  56  TYR  CB  -17.089  -6.252  -13.443  38.63
895  56  TYR  CG  -17.04  -6.61  -14.915  1.91
896  56  TYR  CD1  -16.231  -5.908  -15.801  133.39
897  56  TYR  CD2  -17.809  -7.653  -15.416  133.39
898  56  TYR  CE1  -16.19  -6.236  -17.144  118.27
899  56  TYR  CE2  -17.773  -7.988  -16.756  118.27
900  56  TYR  CZ  -16.963  -7.276  -17.615  2.9
901  56  TYR  OH  -16.925  -7.607  -18.952  2.9
902  56  TYR  H  -17.585  -5.18  -11.184  7.96
903  56  TYR  HA  -16.862  -4.205  -13.574  4.45
904  56  TYR  HB2  -16.205  -6.401  -13.072  2.86
905  56  TYR  HB3  -17.719  -6.85  -13.012  2.98
906  56  TYR  HD1  -15.71  -5.208  -15.48  7.01
907  56  TYR  HD2  -18.355  -8.131  -14.834  7.01
908  56  TYR  HE1  -15.644  -5.756  -17.724  6.69
909  56  TYR  HE2  -18.296  -8.689  -17.073  6.69
910  56  TYR  HH  -17.697  -7.82  -19.204  19.99
911  57  LYS  N  -19.219  -3.229  -13.79  120.79
912  57  LYS  CA  -20.459  -2.78  -14.391  56.81
913  57  LYS  C  -20.232  -2.558  -15.882  176.42
914  57  LYS  O  -20.937  -3.112  -16.724  2.04
915  57  LYS  CB  -20.925  -1.482  -13.714  33.02
916  57  LYS  CG  -22.433  -1.264  -13.73  24.95
917  57  LYS  CD  -22.995  -1.156  -15.139  29.25
918  57  LYS  CE  -24.484  -0.849  -15.118  42.21
919  57  LYS  NZ  -25.251  -1.874  -14.366  8.8
920  57  LYS  H  -18.694  -2.653  -13.426  8.02
921  57  LYS  HA  -21.128  -3.472  -14.268  4.15
922  57  LYS  HB2  -20.635  -1.495  -12.789  1.65
923  57  LYS  HB3  -20.506  -0.731  -14.162  1.75
924  57  LYS  HG2  -22.859  -2.013  -13.286  1.28
925  57  LYS  HG3  -22.635  -0.447  -13.248  1.28
926  57  LYS  HD2  -22.533  -0.446  -15.611  1.59
927  57  LYS  HD3  -22.853  -1.998  -15.599  1.59
928  57  LYS  HE2  -24.619  0.015  -14.697  2.92
929  57  LYS  HE3  -24.807  -0.819  -16.032  2.92
930  57  LYS  HZ1  -26.121  -1.782  -14.528  6.83
931  57  LYS  HZ2  -25.114  -1.782  -13.491  4.1
932  57  LYS  HZ3  -25  -2.692  -14.612  1.38
933  58  LEU  N  -19.23  -1.75  -16.192  121.04
934  58  LEU  CA  -18.884  -1.453  -17.564  55.73
935  58  LEU  C  -17.761  -2.373  -18.027  177.39
936  58  LEU  O  -16.988  -2.878  -17.215  1.15
937  58  LEU  CB  -18.437  0.002  -17.672  42.33
938  58  LEU  CG  -19.35  1.021  -16.979  27.11
939  58  LEU  CD1  -18.738  2.413  -17.036  25.05
940  58  LEU  CD2  -20.734  1.025  -17.611  23.7
941  58  LEU  H  -18.769  -1.389  -15.562  8.04
942  58  LEU  HA  -19.669  -1.594  -18.117  4.18
943  58  LEU  HB2  -17.547  0.073  -17.293  1.49
944  58  LEU  HB3  -18.39  0.23  -18.614  1.57
945  58  LEU  HG  -19.445  0.775  -16.046  1.54
946  58  LEU  HD11  -17.876  2.407  -16.591  130.94
947  58  LEU  HD12  -19.326  3.043  -16.591  8.95
948  58  LEU  HD13  -18.621  2.678  -17.962  4.02
949  58  LEU  HD21  -21.296  1.67  -17.154  3.79
950  58  LEU  HD22  -21.126  0.141  -17.534  122.59
951  58  LEU  HD23  -20.66  1.267  -18.548  58.81
952  59  GLU  N  -17.658  -2.566  -19.328  119.09
953  59  GLU  CA  -16.629  -3.433  -19.887  56.81
954  59  GLU  C  -15.337  -2.648  -20.07  176.1
955  59  GLU  O  -14.249  -3.218  -20.146  24.53
956  59  GLU  CB  -17.083  -4.027  -21.229  30.4
957  59  GLU  CG  -17.128  -3.032  -22.388  36.24
958  59  GLU  CD  -18.242  -2.007  -22.269  9.14
959  59  GLU  OE1  -18.097  -1.042  -21.489  8.6
960  59  GLU  OE2  -19.27  -2.157  -22.957  4.11
961  59  GLU  H  -18.196  -2.153  -19.857  8.25
962  59  GLU  HA  -16.468  -4.153  -19.257  4.12
963  59  GLU  HB2  -16.475  -4.743  -21.472  1.81
964  59  GLU  HB3  -17.972  -4.398  -21.117  1.81
965  59  GLU  HG2  -16.281  -2.56  -22.424  2.06
966  59  GLU  HG3  -17.252  -3.526  -23.214  2.15
967  60  HSE  N  -15.478  -1.328  -20.088  117.85
968  60  HSE  CA  -14.371  -0.417  -20.358  56.34
969  60  HSE  C  -13.349  -0.421  -19.222  21.95
970  60  HSE  O  -12.309  0.228  -19.32  57.07
971  60  HSE  CB  -14.906  1  -20.56  29.96
972  60  HSE  CG  -14.27  1.739  -21.7  112.24
973  60  HSE  ND1  -14.957  2.075  -22.846  57.86
974  60  HSE  CD2  -13.013  2.219  -21.865  173.38
975  60  HSE  CE1  -14.154  2.725  -23.665  8.03
976  60  HSE  NE2  -12.969  2.828  -23.097  63.16
977  60  HSE  H  -16.37  -0.953  -19.931  8.19
978  60  HSE  HA  -13.887  -0.743  -21.265  8.54
979  60  HSE  HB2  -15.968  0.951  -20.748  4.52
980  60  HSE  HB3  -14.735  1.57  -19.657  3.95
981  60  HSE  HD1  -15.906  1.864  -23.032  3.94
982  60  HSE  HD2  -12.197  2.138  -21.16  33.53
983  60  HSE  HE1  -14.419  3.107  -24.638  21.39
984  60  HSE  HE2  -12.148  3.1  -23.567  51.4
