1  1  SER  N  5.47  18.286  -4.833  39.34
2  1  SER  CA  6.864  17.84  -4.622  55.96
3  1  SER  C  6.951  16.313  -4.689  173.74
4  1  SER  O  7.198  15.642  -3.683  55.76
5  1  SER  CB  7.376  18.35  -3.266  63.32
6  1  SER  OG  7.249  19.761  -3.165  30.64
7  1  SER  H  5.304  19.013  -4.348  3.79
8  1  SER  H2  4.902  17.645  -4.59  16.23
9  1  SER  H3  5.336  18.48  -5.691  4.03
10  1  SER  HA  7.412  18.215  -5.329  4.15
11  1  SER  HB2  6.863  17.941  -2.551  4.02
12  1  SER  HB3  8.312  18.114  -3.167  4.02
13  1  SER  HG  8.006  20.114  -3.255  3.05
14  2  MET  N  6.742  15.764  -5.884  3.05
15  2  MET  CA  6.73  14.316  -6.074  56.11
16  2  MET  C  8.154  13.761  -6.041  176.03
17  2  MET  O  8.367  12.569  -5.802  2.36
18  2  MET  CB  6.047  13.961  -7.403  32.72
19  2  MET  CG  5.72  12.48  -7.551  31.77
20  2  MET  SD  4.567  11.909  -6.285  124.05
21  2  MET  CE  4.389  10.183  -6.723  16.76
22  2  MET  H  6.608  16.275  -6.563  176.33
23  2  MET  HA  6.226  13.923  -5.345  4.53
24  2  MET  HB2  5.218  14.461  -7.469  2.09
25  2  MET  HB3  6.629  14.22  -8.135  2.09
26  2  MET  HG2  5.322  12.333  -8.423  2.62
27  2  MET  HG3  6.54  11.967  -7.479  2.62
28  2  MET  HE1  5.255  9.747  -6.683  1.97
29  2  MET  HE2  4.032  10.111  -7.622  8.14
30  2  MET  HE3  3.783  9.753  -6.099  4.33
31  3  ASN  N  9.128  14.644  -6.268  119.53
32  3  ASN  CA  10.545  14.272  -6.249  53.52
33  3  ASN  C  10.903  13.559  -4.944  175.66
34  3  ASN  O  11.76  12.672  -4.926  1.41
35  3  ASN  CB  11.426  15.513  -6.428  38.49
36  3  ASN  CG  12.903  15.172  -6.538  1.66
37  3  ASN  OD1  13.414  14.935  -7.633  2.96
38  3  ASN  ND2  13.598  15.152  -5.411  113.03
39  3  ASN  H  8.916  15.459  -6.444  8.6
40  3  ASN  HA  10.702  13.665  -6.989  4.71
41  3  ASN  HB2  11.158  15.978  -7.236  2.88
42  3  ASN  HB3  11.302  16.103  -5.668  2.88
43  3  ASN  HD21  13.188  15.331  -4.677  7.66
44  3  ASN  HD22  14.434  14.954  -5.453  6.96
45  4  GLU  N  10.22  13.946  -3.863  120.93
46  4  GLU  CA  10.389  13.308  -2.555  57.94
47  4  GLU  C  10.355  11.788  -2.702  177.43
48  4  GLU  O  11.161  11.065  -2.108  43.44
49  4  GLU  CB  9.271  13.757  -1.602  29.99
50  4  GLU  CG  9.375  13.155  -0.202  172.84
51  4  GLU  CD  8.126  13.365  0.646  114.57
52  4  GLU  OE1  7.287  14.219  0.292  61.34
53  4  GLU  OE2  7.986  12.67  1.674  8.62
54  4  GLU  H  9.662  14.596  -3.937  8.49
55  4  GLU  HA  11.248  13.577  -2.193  4.24
56  4  GLU  HB2  9.298  14.723  -1.521  2.07
57  4  GLU  HB3  8.416  13.5  -1.981  2.07
58  4  GLU  HG2  9.529  12.201  -0.285  2.3
59  4  GLU  HG3  10.129  13.56  0.254  2.3
60  5  LEU  N  9.417  11.317  -3.513  3.15
61  5  LEU  CA  9.272  9.897  -3.781  4.14
62  5  LEU  C  10.177  9.487  -4.942  2.01
63  5  LEU  O  10.735  8.398  -4.93  55.58
64  5  LEU  CB  7.793  9.566  -4.069  41.76
65  5  LEU  CG  7.457  8.072  -4.287  123.28
66  5  LEU  CD1  6.02  7.77  -3.867  23.1
67  5  LEU  CD2  7.665  7.668  -5.747  25.32
68  5  LEU  H  8.881  11.87  -3.896  176.47
69  5  LEU  HA  9.551  9.415  -2.987  4.07
70  5  LEU  HB2  7.267  9.888  -3.32  29.69
71  5  LEU  HB3  7.523  10.057  -4.861  34.04
72  5  LEU  HG  8.047  7.531  -3.739  2.14
73  5  LEU  HD11  5.407  8.305  -4.396  8.29
74  5  LEU  HD12  5.907  7.984  -2.928  112.82
75  5  LEU  HD13  5.832  6.829  -4.009  8.61
76  5  LEU  HD21  8.597  7.789  -5.987  4.22
77  5  LEU  HD22  7.11  8.22  -6.32  1.96
78  5  LEU  HD23  7.421  6.736  -5.863  2.05
79  6  GLU  N  10.34  10.38  -5.923  120.85
80  6  GLU  CA  11.11  10.083  -7.145  58.33
81  6  GLU  C  12.628  10.132  -6.907  178.08
82  6  GLU  O  13.408  9.904  -7.834  6.9
83  6  GLU  CB  10.749  11.083  -8.252  29.6
84  6  GLU  CG  9.261  11.162  -8.567  57.52
85  6  GLU  CD  8.952  12.171  -9.663  176.84
86  6  GLU  OE1  9.145  13.387  -9.435  4.06
87  6  GLU  OE2  8.526  11.758  -10.761  33.03
88  6  GLU  H  9.979  11.156  -5.839  8.33
89  6  GLU  HA  10.869  9.19  -7.439  3.62
90  6  GLU  HB2  11.045  11.966  -7.982  42.28
91  6  GLU  HB3  11.216  10.833  -9.064  20.59
92  6  GLU  HG2  8.955  10.287  -8.852  8.18
93  6  GLU  HG3  8.785  11.422  -7.763  4.16
94  7  ALA  N  13.027  10.452  -5.678  122.46
95  7  ALA  CA  14.44  10.595  -5.301  54.66
96  7  ALA  C  15.356  9.501  -5.883  179.66
97  7  ALA  O  16.361  9.811  -6.526  1.33
98  7  ALA  CB  14.563  10.631  -3.78  18.7
99  7  ALA  H  12.427  10.618  -5.084  8.24
100  7  ALA  HA  14.741  11.454  -5.636  4.18
101  7  ALA  HB1  14.29  9.776  -3.412  2.93
102  7  ALA  HB2  13.992  11.33  -3.425  4.25
103  7  ALA  HB3  15.484  10.81  -3.532  62.47
104  8  GLN  N  15.016  8.232  -5.659  116.84
105  8  GLN  CA  15.898  7.12  -6.044  57.73
106  8  GLN  C  15.886  6.889  -7.563  178
107  8  GLN  O  14.847  6.998  -8.212  176.77
108  8  GLN  CB  15.522  5.834  -5.285  28.64
109  8  GLN  CG  15.701  5.933  -3.763  34.37
110  8  GLN  CD  14.49  6.51  -3.032  27.16
111  8  GLN  OE1  13.695  7.261  -3.596  43.49
112  8  GLN  NE2  14.352  6.173  -1.758  111.88
113  8  GLN  H  14.258  8.061  -5.29  8.27
114  8  GLN  HA  16.799  7.372  -5.789  4.22
115  8  GLN  HB2  14.594  5.621  -5.471  2.19
116  8  GLN  HB3  16.079  5.109  -5.609  2.19
117  8  GLN  HG2  15.871  5.044  -3.415  2.5
118  8  GLN  HG3  16.469  6.496  -3.578  2.5
119  8  GLN  HE21  14.94  5.653  -1.407  7.54
120  8  GLN  HE22  13.686  6.496  -1.32  6.87
121  9  THR  N  17.048  6.527  -8.112  115.52
122  9  THR  CA  17.273  6.541  -9.56  65.3
123  9  THR  C  16.988  5.194  -10.238  175.58
124  9  THR  O  17.454  4.147  -9.794  1.43
125  9  THR  CB  18.73  6.963  -9.864  68.74
126  9  THR  OG1  19.054  8.153  -9.131  4.35
127  9  THR  CG2  18.942  7.208  -11.355  22.38
128  9  THR  H  17.69  6.277  -7.597  8.04
129  9  THR  HA  16.68  7.207  -9.941  4
130  9  THR  HB  19.324  6.251  -9.58  4.34
131  9  THR  HG1  18.359  8.612  -9.019  177.43
132  9  THR  HG21  18.343  7.909  -11.657  120.34
133  9  THR  HG22  18.758  6.393  -11.847  41.22
134  9  THR  HG23  19.86  7.479  -11.512  175.87
135  10  ARG  N  16.194  5.262  -11.316  120.54
136  10  ARG  CA  15.826  4.117  -12.178  59.13
137  10  ARG  C  15.289  2.904  -11.407  178.26
138  10  ARG  O  15.037  1.854  -11.999  4.41
139  10  ARG  CB  17.016  3.676  -13.044  29.77
140  10  ARG  CG  17.636  4.794  -13.878  2.74
141  10  ARG  CD  18.527  4.245  -14.99  118.63
142  10  ARG  NE  17.743  3.744  -16.126  59.31
143  10  ARG  CZ  17.651  2.461  -16.488  178.28
144  10  ARG  NH1  18.243  1.511  -15.775  1.79
145  10  ARG  NH2  16.951  2.126  -17.563  30.34
146  10  ARG  H  15.881  6.034  -11.529  8.1
147  10  ARG  HA  15.122  4.427  -12.769  4.04
148  10  ARG  HB2  17.705  3.313  -12.465  1.96
149  10  ARG  HB3  16.717  2.978  -13.647  1.96
150  10  ARG  HG2  16.925  5.32  -14.277  1.74
151  10  ARG  HG3  18.169  5.359  -13.297  1.74
152  10  ARG  HD2  19.11  4.955  -15.302  3.25
153  10  ARG  HD3  19.066  3.522  -14.633  3.25
154  10  ARG  HE  17.327  4.332  -16.596  1.83
155  10  ARG  HH11  18.692  1.712  -15.07  1.83
156  10  ARG  HH12  18.178  0.688  -16.015  1.41
157  10  ARG  HH21  16.555  2.731  -18.028  1.53
158  10  ARG  HH22  16.889  1.301  -17.799  3.17
159  11  VAL  N  15.106  3.045  -10.105  117.96
160  11  VAL  CA  14.447  2.028  -9.303  65.78
161  11  VAL  C  13.105  2.557  -8.835  178.34
162  11  VAL  O  12.13  1.815  -8.708  118.52
163  11  VAL  CB  15.314  1.599  -8.087  31.61
164  11  VAL  CG1  15.644  2.794  -7.194  175.85
165  11  VAL  CG2  14.625  0.494  -7.285  119.83
166  11  VAL  H  15.397  3.755  -9.717  7.66
167  11  VAL  HA  14.295  1.252  -9.864  3.77
168  11  VAL  HB  16.15  1.244  -8.429  2.07
169  11  VAL  HG11  16.196  2.501  -6.452  38.52
170  11  VAL  HG12  14.823  3.18  -6.851  26.11
171  11  VAL  HG13  16.123  3.463  -7.708  24.75
172  11  VAL  HG21  14.468  -0.273  -7.858  20.53
173  11  VAL  HG22  13.778  0.82  -6.943  7.8
174  11  VAL  HG23  15.192  0.231  -6.543  3.73
175  12  LYS  N  13.062  3.865  -8.602  121.22
176  12  LYS  CA  11.854  4.511  -8.124  59.41
177  12  LYS  C  10.975  4.894  -9.31  178.14
178  12  LYS  O  9.804  4.54  -9.364  122.54
179  12  LYS  CB  12.211  5.755  -7.291  32.07
180  12  LYS  CG  11.447  5.867  -5.978  174.5
181  12  LYS  CD  11.937  4.868  -4.933  118.1
182  12  LYS  CE  11.113  4.936  -3.647  58.05
183  12  LYS  NZ  11.031  6.314  -3.086  173.88
184  12  LYS  H  13.764  4.342  -8.743  7.47
185  12  LYS  HA  11.374  3.879  -7.566  3.37
186  12  LYS  HB2  13.159  5.733  -7.085  1.59
187  12  LYS  HB3  12.028  6.55  -7.816  1.83
188  12  LYS  HG2  11.568  6.763  -5.627  1.04
189  12  LYS  HG3  10.505  5.712  -6.148  1.34
190  12  LYS  HD2  11.871  3.972  -5.299  8.38
191  12  LYS  HD3  12.864  5.063  -4.723  4.45
192  12  LYS  HE2  10.214  4.624  -3.837  3.06
193  12  LYS  HE3  11.52  4.353  -2.988  3.06
194  12  LYS  HZ1  10.603  6.853  -3.65  4.01
195  12  LYS  HZ2  11.846  6.642  -2.943  2.02
196  12  LYS  HZ3  10.589  6.3  -2.314  2.02
197  13  LEU  N  11.571  5.59  -10.274  118.07
198  13  LEU  CA  10.843  6.095  -11.438  57.89
199  13  LEU  C  10.125  4.969  -12.187  179.93
200  13  LEU  O  8.972  5.125  -12.589  59.48
201  13  LEU  CB  11.794  6.84  -12.392  41.15
202  13  LEU  CG  12.318  8.204  -11.898  2.31
203  13  LEU  CD1  11.162  9.138  -11.551  29.95
204  13  LEU  CD2  13.26  8.041  -10.707  27.83
205  13  LEU  H  12.414  5.749  -10.211  8.14
206  13  LEU  HA  10.177  6.721  -11.114  4.09
207  13  LEU  HB2  12.558  6.268  -12.562  1.61
208  13  LEU  HB3  11.33  6.984  -13.232  1.82
209  13  LEU  HG  12.821  8.621  -12.615  56.36
210  13  LEU  HD11  11.514  9.997  -11.27  8.2
211  13  LEU  HD12  10.639  8.754  -10.83  4.12
212  13  LEU  HD13  10.598  9.259  -12.331  1.88
213  13  LEU  HD21  14.008  7.478  -10.961  1.88
214  13  LEU  HD22  12.783  7.631  -9.969  1.57
215  13  LEU  HD23  13.59  8.911  -10.434  1.75
216  14  ASN  N  10.803  3.836  -12.362  117.56
217  14  ASN  CA  10.225  2.701  -13.088  56.11
218  14  ASN  C  8.985  2.176  -12.363  177.08
219  14  ASN  O  7.909  2.032  -12.957  179.72
220  14  ASN  CB  11.259  1.572  -13.245  38.3
221  14  ASN  CG  12.491  1.999  -14.03  32.95
222  14  ASN  OD1  12.909  3.156  -13.977  26.08
223  14  ASN  ND2  13.085  1.065  -14.759  112.37
224  14  ASN  H  11.601  3.769  -12.048  8.38
225  14  ASN  HA  9.963  3.014  -13.968  4.57
226  14  ASN  HB2  11.546  1.282  -12.365  2.94
227  14  ASN  HB3  10.844  0.826  -13.705  2.94
228  14  ASN  HD21  12.752  0.272  -14.754  7.41
229  14  ASN  HD22  13.781  1.286  -15.213  6.78
230  15  TYR  N  9.148  1.912  -11.07  121.34
231  15  TYR  CA  8.062  1.421  -10.224  62.32
232  15  TYR  C  6.92  2.431  -10.19  177.18
233  15  TYR  O  5.756  2.058  -10.289  117.22
234  15  TYR  CB  8.599  1.166  -8.808  39.27
235  15  TYR  CG  7.583  0.655  -7.784  177.99
236  15  TYR  CD1  6.618  1.499  -7.229  1.88
237  15  TYR  CD2  7.626  -0.661  -7.336  29.72
238  15  TYR  CE1  5.734  1.048  -6.269  33.56
239  15  TYR  CE2  6.74  -1.121  -6.38  2.47
240  15  TYR  CZ  5.798  -0.264  -5.847  2.32
241  15  TYR  OH  4.921  -0.72  -4.888  110.95
242  15  TYR  H  9.922  2.04  -10.717  7.98
243  15  TYR  HA  7.739  0.586  -10.599  4.25
244  15  TYR  HB2  9.312  0.511  -8.862  3.33
245  15  TYR  HB3  8.969  1.995  -8.465  3.33
246  15  TYR  HD1  6.575  2.383  -7.513  7.19
247  15  TYR  HD2  8.26  -1.24  -7.694  7.19
248  15  TYR  HE1  5.103  1.63  -5.912  6.84
249  15  TYR  HE2  6.788  -2.004  -6.091  6.84
250  15  TYR  HH  5.325  -1.23  -4.356  114.05
251  16  LEU  N  7.269  3.709  -10.058  117.03
252  16  LEU  CA  6.28  4.78  -9.969  57.24
253  16  LEU  C  5.471  4.882  -11.257  178.8
254  16  LEU  O  4.242  4.93  -11.228  63.05
255  16  LEU  CB  6.961  6.123  -9.672  41.31
256  16  LEU  CG  6.009  7.325  -9.543  8.24
257  16  LEU  CD1  5.005  7.101  -8.414  4.28
258  16  LEU  CD2  6.798  8.613  -9.321  4.08
259  16  LEU  H  8.105  3.91  -10.023  8.2
260  16  LEU  HA  5.678  4.566  -9.239  4.47
261  16  LEU  HB2  7.456  6.035  -8.842  2.79
262  16  LEU  HB3  7.59  6.31  -10.386  2.92
263  16  LEU  HG  5.509  7.421  -10.369  1.47
264  16  LEU  HD11  5.478  6.979  -7.576  8.8
265  16  LEU  HD12  4.475  6.311  -8.603  28.35
266  16  LEU  HD13  4.419  7.871  -8.344  34.26
267  16  LEU  HD21  6.184  9.36  -9.246  1.97
268  16  LEU  HD22  7.394  8.761  -10.072  1.97
269  16  LEU  HD23  7.319  8.539  -8.506  111.64
270  17  ASP  N  6.168  4.907  -12.385  118.08
271  17  ASP  CA  5.518  5.013  -13.686  57.35
272  17  ASP  C  4.574  3.83  -13.899  179.51
273  17  ASP  O  3.456  3.993  -14.381  2.88
274  17  ASP  CB  6.571  5.077  -14.8  41.3
275  17  ASP  CG  5.968  5.328  -16.174  2.85
276  17  ASP  OD1  5.378  6.41  -16.382  7.75
277  17  ASP  OD2  6.099  4.456  -17.059  7.07
278  17  ASP  H  7.026  4.86  -12.347  8.06
279  17  ASP  HA  4.999  5.832  -13.694  45.94
280  17  ASP  HB2  7.192  5.796  -14.605  174.95
281  17  ASP  HB3  7.058  4.238  -14.822  8.47
282  18  GLN  N  5.027  2.645  -13.497  118.92
283  18  GLN  CA  4.216  1.429  -13.58  58.91
284  18  GLN  C  2.991  1.53  -12.663  3.74
285  18  GLN  O  1.844  1.368  -13.105  121.9
286  18  GLN  CB  5.064  0.216  -13.177  28.57
287  18  GLN  CG  4.319  -1.114  -13.241  34.41
288  18  GLN  CD  5.107  -2.263  -12.632  122.44
289  18  GLN  OE1  5.005  -3.404  -13.079  38.91
290  18  GLN  NE2  5.88  -1.977  -11.591  112.5
291  18  GLN  H  5.824  2.593  -13.178  8.11
292  18  GLN  HA  3.921  1.323  -14.498  4
293  18  GLN  HB2  5.831  0.162  -13.768  117.94
294  18  GLN  HB3  5.379  0.345  -12.269  117.94
295  18  GLN  HG2  3.482  -1.028  -12.758  2.6
296  18  GLN  HG3  4.133  -1.322  -14.17  2.6
297  18  GLN  HE21  5.9  -1.165  -11.309  7.39
298  18  GLN  HE22  6.33  -2.617  -11.235  6.97
299  19  ILE  N  3.261  1.82  -11.388  120.87
300  19  ILE  CA  2.233  1.885  -10.347  64.63
301  19  ILE  C  1.266  3.036  -10.633  177.29
302  19  ILE  O  0.176  3.112  -10.064  7.06
303  19  ILE  CB  2.879  2.066  -8.937  37.02
304  19  ILE  CG1  1.963  1.531  -7.823  6.57
305  19  ILE  CG2  3.236  3.527  -8.67  17.49
306  19  ILE  CD  2.017  0.026  -7.663  116.69
307  19  ILE  H  4.076  1.985  -11.169  8.33
308  19  ILE  HA  1.741  1.049  -10.357  3.31
309  19  ILE  HB  3.707  1.56  -8.926  1.06
310  19  ILE  HG12  2.224  1.925  -6.976  32.55
311  19  ILE  HG13  1.045  1.777  -8.017  25.57
312  19  ILE  HG21  2.43  4.067  -8.676  29.56
313  19  ILE  HG22  3.841  3.842  -9.36  42.3
314  19  ILE  HG23  3.668  3.602  -7.805  37.99
315  19  ILE  HD11  1.754  -0.446  -8.598  8
316  19  ILE  HD12  1.318  -0.278  -6.898  3.68
317  19  ILE  HD13  3.015  -0.272  -7.377  1.85
318  20  ALA  N  1.691  3.944  -11.503  123.83
319  20  ALA  CA  0.831  5.015  -11.971  56.02
320  20  ALA  C  -0.062  4.515  -13.1  180.98
321  20  ALA  O  -1.282  4.584  -13.01  1.71
322  20  ALA  CB  1.664  6.207  -12.435  17.97
323  20  ALA  H  2.502  3.904  -11.786  8.06
324  20  ALA  HA  0.274  5.304  -11.231  4.35
325  20  ALA  HB1  1.076  6.925  -12.718  2.78
326  20  ALA  HB2  2.227  5.94  -13.178  118.33
327  20  ALA  HB3  2.221  6.517  -11.704  55.05
328  21  LYS  N  0.557  3.966  -14.143  119.25
329  21  LYS  CA  -0.162  3.594  -15.358  59.03
330  21  LYS  C  -1.245  2.547  -15.095  178.4
331  21  LYS  O  -2.392  2.744  -15.496  8.54
332  21  LYS  CB  0.813  3.105  -16.44  31.95
333  21  LYS  CG  1.841  4.15  -16.903  8.07
334  21  LYS  CD  1.23  5.297  -17.728  4.19
335  21  LYS  CE  0.483  6.323  -16.873  41.99
336  21  LYS  NZ  0.049  7.501  -17.669  120.48
337  21  LYS  H  1.404  3.822  -14.097  8.12
338  21  LYS  HA  -0.599  4.397  -15.684  4.11
339  21  LYS  HB2  1.299  2.341  -16.094  1.95
340  21  LYS  HB3  0.302  2.822  -17.215  1.95
341  21  LYS  HG2  2.269  4.53  -16.12  1.55
342  21  LYS  HG3  2.512  3.703  -17.443  1.55
343  21  LYS  HD2  1.944  5.754  -18.2  1.69
344  21  LYS  HD3  0.613  4.92  -18.374  1.69
345  21  LYS  HE2  -0.301  5.901  -16.489  3
346  21  LYS  HE3  1.068  6.623  -16.16  3
347  21  LYS  HZ1  -0.578  7.261  -18.254  178.47
348  21  LYS  HZ2  0.739  7.842  -18.116  2.71
349  21  LYS  HZ3  -0.284  8.129  -17.134  41.95
350  22  PHE  N  -0.9  1.446  -14.417  119.11
351  22  PHE  CA  -1.885  0.384  -14.157  60.94
352  22  PHE  C  -3.126  0.96  -13.474  177.22
353  22  PHE  O  -4.259  0.641  -13.841  8.31
354  22  PHE  CB  -1.285  -0.751  -13.296  38.94
355  22  PHE  CG  -2.319  -1.728  -12.755  1.3
356  22  PHE  CD1  -2.937  -1.491  -11.534  131.46
357  22  PHE  CD2  -2.685  -2.868  -13.463  131.46
358  22  PHE  CE1  -3.884  -2.354  -11.029  130.77
359  22  PHE  CE2  -3.64  -3.735  -12.962  130.77
360  22  PHE  CZ  -4.239  -3.478  -11.744  16.99
361  22  PHE  H  -0.097  1.363  -14.12  7.88
362  22  PHE  HA  -2.15  0.017  -15.015  4.01
363  22  PHE  HB2  -0.651  -1.253  -13.833  3.09
364  22  PHE  HB3  -0.818  -0.36  -12.541  3.09
365  22  PHE  HD1  -2.699  -0.735  -11.047  6.06
366  22  PHE  HD2  -2.282  -3.053  -14.28  6.06
367  22  PHE  HE1  -4.282  -2.178  -10.207  5.93
368  22  PHE  HE2  -3.878  -4.493  -13.445  5.93
369  22  PHE  HZ  -4.881  -4.061  -11.408  9.87
370  23  TRP  N  -2.897  1.826  -12.496  118.82
371  23  TRP  CA  -3.973  2.373  -11.682  112.82
372  23  TRP  C  -4.743  3.466  -12.428  178.35
373  23  TRP  O  -5.974  3.5  -12.397  4.7
374  23  TRP  CB  -3.401  2.911  -10.364  28.41
375  23  TRP  CG  -4.435  3.445  -9.416  2.98
376  23  TRP  CD1  -4.33  4.566  -8.653  126.57
377  23  TRP  CD2  -5.727  2.886  -9.134  7.01
378  23  TRP  NE1  -5.472  4.744  -7.914  125.23
379  23  TRP  CE2  -6.345  3.725  -8.19  46.45
380  23  TRP  CE3  -6.42  1.76  -9.588  120.66
381  23  TRP  CZ2  -7.622  3.474  -7.692  115.35
382  23  TRP  CZ3  -7.686  1.513  -9.098  122.18
383  23  TRP  CH2  -8.276  2.365  -8.157  124.53
384  23  TRP  H  -2.088  2.069  -12.335  7.84
385  23  TRP  HA  -4.585  1.648  -11.479  4.15
386  23  TRP  HB2  -2.928  2.196  -9.91  2.98
387  23  TRP  HB3  -2.777  3.627  -10.561  3.54
388  23  TRP  HD1  -3.585  5.123  -8.643  7.39
389  23  TRP  HE1  -5.617  5.393  -7.368  10.38
390  23  TRP  HE3  -6.041  1.183  -10.212  7.59
391  23  TRP  HZ2  -8.025  4.033  -7.068  7.8
392  23  TRP  HZ3  -8.158  0.77  -9.398  7.18
393  23  TRP  HH2  -9.13  2.165  -7.849  7.41
394  24  GLU  N  -4.023  4.346  -13.116  120.76
395  24  GLU  CA  -4.657  5.458  -13.819  59.57
396  24  GLU  C  -5.502  4.954  -14.989  181.36
397  24  GLU  O  -6.566  5.504  -15.282  4.51
398  24  GLU  CB  -3.613  6.477  -14.303  29.59
399  24  GLU  CG  -2.855  7.159  -13.167  36.42
400  24  GLU  CD  -1.976  8.306  -13.642  1.8
401  24  GLU  OE1  -0.892  8.046  -14.209  1.92
402  24  GLU  OE2  -2.368  9.478  -13.445  3.28
403  24  GLU  H  -3.168  4.256  -13.15  8.26
404  24  GLU  HA  -5.246  5.898  -13.186  4.26
405  24  GLU  HB2  -2.969  6.022  -14.869  2.24
406  24  GLU  HB3  -4.06  7.162  -14.825  2.4
407  24  GLU  HG2  -3.497  7.504  -12.527  2.29
408  24  GLU  HG3  -2.294  6.5  -12.729  2.44
409  25  ILE  N  -5.039  3.894  -15.644  120.88
410  25  ILE  CA  -5.758  3.327  -16.783  64.33
411  25  ILE  C  -6.885  2.405  -16.303  178.02
412  25  ILE  O  -7.769  2.023  -17.072  3.94
413  25  ILE  CB  -4.796  2.569  -17.742  37.24
414  25  ILE  CG1  -3.625  3.485  -18.157  119.74
415  25  ILE  CG2  -5.534  2.055  -18.98  17.13
416  25  ILE  CD  -4.052  4.816  -18.748  4.8
417  25  ILE  H  -4.299  3.535  -15.394  8.07
418  25  ILE  HA  -6.158  4.063  -17.272  3.81
419  25  ILE  HB  -4.44  1.802  -17.267  1.91
420  25  ILE  HG12  -3.078  3.673  -17.378  1.21
421  25  ILE  HG13  -3.083  3.027  -18.818  1.61
422  25  ILE  HG21  -5.932  2.802  -19.455  177.6
423  25  ILE  HG22  -6.232  1.438  -18.708  175.33
424  25  ILE  HG23  -4.91  1.597  -19.564  27.5
425  25  ILE  HD11  -4.618  5.375  -18.014  33.57
426  25  ILE  HD12  -4.666  4.645  -19.62  33.48
427  25  ILE  HD13  -3.177  5.382  -19.031  5.16
428  26  GLN  N  -6.865  2.078  -15.011  115.92
429  26  GLN  CA  -7.94  1.305  -14.39  55.32
430  26  GLN  C  -9.209  2.165  -14.276  176.58
431  26  GLN  O  -10.281  1.677  -13.906  0.96
432  26  GLN  CB  -7.496  0.801  -13.006  28.33
433  26  GLN  CG  -8.498  -0.124  -12.307  32.57
434  26  GLN  CD  -8.514  -1.56  -12.835  1.34
435  26  GLN  OE1  -8.816  -2.493  -12.088  6.87
436  26  GLN  NE2  -8.204  -1.762  -14.108  112.61
437  26  GLN  H  -6.199  2.326  -14.527  7.33
438  26  GLN  HA  -8.129  0.541  -14.957  4.07
439  26  GLN  HB2  -6.66  0.319  -13.106  1.87
440  26  GLN  HB3  -7.344  1.569  -12.433  1.87
441  26  GLN  HG2  -8.28  -0.152  -11.362  1.33
442  26  GLN  HG3  -9.386  0.251  -12.413  1.52
443  26  GLN  HE21  -8.002  -1.085  -14.598  6.18
444  26  GLN  HE22  -8.217  -2.569  -14.404  5.74
445  27  GLY  N  -9.07  3.45  -14.608  106.22
446  27  GLY  CA  -10.191  4.375  -14.557  45.48
447  27  GLY  C  -10.149  5.24  -13.316  174.38
448  27  GLY  O  -11.188  5.642  -12.789  1.79
449  27  GLY  H  -8.297  3.736  -14.853  7.86
450  27  GLY  HA2  -10.161  4.947  -15.34  4.3
451  27  GLY  HA3  -11.022  3.874  -14.565  3.82
452  28  SER  N  -8.941  5.532  -12.852  115.54
453  28  SER  CA  -8.739  6.298  -11.627  55.91
454  28  SER  C  -7.458  7.125  -11.733  172.87
455  28  SER  O  -6.88  7.239  -12.815  3.95
456  28  SER  CB  -8.676  5.344  -10.427  64.41
457  28  SER  OG  -9.862  4.572  -10.328  7.45
458  28  SER  H  -8.251  5.266  -13.291  8.08
459  28  SER  HA  -9.492  6.9  -11.518  4.78
460  28  SER  HB2  -7.923  4.741  -10.53  3.77
461  28  SER  HB3  -8.569  5.856  -9.61  3.87
462  28  SER  HG  -10.452  4.902  -10.826  120.36
463  29  SER  N  -7.039  7.73  -10.628  115.98
464  29  SER  CA  -5.788  8.477  -10.587  57.97
465  29  SER  C  -4.958  8.037  -9.381  173.84
466  29  SER  O  -5.509  7.717  -8.321  27.93
467  29  SER  CB  -6.072  9.983  -10.532  63.72
468  29  SER  OG  -6.907  10.307  -9.432  6.59
469  29  SER  H  -7.516  7.682  -9.914  8.35
470  29  SER  HA  -5.29  8.278  -11.395  4.39
471  29  SER  HB2  -5.236  10.466  -10.442  3.72
472  29  SER  HB3  -6.515  10.256  -11.351  3.84
473  29  SER  HG  -7.712  10.263  -9.668  1.44
474  30  LEU  N  -3.639  8.001  -9.546  125.24
475  30  LEU  CA  -2.749  7.573  -8.473  55.06
476  30  LEU  C  -2.623  8.665  -7.417  175.43
477  30  LEU  O  -1.774  9.554  -7.522  31.7
478  30  LEU  CB  -1.366  7.196  -9.026  42.74
479  30  LEU  CG  -0.365  6.669  -7.98  50.47
480  30  LEU  CD1  -0.878  5.385  -7.329  26.55
481  30  LEU  CD2  1.003  6.443  -8.613  23.81
482  30  LEU  H  -3.304  8.239  -10.301  8.99
483  30  LEU  HA  -3.143  6.789  -8.06  3.96
484  30  LEU  HB2  -1.485  6.514  -9.706  1.34
485  30  LEU  HB3  -0.98  7.982  -9.444  1.96
486  30  LEU  HG  -0.263  7.333  -7.28  1.31
487  30  LEU  HD11  -1.73  5.557  -6.899  117.68
488  30  LEU  HD12  -0.239  5.081  -6.665  58.5
489  30  LEU  HD13  -0.991  4.699  -8.005  174.65
490  30  LEU  HD21  0.93  5.774  -9.311  4.87
491  30  LEU  HD22  1.626  6.136  -7.936  41.18
492  30  LEU  HD23  1.326  7.274  -8.995  2.88
493  31  LYS  N  -3.498  8.615  -6.421  129.35
494  31  LYS  CA  -3.481  9.578  -5.328  54.24
495  31  LYS  C  -2.91  8.946  -4.063  175.23
496  31  LYS  O  -3.621  8.279  -3.308  118.87
497  31  LYS  CB  -4.893  10.125  -5.069  32.68
498  31  LYS  CG  -5.446  10.955  -6.225  25.54
499  31  LYS  CD  -6.834  11.514  -5.918  28.86
500  31  LYS  CE  -7.316  12.452  -7.019  42.12
501  31  LYS  NZ  -6.42  13.631  -7.174  2.1
502  31  LYS  H  -4.1  8.001  -6.425  8.12
503  31  LYS  HA  -2.906  10.314  -5.59  4.5
504  31  LYS  HB2  -5.494  9.38  -4.915  1.6
505  31  LYS  HB3  -4.873  10.682  -4.275  1.6
506  31  LYS  HG2  -4.842  11.695  -6.396  1.27
507  31  LYS  HG3  -5.499  10.395  -7.015  1.27
508  31  LYS  HD2  -7.46  10.777  -5.836  1.61
509  31  LYS  HD3  -6.799  12.003  -5.081  1.61
510  31  LYS  HE2  -7.345  11.965  -7.857  2.93
511  31  LYS  HE3  -8.208  12.762  -6.797  2.93
512  31  LYS  HZ1  -5.672  13.396  -7.595  30.33
513  31  LYS  HZ2  -6.207  13.965  -6.377  33.98
514  31  LYS  HZ3  -6.827  14.265  -7.647  10.04
515  32  ILE  N  -1.612  9.133  -3.862  126.48
516  32  ILE  CA  -0.942  8.713  -2.636  59.79
517  32  ILE  C  -0.492  9.951  -1.854  174.72
518  32  ILE  O  0.615  10.451  -2.043  4.34
519  32  ILE  CB  0.263  7.771  -2.927  38.01
520  32  ILE  CG1  1.171  8.358  -4.027  2.13
521  32  ILE  CG2  -0.233  6.377  -3.321  18.79
522  32  ILE  CD  2.372  7.494  -4.359  2.31
523  32  ILE  H  -1.149  9.52  -4.475  8.72
524  32  ILE  HA  -1.584  8.225  -2.097  4.01
525  32  ILE  HB  0.777  7.681  -2.109  1.83
526  32  ILE  HG12  0.656  8.469  -4.841  1.76
527  32  ILE  HG13  1.5  9.224  -3.74  1.76
528  32  ILE  HG21  -0.767  6.438  -4.129  3.01
529  32  ILE  HG22  -0.776  6.012  -2.605  28.85
530  32  ILE  HG23  0.526  5.793  -3.478  34.42
531  32  ILE  HD11  2.983  7.37  -3.477  176.8
532  32  ILE  HD12  2.954  7.97  -5.135  65.17
533  32  ILE  HD13  2.037  6.527  -4.704  113.61
534  33  PRO  N  -1.382  10.491  -0.996  8.23
535  33  PRO  CA  -1.136  11.751  -0.276  62.43
536  33  PRO  C  0.003  11.658  0.744  174.4
537  33  PRO  O  0.73  10.656  0.817  2.25
538  33  PRO  CB  -2.478  12.038  0.43  32.6
539  33  PRO  CG  -3.472  11.153  -0.246  2.61
540  33  PRO  CD  -2.703  9.934  -0.666  50.46
541  33  PRO  HA  -0.94  12.47  -0.897  4.41
542  33  PRO  HB2  -2.404  11.828  1.374  1.91
543  33  PRO  HB3  -2.709  12.974  0.322  1.37
544  33  PRO  HG2  -4.18  10.914  0.373  1.08
545  33  PRO  HG3  -3.841  11.603  -1.022  1.08
546  33  PRO  HD2  -2.642  9.3  0.066  3.29
547  33  PRO  HD3  -3.112  9.522  -1.443  3.29
548  34  ASN  N  0.131  12.713  1.546  115.81
549  34  ASN  CA  1.221  12.845  2.499  51.96
550  34  ASN  C  0.692  12.901  3.916  175.76
551  34  ASN  O  -0.463  13.265  4.153  2.09
552  34  ASN  CB  2.035  14.124  2.215  40.25
553  34  ASN  CG  2.534  14.228  0.78  179.22
554  34  ASN  OD1  1.802  14.656  -0.113  7.27
555  34  ASN  ND2  3.792  13.881  0.556  111.09
556  34  ASN  H  -0.455  13.341  1.506  8.27
557  34  ASN  HA  1.796  12.067  2.424  5.15
558  34  ASN  HB2  1.478  14.897  2.396  2.26
559  34  ASN  HB3  2.803  14.146  2.808  2.55
560  34  ASN  HD21  4.267  13.614  1.221  7.23
561  34  ASN  HD22  4.091  13.939  -0.248  6.57
562  35  VAL  N  1.547  12.513  4.843  122.16
563  35  VAL  CA  1.286  12.661  6.26  61.82
564  35  VAL  C  2.608  12.892  6.987  175.51
565  35  VAL  O  3.607  12.239  6.676  173.63
566  35  VAL  CB  0.567  11.421  6.858  34.3
567  35  VAL  CG1  1.456  10.179  6.788  21.55
568  35  VAL  CG2  0.108  11.694  8.292  21.55
569  35  VAL  H  2.289  12.157  4.594  8.9
570  35  VAL  HA  0.718  13.439  6.374  4.16
571  35  VAL  HB  -0.223  11.243  6.324  2.03
572  35  VAL  HG11  1.688  9.999  5.863  178.81
573  35  VAL  HG12  0.981  9.417  7.154  4.24
574  35  VAL  HG13  2.266  10.33  7.3  17.52
575  35  VAL  HG21  -0.347  10.912  8.643  8.43
576  35  VAL  HG22  -0.499  12.45  8.299  3.6
577  35  VAL  HG23  0.878  11.894  8.847  3.43
578  36  GLU  N  2.629  13.844  7.92  126.4
579  36  GLU  CA  3.834  14.132  8.701  57
580  36  GLU  C  4.984  14.595  7.805  175.28
581  36  GLU  O  6.152  14.515  8.189  60.79
582  36  GLU  CB  4.25  12.909  9.526  27.33
583  36  GLU  CG  3.2  12.475  10.543  36.83
584  36  GLU  CD  2.69  13.637  11.384  30.08
585  36  GLU  OE1  3.474  14.181  12.191  28.5
586  36  GLU  OE2  1.513  14.029  11.221  43.54
587  36  GLU  H  1.916  14.301  8.068  9.56
588  36  GLU  HA  3.614  14.855  9.309  3.82
589  36  GLU  HB2  4.418  12.167  8.924  2.14
590  36  GLU  HB3  5.069  13.12  10.001  2.51
591  36  GLU  HG2  2.453  12.077  10.07  2.17
592  36  GLU  HG3  3.593  11.814  11.134  2.37
593  37  ARG  N  4.623  15.095  6.622  107.75
594  37  ARG  CA  5.578  15.579  5.612  57.82
595  37  ARG  C  6.251  14.41  4.894  175.05
596  37  ARG  O  7.256  14.585  4.205  1.74
597  37  ARG  CB  6.643  16.53  6.21  27.52
598  37  ARG  CG  6.105  17.885  6.685  3.11
599  37  ARG  CD  5.29  17.768  7.967  43.1
600  37  ARG  NE  4.822  19.065  8.448  125.54
601  37  ARG  CZ  4.557  19.339  9.727  8.92
602  37  ARG  NH1  4.725  18.412  10.666  5.11
603  37  ARG  NH2  4.13  20.546  10.069  1.46
604  37  ARG  H  3.783  15.134  6.44  8.58
605  37  ARG  HA  5.063  16.072  4.954  3.79
606  37  ARG  HB2  7.062  16.091  6.967  1.83
607  37  ARG  HB3  7.32  16.697  5.536  1.83
608  37  ARG  HG2  6.855  18.479  6.848  1.58
609  37  ARG  HG3  5.544  18.261  5.989  1.58
610  37  ARG  HD2  4.521  17.202  7.797  3.23
611  37  ARG  HD3  5.843  17.359  8.651  3.23
612  37  ARG  HE  4.707  19.683  7.861  177.43
613  37  ARG  HH11  5.003  17.625  10.457  2.94
614  37  ARG  HH12  4.56  18.598  11.489  47.17
615  37  ARG  HH21  4.025  21.154  9.47  122.09
616  37  ARG  HH22  3.952  20.726  10.891  62.62
617  38  ARG  N  5.677  13.221  5.049  117.75
618  38  ARG  CA  6.158  12.026  4.365  54.37
619  38  ARG  C  5.078  11.511  3.414  175.19
620  38  ARG  O  3.949  11.248  3.836  1.87
621  38  ARG  CB  6.517  10.934  5.388  33.62
622  38  ARG  CG  7.173  9.689  4.781  133.37
623  38  ARG  CD  8.684  9.85  4.6  43.93
624  38  ARG  NE  9.039  10.975  3.728  118.56
625  38  ARG  CZ  10.271  11.475  3.612  44.46
626  38  ARG  NH1  11.284  10.935  4.279  110.4
627  38  ARG  NH2  10.484  12.515  2.82  8.34
628  38  ARG  H  4.998  13.152  5.572  7.7
629  38  ARG  HA  6.949  12.261  3.855  4.74
630  38  ARG  HB2  7.126  11.31  6.043  1.93
631  38  ARG  HB3  5.706  10.657  5.842  1.93
632  38  ARG  HG2  7.01  8.934  5.367  1.74
633  38  ARG  HG3  6.77  9.514  3.916  1.74
634  38  ARG  HD2  9.087  9.991  5.471  3.22
635  38  ARG  HD3  9.035  9.032  4.214  3.22
636  38  ARG  HE  8.407  11.334  3.268  122.06
637  38  ARG  HH11  11.156  10.255  4.79  62.11
638  38  ARG  HH12  12.075  11.262  4.199  179.22
639  38  ARG  HH21  9.828  12.862  2.386  4.69
640  38  ARG  HH22  11.274  12.843  2.733  31.5
641  39  ILE  N  5.413  11.399  2.132  122.99
642  39  ILE  CA  4.49  10.851  1.14  61.94
643  39  ILE  C  4.298  9.351  1.367  176.83
644  39  ILE  O  5.196  8.675  1.882  130.95
645  39  ILE  CB  4.995  11.105  -0.308  38.73
646  39  ILE  CG1  3.944  10.655  -1.342  121.26
647  39  ILE  CG2  6.332  10.4  -0.552  17.37
648  39  ILE  CD  4.32  10.959  -2.779  123.03
649  39  ILE  H  6.193  11.658  1.88  8.46
650  39  ILE  HA  3.636  11.297  1.248  4.18
651  39  ILE  HB  5.141  12.059  -0.407  1.77
652  39  ILE  HG12  3.816  9.696  -1.268  1.55
653  39  ILE  HG13  3.104  11.102  -1.154  1.3
654  39  ILE  HG21  6.991  10.723  0.083  7.65
655  39  ILE  HG22  6.638  10.587  -1.453  10.96
656  39  ILE  HG23  6.219  9.443  -0.442  7.34
657  39  ILE  HD11  3.53  10.623  -3.436  7.17
658  39  ILE  HD12  5.237  10.447  -3.029  6.57
659  39  ILE  HD13  4.457  12.024  -2.9  6.96
660  40  LEU  N  3.123  8.837  1.01  128.93
661  40  LEU  CA  2.853  7.409  1.144  55.17
662  40  LEU  C  3.7  6.61  0.147  174.83
663  40  LEU  O  3.302  6.399  -1.001  2.01
664  40  LEU  CB  1.359  7.117  0.939  42.98
665  40  LEU  CG  0.94  5.652  1.155  27.83
666  40  LEU  CD1  1.192  5.219  2.599  26.46
667  40  LEU  CD2  -0.525  5.448  0.774  26.46
668  40  LEU  H  2.511  9.356  0.701  8.24
669  40  LEU  HA  3.103  7.146  2.044  4.26
670  40  LEU  HB2  0.855  7.674  1.553  1.15
671  40  LEU  HB3  1.123  7.37  0.033  1.78
672  40  LEU  HG  1.479  5.085  0.581  1.04
673  40  LEU  HD11  2.136  5.306  2.805  121.73
674  40  LEU  HD12  0.923  4.294  2.711  62.92
675  40  LEU  HD13  0.678  5.779  3.202  176.4
676  40  LEU  HD21  -0.768  4.518  0.907  176.91
677  40  LEU  HD22  -0.653  5.683  -0.158  28.61
678  40  LEU  HD23  -1.087  6.012  1.329  2.31
679  41  ASP  N  4.888  6.202  0.59  126.41
680  41  ASP  CA  5.799  5.412  -0.239  51.94
681  41  ASP  C  5.276  3.98  -0.37  175.52
682  41  ASP  O  5.443  3.151  0.532  8.23
683  41  ASP  CB  7.217  5.428  0.357  39.32
684  41  ASP  CG  8.243  4.718  -0.52  3.86
685  41  ASP  OD1  8.828  5.375  -1.418  3.93
686  41  ASP  OD2  8.468  3.504  -0.316  108.68
687  41  ASP  H  5.129  6.414  1.388  8.99
688  41  ASP  HA  5.823  5.818  -1.12  4.8
689  41  ASP  HB2  7.499  6.349  0.472  2.76
690  41  ASP  HB3  7.2  4.995  1.225  3.21
691  42  LEU  N  4.616  3.711  -1.495  124.45
692  42  LEU  CA  3.958  2.426  -1.738  58
693  42  LEU  C  4.986  1.29  -1.784  177.98
694  42  LEU  O  4.67  0.14  -1.479  62.8
695  42  LEU  CB  3.158  2.502  -3.057  42.91
696  42  LEU  CG  1.863  1.66  -3.12  26.85
697  42  LEU  CD1  1.022  2.06  -4.33  29.62
698  42  LEU  CD2  2.168  0.163  -3.162  37.43
699  42  LEU  H  4.566  4.322  -2.099  7.91
700  42  LEU  HA  3.345  2.264  -1.004  3.97
701  42  LEU  HB2  2.92  3.43  -3.208  1.65
702  42  LEU  HB3  3.738  2.219  -3.781  1.97
703  42  LEU  HG  1.336  1.835  -2.325  1.07
704  42  LEU  HD11  1.528  1.908  -5.144  114.78
705  42  LEU  HD12  0.79  3  -4.266  122.14
706  42  LEU  HD13  0.21  1.529  -4.351  124.67
707  42  LEU  HD21  1.338  -0.333  -3.235  8.46
708  42  LEU  HD22  2.627  -0.097  -2.348  3.58
709  42  LEU  HD23  2.73  -0.034  -3.928  2.2
710  43  TYR  N  6.216  1.629  -2.15  117.21
711  43  TYR  CA  7.302  0.652  -2.253  61.64
712  43  TYR  C  7.475  -0.09  -0.929  177.44
713  43  TYR  O  7.287  -1.311  -0.845  7.44
714  43  TYR  CB  8.627  1.343  -2.61  38.1
715  43  TYR  CG  8.57  2.254  -3.821  7.03
716  43  TYR  CD1  7.792  3.409  -3.817  132.93
717  43  TYR  CD2  9.313  1.973  -4.959  132.93
718  43  TYR  CE1  7.75  4.246  -4.908  59.94
719  43  TYR  CE2  9.28  2.813  -6.052  178.65
720  43  TYR  CZ  8.495  3.946  -6.022  2.37
721  43  TYR  OH  8.458  4.778  -7.113  30.45
722  43  TYR  H  6.378  2.455  -2.327  8.56
723  43  TYR  HA  7.073  0.017  -2.949  3.73
724  43  TYR  HB2  8.914  1.881  -1.855  3.1
725  43  TYR  HB3  9.298  0.663  -2.78  3.1
726  43  TYR  HD1  7.289  3.611  -3.061  6.82
727  43  TYR  HD2  9.833  1.202  -4.982  6.82
728  43  TYR  HE1  7.222  5.011  -4.886  6.69
729  43  TYR  HE2  9.783  2.611  -6.807  6.69
730  43  TYR  HH  8.503  5.578  -6.86  2.02
731  44  SER  N  7.822  0.669  0.105  116.22
732  44  SER  CA  8.059  0.116  1.428  61.74
733  44  SER  C  6.801  -0.56  1.958  175.76
734  44  SER  O  6.864  -1.649  2.525  3.24
735  44  SER  CB  8.525  1.222  2.38  64.22
736  44  SER  OG  9.665  1.886  1.856  7.45
737  44  SER  H  7.909  1.517  -0.011  8.12
738  44  SER  HA  8.759  -0.551  1.348  3.85
739  44  SER  HB2  7.813  1.87  2.498  3.69
740  44  SER  HB3  8.757  0.835  3.238  3.69
741  44  SER  HG  9.418  2.487  1.323  119.42
742  45  LEU  N  5.66  0.078  1.734  120.01
743  45  LEU  CA  4.377  -0.46  2.166  58.76
744  45  LEU  C  4.164  -1.856  1.591  176.76
745  45  LEU  O  3.906  -2.809  2.327  39.9
746  45  LEU  CB  3.234  0.469  1.728  41.61
747  45  LEU  CG  1.813  -0.044  2.027  32.18
748  45  LEU  CD1  1.611  -0.248  3.528  23.88
749  45  LEU  CD2  0.765  0.913  1.46  23.88
750  45  LEU  H  5.679  0.831  1.318  8.4
751  45  LEU  HA  4.388  -0.517  3.134  4.1
752  45  LEU  HB2  3.351  1.323  2.174  1.65
753  45  LEU  HB3  3.308  0.612  0.771  2.32
754  45  LEU  HG  1.694  -0.904  1.595  1.93
755  45  LEU  HD11  1.746  0.593  3.992  179.26
756  45  LEU  HD12  2.248  -0.903  3.855  106.98
757  45  LEU  HD13  0.71  -0.566  3.693  19.09
758  45  LEU  HD21  0.877  1.791  1.857  7.87
759  45  LEU  HD22  -0.122  0.578  1.664  3.63
760  45  LEU  HD23  0.872  0.977  0.498  8.96
761  46  SER  N  4.299  -1.971  0.275  112.21
762  46  SER  CA  4.061  -3.23  -0.414  62.48
763  46  SER  C  5.013  -4.317  0.084  176.7
764  46  SER  O  4.574  -5.409  0.446  58.03
765  46  SER  CB  4.18  -3.048  -1.936  63.96
766  46  SER  OG  5.421  -2.462  -2.298  41.74
767  46  SER  H  4.536  -1.282  -0.181  8.11
768  46  SER  HA  3.153  -3.502  -0.207  4.3
769  46  SER  HB2  4.107  -3.912  -2.371  4.13
770  46  SER  HB3  3.463  -2.473  -2.246  4.13
771  46  SER  HG  5.483  -1.702  -1.947  1.28
772  47  LYS  N  6.314  -4.015  0.143  120.59
773  47  LYS  CA  7.296  -5.029  0.534  58.44
774  47  LYS  C  7.104  -5.449  1.992  179.12
775  47  LYS  O  7.346  -6.606  2.345  3.54
776  47  LYS  CB  8.739  -4.553  0.299  32.22
777  47  LYS  CG  9.119  -3.28  1.047  1.14
778  47  LYS  CD  10.615  -2.96  0.948  0.92
779  47  LYS  CE  11.112  -2.853  -0.497  41.75
780  47  LYS  NZ  11.322  -4.188  -1.126  2.4
781  47  LYS  H  6.576  -3.218  -0.044  7.73
782  47  LYS  HA  7.138  -5.807  -0.023  3.9
783  47  LYS  HB2  9.348  -5.257  0.573  1.48
784  47  LYS  HB3  8.859  -4.392  -0.65  1.66
785  47  LYS  HG2  8.617  -2.538  0.674  1.09
786  47  LYS  HG3  8.884  -3.387  1.982  1.09
787  47  LYS  HD2  10.781  -2.115  1.394  1.47
788  47  LYS  HD3  11.113  -3.66  1.398  1.47
789  47  LYS  HE2  10.457  -2.362  -1.018  2.79
790  47  LYS  HE3  11.953  -2.369  -0.502  2.92
791  47  LYS  HZ1  10.697  -4.344  -1.74  40.55
792  47  LYS  HZ2  11.281  -4.833  -0.514  177.57
793  47  LYS  HZ3  12.12  -4.22  -1.52  31.59
794  48  ILE  N  6.66  -4.518  2.834  120.19
795  48  ILE  CA  6.424  -4.822  4.245  64.06
796  48  ILE  C  5.206  -5.732  4.401  177.54
797  48  ILE  O  5.292  -6.788  5.026  2.73
798  48  ILE  CB  6.244  -3.531  5.089  37.82
799  48  ILE  CG1  7.578  -2.766  5.164  120.6
800  48  ILE  CG2  5.722  -3.857  6.492  19.65
801  48  ILE  CD  7.503  -1.468  5.936  178.54
802  48  ILE  H  6.505  -3.724  2.543  8.67
803  48  ILE  HA  7.205  -5.292  4.578  3.63
804  48  ILE  HB  5.586  -2.973  4.645  1.94
805  48  ILE  HG12  8.243  -3.325  5.595  1.15
806  48  ILE  HG13  7.875  -2.558  4.264  1.59
807  48  ILE  HG21  5.618  -3.038  7.001  179.18
808  48  ILE  HG22  6.351  -4.44  6.946  8.06
809  48  ILE  HG23  4.863  -4.303  6.422  4.01
810  48  ILE  HD11  7.208  -1.67  6.955  2.05
811  48  ILE  HD12  6.777  -0.815  5.473  2.05
812  48  ILE  HD13  8.471  -0.989  5.93  2.42
813  49  VAL  N  4.086  -5.33  3.803  118.73
814  49  VAL  CA  2.846  -6.108  3.868  66.63
815  49  VAL  C  3.063  -7.523  3.32  178.19
816  49  VAL  O  2.592  -8.506  3.901  178.11
817  49  VAL  CB  1.703  -5.414  3.079  30.8
818  49  VAL  CG1  0.441  -6.275  3.067  19.84
819  49  VAL  CG2  1.408  -4.033  3.665  24.37
820  49  VAL  H  4.092  -4.591  3.362  8.03
821  49  VAL  HA  2.581  -6.17  4.799  3.19
822  49  VAL  HB  1.995  -5.296  2.162  2.1
823  49  VAL  HG11  -0.259  -5.822  2.57  8.09
824  49  VAL  HG12  0.142  -6.428  3.977  4.06
825  49  VAL  HG13  0.633  -7.127  2.645  1.77
826  49  VAL  HG21  1.12  -4.126  4.587  1.77
827  49  VAL  HG22  0.707  -3.604  3.15  1.34
828  49  VAL  HG23  2.21  -3.489  3.632  1.41
829  50  VAL  N  3.785  -7.62  2.205  117.99
830  50  VAL  CA  4.102  -8.913  1.606  67.25
831  50  VAL  C  5.005  -9.726  2.535  180.42
832  50  VAL  O  4.794  -10.925  2.727  2.9
833  50  VAL  CB  4.78  -8.753  0.218  31.7
834  50  VAL  CG1  5.243  -10.103  -0.33  7.3
835  50  VAL  CG2  3.828  -8.074  -0.768  44.14
836  50  VAL  H  4.069  -6.902  1.826  7.34
837  50  VAL  HA  3.269  -9.395  1.483  3.5
838  50  VAL  HB  5.56  -8.186  0.324  2.22
839  50  VAL  HG11  5.894  -10.491  0.275  1.71
840  50  VAL  HG12  5.648  -9.979  -1.203  29.01
841  50  VAL  HG13  4.481  -10.699  -0.409  33.99
842  50  VAL  HG21  4.271  -7.963  -1.623  23.73
843  50  VAL  HG22  3.57  -7.205  -0.424  8.19
844  50  VAL  HG23  3.035  -8.62  -0.884  112.14
845  51  GLU  N  5.996  -9.063  3.13  121.48
846  51  GLU  CA  6.918  -9.726  4.052  59.54
847  51  GLU  C  6.168  -10.231  5.288  178.96
848  51  GLU  O  6.535  -11.251  5.878  2.09
849  51  GLU  CB  8.047  -8.77  4.463  30
850  51  GLU  CG  9.148  -9.434  5.283  37.1
851  51  GLU  CD  10.275  -8.478  5.64  7.47
852  51  GLU  OE1  11.085  -8.147  4.745  6.82
853  51  GLU  OE2  10.359  -8.06  6.814  113.74
854  51  GLU  H  6.098  -8.225  2.968  8.32
855  51  GLU  HA  7.302  -10.486  3.588  3.95
856  51  GLU  HB2  8.447  -8.399  3.661  2.11
857  51  GLU  HB3  7.669  -8.047  4.988  2.11
858  51  GLU  HG2  8.76  -9.779  6.103  2.58
859  51  GLU  HG3  9.517  -10.17  4.771  2.58
860  52  GLU  N  5.118  -9.508  5.673  114.38
861  52  GLU  CA  4.254  -9.917  6.78  55.41
862  52  GLU  C  3.553  -11.239  6.452  175.21
863  52  GLU  O  3.282  -12.055  7.341  7.57
864  52  GLU  CB  3.225  -8.818  7.079  28.58
865  52  GLU  CG  3.818  -7.575  7.738  36.02
866  52  GLU  CD  4.423  -7.862  9.105  174.46
867  52  GLU  OE1  3.718  -8.434  9.962  6.69
868  52  GLU  OE2  5.598  -7.497  9.34  8.23
869  52  GLU  H  4.948  -8.772  5.262  8.06
870  52  GLU  HA  4.813  -10.047  7.562  4.23
871  52  GLU  HB2  2.81  -8.546  6.245  2.1
872  52  GLU  HB3  2.539  -9.174  7.665  2.1
873  52  GLU  HG2  4.51  -7.216  7.16  1.77
874  52  GLU  HG3  3.117  -6.913  7.844  2.35
875  53  GLY  N  3.267  -11.445  5.168  104.29
876  53  GLY  CA  2.729  -12.716  4.71  44.83
877  53  GLY  C  1.229  -12.698  4.481  174.89
878  53  GLY  O  0.655  -13.708  4.064  23.56
879  53  GLY  H  3.41  -10.814  4.601  7.46
880  53  GLY  HA2  3.164  -12.952  3.876  3.63
881  53  GLY  HA3  2.934  -13.4  5.367  3.63
882  54  GLY  N  0.581  -11.57  4.757  109.97
883  54  GLY  CA  -0.849  -11.481  4.539  43.86
884  54  GLY  C  -1.432  -10.145  4.949  171.64
885  54  GLY  O  -1.539  -9.851  6.14  178.18
886  54  GLY  H  1.01  -10.895  5.072  8.53
887  54  GLY  HA2  -1.032  -11.628  3.598  3.55
888  54  GLY  HA3  -1.286  -12.179  5.051  4.52
889  55  TYR  N  -1.802  -9.338  3.956  118.55
890  55  TYR  CA  -2.51  -8.078  4.185  62.41
891  55  TYR  C  -3.715  -8.309  5.095  176.49
892  55  TYR  O  -3.885  -7.639  6.122  176.07
893  55  TYR  CB  -2.949  -7.502  2.827  39.54
894  55  TYR  CG  -3.986  -6.395  2.896  38.63
895  55  TYR  CD1  -3.696  -5.178  3.493  131.78
896  55  TYR  CD2  -5.257  -6.572  2.357  131.78
897  55  TYR  CE1  -4.639  -4.17  3.557  133.39
898  55  TYR  CE2  -6.203  -5.568  2.415  118.27
899  55  TYR  CZ  -5.889  -4.37  3.016  118.27
900  55  TYR  OH  -6.833  -3.37  3.08  2.9
901  55  TYR  H  -1.616  -9.565  3.148  8.7
902  55  TYR  HA  -1.899  -7.46  4.615  3.62
903  55  TYR  HB2  -2.17  -7.142  2.375  3.19
904  55  TYR  HB3  -3.316  -8.22  2.289  3.19
905  55  TYR  HD1  -2.85  -5.044  3.856  7
906  55  TYR  HD2  -5.469  -7.382  1.953  7
907  55  TYR  HE1  -4.426  -3.361  3.963  6.83
908  55  TYR  HE2  -7.047  -5.701  2.049  6.83
909  55  TYR  HH  -7.553  -3.694  3.366  6.69
910  56  GLU  N  -4.521  -9.292  4.716  118.35
911  56  GLU  CA  -5.71  -9.669  5.467  60.4
912  56  GLU  C  -5.367  -9.946  6.93  179.08
913  56  GLU  O  -6.083  -9.526  7.844  176.42
914  56  GLU  CB  -6.33  -10.921  4.844  29.04
915  56  GLU  CG  -7.693  -11.275  5.411  33.02
916  56  GLU  CD  -8.771  -10.307  4.966  24.95
917  56  GLU  OE1  -9.062  -10.264  3.755  29.25
918  56  GLU  OE2  -9.342  -9.612  5.83  42.21
919  56  GLU  H  -4.337  -9.722  3.994  9.01
920  56  GLU  HA  -6.346  -8.938  5.419  3.64
921  56  GLU  HB2  -6.424  -10.78  3.889  2.09
922  56  GLU  HB3  -5.734  -11.672  4.992  2.09
923  56  GLU  HG2  -7.934  -12.168  5.118  2.5
924  56  GLU  HG3  -7.638  -11.257  6.379  2.5
925  57  ALA  N  -4.255  -10.646  7.142  122.24
926  57  ALA  CA  -3.836  -11.026  8.484  54.78
927  57  ALA  C  -3.539  -9.787  9.318  179.36
928  57  ALA  O  -4.033  -9.651  10.435  2.92
929  57  ALA  CB  -2.621  -11.946  8.424  17.99
930  57  ALA  H  -3.765  -10.87  6.471  8.23
931  57  ALA  HA  -4.567  -11.512  8.897  3.98
932  57  ALA  HB1  -1.875  -11.475  8.021  1.38
933  57  ALA  HB2  -2.834  -12.727  7.89  121.04
934  57  ALA  HB3  -2.381  -12.226  9.321  55.73
935  58  ILE  N  -2.76  -8.868  8.752  116.8
936  58  ILE  CA  -2.409  -7.629  9.444  64.94
937  58  ILE  C  -3.678  -6.854  9.796  179.5
938  58  ILE  O  -3.756  -6.2  10.84  27.11
939  58  ILE  CB  -1.505  -6.717  8.579  38.05
940  58  ILE  CG1  -0.377  -7.52  7.915  28.41
941  58  ILE  CG2  -0.92  -5.589  9.429  14.76
942  58  ILE  CD  0.428  -6.715  6.915  4.18
943  58  ILE  H  -2.461  -9.005  7.957  7.83
944  58  ILE  HA  -1.936  -7.858  10.259  3.19
945  58  ILE  HB  -2.055  -6.315  7.889  0.84
946  58  ILE  HG12  0.233  -7.844  8.596  1.41
947  58  ILE  HG13  -0.76  -8.278  7.446  1.41
948  58  ILE  HG21  -0.372  -5.965  10.135  4.02
949  58  ILE  HG22  -1.641  -5.072  9.822  3.79
950  58  ILE  HG23  -0.377  -5.011  8.871  122.59
951  58  ILE  HD11  -0.229  -6.321  6.153  58.81
952  58  ILE  HD12  1.168  -7.353  6.454  119.09
953  58  ILE  HD13  0.922  -5.9  7.422  56.81
954  59  CYS  N  -4.669  -6.942  8.91  114.69
955  59  CYS  CA  -5.938  -6.244  9.086  63.63
956  59  CYS  C  -6.724  -6.788  10.278  178.04
957  59  CYS  O  -7.083  -6.034  11.184  36.24
958  59  CYS  CB  -6.767  -6.339  7.801  27.51
959  59  CYS  SG  -5.99  -5.53  6.384  8.6
960  59  CYS  H  -4.554  -7.421  8.205  7.76
961  59  CYS  HA  -5.735  -5.31  9.254  4.2
962  59  CYS  HB2  -6.899  -7.272  7.572  2.94
963  59  CYS  HB3  -7.63  -5.92  7.945  2.94
964  59  CYS  HG  -6.604  -5.843  5.402  1.81
965  60  LYS  N  -6.974  -8.094  10.29  121.73
966  60  LYS  CA  -7.774  -8.71  11.35  59.66
967  60  LYS  C  -6.956  -8.885  12.629  178.05
968  60  LYS  O  -7.512  -9.094  13.711  56.34
969  60  LYS  CB  -8.356  -10.054  10.879  32.43
970  60  LYS  CG  -9.726  -9.931  10.207  57.07
971  60  LYS  CD  -9.691  -9.031  8.971  29.96
972  60  LYS  CE  -11.089  -8.786  8.406  41.79
973  60  LYS  NZ  -11.048  -8.006  7.14  57.86
974  60  LYS  H  -6.654  -8.59  9.665  8.35
975  60  LYS  HA  -8.509  -8.108  11.545  3.97
976  60  LYS  HB2  -7.741  -10.454  10.244  1.87
977  60  LYS  HB3  -8.446  -10.645  11.643  1.87
978  60  LYS  HG2  -10.023  -10.815  9.94  1.46
979  60  LYS  HG3  -10.354  -9.562  10.848  1.46
980  60  LYS  HD2  -9.298  -8.178  9.212  1.68
981  60  LYS  HD3  -9.147  -9.455  8.289  1.68
982  60  LYS  HE2  -11.512  -9.641  8.232  2.96
983  60  LYS  HE3  -11.61  -8.296  9.061  2.96
984  60  LYS  HZ1  -11.835  -7.619  6.989  51.4
985  60  LYS  HZ2  -10.857  -8.542  6.455  177.32
986  60  LYS  HZ3  -10.422  -7.375  7.184  4.06
987  61  ASP  N  -5.636  -8.8  12.504  115.56
988  61  ASP  CA  -4.753  -8.867  13.669  54.14
989  61  ASP  C  -4.388  -7.451  14.127  174.92
990  61  ASP  O  -3.757  -7.265  15.172  114.86
991  61  ASP  CB  -3.492  -9.689  13.346  40.89
992  61  ASP  CG  -2.753  -10.169  14.589  175.3
993  61  ASP  OD1  -3.417  -10.461  15.609  120.81
994  61  ASP  OD2  -1.509  -10.274  14.547  55.05
995  61  ASP  H  -5.292  -8.715  11.72  8.16
996  61  ASP  HA  -5.239  -9.305  14.385  4.62
997  61  ASP  HB2  -3.749  -10.469  12.83  2.48
998  61  ASP  HB3  -2.886  -9.147  12.817  2.73
999  62  ARG  N  -4.787  -6.456  13.317  116.6
1000  62  ARG  CA  -4.682  -5.039  13.683  57.25
1001  62  ARG  C  -3.218  -4.633  13.91  177.57
1002  62  ARG  O  -2.91  -3.74  14.702  8.54
1003  62  ARG  CB  -5.553  -4.775  14.926  26.41
1004  62  ARG  CG  -5.61  -3.319  15.385  1.99
1005  62  ARG  CD  -6.599  -3.137  16.53  43.68
1006  62  ARG  NE  -6.441  -4.165  17.56  2.17
1007  62  ARG  CZ  -7.242  -4.301  18.616  1.86
1008  62  ARG  NH1  -8.21  -3.419  18.846  1.71
1009  62  ARG  NH2  -7.064  -5.321  19.447  1.72
1010  62  ARG  H  -5.117  -6.659  12.549  7.66
1011  62  ARG  HA  -5.031  -4.521  12.941  4.15
1012  62  ARG  HB2  -6.459  -5.062  14.733  1.97
1013  62  ARG  HB3  -5.21  -5.309  15.66  2.22
1014  62  ARG  HG2  -4.729  -3.047  15.686  1.7
1015  62  ARG  HG3  -5.884  -2.763  14.639  1.7
1016  62  ARG  HD2  -6.455  -2.266  16.932  3.29
1017  62  ARG  HD3  -7.5  -3.183  16.175  3.29
1018  62  ARG  HE  -5.802  -4.731  17.455  58.03
1019  62  ARG  HH11  -8.326  -2.753  18.314  173.82
1020  62  ARG  HH12  -8.72  -3.508  19.533  8.99
1021  62  ARG  HH21  -6.433  -5.888  19.306  36.64
1022  62  ARG  HH22  -7.585  -5.426  20.123  21.4
1023  63  ARG  N  -2.314  -5.258  13.166  115.68
1024  63  ARG  CA  -0.881  -5.019  13.344  55.59
1025  63  ARG  C  -0.404  -3.797  12.565  177.45
1026  63  ARG  O  0.789  -3.489  12.556  1.97
1027  63  ARG  CB  -0.073  -6.27  12.962  26.34
1028  63  ARG  CG  0.466  -7.025  14.174  29.24
1029  63  ARG  CD  -0.628  -7.324  15.189  36.23
1030  63  ARG  NE  -0.083  -7.8  16.457  120.08
1031  63  ARG  CZ  -0.799  -7.936  17.571  174.81
1032  63  ARG  NH1  -2.112  -7.728  17.558  3.73
1033  63  ARG  NH2  -0.198  -8.301  18.694  111.48
1034  63  ARG  H  -2.577  -5.811  12.562  8.3
1035  63  ARG  HA  -0.739  -4.839  14.287  4.24
1036  63  ARG  HB2  -0.641  -6.871  12.455  2.07
1037  63  ARG  HB3  0.68  -6.008  12.41  2.07
1038  63  ARG  HG2  0.854  -7.863  13.876  24.14
1039  63  ARG  HG3  1.151  -6.486  14.599  16.73
1040  63  ARG  HD2  -1.136  -6.514  15.352  2.29
1041  63  ARG  HD3  -1.215  -8.004  14.823  2.29
1042  63  ARG  HE  0.758  -7.98  16.481  5.01
1043  63  ARG  HH11  -2.509  -7.506  16.828  2.1
1044  63  ARG  HH12  -2.568  -7.813  18.282  1.75
1045  63  ARG  HH21  0.649  -8.449  18.7  1.44
1046  63  ARG  HH22  -0.649  -8.383  19.422  178.08
1047  64  TRP  N  -1.338  -3.079  11.948  120.87
1048  64  TRP  CA  -1.011  -1.851  11.224  61.9
1049  64  TRP  C  -0.355  -0.829  12.151  178.54
1050  64  TRP  O  0.277  0.12  11.691  179.94
1051  64  TRP  CB  -2.265  -1.254  10.572  26.9
1052  64  TRP  CG  -2.852  -2.132  9.505  119.87
1053  64  TRP  CD1  -4.092  -2.707  9.498  125.63
1054  64  TRP  CD2  -2.211  -2.547  8.291  175.04
1055  64  TRP  NE1  -4.261  -3.444  8.352  128.84
1056  64  TRP  CE2  -3.122  -3.362  7.599  38.91
1057  64  TRP  CE3  -0.954  -2.306  7.72  120.13
1058  64  TRP  CZ2  -2.819  -3.936  6.371  113.22
1059  64  TRP  CZ3  -0.657  -2.877  6.5  121.01
1060  64  TRP  CH2  -1.586  -3.684  5.836  123.51
1061  64  TRP  H  -2.155  -3.348  11.972  8.16
1062  64  TRP  HA  -0.378  -2.082  10.526  3.84
1063  64  TRP  HB2  -2.942  -1.115  11.253  3.18
1064  64  TRP  HB3  -2.041  -0.401  10.168  3.18
1065  64  TRP  HD1  -4.722  -2.604  10.174  7.45
1066  64  TRP  HE1  -4.967  -3.887  8.141  9.45
1067  64  TRP  HE3  -0.323  -1.773  8.148  7.41
1068  64  TRP  HZ2  -3.427  -4.475  5.919  7.28
1069  64  TRP  HZ3  0.173  -2.727  6.108  6.65
1070  64  TRP  HH2  -1.349  -4.053  5.016  6.6
1071  65  ALA  N  -0.509  -1.036  13.457  120.94
1072  65  ALA  CA  0.147  -0.201  14.454  55.18
1073  65  ALA  C  1.668  -0.307  14.325  180.66
1074  65  ALA  O  2.352  0.684  14.046  116.9
1075  65  ALA  CB  -0.304  -0.598  15.856  17.99
1076  65  ALA  H  -1.014  -1.681  13.719  8.95
1077  65  ALA  HA  -0.12  0.718  14.298  4.29
1078  65  ALA  HB1  -0.05  -1.518  16.031  8.66
1079  65  ALA  HB2  -1.268  -0.512  15.923  3.16
1080  65  ALA  HB3  0.117  -0.018  16.51  2.63
1081  66  ARG  N  2.193  -1.52  14.516  119.3
1082  66  ARG  CA  3.634  -1.751  14.426  57.74
1083  66  ARG  C  4.129  -1.484  13.007  178.35
1084  66  ARG  O  5.253  -1.028  12.816  6.67
1085  66  ARG  CB  4.014  -3.177  14.867  28.96
1086  66  ARG  CG  3.323  -4.285  14.077  9.82
1087  66  ARG  CD  3.931  -5.656  14.361  117.81
1088  66  ARG  NE  5.292  -5.771  13.829  59.57
1089  66  ARG  CZ  5.616  -6.493  12.751  179.96
1090  66  ARG  NH1  4.686  -7.191  12.113  124.14
1091  66  ARG  NH2  6.869  -6.527  12.319  28.44
1092  66  ARG  H  1.671  -2.18  14.693  7.47
1093  66  ARG  HA  4.065  -1.118  15.022  4.22
1094  66  ARG  HB2  4.973  -3.288  14.769  2.01
1095  66  ARG  HB3  3.784  -3.284  15.803  2.01
1096  66  ARG  HG2  2.383  -4.303  14.317  1.74
1097  66  ARG  HG3  3.409  -4.095  13.13  1.74
1098  66  ARG  HD2  3.955  -5.795  15.321  3.09
1099  66  ARG  HD3  3.372  -6.336  13.953  3.36
1100  66  ARG  HE  5.912  -5.34  14.24  2.29
1101  66  ARG  HH11  3.873  -7.19  12.392  2.29
1102  66  ARG  HH12  4.887  -7.64  11.408  121.63
1103  66  ARG  HH21  7.483  -6.087  12.731  58.62
1104  66  ARG  HH22  7.072  -6.99  11.623  177.56
1105  67  VAL  N  3.277  -1.754  12.017  119.35
1106  67  VAL  CA  3.614  -1.481  10.621  66.59
1107  67  VAL  C  3.848  0.017  10.419  177.02
1108  67  VAL  O  4.883  0.426  9.896  56.84
1109  67  VAL  CB  2.51  -1.979  9.651  30.98
1110  67  VAL  CG1  2.839  -1.603  8.204  22.09
1111  67  VAL  CG2  2.319  -3.491  9.786  20.95
1112  67  VAL  H  2.512  -2.099  12.205  7.13
1113  67  VAL  HA  4.435  -1.955  10.417  3.3
1114  67  VAL  HB  1.676  -1.546  9.892  2.57
1115  67  VAL  HG11  2.134  -1.919  7.618  2.38
1116  67  VAL  HG12  3.681  -2.009  7.945  2.27
1117  67  VAL  HG13  2.912  -0.639  8.128  121.48
1118  67  VAL  HG21  2.074  -3.706  10.7  60
1119  67  VAL  HG22  3.146  -3.945  9.56  175.95
1120  67  VAL  HG23  1.615  -3.785  9.186  8.51
1121  68  ALA  N  2.897  0.834  10.866  117.62
1122  68  ALA  CA  3.022  2.288  10.766  55.47
1123  68  ALA  C  4.295  2.763  11.468  179.04
1124  68  ALA  O  5.024  3.617  10.958  130.99
1125  68  ALA  CB  1.795  2.974  11.359  17.93
1126  68  ALA  H  2.191  0.5  11.225  7.75
1127  68  ALA  HA  3.074  2.519  9.825  4.08
1128  68  ALA  HB1  1.723  2.754  12.301  8.67
1129  68  ALA  HB2  0.999  2.67  10.897  3.93
1130  68  ALA  HB3  1.878  3.935  11.258  3.41
1131  69  GLN  N  4.562  2.184  12.634  117.87
1132  69  GLN  CA  5.768  2.505  13.398  59.17
1133  69  GLN  C  7.014  1.946  12.702  181.05
1134  69  GLN  O  8.125  2.449  12.892  63.68
1135  69  GLN  CB  5.643  1.952  14.823  29.12
1136  69  GLN  CG  4.44  2.509  15.578  33.9
1137  69  GLN  CD  4.226  1.846  16.927  118.67
1138  69  GLN  OE1  4.736  2.304  17.949  61.18
1139  69  GLN  NE2  3.468  0.763  16.937  112.62
1140  69  GLN  H  4.008  1.607  12.949  7.98
1141  69  GLN  HA  5.843  3.471  13.44  4.31
1142  69  GLN  HB2  5.556  0.987  14.779  2.29
1143  69  GLN  HB3  6.445  2.175  15.32  2.29
1144  69  GLN  HG2  4.574  3.459  15.721  2.58
1145  69  GLN  HG3  3.645  2.377  15.038  2.58
1146  69  GLN  HE21  3.139  0.493  16.19  7.54
1147  69  GLN  HE22  3.329  0.368  17.688  6.86
1148  70  ARG  N  6.816  0.914  11.882  119.69
1149  70  ARG  CA  7.903  0.307  11.108  58.82
1150  70  ARG  C  8.284  1.241  9.956  177.53
1151  70  ARG  O  9.443  1.298  9.548  1.12
1152  70  ARG  CB  7.469  -1.08  10.585  29.67
1153  70  ARG  CG  8.606  -2.088  10.384  1.55
1154  70  ARG  CD  9.488  -1.766  9.181  42.89
1155  70  ARG  NE  10.517  -2.792  8.979  2.15
1156  70  ARG  CZ  11.038  -3.122  7.794  32.93
1157  70  ARG  NH1  10.648  -2.499  6.687  3.87
1158  70  ARG  NH2  11.953  -4.077  7.719  28.13
1159  70  ARG  H  6.024  0.587  11.809  8.37
1160  70  ARG  HA  8.668  0.205  11.696  4.15
1161  70  ARG  HB2  6.843  -1.463  11.219  1.99
1162  70  ARG  HB3  7.013  -0.963  9.737  1.99
1163  70  ARG  HG2  9.162  -2.093  11.179  1.64
1164  70  ARG  HG3  8.22  -2.969  10.26  1.64
1165  70  ARG  HD2  8.931  -1.715  8.388  2.96
1166  70  ARG  HD3  9.921  -0.91  9.327  3.23
1167  70  ARG  HE  10.794  -3.207  9.679  0.43
1168  70  ARG  HH11  10.058  -1.874  6.727  7.41
1169  70  ARG  HH12  10.979  -2.725  5.926  3.98
1170  70  ARG  HH21  12.213  -4.484  8.431  1.95
1171  70  ARG  HH22  12.293  -4.294  6.959  1.82
1172  71  LEU  N  7.293  1.976  9.441  118.23
1173  71  LEU  CA  7.542  3.033  8.454  54.78
1174  71  LEU  C  8.049  4.299  9.147  175.07
1175  71  LEU  O  8.237  5.338  8.509  1.6
1176  71  LEU  CB  6.277  3.358  7.647  42.56
1177  71  LEU  CG  5.912  2.365  6.523  2.89
1178  71  LEU  CD1  5.466  1.023  7.089  38.59
1179  71  LEU  CD2  4.831  2.947  5.613  55.66
1180  71  LEU  H  6.485  1.82  9.691  7.41
1181  71  LEU  HA  8.23  2.717  7.848  4.34
1182  71  LEU  HB2  5.533  3.405  8.267  1.89
1183  71  LEU  HB3  6.395  4.234  7.248  1.89
1184  71  LEU  HG  6.7  2.205  5.98  1.77
1185  71  LEU  HD11  4.674  1.146  7.636  17.79
1186  71  LEU  HD12  6.177  0.648  7.632  8.41
1187  71  LEU  HD13  5.263  0.415  6.361  3.73
1188  71  LEU  HD21  4.028  3.119  6.129  3.48
1189  71  LEU  HD22  4.631  2.316  4.904  7.34
1190  71  LEU  HD23  5.149  3.777  5.224  7.34
1191  72  ASN  N  8.236  4.199  10.464  112.3
1192  72  ASN  CA  8.862  5.25  11.271  57.76
1193  72  ASN  C  7.936  6.453  11.442  174.72
1194  72  ASN  O  8.395  7.588  11.617  111.74
1195  72  ASN  CB  10.212  5.683  10.664  36.28
1196  72  ASN  CG  11.12  4.511  10.308  26.05
1197  72  ASN  OD1  11.994  4.631  9.448  26.66
1198  72  ASN  ND2  10.901  3.36  10.932  111.53
1199  72  ASN  H  7.971  3.483  10.86  8.04
1200  72  ASN  HA  9.028  4.874  12.15  4.39
1201  72  ASN  HB2  10.046  6.19  9.854  2.78
1202  72  ASN  HB3  10.678  6.248  11.3  3.02
1203  72  ASN  HD21  10.261  3.32  11.505  6.71
1204  72  ASN  HD22  11.4  2.689  10.731  6.71
1205  73  TYR  N  6.629  6.199  11.414  116.82
1206  73  TYR  CA  5.643  7.238  11.693  56.97
1207  73  TYR  C  5.619  7.554  13.193  173.87
1208  73  TYR  O  5.993  6.71  14.014  37.9
1209  73  TYR  CB  4.244  6.81  11.218  37.79
1210  73  TYR  CG  4.07  6.832  9.708  119.55
1211  73  TYR  CD1  4.254  8.009  8.989  60.11
1212  73  TYR  CD2  3.709  5.686  9.006  178.25
1213  73  TYR  CE1  4.086  8.042  7.618  112.99
1214  73  TYR  CE2  3.541  5.713  7.634  29.23
1215  73  TYR  CZ  3.73  6.892  6.945  36.18
1216  73  TYR  OH  3.559  6.92  5.578  1.92
1217  73  TYR  H  6.36  5.403  11.231  7.87
1218  73  TYR  HA  5.91  8.036  11.211  4.87
1219  73  TYR  HB2  4.069  5.907  11.526  2.57
1220  73  TYR  HB3  3.582  7.407  11.601  3.05
1221  73  TYR  HD1  4.494  8.784  9.444  7.18
1222  73  TYR  HD2  3.58  4.891  9.472  7.18
1223  73  TYR  HE1  4.213  8.838  7.155  6.79
1224  73  TYR  HE2  3.301  4.937  7.181  6.79
1225  73  TYR  HH  4.176  7.369  5.227  118.09
1226  74  PRO  N  5.205  8.785  13.564  58.62
1227  74  PRO  CA  5.11  9.208  14.972  179.13
1228  74  PRO  C  4.217  8.282  15.81  21.5
1229  74  PRO  O  3.328  7.609  15.277  29.02
1230  74  PRO  CB  4.5  10.618  14.884  35.63
1231  74  PRO  CG  4.863  11.094  13.521  2.04
1232  74  PRO  CD  4.818  9.873  12.644  50.51
1233  74  PRO  HA  5.988  9.259  15.381  117.47
1234  74  PRO  HB2  3.538  10.57  15  2.44
1235  74  PRO  HB3  4.884  11.185  15.571  2.44
1236  74  PRO  HG2  4.22  11.754  13.218  2.15
1237  74  PRO  HG3  5.757  11.471  13.529  2.15
1238  74  PRO  HD2  3.922  9.733  12.3  4.08
1239  74  PRO  HD3  5.453  9.953  11.915  4.08
1240  75  PRO  N  4.454  8.238  17.137  116.2
1241  75  PRO  CA  3.671  7.404  18.063  62.37
1242  75  PRO  C  2.173  7.728  18.026  177.41
1243  75  PRO  O  1.762  8.768  17.506  3.84
1244  75  PRO  CB  4.265  7.741  19.441  32.21
1245  75  PRO  CG  5.631  8.261  19.149  26.23
1246  75  PRO  CD  5.513  8.989  17.841  26.88
1247  75  PRO  HA  3.797  6.46  17.877  4.63
1248  75  PRO  HB2  3.718  8.411  19.88  2.07
1249  75  PRO  HB3  4.3  6.94  19.987  2.26
1250  75  PRO  HG2  5.913  8.868  19.851  1.93
1251  75  PRO  HG3  6.257  7.524  19.07  1.24
1252  75  PRO  HD2  5.248  9.911  17.985  3.75
1253  75  PRO  HD3  6.35  8.949  17.352  3.75
1254  76  GLY  N  1.365  6.829  18.583  105.57
1255  76  GLY  CA  -0.078  7.019  18.605  46.05
1256  76  GLY  C  -0.777  6.156  17.574  174.93
1257  76  GLY  O  -1.997  6.01  17.606  7.85
1258  76  GLY  H  1.704  6.12  18.933  8.37
1259  76  GLY  HA2  -0.41  6.787  19.486  4.06
1260  76  GLY  HA3  -0.284  7.95  18.426  4.56
1261  77  LYS  N  0.017  5.615  16.643  118.98
1262  77  LYS  CA  -0.439  4.688  15.588  56.32
1263  77  LYS  C  -1.697  5.186  14.855  176.6
1264  77  LYS  O  -2.358  4.418  14.151  8.32
1265  77  LYS  CB  -0.641  3.245  16.127  33.04
1266  77  LYS  CG  -1.959  2.972  16.872  121.84
1267  77  LYS  CD  -1.85  3.161  18.387  52.75
1268  77  LYS  CE  -0.865  2.19  19.029  41.91
1269  77  LYS  NZ  -0.84  2.338  20.509  105.33
1270  77  LYS  H  0.852  5.819  16.664  8.63
1271  77  LYS  HA  0.276  4.659  14.933  4.43
1272  77  LYS  HB2  -0.597  2.632  15.376  1.57
1273  77  LYS  HB3  0.093  3.041  16.728  2
1274  77  LYS  HG2  -2.638  3.577  16.535  1.44
1275  77  LYS  HG3  -2.232  2.059  16.691  1.44
1276  77  LYS  HD2  -1.556  4.067  18.569  1.67
1277  77  LYS  HD3  -2.726  3.025  18.781  1.67
1278  77  LYS  HE2  -1.125  1.282  18.806  3
1279  77  LYS  HE3  0.023  2.366  18.681  3
1280  77  LYS  HZ1  -0.284  1.745  20.87  174.58
1281  77  LYS  HZ2  -1.654  2.204  20.844  180.74
1282  77  LYS  HZ3  -0.571  3.157  20.732  39.4
1283  78  ASN  N  -1.992  6.479  14.975  116.26
1284  78  ASN  CA  -3.197  7.062  14.378  53.98
1285  78  ASN  C  -3.097  7.101  12.856  176.55
1286  78  ASN  O  -4.105  7.228  12.163  41.5
1287  78  ASN  CB  -3.443  8.477  14.926  37.71
1288  78  ASN  CG  -3.822  8.481  16.398  25.16
1289  78  ASN  OD1  -4.438  7.538  16.898  29.15
1290  78  ASN  ND2  -3.46  9.541  17.101  113.2
1291  78  ASN  H  -1.461  6.988  15.42  8.87
1292  78  ASN  HA  -3.948  6.499  14.622  4.65
1293  78  ASN  HB2  -2.635  9.003  14.817  2.74
1294  78  ASN  HB3  -4.162  8.891  14.425  3.08
1295  78  ASN  HD21  -3.032  10.17  16.699  7.63
1296  78  ASN  HD22  -3.671  9.566  17.934  6.96
1297  79  ILE  N  -1.877  6.972  12.342  119.07
1298  79  ILE  CA  -1.636  7.007  10.898  63.49
1299  79  ILE  C  -2.149  5.715  10.243  177.6
1300  79  ILE  O  -2.312  5.639  9.024  3.07
1301  79  ILE  CB  -0.122  7.213  10.563  37.03
1302  79  ILE  CG1  0.431  8.503  11.217  122.56
1303  79  ILE  CG2  0.103  7.264  9.048  17.85
1304  79  ILE  CD  0.671  8.405  12.714  119.56
1305  79  ILE  H  -1.211  6.858  12.875  8.01
1306  79  ILE  HA  -2.132  7.757  10.534  3.72
1307  79  ILE  HB  0.368  6.451  10.91  1.76
1308  79  ILE  HG12  1.279  8.729  10.804  1.43
1309  79  ILE  HG13  -0.196  9.227  11.065  1.43
1310  79  ILE  HG21  1.051  7.356  8.863  26.94
1311  79  ILE  HG22  -0.372  8.022  8.672  40.85
1312  79  ILE  HG23  -0.225  6.446  8.644  83.4
1313  79  ILE  HD11  1.387  7.622  12.915  117.14
1314  79  ILE  HD12  -0.26  8.18  13.215  57
1315  79  ILE  HD13  1.056  9.346  13.078  176.32
1316  80  GLY  N  -2.433  4.71  11.073  109.72
1317  80  GLY  CA  -2.902  3.426  10.577  48.03
1318  80  GLY  C  -4.209  3.534  9.807  174.86
1319  80  GLY  O  -4.372  2.908  8.758  1.54
1320  80  GLY  H  -2.344  4.829  11.92  9.06
1321  80  GLY  HA2  -2.224  3.048  9.995  3.74
1322  80  GLY  HA3  -3.032  2.829  11.331  3.74
1323  81  SER  N  -5.139  4.332  10.327  114.73
1324  81  SER  CA  -6.433  4.541  9.678  61.01
1325  81  SER  C  -6.236  5.209  8.315  176.68
1326  81  SER  O  -6.876  4.839  7.327  53.54
1327  81  SER  CB  -7.347  5.391  10.574  62.61
1328  81  SER  OG  -8.662  5.469  10.047  112.29
1329  81  SER  H  -4.979  4.727  11.074  7.46
1330  81  SER  HA  -6.842  3.672  9.544  3.9
1331  81  SER  HB2  -7.391  4.991  11.457  3.81
1332  81  SER  HB3  -6.984  6.288  10.644  3.81
1333  81  SER  HG  -8.9  6.274  10.01  38.51
1334  82  LEU  N  -5.339  6.193  8.277  123.65
1335  82  LEU  CA  -4.941  6.848  7.03  57.37
1336  82  LEU  C  -4.459  5.807  6.02  178.65
1337  82  LEU  O  -4.893  5.787  4.859  130.94
1338  82  LEU  CB  -3.811  7.85  7.309  42.05
1339  82  LEU  CG  -3.162  8.492  6.068  128.5
1340  82  LEU  CD1  -3.981  9.668  5.549  7.81
1341  82  LEU  CD2  -1.735  8.922  6.37  4.79
1342  82  LEU  H  -4.985  6.46  9.014  7.37
1343  82  LEU  HA  -5.709  7.318  6.67  3.95
1344  82  LEU  HB2  -4.165  8.558  7.869  1.61
1345  82  LEU  HB3  -3.118  7.388  7.807  1.8
1346  82  LEU  HG  -3.123  7.831  5.359  7.05
1347  82  LEU  HD11  -4.079  10.333  6.249  7.05
1348  82  LEU  HD12  -4.857  9.358  5.27  7.01
1349  82  LEU  HD13  -3.523  10.065  4.792  121.63
1350  82  LEU  HD21  -1.336  9.305  5.573  57.75
1351  82  LEU  HD22  -1.217  8.151  6.649  177.8
1352  82  LEU  HD23  -1.737  9.583  7.08  172.33
1353  83  LEU  N  -3.559  4.945  6.486  116.84
1354  83  LEU  CA  -2.977  3.896  5.661  57.93
1355  83  LEU  C  -4.07  2.987  5.106  177.98
1356  83  LEU  O  -4.129  2.744  3.9  41.85
1357  83  LEU  CB  -1.965  3.083  6.481  40.93
1358  83  LEU  CG  -1.285  1.931  5.729  7.88
1359  83  LEU  CD1  -0.506  2.463  4.53  4.28
1360  83  LEU  CD2  -0.371  1.138  6.664  1.81
1361  83  LEU  H  -3.312  5.008  7.307  8.33
1362  83  LEU  HA  -2.515  4.32  4.921  3.92
1363  83  LEU  HB2  -1.276  3.689  6.797  1.41
1364  83  LEU  HB3  -2.424  2.713  7.251  2.2
1365  83  LEU  HG  -1.968  1.329  5.394  1.73
1366  83  LEU  HD11  -1.113  2.924  3.93  3.06
1367  83  LEU  HD12  -0.089  1.724  4.06  3.06
1368  83  LEU  HD13  0.178  3.08  4.833  37.8
1369  83  LEU  HD21  0.313  1.723  7.026  121.74
1370  83  LEU  HD22  0.05  0.416  6.171  60.47
1371  83  LEU  HD23  -0.896  0.766  7.39  111.56
1372  84  ARG  N  -4.94  2.509  5.993  118.97
1373  84  ARG  CA  -6.078  1.678  5.599  58.98
1374  84  ARG  C  -6.904  2.365  4.519  177.58
1375  84  ARG  O  -7.126  1.809  3.447  8.93
1376  84  ARG  CB  -6.969  1.368  6.815  28.45
1377  84  ARG  CG  -6.529  0.149  7.616  3.82
1378  84  ARG  CD  -6.704  -1.14  6.818  43.71
1379  84  ARG  NE  -8.091  -1.331  6.369  54.62
1380  84  ARG  CZ  -8.647  -2.523  6.132  176.47
1381  84  ARG  NH1  -7.944  -3.63  6.301  121.15
1382  84  ARG  NH2  -9.904  -2.607  5.712  34.9
1383  84  ARG  H  -4.83  2.696  6.825  7.65
1384  84  ARG  HA  -5.728  0.846  5.243  2.23
1385  84  ARG  HB2  -6.965  2.136  7.407  1.21
1386  84  ARG  HB3  -7.876  1.215  6.508  1.21
1387  84  ARG  HG2  -5.594  0.248  7.854  0.74
1388  84  ARG  HG3  -7.063  0.094  8.424  1.08
1389  84  ARG  HD2  -6.125  -1.109  6.04  2.7
1390  84  ARG  HD3  -6.447  -1.889  7.378  2.7
1391  84  ARG  HE  -8.565  -0.625  6.243  1.44
1392  84  ARG  HH11  -7.126  -3.592  6.564  1.43
1393  84  ARG  HH12  -8.298  -4.395  6.131  1.43
1394  84  ARG  HH21  -10.37  -1.895  5.59  1.34
1395  84  ARG  HH22  -10.253  -3.376  5.551  2.95
1396  85  SER  N  -7.329  3.589  4.802  112.31
1397  85  SER  CA  -8.203  4.333  3.904  61.24
1398  85  SER  C  -7.582  4.479  2.513  177.22
1399  85  SER  O  -8.278  4.36  1.5  127.75
1400  85  SER  CB  -8.518  5.707  4.505  62.67
1401  85  SER  OG  -9.088  5.57  5.798  57.7
1402  85  SER  H  -7.083  3.953  5.541  7.29
1403  85  SER  HA  -9.029  3.831  3.819  4.19
1404  85  SER  HB2  -7.7  6.224  4.578  3.76
1405  85  SER  HB3  -9.148  6.174  3.934  3.76
1406  85  SER  HG  -8.51  5.751  6.38  8.91
1407  86  HSE  N  -6.272  4.715  2.466  118.64
1408  86  HSE  CA  -5.568  4.852  1.192  58.77
1409  86  HSE  C  -5.376  3.491  0.532  178.53
1410  86  HSE  O  -5.48  3.367  -0.688  22.2
1411  86  HSE  CB  -4.208  5.544  1.382  30.98
1412  86  HSE  CG  -4.292  6.982  1.813  60.46
1413  86  HSE  ND1  -5.422  7.76  1.657  178.49
1414  86  HSE  CD2  -3.366  7.789  2.39  117.04
1415  86  HSE  CE1  -5.188  8.975  2.117  139.17
1416  86  HSE  NE2  -3.949  9.019  2.566  24.49
1417  86  HSE  H  -5.768  4.793  3.307  8.16
1418  86  HSE  HA  -6.183  5.457  0.539  4.78
1419  86  HSE  HB2  -3.645  5.01  2.134  2.7
1420  86  HSE  HB3  -3.662  5.512  0.448  2.93
1421  86  HSE  HD1  -6.274  7.466  1.264  3.87
1422  86  HSE  HD2  -2.357  7.513  2.66  6.34
1423  86  HSE  HE1  -5.891  9.794  2.124  7.73
1424  86  HSE  HE2  -3.498  9.824  2.913  1.48
1425  87  TYR  N  -5.115  2.47  1.339  120.01
1426  87  TYR  CA  -4.899  1.128  0.815  63.39
1427  87  TYR  C  -6.18  0.636  0.15  178.52
1428  87  TYR  O  -6.179  0.273  -1.023  2.93
1429  87  TYR  CB  -4.469  0.163  1.936  39.3
1430  87  TYR  CG  -3.833  -1.128  1.434  1.27
1431  87  TYR  CD1  -4.57  -2.07  0.718  133.53
1432  87  TYR  CD2  -2.488  -1.399  1.672  133.53
1433  87  TYR  CE1  -3.987  -3.236  0.259  117.62
1434  87  TYR  CE2  -1.899  -2.564  1.214  60.13
1435  87  TYR  CZ  -2.653  -3.479  0.509  179.09
1436  87  TYR  OH  -2.072  -4.638  0.046  4.08
1437  87  TYR  H  -5.083  2.601  2.188  9.18
1438  87  TYR  HA  -4.196  1.177  0.149  3.91
1439  87  TYR  HB2  -3.823  0.61  2.506  3.48
1440  87  TYR  HB3  -5.245  -0.074  2.468  3.48
1441  87  TYR  HD1  -5.47  -1.908  0.549  6.94
1442  87  TYR  HD2  -1.98  -0.782  2.148  6.94
1443  87  TYR  HE1  -4.495  -3.853  -0.217  6.79
1444  87  TYR  HE2  -0.999  -2.728  1.383  6.79
1445  87  TYR  HH  -1.693  -5.038  0.68  2.01
1446  88  GLU  N  -7.276  0.696  0.896  118.92
1447  88  GLU  CA  -8.564  0.166  0.454  59.6
1448  88  GLU  C  -9.074  0.865  -0.81  177.51
1449  88  GLU  O  -9.946  0.339  -1.504  58.48
1450  88  GLU  CB  -9.593  0.313  1.581  29.88
1451  88  GLU  CG  -9.24  -0.472  2.84  36.89
1452  88  GLU  CD  -10.176  -0.175  4.001  30.05
1453  88  GLU  OE1  -11.32  -0.675  3.996  36.69
1454  88  GLU  OE2  -9.777  0.565  4.925  53.87
1455  88  GLU  H  -7.229  1.063  1.672  9.03
1456  88  GLU  HA  -8.446  -0.777  0.261  3.68
1457  88  GLU  HB2  -9.665  1.251  1.817  2.05
1458  88  GLU  HB3  -10.455  0.003  1.261  2.45
1459  88  GLU  HG2  -9.287  -1.42  2.64  2.26
1460  88  GLU  HG3  -8.334  -0.246  3.103  2.65
1461  89  ARG  N  -8.543  2.051  -1.103  114.13
1462  89  ARG  CA  -9.003  2.826  -2.255  58.41
1463  89  ARG  C  -7.991  2.81  -3.401  177.72
1464  89  ARG  O  -8.371  2.933  -4.565  54.67
1465  89  ARG  CB  -9.307  4.265  -1.821  31.71
1466  89  ARG  CG  -10.508  4.365  -0.884  8.93
1467  89  ARG  CD  -10.656  5.752  -0.267  43.27
1468  89  ARG  NE  -11.847  5.838  0.585  9.32
1469  89  ARG  CZ  -12.023  5.136  1.711  3.73
1470  89  ARG  NH1  -11.065  4.329  2.158  63.91
1471  89  ARG  NH2  -13.153  5.256  2.396  176.41
1472  89  ARG  H  -7.924  2.374  -0.6  8.05
1473  89  ARG  HA  -9.826  2.422  -2.572  4.29
1474  89  ARG  HB2  -8.531  4.625  -1.363  1.96
1475  89  ARG  HB3  -9.488  4.802  -2.608  1.96
1476  89  ARG  HG2  -11.313  4.16  -1.385  1.63
1477  89  ARG  HG3  -10.401  3.715  -0.172  1.63
1478  89  ARG  HD2  -9.87  5.945  0.268  3.17
1479  89  ARG  HD3  -10.731  6.406  -0.979  3.17
1480  89  ARG  HE  -12.473  6.369  0.327  131.1
1481  89  ARG  HH11  -10.324  4.257  1.728  131.57
1482  89  ARG  HH12  -11.187  3.869  2.874  131.57
1483  89  ARG  HH21  -13.77  5.788  2.121  129.12
1484  89  ARG  HH22  -13.279  4.795  3.111  8.33
1485  90  ILE  N  -6.71  2.644  -3.08  112.81
1486  90  ILE  CA  -5.652  2.735  -4.092  63.52
1487  90  ILE  C  -4.893  1.413  -4.244  176.14
1488  90  ILE  O  -4.783  0.871  -5.345  7.11
1489  90  ILE  CB  -4.635  3.86  -3.745  40.49
1490  90  ILE  CG1  -5.354  5.21  -3.544  7.27
1491  90  ILE  CG2  -3.561  3.976  -4.829  18.66
1492  90  ILE  CD  -6.096  5.707  -4.769  6.86
1493  90  ILE  H  -6.498  2.48  -2.263  8.14
1494  90  ILE  HA  -6.065  2.955  -4.942  4.3
1495  90  ILE  HB  -4.193  3.616  -2.917  1.86
1496  90  ILE  HG12  -6.001  5.121  -2.826  116.14
1497  90  ILE  HG13  -4.702  5.885  -3.299  40.26
1498  90  ILE  HG21  -2.933  4.676  -4.59  173.77
1499  90  ILE  HG22  -3.977  4.193  -5.678  38.1
1500  90  ILE  HG23  -3.089  3.132  -4.91  32.83
1501  90  ILE  HD11  -5.401  5.835  -5.586  7.85
1502  90  ILE  HD12  -6.566  6.654  -4.545  4.09
1503  90  ILE  HD13  -6.853  4.988  -5.049  2.68
1504  91  VAL  N  -4.384  0.89  -3.132  117.6
1505  91  VAL  CA  -3.441  -0.232  -3.17  64.91
1506  91  VAL  C  -4.152  -1.592  -3.17  177.1
1507  91  VAL  O  -3.587  -2.592  -3.61  180.06
1508  91  VAL  CB  -2.455  -0.165  -1.974  33.08
1509  91  VAL  CG1  -1.347  -1.212  -2.108  15.41
1510  91  VAL  CG2  -1.866  1.24  -1.835  7.73
1511  91  VAL  H  -4.617  1.216  -2.371  7.35
1512  91  VAL  HA  -2.924  -0.155  -3.987  4.14
1513  91  VAL  HB  -2.953  -0.361  -1.165  1.46
1514  91  VAL  HG11  -1.739  -2.099  -2.124  3.17
1515  91  VAL  HG12  -0.741  -1.143  -1.353  120.19
1516  91  VAL  HG13  -0.855  -1.062  -2.931  65.15
1517  91  VAL  HG21  -1.384  1.473  -2.644  176.52
1518  91  VAL  HG22  -1.258  1.263  -1.079  174.39
1519  91  VAL  HG23  -2.582  1.878  -1.691  38.1
1520  92  TYR  N  -5.394  -1.629  -2.7  120.75
1521  92  TYR  CA  -6.125  -2.892  -2.575  61.43
1522  92  TYR  C  -6.358  -3.533  -3.954  173.17
1523  92  TYR  O  -6.211  -4.748  -4.099  8.47
1524  92  TYR  CB  -7.452  -2.691  -1.819  36.62
1525  92  TYR  CG  -8.003  -3.954  -1.161  1.98
1526  92  TYR  CD1  -7.269  -5.138  -1.133  1.68
1527  92  TYR  CD2  -9.256  -3.954  -0.555  1.49
1528  92  TYR  CE1  -7.768  -6.277  -0.528  5.07
1529  92  TYR  CE2  -9.758  -5.088  0.053  1.86
1530  92  TYR  CZ  -9.012  -6.247  0.065  2.77
1531  92  TYR  OH  -9.514  -7.379  0.667  176.23
1532  92  TYR  H  -5.779  -0.895  -2.47  8.56
1533  92  TYR  HA  -5.564  -3.49  -2.057  4.22
1534  92  TYR  HB2  -7.319  -2.032  -1.12  3.21
1535  92  TYR  HB3  -8.121  -2.362  -2.439  3.21
1536  92  TYR  HD1  -6.429  -5.16  -1.532  6.98
1537  92  TYR  HD2  -9.761  -3.173  -0.563  6.98
1538  92  TYR  HE1  -7.262  -7.057  -0.521  26.4
1539  92  TYR  HE2  -10.598  -5.066  0.452  55.82
1540  92  TYR  HH  -8.954  -7.678  1.218  7.79
1541  93  PRO  N  -6.73  -2.743  -4.995  3.89
1542  93  PRO  CA  -6.77  -3.247  -6.375  65.9
1543  93  PRO  C  -5.453  -3.923  -6.771  178.76
1544  93  PRO  O  -5.443  -4.893  -7.529  4.59
1545  93  PRO  CB  -7.006  -1.983  -7.212  31.35
1546  93  PRO  CG  -7.735  -1.062  -6.295  57.97
1547  93  PRO  CD  -7.184  -1.335  -4.918  177.69
1548  93  PRO  HA  -7.503  -3.869  -6.502  4.14
1549  93  PRO  HB2  -6.155  -1.609  -7.489  2.58
1550  93  PRO  HB3  -7.538  -2.199  -7.994  2.58
1551  93  PRO  HG2  -7.567  -0.141  -6.55  0.95
1552  93  PRO  HG3  -8.686  -1.251  -6.321  1.1
1553  93  PRO  HD2  -6.44  -0.743  -4.727  112.3
1554  93  PRO  HD3  -7.879  -1.233  -4.249  7.95
1555  94  TYR  N  -4.345  -3.408  -6.234  115.37
1556  94  TYR  CA  -3.021  -3.963  -6.509  59.22
1557  94  TYR  C  -2.801  -5.27  -5.762  176.66
1558  94  TYR  O  -2.025  -6.109  -6.21  2.5
1559  94  TYR  CB  -1.916  -2.958  -6.165  37.85
1560  94  TYR  CG  -1.656  -1.959  -7.272  7.42
1561  94  TYR  CD1  -0.734  -2.243  -8.273  132.68
1562  94  TYR  CD2  -2.329  -0.744  -7.323  132.68
1563  94  TYR  CE1  -0.49  -1.347  -9.29  56.95
1564  94  TYR  CE2  -2.088  0.159  -8.337  176.97
1565  94  TYR  CZ  -1.167  -0.146  -9.316  18.36
1566  94  TYR  OH  -0.932  0.746  -10.333  41.03
1567  94  TYR  H  -4.413  -2.735  -5.703  6.52
1568  94  TYR  HA  -2.98  -4.151  -7.46  2.8
1569  94  TYR  HB2  -2.167  -2.465  -5.368  2.36
1570  94  TYR  HB3  -1.089  -3.436  -5.995  3.02
1571  94  TYR  HD1  -0.277  -3.053  -8.251  6.56
1572  94  TYR  HD2  -2.954  -0.544  -6.664  6.56
1573  94  TYR  HE1  0.129  -1.555  -9.952  6.87
1574  94  TYR  HE2  -2.544  0.969  -8.355  6.87
1575  94  TYR  HH  -0.887  1.522  -10.014  33.5
1576  95  GLU  N  -3.47  -5.442  -4.624  119.33
1577  95  GLU  CA  -3.448  -6.727  -3.933  58.78
1578  95  GLU  C  -4.079  -7.777  -4.837  180.21
1579  95  GLU  O  -3.488  -8.817  -5.113  62.16
1580  95  GLU  CB  -4.204  -6.665  -2.595  29.05
1581  95  GLU  CG  -4.293  -8.014  -1.876  115.11
1582  95  GLU  CD  -2.946  -8.496  -1.339  62.86
1583  95  GLU  OE1  -2.086  -8.903  -2.149  175.54
1584  95  GLU  OE2  -2.749  -8.472  -0.104  22.81
1585  95  GLU  H  -3.917  -4.787  -4.29  8.21
1586  95  GLU  HA  -2.522  -6.965  -3.768  3.68
1587  95  GLU  HB2  -3.752  -6.038  -2.009  1.97
1588  95  GLU  HB3  -5.106  -6.348  -2.758  2.11
1589  95  GLU  HG2  -4.919  -7.938  -1.139  2.37
1590  95  GLU  HG3  -4.627  -8.675  -2.503  2.5
1591  96  MET  N  -5.274  -7.471  -5.329  116.95
1592  96  MET  CA  -5.99  -8.375  -6.221  57.03
1593  96  MET  C  -5.169  -8.633  -7.485  178.55
1594  96  MET  O  -5.123  -9.752  -7.991  115.54
1595  96  MET  CB  -7.364  -7.797  -6.588  31.7
1596  96  MET  CG  -8.245  -8.777  -7.351  173.91
1597  96  MET  SD  -8.6  -10.264  -6.392  119.75
1598  96  MET  CE  -9.501  -11.241  -7.591  17.17
1599  96  MET  H  -5.634  -6.721  -5.112  8.25
1600  96  MET  HA  -6.116  -9.215  -5.753  4.17
1601  96  MET  HB2  -7.824  -7.542  -5.773  1.71
1602  96  MET  HB3  -7.237  -7.008  -7.138  1.8
1603  96  MET  HG2  -9.083  -8.341  -7.569  3.87
1604  96  MET  HG3  -7.793  -9.035  -8.17  174.07
1605  96  MET  HE1  -9.757  -12.086  -7.19  114.1
1606  96  MET  HE2  -8.939  -11.407  -8.364  41
1607  96  MET  HE3  -10.298  -10.761  -7.866  110.62
1608  97  TYR  N  -4.512  -7.587  -7.978  121.63
1609  97  TYR  CA  -3.656  -7.685  -9.16  60.34
1610  97  TYR  C  -2.457  -8.607  -8.894  178.15
1611  97  TYR  O  -2.286  -9.633  -9.559  8.03
1612  97  TYR  CB  -3.189  -6.275  -9.572  38.48
1613  97  TYR  CG  -2.139  -6.235  -10.676  3.84
1614  97  TYR  CD1  -2.431  -6.657  -11.971  133.5
1615  97  TYR  CD2  -0.852  -5.771  -10.418  133.5
1616  97  TYR  CE1  -1.475  -6.619  -12.968  176.17
1617  97  TYR  CE2  0.108  -5.732  -11.41  120.05
1618  97  TYR  CZ  -0.208  -6.158  -12.683  33.27
1619  97  TYR  OH  0.746  -6.122  -13.675  25.23
1620  97  TYR  H  -4.597  -6.825  -7.588  7.45
1621  97  TYR  HA  -4.187  -8.063  -9.879  4.25
1622  97  TYR  HB2  -3.956  -5.769  -9.883  2.84
1623  97  TYR  HB3  -2.818  -5.831  -8.793  3.1
1624  97  TYR  HD1  -3.288  -6.96  -12.167  7.05
1625  97  TYR  HD2  -0.639  -5.482  -9.56  7.05
1626  97  TYR  HE1  -1.687  -6.906  -13.827  6.88
1627  97  TYR  HE2  0.961  -5.416  -11.218  6.88
1628  97  TYR  HH  0.431  -5.74  -14.353  1.34
1629  98  GLN  N  -1.652  -8.246  -7.9  118.15
1630  98  GLN  CA  -0.424  -8.973  -7.577  57.23
1631  98  GLN  C  -0.755  -10.373  -7.058  177.23
1632  98  GLN  O  -0.32  -11.38  -7.632  3.05
1633  98  GLN  CB  0.386  -8.169  -6.535  28.77
1634  98  GLN  CG  1.78  -8.718  -6.204  33.7
1635  98  GLN  CD  1.759  -9.942  -5.297  22.41
1636  98  GLN  OE1  1.763  -11.08  -5.764  8.63
1637  98  GLN  NE2  1.714  -9.713  -3.995  112.32
1638  98  GLN  H  -1.867  -7.565  -7.421  8.09
1639  98  GLN  HA  0.098  -9.054  -8.391  3.79
1640  98  GLN  HB2  0.496  -7.265  -6.868  1.83
1641  98  GLN  HB3  -0.127  -8.131  -5.712  1.83
1642  98  GLN  HG2  2.224  -8.96  -7.032  1.88
1643  98  GLN  HG3  2.289  -8.019  -5.765  1.97
1644  98  GLN  HE21  1.697  -8.897  -3.725  7.81
1645  98  GLN  HE22  1.696  -10.39  -3.464  6.95
1646  99  SER  N  -1.544  -10.43  -5.989  112.64
1647  99  SER  CA  -1.921  -11.698  -5.382  59.43
1648  99  SER  C  -2.721  -12.532  -6.382  175.37
1649  99  SER  O  -2.469  -13.722  -6.547  2.06
1650  99  SER  CB  -2.726  -11.457  -4.09  63.71
1651  99  SER  OG  -2.937  -12.661  -3.369  8.9
1652  99  SER  H  -1.836  -9.699  -5.643  7.72
1653  99  SER  HA  -1.105  -12.174  -5.161  4.29
1654  99  SER  HB2  -2.24  -10.84  -3.521  3.97
1655  99  SER  HB3  -3.588  -11.073  -4.314  3.97
1656  99  SER  HG  -2.27  -13.162  -3.469  26.51
1657  100  GLY  N  -3.644  -11.887  -7.093  109.13
1658  100  GLY  CA  -4.454  -12.589  -8.073  45.44
1659  100  GLY  C  -3.626  -13.155  -9.211  174.32
1660  100  GLY  O  -3.995  -14.166  -9.812  1.32
1661  100  GLY  H  -3.76  -11.044  -6.972  7.75
1662  100  GLY  HA2  -4.923  -13.315  -7.633  3.81
1663  100  GLY  HA3  -5.107  -11.971  -8.438  3.93
1664  101  ALA  N  -2.515  -12.491  -9.524  122.63
1665  101  ALA  CA  -1.603  -12.969  -10.559  52.61
1666  101  ALA  C  -0.82  -14.193  -10.083  177.32
1667  101  ALA  O  -0.759  -15.215  -10.775  177.47
1668  101  ALA  CB  -0.646  -11.858  -10.983  19.3
1669  101  ALA  H  -2.338  -11.754  -9.118  7.82
1670  101  ALA  HA  -2.133  -13.22  -11.332  4.22
1671  101  ALA  HB1  -0.074  -12.178  -11.698  4.25
1672  101  ALA  HB2  -0.099  -11.594  -10.226  33.33
1673  101  ALA  HB3  -1.155  -11.093  -11.295  21.8
1674  102  ASN  N  -0.229  -14.088  -8.896  115.96
1675  102  ASN  CA  0.64  -15.146  -8.369  53.24
1676  102  ASN  C  -0.162  -16.202  -7.605  175.02
1677  102  ASN  O  -0.182  -17.373  -7.988  174.84
1678  102  ASN  CB  1.726  -14.547  -7.46  38.69
1679  102  ASN  CG  2.649  -13.591  -8.198  38.74
1680  102  ASN  OD1  3.648  -14.002  -8.791  176.7
1681  102  ASN  ND2  2.335  -12.305  -8.154  112.38
1682  102  ASN  H  -0.366  -13.381  -8.426  8.19
1683  102  ASN  HA  1.072  -15.575  -9.124  4.66
1684  102  ASN  HB2  1.302  -14.063  -6.734  2.68
1685  102  ASN  HB3  2.263  -15.266  -7.091  2.84
1686  102  ASN  HD21  1.634  -12.073  -7.713  7.59
1687  102  ASN  HD22  2.843  -11.747  -8.567  6.88
1688  103  LEU  N  -0.828  -15.777  -6.533  121.46
1689  103  LEU  CA  -1.637  -16.668  -5.698  55.16
1690  103  LEU  C  -2.463  -15.828  -4.723  177.32
1691  103  LEU  O  -1.911  -15.081  -3.909  176.18
1692  103  LEU  CB  -0.761  -17.7  -4.942  42.3
1693  103  LEU  CG  0.171  -17.162  -3.828  4.85
1694  103  LEU  CD1  0.868  -18.317  -3.109  20.89
1695  103  LEU  CD2  1.206  -16.185  -4.384  20.08
1696  103  LEU  H  -0.8  -14.941  -6.332  8.06
1697  103  LEU  HA  -2.246  -17.143  -6.285  4.36
1698  103  LEU  HB2  -1.354  -18.355  -4.542  1.64
1699  103  LEU  HB3  -0.21  -18.156  -5.597  1.64
1700  103  LEU  HG  -0.364  -16.689  -3.172  8.89
1701  103  LEU  HD11  1.406  -18.818  -3.742  2.68
1702  103  LEU  HD12  0.202  -18.903  -2.718  2.42
1703  103  LEU  HD13  1.438  -17.967  -2.407  115.64
1704  103  LEU  HD21  1.752  -16.633  -5.049  57.1
1705  103  LEU  HD22  1.772  -15.865  -3.664  111.94
1706  103  LEU  HD23  0.752  -15.432  -4.794  44.93
1707  104  VAL  N  -3.785  -15.939  -4.811  119.99
1708  104  VAL  CA  -4.676  -15.06  -4.063  62.42
1709  104  VAL  C  -4.966  -15.635  -2.677  176.04
1710  104  VAL  O  -5.669  -16.637  -2.527  3.98
1711  104  VAL  CB  -5.995  -14.78  -4.839  32.63
1712  104  VAL  CG1  -6.745  -16.073  -5.166  119.1
1713  104  VAL  CG2  -6.885  -13.808  -4.063  61.95
1714  104  VAL  H  -4.123  -16.55  -5.314  8.05
1715  104  VAL  HA  -4.217  -14.213  -3.95  4.13
1716  104  VAL  HB  -5.76  -14.357  -5.68  2.12
1717  104  VAL  HG11  -7.004  -16.516  -4.343  20.82
1718  104  VAL  HG12  -6.17  -16.661  -5.68  20.54
1719  104  VAL  HG13  -7.538  -15.867  -5.685  8.01
1720  104  VAL  HG21  -7.696  -13.638  -4.568  4.19
1721  104  VAL  HG22  -6.411  -12.973  -3.926  2.08
1722  104  VAL  HG23  -7.115  -14.193  -3.203  8.81
1723  105  CYS  N  -4.388  -15.001  -1.663  122.18
1724  105  CYS  CA  -4.48  -15.492  -0.29  58.32
1725  105  CYS  C  -5.655  -14.859  0.463  174.27
1726  105  CYS  O  -6.227  -15.477  1.358  1.58
1727  105  CYS  CB  -3.165  -15.206  0.441  27.82
1728  105  CYS  SG  -1.7  -15.823  -0.427  118.58
1729  105  CYS  H  -3.936  -14.287  -1.824  8.39
1730  105  CYS  HA  -4.615  -16.452  -0.324  4.54
1731  105  CYS  HB2  -3.061  -14.248  0.549  2.91
1732  105  CYS  HB3  -3.188  -15.625  1.316  2.91
1733  105  CYS  HG  -1.905  -15.734  -1.606  112.54
1734  106  ASN  N  -6.033  -13.639  0.079  121.39
1735  106  ASN  CA  -7.118  -12.909  0.757  53.2
1736  106  ASN  C  -8.464  -13.195  0.087  175.27
1737  106  ASN  O  -9.427  -12.451  0.261  4.16
1738  106  ASN  CB  -6.846  -11.394  0.731  38.96
1739  106  ASN  CG  -5.462  -11.019  1.24  22
1740  106  ASN  OD1  -4.874  -11.713  2.072  8.79
1741  106  ASN  ND2  -4.936  -9.91  0.746  112.14
1742  106  ASN  H  -5.63  -13.267  -0.583  8.57
1743  106  ASN  HA  -7.156  -13.209  1.679  4.84
1744  106  ASN  HB2  -6.93  -11.075  -0.181  2.79
1745  106  ASN  HB3  -7.505  -10.946  1.284  2.91
1746  106  ASN  HD21  -5.396  -9.46  0.176  7.59
1747  106  ASN  HD22  -4.145  -9.683  0.995  6.84
1748  107  THR  N  -8.529  -14.296  -0.654  113.76
1749  107  THR  CA  -9.67  -14.586  -1.519  61.67
1750  107  THR  C  -11.001  -14.723  -0.761  174.19
1751  107  THR  O  -12.057  -14.466  -1.339  8.35
1752  107  THR  CB  -9.414  -15.855  -2.375  69.68
1753  107  THR  OG1  -10.592  -16.213  -3.114  1.81
1754  107  THR  CG2  -8.962  -17.029  -1.512  21.66
1755  107  THR  H  -7.878  -14.857  -0.623  8.09
1756  107  THR  HA  -9.753  -13.839  -2.132  4.35
1757  107  THR  HB  -8.705  -15.654  -3.006  4.25
1758  107  THR  HG1  -11.173  -15.613  -3.024  58.42
1759  107  THR  HG21  -8.809  -17.805  -2.074  177.6
1760  107  THR  HG22  -9.649  -17.234  -0.859  64.2
1761  107  THR  HG23  -8.14  -16.796  -1.052  29.29
1762  108  ARG  N  -10.973  -15.122  0.515  123.4
1763  108  ARG  CA  -12.224  -15.303  1.269  53.89
1764  108  ARG  C  -12.62  -14.05  2.066  174.29
1765  108  ARG  O  -13.665  -13.456  1.788  52.2
1766  108  ARG  CB  -12.178  -16.534  2.204  30.11
1767  108  ARG  CG  -12.456  -17.878  1.527  4.21
1768  108  ARG  CD  -11.274  -18.373  0.709  43.08
1769  108  ARG  NE  -10.062  -18.504  1.526  8.32
1770  108  ARG  CZ  -9.214  -19.533  1.466  4.28
1771  108  ARG  NH1  -9.458  -20.563  0.663  2.39
1772  108  ARG  NH2  -8.128  -19.533  2.229  8.03
1773  108  ARG  H  -10.217  -15.268  0.899  8.32
1774  108  ARG  HA  -12.919  -15.451  0.609  4.63
1775  108  ARG  HB2  -11.298  -16.58  2.611  1.78
1776  108  ARG  HB3  -12.835  -16.413  2.907  1.78
1777  108  ARG  HG2  -12.657  -18.536  2.21  1.67
1778  108  ARG  HG3  -13.223  -17.779  0.942  1.67
1779  108  ARG  HD2  -11.497  -19.238  0.331  3.23
1780  108  ARG  HD3  -11.103  -17.743  -0.008  3.23
1781  108  ARG  HE  -9.888  -17.861  2.07  41.83
1782  108  ARG  HH11  -10.165  -20.574  0.174  4.37
1783  108  ARG  HH12  -8.911  -21.226  0.629  8.41
1784  108  ARG  HH21  -7.971  -18.873  2.758  4.36
1785  108  ARG  HH22  -7.577  -20.192  2.196  1.82
1786  109  PRO  N  -11.81  -13.604  3.058  1.82
1787  109  PRO  CA  -12.208  -12.516  3.961  63.26
1788  109  PRO  C  -12.176  -11.147  3.274  176.66
1789  109  PRO  O  -12.412  -10.114  3.909  119.04
1790  109  PRO  CB  -11.188  -12.596  5.117  31.91
1791  109  PRO  CG  -10.376  -13.828  4.858  3
1792  109  PRO  CD  -10.454  -14.072  3.378  50.38
1793  109  PRO  HA  -13.1  -12.667  4.31  4.35
1794  109  PRO  HB2  -10.633  -11.801  5.117  1.72
1795  109  PRO  HB3  -11.661  -12.657  5.962  2.16
1796  109  PRO  HG2  -9.456  -13.681  5.128  1.85
1797  109  PRO  HG3  -10.752  -14.58  5.342  1.85
1798  109  PRO  HD2  -9.785  -13.55  2.908  3.72
1799  109  PRO  HD3  -10.354  -15.016  3.18  3.72
1800  110  PHE  N  -11.902  -11.16  1.97  118.65
1801  110  PHE  CA  -11.994  -9.968  1.126  57.22
1802  110  PHE  C  -13.333  -9.264  1.392  175.53
1803  110  PHE  O  -13.414  -8.035  1.486  8.15
1804  110  PHE  CB  -11.891  -10.393  -0.352  39.23
1805  110  PHE  CG  -11.337  -9.34  -1.279  4.24
1806  110  PHE  CD1  -12.067  -8.202  -1.585  131.33
1807  110  PHE  CD2  -10.081  -9.5  -1.854  131.33
1808  110  PHE  CE1  -11.558  -7.243  -2.442  127.34
1809  110  PHE  CE2  -9.569  -8.545  -2.711  62.47
1810  110  PHE  CZ  -10.307  -7.415  -3.006  110.8
1811  110  PHE  H  -11.644  -11.898  1.611  8.12
1812  110  PHE  HA  -11.262  -9.373  1.35  4.62
1813  110  PHE  HB2  -11.315  -11.171  -0.413  3.18
1814  110  PHE  HB3  -12.774  -10.636  -0.672  3.06
1815  110  PHE  HD1  -12.908  -8.086  -1.205  7.28
1816  110  PHE  HD2  -9.583  -10.26  -1.658  7.28
1817  110  PHE  HE1  -12.055  -6.482  -2.638  108.41
1818  110  PHE  HE2  -8.728  -8.662  -3.09  44.76
1819  110  PHE  HZ  -9.964  -6.77  -3.582  173.44
1820  111  ASP  N  -14.376  -10.082  1.537  121.15
1821  111  ASP  CA  -15.714  -9.607  1.897  54.22
1822  111  ASP  C  -15.691  -8.898  3.25  175.79
1823  111  ASP  O  -16.325  -7.86  3.432  3.94
1824  111  ASP  CB  -16.692  -10.794  1.94  41.28
1825  111  ASP  CG  -18.02  -10.455  2.607  52.28
1826  111  ASP  OD1  -18.886  -9.842  1.952  177.64
1827  111  ASP  OD2  -18.201  -10.816  3.792  113.7
1828  111  ASP  H  -14.256  -10.924  1.413  8.16
1829  111  ASP  HA  -16.004  -8.98  1.216  4.61
1830  111  ASP  HB2  -16.872  -11.086  1.033  2.58
1831  111  ASP  HB3  -16.28  -11.524  2.428  2.72
1832  112  ASN  N  -14.936  -9.462  4.189  118.54
1833  112  ASN  CA  -14.828  -8.91  5.542  53.35
1834  112  ASN  C  -13.874  -7.714  5.576  175.27
1835  112  ASN  O  -13.734  -7.053  6.605  61.97
1836  112  ASN  CB  -14.368  -9.988  6.539  39.09
1837  112  ASN  CG  -15.476  -10.959  6.938  30.6
1838  112  ASN  OD1  -15.466  -11.497  8.045  32.39
1839  112  ASN  ND2  -16.438  -11.194  6.056  112.82
1840  112  ASN  H  -14.484  -10.166  3.988  8.31
1841  112  ASN  HA  -15.71  -8.601  5.803  4.66
1842  112  ASN  HB2  -13.646  -10.5  6.142  2.73
1843  112  ASN  HB3  -14.042  -9.554  7.343  2.88
1844  112  ASN  HD21  -16.406  -10.794  5.295  7.6
1845  112  ASN  HD22  -17.068  -11.736  6.278  6.91
1846  113  GLU  N  -13.178  -7.474  4.47  120.33
1847  113  GLU  CA  -12.42  -6.234  4.293  56.55
1848  113  GLU  C  -13.345  -5.12  3.824  176.56
1849  113  GLU  O  -13.332  -4.01  4.365  27.5
1850  113  GLU  CB  -11.273  -6.44  3.296  30.27
1851  113  GLU  CG  -10.033  -7.061  3.92  36.4
1852  113  GLU  CD  -9.336  -6.111  4.881  175.79
1853  113  GLU  OE1  -9.713  -6.055  6.073  4.19
1854  113  GLU  OE2  -8.419  -5.398  4.448  40.9
1855  113  GLU  H  -13.152  -8.073  3.854  8.4
1856  113  GLU  HA  -12.049  -5.985  5.154  4.26
1857  113  GLU  HB2  -11.579  -7.021  2.582  1.96
1858  113  GLU  HB3  -11.025  -5.582  2.917  2.09
1859  113  GLU  HG2  -10.292  -7.861  4.404  2.27
1860  113  GLU  HG3  -9.414  -7.301  3.213  2.27
1861  114  GLU  N  -14.153  -5.431  2.816  121.25
1862  114  GLU  CA  -15.18  -4.508  2.335  56.64
1863  114  GLU  C  -16.187  -4.234  3.453  176.5
1864  114  GLU  O  -16.704  -3.125  3.599  176.01
1865  114  GLU  CB  -15.893  -5.111  1.113  29.99
1866  114  GLU  CG  -17.011  -4.24  0.541  36.31
1867  114  GLU  CD  -16.501  -2.944  -0.075  26.82
1868  114  GLU  OE1  -16.173  -2.945  -1.282  42.99
1869  114  GLU  OE2  -16.442  -1.919  0.636  3.54
1870  114  GLU  H  -14.065  -6.197  2.436  8.39
1871  114  GLU  HA  -14.748  -3.678  2.08  4.26
1872  114  GLU  HB2  -15.238  -5.259  0.413  2.01
1873  114  GLU  HB3  -16.275  -5.965  1.368  2.01
1874  114  GLU  HG2  -17.477  -4.745  -0.143  2.27
1875  114  GLU  HG3  -17.632  -4.023  1.254  2.27
1876  115  LYS  N  -16.442  -5.265  4.247  121.38
1877  115  LYS  CA  -17.396  -5.204  5.344  56.29
1878  115  LYS  C  -16.729  -5.669  6.639  176.31
1879  115  LYS  O  -16.705  -6.865  6.94  3.18
1880  115  LYS  CB  -18.602  -6.095  5.013  33.14
1881  115  LYS  CG  -19.621  -6.239  6.142  24.47
1882  115  LYS  CD  -20.589  -7.389  5.87  28.85
1883  115  LYS  CE  -19.847  -8.715  5.707  41.79
1884  115  LYS  NZ  -20.763  -9.84  5.384  2.21
1885  115  LYS  H  -16.025  -6.004  4.106  8.24
1886  115  LYS  HA  -17.693  -4.286  5.448  4.35
1887  115  LYS  HB2  -19.059  -5.722  4.243  1.83
1888  115  LYS  HB3  -18.276  -6.979  4.782  1.83
1889  115  LYS  HG2  -19.151  -6.413  6.973  1.44
1890  115  LYS  HG3  -20.124  -5.414  6.221  1.44
1891  115  LYS  HD2  -21.208  -7.463  6.613  1.69
1892  115  LYS  HD3  -21.081  -7.201  5.056  1.69
1893  115  LYS  HE2  -19.201  -8.626  4.989  3.01
1894  115  LYS  HE3  -19.382  -8.917  6.534  3.01
1895  115  LYS  HZ1  -20.994  -10.271  6.127  4.36
1896  115  LYS  HZ2  -20.365  -10.414  4.832  1.71
1897  115  LYS  HZ3  -21.5  -9.53  4.993  1.59
1898  116  ASP  N  -16.165  -4.727  7.391  120.44
1899  116  ASP  CA  -15.486  -5.05  8.647  54.64
1900  116  ASP  C  -16.514  -5.237  9.76  175.13
1901  116  ASP  O  -16.592  -4.452  10.711  124.33
1902  116  ASP  CB  -14.458  -3.963  9.015  40.9
1903  116  ASP  CG  -13.617  -4.332  10.237  4.83
1904  116  ASP  OD1  -12.831  -5.299  10.155  3.5
1905  116  ASP  OD2  -13.733  -3.651  11.284  113.47
1906  116  ASP  H  -16.206  -3.907  7.134  8.39
1907  116  ASP  HA  -15.018  -5.89  8.52  4.6
1908  116  ASP  HB2  -13.86  -3.827  8.264  2.62
1909  116  ASP  HB3  -14.927  -3.134  9.201  2.76
1910  117  LYS  N  -17.334  -6.265  9.597  125.04
1911  117  LYS  CA  -18.352  -6.626  10.573  57.57
1912  117  LYS  C  -18.873  -8.034  10.28  181.33
1913  117  LYS  O  -19.51  -8.227  9.226  4.31
1914  117  LYS  CB  -19.512  -5.614  10.565  33.1
1915  117  LYS  CG  -20.663  -5.945  11.53  24.47
1916  117  LYS  CD  -20.337  -5.65  13.002  28.85
1917  117  LYS  CE  -19.344  -6.637  13.615  41.79
1918  117  LYS  NZ  -19.801  -8.051  13.496  41.93
1919  117  LYS  OXT  -18.653  -8.938  11.113  122.38
1920  117  LYS  H  -17.267  -6.734  8.879  7.74
1921  117  LYS  HA  -17.935  -6.622  11.449  4.16
1922  117  LYS  HB2  -19.163  -4.74  10.802  1.73
1923  117  LYS  HB3  -19.876  -5.569  9.667  1.83
1924  117  LYS  HG2  -21.437  -5.418  11.278  1.4
1925  117  LYS  HG3  -20.88  -6.886  11.44  1.4
1926  117  LYS  HD2  -19.962  -4.758  13.065  1.69
1927  117  LYS  HD3  -21.162  -5.682  13.512  1.69
1928  117  LYS  HE2  -18.491  -6.544  13.162  3.01
1929  117  LYS  HE3  -19.231  -6.422  14.554  3.01
1930  117  LYS  HZ1  -20.683  -8.082  13.379  2.68
1931  117  LYS  HZ2  -19.598  -8.499  14.238  114.28
1932  117  LYS  HZ3  -19.404  -8.449  12.806  61.98
