1  1  GLY  N  -24.635  5.901  1.977  115.55
2  1  GLY  CA  -23.595  5.274  2.831  43.81
3  1  GLY  C  -22.51  4.793  1.867  169.69
4  1  GLY  O  -22.324  5.354  0.783  55.76
5  1  GLY  H  -25.042  6.549  2.432  63.99
6  1  GLY  H2  -24.255  6.244  1.249  4.05
7  1  GLY  H3  -25.233  5.287  1.737  4.03
8  1  GLY  HA2  -23.237  5.91  3.47  3.86
9  1  GLY  HA3  -23.961  4.535  3.341  3.57
10  2  VAL  N  -21.818  3.739  2.251  122.67
11  2  VAL  CA  -20.682  3.241  1.486  60.67
12  2  VAL  C  -21.092  1.946  0.784  174.63
13  2  VAL  O  -21.859  1.143  1.342  4.35
14  2  VAL  CB  -19.487  2.996  2.445  33.51
15  2  VAL  CG1  -18.28  2.32  1.682  23.79
16  2  VAL  CG2  -19.069  4.324  3.11  23.06
17  2  VAL  H  -21.99  3.288  2.963  8.5
18  2  VAL  HA  -20.411  3.889  0.817  5.27
19  2  VAL  HB  -19.763  2.381  3.143  1.39
20  2  VAL  HG11  -17.546  2.177  2.3  3.9
21  2  VAL  HG12  -18.565  1.468  1.316  122.17
22  2  VAL  HG13  -17.987  2.9  0.961  54.8
23  2  VAL  HG21  -18.322  4.166  3.708  175.08
24  2  VAL  HG22  -18.806  4.96  2.426  63.29
25  2  VAL  HG23  -19.816  4.683  3.614  41.4
26  3  TYR  N  -20.597  1.723  -0.428  120.35
27  3  TYR  CA  -20.903  0.483  -1.119  56.23
28  3  TYR  C  -19.796  0.074  -2.075  172.59
29  3  TYR  O  -18.945  0.889  -2.422  8.48
30  3  TYR  CB  -22.257  0.571  -1.857  40.44
31  3  TYR  CG  -22.321  1.615  -2.956  2.73
32  3  TYR  CD1  -21.95  1.298  -4.268  133.86
33  3  TYR  CD2  -22.769  2.919  -2.684  133.86
34  3  TYR  CE1  -22.015  2.255  -5.275  118.06
35  3  TYR  CE2  -22.854  3.87  -3.679  118.06
36  3  TYR  CZ  -22.488  3.526  -4.981  2.01
37  3  TYR  OH  -22.566  4.459  -5.996  8.21
38  3  TYR  H  -20.091  2.268  -0.86  8.77
39  3  TYR  HA  -20.971  -0.207  -0.44  4.96
40  3  TYR  HB2  -22.458  -0.297  -2.242  3.09
41  3  TYR  HB3  -22.952  0.761  -1.208  2.97
42  3  TYR  HD1  -21.657  0.438  -4.468  6.78
43  3  TYR  HD2  -23.013  3.145  -1.816  6.78
44  3  TYR  HE1  -21.743  2.045  -6.139  6.61
45  3  TYR  HE2  -23.151  4.73  -3.485  6.61
46  3  TYR  HH  -22.704  4.068  -6.726  7.1
47  4  HSE  N  -19.846  -1.186  -2.498  121.13
48  4  HSE  CA  -18.808  -1.773  -3.362  54.58
49  4  HSE  C  -19.322  -1.815  -4.796  173.18
50  4  HSE  O  -20.492  -2.178  -5.035  4.72
51  4  HSE  CB  -18.489  -3.17  -2.857  32.34
52  4  HSE  CG  -17.707  -4.026  -3.809  1.94
53  4  HSE  ND1  -18.289  -5.046  -4.527  2.3
54  4  HSE  CD2  -16.384  -4.059  -4.111  117.88
55  4  HSE  CE1  -17.367  -5.649  -5.265  137.28
56  4  HSE  NE2  -16.202  -5.073  -5.022  177.34
57  5  ARG  N  -18.447  -1.514  -5.754  128.57
58  5  ARG  CA  -18.825  -1.604  -7.169  53.38
59  5  ARG  C  -17.702  -2.262  -7.983  172.99
60  5  ARG  O  -16.517  -1.989  -7.758  27.3
61  5  ARG  CB  -19.167  -0.217  -7.749  34.24
62  5  ARG  CG  -20.53  0.395  -7.356  28.14
63  5  ARG  CD  -21.729  -0.12  -8.208  41.89
64  5  ARG  NE  -23.029  0.431  -7.796  87.05
65  5  ARG  CZ  -23.778  0.018  -6.768  2.15
66  5  ARG  NH1  -23.397  -0.98  -5.957  2
67  5  ARG  NH2  -24.921  0.634  -6.528  3.88
68  5  ARG  H  -17.638  -1.258  -5.611  8.78
69  5  ARG  HA  -19.62  -2.156  -7.229  4.64
70  5  ARG  HB2  -18.47  0.402  -7.479  1.5
71  5  ARG  HB3  -19.133  -0.279  -8.716  1.5
72  5  ARG  HG2  -20.703  0.201  -6.421  1.48
73  5  ARG  HG3  -20.477  1.36  -7.44  1.48
74  5  ARG  HD2  -21.573  0.103  -9.139  3.52
75  5  ARG  HD3  -21.764  -1.088  -8.15  3.29
76  5  ARG  HE  -23.338  1.084  -8.263  8.75
77  5  ARG  HH11  -22.647  -1.379  -6.089  8.74
78  5  ARG  HH12  -23.903  -1.221  -5.305  4.57
79  5  ARG  HH21  -25.171  1.287  -7.029  1.73
80  5  ARG  HH22  -25.416  0.382  -5.871  1.6
81  6  GLU  N  -18.095  -3.14  -8.905  120.87
82  6  GLU  CA  -17.191  -3.729  -9.911  53.47
83  6  GLU  C  -17.396  -3.013  -11.24  176.57
84  6  GLU  O  -18.508  -2.503  -11.511  7.2
85  6  GLU  CB  -17.605  -5.164  -10.193  33.51
86  6  GLU  CG  -17.328  -6.147  -9.112  35.74
87  6  GLU  CD  -17.608  -7.548  -9.582  1.63
88  6  GLU  OE1  -18.306  -7.734  -10.599  122.87
89  6  GLU  OE2  -17.127  -8.47  -8.935  60.7
90  6  GLU  H  -18.906  -3.418  -8.969  8.18
91  6  GLU  HA  -16.283  -3.662  -9.576  4.52
92  6  GLU  HB2  -18.557  -5.176  -10.381  1.94
93  6  GLU  HB3  -17.153  -5.46  -10.999  1.79
94  6  GLU  HG2  -16.402  -6.074  -8.832  2.28
95  6  GLU  HG3  -17.876  -5.945  -8.337  2.01
96  7  ALA  N  -16.364  -3.017  -12.098  123.44
97  7  ALA  CA  -16.593  -2.771  -13.531  52.36
98  7  ALA  C  -17.674  -3.705  -14.108  178.56
99  7  ALA  O  -17.833  -4.847  -13.665  2.04
100  7  ALA  CB  -15.312  -2.949  -14.347  20.37
101  7  ALA  H  -15.544  -3.156  -11.878  8.81
102  7  ALA  HA  -16.894  -1.852  -13.599  4.25
103  7  ALA  HB1  -15.499  -2.78  -15.284  4.63
104  7  ALA  HB2  -14.639  -2.324  -14.034  114.17
105  7  ALA  HB3  -14.984  -3.856  -14.242  43.4
106  8  ARG  N  -18.353  -3.233  -15.151  122.41
107  8  ARG  CA  -19.311  -4.051  -15.912  58.83
108  8  ARG  C  -18.636  -5.365  -16.343  177.53
109  8  ARG  O  -19.258  -6.416  -16.331  4.17
110  8  ARG  CB  -19.812  -3.283  -17.162  29.65
111  8  ARG  CG  -20.975  -3.927  -17.913  27.55
112  8  ARG  CD  -21.022  -3.602  -19.46  43.41
113  8  ARG  NE  -19.767  -4.001  -20.073  84.51
114  8  ARG  CZ  -19.476  -5.23  -20.475  1.61
115  8  ARG  NH1  -20.378  -6.206  -20.44  1.58
116  8  ARG  NH2  -18.268  -5.471  -20.953  26.65
117  8  ARG  H  -18.274  -2.428  -15.442  8.96
118  8  ARG  HA  -20.074  -4.247  -15.346  4.03
119  8  ARG  HB2  -20.079  -2.392  -16.888  1.85
120  8  ARG  HB3  -19.069  -3.18  -17.777  1.85
121  8  ARG  HG2  -20.925  -4.889  -17.798  1.72
122  8  ARG  HG3  -21.807  -3.635  -17.508  1.72
123  8  ARG  HD2  -21.761  -4.071  -19.877  3.2
124  8  ARG  HD3  -21.174  -2.654  -19.597  3.2
125  8  ARG  HE  -19.168  -3.394  -20.183  7.18
126  8  ARG  HH11  -21.172  -6.047  -20.151  2.91
127  8  ARG  HH12  -20.167  -6.996  -20.706  4.25
128  8  ARG  HH21  -17.689  -4.837  -20.998  2.74
129  8  ARG  HH22  -18.061  -6.262  -21.219  2.61
130  9  SER  N  -17.347  -5.289  -16.705  107.25
131  9  SER  CA  -16.619  -6.44  -17.277  58.21
132  9  SER  C  -16.191  -7.465  -16.213  174.56
133  9  SER  O  -15.706  -8.543  -16.553  8.32
134  9  SER  CB  -15.397  -5.963  -18.067  63.26
135  9  SER  OG  -14.621  -5.094  -17.237  1.8
136  9  SER  H  -16.872  -4.576  -16.628  7.47
137  9  SER  HA  -17.237  -6.89  -17.874  4.3
138  9  SER  HB2  -14.863  -6.722  -18.35  3.94
139  9  SER  HB3  -15.677  -5.498  -18.871  3.77
140  9  SER  HG  -13.947  -4.828  -17.662  3.2
141  10  GLY  N  -16.372  -7.123  -14.942  109.55
142  10  GLY  CA  -16.178  -8.061  -13.834  44.15
143  10  GLY  C  -15.22  -7.576  -12.764  171.58
144  10  GLY  O  -14.901  -6.395  -12.699  125.67
145  10  GLY  H  -16.612  -6.336  -14.694  7.41
146  10  GLY  HA2  -17.038  -8.243  -13.424  4.54
147  10  GLY  HA3  -15.85  -8.902  -14.19  3.67
148  11  LYS  N  -14.747  -8.522  -11.947  121.38
149  11  LYS  CA  -13.954  -8.259  -10.753  57.53
150  11  LYS  C  -12.542  -7.763  -11.119  176.06
151  11  LYS  O  -11.919  -8.303  -12.049  8.17
152  11  LYS  CB  -13.856  -9.552  -9.922  34.31
153  11  LYS  CG  -13.094  -9.367  -8.598  24.77
154  11  LYS  CD  -13.066  -10.672  -7.782  30.5
155  11  LYS  CE  -12.625  -10.382  -6.346  41.99
156  11  LYS  NZ  -12.746  -11.626  -5.523  126.07
157  11  LYS  H  -14.886  -9.36  -12.081  8
158  11  LYS  HA  -14.389  -7.562  -10.237  4.04
159  11  LYS  HB2  -14.75  -9.875  -9.731  1.6
160  11  LYS  HB3  -13.414  -10.236  -10.45  1.43
161  11  LYS  HG2  -12.186  -9.079  -8.782  1.12
162  11  LYS  HG3  -13.514  -8.666  -8.076  0.21
163  11  LYS  HD2  -13.946  -11.081  -7.782  1.36
164  11  LYS  HD3  -12.458  -11.306  -8.193  1.26
165  11  LYS  HE2  -11.708  -10.065  -6.337  2.22
166  11  LYS  HE3  -13.172  -9.677  -5.966  2.22
167  11  LYS  HZ1  -12.489  -11.456  -4.688  2.51
168  11  LYS  HZ2  -13.593  -11.901  -5.523  122.07
169  11  LYS  HZ3  -12.228  -12.262  -5.868  55.1
170  12  TYR  N  -12.084  -6.751  -10.393  123.17
171  12  TYR  CA  -10.735  -6.157  -10.504  54.49
172  12  TYR  C  -10.429  -5.695  -11.933  173.97
173  12  TYR  O  -9.495  -6.187  -12.591  33.5
174  12  TYR  CB  -9.639  -7.114  -9.971  32.42
175  12  TYR  CG  -9.73  -7.481  -8.485  4.46
176  12  TYR  CD1  -10.526  -6.753  -7.58  111.8
177  12  TYR  CD2  -8.982  -8.529  -7.984  8.67
178  12  TYR  CE1  -10.591  -7.115  -6.227  119.04
179  12  TYR  CE2  -9.03  -8.889  -6.649  119.04
180  12  TYR  CZ  -9.815  -8.173  -5.769  1.96
181  12  TYR  OH  -9.825  -8.573  -4.449  2.25
182  12  TYR  H  -12.565  -6.367  -9.792  9.95
183  12  TYR  HA  -10.729  -5.368  -9.94  4.03
184  12  TYR  HB2  -9.669  -7.933  -10.49  3.33
185  12  TYR  HB3  -8.773  -6.707  -10.133  3.14
186  12  TYR  HD1  -11.015  -6.023  -7.884  7.26
187  12  TYR  HD2  -8.43  -9.006  -8.561  7.26
188  12  TYR  HE1  -11.147  -6.652  -5.643  7.38
189  12  TYR  HE2  -8.533  -9.614  -6.345  7.38
190  12  TYR  HH  -9.302  -9.223  -4.349  10.24
191  13  LYS  N  -11.24  -4.766  -12.422  114.7
192  13  LYS  CA  -11.085  -4.263  -13.771  55.21
193  13  LYS  C  -11.16  -2.723  -13.838  177.09
194  13  LYS  O  -11.252  -2.154  -14.926  4.67
195  13  LYS  CB  -12.112  -4.959  -14.685  35.33
196  13  LYS  CG  -11.549  -6.247  -15.306  24.34
197  13  LYS  CD  -12.605  -7.284  -15.517  28.44
198  13  LYS  CE  -11.993  -8.595  -16.022  42.62
199  13  LYS  NZ  -11.332  -8.487  -17.364  31.15
200  13  LYS  H  -11.89  -4.414  -11.982  8.48
201  13  LYS  HA  -10.195  -4.478  -14.09  4.61
202  13  LYS  HB2  -12.909  -5.169  -14.174  1.91
203  13  LYS  HB3  -12.38  -4.351  -15.391  1.5
204  13  LYS  HG2  -11.13  -6.038  -16.155  1.03
205  13  LYS  HG3  -10.857  -6.606  -14.729  1.03
206  13  LYS  HD2  -13.078  -7.443  -14.685  1.54
207  13  LYS  HD3  -13.258  -6.96  -16.157  1.3
208  13  LYS  HE2  -11.34  -8.906  -15.375  2.84
209  13  LYS  HE3  -12.689  -9.269  -16.069  2.84
210  13  LYS  HZ1  -11.038  -9.288  -17.616  3.22
211  13  LYS  HZ2  -11.919  -8.186  -17.961  3.22
212  13  LYS  HZ3  -10.646  -7.923  -17.313  113.2
213  14  LEU  N  -11.096  -2.047  -12.686  123.19
214  14  LEU  CA  -11.1  -0.582  -12.668  54.97
215  14  LEU  C  -9.747  -0.009  -12.274  178.37
216  14  LEU  O  -9.194  -0.371  -11.242  1.9
217  14  LEU  CB  -12.167  -0.002  -11.705  43.79
218  14  LEU  CG  -13.623  -0.398  -11.998  25.9
219  14  LEU  CD1  -14.447  -0.123  -10.726  24.78
220  14  LEU  CD2  -14.166  0.366  -13.15  27.27
221  14  LEU  H  -11.05  -2.416  -11.91  9.53
222  14  LEU  HA  -11.313  -0.321  -13.578  5.14
223  14  LEU  HB2  -11.949  -0.282  -10.802  2.65
224  14  LEU  HB3  -12.103  0.966  -11.725  1.45
225  14  LEU  HG  -13.669  -1.337  -12.236  2.01
226  14  LEU  HD11  -15.373  -0.364  -10.882  4.16
227  14  LEU  HD12  -14.095  -0.65  -9.992  3.75
228  14  LEU  HD13  -14.392  0.819  -10.502  107.37
229  14  LEU  HD21  -15.084  0.097  -13.313  44
230  14  LEU  HD22  -14.138  1.315  -12.951  173.38
231  14  LEU  HD23  -13.632  0.185  -13.939  63.13
232  15  THR  N  -9.227  0.914  -13.093  115.99
233  15  THR  CA  -8.067  1.713  -12.688  61.88
234  15  THR  C  -8.561  2.706  -11.65  174.42
235  15  THR  O  -9.788  2.853  -11.455  41.39
236  15  THR  CB  -7.451  2.493  -13.866  71.12
237  15  THR  OG1  -8.426  3.428  -14.347  126.01
238  15  THR  CG2  -7.016  1.535  -15.025  21.76
239  15  THR  H  -9.529  1.09  -13.879  8.81
240  15  THR  HA  -7.378  1.123  -12.345  5.53
241  15  THR  HB  -6.656  2.955  -13.557  4.84
242  15  THR  HG1  -8.104  3.863  -14.99  4.14
243  15  THR  HG21  -6.633  2.055  -15.749  3.97
244  15  THR  HG22  -6.355  0.906  -14.695  3.9
245  15  THR  HG23  -7.79  1.049  -15.351  1.92
246  16  TYR  N  -7.633  3.407  -10.999  120.36
247  16  TYR  CA  -8.001  4.419  -10.024  61.49
248  16  TYR  C  -8.92  5.472  -10.649  176.06
249  16  TYR  O  -9.955  5.81  -10.091  4.02
250  16  TYR  CB  -6.762  5.109  -9.434  37.16
251  16  TYR  CG  -7.114  6.22  -8.46  4.39
252  16  TYR  CD1  -7.871  5.939  -7.314  132.65
253  16  TYR  CD2  -6.701  7.542  -8.679  132.65
254  16  TYR  CE1  -8.223  6.94  -6.417  118.11
255  16  TYR  CE2  -7.031  8.569  -7.75  118.11
256  16  TYR  CZ  -7.808  8.247  -6.638  23.69
257  16  TYR  OH  -8.148  9.187  -5.687  18.3
258  16  TYR  H  -6.786  3.308  -11.111  7.39
259  16  TYR  HA  -8.474  3.966  -9.309  2.42
260  16  TYR  HB2  -6.215  4.449  -8.981  2.25
261  16  TYR  HB3  -6.226  5.475  -10.155  0.88
262  16  TYR  HD1  -8.143  5.065  -7.151  6.8
263  16  TYR  HD2  -6.207  7.75  -9.439  6.8
264  16  TYR  HE1  -8.736  6.735  -5.669  6.79
265  16  TYR  HE2  -6.733  9.44  -7.883  6.79
266  16  TYR  HH  -7.85  9.938  -5.916  7.25
267  17  ALA  N  -8.527  5.995  -11.812  118.04
268  17  ALA  CA  -9.34  7.042  -12.482  54.83
269  17  ALA  C  -10.726  6.503  -12.846  181.7
270  17  ALA  O  -11.711  7.244  -12.783  8.52
271  17  ALA  CB  -8.612  7.584  -13.772  18.43
272  17  ALA  H  -7.81  5.77  -12.23  8.56
273  17  ALA  HA  -9.447  7.778  -11.859  3.55
274  17  ALA  HB1  -9.161  8.265  -14.191  1.5
275  17  ALA  HB2  -7.756  7.967  -13.524  1.67
276  17  ALA  HB3  -8.471  6.854  -14.395  54.8
277  18  GLU  N  -10.804  5.245  -13.272  117.53
278  18  GLU  CA  -12.079  4.649  -13.655  58.69
279  18  GLU  C  -12.967  4.44  -12.432  178.7
280  18  GLU  O  -14.189  4.679  -12.47  27.6
281  18  GLU  CB  -11.858  3.317  -14.361  31.18
282  18  GLU  CG  -11.246  3.537  -15.736  37.71
283  18  GLU  CD  -10.855  2.261  -16.442  1.41
284  18  GLU  OE1  -10.64  1.207  -15.787  1.52
285  18  GLU  OE2  -10.71  2.353  -17.682  1.31
286  18  GLU  H  -10.128  4.719  -13.346  7.34
287  18  GLU  HA  -12.522  5.26  -14.264  3.92
288  18  GLU  HB2  -11.274  2.755  -13.828  2.17
289  18  GLU  HB3  -12.702  2.847  -14.448  2.01
290  18  GLU  HG2  -11.879  4.021  -16.289  2.29
291  18  GLU  HG3  -10.461  4.1  -15.645  2.2
292  19  ALA  N  -12.346  3.963  -11.367  124.46
293  19  ALA  CA  -13.056  3.819  -10.082  55.07
294  19  ALA  C  -13.666  5.166  -9.627  177.39
295  19  ALA  O  -14.853  5.257  -9.262  178.44
296  19  ALA  CB  -12.102  3.296  -9.037  20.16
297  19  ALA  H  -11.522  3.716  -11.354  8.75
298  19  ALA  HA  -13.785  3.189  -10.199  3.9
299  19  ALA  HB1  -12.568  3.201  -8.192  125.87
300  19  ALA  HB2  -11.759  2.433  -9.315  54.5
301  19  ALA  HB3  -11.365  3.918  -8.931  173.78
302  20  LYS  N  -12.85  6.205  -9.596  117.78
303  20  LYS  CA  -13.319  7.536  -9.278  60.14
304  20  LYS  C  -14.476  7.992  -10.192  178.09
305  20  LYS  O  -15.483  8.533  -9.719  23.5
306  20  LYS  CB  -12.111  8.494  -9.328  33.51
307  20  LYS  CG  -12.361  9.904  -8.923  24.61
308  20  LYS  CD  -11.022  10.536  -8.553  30.24
309  20  LYS  CE  -11.085  12.033  -8.666  42.13
310  20  LYS  NZ  -9.76  12.644  -8.31  1.54
311  20  LYS  H  -12.007  6.157  -9.759  8.22
312  20  LYS  HA  -13.697  7.54  -8.385  3.47
313  20  LYS  HB2  -11.415  8.134  -8.757  1.51
314  20  LYS  HB3  -11.763  8.496  -10.233  1.13
315  20  LYS  HG2  -12.779  10.395  -9.647  1.33
316  20  LYS  HG3  -12.971  9.937  -8.169  1.2
317  20  LYS  HD2  -10.782  10.286  -7.647  1.48
318  20  LYS  HD3  -10.326  10.193  -9.136  1.48
319  20  LYS  HE2  -11.331  12.284  -9.57  3.01
320  20  LYS  HE3  -11.775  12.378  -8.078  2.93
321  20  LYS  HZ1  -9.812  13.53  -8.381  2.06
322  20  LYS  HZ2  -9.548  12.426  -7.474  43.4
323  20  LYS  HZ3  -9.134  12.339  -8.864  1.93
324  21  ALA  N  -14.336  7.801  -11.516  117.51
325  21  ALA  CA  -15.401  8.107  -12.464  55.07
326  21  ALA  C  -16.714  7.321  -12.235  180.69
327  21  ALA  O  -17.818  7.881  -12.354  5.71
328  21  ALA  CB  -14.859  7.916  -13.95  18.43
329  21  ALA  H  -13.621  7.491  -11.879  7.41
330  21  ALA  HA  -15.646  9.034  -12.315  4.08
331  21  ALA  HB1  -15.567  8.119  -14.581  46.9
332  21  ALA  HB2  -14.11  8.514  -14.101  6.9
333  21  ALA  HB3  -14.57  6.998  -14.074  6.9
334  22  VAL  N  -16.595  6.039  -11.882  120.34
335  22  VAL  CA  -17.777  5.211  -11.605  66.42
336  22  VAL  C  -18.542  5.741  -10.362  178.02
337  22  VAL  O  -19.769  5.906  -10.397  110.07
338  22  VAL  CB  -17.391  3.733  -11.378  31.32
339  22  VAL  CG1  -18.604  2.932  -10.823  23.68
340  22  VAL  CG2  -16.933  3.117  -12.704  21.27
341  22  VAL  H  -15.843  5.63  -11.797  8.25
342  22  VAL  HA  -18.353  5.265  -12.384  3.91
343  22  VAL  HB  -16.67  3.693  -10.731  2.16
344  22  VAL  HG11  -18.346  2.007  -10.686  124.97
345  22  VAL  HG12  -18.887  3.317  -9.979  52.4
346  22  VAL  HG13  -19.336  2.972  -11.458  173.18
347  22  VAL  HG21  -16.69  2.189  -12.563  3.05
348  22  VAL  HG22  -17.654  3.168  -13.351  17.9
349  22  VAL  HG23  -16.164  3.604  -13.039  8.96
350  23  CYS  N  -17.818  6.043  -9.296  116.25
351  23  CYS  CA  -18.496  6.595  -8.089  55.4
352  23  CYS  C  -19.173  7.946  -8.404  178.84
353  23  CYS  O  -20.324  8.202  -7.997  3.62
354  23  CYS  CB  -17.52  6.675  -6.888  33.73
355  23  CYS  SG  -16.912  5.089  -6.312  43.7
356  23  CYS  H  -16.966  5.948  -9.232  7.82
357  23  CYS  HA  -19.204  5.985  -7.827  4.38
358  23  CYS  HB2  -16.763  7.227  -7.138  2.61
359  23  CYS  HB3  -17.967  7.123  -6.153  2.42
360  24  GLU  N  -18.486  8.789  -9.188  120.11
361  24  GLU  CA  -19.043  10.065  -9.623  58.54
362  24  GLU  C  -20.282  9.894  -10.497  180.74
363  24  GLU  O  -21.293  10.594  -10.344  171.98
364  24  GLU  CB  -17.989  10.898  -10.368  29.06
365  24  GLU  CG  -16.829  11.37  -9.498  37.2
366  24  GLU  CD  -15.724  12.057  -10.299  40.33
367  24  GLU  OE1  -15.744  11.978  -11.561  2.28
368  24  GLU  OE2  -14.839  12.674  -9.66  2.16
369  24  GLU  H  -17.691  8.633  -9.477  8.19
370  24  GLU  HA  -19.314  10.536  -8.819  4.31
371  24  GLU  HB2  -17.635  10.371  -11.101  2.04
372  24  GLU  HB3  -18.422  11.673  -10.759  1.98
373  24  GLU  HG2  -17.164  11.984  -8.826  2.63
374  24  GLU  HG3  -16.455  10.61  -9.026  2.45
375  25  PHE  N  -20.196  8.935  -11.406  124.98
376  25  PHE  CA  -21.276  8.667  -12.339  61.01
377  25  PHE  C  -22.553  8.315  -11.575  177.67
378  25  PHE  O  -23.663  8.665  -12.007  7.12
379  25  PHE  CB  -20.881  7.516  -13.272  39.27
380  25  PHE  CG  -21.955  7.119  -14.242  8.77
381  25  PHE  CD1  -22.443  8.016  -15.181  8.88
382  25  PHE  CD2  -22.414  5.813  -14.264  5.42
383  25  PHE  CE1  -23.433  7.633  -16.108  2.6
384  25  PHE  CE2  -23.389  5.414  -15.194  2.43
385  25  PHE  CZ  -23.899  6.317  -16.098  122.17
386  25  PHE  H  -19.512  8.423  -11.499  9
387  25  PHE  HA  -21.442  9.461  -12.871  4.31
388  25  PHE  HB2  -20.088  7.772  -13.769  3.45
389  25  PHE  HB3  -20.642  6.744  -12.735  3.22
390  25  PHE  HD1  -22.111  8.885  -15.199  7.29
391  25  PHE  HD2  -22.074  5.195  -13.658  7.29
392  25  PHE  HE1  -23.771  8.248  -16.718  7.36
393  25  PHE  HE2  -23.691  4.534  -15.198  7.36
394  25  PHE  HZ  -24.554  6.051  -16.702  4.63
395  26  GLU  N  -22.384  7.63  -10.451  114.44
396  26  GLU  CA  -23.531  7.149  -9.686  56.42
397  26  GLU  C  -23.98  8.168  -8.65  175.79
398  26  GLU  O  -24.89  7.885  -7.854  4.51
399  26  GLU  CB  -23.228  5.784  -9.034  29.57
400  26  GLU  CG  -23.184  4.672  -10.108  37.64
401  26  GLU  CD  -23.082  3.237  -9.561  7.33
402  26  GLU  OE1  -22.986  3.047  -8.33  2.81
403  26  GLU  OE2  -23.142  2.289  -10.391  1.04
404  26  GLU  H  -21.618  7.433  -10.114  7.38
405  26  GLU  HA  -24.266  7.026  -10.307  4.13
406  26  GLU  HB2  -22.379  5.824  -8.566  2.36
407  26  GLU  HB3  -23.907  5.577  -8.373  1.89
408  26  GLU  HG2  -23.982  4.738  -10.655  2.85
409  26  GLU  HG3  -22.426  4.835  -10.691  2.3
410  27  GLY  N  -23.346  9.34  -8.674  106.47
411  27  GLY  CA  -23.767  10.485  -7.865  45.6
412  27  GLY  C  -22.922  10.785  -6.63  174.18
413  27  GLY  O  -23.248  11.699  -5.871  5.01
414  27  GLY  H  -22.655  9.494  -9.163  7.73
415  27  GLY  HA2  -23.771  11.273  -8.431  4.26
416  27  GLY  HA3  -24.682  10.337  -7.58  3.74
417  28  GLY  N  -21.839  10.038  -6.438  109.55
418  28  GLY  CA  -21  10.164  -5.258  43.96
419  28  GLY  C  -19.54  10.424  -5.557  172.03
420  28  GLY  O  -19.208  11.153  -6.517  6.87
421  28  GLY  H  -21.571  9.44  -6.995  7.77
422  28  GLY  HA2  -21.34  10.887  -4.708  4.52
423  28  GLY  HA3  -21.072  9.351  -4.734  3.97
424  29  HSE  N  -18.682  9.87  -4.701  116.24
425  29  HSE  CA  -17.218  9.999  -4.767  54.49
426  29  HSE  C  -16.653  8.723  -4.216  174.42
427  29  HSE  O  -17.406  7.927  -3.636  43.1
428  29  HSE  CB  -16.731  11.209  -3.934  33.95
429  29  HSE  CG  -17.396  12.493  -4.317  58.53
430  29  HSE  ND1  -17.027  13.222  -5.435  187.69
431  29  HSE  CD2  -18.452  13.145  -3.772  120.2
432  29  HSE  CE1  -17.823  14.271  -5.548  137.25
433  29  HSE  NE2  -18.699  14.242  -4.555  181.68
434  30  LEU  N  -15.344  8.491  -4.377  123.7
435  30  LEU  CA  -14.717  7.363  -3.706  56.9
436  30  LEU  C  -14.839  7.577  -2.203  178.3
437  30  LEU  O  -14.685  8.726  -1.686  176.88
438  30  LEU  CB  -13.24  7.235  -4.07  42.77
439  30  LEU  CG  -12.992  6.743  -5.516  28.36
440  30  LEU  CD1  -11.526  7.087  -5.878  27.48
441  30  LEU  CD2  -13.31  5.248  -5.723  24.26
442  30  LEU  H  -14.817  8.968  -4.861  9.33
443  30  LEU  HA  -15.163  6.549  -3.987  4.95
444  30  LEU  HB2  -12.811  8.097  -3.953  1.77
445  30  LEU  HB3  -12.815  6.62  -3.451  1.44
446  30  LEU  HG  -13.605  7.197  -6.115  1.55
447  30  LEU  HD11  -11.338  6.79  -6.782  3.87
448  30  LEU  HD12  -11.394  8.046  -5.819  3.8
449  30  LEU  HD13  -10.927  6.64  -5.26  126.97
450  30  LEU  HD21  -13.134  5.004  -6.645  53
451  30  LEU  HD22  -12.752  4.714  -5.136  172.78
452  30  LEU  HD23  -14.244  5.084  -5.518  4.03
453  31  ALA  N  -15.104  6.482  -1.512  126.52
454  31  ALA  CA  -15.197  6.543  -0.031  52.12
455  31  ALA  C  -13.804  6.856  0.53  176.99
456  31  ALA  O  -12.758  6.396  -0.012  2.53
457  31  ALA  CB  -15.714  5.22  0.5  19.86
458  31  ALA  H  -15.233  5.704  -1.855  9.32
459  31  ALA  HA  -15.814  7.238  0.245  4.44
460  31  ALA  HB1  -15.774  5.261  1.467  44
461  31  ALA  HB2  -16.593  5.043  0.129  175.98
462  31  ALA  HB3  -15.106  4.509  0.244  133.39
463  32  THR  N  -13.751  7.636  1.598  110.98
464  32  THR  CA  -12.521  7.744  2.357  59.95
465  32  THR  C  -12.288  6.496  3.211  175.03
466  32  THR  O  -13.217  5.708  3.499  121.17
467  32  THR  CB  -12.499  8.977  3.247  71.11
468  32  THR  OG1  -13.409  8.789  4.345  172.88
469  32  THR  CG2  -12.883  10.268  2.473  21.66
470  32  THR  H  -14.407  8.105  1.896  8.54
471  32  THR  HA  -11.806  7.827  1.707  4.58
472  32  THR  HB  -11.592  9.089  3.572  4.76
473  32  THR  HG1  -13.397  9.469  4.839  5.48
474  32  THR  HG21  -12.856  11.027  3.076  119.11
475  32  THR  HG22  -12.255  10.41  1.748  61.43
476  32  THR  HG23  -13.778  10.174  2.111  9.15
477  33  TYR  N  -11.048  6.309  3.638  122.15
478  33  TYR  CA  -10.759  5.26  4.591  62.51
479  33  TYR  C  -11.645  5.373  5.847  176.38
480  33  TYR  O  -12.151  4.37  6.325  1.74
481  33  TYR  CB  -9.303  5.315  5.043  38.8
482  33  TYR  CG  -8.945  4.188  5.997  1.71
483  33  TYR  CD1  -8.432  2.97  5.51  132.52
484  33  TYR  CD2  -9.118  4.338  7.384  132.52
485  33  TYR  CE1  -8.112  1.944  6.368  118.06
486  33  TYR  CE2  -8.818  3.312  8.267  118.06
487  33  TYR  CZ  -8.326  2.11  7.75  3.27
488  33  TYR  OH  -7.963  1.117  8.627  7.2
489  33  TYR  H  -10.369  6.774  3.39  8.67
490  33  TYR  HA  -10.939  4.422  4.137  3.79
491  33  TYR  HB2  -8.725  5.272  4.265  3.08
492  33  TYR  HB3  -9.134  6.167  5.476  2.77
493  33  TYR  HD1  -8.308  2.858  4.595  6.7
494  33  TYR  HD2  -9.441  5.144  7.717  6.7
495  33  TYR  HE1  -7.758  1.149  6.039  6.59
496  33  TYR  HE2  -8.941  3.421  9.182  6.59
497  33  TYR  HH  -8.148  1.354  9.411  29.75
498  34  LYS  N  -11.805  6.572  6.388  116.24
499  34  LYS  CA  -12.606  6.7  7.628  59.99
500  34  LYS  C  -14.076  6.342  7.389  180.29
501  34  LYS  O  -14.722  5.79  8.285  2.51
502  34  LYS  CB  -12.476  8.087  8.205  33
503  34  LYS  CG  -11.126  8.299  8.896  25.77
504  34  LYS  CD  -10.955  9.764  9.162  29.17
505  34  LYS  CE  -9.781  10.03  10.077  42.25
506  34  LYS  NZ  -9.406  11.461  9.917  33.1
507  34  LYS  H  -11.478  7.305  6.078  8.31
508  34  LYS  HA  -12.254  6.066  8.273  3.96
509  34  LYS  HB2  -12.582  8.742  7.497  1.78
510  34  LYS  HB3  -13.192  8.239  8.842  1.72
511  34  LYS  HG2  -11.09  7.799  9.726  1.6
512  34  LYS  HG3  -10.405  7.971  8.336  1.43
513  34  LYS  HD2  -10.825  10.233  8.323  1.69
514  34  LYS  HD3  -11.765  10.118  9.562  1.69
515  34  LYS  HE2  -10.016  9.84  10.999  2.97
516  34  LYS  HE3  -9.034  9.454  9.85  2.97
517  34  LYS  HZ1  -8.715  11.648  10.446  6.64
518  34  LYS  HZ2  -9.182  11.616  9.07  3.41
519  34  LYS  HZ3  -10.097  11.976  10.14  8.16
520  35  GLN  N  -14.577  6.644  6.182  119.07
521  35  GLN  CA  -15.937  6.285  5.782  58.56
522  35  GLN  C  -16.098  4.785  5.654  179.08
523  35  GLN  O  -17.069  4.213  6.165  1.78
524  35  GLN  CB  -16.381  7.01  4.506  27.02
525  35  GLN  CG  -16.727  8.5  4.776  33.84
526  35  GLN  CD  -16.691  9.367  3.506  178.54
527  35  GLN  OE1  -16.36  8.892  2.397  54.5
528  35  GLN  NE2  -16.984  10.645  3.676  106.81
529  35  GLN  H  -14.134  7.063  5.576  7.76
530  35  GLN  HA  -16.526  6.585  6.492  3.86
531  35  GLN  HB2  -15.675  6.957  3.843  2.23
532  35  GLN  HB3  -17.156  6.561  4.132  1.47
533  35  GLN  HG2  -17.61  8.555  5.173  2.03
534  35  GLN  HG3  -16.101  8.859  5.424  1.92
535  35  GLN  HE21  -17.208  10.935  4.454  6.69
536  35  GLN  HE22  -16.951  11.186  3.008  5.26
537  36  LEU  N  -15.161  4.151  4.962  122.72
538  36  LEU  CA  -15.153  2.708  4.834  58.25
539  36  LEU  C  -15.077  2.05  6.221  177.93
540  36  LEU  O  -15.785  1.053  6.469  7.45
541  36  LEU  CB  -13.98  2.236  3.908  42.19
542  36  LEU  CG  -13.934  0.733  3.582  27.52
543  36  LEU  CD1  -15.216  0.25  2.84  26.03
544  36  LEU  CD2  -12.64  0.382  2.762  25.29
545  36  LEU  H  -14.515  4.547  4.555  8.49
546  36  LEU  HA  -15.982  2.429  4.415  3.93
547  36  LEU  HB2  -14.034  2.727  3.073  1.7
548  36  LEU  HB3  -13.141  2.482  4.329  1.19
549  36  LEU  HG  -13.902  0.257  4.426  1.23
550  36  LEU  HD11  -15.145  -0.699  2.655  25.09
551  36  LEU  HD12  -15.993  0.413  3.397  8.93
552  36  LEU  HD13  -15.309  0.736  2.005  5.38
553  36  LEU  HD21  -12.629  -0.568  2.566  3.88
554  36  LEU  HD22  -12.637  0.883  1.931  1.32
555  36  LEU  HD23  -11.854  0.614  3.282  1.65
556  37  GLU  N  -14.236  2.594  7.105  120.35
557  37  GLU  CA  -14.108  2.047  8.461  58.11
558  37  GLU  C  -15.406  2.151  9.289  178.07
559  37  GLU  O  -15.796  1.19  10.007  3.21
560  37  GLU  CB  -12.9  2.628  9.215  28.48
561  37  GLU  CG  -12.892  2.228  10.733  35.08
562  37  GLU  CD  -12.721  0.706  10.962  3.7
563  37  GLU  OE1  -12.395  -0.021  10  113.87
564  37  GLU  OE2  -12.908  0.24  12.111  44.1
565  37  GLU  H  -13.735  3.274  6.942  8.52
566  37  GLU  HA  -13.942  1.099  8.342  4.29
567  37  GLU  HB2  -12.082  2.318  8.797  1.84
568  37  GLU  HB3  -12.909  3.595  9.138  1.7
569  37  GLU  HG2  -12.173  2.699  11.182  2.32
570  37  GLU  HG3  -13.721  2.52  11.143  2.03
571  38  ALA  N  -16.036  3.325  9.238  121.13
572  38  ALA  CA  -17.342  3.53  9.888  55.12
573  38  ALA  C  -18.375  2.551  9.314  180.67
574  38  ALA  O  -19.131  1.905  10.062  18.6
575  38  ALA  CB  -17.798  5.012  9.709  18.13
576  38  ALA  H  -15.728  4.018  8.833  7.83
577  38  ALA  HA  -17.262  3.354  10.838  4.04
578  38  ALA  HB1  -18.658  5.14  10.139  4.2
579  38  ALA  HB2  -17.144  5.603  10.113  2.96
580  38  ALA  HB3  -17.876  5.215  8.764  112.37
581  39  ALA  N  -18.403  2.398  7.99  120.1
582  39  ALA  CA  -19.327  1.411  7.393  54.29
583  39  ALA  C  -19.086  -0.012  7.939  180.2
584  39  ALA  O  -20.042  -0.758  8.278  9.04
585  39  ALA  CB  -19.222  1.431  5.833  18.03
586  39  ALA  H  -17.917  2.835  7.431  7.54
587  39  ALA  HA  -20.227  1.667  7.648  4.2
588  39  ALA  HB1  -19.834  0.778  5.459  51.6
589  39  ALA  HB2  -19.451  2.314  5.504  172.38
590  39  ALA  HB3  -18.315  1.213  5.567  1.31
591  40  ARG  N  -17.806  -0.379  8.039  124.47
592  40  ARG  CA  -17.414  -1.696  8.554  58.74
593  40  ARG  C  -17.842  -1.901  10.015  180.76
594  40  ARG  O  -18.266  -3.007  10.396  34.19
595  40  ARG  CB  -15.892  -1.88  8.428  30.89
596  40  ARG  CG  -15.434  -3.334  8.629  27.04
597  40  ARG  CD  -13.942  -3.379  8.884  42.28
598  40  ARG  NE  -13.612  -2.664  10.12  83.31
599  40  ARG  CZ  -13.752  -3.184  11.336  174.48
600  40  ARG  NH1  -14.182  -4.442  11.487  2.26
601  40  ARG  NH2  -13.45  -2.453  12.4  43.7
602  40  ARG  H  -17.145  0.123  7.813  8.81
603  40  ARG  HA  -17.873  -2.362  8.018  4.68
604  40  ARG  HB2  -15.608  -1.577  7.552  2.1
605  40  ARG  HB3  -15.45  -1.315  9.081  1.71
606  40  ARG  HG2  -15.909  -3.73  9.376  1.64
607  40  ARG  HG3  -15.651  -3.861  7.844  1.45
608  40  ARG  HD2  -13.647  -4.301  8.948  3.48
609  40  ARG  HD3  -13.468  -2.981  8.137  2.39
610  40  ARG  HE  -13.31  -1.861  10.055  9.47
611  40  ARG  HH11  -14.369  -4.918  10.796  174.48
612  40  ARG  HH12  -14.271  -4.774  12.275  7.35
613  40  ARG  HH21  -13.165  -1.647  12.302  70.3
614  40  ARG  HH22  -13.539  -2.784  13.189  4.88
615  41  LYS  N  -17.695  -0.849  10.832  117.54
616  41  LYS  CA  -18.136  -0.929  12.229  59.56
617  41  LYS  C  -19.633  -1.205  12.371  178.23
618  41  LYS  O  -20.077  -1.711  13.413  3.91
619  41  LYS  CB  -17.76  0.327  12.993  33
620  41  LYS  CG  -16.431  0.225  13.713  26.24
621  41  LYS  CD  -15.638  1.486  13.478  29.45
622  41  LYS  CE  -14.635  1.735  14.586  42.31
623  41  LYS  NZ  -13.358  2.227  14.003  126.97
624  41  LYS  H  -17.35  -0.096  10.602  8.26
625  41  LYS  HA  -17.67  -1.688  12.614  3.96
626  41  LYS  HB2  -17.728  1.074  12.376  1.99
627  41  LYS  HB3  -18.455  0.523  13.64  1.91
628  41  LYS  HG2  -16.575  0.094  14.663  1.77
629  41  LYS  HG3  -15.936  -0.545  13.392  1.43
630  41  LYS  HD2  -15.173  1.422  12.629  1.7
631  41  LYS  HD3  -16.243  2.241  13.414  1.7
632  41  LYS  HE2  -14.987  2.386  15.213  3
633  41  LYS  HE3  -14.48  0.917  15.084  3
634  41  LYS  HZ1  -12.752  2.317  14.649  8.94
635  41  LYS  HZ2  -13.063  1.644  13.399  4.93
636  41  LYS  HZ3  -13.494  3.015  13.612  3.28
637  42  ILE  N  -20.409  -0.888  11.342  110.84
638  42  ILE  CA  -21.84  -1.191  11.377  60.96
639  42  ILE  C  -22.252  -2.25  10.363  176.62
640  42  ILE  O  -23.409  -2.291  9.943  7.6
641  42  ILE  CB  -22.741  0.08  11.342  37.89
642  42  ILE  CG1  -22.447  0.962  10.138  27.63
643  42  ILE  CG2  -22.583  0.862  12.643  18.84
644  42  ILE  CD  -23.482  2.032  10.003  62.4
645  42  ILE  H  -20.135  -0.503  10.623  7.3
646  42  ILE  HA  -21.998  -1.591  12.247  4.63
647  42  ILE  HB  -23.662  -0.211  11.254  2.33
648  42  ILE  HG21  -23.145  1.652  12.616  22.6
649  42  ILE  HG22  -22.846  0.303  13.391  21.7
650  42  ILE  HG23  -21.657  1.129  12.75  9.22
651  43  GLY  N  -21.29  -3.117  10.004  108.27
652  43  GLY  CA  -21.593  -4.441  9.435  45.74
653  43  GLY  C  -21.202  -4.615  7.965  173.97
654  43  GLY  O  -21.522  -5.637  7.368  3.23
655  43  GLY  H  -20.449  -2.954  10.084  7.83
656  43  GLY  HA2  -21.136  -5.117  9.96  4.6
657  43  GLY  HA3  -22.544  -4.607  9.525  3.58
658  44  PHE  N  -20.563  -3.606  7.373  125.49
659  44  PHE  CA  -20.2  -3.641  5.957  59.22
660  44  PHE  C  -18.966  -4.521  5.759  171.16
661  44  PHE  O  -17.886  -4.195  6.25  173.68
662  44  PHE  CB  -19.895  -2.237  5.449  40.29
663  44  PHE  CG  -19.648  -2.151  3.958  41.4
664  44  PHE  CD1  -20.612  -2.569  3.036  131.64
665  44  PHE  CD2  -18.474  -1.586  3.486  131.64
666  44  PHE  CE1  -20.358  -2.455  1.637  117.29
667  44  PHE  CE2  -18.227  -1.45  2.107  113.31
668  44  PHE  CZ  -19.153  -1.894  1.193  54.13
669  44  PHE  H  -20.329  -2.885  7.779  8.03
670  44  PHE  HA  -20.948  -4.005  5.459  4.54
671  44  PHE  HB2  -20.636  -1.654  5.677  3.01
672  44  PHE  HB3  -19.114  -1.899  5.915  2.43
673  44  PHE  HD1  -21.419  -2.921  3.335  7.14
674  44  PHE  HD2  -17.835  -1.29  4.094  7.14
675  44  PHE  HE1  -20.989  -2.752  1.022  7.39
676  44  PHE  HE2  -17.436  -1.059  1.814  7.39
677  44  PHE  HZ  -18.98  -1.822  0.282  7.27
678  45  HSE  N  -19.152  -5.629  5.044  127.02
679  45  HSE  CA  -18.131  -6.672  4.832  55.36
680  45  HSE  C  -18.125  -7.002  3.333  175.31
681  45  HSE  O  -19.176  -7.377  2.801  176.08
682  45  HSE  CB  -18.545  -7.91  5.664  34.9
683  45  HSE  CG  -17.614  -9.085  5.57  63.6
684  45  HSE  ND1  -16.811  -9.483  6.617  247.73
685  45  HSE  CD2  -17.39  -9.972  4.569  118.16
686  45  HSE  CE1  -16.119  -10.549  6.26  140.16
687  45  HSE  NE2  -16.447  -10.861  5.019  167.67
688  46  VAL  N  -16.977  -6.872  2.664  126.52
689  46  VAL  CA  -16.847  -7.306  1.265  61.97
690  46  VAL  C  -15.428  -7.868  1.091  173.78
691  46  VAL  O  -14.463  -7.191  1.412  51.6
692  46  VAL  CB  -17.033  -6.145  0.242  35.41
693  46  VAL  CG1  -17.008  -6.699  -1.175  22.51
694  46  VAL  CG2  -18.335  -5.363  0.471  21.63
695  46  VAL  H  -16.261  -6.535  3  8.17
696  46  VAL  HA  -17.541  -7.96  1.089  3.68
697  46  VAL  HB  -16.298  -5.526  0.372  2.37
698  46  VAL  HG11  -17.124  -5.974  -1.808  57.13
699  46  VAL  HG12  -16.157  -7.136  -1.337  117.89
700  46  VAL  HG13  -17.727  -7.341  -1.284  124.47
701  46  VAL  HG21  -18.407  -4.654  -0.187  60.4
702  46  VAL  HG22  -19.092  -5.963  0.383  177.78
703  46  VAL  HG23  -18.329  -4.978  1.361  1.62
704  47  CYS  N  -15.316  -9.099  0.602  127.04
705  47  CYS  CA  -13.985  -9.673  0.394  55.4
706  47  CYS  C  -13.496  -9.362  -1.031  172.64
707  47  CYS  O  -13.39  -10.249  -1.866  111.9
708  47  CYS  CB  -13.945  -11.171  0.715  45.25
709  47  CYS  SG  -12.218  -11.766  0.881  110.81
710  47  CYS  H  -15.976  -9.608  0.389  8.62
711  47  CYS  HA  -13.371  -9.256  1.019  4.5
712  47  CYS  HB2  -14.429  -11.341  1.538  3.56
713  47  CYS  HB3  -14.395  -11.667  0.013  2.26
714  47  CYS  HG  -12.221  -12.939  1.134  50.25
715  48  ALA  N  -13.229  -8.086  -1.285  120.74
716  48  ALA  CA  -12.787  -7.619  -2.604  51.44
717  48  ALA  C  -12.068  -6.297  -2.465  173.9
718  48  ALA  O  -12.656  -5.289  -2.026  8.65
719  48  ALA  CB  -13.99  -7.486  -3.577  20.6
720  48  ALA  H  -13.298  -7.461  -0.698  6.56
721  48  ALA  HA  -12.175  -8.274  -2.975  4.31
722  48  ALA  HB1  -13.675  -7.177  -4.441  62.85
723  48  ALA  HB2  -14.42  -8.349  -3.68  8.93
724  48  ALA  HB3  -14.627  -6.849  -3.219  111.67
725  49  ALA  N  -10.791  -6.283  -2.848  130.38
726  49  ALA  CA  -9.99  -5.078  -2.744  53.62
727  49  ALA  C  -10.562  -4.042  -3.718  175.99
728  49  ALA  O  -10.885  -4.377  -4.872  26.7
729  49  ALA  CB  -8.518  -5.4  -3.088  18.43
730  49  ALA  H  -10.375  -6.964  -3.17  8.36
731  49  ALA  HA  -10.016  -4.725  -1.841  3.86
732  49  ALA  HB1  -7.985  -4.593  -3.018  113.12
733  49  ALA  HB2  -8.179  -6.066  -2.469  9.14
734  49  ALA  HB3  -8.465  -5.744  -3.993  3.92
735  50  GLY  N  -10.663  -2.802  -3.268  106.99
736  50  GLY  CA  -11.125  -1.715  -4.104  43.91
737  50  GLY  C  -10.394  -0.413  -3.867  170.86
738  50  GLY  O  -9.948  -0.142  -2.76  8.03
739  50  GLY  H  -10.464  -2.568  -2.465  8.71
740  50  GLY  HA2  -11.025  -1.968  -5.035  4.54
741  50  GLY  HA3  -12.072  -1.578  -3.948  3.48
742  51  TRP  N  -10.336  0.417  -4.913  121.38
743  51  TRP  CA  -9.905  1.805  -4.801  59.03
744  51  TRP  C  -10.806  2.622  -3.853  174.18
745  51  TRP  O  -12.038  2.455  -3.817  174.32
746  51  TRP  CB  -9.908  2.492  -6.176  32.27
747  51  TRP  CG  -8.909  1.916  -7.167  7.54
748  51  TRP  CD1  -9.179  1.108  -8.242  129.61
749  51  TRP  CD2  -7.489  2.144  -7.171  3.2
750  51  TRP  NE1  -7.992  0.811  -8.912  131.3
751  51  TRP  CE2  -6.951  1.438  -8.268  117.77
752  51  TRP  CE3  -6.623  2.88  -6.344  123.09
753  51  TRP  CZ2  -5.567  1.459  -8.583  116.34
754  51  TRP  CZ3  -5.234  2.876  -6.628  121.68
755  51  TRP  CH2  -4.73  2.173  -7.754  62.1
756  51  TRP  H  -10.549  0.183  -5.713  8.63
757  51  TRP  HA  -9.006  1.78  -4.437  4.98
758  51  TRP  HB2  -10.798  2.427  -6.556  3.54
759  51  TRP  HB3  -9.719  3.436  -6.054  3.07
760  51  TRP  HD1  -10.023  0.805  -8.487  7.39
761  51  TRP  HE1  -7.923  0.317  -9.613  10.31
762  51  TRP  HE3  -6.956  3.362  -5.622  7.7
763  51  TRP  HZ2  -5.236  1.006  -9.325  8.17
764  51  TRP  HZ3  -4.648  3.338  -6.072  7.33
765  51  TRP  HH2  -3.818  2.195  -7.935  7.51
766  52  MET  N  -10.164  3.52  -3.12  118.55
767  52  MET  CA  -10.86  4.475  -2.268  54.49
768  52  MET  C  -10.143  5.809  -2.342  174.72
769  52  MET  O  -9.2  5.955  -3.114  5.56
770  52  MET  CB  -11.023  3.91  -0.835  39.42
771  52  MET  CG  -9.747  3.906  -0.008  32.67
772  52  MET  SD  -9.884  3.004  1.586  119.41
773  52  MET  CE  -9.66  1.392  0.982  17.23
774  52  MET  H  -9.307  3.594  -3.102  9.12
775  52  MET  HA  -11.766  4.626  -2.58  4.98
776  52  MET  HB2  -11.695  4.431  -0.369  2.62
777  52  MET  HB3  -11.359  3.002  -0.894  2.03
778  52  MET  HG2  -9.035  3.508  -0.533  2.7
779  52  MET  HG3  -9.488  4.823  0.172  2.4
780  52  MET  HE1  -9.704  0.761  1.718  6.76
781  52  MET  HE2  -10.357  1.187  0.339  8.55
782  52  MET  HE3  -8.793  1.325  0.551  4.62
783  53  ALA  N  -10.579  6.796  -1.557  120.08
784  53  ALA  CA  -10.026  8.133  -1.659  53.91
785  53  ALA  C  -8.49  8.125  -1.514  178.33
786  53  ALA  O  -7.897  7.321  -0.783  34.15
787  53  ALA  CB  -10.646  9.054  -0.64  19.65
788  53  ALA  H  -11.193  6.706  -0.962  8.55
789  53  ALA  HA  -10.24  8.466  -2.545  4.21
790  53  ALA  HB1  -10.261  9.94  -0.728  56.73
791  53  ALA  HB2  -11.604  9.102  -0.787  175.08
792  53  ALA  HB3  -10.473  8.714  0.252  2.75
793  54  LYS  N  -7.858  9.019  -2.259  112.14
794  54  LYS  CA  -6.415  9.233  -2.189  57.96
795  54  LYS  C  -5.598  8.16  -2.912  175.89
796  54  LYS  O  -4.389  8.16  -2.855  2.32
797  54  LYS  CB  -5.946  9.364  -0.741  30.16
798  54  LYS  CG  -6.348  10.635  -0.047  25.87
799  54  LYS  CD  -5.693  10.742  1.309  29.53
800  54  LYS  CE  -4.213  11.127  1.188  42.25
801  54  LYS  NZ  -3.283  10.545  2.225  5.35
802  54  LYS  H  -8.257  9.526  -2.827  8.87
803  54  LYS  HA  -6.254  10.067  -2.657  3.85
804  54  LYS  HB2  -6.294  8.613  -0.235  2.31
805  54  LYS  HB3  -4.979  9.295  -0.723  2.04
806  54  LYS  HG2  -6.098  11.398  -0.592  1.48
807  54  LYS  HG3  -7.312  10.662  0.053  1.41
808  54  LYS  HD2  -6.158  11.404  1.843  1.71
809  54  LYS  HD3  -5.771  9.895  1.776  1.71
810  54  LYS  HE2  -3.899  10.856  0.311  3.02
811  54  LYS  HE3  -4.146  12.094  1.227  3.02
812  54  LYS  HZ1  -2.453  10.825  2.07  4.82
813  54  LYS  HZ2  -3.539  10.81  3.035  22.3
814  54  LYS  HZ3  -3.309  9.656  2.182  9.03
815  55  GLY  N  -6.284  7.245  -3.577  103.92
816  55  GLY  CA  -5.657  6.114  -4.22  46.13
817  55  GLY  C  -5.236  4.96  -3.327  173.92
818  55  GLY  O  -4.436  4.144  -3.717  58.13
819  55  GLY  H  -7.139  7.267  -3.667  8.26
820  55  GLY  HA2  -6.269  5.77  -4.889  4
821  55  GLY  HA3  -4.871  6.433  -4.692  3.73
822  56  ARG  N  -5.782  4.892  -2.123  121.89
823  56  ARG  CA  -5.682  3.693  -1.312  55.12
824  56  ARG  C  -6.483  2.528  -1.888  173.9
825  56  ARG  O  -7.488  2.744  -2.521  40.2
826  56  ARG  CB  -6.144  3.982  0.11  32.13
827  56  ARG  CG  -5.67  2.975  1.129  28.44
828  56  ARG  CD  -5.891  3.383  2.569  43.87
829  56  ARG  NE  -5.147  4.57  2.928  82.69
830  56  ARG  CZ  -3.854  4.58  3.141  4.54
831  56  ARG  NH1  -3.172  3.46  3.071  2.86
832  56  ARG  NH2  -3.247  5.702  3.45  2.79
833  56  ARG  H  -6.218  5.536  -1.755  6.86
834  56  ARG  HA  -4.748  3.43  -1.309  4.81
835  56  ARG  HB2  -5.83  4.862  0.369  1.74
836  56  ARG  HB3  -7.113  4.011  0.125  1.68
837  56  ARG  HG2  -6.125  2.133  0.97  1.54
838  56  ARG  HG3  -4.723  2.815  0.992  1.47
839  56  ARG  HD2  -6.837  3.541  2.716  3.27
840  56  ARG  HD3  -5.631  2.653  3.153  3.09
841  56  ARG  HE  -5.577  5.311  3.006  7.91
842  56  ARG  HH11  -3.574  2.723  2.886  4.36
843  56  ARG  HH12  -2.323  3.464  3.21  3.7
844  56  ARG  HH21  -3.698  6.432  3.513  8.34
845  56  ARG  HH22  -2.398  5.707  3.59  4.79
846  57  VAL  N  -6.041  1.3  -1.64  122.42
847  57  VAL  CA  -6.812  0.134  -2.004  60.04
848  57  VAL  C  -6.967  -0.675  -0.724  173.8
849  57  VAL  O  -6.043  -0.8  0.048  173.78
850  57  VAL  CB  -6.115  -0.681  -3.096  35.41
851  57  VAL  CG1  -6.797  -2.062  -3.296  24.56
852  57  VAL  CG2  -6.12  0.101  -4.424  21.34
853  57  VAL  H  -5.29  1.126  -1.258  7.1
854  57  VAL  HA  -7.674  0.383  -2.373  4.67
855  57  VAL  HB  -5.2  -0.835  -2.814  0.85
856  57  VAL  HG11  -6.334  -2.554  -3.992  4.91
857  57  VAL  HG12  -6.76  -2.564  -2.467  115.17
858  57  VAL  HG13  -7.723  -1.932  -3.554  61.9
859  57  VAL  HG21  -5.677  -0.423  -5.11  174.18
860  57  VAL  HG22  -7.035  0.276  -4.693  4.44
861  57  VAL  HG23  -5.651  0.942  -4.306  33.7
862  58  GLY  N  -8.143  -1.238  -0.496  112.9
863  58  GLY  CA  -8.277  -2.114  0.657  46.37
864  58  GLY  C  -9.656  -2.737  0.648  171.44
865  58  GLY  O  -10.392  -2.637  -0.335  4.12
866  58  GLY  H  -8.85  -1.133  -0.974  8.17
867  58  GLY  HA2  -7.597  -2.806  0.633  3.89
868  58  GLY  HA3  -8.142  -1.612  1.476  3.74
869  59  TYR  N  -10  -3.402  1.743  111.35
870  59  TYR  CA  -11.355  -3.993  1.809  56.23
871  59  TYR  C  -11.749  -4.266  3.242  8.45
872  59  TYR  O  -10.89  -4.573  4.058  4.25
873  59  TYR  CB  -11.47  -5.277  0.979  34.54
874  59  TYR  CG  -10.531  -6.411  1.335  56.3
875  59  TYR  CD1  -10.945  -7.45  2.181  118.25
876  59  TYR  CD2  -9.256  -6.498  0.764  118.25
877  59  TYR  CE1  -10.101  -8.529  2.483  118.02
878  59  TYR  CE2  -8.395  -7.587  1.068  118.07
879  59  TYR  CZ  -8.83  -8.584  1.918  38.03
880  59  TYR  OH  -8.006  -9.643  2.213  131.59
881  59  TYR  H  -9.501  -3.525  2.432  7.74
882  59  TYR  HA  -11.965  -3.342  1.428  4.38
883  59  TYR  HB2  -12.38  -5.604  1.054  3.72
884  59  TYR  HB3  -11.327  -5.048  0.047  3.2
885  59  TYR  HD1  -11.798  -7.423  2.55  6.3
886  59  TYR  HD2  -8.969  -5.835  0.178  6.3
887  59  TYR  HE1  -10.388  -9.202  3.056  6.26
888  59  TYR  HE2  -7.543  -7.628  0.696  6.16
889  59  TYR  HH  -7.276  -9.552  1.808  39.53
890  60  PRO  N  -13.064  -4.147  3.539  7.25
891  60  PRO  CA  -13.506  -4.291  4.927  62.46
892  60  PRO  C  -13.845  -5.718  5.354  177.97
893  60  PRO  O  -14.643  -6.406  4.679  115.97
894  60  PRO  CB  -14.762  -3.395  4.985  33.45
895  60  PRO  CG  -15.346  -3.431  3.609  26.97
896  60  PRO  CD  -14.169  -3.737  2.632  50.68
897  60  PRO  HA  -12.795  -4.043  5.539  4.54
898  60  PRO  HB2  -15.396  -3.725  5.641  1.87
899  60  PRO  HB3  -14.532  -2.489  5.243  1.63
900  60  PRO  HG2  -16.034  -4.112  3.544  1.86
901  60  PRO  HG3  -15.764  -2.584  3.39  1.86
902  60  PRO  HD2  -14.398  -4.442  2.006  3.72
903  60  PRO  HD3  -13.929  -2.958  2.106  3.72
904  61  ILE  N  -13.252  -6.145  6.471  106.95
905  61  ILE  CA  -13.62  -7.418  7.102  56.71
906  61  ILE  C  -14.319  -7.185  8.446  7.12
907  61  ILE  O  -13.808  -6.488  9.319  123.57
908  61  ILE  CB  -12.392  -8.37  7.255  38.42
909  61  ILE  CG1  -11.753  -8.638  5.879  26.44
910  61  ILE  CG2  -12.786  -9.685  7.972  18.43
911  61  ILE  CD1  -12.73  -9.207  4.823  9.72
912  61  ILE  H  -12.632  -5.712  6.881  9.57
913  61  ILE  HA  -14.249  -7.862  6.512  4.44
914  61  ILE  HB  -11.73  -7.933  7.813  2.08
915  61  ILE  HG12  -11.376  -7.81  5.542  1.38
916  61  ILE  HG13  -11.017  -9.26  5.992  1.38
917  61  ILE  HG21  -12.006  -10.256  8.053  3.09
918  61  ILE  HG22  -13.13  -9.481  8.856  2.74
919  61  ILE  HG23  -13.469  -10.143  7.457  121.27
920  61  ILE  HD11  -12.257  -9.349  3.988  53.1
921  61  ILE  HD12  -13.091  -10.051  5.137  174.58
922  61  ILE  HD13  -13.455  -8.579  4.681  1.72
923  62  VAL  N  -15.502  -7.781  8.597  132.74
924  62  VAL  CA  -16.249  -7.728  9.867  64.5
925  62  VAL  C  -16.002  -9.008  10.67  175.19
926  62  VAL  O  -15.805  -8.953  11.892  22.6
927  62  VAL  CB  -17.775  -7.498  9.616  34.21
928  62  VAL  CG1  -18.619  -7.695  10.901  23.16
929  62  VAL  CG2  -18.01  -6.122  9.022  21.4
930  62  VAL  H  -15.896  -8.225  7.975  11.15
931  62  VAL  HA  -15.928  -6.973  10.385  3.98
932  62  VAL  HB  -18.069  -8.17  8.981  2.11
933  62  VAL  HG11  -19.556  -7.543  10.7  41.93
934  62  VAL  HG12  -18.502  -8.6  11.23  176.65
935  62  VAL  HG13  -18.328  -7.065  11.579  58.46
936  62  VAL  HG21  -18.959  -5.992  8.871  7.66
937  62  VAL  HG22  -17.685  -5.445  9.635  4.54
938  62  VAL  HG23  -17.536  -6.048  8.179  125.57
939  63  LYS  N  -16.044  -10.154  9.987  122.55
940  63  LYS  CA  -15.782  -11.455  10.61  53
941  63  LYS  C  -14.705  -12.231  9.849  1.62
942  63  LYS  O  -14.817  -12.429  8.636  38.1
943  63  LYS  CB  -17.06  -12.296  10.714  33.22
944  63  LYS  CG  -17.743  -12.273  12.096  24.54
945  63  LYS  CD  -18.552  -10.982  12.282  29.25
946  63  LYS  CE  -19.159  -10.841  13.676  41.73
947  63  LYS  NZ  -19.225  -9.38  14.045  4.64
948  63  LYS  H  -16.226  -10.199  9.148  7.54
949  63  LYS  HA  -15.458  -11.278  11.507  4.79
950  63  LYS  HB2  -17.693  -11.982  10.05  1.62
951  63  LYS  HB3  -16.846  -13.215  10.489  1.47
952  63  LYS  HG2  -18.328  -13.042  12.185  1.26
953  63  LYS  HG3  -17.073  -12.343  12.794  1.26
954  63  LYS  HD2  -17.977  -10.22  12.109  1.54
955  63  LYS  HD3  -19.263  -10.956  11.623  1.54
956  63  LYS  HE2  -20.047  -11.23  13.694  2.77
957  63  LYS  HE3  -18.624  -11.325  14.324  2.77
958  63  LYS  HZ1  -19.578  -9.294  14.857  58.1
959  63  LYS  HZ2  -18.404  -9.035  14.041  177.78
960  63  LYS  HZ3  -19.731  -8.947  13.455  66.43
961  64  PRO  N  -13.67  -12.697  10.561  42.8
962  64  PRO  CA  -12.565  -13.398  9.892  63.45
963  64  PRO  C  -12.955  -14.796  9.395  174.86
964  64  PRO  O  -13.971  -15.351  9.834  2.03
965  64  PRO  CB  -11.495  -13.488  10.985  32.19
966  64  PRO  CG  -12.252  -13.439  12.264  27.36
967  64  PRO  CD  -13.489  -12.628  12.022  50.56
968  64  PRO  HA  -12.274  -12.932  9.093  4.38
969  64  PRO  HB2  -10.984  -14.309  10.91  2.26
970  64  PRO  HB3  -10.864  -12.754  10.921  1.88
971  64  PRO  HG2  -12.483  -14.334  12.559  1.98
972  64  PRO  HG3  -11.713  -13.039  12.965  1.88
973  64  PRO  HD2  -14.253  -12.994  12.494  3.71
974  64  PRO  HD3  -13.38  -11.713  12.325  3.71
975  65  LYS  N  -9.797  -11.592  9.21  109.62
976  65  LYS  CA  -8.877  -10.794  10.034  45.54
977  65  LYS  C  -9.407  -9.375  10.205  52.8
978  65  LYS  O  -9.09  -8.483  9.412  177.98
979  65  LYS  CB  -7.471  -10.813  9.42  23.65
980  65  LYS  CG  -7.453  -11.216  7.946  40.5
981  65  LYS  CD  -6.059  -11.139  7.349  116.21
982  65  LYS  CE  -6.127  -11.294  5.837  56.53
983  65  LYS  NZ  -4.934  -11.987  5.265  2.16
984  65  LYS  HA  -8.818  -11.186  10.919  7.97
985  65  LYS  HB2  -7.074  -9.933  9.512  4.83
986  65  LYS  HB3  -6.915  -11.429  9.923  2.87
987  65  LYS  HG2  -7.793  -12.12  7.855  2.33
988  65  LYS  HG3  -8.05  -10.637  7.446  121.77
989  65  LYS  HD2  -5.649  -10.29  7.576  60.4
990  65  LYS  HD3  -5.499  -11.835  7.727  175.18
991  65  LYS  HE2  -6.926  -11.792  5.604  4.31
992  65  LYS  HE3  -6.211  -10.417  5.431  40.2
993  65  LYS  HZ1  -5.023  -12.052  4.382  2.79
994  65  LYS  HZ2  -4.2  -11.521  5.455  114.99
995  65  LYS  HZ3  -4.867  -12.802  5.617  55.69
996  66  THR  N  -10.216  -9.16  11.244  173.03
997  66  THR  CA  -11.153  -8.018  11.248  64.87
998  66  THR  C  -10.472  -6.646  11.104  177.2
999  66  THR  O  -9.36  -6.425  11.602  9.02
1000  66  THR  CB  -12.155  -8.028  12.438  32.42
1001  66  THR  OG1  -11.506  -7.608  13.641  2.61
1002  66  THR  CG2  -12.732  -9.408  12.656  2.27
1003  66  THR  H  -10.243  -9.652  11.949  6.52
1004  66  THR  HA  -11.675  -8.153  10.442  4.03
1005  66  THR  HB  -12.873  -7.414  12.217  6.99
1006  66  THR  HG1  -12.057  -7.616  14.275  5.71
1007  66  THR  HG21  -13.352  -9.386  13.402  2.79
1008  66  THR  HG22  -13.2  -9.693  11.856  131.47
1009  66  THR  HG23  -12.015  -10.032  12.851  53.7
1010  67  GLY  N  -11.155  -5.74  10.419  113.92
1011  67  GLY  CA  -10.626  -4.427  10.135  52.89
1012  67  GLY  C  -10.592  -4.26  8.63  173.32
1013  67  GLY  O  -11.036  -5.137  7.89  8.63
1014  67  GLY  H  -11.944  -5.876  10.106  8.37
1015  67  GLY  HA2  -11.18  -3.742  10.541  8.2
1016  67  GLY  HA3  -9.736  -4.331  10.508  4.05
1017  68  ILE  N  -10.084  -3.118  8.183  118.36
1018  68  ILE  CA  -9.813  -2.889  6.766  54.29
1019  68  ILE  C  -8.44  -3.47  6.468  176.76
1020  68  ILE  O  -7.467  -3.164  7.165  1.89
1021  68  ILE  CB  -9.879  -1.393  6.423  44.61
1022  68  ILE  CG1  -11.323  -0.869  6.611  2.14
1023  68  ILE  CG2  -9.39  -1.122  4.935  129.47
1024  68  ILE  CD  -11.394  0.626  6.543  54.8
1025  68  ILE  H  -9.886  -2.453  8.691  7.31
1026  68  ILE  HA  -10.485  -3.322  6.217  5.05
1027  68  ILE  HB  -9.285  -0.919  7.026  19.1
1028  68  ILE  HG21  -9.442  -0.172  4.745  9.21
1029  68  ILE  HG22  -8.473  -1.422  4.836  3.74
1030  68  ILE  HG23  -9.957  -1.607  4.315  3.67
1031  69  ILE  N  -8.362  -4.343  5.467  114.23
1032  69  ILE  CA  -7.074  -4.874  5.029  45.84
1033  69  ILE  C  -6.521  -3.766  4.131  177.55
1034  69  ILE  O  -7.175  -3.377  3.158  59.8
1035  69  ILE  CB  -7.239  -6.216  4.264  178.28
1036  69  ILE  CG1  -7.966  -7.248  5.151  60.29
1037  69  ILE  CG2  -5.862  -6.724  3.702  63.3
1038  69  ILE  CD  -7.223  -7.641  6.434  121.11
1039  69  ILE  H  -9.04  -4.64  5.03  9.57
1040  69  ILE  HA  -6.481  -5.086  5.767  4.33
1041  69  ILE  HB  -7.8  -6.075  3.485  4
1042  69  ILE  HG21  -5.994  -7.561  3.23  3.87
1043  69  ILE  HG22  -5.498  -6.064  3.092  3.94
1044  69  ILE  HG23  -5.243  -6.861  4.436  117.67
1045  70  ASP  N  -5.366  -3.203  4.501  111.23
1046  70  ASP  CA  -4.846  -2.024  3.797  58.99
1047  70  ASP  C  -3.824  -2.503  2.731  176.29
1048  70  ASP  O  -2.81  -3.067  3.079  32.9
1049  70  ASP  CB  -4.186  -1.066  4.844  36.14
1050  70  ASP  CG  -3.493  0.156  4.211  52.49
1051  70  ASP  OD1  -3.986  0.684  3.183  30.81
1052  70  ASP  OD2  -2.491  0.621  4.803  116.11
1053  70  ASP  H  -4.874  -3.484  5.148  7.5
1054  70  ASP  HA  -5.554  -1.537  3.347  4.29
1055  70  ASP  HB2  -4.866  -0.758  5.463  3.32
1056  70  ASP  HB3  -3.535  -1.565  5.363  3.14
1057  71  TYR  N  -4.111  -2.296  1.445  105.34
1058  71  TYR  CA  -3.104  -2.552  0.4  46.61
1059  71  TYR  C  -2.311  -1.269  0.122  174.65
1060  71  TYR  O  -1.455  -1.228  -0.765  53.9
1061  71  TYR  CB  -3.784  -3.024  -0.895  174.68
1062  71  TYR  CG  -4.248  -4.475  -0.928  2.03
1063  71  TYR  CD1  -4.198  -5.301  0.201  44
1064  71  TYR  CD2  -4.768  -5.007  -2.109  54.29
1065  71  TYR  CE1  -4.615  -6.63  0.137  121.44
1066  71  TYR  CE2  -5.218  -6.317  -2.172  116.61
1067  71  TYR  CZ  -5.138  -7.121  -1.058  8.23
1068  71  TYR  OH  -5.563  -8.443  -1.164  5.29
1069  71  TYR  H  -4.869  -2.012  1.155  7.38
1070  71  TYR  HA  -2.503  -3.247  0.711  1.98
1071  71  TYR  HB2  -4.553  -2.455  -1.059  114.37
1072  71  TYR  HB3  -3.167  -2.886  -1.63  54.8
1073  71  TYR  HD1  -3.882  -4.958  1.006  174.58
1074  71  TYR  HD2  -4.814  -4.472  -2.869  4.68
1075  71  TYR  HE1  -4.545  -7.182  0.882  35.2
1076  71  TYR  HE2  -5.573  -6.651  -2.964  27.6
1077  71  TYR  HH  -5.851  -8.584  -1.94  43.9
1078  72  GLY  N  -2.584  -0.219  0.9  120.09
1079  72  GLY  CA  -1.839  1.032  0.799  56.18
1080  72  GLY  C  -2.231  1.967  -0.339  175.49
1081  72  GLY  O  -2.974  1.605  -1.226  63.53
1082  72  GLY  H  -3.203  -0.214  1.497  6.96
1083  72  GLY  HA2  -1.939  1.513  1.635  5.63
1084  72  GLY  HA3  -0.898  0.818  0.705  1.73
1085  73  ILE  N  -1.682  3.181  -0.324  110.34
1086  73  ILE  CA  -1.854  4.056  -1.489  60.96
1087  73  ILE  C  -0.862  3.549  -2.54  173.92
1088  73  ILE  O  0.357  3.534  -2.284  3.07
1089  73  ILE  CB  -1.585  5.51  -1.139  71.06
1090  73  ILE  CG1  -2.682  6.023  -0.164  49.99
1091  73  ILE  CG2  -1.511  6.38  -2.445  22.09
1092  73  ILE  CD  -2.247  7.314  0.497  2.59
1093  73  ILE  H  -1.222  3.51  0.324  7.91
1094  73  ILE  HA  -2.767  4.027  -1.817  4.28
1095  73  ILE  HB  -0.727  5.585  -0.693  4.05
1096  73  ILE  HG21  -1.339  7.305  -2.209  60.1
1097  73  ILE  HG22  -0.795  6.053  -3.012  175.38
1098  73  ILE  HG23  -2.353  6.32  -2.922  32.43
1099  74  ARG  N  -1.415  3.131  -3.675  109.31
1100  74  ARG  CA  -0.711  2.408  -4.742  43.62
1101  74  ARG  C  0.062  3.382  -5.609  172.66
1102  74  ARG  O  -0.48  4.384  -6.081  27.99
1103  74  ARG  CB  -1.706  1.636  -5.613  8.9
1104  74  ARG  CG  -2.752  0.748  -4.785  5.14
1105  74  ARG  CD  -2.059  -0.298  -3.928  1.8
1106  74  ARG  NE  -1.214  -1.186  -4.718  1.78
1107  74  ARG  CZ  -0.181  -1.895  -4.26  1.56
1108  74  ARG  NH1  0.509  -2.626  -5.122  3.94
1109  74  ARG  NH2  0.208  -1.859  -2.975  2.2
1110  74  ARG  H  -2.245  3.265  -3.856  7.93
1111  74  ARG  HA  -0.096  1.781  -4.33  2.51
1112  74  ARG  HB2  -2.197  2.267  -6.163  2.51
1113  74  ARG  HB3  -1.212  1.058  -6.216  118.37
1114  74  ARG  HG2  -3.288  1.325  -4.219  126.77
1115  74  ARG  HG3  -3.361  0.309  -5.4  53.7
1116  74  ARG  HD2  -1.519  0.144  -3.254  174.08
1117  74  ARG  HD3  -2.726  -0.822  -3.458  62.83
1118  74  ARG  HE  -1.398  -1.259  -5.555  42.2
1119  74  ARG  HH11  0.287  -2.635  -5.953  4.15
1120  74  ARG  HH12  1.179  -3.092  -4.851  8.17
1121  74  ARG  HH21  -0.214  -1.365  -2.412  115.14
1122  74  ARG  HH22  0.879  -2.33  -2.716  9.5
1123  75  LEU  N  1.338  3.078  -5.816  120.68
1124  75  LEU  CA  2.134  3.873  -6.733  59.51
1125  75  LEU  C  1.545  3.831  -8.155  176.45
1126  75  LEU  O  1.423  4.857  -8.828  125.17
1127  75  LEU  CB  3.588  3.397  -6.715  36.35
1128  75  LEU  CG  4.369  4.348  -7.621  175.08
1129  75  LEU  CD1  5.039  5.435  -6.849  11.75
1130  75  LEU  CD2  5.323  3.554  -8.423  41.3
1131  75  LEU  H  1.754  2.426  -5.441  8.29
1132  75  LEU  HA  2.114  4.798  -6.441  4.3
1133  75  LEU  HB2  3.944  3.41  -5.813  27
1134  75  LEU  HB3  3.656  2.483  -7.034  8.38
1135  75  LEU  HG  3.755  4.802  -8.219  4.87
1136  75  LEU  HD11  5.522  6.015  -7.459  1.74
1137  75  LEU  HD12  4.371  5.952  -6.372  7.53
1138  75  LEU  HD13  5.66  5.046  -6.214  115.61
1139  75  LEU  HD21  5.827  4.144  -9.004  62.73
1140  75  LEU  HD22  5.932  3.086  -7.831  2.81
1141  75  LEU  HD23  4.836  2.91  -8.961  5.83
1142  76  ASN  N  1.178  2.635  -8.61  133.97
1143  76  ASN  CA  0.713  2.441  -9.971  59.52
1144  76  ASN  C  -0.805  2.583  -9.995  173.95
1145  76  ASN  O  -1.513  1.668  -9.566  121.57
1146  76  ASN  CB  1.138  1.066  -10.479  33.22
1147  76  ASN  CG  0.687  0.782  -11.89  179.68
1148  76  ASN  OD1  0.042  1.598  -12.552  66.99
1149  76  ASN  ND2  0.983  -0.423  -12.345  62.7
1150  76  ASN  H  1.193  1.918  -8.136  8.65
1151  76  ASN  HA  1.106  3.109  -10.555  3.65
1152  76  ASN  HB2  2.105  0.997  -10.436  4.14
1153  76  ASN  HB3  0.779  0.385  -9.889  3.76
1154  76  ASN  HD21  0.724  -0.662  -13.129  3.66
1155  76  ASN  HD22  1.435  -0.968  -11.857  2.88
1156  77  ARG  N  -1.286  3.739  -10.457  126.14
1157  77  ARG  CA  -2.753  3.993  -10.533  53.13
1158  77  ARG  C  -3.445  3.312  -11.703  176.36
1159  77  ARG  O  -4.663  3.438  -11.859  8.04
1160  77  ARG  CB  -3.077  5.499  -10.494  44.37
1161  77  ARG  CG  -2.536  6.219  -9.233  8.64
1162  77  ARG  CD  -3.06  5.717  -7.92  4.42
1163  77  ARG  NE  -2.365  6.377  -6.803  8.1
1164  77  ARG  CZ  -2.569  7.635  -6.401  4.28
1165  77  ARG  NH1  -3.486  8.413  -6.988  176.86
1166  77  ARG  NH2  -1.837  8.129  -5.405  112.37
1167  77  ARG  H  -0.796  4.39  -10.731  7.98
1168  77  ARG  HA  -3.12  3.58  -9.736  4.82
1169  77  ARG  HB2  -2.705  5.922  -11.283  2.92
1170  77  ARG  HB3  -4.039  5.616  -10.536  2.43
1171  77  ARG  HG2  -1.569  6.142  -9.227  3.81
1172  77  ARG  HG3  -2.745  7.163  -9.306  27.9
1173  77  ARG  HD2  -4.013  5.886  -7.86  21.4
1174  77  ARG  HD3  -2.938  4.756  -7.862  7.91
1175  77  ARG  HE  -1.78  5.915  -6.374  4
1176  77  ARG  HH11  -3.958  8.106  -7.638  1.84
1177  77  ARG  HH12  -3.603  9.22  -6.715  1.11
1178  77  ARG  HH21  -1.24  7.64  -5.027  39.19
1179  77  ARG  HH22  -1.962  8.938  -5.14  8.02
1180  78  SER  N  -2.696  2.565  -12.501  126.27
1181  78  SER  CA  -3.303  1.764  -13.57  58.85
1182  78  SER  C  -3.52  0.317  -13.113  178.56
1183  78  SER  O  -3.965  -0.529  -13.887  117.99
1184  78  SER  CB  -2.505  1.848  -14.888  36.94
1185  78  SER  OG  -1.316  1.076  -14.85  107.27
1186  78  SER  H  -1.84  2.504  -12.446  9.41
1187  78  SER  HA  -4.175  2.144  -13.761  4.71
1188  78  SER  HB2  -3.063  1.543  -15.621  3.15
1189  78  SER  HB3  -2.281  2.774  -15.069  2.81
1190  78  SER  HG  -0.891  1.25  -14.147  3.75
1191  79  GLU  N  -3.224  0.033  -11.838  109.87
1192  79  GLU  CA  -3.606  -1.272  -11.304  44.68
1193  79  GLU  C  -5.128  -1.381  -11.404  172.36
1194  79  GLU  O  -5.836  -0.346  -11.325  174.48
1195  79  GLU  CB  -3.168  -1.425  -9.845  8.21
1196  79  GLU  CG  -1.642  -1.654  -9.681  39.6
1197  79  GLU  CD  -1.24  -1.782  -8.215  179.86
1198  79  GLU  OE1  -2.151  -1.719  -7.334  2.89
1199  79  GLU  OE2  -0.027  -1.921  -7.934  38.29
1200  79  GLU  H  -2.82  0.559  -11.29  8.89
1201  79  GLU  HA  -3.17  -1.974  -11.812  119.81
1202  79  GLU  HB2  -3.424  -0.63  -9.352  55.43
1203  79  GLU  HB3  -3.645  -2.17  -9.448  8.8
1204  79  GLU  HG2  -1.383  -2.458  -10.158  5.12
1205  79  GLU  HG3  -1.159  -0.916  -10.085  3.2
1206  80  ARG  N  -5.644  -2.596  -11.556  117.28
1207  80  ARG  CA  -7.108  -2.795  -11.71  61.54
1208  80  ARG  C  -7.708  -3.511  -10.484  177.53
1209  80  ARG  O  -7.315  -4.619  -10.126  7.26
1210  80  ARG  CB  -7.441  -3.541  -13.015  36.65
1211  80  ARG  CG  -6.983  -2.788  -14.265  6.43
1212  80  ARG  CD  -7.058  -3.692  -15.461  114.27
1213  80  ARG  NE  -8.327  -3.455  -16.127  58.6
1214  80  ARG  CZ  -8.858  -4.222  -17.076  176.08
1215  80  ARG  NH1  -10.015  -3.859  -17.604  119.71
1216  80  ARG  NH2  -8.265  -5.345  -17.482  64.2
1217  80  ARG  H  -5.18  -3.32  -11.574  8.2
1218  80  ARG  HA  -7.517  -1.917  -11.765  3.93
1219  80  ARG  HB2  -7.022  -4.416  -12.998  4.43
1220  80  ARG  HB3  -8.399  -3.687  -13.064  3.77
1221  80  ARG  HG2  -7.541  -2.007  -14.404  0.85
1222  80  ARG  HG3  -6.074  -2.47  -14.146  32.24
1223  80  ARG  HD2  -6.32  -3.516  -16.066  107.57
1224  80  ARG  HD3  -6.986  -4.62  -15.189  44
1225  80  ARG  HE  -8.773  -2.76  -15.888  174.38
1226  80  ARG  HH11  -10.406  -3.142  -17.333  2.69
1227  80  ARG  HH12  -10.377  -4.339  -18.219  6.38
1228  80  ARG  HH21  -7.52  -5.59  -17.129  3.6
1229  80  ARG  HH22  -8.627  -5.824  -18.097  1.68
1230  81  TRP  N  -8.653  -2.835  -9.837  128.38
1231  81  TRP  CA  -9.255  -3.321  -8.604  52.89
1232  81  TRP  C  -10.754  -3.024  -8.71  176.41
1233  81  TRP  O  -11.244  -2.629  -9.761  123.18
1234  81  TRP  CB  -8.659  -2.584  -7.4  27.2
1235  81  TRP  CG  -7.14  -2.841  -7.157  25.53
1236  81  TRP  CD1  -6.105  -1.961  -7.367  23.7
1237  81  TRP  CD2  -6.543  -4.053  -6.674  23.5
1238  81  TRP  NE1  -4.896  -2.54  -7.005  8.16
1239  81  TRP  CE2  -5.136  -3.825  -6.585  4.93
1240  81  TRP  CE3  -7.053  -5.302  -6.287  1.82
1241  81  TRP  CZ2  -4.247  -4.803  -6.115  1.62
1242  81  TRP  CZ3  -6.169  -6.286  -5.84  0.98
1243  81  TRP  CH2  -4.774  -6.026  -5.746  112.93
1244  81  TRP  H  -8.963  -2.078  -10.104  8.41
1245  81  TRP  HA  -9.09  -4.269  -8.481  4.42
1246  81  TRP  HB2  -8.797  -1.631  -7.52  2.18
1247  81  TRP  HB3  -9.149  -2.844  -6.604  2.18
1248  81  TRP  HD1  -6.201  -1.1  -7.704  24.39
1249  81  TRP  HE1  -4.126  -2.158  -7.038  112.07
1250  81  TRP  HE3  -7.966  -5.472  -6.328  47.8
1251  81  TRP  HZ2  -3.335  -4.634  -6.054  178.18
1252  81  TRP  HZ3  -6.497  -7.123  -5.601  7.12
1253  81  TRP  HH2  -4.206  -6.691  -5.43  8.99
1254  82  ASP  N  -11.483  -3.16  -7.604  124.78
1255  82  ASP  CA  -12.859  -2.707  -7.612  56.95
1256  82  ASP  C  -12.898  -1.257  -7.105  177.67
1257  82  ASP  O  -11.873  -0.553  -7.114  53.4
1258  82  ASP  CB  -13.724  -3.683  -6.785  42.28
1259  82  ASP  CG  -13.91  -5.028  -7.472  27.7
1260  82  ASP  OD1  -13.723  -5.151  -8.718  41.1
1261  82  ASP  OD2  -14.267  -5.987  -6.756  2.27
1262  82  ASP  H  -11.207  -3.501  -6.864  8.23
1263  82  ASP  HA  -13.233  -2.706  -8.507  4.2
1264  82  ASP  HB2  -13.311  -3.821  -5.918  1.71
1265  82  ASP  HB3  -14.593  -3.283  -6.624  1.61
1266  83  ALA  N  -14.063  -0.806  -6.634  115.73
1267  83  ALA  CA  -14.219  0.553  -6.131  51.83
1268  83  ALA  C  -15.084  0.53  -4.867  175.79
1269  83  ALA  O  -16.035  -0.236  -4.786  46
1270  83  ALA  CB  -14.875  1.441  -7.188  37.74
1271  83  ALA  H  -14.78  -1.28  -6.599  8.65
1272  83  ALA  HA  -13.344  0.915  -5.922  4.96
1273  83  ALA  HB1  -14.972  2.341  -6.84  3.82
1274  83  ALA  HB2  -14.321  1.461  -7.984  3.36
1275  83  ALA  HB3  -15.749  1.085  -7.412  2.84
1276  84  TYR  N  -14.732  1.376  -3.905  121.38
1277  84  TYR  CA  -15.583  1.672  -2.741  56.85
1278  84  TYR  C  -16.071  3.098  -2.873  177.32
1279  84  TYR  O  -15.269  4.041  -2.879  40.5
1280  84  TYR  CB  -14.847  1.423  -1.398  29.43
1281  84  TYR  CG  -14.773  -0.043  -1.158  28.21
1282  84  TYR  CD1  -13.603  -0.744  -1.456  4.82
1283  84  TYR  CD2  -15.911  -0.769  -0.727  35.59
1284  84  TYR  CE1  -13.533  -2.133  -1.284  62.92
1285  84  TYR  CE2  -15.86  -2.156  -0.568  7.99
1286  84  TYR  CZ  -14.651  -2.828  -0.85  3.77
1287  84  TYR  OH  -14.561  -4.194  -0.715  8.16
1288  84  TYR  H  -13.985  1.802  -3.904  8.65
1289  84  TYR  HA  -16.342  1.068  -2.728  4.66
1290  84  TYR  HB2  -13.955  1.804  -1.428  2.04
1291  84  TYR  HB3  -15.318  1.859  -0.671  1.89
1292  84  TYR  HD1  -12.86  -0.283  -1.773  2.31
1293  84  TYR  HD2  -16.703  -0.316  -0.547  2.89
1294  84  TYR  HE1  -12.74  -2.586  -1.46  119.51
1295  84  TYR  HE2  -16.609  -2.628  -0.282  57.73
1296  84  TYR  HH  -13.925  -4.481  -1.183  111.57
1297  85  CYS  N  -17.388  3.239  -3.044  116.5
1298  85  CYS  CA  -18.029  4.523  -3.239  59.08
1299  85  CYS  C  -18.732  5.017  -1.961  174.44
1300  85  CYS  O  -19.25  4.228  -1.163  9.35
1301  85  CYS  CB  -19.103  4.425  -4.311  63.33
1302  85  CYS  SG  -18.562  3.928  -5.96  3.9
1303  85  CYS  H  -17.935  2.576  -3.049  8.59
1304  85  CYS  HA  -17.324  5.14  -3.493  4.66
1305  85  CYS  HB2  -19.774  3.793  -4.01  4.11
1306  85  CYS  HB3  -19.538  5.289  -4.383  4.11
1307  86  TYR  N  -18.798  6.335  -1.842  121.13
1308  86  TYR  CA  -19.608  7.005  -0.818  57.68
1309  86  TYR  C  -20.672  7.894  -1.48  174.51
1310  86  TYR  O  -20.349  8.807  -2.257  108.67
1311  86  TYR  CB  -18.725  7.823  0.117  31.54
1312  86  TYR  CG  -19.562  8.537  1.173  37.13
1313  86  TYR  CD1  -20.338  7.798  2.08  37.33
1314  86  TYR  CD2  -19.588  9.916  1.263  72.7
1315  86  TYR  CE1  -21.14  8.435  3.044  119.59
1316  86  TYR  CE2  -20.393  10.586  2.258  21.1
1317  86  TYR  CZ  -21.137  9.805  3.142  7.25
1318  86  TYR  OH  -21.938  10.392  4.098  5.25
1319  86  TYR  H  -18.372  6.877  -2.356  7.22
1320  86  TYR  HA  -20.059  6.328  -0.289  3.86
1321  86  TYR  HB2  -18.08  7.242  0.549  2.36
1322  86  TYR  HB3  -18.221  8.474  -0.396  1.8
1323  86  TYR  HD1  -20.321  6.869  2.043  6.93
1324  86  TYR  HD2  -19.078  10.422  0.672  114.97
1325  86  TYR  HE1  -21.672  7.929  3.615  52.2
1326  86  TYR  HE2  -20.415  11.514  2.308  173.38
1327  86  TYR  HH  -21.958  11.223  3.975  3.09
1328  87  ASN  N  -21.942  7.601  -1.198  118.01
1329  87  ASN  CA  -23.055  8.429  -1.677  54.47
1330  87  ASN  C  -24.068  8.527  -0.531  173.55
1331  87  ASN  O  -24.884  7.626  -0.396  23.5
1332  87  ASN  CB  -23.717  7.77  -2.886  31.76
1333  87  ASN  CG  -24.625  8.7  -3.65  28.88
1334  87  ASN  OD1  -25.361  9.509  -3.072  1.36
1335  87  ASN  ND2  -24.623  8.558  -4.959  0.85
1336  87  ASN  H  -22.183  6.923  -0.728  7.26
1337  87  ASN  HA  -22.739  9.306  -1.943  4.72
1338  87  ASN  HB2  -23.028  7.438  -3.483  1.32
1339  87  ASN  HB3  -24.228  7.002  -2.588  1.15
1340  87  ASN  HD21  -25.146  9.038  -5.444  7.79
1341  87  ASN  HD22  -24.098  7.986  -5.329  4.03
1342  88  PRO  N  -24.03  9.601  0.276  121.45
1343  88  PRO  CA  -24.936  9.687  1.463  54.66
1344  88  PRO  C  -26.416  9.959  1.151  175.38
1345  88  PRO  O  -26.742  10.394  0.045  174.98
1346  88  PRO  CB  -24.359  10.864  2.244  33.73
1347  88  PRO  CG  -23.81  11.766  1.178  44
1348  88  PRO  HA  -24.956  8.835  1.927  4.89
1349  88  PRO  HB2  -25.04  11.31  2.771  3.02
1350  88  PRO  HB3  -23.666  10.578  2.86  2.32
