1  1  ILE  N  -9.992  23.744  20.815  0
2  1  ILE  CA  -8.714  23.785  21.513  56.96
3  1  ILE  C  -8.501  25.178  22.004  173.62
4  1  ILE  O  -8.737  26.079  21.245  0
5  1  ILE  CB  -7.531  23.191  20.703  33.97
6  1  ILE  CG1  -6.303  22.931  21.628  29.13
7  1  ILE  CG2  -7.185  24.067  19.535  24.16
8  1  ILE  CD  -5.081  22.262  20.976  4.11
9  1  ILE  H  -10.222  22.897  20.666  3.58
10  1  ILE  H2  -10.616  24.137  21.314  2.1
11  1  ILE  H3  -9.92  24.172  20.038  3.64
12  1  ILE  HA  -8.746  23.19  22.278  1.99
13  1  ILE  HB  -7.805  22.333  20.342  3.99
14  1  ILE  HG21  -6.445  23.676  19.045  1.87
15  1  ILE  HG22  -7.954  24.145  18.949  2.08
16  1  ILE  HG23  -6.932  24.947  19.854  2.27
17  2  SER  N  -8.149  25.354  23.293  2.52
18  2  SER  CA  -8.02  26.685  23.811  57.16
19  2  SER  C  -6.752  26.842  24.595  3.91
20  2  SER  O  -5.936  25.89  24.631  1.16
21  2  SER  CB  -9.213  27.126  24.639  37.2
22  2  SER  OG  -9.351  26.228  25.737  1.89
23  2  SER  H  -7.989  24.721  23.853  0.83
24  2  SER  HA  -7.987  27.268  23.037  3.82
25  2  SER  HB2  -9.086  28.033  24.958  3.59
26  2  SER  HB3  -10.018  27.125  24.098  9.46
27  2  SER  HG  -10.007  26.459  26.207  4.73
28  3  GLY  N  -6.621  28.064  25.129  2.57
29  3  GLY  CA  -5.487  28.462  25.922  57.16
30  3  GLY  C  -5.238  27.505  27.072  21.33
31  3  GLY  O  -6.149  27.223  27.817  8.1
32  3  GLY  H  -7.207  28.685  25.03  3.6
33  3  GLY  HA2  -4.698  28.504  25.359  1.88
34  3  GLY  HA3  -5.634  29.355  26.271  2.03
35  4  GLY  N  -4.019  27.007  27.237  4.5
36  4  GLY  CA  -3.759  26.057  28.312  62.16
37  4  GLY  C  -3.756  24.597  27.886  3.74
38  4  GLY  O  -3.201  23.726  28.558  1.67
39  4  GLY  H  -3.339  27.201  26.748  1.67
40  4  GLY  HA2  -2.9  26.266  28.711  1.58
41  4  GLY  HA3  -4.429  26.178  29.003  1.58
42  5  ASP  N  -4.446  24.265  26.769  3.91
43  5  ASP  CA  -4.481  22.858  26.402  54.76
44  5  ASP  C  -3.16  22.307  25.897  115.85
45  5  ASP  O  -2.268  23.035  25.381  42.21
46  5  ASP  CB  -5.503  22.642  25.244  56.04
47  5  ASP  CG  -6.943  22.755  25.541  8.43
48  5  ASP  OD1  -7.258  22.645  26.779  4.94
49  5  ASP  OD2  -7.731  22.736  24.655  8.1
50  5  ASP  H  -4.868  24.807  26.252  4.19
51  5  ASP  HA  -4.719  22.395  27.22  2.03
52  5  ASP  HB2  -5.296  23.282  24.545  2.03
53  5  ASP  HB3  -5.347  21.759  24.875  2.41
54  6  ALA  N  -2.991  20.936  25.93  2.47
55  6  ALA  CA  -1.712  20.409  25.49  53.96
56  6  ALA  C  -1.435  20.546  24.026  1.82
57  6  ALA  O  -2.309  20.435  23.151  2.19
58  6  ALA  CB  -1.648  18.897  25.78  2.19
59  6  ALA  H  -3.574  20.359  26.188  119.8
60  6  ALA  HA  -1.058  20.935  25.977  7.52
61  6  ALA  HB1  -0.793  18.547  25.485  3.17
62  6  ALA  HB2  -1.748  18.746  26.733  43.98
63  6  ALA  HB3  -2.363  18.446  25.305  8.99
64  7  ILE  N  -0.189  20.651  23.76  8.25
65  7  ILE  CA  0.297  20.632  22.408  4.04
66  7  ILE  C  1.543  19.776  22.301  2.08
67  7  ILE  O  2.584  19.889  23.03  2.03
68  7  ILE  CB  0.445  21.979  21.659  2.36
69  7  ILE  CG1  1.527  22.782  22.373  2.44
70  7  ILE  CG2  -0.925  22.681  21.583  6.84
71  7  ILE  CD  1.827  24.203  21.87  7.46
72  7  ILE  H  0.424  20.738  24.357  5.17
73  7  ILE  HA  -0.437  20.229  21.918  2.52
74  7  ILE  HB  0.726  21.865  20.738  3.23
75  7  ILE  HG21  -0.831  23.525  21.114  120.14
76  7  ILE  HG22  -1.553  22.115  21.107  1.82
77  7  ILE  HG23  -1.255  22.846  22.48  6.94
78  8  TYR  N  1.522  18.956  21.293  8.26
79  8  TYR  CA  2.67  18.105  21.139  60.36
80  8  TYR  C  3.542  18.27  19.928  2.85
81  8  TYR  O  3.047  18.26  18.813  3.32
82  8  TYR  CB  2.142  16.694  21.04  60.6
83  8  TYR  CG  1.383  16.258  22.265  7.58
84  8  TYR  CD1  0.013  16.509  22.357  4.06
85  8  TYR  CD2  2.03  15.561  23.285  1.25
86  8  TYR  CE1  -0.705  16.08  23.475  2.03
87  8  TYR  CE2  1.331  15.161  24.424  1.59
88  8  TYR  CZ  -0.038  15.367  24.474  8.22
89  8  TYR  OH  -0.742  14.909  25.565  4.8
90  8  TYR  H  0.894  18.872  20.712  3.73
91  8  TYR  HA  3.232  18.335  21.896  3.27
92  8  TYR  HB2  1.562  16.626  20.266  8.71
93  8  TYR  HB3  2.884  16.087  20.893  54.68
94  8  TYR  HD1  -0.423  16.963  21.672  118.88
95  8  TYR  HD2  2.935  15.361  23.205  4.05
96  8  TYR  HE1  -1.613  16.266  23.553  9.23
97  8  TYR  HE2  1.776  14.763  25.137  4.64
98  8  TYR  HH  -0.222  14.5  26.082  8.57
99  9  SER  N  4.819  18.248  20.129  9.5
100  9  SER  CA  5.725  18.349  19.009  52.66
101  9  SER  C  6.52  17.097  18.874  4.03
102  9  SER  O  6.261  16.149  19.562  4.35
103  9  SER  CB  6.628  19.535  19.122  58.94
104  9  SER  OG  7.618  19.213  20.119  6.95
105  9  SER  H  5.194  18.176  20.899  8.43
106  9  SER  HA  5.189  18.472  18.21  4.24
107  9  SER  HB2  7.049  19.729  18.27  2.97
108  9  SER  HB3  6.127  20.325  19.378  2.86
109  9  SER  HG  8.346  19.581  19.92  7.26
110  10  SER  N  7.531  17.069  18  7.26
111  10  SER  CA  8.238  15.82  17.897  54.26
112  10  SER  C  9.062  15.484  19.142  6.91
113  10  SER  O  9.356  14.346  19.438  7.39
114  10  SER  CB  9.146  15.753  16.657  36.3
115  10  SER  OG  10.19  16.731  16.752  4.02
116  10  SER  H  7.799  17.714  17.499  3.85
117  10  SER  HA  7.537  15.155  17.81  9.6
118  10  SER  HB2  9.531  14.866  16.578  4.08
119  10  SER  HB3  8.622  15.907  15.856  1.62
120  10  SER  HG  10.68  16.685  16.071  1.77
121  11  THR  N  9.511  16.529  19.787  40.16
122  11  THR  CA  10.376  16.502  20.937  55.16
123  11  THR  C  9.692  16.24  22.253  6.94
124  11  THR  O  10.24  15.49  23.056  3.87
125  11  THR  CB  10.986  17.89  21.013  8.59
126  11  THR  OG1  9.922  18.861  21.01  7.78
127  11  THR  CG2  11.9  18.019  19.779  4.32
128  11  THR  H  9.306  17.33  19.55  1.53
129  11  THR  HA  11.004  15.772  20.817  4.04
130  11  THR  HB  11.504  18.038  21.82  3.95
131  11  THR  HG1  9.183  18.467  20.947  4.39
132  11  THR  HG21  12.319  18.894  19.777  2.02
133  11  THR  HG22  12.585  17.333  19.81  8.46
134  11  THR  HG23  11.372  17.912  18.972  3.96
135  12  GLY  N  8.529  16.88  22.504  7.88
136  12  GLY  CA  7.845  16.642  23.763  62.06
137  12  GLY  C  6.53  17.341  23.825  2.94
138  12  GLY  O  5.927  17.599  22.788  9.62
139  12  GLY  H  8.143  17.433  21.971  4.86
140  12  GLY  HA2  7.71  15.689  23.881  2.84
141  12  GLY  HA3  8.405  16.942  24.496  3.13
142  13  ARG  N  6.138  17.732  25.037  3.62
143  13  ARG  CA  4.878  18.448  25.265  23.72
144  13  ARG  C  4.973  19.883  25.838  8.85
145  13  ARG  O  5.737  20.208  26.735  4.58
146  13  ARG  CB  3.947  17.615  26.094  2.9
147  13  ARG  CG  2.681  18.389  26.466  2.9
148  13  ARG  CD  1.56  17.559  27.085  8.7
149  13  ARG  NE  2.035  16.699  28.154  4.55
150  13  ARG  CZ  1.883  16.987  29.462  3.95
151  13  ARG  NH1  1.249  18.076  29.931  4.25
152  13  ARG  NH2  2.398  16.176  30.345  2.63
153  13  ARG  H  6.594  17.59  25.752  7.79
154  13  ARG  HA  4.529  18.584  24.37  3.56
155  13  ARG  HB2  3.705  16.814  25.604  1.45
156  13  ARG  HB3  4.401  17.328  26.902  1.74
157  13  ARG  HG2  2.922  19.093  27.088  55.1
158  13  ARG  HG3  2.339  18.821  25.668  4.09
159  13  ARG  HD2  0.875  18.152  27.431  9.03
160  13  ARG  HD3  1.145  17.016  26.397  4.8
161  13  ARG  HE  2.434  15.968  27.942  8.57
162  13  ARG  HH11  0.908  18.644  29.383  3.8
163  13  ARG  HH12  1.185  18.204  30.779  1.3
164  13  ARG  HH21  2.824  15.475  30.088  1.37
165  13  ARG  HH22  2.311  16.343  31.184  1.37
166  14  CYS  N  4.086  20.738  25.352  2.89
167  14  CYS  CA  3.957  22.103  25.77  46.76
168  14  CYS  C  2.475  22.444  25.947  8.57
169  14  CYS  O  1.599  21.586  25.955  3.72
170  14  CYS  CB  4.672  23.081  24.791  32.78
171  14  CYS  SG  6.441  22.888  25.003  35.58
172  14  CYS  H  3.521  20.519  24.742  105.51
173  14  CYS  HA  4.402  22.211  26.625  7.73
174  14  CYS  HB2  4.418  22.889  23.875  3.37
175  14  CYS  HB3  4.407  23.996  24.973  1.97
176  15  SER  N  2.172  23.722  26.221  7.94
177  15  SER  CA  0.833  24.139  26.441  51.36
178  15  SER  C  0.477  25.221  25.438  4.62
179  15  SER  O  1.347  25.965  25.048  120.48
180  15  SER  CB  0.642  24.501  27.949  2.14
181  15  SER  OG  0.703  23.256  28.735  2.14
182  15  SER  H  2.755  24.352  26.279  1.62
183  15  SER  HA  0.193  23.429  26.278  8.33
184  15  SER  HB2  1.333  25.118  28.239  7.43
185  15  SER  HB3  -0.21  24.945  28.085  4.12
186  15  SER  HG  1.506  23.039  28.855  2.95
187  16  LEU  N  -0.734  25.256  24.817  2.85
188  16  LEU  CA  -1.021  26.305  23.87  59.66
189  16  LEU  C  -1.247  27.646  24.6  7
190  16  LEU  O  -1.886  27.605  25.646  6.78
191  16  LEU  CB  -2.362  26.002  23.194  6.78
192  16  LEU  CG  -2.679  27.021  22.064  1.29
193  16  LEU  CD1  -3.653  26.18  21.174  1.53
194  16  LEU  CD2  -3.495  28.193  22.591  0.85
195  16  LEU  H  -1.368  24.689  24.942  7.29
196  16  LEU  HA  -0.278  26.356  23.248  4.98
197  16  LEU  HB2  -2.344  25.105  22.825  6.64
198  16  LEU  HB3  -3.07  26.022  23.856  3.53
199  16  LEU  HG  -1.881  27.375  21.642  0.98
200  16  LEU  HD11  -3.935  26.71  20.413  3.05
201  16  LEU  HD12  -3.198  25.382  20.861  3.05
202  16  LEU  HD13  -4.43  25.925  21.696  7.5
203  16  LEU  HD21  -3.678  28.812  21.867  3.95
204  16  LEU  HD22  -4.332  27.866  22.956  1.99
205  16  LEU  HD23  -2.995  28.649  23.286  2.34
206  17  GLY  N  -0.681  28.763  24.151  2.4
207  17  GLY  CA  -0.804  30.016  24.861  2.4
208  17  GLY  C  -2.102  30.722  24.572  7.01
209  17  GLY  O  -3.02  30.812  25.384  7.44
210  17  GLY  H  -0.218  28.809  23.428  2
211  17  GLY  HA2  -0.735  29.851  25.814  7.38
212  17  GLY  HA3  -0.064  30.595  24.619  4.07
213  18  PHE  N  -2.152  31.381  23.453  4.1
214  18  PHE  CA  -3.407  32.017  23.074  1.51
215  18  PHE  C  -3.682  31.808  21.586  1.73
216  18  PHE  O  -2.705  31.772  20.824  110.09
217  18  PHE  CB  -3.35  33.538  23.296  1.22
218  18  PHE  CG  -3.079  34.01  24.698  8.02
219  18  PHE  CD1  -4.118  34.164  25.613  4.12
220  18  PHE  CD2  -1.779  34.337  25.098  1.52
221  18  PHE  CE1  -3.871  34.657  26.896  1.88
222  18  PHE  CE2  -1.528  34.897  26.348  1.7
223  18  PHE  CZ  -2.574  35.005  27.271  4.3
224  18  PHE  H  -1.5  31.48  22.902  0.93
225  18  PHE  HA  -4.099  31.617  23.623  1.79
226  18  PHE  HB2  -2.663  33.902  22.716  2.84
227  18  PHE  HB3  -4.195  33.917  23.008  117.56
228  18  PHE  HD1  -4.985  33.936  25.367  8.48
229  18  PHE  HD2  -1.069  34.177  24.518  7.34
230  18  PHE  HE1  -4.571  34.753  27.5  55.93
231  18  PHE  HE2  -0.675  35.196  26.567  2
232  18  PHE  HZ  -2.404  35.309  28.134  1.38
233  19  ASN  N  -4.973  31.771  21.178  8.06
234  19  ASN  CA  -5.414  31.765  19.771  4.07
235  19  ASN  C  -5.459  33.181  19.256  2.86
236  19  ASN  O  -5.98  34.042  19.891  2.46
237  19  ASN  CB  -6.73  31.042  19.531  120.02
238  19  ASN  CG  -6.558  29.529  19.645  8
239  19  ASN  OD1  -5.554  28.984  19.238  4.16
240  19  ASN  ND2  -7.535  28.86  20.204  2.03
241  19  ASN  H  -5.629  31.748  21.733  2.08
242  19  ASN  HA  -4.76  31.251  19.272  2.28
243  19  ASN  HB2  -7.39  31.344  20.174  2.53
244  19  ASN  HB3  -7.069  31.266  18.65  3.94
245  19  ASN  HD21  -7.477  28.007  20.292  4.12
246  19  ASN  HD22  -8.235  29.274  20.483  8.46
247  20  VAL  N  -4.77  33.419  18.19  117.4
248  20  VAL  CA  -4.604  34.716  17.593  54.96
249  20  VAL  C  -4.876  34.678  16.085  3.92
250  20  VAL  O  -5.093  33.634  15.444  41.27
251  20  VAL  CB  -3.302  35.448  17.93  25.04
252  20  VAL  CG1  -2.928  35.4  19.422  7.38
253  20  VAL  CG2  -2.181  34.852  17.132  4.44
254  20  VAL  H  -4.357  32.798  17.761  2.5
255  20  VAL  HA  -5.283  35.263  18.018  2.57
256  20  VAL  HB  -3.446  36.381  17.706  6.5
257  20  VAL  HG11  -2.097  35.881  19.563  7.12
258  20  VAL  HG12  -3.633  35.812  19.946  3.9
259  20  VAL  HG13  -2.818  34.477  19.699  4.01
260  20  VAL  HG21  -1.354  35.313  17.342  61.64
261  20  VAL  HG22  -2.092  33.911  17.351  111.42
262  20  VAL  HG23  -2.372  34.946  16.186  7.61
